600 7188

1 4
1 11
1 18
1 20
1 22
1 38
1 93
1 96
1 97
1 98
1 100
1 103
1 105
1 108
1 110
1 122
1 301
1 302
1 317
1 339
1 386
1 388
1 389
1 390
1 393
1 395
1 398
1 400
1 442
1 504
2 3
2 4
2 5
2 11
2 18
2 20
2 93
2 94
2 95
2 96
2 97
2 98
2 99
2 100
2 101
2 103
2 104
2 105
2 108
2 110
2 298
2 300
2 301
2 302
2 303
2 304
2 305
2 317
2 321
2 332
2 384
2 385
2 386
2 387
2 388
2 389
2 390
2 391
2 392
2 393
2 395
2 398
2 400
2 407
2 415
2 419
2 487
2 489
2 504
2 579
2 586
3 6
3 8
3 12
3 16
3 19
3 96
3 301
3 303
3 307
3 332
3 390
3 392
3 393
4 11
4 18
4 20
4 21
4 36
4 38
4 93
4 94
4 96
4 97
4 98
4 99
4 100
4 101
4 102
4 103
4 104
4 105
4 108
4 110
4 120
4 122
4 302
4 304
4 305
4 317
4 321
4 332
4 335
4 336
4 339
4 386
4 388
4 389
4 390
4 391
4 393
4 395
4 398
4 400
4 415
4 419
4 504
5 7
5 19
5 20
5 23
5 52
5 304
5 305
5 470
6 12
6 303
6 304
6 307
7 24
7 25
7 29
7 174
7 214
7 235
7 306
7 309
7 312
7 329
7 550
8 12
8 311
9 13
9 17
9 181
9 199
9 310
9 366
10 25
10 73
10 80
10 81
10 137
10 153
10 173
10 185
10 325
11 18
11 20
11 21
11 38
11 93
11 94
11 95
11 96
11 97
11 98
11 99
11 100
11 101
11 103
11 104
11 105
11 107
11 108
11 110
11 118
11 120
11 122
11 160
11 189
11 221
11 298
11 300
11 301
11 302
11 303
11 304
11 305
11 317
11 321
11 335
11 384
11 385
11 386
11 387
11 388
11 389
11 390
11 391
11 392
11 393
11 394
11 395
11 397
11 398
11 400
11 401
11 407
11 415
11 419
11 489
11 500
11 504
11 530
11 580
11 586
11 595
12 16
12 19
12 303
12 304
12 306
12 307
12 311
12 314
12 315
12 316
12 319
12 390
12 526
13 17
13 79
13 84
13 181
13 433
13 590
14 29
14 306
14 312
15 313
15 314
15 316
16 19
16 20
16 24
16 29
16 68
16 306
16 307
16 312
16 315
16 316
16 318
16 319
16 320
16 331
16 457
17 19
17 29
17 306
17 318
17 331
17 334
18 20
18 93
18 98
18 100
18 101
18 105
18 108
18 110
18 183
18 252
18 293
18 302
18 304
18 317
18 321
18 388
18 389
18 390
18 393
18 395
18 398
18 400
18 488
18 504
18 559
19 20
19 21
19 24
19 29
19 30
19 32
19 35
19 37
19 306
19 312
19 318
19 320
19 331
19 334
19 336
19 392
19 470
20 21
20 37
20 38
20 93
20 94
20 96
20 97
20 98
20 100
20 101
20 102
20 103
20 104
20 105
20 108
20 110
20 122
20 301
20 302
20 303
20 304
20 305
20 317
20 320
20 321
20 331
20 332
20 336
20 386
20 388
20 389
20 390
20 391
20 392
20 393
20 395
20 398
20 400
20 415
20 504
20 535
21 35
21 36
21 37
21 38
21 96
21 97
21 100
21 102
21 103
21 104
21 105
21 122
21 317
21 318
21 320
21 321
21 331
21 335
21 336
21 339
21 389
21 390
21 391
21 393
21 395
21 398
21 400
21 402
21 415
21 440
21 459
22 28
22 134
22 327
22 436
22 442
23 25
23 84
23 86
23 87
23 126
23 132
23 139
23 325
23 341
23 415
23 426
23 458
24 27
24 29
24 30
24 32
24 84
24 306
24 309
24 312
24 313
24 331
24 457
24 582
25 31
25 73
25 80
25 81
25 166
25 173
25 185
25 235
25 241
25 325
25 329
25 369
25 546
26 563
28 34
28 134
28 140
28 291
28 326
28 327
28 379
29 30
29 32
29 174
29 205
29 226
29 306
29 309
29 312
29 318
29 331
29 495
29 496
29 507
29 519
29 533
29 540
29 550
30 31
30 32
30 35
30 36
30 38
30 284
30 306
30 309
30 312
30 329
30 330
30 331
30 333
30 335
30 336
30 440
30 446
30 582
31 32
31 34
31 35
31 36
31 37
31 38
31 141
31 309
31 312
31 327
31 328
31 329
31 330
31 331
31 333
31 335
31 336
31 415
31 434
31 437
31 446
31 447
31 448
31 582
32 34
32 35
32 36
32 37
32 38
32 306
32 309
32 312
32 318
32 320
32 324
32 328
32 329
32 330
32 331
32 333
32 334
32 335
32 336
33 34
33 230
33 237
33 284
33 285
33 286
33 287
33 583
33 584
34 35
34 36
34 38
34 284
34 285
34 286
34 287
34 290
34 291
34 327
34 332
34 333
34 335
34 339
34 364
34 535
34 579
34 584
35 36
35 37
35 38
35 309
35 312
35 318
35 320
35 327
35 328
35 329
35 330
35 331
35 333
35 334
35 335
35 336
35 404
35 530
36 38
36 160
36 327
36 332
36 333
36 335
36 336
36 339
36 415
37 38
37 102
37 105
37 318
37 320
37 330
37 331
37 335
37 336
38 96
38 100
38 102
38 103
38 104
38 105
38 122
38 141
38 148
38 150
38 160
38 221
38 320
38 327
38 329
38 330
38 331
38 332
38 333
38 335
38 336
38 339
38 389
38 391
38 393
38 395
38 398
38 400
38 403
38 404
38 415
38 421
38 424
38 434
38 437
38 439
38 444
38 447
38 530
38 535
38 579
39 41
39 42
39 43
39 44
39 46
39 47
39 48
39 49
39 52
39 54
39 55
39 78
39 79
39 82
39 83
39 85
39 86
39 89
39 95
39 113
39 115
39 117
39 118
39 123
39 184
39 289
39 337
39 338
39 342
39 343
39 344
39 346
39 347
39 348
39 350
39 357
39 367
39 371
39 381
39 384
39 387
39 409
39 410
39 411
39 413
39 416
39 435
39 583
39 584
40 133
41 42
41 43
41 44
41 46
41 47
41 48
41 49
41 54
41 89
41 338
41 342
41 343
41 344
41 346
41 347
41 348
41 350
41 357
41 371
41 382
41 410
41 416
42 43
42 47
42 48
42 285
42 338
42 340
42 342
42 343
42 347
42 348
42 371
42 410
43 47
43 48
43 49
43 56
43 60
43 64
43 82
43 89
43 338
43 344
43 347
43 348
43 371
43 373
43 377
43 378
43 405
43 410
43 583
44 47
44 48
44 49
44 54
44 150
44 341
44 342
44 344
44 345
44 357
44 359
44 416
45 307
46 47
46 48
46 54
46 236
46 285
46 342
46 343
46 346
46 347
46 411
46 473
46 549
46 583
47 48
47 49
47 52
47 54
47 55
47 89
47 236
47 338
47 342
47 343
47 344
47 346
47 347
47 348
47 357
47 371
47 410
47 416
47 583
48 49
48 52
48 54
48 55
48 65
48 66
48 86
48 89
48 117
48 338
48 342
48 343
48 344
48 346
48 347
48 348
48 357
48 371
48 410
48 411
48 413
49 54
49 56
49 88
49 89
49 90
49 141
49 150
49 341
49 342
49 344
49 346
49 347
49 348
49 350
49 357
49 358
49 371
49 416
50 53
50 60
50 83
50 225
50 351
50 352
50 358
50 367
50 381
50 418
50 445
51 62
51 345
52 55
52 57
52 65
52 94
52 95
52 117
52 118
52 120
52 123
52 124
52 287
52 344
52 348
52 357
52 387
52 409
52 410
52 411
52 413
52 415
52 416
52 440
52 505
52 583
52 584
53 60
53 64
53 83
53 112
53 129
53 132
53 133
53 141
53 150
53 341
53 351
53 353
53 359
53 367
53 369
53 374
53 375
53 376
53 377
53 378
53 403
53 405
53 412
53 421
53 422
53 424
53 426
53 430
53 434
53 437
53 445
53 446
53 447
53 461
54 79
54 123
54 342
54 344
54 346
54 347
54 348
54 350
54 357
54 410
54 416
54 596
55 57
55 64
55 83
55 85
55 113
55 115
55 116
55 117
55 118
55 119
55 120
55 123
55 130
55 147
55 337
55 338
55 340
55 344
55 347
55 348
55 350
55 357
55 358
55 367
55 371
55 373
55 381
55 384
55 387
55 409
55 410
55 411
55 412
55 413
55 416
55 423
55 430
55 534
55 579
55 580
55 581
55 584
56 345
57 63
57 65
57 79
57 86
57 89
57 95
57 113
57 119
57 123
57 124
57 147
57 300
57 337
57 344
57 348
57 357
57 358
57 381
57 384
57 387
57 396
57 397
57 406
57 408
57 410
57 411
57 416
57 417
57 418
57 435
57 461
57 467
57 487
57 489
57 500
57 505
57 581
57 586
57 596
58 60
58 61
58 352
58 353
58 354
58 355
58 356
58 440
59 62
59 127
59 296
60 61
60 64
60 82
60 83
60 129
60 348
60 351
60 352
60 353
60 354
60 356
60 358
60 359
60 367
60 369
60 370
60 371
60 372
60 373
60 375
60 376
60 403
60 405
60 409
60 412
60 421
60 422
60 423
60 430
60 434
60 445
60 534
60 580
61 352
61 353
61 354
61 355
61 356
61 359
61 373
61 429
61 431
62 63
62 66
62 139
62 155
62 544
62 597
63 66
63 152
63 357
63 358
64 82
64 83
64 88
64 113
64 116
64 117
64 118
64 121
64 129
64 130
64 141
64 147
64 150
64 188
64 225
64 337
64 338
64 340
64 344
64 348
64 351
64 352
64 353
64 358
64 359
64 367
64 371
64 373
64 374
64 375
64 376
64 378
64 403
64 405
64 409
64 410
64 412
64 413
64 414
64 421
64 422
64 423
64 430
64 434
64 445
64 461
64 534
64 580
65 123
65 583
66 95
66 100
66 362
66 363
66 385
67 96
67 303
67 363
67 386
67 595
68 177
68 362
69 479
70 368
70 598
71 72
71 74
71 76
71 77
71 79
71 81
71 82
71 88
71 364
71 369
71 370
71 372
71 421
71 422
71 433
71 434
71 446
72 74
72 76
72 81
72 82
72 132
72 364
72 369
72 370
72 372
72 415
72 421
72 445
72 446
73 81
73 137
73 139
73 185
73 228
73 325
73 369
73 370
73 472
73 482
73 484
73 585
74 77
74 79
74 84
74 370
74 372
74 381
74 421
74 422
74 433
74 446
74 597
75 78
75 79
75 82
75 284
75 338
75 344
75 347
75 366
75 371
75 373
75 381
75 429
75 430
75 431
75 433
75 565
75 582
76 81
76 300
76 369
76 370
76 372
76 421
76 597
77 79
77 84
77 152
77 297
77 366
77 433
77 459
77 585
77 596
77 597
78 82
78 85
78 95
78 97
78 135
78 284
78 298
78 344
78 364
78 371
78 372
78 381
78 402
78 433
79 84
79 86
79 88
79 89
79 139
79 152
79 181
79 341
79 344
79 347
79 348
79 357
79 358
79 366
79 367
79 371
79 381
79 410
79 433
79 435
79 446
79 585
80 81
80 132
80 137
80 166
80 185
80 227
80 325
80 369
80 484
81 137
81 139
81 185
81 227
81 325
81 341
81 369
81 370
81 484
82 83
82 88
82 129
82 135
82 141
82 150
82 339
82 344
82 347
82 348
82 353
82 364
82 365
82 367
82 368
82 371
82 372
82 373
82 375
82 381
82 403
82 405
82 409
82 415
82 421
82 422
82 429
82 430
82 431
82 434
82 445
82 584
83 85
83 88
83 113
83 115
83 129
83 130
83 135
83 138
83 141
83 150
83 338
83 344
83 347
83 348
83 353
83 367
83 371
83 372
83 373
83 374
83 375
83 376
83 378
83 381
83 403
83 405
83 409
83 412
83 420
83 421
83 422
83 423
83 429
83 430
83 431
83 434
83 435
83 437
83 444
83 445
83 446
83 584
84 85
84 86
84 87
84 88
84 378
84 380
84 381
84 387
84 433
84 435
84 446
84 473
84 582
85 113
85 115
85 130
85 289
85 337
85 344
85 347
85 348
85 357
85 367
85 381
85 409
85 410
85 416
85 430
85 433
85 435
85 446
85 500
85 579
85 581
85 584
86 87
86 88
86 89
86 117
86 184
86 337
86 344
86 348
86 357
86 367
86 378
86 380
86 381
86 410
86 411
86 416
86 435
86 487
86 582
86 585
87 88
87 126
87 377
87 378
87 380
87 381
88 89
88 96
88 97
88 113
88 117
88 118
88 123
88 126
88 129
88 130
88 141
88 150
88 300
88 337
88 341
88 344
88 348
88 358
88 367
88 372
88 374
88 375
88 378
88 381
88 387
88 401
88 402
88 403
88 405
88 406
88 409
88 412
88 413
88 415
88 421
88 422
88 423
88 424
88 426
88 430
88 431
88 434
88 435
88 437
88 440
88 444
88 446
88 461
88 580
88 582
89 95
89 337
89 338
89 342
89 344
89 346
89 347
89 348
89 357
89 410
89 413
89 435
90 122
90 126
90 127
90 151
90 296
90 341
91 377
91 379
91 380
92 187
92 260
93 94
93 95
93 96
93 97
93 98
93 100
93 101
93 103
93 104
93 105
93 108
93 110
93 301
93 302
93 303
93 305
93 317
93 321
93 384
93 386
93 389
93 390
93 391
93 393
93 395
93 398
93 400
93 407
93 411
93 487
94 95
94 96
94 97
94 98
94 99
94 100
94 101
94 103
94 104
94 105
94 107
94 108
94 113
94 117
94 118
94 120
94 122
94 123
94 124
94 188
94 189
94 221
94 298
94 300
94 301
94 302
94 303
94 305
94 317
94 321
94 332
94 335
94 337
94 384
94 385
94 386
94 387
94 388
94 389
94 390
94 391
94 392
94 393
94 394
94 395
94 396
94 397
94 398
94 400
94 401
94 407
94 409
94 410
94 411
94 413
94 415
94 489
94 500
94 504
94 530
94 534
94 579
94 580
94 584
94 586
94 595
95 96
95 97
95 99
95 100
95 101
95 104
95 107
95 111
95 113
95 115
95 117
95 118
95 120
95 123
95 184
95 188
95 189
95 289
95 298
95 300
95 301
95 337
95 344
95 384
95 385
95 386
95 387
95 391
95 392
95 393
95 394
95 396
95 397
95 398
95 402
95 407
95 409
95 410
95 411
95 413
95 416
95 435
95 487
95 489
95 500
95 534
95 579
95 581
95 584
95 586
95 595
96 97
96 98
96 99
96 100
96 101
96 103
96 104
96 105
96 108
96 110
96 118
96 120
96 122
96 123
96 188
96 298
96 300
96 301
96 302
96 303
96 304
96 305
96 317
96 321
96 332
96 336
96 339
96 364
96 372
96 384
96 385
96 386
96 387
96 389
96 390
96 391
96 392
96 393
96 395
96 397
96 398
96 400
96 401
96 402
96 407
96 413
96 415
96 419
96 421
96 500
96 504
96 579
96 582
97 98
97 99
97 100
97 101
97 103
97 104
97 105
97 106
97 107
97 108
97 110
97 113
97 117
97 118
97 120
97 122
97 123
97 129
97 188
97 189
97 225
97 298
97 300
97 301
97 303
97 317
97 332
97 337
97 344
97 358
97 372
97 381
97 384
97 385
97 386
97 387
97 388
97 389
97 390
97 391
97 392
97 393
97 394
97 395
97 397
97 398
97 400
97 401
97 402
97 407
97 409
97 410
97 411
97 413
97 415
97 419
97 421
97 423
97 430
97 435
97 436
97 442
97 487
97 489
97 500
97 502
97 504
97 505
97 530
97 534
97 579
97 580
97 584
97 586
97 595
98 99
98 100
98 101
98 103
98 104
98 105
98 108
98 110
98 120
98 122
98 186
98 301
98 302
98 303
98 317
98 321
98 384
98 386
98 388
98 389
98 390
98 391
98 393
98 395
98 398
98 400
98 504
99 100
99 101
99 103
99 104
99 105
99 106
99 107
99 108
99 110
99 113
99 117
99 118
99 120
99 122
99 123
99 129
99 160
99 188
99 189
99 195
99 204
99 221
99 225
99 283
99 298
99 300
99 301
99 317
99 337
99 384
99 385
99 386
99 387
99 388
99 389
99 390
99 391
99 393
99 394
99 395
99 398
99 400
99 401
99 403
99 406
99 407
99 409
99 415
99 419
99 421
99 423
99 424
99 439
99 442
99 447
99 489
99 500
99 502
99 504
99 505
99 516
99 530
99 534
99 579
99 580
99 586
99 594
99 595
99 597
100 101
100 103
100 104
100 105
100 108
100 110
100 118
100 120
100 122
100 189
100 298
100 300
100 301
100 302
100 303
100 304
100 317
100 321
100 336
100 339
100 384
100 385
100 386
100 387
100 388
100 389
100 390
100 391
100 393
100 395
100 398
100 400
100 401
100 402
100 407
100 411
100 413
100 415
100 419
100 487
100 504
100 580
100 586
100 595
101 103
101 104
101 105
101 107
101 108
101 110
101 111
101 118
101 120
101 122
101 123
101 184
101 189
101 298
101 301
101 302
101 317
101 321
101 384
101 385
101 386
101 387
101 388
101 389
101 390
101 391
101 392
101 393
101 394
101 395
101 396
101 398
101 400
101 401
101 407
101 411
101 487
101 489
101 500
101 504
101 586
101 595
102 317
102 331
102 336
103 104
103 105
103 106
103 108
103 110
103 118
103 120
103 122
103 189
103 317
103 321
103 336
103 339
103 384
103 385
103 386
103 389
103 390
103 391
103 393
103 395
103 398
103 400
103 401
103 407
103 413
103 415
103 580
104 105
104 107
104 108
104 110
104 111
104 117
104 118
104 120
104 122
104 188
104 189
104 298
104 300
104 301
104 302
104 303
104 317
104 321
104 322
104 332
104 339
104 384
104 385
104 386
104 387
104 388
104 389
104 390
104 391
104 392
104 393
104 395
104 398
104 400
104 401
104 402
104 407
104 409
104 411
104 413
104 415
104 419
104 500
104 504
104 580
104 586
105 108
105 110
105 117
105 118
105 120
105 122
105 129
105 160
105 189
105 298
105 300
105 301
105 302
105 303
105 304
105 317
105 321
105 322
105 332
105 335
105 336
105 339
105 384
105 385
105 386
105 387
105 388
105 389
105 390
105 391
105 392
105 393
105 395
105 398
105 400
105 401
105 402
105 403
105 407
105 413
105 415
105 419
105 421
105 423
105 424
105 444
105 447
105 500
105 504
105 579
105 580
106 107
106 113
106 117
106 118
106 119
106 120
106 121
106 122
106 123
106 129
106 147
106 188
106 189
106 196
106 223
106 225
106 228
106 282
106 283
106 300
106 384
106 386
106 387
106 391
106 397
106 399
106 401
106 403
106 406
106 407
106 409
106 412
106 413
106 417
106 423
106 424
106 443
106 461
106 489
106 497
106 500
106 534
106 579
106 580
106 581
106 584
106 586
107 108
107 109
107 110
107 111
107 113
107 115
107 116
107 117
107 118
107 120
107 121
107 123
107 184
107 189
107 192
107 194
107 195
107 198
107 200
107 201
107 215
107 221
107 223
107 282
107 337
107 384
107 386
107 387
107 392
107 393
107 394
107 396
107 397
107 398
107 407
107 410
107 411
107 413
107 489
107 499
107 500
107 502
107 503
107 530
107 579
108 110
108 111
108 118
108 120
108 122
108 189
108 299
108 301
108 302
108 305
108 317
108 321
108 384
108 386
108 388
108 389
108 390
108 391
108 393
108 395
108 398
108 400
108 401
108 407
108 419
108 504
109 111
109 114
109 115
109 116
109 121
109 143
109 146
109 154
109 167
109 189
109 191
109 192
109 193
109 194
109 197
109 198
109 200
109 201
109 202
109 207
109 211
109 215
109 221
109 222
109 223
109 282
109 394
109 499
109 501
110 118
110 120
110 122
110 301
110 302
110 303
110 304
110 317
110 321
110 384
110 386
110 388
110 389
110 390
110 391
110 393
110 395
110 398
110 400
110 401
110 419
110 504
111 116
111 117
111 118
111 120
111 187
111 188
111 189
111 276
111 282
111 295
111 340
111 384
111 393
111 411
111 413
112 113
112 114
112 129
112 130
112 133
112 150
112 160
112 225
112 374
112 376
112 403
112 404
112 406
112 412
112 420
112 421
112 422
112 423
112 424
112 426
112 428
112 430
112 434
112 437
112 439
112 444
112 447
112 461
112 534
112 579
113 114
113 115
113 116
113 117
113 118
113 119
113 123
113 129
113 130
113 147
113 188
113 199
113 225
113 282
113 337
113 338
113 340
113 344
113 348
113 353
113 367
113 373
113 375
113 376
113 378
113 381
113 384
113 387
113 397
113 399
113 403
113 404
113 405
113 406
113 409
113 410
113 412
113 413
113 417
113 418
113 421
113 422
113 423
113 424
113 430
113 431
113 434
113 435
113 439
113 445
113 461
113 500
113 530
113 534
113 579
113 580
114 115
114 116
114 119
114 131
114 149
114 191
114 192
114 194
114 198
114 200
114 207
114 223
114 225
114 280
114 282
114 295
114 399
114 404
114 461
114 491
115 116
115 117
115 130
115 149
115 188
115 194
115 221
115 225
115 282
115 337
115 338
115 340
115 344
115 348
115 350
115 375
115 384
115 406
115 409
115 410
115 416
115 423
115 435
115 461
115 500
115 534
115 580
116 117
116 118
116 119
116 121
116 149
116 188
116 189
116 191
116 192
116 194
116 198
116 200
116 221
116 223
116 282
116 337
116 340
116 387
116 396
116 397
116 399
116 406
116 410
116 461
116 534
117 118
117 120
117 121
117 123
117 129
117 141
117 188
117 189
117 282
117 337
117 340
117 344
117 348
117 367
117 381
117 384
117 386
117 387
117 391
117 398
117 400
117 401
117 403
117 409
117 410
117 411
117 413
117 422
117 423
117 435
117 500
117 534
117 580
118 120
118 121
118 122
118 123
118 129
118 160
118 188
118 189
118 298
118 300
118 337
118 344
118 348
118 384
118 385
118 386
118 387
118 388
118 389
118 391
118 393
118 395
118 398
118 400
118 401
118 403
118 409
118 410
118 411
118 413
118 415
118 419
118 421
118 422
118 423
118 500
118 504
118 534
118 580
118 584
118 586
119 121
119 123
119 125
119 129
119 147
119 149
119 153
119 188
119 194
119 195
119 196
119 221
119 223
119 224
119 225
119 282
119 295
119 387
119 397
119 399
119 404
119 406
119 412
119 417
119 418
119 423
119 424
119 461
119 467
119 498
119 505
119 509
119 515
119 531
119 534
119 580
119 581
119 596
119 597
120 121
120 123
120 188
120 189
120 200
120 384
120 386
120 387
120 390
120 391
120 392
120 393
120 395
120 398
120 400
120 401
120 409
120 411
120 413
120 502
120 579
121 123
121 147
121 189
121 194
121 223
121 282
121 300
121 387
121 397
121 399
121 412
121 413
121 489
121 502
121 534
121 581
121 595
122 123
122 126
122 151
122 160
122 189
122 221
122 283
122 296
122 298
122 300
122 317
122 336
122 384
122 386
122 387
122 388
122 389
122 390
122 391
122 393
122 395
122 397
122 398
122 400
122 401
122 403
122 413
122 415
122 421
122 423
122 424
122 439
122 442
122 500
122 504
122 530
122 534
122 579
122 580
123 124
123 147
123 189
123 195
123 199
123 282
123 283
123 289
123 298
123 300
123 337
123 344
123 348
123 350
123 357
123 358
123 384
123 387
123 392
123 393
123 394
123 396
123 397
123 399
123 401
123 406
123 407
123 408
123 409
123 410
123 411
123 413
123 415
123 416
123 417
123 418
123 419
123 423
123 435
123 439
123 461
123 467
123 489
123 497
123 498
123 500
123 502
123 503
123 504
123 505
123 516
123 530
123 534
123 579
123 580
123 581
123 583
123 584
123 586
123 596
123 597
124 125
124 300
124 387
124 396
124 416
124 417
124 418
124 505
124 586
124 595
125 147
125 149
125 152
125 153
125 195
125 196
125 223
125 224
125 225
125 274
125 282
125 399
125 417
125 418
125 461
125 467
125 505
125 515
125 596
125 597
126 141
126 150
126 374
126 377
126 378
126 380
126 405
126 432
126 437
127 151
127 261
127 281
127 296
127 297
128 131
128 190
128 208
128 246
128 259
128 260
128 261
128 263
128 264
128 281
128 450
128 510
128 566
128 589
128 591
129 130
129 132
129 133
129 138
129 141
129 150
129 160
129 188
129 225
129 300
129 341
129 351
129 352
129 353
129 359
129 369
129 370
129 372
129 374
129 375
129 376
129 399
129 401
129 403
129 404
129 405
129 406
129 409
129 412
129 415
129 418
129 420
129 421
129 422
129 423
129 424
129 426
129 430
129 434
129 437
129 439
129 443
129 444
129 445
129 447
129 461
129 534
129 579
129 580
130 150
130 160
130 188
130 225
130 335
130 337
130 340
130 353
130 373
130 378
130 403
130 404
130 405
130 406
130 412
130 420
130 421
130 422
130 423
130 424
130 429
130 430
130 431
130 433
130 434
130 435
130 437
130 439
130 446
130 461
130 530
130 534
130 579
131 190
131 450
132 133
132 141
132 150
132 185
132 325
132 369
132 370
132 372
132 374
132 376
132 377
132 421
132 422
132 426
132 434
132 444
132 447
133 141
133 370
133 372
133 376
133 403
133 421
133 422
133 426
133 434
133 437
133 443
133 444
133 447
134 138
134 140
134 161
134 327
134 373
134 379
134 403
134 405
134 420
134 429
134 434
134 436
135 367
135 368
135 372
135 373
135 375
135 409
135 421
135 422
135 429
135 430
135 431
135 433
135 434
135 436
135 437
135 444
135 536
135 579
136 148
137 185
137 369
138 141
138 375
138 376
138 405
138 422
138 434
139 149
139 152
139 228
139 264
139 341
139 357
139 426
139 585
140 253
140 291
140 292
140 379
140 420
140 594
140 598
141 150
141 330
141 339
141 352
141 372
141 373
141 374
141 376
141 403
141 405
141 409
141 412
141 415
141 421
141 422
141 423
141 424
141 426
141 430
141 431
141 434
141 436
141 437
141 439
141 440
141 444
141 447
142 190
142 212
142 242
142 243
142 564
143 144
143 146
143 167
143 198
143 207
143 221
143 223
143 439
143 551
145 225
146 159
146 191
146 192
146 193
146 196
146 197
146 202
146 211
146 213
146 215
146 222
146 223
146 224
146 226
146 235
146 238
146 241
146 251
146 285
146 467
146 519
146 533
146 540
146 551
146 555
147 149
147 188
147 225
147 282
147 358
147 367
147 387
147 399
147 412
147 413
147 418
147 441
147 461
147 505
147 580
147 596
147 597
148 150
148 160
148 161
148 253
148 335
148 404
148 424
148 428
148 434
148 437
148 458
149 225
149 351
149 399
149 409
149 412
149 418
149 426
149 461
150 336
150 341
150 344
150 351
150 352
150 359
150 373
150 374
150 376
150 378
150 403
150 405
150 412
150 415
150 421
150 422
150 423
150 424
150 426
150 428
150 430
150 431
150 434
150 437
150 440
150 444
150 446
150 448
150 458
150 461
151 272
151 281
151 294
151 296
152 205
152 357
152 418
152 425
152 448
152 457
152 596
153 157
153 190
153 196
153 224
153 271
153 274
154 171
154 191
154 197
154 207
154 212
154 213
154 224
154 361
154 449
154 490
154 491
154 501
154 514
154 519
154 520
154 524
155 156
155 157
155 163
155 452
155 468
155 544
156 157
156 218
156 224
156 232
156 234
156 251
156 267
156 545
157 190
157 208
157 209
157 210
157 224
157 261
157 271
157 468
157 510
157 512
157 513
157 518
157 520
157 521
157 525
157 532
157 545
157 564
157 571
158 162
158 163
158 227
158 333
160 221
160 335
160 336
160 403
160 404
160 415
160 423
160 424
160 428
160 439
160 447
160 458
160 459
160 530
161 253
161 373
161 405
162 253
162 450
163 244
163 250
163 254
163 267
163 463
164 219
165 166
165 229
165 252
165 258
165 262
165 263
165 268
165 269
165 270
165 271
165 272
165 273
165 293
165 294
165 528
165 570
166 185
166 247
166 293
167 191
167 192
167 194
167 197
167 198
167 200
167 202
167 206
167 207
167 211
167 215
167 276
167 473
167 485
167 499
167 509
168 170
168 230
168 236
168 238
168 241
168 247
168 248
168 285
168 347
168 475
169 247
169 471
169 475
169 479
170 229
170 233
170 236
170 258
170 262
170 266
170 476
170 547
170 556
171 197
171 224
171 490
171 491
171 501
171 506
171 524
172 248
172 478
172 556
172 558
172 561
173 233
173 274
174 182
174 197
174 205
174 213
174 217
174 218
174 231
174 232
174 251
174 470
174 485
174 507
174 509
174 519
174 532
174 533
174 540
175 187
175 295
176 182
176 187
176 200
176 457
176 485
178 183
178 252
178 255
178 258
178 260
178 261
178 263
178 264
178 268
178 269
178 270
178 272
178 277
178 278
178 279
178 293
178 294
178 488
178 538
178 560
178 566
178 569
178 570
178 572
178 593
179 442
180 427
182 485
182 508
183 186
183 252
183 257
183 258
183 260
183 263
183 268
183 269
183 270
183 272
183 277
183 278
183 293
183 294
183 566
183 570
183 572
184 187
184 189
184 213
184 289
184 384
184 385
184 410
184 411
184 487
184 489
184 495
184 500
184 503
184 581
184 586
185 325
185 369
185 370
185 443
185 484
185 587
186 427
187 260
187 337
187 384
187 487
187 500
188 189
188 194
188 225
188 282
188 295
188 298
188 300
188 301
188 340
188 358
188 384
188 385
188 387
188 391
188 392
188 397
188 399
188 401
188 402
188 403
188 412
188 413
188 421
188 461
188 500
188 534
188 579
188 580
188 581
188 586
188 595
189 221
189 223
189 282
189 289
189 337
189 384
189 385
189 386
189 387
189 391
189 392
189 393
189 394
189 395
189 397
189 398
189 399
189 400
189 401
189 407
189 411
189 413
189 489
189 500
189 502
189 534
189 579
189 580
189 581
189 584
190 206
190 208
190 209
190 210
190 231
190 259
190 261
190 265
190 271
190 273
190 450
190 468
190 510
190 512
190 513
190 517
190 518
190 528
190 541
190 543
190 564
190 573
190 574
190 578
190 591
190 600
191 192
191 193
191 194
191 196
191 197
191 198
191 202
191 206
191 207
191 210
191 211
191 212
191 215
191 223
191 224
191 485
191 501
191 524
192 193
192 194
192 197
192 198
192 200
192 201
192 202
192 211
192 215
192 222
192 223
192 282
192 396
192 397
192 408
192 461
192 495
192 499
192 501
192 507
192 509
192 533
193 194
193 197
193 202
193 203
193 211
193 212
193 214
193 215
193 220
193 221
193 222
193 223
193 226
193 231
193 238
193 241
193 251
193 394
193 477
193 494
193 495
193 496
193 499
193 519
193 533
193 537
193 540
193 551
193 553
193 554
194 196
194 197
194 198
194 200
194 207
194 213
194 221
194 223
194 282
194 295
194 387
194 394
194 396
194 397
194 399
194 408
194 461
194 467
194 489
194 495
194 499
194 500
194 501
194 503
194 509
194 530
194 533
194 581
195 196
195 213
195 223
195 225
195 282
195 283
195 387
195 396
195 399
195 417
195 467
195 489
195 498
195 500
195 502
195 503
195 505
195 516
195 586
195 596
196 207
196 213
196 223
196 224
196 225
196 274
196 282
196 387
196 396
196 397
196 399
196 408
196 417
196 418
196 467
196 489
196 519
196 520
196 531
196 533
196 540
196 581
196 597
197 198
197 202
197 203
197 206
197 207
197 210
197 211
197 212
197 213
197 214
197 215
197 217
197 219
197 231
197 465
197 485
197 490
197 493
197 494
197 495
197 496
197 499
197 501
197 507
197 514
197 519
197 520
197 524
197 533
197 540
197 554
197 578
198 200
198 201
198 202
198 207
198 211
198 215
198 219
198 276
198 280
198 282
198 499
199 200
199 298
199 344
199 387
199 406
199 408
199 435
199 461
199 467
199 500
199 509
199 516
199 579
199 596
200 201
200 215
200 219
200 276
200 280
200 350
200 499
200 500
201 202
201 203
201 215
201 222
201 223
201 499
202 203
202 211
202 212
202 213
202 214
202 215
202 217
202 222
202 223
202 229
202 231
202 241
202 245
202 265
202 274
202 494
202 499
202 528
202 553
203 211
203 222
203 494
203 496
203 499
203 501
203 507
204 298
204 300
204 419
204 423
204 435
204 441
204 500
204 579
205 507
205 509
205 520
205 540
206 207
206 210
206 211
206 212
206 217
206 231
206 241
206 256
206 271
206 564
207 211
207 213
207 223
207 282
207 490
208 209
208 250
208 252
208 255
208 258
208 263
208 264
208 265
208 268
208 269
208 270
208 271
208 273
208 468
208 510
208 512
208 513
208 517
208 518
208 521
208 528
208 538
208 541
208 542
208 543
208 544
208 560
208 564
208 566
208 567
208 570
208 571
208 572
208 573
208 574
208 591
208 593
208 600
209 210
209 231
209 239
209 255
209 259
209 263
209 265
209 268
209 271
209 273
209 279
209 468
209 493
209 510
209 511
209 512
209 513
209 517
209 518
209 521
209 522
209 528
209 541
209 542
209 554
209 564
209 566
209 572
209 573
209 574
209 600
210 212
210 231
210 242
210 271
210 273
210 468
210 490
210 510
210 512
210 513
210 514
210 517
210 518
210 520
210 528
210 541
210 554
210 564
210 574
210 578
210 600
211 212
211 214
211 215
211 217
211 222
211 231
211 241
211 485
211 499
211 507
211 508
211 533
212 214
212 222
212 230
212 231
212 232
212 234
212 238
212 239
212 241
212 242
212 243
212 251
212 256
212 265
212 465
212 493
212 494
212 496
212 508
212 528
212 554
212 555
212 564
213 214
213 217
213 218
213 222
213 223
213 224
213 230
213 232
213 234
213 241
213 245
213 251
213 289
213 396
213 408
213 467
213 485
213 489
213 495
213 501
213 503
213 506
213 507
213 519
213 520
213 532
213 533
213 540
213 551
213 555
213 581
213 583
213 596
214 215
214 217
214 218
214 222
214 229
214 230
214 231
214 232
214 233
214 234
214 238
214 239
214 240
214 241
214 243
214 245
214 256
214 265
214 273
214 493
214 511
214 517
214 519
214 521
214 527
214 528
214 532
214 541
214 542
214 553
214 554
214 564
214 568
215 217
215 219
215 394
215 485
215 495
215 499
215 501
215 503
215 507
216 259
216 263
216 270
216 525
217 218
217 228
217 229
217 231
217 232
217 233
217 239
217 241
217 256
217 265
217 273
217 485
217 499
217 507
217 517
217 528
217 541
218 222
218 229
218 230
218 231
218 232
218 233
218 234
218 236
218 237
218 239
218 240
218 241
218 244
218 245
218 251
218 265
218 285
218 286
218 289
218 519
218 521
218 527
218 539
218 540
218 542
218 544
218 546
218 549
218 553
218 555
218 562
219 276
219 277
219 279
219 456
219 465
219 466
219 494
219 499
219 528
219 576
219 578
220 221
220 222
220 226
220 227
220 251
220 287
220 333
220 346
220 529
220 530
220 535
220 536
221 223
221 225
221 226
221 227
221 235
221 282
221 283
221 287
221 333
221 335
221 341
221 384
221 386
221 387
221 392
221 393
221 394
221 396
221 397
221 399
221 407
221 417
221 423
221 424
221 439
221 461
221 497
221 498
221 500
221 529
221 530
221 534
221 535
221 579
221 580
222 223
222 226
222 230
222 231
222 238
222 240
222 241
222 245
222 251
222 285
222 475
222 495
222 496
222 499
222 533
222 540
222 553
222 555
222 583
223 224
223 225
223 245
223 274
223 282
223 283
223 289
223 397
223 399
223 467
223 489
223 509
223 531
223 533
223 581
224 234
224 245
224 251
224 399
224 467
224 501
224 519
224 520
224 531
224 532
224 533
224 540
224 555
224 581
225 282
225 387
225 399
225 403
225 404
225 406
225 409
225 412
225 417
225 418
225 421
225 423
225 424
225 439
225 443
225 445
225 461
225 467
225 498
225 505
225 515
225 531
225 534
225 580
225 586
226 235
226 251
226 287
226 394
226 495
226 496
226 529
226 530
226 533
226 535
226 553
227 329
227 333
227 529
228 229
228 233
228 241
228 245
228 262
228 274
228 475
229 230
229 231
229 233
229 236
229 238
229 239
229 240
229 243
229 255
229 256
229 258
229 262
229 263
229 265
229 268
229 269
229 273
229 293
229 476
229 517
229 541
229 568
230 231
230 232
230 233
230 234
230 236
230 237
230 238
230 239
230 240
230 241
230 244
230 245
230 251
230 265
230 285
230 286
230 540
230 549
230 551
230 553
230 555
230 583
231 232
231 233
231 234
231 238
231 239
231 240
231 241
231 242
231 243
231 245
231 256
231 258
231 265
231 273
231 279
231 465
231 493
231 494
231 496
231 507
231 510
231 511
231 512
231 513
231 514
231 517
231 518
231 520
231 521
231 527
231 528
231 532
231 533
231 540
231 541
231 542
231 547
231 553
231 554
231 564
231 573
231 574
231 600
232 233
232 234
232 239
232 241
232 244
232 245
232 256
232 265
232 273
232 542
232 546
232 547
232 554
232 555
232 564
233 234
233 237
233 239
233 240
233 241
233 244
233 245
233 249
233 255
233 256
233 258
233 262
233 265
233 266
233 268
233 269
233 273
233 517
233 527
233 541
233 544
233 546
233 547
233 556
233 557
233 562
233 568
233 571
233 573
234 241
234 244
234 251
234 521
234 555
235 241
235 285
235 286
235 287
235 446
235 497
235 540
235 550
235 551
235 583
236 238
236 239
236 240
236 241
236 256
236 258
236 265
236 285
236 286
236 547
236 549
236 551
236 553
236 555
236 583
237 238
237 240
237 244
237 245
237 248
237 285
237 286
238 239
238 240
238 241
238 243
238 244
238 265
238 285
238 286
238 475
238 549
238 551
238 553
238 555
238 583
239 240
239 241
239 242
239 243
239 244
239 245
239 256
239 258
239 265
239 273
239 511
239 517
239 521
239 541
239 542
239 547
239 549
239 553
239 554
239 555
239 564
239 568
239 573
240 243
240 244
240 245
240 258
240 265
240 273
240 342
240 517
240 541
240 542
240 546
240 547
240 549
240 553
240 554
240 555
240 568
241 244
241 245
241 251
241 256
241 265
241 285
241 286
241 475
241 550
241 551
241 555
241 583
242 243
242 244
242 248
242 250
242 463
242 510
242 528
242 552
242 558
242 564
242 574
243 244
243 250
243 256
243 258
243 265
243 268
243 273
243 279
243 465
243 493
243 528
243 549
243 554
243 564
244 248
244 250
244 265
244 267
244 547
244 555
244 557
244 558
244 561
245 262
245 265
245 273
245 274
245 475
245 521
245 527
245 532
245 541
245 545
245 546
245 547
245 553
245 555
245 585
246 264
246 567
246 591
247 479
248 250
248 463
248 478
248 557
248 558
248 561
249 266
249 488
249 546
249 547
249 556
249 557
250 252
250 254
250 270
250 463
250 466
250 468
250 543
250 544
250 552
250 557
250 558
250 560
250 561
250 564
250 570
250 574
250 591
250 600
251 285
251 286
251 496
251 519
251 533
251 539
251 540
251 551
251 553
251 555
252 254
252 255
252 258
252 263
252 264
252 268
252 269
252 270
252 272
252 277
252 278
252 293
252 294
252 317
252 543
252 559
252 560
252 561
252 566
252 569
252 570
252 572
253 463
254 269
254 271
254 543
254 560
254 561
255 256
255 258
255 263
255 265
255 266
255 268
255 269
255 270
255 273
255 512
255 517
255 527
255 538
255 544
255 556
255 560
255 566
255 567
255 568
255 570
255 572
255 573
255 593
255 600
256 258
256 265
256 273
256 383
256 485
256 528
256 541
256 542
256 547
257 261
257 454
257 544
257 566
258 262
258 263
258 265
258 266
258 268
258 269
258 270
258 273
258 293
258 476
258 488
258 517
258 528
258 541
258 567
258 568
258 572
259 260
259 261
259 263
259 279
259 281
260 261
260 263
260 264
260 268
260 269
260 270
260 272
260 278
260 279
260 281
260 293
260 294
260 297
260 488
260 566
260 590
260 593
261 263
261 264
261 269
261 272
261 278
261 281
261 293
261 294
261 297
261 488
261 512
261 526
261 544
261 571
262 263
262 264
262 265
262 266
262 268
262 269
262 273
262 274
262 293
262 476
262 567
262 568
263 264
263 265
263 268
263 269
263 270
263 272
263 273
263 278
263 279
263 293
263 294
263 512
263 517
263 528
263 541
263 560
263 566
263 567
263 568
263 570
263 572
264 268
264 269
264 270
264 271
264 273
264 294
264 512
264 538
264 544
264 566
264 567
264 585
264 591
264 600
265 268
265 271
265 273
265 279
265 465
265 493
265 511
265 512
265 513
265 517
265 521
265 528
265 541
265 542
265 544
265 547
265 553
265 554
265 564
265 568
265 572
265 573
265 574
265 600
266 547
266 556
266 557
267 453
267 545
268 269
268 270
268 271
268 272
268 273
268 277
268 278
268 279
268 293
268 294
268 488
268 512
268 517
268 528
268 538
268 541
268 543
268 544
268 560
268 566
268 567
268 568
268 569
268 570
268 572
268 573
268 593
269 270
269 271
269 272
269 273
269 277
269 278
269 279
269 293
269 294
269 543
269 560
269 566
269 567
269 570
269 572
269 573
270 271
270 272
270 273
270 277
270 278
270 279
270 293
270 294
270 512
270 517
270 528
270 538
270 543
270 560
270 566
270 567
270 570
270 572
270 573
270 574
270 591
270 593
271 273
271 468
271 510
271 512
271 513
271 517
271 541
271 543
271 564
271 567
271 571
271 573
271 574
271 591
271 600
272 274
272 278
272 281
272 293
272 294
272 528
272 567
273 279
273 468
273 510
273 512
273 513
273 517
273 518
273 527
273 528
273 541
273 542
273 544
273 547
273 554
273 564
273 566
273 567
273 568
273 572
273 573
273 574
273 578
273 600
274 281
274 296
275 277
275 575
275 576
276 277
277 278
277 279
277 456
277 570
277 576
278 281
278 294
278 481
278 566
279 465
279 510
279 512
279 513
279 517
279 522
279 528
279 564
279 566
279 572
279 576
279 578
279 600
281 294
281 296
282 283
282 295
282 384
282 397
282 399
282 401
282 412
282 418
282 461
282 467
282 489
282 500
282 534
282 580
282 581
283 290
283 300
283 386
283 387
283 389
283 391
283 399
283 401
283 409
283 417
283 419
283 439
283 443
283 447
283 453
283 483
283 497
283 534
283 580
283 584
283 586
283 587
283 595
284 327
284 382
284 433
284 582
285 286
285 287
285 291
285 551
285 553
285 583
286 287
286 291
286 539
286 540
286 551
286 553
286 555
286 583
287 290
287 332
287 333
287 344
287 416
287 446
287 497
287 529
287 530
287 535
287 583
287 584
288 553
288 583
289 337
289 338
289 342
289 343
289 347
289 382
289 394
289 410
289 416
289 581
289 583
289 584
290 291
290 292
290 389
290 419
290 443
290 445
290 447
290 497
290 504
290 580
290 584
291 292
291 327
291 339
291 420
292 563
293 294
293 488
293 567
294 481
294 488
294 566
294 567
294 593
295 402
296 297
297 526
298 300
298 301
298 337
298 344
298 358
298 381
298 384
298 385
298 386
298 387
298 388
298 389
298 393
298 398
298 402
298 415
298 419
298 421
298 435
298 436
298 442
298 500
298 504
298 516
298 579
298 580
298 582
298 586
298 595
300 301
300 352
300 358
300 370
300 384
300 385
300 386
300 387
300 389
300 391
300 397
300 401
300 402
300 415
300 419
300 421
300 441
300 504
300 505
300 534
300 580
300 586
300 594
300 595
300 597
301 302
301 303
301 317
301 321
301 384
301 386
301 387
301 388
301 389
301 390
301 391
301 393
301 394
301 395
301 398
301 400
301 407
301 411
301 419
301 487
301 489
301 500
301 504
301 579
301 580
301 586
301 595
302 303
302 304
302 305
302 317
302 321
302 322
302 323
302 386
302 388
302 389
302 390
302 393
302 395
302 398
302 400
302 504
303 304
303 307
303 311
303 315
303 332
303 364
303 384
303 390
303 393
303 395
303 398
303 400
303 401
303 504
304 305
304 315
304 317
304 321
304 323
304 336
304 389
304 390
304 395
304 398
304 400
304 401
304 415
304 419
304 504
305 308
305 321
305 322
305 323
305 329
305 333
305 336
305 389
305 390
305 391
305 393
305 395
305 398
305 400
306 309
306 311
306 312
306 313
306 315
306 316
306 318
306 319
306 331
306 334
307 311
307 315
308 309
308 324
308 334
309 312
309 313
309 324
309 329
309 334
309 446
310 314
310 316
310 366
311 313
311 315
311 319
312 313
312 318
312 324
312 326
312 329
312 331
312 334
313 314
313 315
313 446
314 315
314 316
315 316
315 319
316 319
317 321
317 384
317 386
317 388
317 389
317 390
317 391
317 393
317 395
317 398
317 400
317 419
317 504
318 319
318 320
318 329
318 331
318 334
318 335
318 577
319 320
319 334
319 336
320 321
320 328
320 329
320 331
320 333
320 334
320 335
320 336
320 395
321 384
321 386
321 388
321 389
321 390
321 391
321 393
321 395
321 398
321 400
322 323
322 325
322 386
322 389
322 395
322 400
322 443
322 447
323 325
323 328
323 329
323 333
323 336
324 326
325 369
325 482
327 330
327 332
327 335
327 379
327 420
327 436
327 437
327 579
328 329
328 330
328 333
329 330
329 331
329 333
329 334
329 336
330 331
330 333
330 335
330 336
330 434
330 437
330 447
331 333
331 334
331 335
331 336
332 333
332 335
332 336
332 339
332 364
332 384
332 389
332 392
332 393
332 394
332 395
332 398
332 400
332 401
332 407
332 415
332 530
332 535
332 579
332 582
332 584
333 334
333 335
333 336
333 529
333 530
333 535
334 336
335 336
335 339
335 364
335 393
335 394
335 403
335 404
335 415
335 424
335 439
335 529
335 530
335 535
335 536
335 579
336 339
336 389
336 391
336 395
336 400
336 415
336 421
336 446
336 529
336 530
336 535
337 338
337 340
337 344
337 348
337 357
337 378
337 381
337 384
337 387
337 394
337 396
337 397
337 403
337 406
337 407
337 409
337 410
337 411
337 412
337 413
337 416
337 417
337 423
337 430
337 433
337 435
337 461
337 500
337 534
337 579
337 580
337 582
337 584
337 586
338 340
338 342
338 343
338 344
338 347
338 348
338 350
338 357
338 367
338 371
338 373
338 378
338 382
338 409
338 410
339 372
339 389
339 395
339 398
339 400
339 402
339 403
339 415
340 343
340 344
340 347
340 348
340 353
340 367
340 373
340 376
340 378
340 403
340 405
340 406
340 409
340 410
340 412
340 413
340 414
340 430
340 534
341 351
341 352
341 359
341 369
341 375
341 399
341 412
341 416
341 418
341 421
341 426
341 434
341 461
341 497
342 343
342 344
342 346
342 347
342 348
342 350
342 357
342 371
342 382
342 410
342 416
343 344
343 346
343 347
343 348
343 371
343 382
343 410
344 346
344 347
344 348
344 350
344 357
344 358
344 367
344 371
344 381
344 382
344 387
344 409
344 410
344 411
344 412
344 413
344 416
344 422
344 430
344 433
344 435
344 440
344 446
344 500
344 582
344 583
344 584
346 347
346 350
347 348
347 350
347 357
347 367
347 371
347 382
347 409
347 410
347 416
347 583
348 350
348 357
348 358
348 367
348 371
348 373
348 375
348 378
348 381
348 409
348 410
348 411
348 412
348 413
348 414
348 416
348 422
348 430
348 584
349 353
350 357
350 410
350 416
351 352
351 359
351 367
351 369
351 370
351 375
351 412
351 418
351 421
351 422
351 426
351 441
351 444
351 445
351 448
351 461
351 515
352 353
352 354
352 358
352 359
352 367
352 372
352 403
352 412
352 415
352 421
352 422
352 426
352 434
352 440
352 445
353 354
353 356
353 359
353 367
353 371
353 372
353 373
353 374
353 375
353 376
353 414
353 422
353 431
353 434
354 355
354 356
354 359
354 373
354 403
354 429
354 431
355 356
356 358
356 359
357 358
357 367
357 371
357 381
357 409
357 410
357 411
357 416
357 418
357 435
357 440
357 583
358 359
358 367
358 381
358 387
358 414
358 421
358 430
358 440
358 505
358 582
358 596
358 597
359 367
359 369
359 373
359 374
359 376
359 405
359 414
359 422
359 426
359 434
360 362
360 363
360 402
362 363
362 385
364 372
364 392
364 402
364 421
364 434
364 535
365 368
365 372
365 429
365 445
365 598
366 433
366 565
367 369
367 371
367 372
367 373
367 375
367 376
367 378
367 381
367 403
367 405
367 409
367 410
367 412
367 414
367 421
367 422
367 426
367 429
367 430
367 431
367 434
367 435
367 445
367 580
368 372
368 373
368 379
368 429
368 431
368 436
368 598
369 370
369 372
369 375
369 376
369 422
369 426
369 434
370 372
370 375
370 421
370 422
370 426
370 444
370 445
371 373
371 375
371 376
371 378
371 405
371 409
371 410
371 429
371 430
371 431
372 375
372 402
372 403
372 415
372 421
372 422
372 429
372 430
372 434
372 437
372 444
372 445
372 446
372 459
373 374
373 375
373 376
373 377
373 378
373 379
373 403
373 405
373 412
373 414
373 421
373 422
373 429
373 430
373 431
373 434
373 436
373 437
374 376
374 377
374 378
374 403
374 405
374 412
374 422
374 424
374 426
374 428
374 430
374 431
374 434
374 437
374 446
374 461
375 376
375 403
375 409
375 412
375 421
375 422
375 423
375 426
375 434
375 444
375 445
375 483
375 580
376 377
376 378
376 403
376 405
376 409
376 412
376 414
376 422
376 423
376 429
376 430
376 431
376 434
376 444
377 378
377 379
377 380
377 405
377 434
378 379
378 380
378 381
378 403
378 405
378 422
378 429
378 430
378 431
378 433
378 434
378 582
379 405
379 429
379 436
379 598
380 381
381 405
381 409
381 410
381 422
381 430
381 433
381 435
381 445
381 500
381 582
383 485
383 499
383 507
384 385
384 386
384 387
384 388
384 389
384 390
384 391
384 392
384 393
384 394
384 395
384 396
384 397
384 398
384 399
384 400
384 401
384 402
384 407
384 409
384 410
384 411
384 413
384 487
384 489
384 500
384 504
384 530
384 534
384 579
384 580
384 581
384 584
384 586
384 595
385 386
385 387
385 389
385 391
385 392
385 397
385 398
385 400
385 402
385 534
386 387
386 388
386 389
386 390
386 391
386 393
386 395
386 397
386 398
386 400
386 401
386 407
386 419
386 500
386 504
386 580
386 586
386 595
387 389
387 390
387 391
387 392
387 393
387 394
387 396
387 397
387 398
387 399
387 400
387 401
387 406
387 407
387 408
387 409
387 410
387 411
387 412
387 413
387 415
387 416
387 417
387 418
387 419
387 421
387 423
387 424
387 435
387 461
387 467
387 487
387 489
387 497
387 498
387 500
387 502
387 503
387 504
387 505
387 516
387 530
387 534
387 579
387 580
387 581
387 584
387 586
387 595
387 596
387 597
388 389
388 390
388 393
388 395
388 398
388 400
388 419
388 487
388 500
388 504
388 580
388 586
389 390
389 391
389 393
389 395
389 398
389 400
389 401
389 407
389 415
389 419
389 504
389 580
390 391
390 393
390 395
390 398
390 400
390 401
390 407
390 419
390 489
390 500
390 504
390 595
391 392
391 393
391 395
391 397
391 398
391 400
391 401
391 407
391 413
391 489
391 580
392 393
392 394
392 396
392 397
392 398
392 399
392 401
392 406
392 407
392 408
392 413
392 489
392 495
392 500
392 502
392 503
392 530
392 533
392 534
392 535
392 579
392 581
392 584
393 394
393 395
393 396
393 398
393 400
393 401
393 407
393 411
393 413
393 419
393 489
393 500
393 502
393 504
393 530
393 579
393 595
394 396
394 397
394 398
394 406
394 407
394 408
394 411
394 417
394 489
394 492
394 495
394 496
394 499
394 500
394 501
394 502
394 503
394 507
394 516
394 519
394 530
394 533
394 579
394 581
395 398
395 400
395 401
395 407
395 413
395 419
395 504
396 397
396 399
396 406
396 407
396 408
396 417
396 461
396 467
396 487
396 489
396 492
396 495
396 496
396 498
396 500
396 501
396 502
396 503
396 505
396 507
396 519
396 530
396 533
396 534
396 579
396 581
396 586
397 399
397 401
397 406
397 407
397 408
397 412
397 413
397 417
397 418
397 461
397 467
397 489
397 497
397 498
397 500
397 509
397 530
397 533
397 534
397 579
397 580
397 581
397 584
398 400
398 401
398 407
398 411
398 413
398 415
398 419
398 500
398 504
398 579
398 580
398 584
399 401
399 404
399 406
399 408
399 412
399 417
399 418
399 423
399 424
399 461
399 467
399 489
399 497
399 498
399 509
399 515
399 530
399 531
399 534
399 580
399 581
400 401
400 413
400 415
400 419
400 504
401 403
401 409
401 411
401 413
401 415
401 419
401 421
401 423
401 424
401 504
401 534
401 579
401 580
401 584
402 415
402 421
402 594
403 404
403 405
403 406
403 409
403 412
403 415
403 420
403 421
403 422
403 423
403 424
403 426
403 429
403 430
403 431
403 434
403 437
403 439
403 444
403 445
403 447
403 461
403 530
403 534
403 579
403 580
404 406
404 408
404 412
404 420
404 421
404 423
404 424
404 428
404 439
404 444
404 461
404 491
404 492
404 515
404 530
404 534
404 579
405 412
405 421
405 422
405 423
405 424
405 426
405 428
405 429
405 430
405 431
405 432
405 433
405 434
405 436
405 437
405 440
405 444
405 446
405 582
406 407
406 408
406 412
406 417
406 418
406 421
406 423
406 424
406 430
406 435
406 439
406 461
406 467
406 492
406 498
406 500
406 505
406 530
406 534
406 579
406 580
406 581
407 408
407 411
407 417
407 489
407 495
407 497
407 498
407 500
407 502
407 503
407 530
407 534
407 579
407 580
407 581
407 584
407 586
408 417
408 418
408 439
408 461
408 467
408 489
408 492
408 495
408 496
408 498
408 500
408 501
408 502
408 503
408 505
408 507
408 516
408 519
408 520
408 524
408 530
408 533
408 534
408 579
408 581
409 410
409 411
409 412
409 413
409 416
409 417
409 421
409 422
409 423
409 430
409 435
409 445
409 500
409 530
409 534
409 579
409 580
409 584
409 586
410 411
410 413
410 416
410 430
410 500
410 583
410 584
410 586
411 413
411 416
411 487
411 489
411 500
411 581
411 584
411 586
412 413
412 414
412 417
412 418
412 421
412 422
412 423
412 424
412 426
412 430
412 434
412 439
412 444
412 445
412 461
412 515
412 530
412 534
412 579
412 580
413 579
413 580
413 584
415 419
415 421
415 423
415 424
415 430
415 440
415 442
415 446
415 448
415 458
415 459
415 504
415 505
415 582
416 417
416 418
416 435
416 497
416 500
416 583
416 584
416 585
416 586
417 418
417 423
417 435
417 439
417 445
417 448
417 461
417 467
417 489
417 497
417 498
417 500
417 505
417 530
417 531
417 534
417 579
417 580
417 581
417 584
417 586
418 423
418 435
418 441
418 448
418 461
418 467
418 497
418 505
418 515
418 534
418 581
418 596
418 597
419 421
419 446
419 447
419 504
419 597
420 421
420 423
420 424
420 437
420 439
420 444
420 579
420 594
421 422
421 423
421 424
421 426
421 428
421 429
421 430
421 431
421 434
421 437
421 439
421 440
421 444
421 445
421 446
421 447
421 459
421 461
421 530
421 534
421 579
421 580
421 582
421 597
422 423
422 424
422 426
422 429
422 430
422 431
422 434
422 437
422 444
422 445
422 446
422 447
422 461
422 580
423 424
423 426
423 430
423 431
423 434
423 435
423 437
423 439
423 444
423 445
423 447
423 461
423 500
423 530
423 534
423 579
423 580
423 586
424 426
424 428
424 430
424 434
424 437
424 439
424 444
424 445
424 447
424 448
424 459
424 461
424 530
424 534
424 579
424 580
424 599
425 448
425 457
425 466
426 434
426 444
426 459
426 461
428 430
428 437
428 458
428 459
428 474
429 430
429 431
429 433
429 434
429 436
429 437
429 462
429 536
429 598
430 431
430 432
430 433
430 434
430 435
430 436
430 437
430 439
430 440
430 445
430 446
430 459
430 461
430 579
430 582
431 434
431 435
431 436
431 437
431 440
431 444
431 536
432 437
432 448
432 458
433 440
433 446
433 492
433 565
433 582
434 437
434 444
434 445
434 446
434 447
434 461
435 461
435 500
435 516
435 579
435 582
436 437
436 442
437 439
437 442
437 444
437 447
437 448
437 458
438 451
438 462
439 442
439 443
439 444
439 445
439 447
439 461
439 500
439 515
439 516
439 530
439 534
439 579
439 580
439 586
440 446
440 582
442 504
442 516
442 579
443 444
443 445
443 447
443 580
443 587
444 447
444 579
444 580
445 447
445 461
445 534
445 579
445 580
445 584
445 586
446 582
446 583
447 579
447 580
448 458
448 461
448 596
448 597
449 468
449 574
449 578
450 451
450 454
450 463
450 466
450 468
450 510
450 570
450 574
450 589
450 591
451 466
451 490
451 491
451 514
451 578
452 468
452 512
452 513
452 517
452 518
452 526
452 527
452 544
452 545
452 571
453 497
453 498
454 460
454 589
455 456
455 462
455 464
455 575
455 576
456 465
456 575
456 576
457 458
457 459
457 470
457 577
458 459
459 505
459 577
460 465
460 490
460 493
460 494
460 501
460 513
460 514
460 518
460 519
460 544
460 589
461 467
461 500
461 505
461 515
461 530
461 534
461 579
461 580
462 464
462 575
463 464
463 466
463 552
463 558
463 560
463 570
464 575
465 466
465 493
465 494
465 499
465 510
465 513
465 514
465 522
465 528
465 564
465 574
465 575
465 576
465 578
465 590
466 569
466 570
467 492
467 498
467 500
467 501
467 505
467 509
467 515
467 520
467 531
467 533
467 534
467 581
468 510
468 512
468 513
468 517
468 518
468 521
468 528
468 541
468 543
468 544
468 560
468 564
468 570
468 571
468 573
468 574
468 591
468 600
469 481
469 570
470 473
471 479
471 567
472 476
473 503
475 479
475 508
475 555
475 583
478 556
479 509
479 583
480 566
481 488
481 559
481 566
481 569
483 580
483 586
485 495
485 499
485 503
485 507
485 508
485 519
486 488
487 489
487 495
487 500
487 503
487 586
488 544
488 567
488 568
488 569
488 572
489 495
489 498
489 500
489 502
489 503
489 507
489 516
489 519
489 530
489 533
489 534
489 540
489 579
489 580
489 581
489 584
489 586
489 595
490 491
490 492
490 493
490 494
490 496
490 501
490 514
490 518
490 520
490 524
490 578
491 492
491 501
491 514
491 524
492 501
492 503
492 507
492 514
492 524
492 533
493 494
493 495
493 496
493 499
493 507
493 510
493 511
493 512
493 513
493 514
493 517
493 518
493 519
493 520
493 521
493 522
493 528
493 532
493 533
493 541
493 542
493 548
493 554
493 564
493 576
493 578
493 600
494 495
494 496
494 499
494 501
494 507
494 510
494 514
494 519
494 520
494 522
494 528
494 533
494 554
494 564
494 578
495 496
495 499
495 501
495 503
495 506
495 507
495 511
495 519
495 520
495 532
495 533
495 540
495 542
495 553
495 554
495 581
496 499
496 501
496 503
496 507
496 511
496 514
496 519
496 520
496 532
496 533
496 540
496 553
496 554
496 555
497 498
497 500
497 529
497 530
497 535
497 580
497 581
497 583
497 584
497 586
498 500
498 505
498 530
498 531
498 534
498 545
498 579
498 581
498 586
499 501
499 503
499 507
499 516
499 519
499 533
499 578
500 502
500 503
500 505
500 516
500 530
500 534
500 579
500 580
500 581
500 586
501 502
501 503
501 506
501 507
501 509
501 514
501 516
501 519
501 520
501 524
501 533
501 596
502 503
502 504
502 505
502 516
502 519
502 579
502 581
502 596
502 597
503 506
503 507
503 516
503 519
503 520
503 533
503 540
503 581
504 505
504 579
504 580
504 584
504 594
504 595
505 516
505 581
505 586
505 596
505 597
506 507
506 519
506 524
506 533
507 508
507 511
507 514
507 519
507 520
507 524
507 533
507 540
509 581
509 596
510 512
510 513
510 514
510 517
510 518
510 522
510 528
510 541
510 552
510 554
510 564
510 570
510 574
510 578
510 589
510 591
510 600
511 512
511 513
511 514
511 517
511 518
511 519
511 520
511 521
511 525
511 527
511 532
511 533
511 539
511 540
511 541
511 542
511 544
511 547
511 548
511 554
511 555
511 562
511 564
511 571
511 573
511 600
512 513
512 517
512 518
512 521
512 522
512 525
512 527
512 528
512 532
512 538
512 541
512 542
512 543
512 544
512 554
512 560
512 562
512 564
512 566
512 567
512 568
512 570
512 571
512 572
512 573
512 574
512 578
512 591
512 593
512 600
513 514
513 517
513 518
513 521
513 522
513 525
513 528
513 538
513 541
513 542
513 543
513 544
513 552
513 554
513 564
513 566
513 570
513 571
513 572
513 573
513 574
513 578
513 591
513 593
513 600
514 518
514 520
514 522
514 524
514 564
514 574
514 578
515 534
516 519
516 579
516 596
516 597
517 518
517 521
517 525
517 527
517 528
517 532
517 538
517 541
517 542
517 543
517 544
517 554
517 560
517 562
517 564
517 566
517 567
517 568
517 570
517 571
517 572
517 573
517 574
517 600
518 520
518 521
518 522
518 525
518 527
518 528
518 532
518 541
518 542
518 544
518 554
518 562
518 564
518 571
518 573
518 574
518 600
519 520
519 521
519 524
519 532
519 533
519 540
519 548
519 581
520 521
520 524
520 532
520 533
520 540
520 541
520 554
520 581
521 527
521 532
521 538
521 539
521 540
521 541
521 542
521 544
521 545
521 547
521 548
521 549
521 554
521 555
521 562
521 564
521 571
521 573
521 588
521 600
522 528
522 566
522 572
522 576
522 578
522 600
523 526
525 527
525 541
525 573
526 544
526 559
526 562
526 571
527 532
527 538
527 539
527 541
527 542
527 544
527 547
527 548
527 562
527 567
527 568
527 571
527 573
527 588
528 541
528 542
528 544
528 554
528 564
528 566
528 569
528 570
528 572
528 573
528 574
528 576
528 578
528 591
528 593
528 600
529 530
529 535
529 584
530 534
530 535
530 536
530 579
530 580
530 581
530 584
530 586
531 545
531 555
531 581
532 533
532 539
532 540
532 541
532 542
532 545
532 547
532 548
532 549
532 553
532 554
532 555
532 562
532 564
532 600
533 540
533 553
533 554
533 555
533 581
534 579
534 580
534 581
534 584
534 586
535 536
535 583
535 584
538 543
538 544
538 545
538 556
538 559
538 560
538 562
538 566
538 567
538 568
538 570
538 571
538 573
538 574
538 588
538 600
539 540
539 542
539 547
539 548
539 549
539 551
539 553
539 554
539 555
539 562
539 583
539 588
540 542
540 548
540 551
540 553
540 554
540 555
540 581
540 583
541 542
541 544
541 547
541 548
541 554
541 562
541 564
541 567
541 568
541 571
541 572
541 573
541 574
541 588
541 600
542 544
542 547
542 548
542 549
542 553
542 554
542 555
542 562
542 564
542 568
542 571
542 573
542 588
542 600
543 544
543 560
543 570
543 571
543 573
543 574
543 591
544 545
544 546
544 547
544 557
544 559
544 560
544 561
544 562
544 564
544 567
544 568
544 571
544 572
544 573
545 562
545 571
546 547
546 549
546 557
546 567
547 548
547 549
547 553
547 554
547 555
547 556
547 562
547 568
547 571
547 573
547 588
548 549
548 550
548 553
548 554
548 555
548 562
549 550
549 553
549 554
549 555
549 556
549 568
549 583
549 588
550 554
551 553
551 555
552 558
552 564
552 591
553 554
553 555
553 583
554 555
554 564
554 573
554 600
555 583
556 557
556 568
556 573
557 558
557 560
557 561
558 560
558 561
558 574
559 560
559 571
559 572
560 561
560 566
560 570
560 571
560 572
560 573
560 574
560 591
562 568
562 571
562 573
562 588
564 571
564 573
564 574
564 600
565 575
565 576
565 590
565 592
566 570
566 574
566 576
566 593
566 600
567 573
567 585
568 569
568 571
568 572
568 573
568 588
569 570
569 572
570 571
570 572
570 573
570 574
570 591
570 593
571 572
571 573
571 574
571 588
571 591
571 600
572 573
572 574
572 576
573 574
573 588
573 600
574 578
574 591
574 593
574 600
575 576
575 592
576 577
576 578
578 590
578 600
579 580
579 581
579 584
579 586
580 584
580 586
581 583
581 584
581 586
581 596
581 597
583 584
584 586
590 592
591 593
591 600
593 600
594 595
596 597
