600 7189

1 4
1 22
1 23
1 30
1 31
1 32
1 33
1 36
1 39
1 95
1 101
1 117
1 118
1 121
1 143
1 147
1 194
1 223
1 275
1 287
1 301
1 302
1 322
1 328
1 329
1 389
1 390
1 395
1 398
1 399
1 416
1 417
2 3
2 4
2 5
2 8
2 11
2 12
2 16
2 18
2 19
2 20
2 21
2 26
2 30
2 90
2 94
2 100
2 101
2 103
2 104
2 105
2 301
2 302
2 303
2 304
2 305
2 317
2 319
2 320
2 321
2 322
2 327
2 385
2 386
2 389
2 390
2 391
2 392
2 393
2 395
2 398
2 495
3 4
3 5
3 8
3 11
3 12
3 14
3 15
3 16
3 17
3 18
3 19
3 20
3 21
3 26
3 29
3 30
3 94
3 100
3 105
3 301
3 303
3 304
3 311
3 312
3 315
3 317
3 318
3 319
3 320
3 321
3 326
3 327
3 389
3 391
3 392
3 393
3 495
4 5
4 8
4 11
4 16
4 18
4 19
4 20
4 21
4 22
4 23
4 26
4 30
4 31
4 32
4 34
4 35
4 36
4 37
4 94
4 95
4 98
4 100
4 101
4 104
4 105
4 118
4 220
4 221
4 287
4 301
4 302
4 303
4 304
4 305
4 312
4 317
4 318
4 320
4 321
4 322
4 323
4 327
4 328
4 329
4 330
4 332
4 335
4 386
4 389
4 390
4 391
4 392
4 395
4 398
4 416
4 529
4 530
4 533
5 8
5 11
5 12
5 14
5 15
5 16
5 17
5 19
5 20
5 21
5 24
5 26
5 29
5 30
5 94
5 220
5 222
5 285
5 302
5 303
5 304
5 305
5 308
5 311
5 312
5 315
5 317
5 318
5 319
5 320
5 321
5 324
5 326
5 327
5 330
5 392
5 532
5 533
6 8
6 11
6 18
6 20
6 21
6 94
6 100
6 103
6 104
6 108
6 111
6 118
6 174
6 176
6 251
6 301
6 317
6 321
6 322
6 385
6 389
6 390
6 391
6 393
6 394
6 398
6 492
6 495
6 514
6 527
7 9
7 14
7 15
7 29
7 306
7 308
7 311
7 315
7 326
8 11
8 12
8 15
8 16
8 17
8 18
8 19
8 20
8 21
8 26
8 94
8 100
8 101
8 104
8 105
8 301
8 302
8 303
8 304
8 311
8 315
8 317
8 318
8 319
8 320
8 321
8 385
8 389
8 391
8 393
8 395
8 495
8 562
9 10
9 13
9 306
9 307
9 310
9 311
9 313
9 314
9 494
9 562
10 307
10 313
11 12
11 16
11 18
11 19
11 20
11 21
11 30
11 94
11 95
11 100
11 101
11 103
11 104
11 105
11 301
11 302
11 303
11 304
11 305
11 311
11 312
11 317
11 319
11 320
11 321
11 385
11 386
11 389
11 390
11 391
11 392
11 393
11 395
11 398
11 495
12 14
12 15
12 16
12 17
12 18
12 19
12 20
12 21
12 29
12 94
12 100
12 105
12 301
12 303
12 304
12 311
12 312
12 315
12 317
12 318
12 319
12 320
12 321
12 389
12 391
12 392
12 393
12 495
13 209
13 249
13 313
13 314
13 316
13 559
13 562
14 15
14 16
14 17
14 19
14 29
14 285
14 303
14 304
14 306
14 308
14 311
14 312
14 315
14 316
14 318
14 319
14 320
14 326
14 392
14 554
14 583
15 16
15 17
15 19
15 24
15 29
15 285
15 303
15 304
15 306
15 308
15 311
15 312
15 313
15 315
15 316
15 318
15 319
15 326
15 554
15 583
16 17
16 18
16 19
16 20
16 21
16 24
16 26
16 29
16 94
16 100
16 104
16 105
16 301
16 302
16 303
16 304
16 305
16 308
16 311
16 312
16 315
16 317
16 318
16 319
16 320
16 321
16 386
16 389
16 391
16 392
16 393
16 495
17 18
17 19
17 20
17 29
17 285
17 303
17 304
17 306
17 308
17 311
17 312
17 313
17 315
17 317
17 318
17 319
17 320
17 326
17 392
17 582
17 583
18 19
18 20
18 21
18 94
18 95
18 98
18 100
18 101
18 103
18 104
18 105
18 108
18 301
18 302
18 303
18 312
18 317
18 318
18 319
18 320
18 321
18 322
18 385
18 386
18 389
18 390
18 391
18 392
18 393
18 394
18 395
18 398
18 495
19 20
19 21
19 26
19 29
19 37
19 94
19 100
19 104
19 105
19 301
19 302
19 303
19 304
19 305
19 311
19 312
19 315
19 317
19 318
19 319
19 320
19 321
19 322
19 336
19 386
19 389
19 391
19 392
20 21
20 37
20 94
20 95
20 98
20 100
20 101
20 103
20 104
20 105
20 301
20 302
20 303
20 304
20 311
20 312
20 317
20 318
20 319
20 320
20 321
20 322
20 385
20 386
20 389
20 390
20 391
20 392
20 393
20 395
20 398
20 495
21 26
21 30
21 31
21 37
21 43
21 90
21 94
21 98
21 100
21 101
21 103
21 104
21 105
21 301
21 302
21 303
21 317
21 318
21 319
21 320
21 321
21 336
21 339
21 386
21 389
21 391
21 392
21 393
21 395
21 398
21 427
21 487
21 495
22 23
22 25
22 28
22 31
22 33
22 34
22 35
22 36
22 37
22 38
22 143
22 220
22 221
22 235
22 237
22 287
22 302
22 303
22 305
22 312
22 318
22 320
22 321
22 322
22 323
22 325
22 329
22 330
22 332
22 333
22 334
22 335
22 336
22 389
22 392
22 529
22 530
22 533
22 549
22 584
23 25
23 26
23 28
23 31
23 32
23 33
23 34
23 35
23 36
23 37
23 38
23 143
23 220
23 221
23 237
23 287
23 302
23 305
23 312
23 320
23 322
23 323
23 325
23 327
23 329
23 330
23 332
23 333
23 335
23 336
23 392
23 405
23 416
23 529
23 530
23 549
23 584
24 29
24 222
24 238
24 240
24 285
24 304
24 306
24 308
24 315
24 324
24 326
24 583
25 28
25 33
25 36
25 70
25 134
25 142
25 143
25 235
25 237
25 242
25 287
25 322
25 323
25 325
25 332
25 333
25 438
25 462
25 584
26 30
26 31
26 32
26 35
26 36
26 37
26 38
26 100
26 104
26 220
26 221
26 226
26 237
26 284
26 287
26 301
26 302
26 303
26 305
26 312
26 320
26 321
26 327
26 328
26 329
26 330
26 332
26 333
26 334
26 335
26 336
26 395
26 443
26 529
26 530
26 535
26 549
26 582
26 584
27 30
27 35
27 36
27 142
27 143
27 144
27 147
27 218
27 329
27 332
27 333
27 441
28 33
28 143
28 220
28 221
28 235
28 237
28 258
28 286
28 287
28 323
28 325
28 329
28 332
28 529
28 530
28 533
28 546
28 549
28 575
28 584
29 238
29 240
29 284
29 285
29 303
29 304
29 306
29 308
29 311
29 312
29 315
29 318
29 319
29 324
29 326
29 550
29 553
29 554
29 582
29 583
30 31
30 32
30 35
30 36
30 37
30 43
30 90
30 140
30 144
30 147
30 220
30 221
30 226
30 237
30 287
30 302
30 305
30 320
30 321
30 327
30 328
30 329
30 330
30 332
30 333
30 335
30 339
30 392
30 443
30 529
30 530
30 533
30 535
31 32
31 33
31 34
31 35
31 36
31 37
31 38
31 43
31 90
31 144
31 220
31 221
31 226
31 237
31 275
31 284
31 287
31 302
31 320
31 321
31 323
31 327
31 328
31 329
31 330
31 332
31 333
31 334
31 335
31 336
31 392
31 443
31 458
31 529
31 530
31 533
31 549
31 582
31 584
32 33
32 34
32 35
32 36
32 37
32 38
32 125
32 147
32 155
32 220
32 221
32 237
32 287
32 302
32 323
32 327
32 329
32 330
32 331
32 332
32 333
32 334
32 335
32 395
32 529
32 530
32 549
33 34
33 35
33 36
33 37
33 38
33 50
33 124
33 125
33 142
33 143
33 220
33 221
33 235
33 237
33 287
33 322
33 323
33 325
33 327
33 329
33 330
33 331
33 332
33 333
33 334
33 335
33 529
33 530
33 549
33 584
34 35
34 37
34 38
34 189
34 204
34 220
34 221
34 223
34 237
34 286
34 287
34 302
34 320
34 322
34 329
34 330
34 332
34 333
34 334
34 335
34 392
34 415
34 529
34 530
34 533
34 549
34 584
35 36
35 37
35 38
35 50
35 125
35 142
35 143
35 147
35 220
35 221
35 237
35 287
35 322
35 323
35 327
35 329
35 330
35 331
35 332
35 333
35 334
35 335
35 441
35 529
35 530
35 549
35 584
36 37
36 38
36 43
36 90
36 124
36 140
36 143
36 144
36 147
36 220
36 221
36 237
36 287
36 302
36 305
36 320
36 321
36 322
36 323
36 324
36 327
36 328
36 329
36 330
36 331
36 332
36 333
36 334
36 335
36 336
36 365
36 372
36 392
36 395
36 425
36 440
36 441
36 529
36 530
36 549
36 584
37 38
37 100
37 102
37 220
37 221
37 237
37 301
37 302
37 305
37 318
37 320
37 321
37 322
37 327
37 329
37 330
37 331
37 332
37 333
37 334
37 335
37 336
37 339
37 389
37 392
37 395
37 529
37 530
37 533
37 549
37 584
38 43
38 79
38 102
38 140
38 148
38 220
38 221
38 237
38 287
38 320
38 327
38 329
38 330
38 331
38 332
38 333
38 334
38 335
38 336
38 339
38 376
38 378
38 529
38 530
38 533
38 549
38 584
39 41
39 42
39 45
39 46
39 47
39 48
39 52
39 54
39 96
39 115
39 116
39 126
39 337
39 338
39 347
39 382
39 398
39 566
40 49
40 51
40 78
40 127
40 140
40 144
40 186
40 352
40 355
40 374
40 426
40 440
40 441
40 448
41 42
41 43
41 45
41 46
41 48
41 52
41 79
41 80
41 86
41 87
41 88
41 89
41 90
41 91
41 126
41 338
41 339
41 347
41 377
41 379
41 380
41 381
41 382
41 416
41 436
42 45
42 46
42 47
42 48
42 52
42 113
42 115
42 116
42 337
42 343
42 347
42 406
43 45
43 58
43 69
43 79
43 80
43 86
43 87
43 89
43 90
43 91
43 97
43 105
43 126
43 130
43 140
43 150
43 221
43 329
43 330
43 335
43 336
43 338
43 339
43 379
43 380
43 381
43 382
43 386
43 425
43 443
43 448
44 58
44 61
44 71
44 80
44 137
44 150
44 158
44 205
44 296
44 339
44 341
44 346
44 347
44 354
44 356
44 357
44 366
44 373
44 415
44 419
44 431
44 435
44 506
44 535
44 536
44 592
45 46
45 48
45 54
45 75
45 347
45 355
45 382
46 47
46 48
46 347
46 349
47 56
47 93
47 113
47 115
47 116
47 119
47 123
47 196
47 201
47 337
47 340
47 347
47 369
48 52
48 54
48 343
48 347
49 51
49 83
49 90
49 126
49 140
49 151
49 425
49 440
49 448
50 117
50 125
50 128
50 131
50 142
50 143
50 146
50 157
50 190
50 218
50 225
50 262
50 267
50 273
50 282
50 290
50 299
50 333
50 361
50 445
50 447
50 574
50 579
50 597
51 66
51 74
51 75
51 78
51 124
51 242
51 345
51 352
51 363
51 438
51 440
51 448
52 53
52 54
52 55
52 89
52 91
52 123
52 126
52 343
52 347
52 349
52 380
52 381
52 382
52 398
52 416
53 55
53 96
53 98
53 103
53 126
53 391
53 398
54 181
54 349
55 94
55 95
55 96
55 98
55 101
55 105
55 108
55 110
55 115
55 120
55 123
55 126
55 312
55 390
55 391
55 395
55 398
55 399
55 401
55 409
55 416
55 417
55 456
55 474
56 435
57 59
57 60
57 61
57 62
57 63
57 65
57 66
57 68
57 82
57 138
57 148
57 149
57 150
57 152
57 352
57 353
57 356
57 357
57 358
57 359
57 362
57 363
57 373
57 375
57 431
57 446
57 448
58 61
58 349
58 354
58 355
58 356
58 448
58 452
58 525
59 60
59 62
59 63
59 64
59 65
59 67
59 82
59 146
59 348
59 353
59 358
59 359
59 413
59 414
60 61
60 62
60 64
60 65
60 66
60 67
60 82
60 149
60 348
60 352
60 353
60 354
60 359
60 363
60 375
60 413
61 62
61 77
61 78
61 82
61 349
61 351
61 352
61 353
61 354
61 355
61 356
61 448
61 525
62 63
62 65
62 66
62 67
62 152
62 300
62 351
62 352
62 358
62 359
62 362
62 363
62 448
63 65
63 66
63 67
63 152
63 358
63 359
63 362
63 363
63 414
64 82
64 125
64 129
64 146
64 149
64 348
64 353
64 359
64 375
64 411
64 413
64 414
64 418
64 422
65 66
65 67
65 82
65 149
65 152
65 352
65 353
65 358
65 359
65 362
65 363
65 448
66 67
66 345
66 352
66 353
66 356
66 358
66 359
66 362
66 363
67 352
67 358
67 359
67 360
67 362
67 363
68 71
68 76
68 79
68 81
68 83
68 85
68 122
68 129
68 130
68 138
68 140
68 145
68 148
68 149
68 152
68 257
68 300
68 339
68 364
68 366
68 373
68 374
68 375
68 376
68 379
68 415
68 420
68 422
68 431
68 434
68 444
68 448
68 563
69 72
69 77
69 79
69 81
69 86
69 87
69 96
69 124
69 127
69 130
69 132
69 137
69 140
69 144
69 162
69 186
69 296
69 297
69 338
69 355
69 364
69 365
69 371
69 372
69 374
69 376
69 377
69 378
69 380
69 382
69 421
69 426
69 430
69 432
69 434
69 440
69 441
69 442
69 460
69 461
69 598
70 75
70 142
70 143
70 185
70 186
70 235
70 241
70 242
70 258
70 293
70 323
70 325
70 438
70 462
70 468
71 72
71 76
71 77
71 79
71 97
71 130
71 132
71 133
71 135
71 137
71 145
71 158
71 226
71 296
71 297
71 300
71 339
71 364
71 366
71 370
71 373
71 374
71 420
71 421
71 428
71 431
71 435
71 439
71 443
71 444
71 531
71 535
71 536
71 592
71 598
72 76
72 77
72 132
72 133
72 135
72 137
72 145
72 177
72 226
72 296
72 366
72 408
72 421
72 428
72 435
72 439
72 443
72 502
72 531
72 535
72 588
72 592
72 598
73 74
73 168
73 185
73 337
73 343
73 367
73 379
73 403
73 405
73 406
73 429
73 436
73 587
74 91
74 337
74 345
74 360
74 369
74 594
75 78
75 91
75 124
75 140
75 355
75 371
75 405
75 430
75 433
75 434
75 436
75 440
76 77
76 81
76 85
76 122
76 132
76 133
76 135
76 137
76 145
76 152
76 158
76 160
76 226
76 253
76 296
76 300
76 364
76 366
76 370
76 373
76 427
76 428
76 444
76 531
76 536
76 563
76 588
76 589
76 592
76 598
77 79
77 132
77 133
77 135
77 137
77 145
77 296
77 300
77 374
77 421
77 435
77 442
77 535
77 543
77 592
77 598
78 124
78 127
78 140
78 144
78 355
78 372
78 440
78 441
78 448
78 528
79 80
79 81
79 83
79 85
79 86
79 87
79 88
79 89
79 91
79 130
79 137
79 138
79 139
79 140
79 150
79 296
79 338
79 339
79 364
79 366
79 367
79 371
79 373
79 374
79 376
79 377
79 378
79 379
79 380
79 381
79 382
79 405
79 415
79 430
79 431
79 433
79 434
79 436
79 446
79 448
79 543
80 81
80 84
80 87
80 89
80 338
80 339
80 356
80 373
80 374
80 379
80 380
80 381
80 382
80 405
80 415
80 436
81 84
81 85
81 86
81 87
81 89
81 91
81 137
81 138
81 150
81 338
81 339
81 364
81 374
81 377
81 380
81 381
81 446
81 466
81 519
81 592
82 138
82 152
82 280
82 348
82 353
82 357
82 359
82 373
82 431
82 444
83 84
83 85
83 86
83 87
83 88
83 89
83 90
83 91
83 126
83 129
83 130
83 140
83 296
83 338
83 339
83 374
83 376
83 379
83 380
83 433
83 436
83 446
83 448
84 85
84 86
84 87
84 88
84 89
84 91
84 126
84 134
84 161
84 338
84 377
84 379
84 380
84 381
84 405
84 436
84 519
84 593
85 86
85 87
85 88
85 89
85 91
85 130
85 138
85 139
85 338
85 364
85 377
85 378
85 379
85 380
85 381
85 405
85 415
85 436
85 442
85 446
85 466
85 519
85 593
85 596
86 87
86 88
86 89
86 91
86 139
86 150
86 338
86 339
86 364
86 377
86 380
86 381
86 382
86 416
86 466
86 519
86 590
86 593
87 88
87 89
87 90
87 91
87 126
87 130
87 138
87 139
87 140
87 338
87 339
87 364
87 374
87 377
87 379
87 380
87 381
87 382
87 405
87 425
87 436
87 446
87 448
87 466
87 593
88 89
88 91
88 96
88 126
88 130
88 134
88 139
88 257
88 338
88 339
88 377
88 378
88 379
88 380
88 381
88 382
88 405
88 406
88 436
88 446
88 596
89 91
89 126
89 139
89 150
89 338
89 339
89 364
89 377
89 379
89 380
89 381
89 382
89 405
89 416
89 436
89 446
89 466
89 519
89 596
90 105
90 126
90 140
90 221
90 301
90 320
90 321
90 336
90 338
90 339
90 380
90 382
90 386
90 392
90 425
91 124
91 126
91 134
91 151
91 161
91 338
91 339
91 377
91 379
91 380
91 381
91 382
91 405
91 416
91 433
91 436
91 446
91 466
91 519
91 596
92 104
92 107
92 111
92 154
92 184
92 187
92 188
92 189
92 191
92 192
92 195
92 198
92 200
92 201
92 202
92 214
92 283
92 289
92 384
92 388
92 402
92 480
92 482
92 483
92 489
92 499
92 500
92 580
92 586
93 95
93 101
93 108
93 110
93 116
93 120
93 121
93 123
93 175
93 176
93 191
93 198
93 200
93 201
93 388
93 399
93 402
93 417
93 480
93 487
93 489
94 95
94 96
94 98
94 100
94 101
94 103
94 104
94 105
94 106
94 120
94 189
94 301
94 302
94 303
94 305
94 312
94 317
94 318
94 319
94 320
94 321
94 385
94 386
94 389
94 390
94 391
94 392
94 393
94 395
94 398
94 401
94 495
95 96
95 98
95 100
95 101
95 104
95 105
95 106
95 108
95 110
95 113
95 115
95 116
95 120
95 121
95 123
95 189
95 289
95 301
95 317
95 385
95 386
95 389
95 390
95 391
95 393
95 395
95 398
95 399
95 401
95 409
95 416
95 417
95 489
96 98
96 115
96 126
96 130
96 312
96 338
96 386
96 398
97 296
97 300
97 339
98 100
98 101
98 103
98 104
98 105
98 106
98 108
98 110
98 120
98 121
98 189
98 301
98 317
98 385
98 386
98 389
98 390
98 391
98 393
98 394
98 395
98 397
98 398
98 399
98 401
98 452
98 455
98 495
99 114
99 131
99 145
99 259
99 260
99 262
99 295
99 298
99 299
99 300
99 387
99 420
99 423
99 539
99 565
99 579
99 594
99 595
99 597
100 101
100 103
100 104
100 105
100 106
100 108
100 110
100 120
100 121
100 184
100 189
100 301
100 302
100 317
100 320
100 321
100 385
100 389
100 390
100 391
100 393
100 395
100 398
100 401
100 487
100 495
101 103
101 104
101 105
101 106
101 108
101 110
101 120
101 121
101 184
101 189
101 198
101 301
101 317
101 321
101 385
101 389
101 390
101 391
101 393
101 395
101 398
101 399
101 401
101 487
101 489
101 495
102 103
102 105
102 334
102 336
102 466
102 495
102 590
103 104
103 105
103 106
103 110
103 118
103 184
103 189
103 301
103 317
103 321
103 385
103 389
103 390
103 391
103 393
103 395
103 398
103 400
103 401
103 487
103 495
103 526
104 105
104 106
104 107
104 108
104 110
104 111
104 120
104 184
104 189
104 198
104 204
104 301
104 302
104 317
104 320
104 321
104 383
104 385
104 386
104 389
104 390
104 391
104 393
104 394
104 395
104 398
104 416
104 452
104 487
104 495
105 106
105 136
105 184
105 301
105 317
105 320
105 321
105 336
105 339
105 385
105 389
105 390
105 391
105 392
105 393
105 395
105 398
105 400
105 461
105 487
105 495
106 121
106 189
106 223
106 289
106 301
106 317
106 385
106 389
106 391
106 395
106 452
106 495
106 526
106 586
107 108
107 109
107 110
107 111
107 116
107 117
107 119
107 120
107 121
107 123
107 154
107 159
107 175
107 187
107 188
107 191
107 192
107 195
107 196
107 198
107 199
107 201
107 202
107 204
107 214
107 283
107 289
107 384
107 388
107 394
107 399
107 401
107 402
107 407
107 409
107 416
107 417
107 467
107 480
107 483
107 489
107 491
107 496
107 497
107 498
107 504
107 505
107 515
107 534
107 580
107 586
108 110
108 111
108 116
108 120
108 121
108 123
108 161
108 174
108 175
108 191
108 195
108 204
108 317
108 388
108 389
108 390
108 391
108 393
108 394
108 395
108 398
108 399
108 401
108 402
108 407
108 409
108 416
108 417
108 470
108 480
108 483
108 489
108 495
109 111
109 117
109 191
109 192
109 193
109 203
109 211
109 212
109 214
109 223
109 251
109 394
109 396
109 397
109 491
109 493
109 496
110 111
110 116
110 120
110 121
110 123
110 175
110 184
110 189
110 195
110 289
110 317
110 388
110 389
110 390
110 391
110 393
110 395
110 398
110 399
110 401
110 409
110 416
110 417
110 480
110 487
110 489
111 120
111 174
111 187
111 191
111 251
111 317
111 388
111 393
111 394
111 401
111 480
111 483
111 491
111 492
111 495
111 496
111 514
111 559
112 114
112 125
112 129
112 142
112 147
112 225
112 295
112 298
112 299
112 365
112 403
112 404
112 411
112 415
112 420
112 422
112 423
112 434
112 460
112 594
113 115
113 116
113 120
113 121
113 123
113 292
113 316
113 406
113 409
113 411
114 116
114 117
114 119
114 125
114 131
114 147
114 154
114 156
114 157
114 188
114 191
114 192
114 194
114 196
114 198
114 201
114 224
114 282
114 295
114 298
114 299
114 300
114 369
114 402
114 404
114 411
114 412
114 420
114 423
114 424
114 445
114 451
114 467
114 499
114 501
114 515
114 516
114 524
114 565
114 579
114 580
114 594
114 595
114 597
115 116
115 120
115 123
115 337
115 398
115 406
115 409
116 117
116 119
116 120
116 121
116 123
116 188
116 191
116 195
116 196
116 201
116 224
116 340
116 369
116 399
116 402
116 403
116 404
116 406
116 407
116 409
116 411
116 412
116 416
116 417
116 467
116 489
116 497
117 119
117 121
117 125
117 131
117 154
117 155
117 157
117 188
117 190
117 191
117 192
117 194
117 195
117 196
117 201
117 202
117 203
117 218
117 223
117 224
117 225
117 282
117 290
117 295
117 299
117 360
117 396
117 397
117 399
117 402
117 403
117 404
117 407
117 412
117 423
117 445
117 454
117 467
117 489
117 501
117 505
117 515
117 534
117 579
117 580
117 594
117 597
118 184
118 218
118 275
118 301
118 386
118 390
118 391
118 395
118 397
118 398
118 454
119 121
119 131
119 147
119 154
119 156
119 157
119 188
119 189
119 190
119 191
119 192
119 194
119 195
119 196
119 198
119 200
119 201
119 202
119 214
119 223
119 224
119 225
119 282
119 283
119 289
119 290
119 295
119 298
119 299
119 399
119 402
119 404
119 407
119 411
119 412
119 423
119 424
119 445
119 451
119 454
119 467
119 489
119 497
119 499
119 501
119 515
119 516
119 524
119 534
119 579
119 580
119 581
119 597
120 121
120 123
120 175
120 184
120 191
120 195
120 201
120 204
120 289
120 317
120 388
120 389
120 390
120 391
120 393
120 394
120 395
120 398
120 399
120 401
120 409
120 416
120 417
120 480
120 489
120 495
121 123
121 154
121 157
121 159
121 188
121 189
121 191
121 192
121 195
121 196
121 198
121 199
121 204
121 223
121 224
121 283
121 289
121 290
121 399
121 401
121 402
121 409
121 412
121 489
121 515
121 534
122 125
122 129
122 141
122 145
122 146
122 150
122 157
122 158
122 164
122 199
122 295
122 296
122 298
122 299
122 300
122 373
122 413
122 415
122 418
122 420
122 421
122 422
122 423
122 431
122 435
122 442
122 444
122 592
122 594
122 595
123 159
123 161
123 191
123 195
123 196
123 199
123 201
123 204
123 343
123 388
123 390
123 398
123 399
123 401
123 402
123 406
123 407
123 409
123 416
123 417
123 467
123 470
123 480
123 489
123 497
123 515
124 127
124 129
124 140
124 142
124 143
124 144
124 147
124 186
124 221
124 275
124 323
124 329
124 332
124 333
124 335
124 365
124 372
124 376
124 378
124 382
124 430
124 433
124 434
124 436
124 438
124 440
124 441
124 448
124 460
124 462
125 129
125 146
125 147
125 155
125 157
125 220
125 295
125 298
125 299
125 329
125 331
125 333
125 335
125 403
125 411
125 412
125 413
125 415
125 418
125 420
125 422
125 423
125 434
125 460
125 543
125 594
126 130
126 141
126 151
126 337
126 338
126 339
126 379
126 380
126 381
126 382
126 386
126 392
126 398
126 405
126 416
126 425
126 436
127 140
127 144
127 186
127 355
127 365
127 372
127 374
127 382
127 421
127 426
127 440
127 441
128 131
128 142
128 190
128 218
128 219
128 225
128 246
128 258
128 262
128 263
128 264
128 267
128 272
128 273
128 274
128 282
128 298
128 453
128 510
128 516
128 518
128 539
128 574
128 575
128 597
128 600
129 134
129 140
129 142
129 149
129 298
129 348
129 364
129 365
129 372
129 375
129 376
129 378
129 405
129 415
129 420
129 421
129 422
129 429
129 430
129 431
129 433
129 434
129 440
129 441
129 460
129 594
130 137
130 138
130 139
130 296
130 338
130 339
130 364
130 366
130 376
130 378
130 379
130 381
130 382
130 405
130 428
130 436
131 154
131 190
131 208
131 218
131 219
131 225
131 262
131 263
131 264
131 267
131 273
131 282
131 295
131 298
131 299
131 404
131 423
131 424
131 445
131 451
131 453
131 510
131 516
131 518
131 539
131 565
131 571
131 574
131 579
131 581
131 595
131 597
132 133
132 135
132 137
132 140
132 158
132 226
132 296
132 366
132 374
132 421
132 426
132 427
132 428
132 434
132 439
132 442
132 535
132 588
132 589
132 592
132 598
133 135
133 137
133 145
133 158
133 226
133 296
133 366
133 428
133 435
133 439
133 443
133 444
133 506
133 531
133 535
133 589
133 592
133 598
134 161
134 377
134 381
134 405
134 456
134 462
135 137
135 145
135 226
135 296
135 351
135 373
135 374
135 442
135 535
135 592
135 598
136 148
136 155
136 160
136 163
136 344
136 395
136 400
136 426
136 427
136 432
136 442
136 456
136 458
136 461
136 464
136 466
136 588
136 589
137 138
137 139
137 140
137 150
137 296
137 338
137 341
137 346
137 366
137 373
137 374
137 380
137 431
137 435
137 436
137 442
137 592
137 598
138 139
138 148
138 149
138 150
138 152
138 339
138 341
138 364
138 373
138 431
138 442
138 446
138 448
138 466
139 140
139 150
139 296
139 338
139 366
139 377
139 378
139 379
139 380
139 431
139 436
139 446
140 144
140 150
140 162
140 186
140 221
140 296
140 297
140 332
140 338
140 339
140 355
140 364
140 365
140 371
140 372
140 374
140 376
140 377
140 378
140 379
140 380
140 382
140 421
140 426
140 430
140 433
140 434
140 436
140 440
140 441
140 442
140 448
140 460
141 199
141 200
141 295
141 296
141 338
141 594
142 143
142 144
142 186
142 242
142 287
142 293
142 323
142 325
142 332
142 333
142 335
142 438
142 440
142 441
142 460
142 462
142 468
142 594
142 600
143 144
143 186
143 219
143 235
143 237
143 242
143 275
143 287
143 293
143 323
143 325
143 329
143 332
143 333
143 335
143 365
143 438
143 441
143 530
144 147
144 186
144 221
144 237
144 287
144 297
144 327
144 332
144 333
144 335
144 355
144 365
144 372
144 382
144 421
144 426
144 430
144 434
144 439
144 440
144 441
144 460
144 528
144 530
145 146
145 155
145 156
145 157
145 158
145 164
145 226
145 295
145 300
145 351
145 373
145 418
145 420
145 423
145 428
145 439
145 443
145 444
145 445
145 449
145 535
145 543
145 595
146 147
146 157
146 295
146 299
146 333
146 351
146 412
146 415
146 418
146 422
146 444
146 445
146 447
147 154
147 155
147 157
147 194
147 295
147 329
147 331
147 333
147 412
147 439
147 460
147 524
148 150
148 152
148 155
148 158
148 160
148 163
148 164
148 253
148 331
148 339
148 364
148 428
148 431
148 437
148 442
148 449
148 464
148 466
148 543
149 150
149 152
149 359
149 364
149 375
149 376
149 415
149 422
149 431
149 437
149 446
149 448
150 152
150 341
150 353
150 419
150 431
150 437
150 442
150 446
150 448
150 466
151 159
151 161
151 437
151 466
152 158
152 339
152 373
152 446
152 448
152 536
153 155
153 163
153 258
153 272
153 293
153 424
153 449
153 450
153 454
153 468
153 600
154 155
154 156
154 157
154 187
154 188
154 190
154 191
154 192
154 194
154 195
154 196
154 198
154 199
154 201
154 202
154 203
154 214
154 224
154 282
154 283
154 290
154 295
154 298
154 299
154 384
154 396
154 402
154 404
154 410
154 412
154 423
154 445
154 447
154 451
154 452
154 454
154 467
154 489
154 491
154 497
154 499
154 501
154 504
154 505
154 515
154 516
154 534
154 544
154 579
154 580
154 581
154 597
155 156
155 157
155 163
155 202
155 331
155 335
155 412
155 420
155 424
155 449
155 450
155 454
155 460
155 515
155 524
155 543
155 595
155 596
156 157
156 164
156 203
156 412
156 423
156 445
156 449
156 465
156 515
156 543
157 164
157 188
157 191
157 195
157 196
157 199
157 201
157 214
157 283
157 290
157 295
157 298
157 299
157 300
157 331
157 402
157 412
157 420
157 423
157 445
157 449
157 454
157 467
157 515
157 524
157 543
157 579
157 580
157 595
157 597
158 160
158 164
158 205
158 226
158 253
158 300
158 357
158 373
158 427
158 428
158 435
158 442
158 444
158 455
158 464
158 506
158 535
158 536
158 543
158 588
158 592
159 160
159 161
159 163
159 164
159 189
159 192
159 195
159 196
159 199
159 201
159 202
159 204
159 214
159 290
159 294
159 399
159 409
159 414
159 416
159 417
159 452
159 455
159 489
159 497
159 515
159 545
159 586
160 164
160 179
160 205
160 214
160 294
160 428
160 457
160 464
160 469
160 562
160 586
160 588
161 171
161 195
161 199
161 204
161 279
161 381
161 406
161 414
161 416
161 455
161 470
161 519
161 587
162 186
162 364
162 365
162 426
162 432
162 434
162 441
162 442
162 450
162 460
162 566
163 164
163 449
163 454
163 455
163 456
163 464
163 515
163 543
163 545
164 205
164 214
164 253
164 331
164 357
164 418
164 428
164 449
164 506
164 515
164 536
164 543
165 576
165 577
166 241
167 175
167 187
167 195
167 198
167 200
167 202
167 388
167 459
167 470
167 474
167 480
167 489
168 170
168 172
168 185
168 229
168 233
168 236
168 239
168 265
168 343
168 475
168 486
168 552
168 587
169 472
169 476
169 477
169 479
170 172
170 183
170 229
170 234
170 247
170 249
170 265
170 268
170 479
170 513
170 542
170 559
171 190
171 196
171 279
171 361
171 387
171 468
171 576
172 232
172 233
172 234
172 236
172 239
172 241
172 250
172 252
172 265
173 472
173 590
174 209
174 217
174 249
174 251
174 266
174 483
174 514
174 559
175 176
175 178
175 187
175 198
175 200
175 202
175 251
175 290
175 388
175 480
175 483
175 489
176 178
176 187
176 251
176 256
176 388
176 480
176 483
176 485
176 509
177 179
177 288
177 355
177 400
177 426
177 482
177 483
177 485
178 181
178 241
178 242
178 481
178 552
179 182
179 472
179 480
179 482
179 483
179 485
179 559
179 562
180 183
181 186
182 209
182 210
182 472
182 477
182 485
182 537
182 559
183 255
184 202
184 301
184 390
184 391
184 395
184 398
184 400
184 401
184 487
185 242
185 292
185 325
185 343
185 552
185 587
186 293
186 365
186 426
186 430
186 432
186 434
186 438
186 440
186 441
186 460
186 462
186 566
186 600
187 188
187 191
187 192
187 195
187 197
187 198
187 201
187 202
187 207
187 266
187 283
187 384
187 388
187 402
187 459
187 480
187 483
187 485
187 489
187 498
187 509
187 514
187 580
187 581
188 191
188 192
188 195
188 196
188 198
188 199
188 201
188 224
188 230
188 282
188 283
188 289
188 290
188 295
188 299
188 384
188 388
188 402
188 404
188 411
188 412
188 423
188 451
188 467
188 489
188 497
188 499
188 505
188 515
188 516
188 579
188 580
188 581
188 586
188 597
189 192
189 195
189 198
189 201
189 202
189 204
189 214
189 223
189 289
189 290
189 301
189 317
189 384
189 385
189 389
189 391
189 399
189 412
189 452
189 455
189 489
189 515
189 534
189 586
190 191
190 197
190 207
190 208
190 215
190 218
190 230
190 242
190 262
190 267
190 273
190 282
190 290
190 404
190 445
190 447
190 451
190 467
190 468
190 510
190 516
190 518
190 544
190 571
190 574
190 580
190 581
190 597
191 192
191 194
191 195
191 196
191 198
191 199
191 201
191 202
191 203
191 207
191 214
191 217
191 224
191 230
191 283
191 289
191 290
191 299
191 384
191 388
191 399
191 402
191 404
191 407
191 412
191 451
191 467
191 489
191 491
191 497
191 498
191 504
191 505
191 509
191 515
191 534
191 579
191 580
191 581
192 195
192 196
192 198
192 201
192 202
192 203
192 214
192 223
192 224
192 280
192 283
192 289
192 384
192 388
192 394
192 396
192 399
192 402
192 407
192 412
192 423
192 467
192 489
192 491
192 493
192 496
192 497
192 498
192 499
192 500
192 501
192 503
192 504
192 505
192 511
192 515
192 534
192 579
192 580
192 581
192 586
193 194
193 397
194 218
194 223
194 225
194 282
194 295
194 298
194 299
194 399
194 404
194 412
194 534
194 580
195 196
195 198
195 199
195 200
195 201
195 202
195 204
195 214
195 224
195 283
195 289
195 290
195 384
195 388
195 399
195 402
195 409
195 412
195 417
195 452
195 467
195 470
195 474
195 480
195 489
195 497
195 498
195 499
195 504
195 505
195 515
195 545
195 580
195 586
196 198
196 199
196 200
196 201
196 202
196 224
196 282
196 283
196 290
196 299
196 388
196 399
196 402
196 404
196 411
196 412
196 417
196 423
196 467
196 489
196 497
196 499
196 515
196 545
196 579
196 580
196 597
197 206
197 207
197 208
197 209
197 210
197 211
197 213
197 215
197 216
197 218
197 230
197 266
197 271
197 273
197 279
197 447
197 492
197 509
197 514
197 516
197 521
197 527
197 573
198 199
198 200
198 201
198 202
198 214
198 283
198 289
198 290
198 295
198 384
198 388
198 396
198 402
198 404
198 412
198 480
198 489
198 497
198 499
198 500
198 501
198 503
198 505
198 515
198 580
198 586
199 201
199 204
199 283
199 368
199 402
199 409
199 497
199 515
199 537
200 201
200 202
200 417
200 459
200 489
200 499
201 202
201 214
201 283
201 289
201 290
201 384
201 388
201 399
201 402
201 404
201 407
201 412
201 417
201 467
201 489
201 497
201 499
201 504
201 505
201 515
201 579
201 580
201 581
202 214
202 290
202 384
202 388
202 396
202 399
202 417
202 454
202 459
202 467
202 489
202 497
202 499
202 500
202 503
202 504
202 515
202 577
202 579
202 580
203 205
203 212
203 214
203 217
203 283
203 396
203 410
203 412
203 493
203 498
203 501
203 505
203 506
203 515
204 227
204 292
204 294
204 317
204 322
204 368
204 385
204 389
204 399
204 402
204 406
204 409
204 414
204 416
204 452
204 455
204 472
204 477
204 486
204 489
204 505
204 537
204 586
204 587
205 214
205 226
205 283
205 465
205 506
205 535
206 207
206 208
206 209
206 210
206 215
206 216
206 228
206 229
206 231
206 247
206 263
206 264
206 265
206 266
206 268
206 269
206 270
206 271
206 273
206 490
206 512
206 513
206 521
206 541
206 542
206 552
206 570
206 573
207 208
207 209
207 210
207 212
207 213
207 215
207 216
207 230
207 231
207 256
207 266
207 267
207 271
207 273
207 283
207 447
207 451
207 509
207 512
207 513
207 514
207 516
207 521
207 573
207 580
207 581
208 209
208 210
208 213
208 215
208 216
208 228
208 229
208 230
208 231
208 232
208 243
208 244
208 245
208 247
208 252
208 254
208 256
208 262
208 263
208 264
208 265
208 267
208 268
208 269
208 270
208 271
208 273
208 451
208 463
208 490
208 510
208 512
208 516
208 518
208 541
208 560
208 570
208 571
208 573
208 574
209 210
209 211
209 212
209 213
209 217
209 229
209 231
209 234
209 249
209 251
209 256
209 265
209 266
209 479
209 509
209 511
209 512
209 513
209 514
209 520
209 521
209 537
209 542
209 559
209 562
209 573
210 211
210 212
210 213
210 216
210 217
210 229
210 231
210 232
210 234
210 247
210 249
210 252
210 256
210 265
210 266
210 268
210 270
210 271
210 491
210 492
210 494
210 509
210 512
210 513
210 514
210 520
210 521
210 537
210 542
210 567
210 573
211 212
211 213
211 229
211 231
211 249
211 265
211 306
211 492
211 493
211 494
211 513
211 520
211 521
211 537
211 542
211 550
211 554
211 583
212 213
212 217
212 230
212 249
212 251
212 266
212 494
212 498
212 509
212 513
212 514
212 520
212 562
213 216
213 229
213 231
213 232
213 234
213 249
213 256
213 265
213 266
213 270
213 271
213 509
213 512
213 513
213 520
213 521
213 542
213 573
214 283
214 384
214 396
214 410
214 419
214 435
214 452
214 496
214 497
214 498
214 499
214 500
214 501
214 502
214 503
214 505
214 506
214 515
214 580
214 586
215 216
215 218
215 271
215 273
215 492
215 509
215 510
215 516
215 521
215 527
216 230
216 231
216 262
216 263
216 267
216 270
216 271
216 273
216 451
216 490
216 509
216 512
216 516
216 521
216 541
216 573
217 251
217 256
217 266
217 452
217 491
217 498
217 509
217 511
217 514
217 527
217 544
218 219
218 267
218 273
218 451
218 453
218 490
218 510
218 516
218 527
218 544
219 264
219 273
219 275
219 453
219 465
219 510
219 516
219 517
219 524
219 528
220 221
220 222
220 223
220 237
220 287
220 302
220 305
220 320
220 322
220 324
220 327
220 329
220 330
220 332
220 333
220 334
220 335
220 336
220 529
220 530
220 533
220 549
220 553
220 584
221 222
221 237
221 275
221 287
221 302
221 320
221 327
221 329
221 330
221 332
221 333
221 334
221 335
221 336
221 339
221 365
221 392
221 415
221 421
221 434
221 441
221 529
221 530
221 533
221 549
221 584
222 223
222 225
222 238
222 239
222 240
222 243
222 245
222 246
222 285
222 286
222 287
222 308
222 324
222 326
222 529
222 530
222 532
222 533
222 547
222 548
222 549
222 550
222 553
222 555
222 584
223 224
223 225
223 397
223 399
223 412
223 501
223 529
223 530
223 532
223 533
223 534
223 584
224 225
224 299
224 402
224 404
224 409
224 411
224 412
224 423
224 489
224 491
224 501
224 505
224 534
225 262
225 282
225 295
225 298
225 299
225 412
225 445
225 533
225 534
225 539
225 597
226 296
226 327
226 328
226 428
226 435
226 439
226 443
226 465
226 502
226 506
226 535
226 536
226 582
227 292
227 294
227 357
227 368
227 444
227 472
227 477
227 486
227 536
227 537
227 550
227 583
227 587
228 229
228 231
228 232
228 233
228 236
228 238
228 239
228 240
228 243
228 244
228 245
228 246
228 247
228 252
228 255
228 262
228 263
228 264
228 265
228 267
228 268
228 269
228 270
228 273
228 490
228 512
228 518
228 541
228 542
228 555
228 570
229 231
229 232
229 233
229 234
229 236
229 238
229 239
229 243
229 247
229 249
229 256
229 265
229 268
229 269
229 270
229 479
229 512
229 513
229 520
229 540
229 541
229 542
229 554
229 570
229 573
230 266
230 273
230 282
230 283
230 451
230 516
230 580
230 581
231 232
231 234
231 236
231 238
231 239
231 243
231 247
231 252
231 255
231 263
231 265
231 268
231 269
231 270
231 271
231 479
231 512
231 513
231 540
231 541
231 542
231 548
231 554
231 560
231 567
231 570
231 573
232 233
232 234
232 239
232 243
232 244
232 250
232 252
232 254
232 262
232 263
232 265
232 267
232 268
232 270
232 271
232 273
232 463
232 512
232 518
232 541
232 558
232 560
232 561
232 570
233 234
233 236
233 239
233 243
233 244
233 250
233 252
233 265
233 268
233 269
233 542
233 560
233 570
234 249
234 252
234 256
234 265
234 266
234 268
234 479
234 512
234 513
234 520
234 521
234 542
234 557
234 559
234 573
235 236
235 237
235 239
235 241
235 242
235 244
235 286
235 287
235 323
235 325
235 332
235 438
235 546
235 551
235 552
235 584
236 238
236 239
236 240
236 241
236 243
236 244
236 265
236 268
236 269
236 284
236 285
236 286
236 541
236 542
236 546
236 547
236 548
236 550
236 551
236 552
236 554
236 555
236 582
237 284
237 287
237 323
237 327
237 328
237 329
237 330
237 331
237 332
237 333
237 334
237 335
237 336
237 529
237 530
237 533
237 549
237 584
238 239
238 240
238 243
238 244
238 245
238 246
238 265
238 268
238 270
238 284
238 285
238 286
238 306
238 541
238 542
238 546
238 547
238 548
238 550
238 551
238 553
238 554
238 555
238 582
238 583
239 240
239 243
239 244
239 246
239 250
239 252
239 254
239 263
239 265
239 268
239 270
239 285
239 541
239 548
239 550
239 551
239 552
239 554
239 555
239 558
239 570
239 583
240 243
240 245
240 246
240 284
240 285
240 286
240 308
240 326
240 530
240 532
240 533
240 546
240 547
240 548
240 549
240 550
240 553
240 554
240 555
240 582
240 583
240 584
241 242
241 244
241 546
241 551
241 552
242 258
242 323
242 325
242 438
242 462
242 468
242 552
242 574
242 600
243 244
243 245
243 246
243 247
243 248
243 250
243 252
243 263
243 265
243 268
243 269
243 270
243 285
243 512
243 541
243 542
243 548
243 550
243 551
243 554
243 555
243 558
243 560
243 570
244 246
244 250
244 252
244 263
244 264
244 268
244 269
244 270
244 508
244 541
244 546
244 548
244 551
244 552
244 555
244 570
245 246
245 263
245 268
245 285
245 286
245 291
245 490
245 518
245 532
245 541
245 553
246 262
246 263
246 264
246 268
246 275
246 285
246 297
246 443
246 453
246 490
246 517
246 518
246 539
246 541
246 548
246 555
247 252
247 256
247 263
247 265
247 268
247 270
247 476
247 479
247 512
247 513
247 541
247 542
247 570
247 573
248 250
248 252
248 253
248 478
248 557
248 558
248 560
248 561
249 251
249 256
249 265
249 266
249 314
249 479
249 513
249 520
249 542
249 559
249 562
250 252
250 254
250 463
250 558
250 560
250 561
250 570
251 483
251 511
252 254
252 256
252 262
252 263
252 265
252 267
252 268
252 269
252 270
252 273
252 463
252 490
252 512
252 518
252 541
252 558
252 560
252 561
252 570
252 571
253 254
253 357
253 428
253 449
253 536
253 558
253 561
253 563
254 445
254 463
254 518
254 558
254 560
254 561
254 570
255 512
255 513
255 538
255 556
255 567
256 265
256 266
256 509
256 514
256 560
257 260
257 364
257 377
257 378
257 379
257 589
258 262
258 264
258 272
258 293
258 468
258 539
258 566
258 575
258 600
259 262
259 263
259 269
259 270
259 274
260 387
261 281
262 263
262 264
262 267
262 273
262 282
262 298
262 299
262 387
262 404
262 445
262 451
262 453
262 510
262 516
262 518
262 539
262 541
262 570
262 571
262 574
262 579
262 597
263 264
263 267
263 268
263 269
263 270
263 273
263 453
263 490
263 508
263 510
263 512
263 517
263 518
263 539
263 541
263 555
263 560
263 570
263 571
263 574
264 268
264 273
264 508
264 510
264 539
264 541
264 555
264 566
264 570
264 571
264 575
264 600
265 266
265 268
265 269
265 270
265 271
265 479
265 512
265 513
265 520
265 521
265 540
265 541
265 542
265 554
265 567
265 570
265 573
266 283
266 509
266 511
266 512
266 513
266 514
266 521
266 542
266 573
266 581
267 273
267 282
267 298
267 439
267 445
267 447
267 451
267 453
267 463
267 490
267 510
267 516
267 518
267 525
267 560
267 571
267 574
267 581
268 269
268 270
268 273
268 479
268 490
268 512
268 513
268 518
268 541
268 542
268 555
268 560
268 570
268 571
268 573
268 574
269 270
269 271
269 273
269 512
269 513
269 540
269 541
269 542
269 555
269 570
269 573
270 271
270 273
270 476
270 479
270 490
270 512
270 541
270 570
270 573
271 273
271 447
271 509
271 512
271 521
271 544
271 573
272 274
272 278
272 462
272 468
273 282
273 298
273 299
273 404
273 445
273 447
273 451
273 453
273 490
273 510
273 512
273 516
273 518
273 539
273 541
273 570
273 571
273 574
273 581
273 597
274 277
274 278
274 279
274 281
275 332
275 392
275 458
275 528
275 530
275 533
275 575
276 524
277 278
277 281
277 524
277 528
277 577
277 589
278 281
278 577
279 280
279 447
279 587
280 457
282 290
282 295
282 298
282 299
282 404
282 412
282 423
282 445
282 447
282 451
282 516
282 518
282 539
282 565
282 571
282 574
282 579
282 580
282 581
282 594
282 597
283 289
283 290
283 299
283 384
283 388
283 402
283 412
283 423
283 467
283 489
283 497
283 498
283 499
283 500
283 501
283 505
283 515
283 579
283 580
283 581
283 586
284 285
284 286
284 287
284 327
284 546
284 547
284 553
284 555
284 582
284 584
285 286
285 303
285 304
285 306
285 308
285 315
285 326
285 546
285 547
285 548
285 550
285 553
285 554
285 555
285 582
285 583
286 287
286 546
286 549
286 553
286 582
286 583
286 584
286 587
287 302
287 320
287 322
287 323
287 327
287 328
287 329
287 330
287 332
287 333
287 335
287 336
287 392
287 415
287 529
287 530
287 533
287 549
287 584
288 535
289 401
289 402
289 489
290 299
290 361
290 388
290 402
290 404
290 412
290 445
290 467
290 489
290 515
290 534
290 579
290 580
290 586
290 597
292 343
292 368
292 486
292 537
292 583
292 587
293 377
293 462
293 600
294 409
294 428
294 537
294 545
294 591
295 296
295 298
295 299
295 300
295 404
295 411
295 412
295 415
295 420
295 423
295 424
295 435
295 439
295 445
295 451
295 499
295 501
295 524
295 565
295 579
295 580
295 594
295 595
295 597
296 297
296 300
296 338
296 366
296 373
296 374
296 415
296 421
296 431
296 434
296 435
296 439
296 592
296 598
297 365
297 372
297 374
297 376
297 421
297 426
297 430
297 434
297 460
297 533
297 599
298 299
298 300
298 351
298 404
298 412
298 420
298 422
298 423
298 424
298 445
298 451
298 524
298 539
298 565
298 579
298 581
298 594
298 595
298 597
298 599
299 300
299 351
299 387
299 402
299 404
299 412
299 422
299 423
299 445
299 447
299 451
299 515
299 516
299 518
299 534
299 539
299 565
299 579
299 580
299 581
299 594
299 595
299 597
300 351
300 418
300 420
300 423
300 435
300 444
300 449
300 501
300 531
300 543
300 592
300 595
300 598
300 599
301 302
301 303
301 312
301 317
301 318
301 319
301 320
301 321
301 322
301 327
301 336
301 385
301 386
301 389
301 390
301 391
301 392
301 393
301 395
301 398
301 495
302 303
302 304
302 305
302 312
302 317
302 318
302 320
302 321
302 322
302 323
302 327
302 329
302 330
302 332
302 334
302 335
302 336
302 386
302 389
302 391
302 392
302 395
302 529
302 530
302 533
302 549
302 584
303 304
303 305
303 306
303 308
303 311
303 312
303 315
303 317
303 318
303 319
303 320
303 321
303 322
303 324
303 328
303 330
303 386
303 389
303 392
304 305
304 306
304 308
304 311
304 312
304 315
304 318
304 319
304 320
304 324
304 326
304 330
304 392
305 320
305 321
305 322
305 324
305 327
305 329
305 330
305 332
305 335
305 386
305 392
305 529
305 530
305 533
306 307
306 308
306 311
306 313
306 314
306 315
306 319
306 326
306 542
306 550
306 554
306 562
306 582
306 583
307 313
307 314
308 311
308 315
308 319
308 324
308 326
308 550
308 553
308 583
309 313
309 562
310 314
310 513
311 313
311 314
311 315
311 316
311 317
311 319
312 317
312 318
312 319
312 320
312 336
312 386
312 389
312 391
312 392
312 395
312 398
312 409
312 416
312 455
313 314
313 315
313 316
313 318
313 559
313 562
314 315
314 316
314 479
314 494
314 512
314 513
314 542
315 316
315 318
315 319
315 326
315 554
316 319
316 479
317 318
317 319
317 320
317 321
317 385
317 386
317 389
317 390
317 391
317 392
317 393
317 394
317 395
317 398
317 399
317 401
317 409
317 495
318 319
318 320
318 321
318 336
318 389
318 391
318 392
319 320
319 321
319 326
319 389
319 391
319 392
320 321
320 322
320 327
320 329
320 330
320 335
320 336
320 386
320 389
320 391
320 392
320 395
320 530
320 533
320 584
321 322
321 330
321 336
321 385
321 386
321 389
321 390
321 391
321 392
321 393
321 395
321 398
321 487
321 495
322 323
322 325
322 329
322 330
322 332
322 333
322 334
322 386
322 389
322 391
322 392
322 529
322 530
322 534
322 584
323 325
323 327
323 329
323 332
323 333
323 335
323 438
323 440
323 462
323 584
324 326
324 329
324 330
324 549
325 332
325 333
325 438
325 462
325 468
325 552
325 584
326 553
326 583
327 328
327 329
327 330
327 332
327 333
327 335
327 336
327 372
327 408
327 426
327 440
327 441
327 529
327 530
327 533
327 549
327 582
327 584
328 329
328 330
328 443
328 535
329 330
329 331
329 332
329 333
329 335
329 339
329 415
329 441
329 529
329 530
329 549
329 584
330 332
330 333
330 334
330 335
330 336
330 339
330 392
330 443
330 529
330 530
330 533
330 549
330 582
330 584
331 332
331 333
331 334
331 335
331 437
331 529
331 543
332 333
332 334
332 335
332 336
332 365
332 425
332 430
332 440
332 441
332 462
332 529
332 530
332 549
332 584
333 334
333 335
333 336
333 440
333 441
333 529
333 530
333 549
333 584
334 335
334 336
334 487
334 529
334 530
334 549
334 584
335 336
335 339
335 372
335 440
335 441
335 529
335 530
335 533
335 549
335 584
336 339
336 372
336 382
336 386
336 392
336 529
336 530
336 533
336 549
336 584
337 347
337 369
337 379
337 381
337 382
337 403
337 405
337 406
337 416
337 419
337 433
337 436
337 446
338 339
338 366
338 374
338 377
338 379
338 380
338 381
338 382
338 415
338 416
338 436
339 366
339 374
339 379
339 380
339 381
339 382
339 386
339 405
339 415
339 425
339 431
339 436
339 443
339 446
339 448
339 530
339 536
339 596
340 342
340 346
340 347
340 406
340 407
340 409
340 411
340 419
340 497
340 505
341 342
341 346
341 418
341 419
341 431
341 442
341 446
342 346
342 347
342 367
343 347
343 381
343 406
343 416
343 470
343 471
343 475
344 346
344 348
344 350
344 371
344 419
344 432
344 442
344 446
344 456
345 352
346 347
346 350
346 354
346 419
346 435
348 353
348 354
348 367
348 371
348 375
348 411
348 413
348 418
348 422
348 431
348 435
349 350
349 355
350 355
351 352
351 418
351 439
351 444
351 445
351 525
351 535
351 543
351 595
352 355
352 358
352 359
352 362
352 363
352 448
353 354
353 356
353 357
353 359
353 367
353 375
353 413
354 356
354 410
354 419
354 431
355 374
355 382
355 408
355 426
355 440
355 441
355 448
355 525
356 357
356 431
356 448
356 452
357 368
357 373
357 418
357 428
357 431
357 444
357 477
357 536
357 537
357 583
358 359
358 362
358 363
359 362
359 363
359 375
360 361
360 445
360 450
360 565
361 414
362 363
363 527
364 371
364 373
364 374
364 376
364 377
364 378
364 380
364 420
364 421
364 428
364 431
364 432
364 434
364 442
364 460
364 466
364 519
364 543
364 589
364 592
364 593
364 598
365 371
365 372
365 374
365 376
365 378
365 421
365 422
365 426
365 430
365 433
365 434
365 440
365 441
365 460
366 373
366 428
366 431
367 371
367 373
367 375
367 376
367 429
367 431
367 433
368 373
368 418
368 429
368 444
368 486
368 505
368 536
368 537
368 583
368 587
369 403
369 404
369 411
369 416
369 594
370 420
370 421
370 422
370 435
370 531
371 372
371 374
371 375
371 376
371 377
371 378
371 405
371 421
371 430
371 431
371 432
371 433
371 434
371 436
371 456
371 460
372 374
372 375
372 376
372 415
372 420
372 421
372 422
372 426
372 430
372 431
372 433
372 434
372 440
372 441
372 460
373 375
373 376
373 415
373 418
373 428
373 431
373 444
373 536
374 375
374 376
374 380
374 382
374 420
374 421
374 426
374 430
374 431
374 434
374 440
374 441
374 448
374 460
374 598
375 376
375 378
375 413
375 415
375 421
375 422
375 430
375 431
375 433
375 434
375 440
376 378
376 379
376 405
376 415
376 420
376 421
376 422
376 430
376 431
376 433
376 434
376 436
376 448
376 460
377 378
377 379
377 380
377 381
377 382
377 405
377 430
377 432
377 434
377 436
377 466
378 379
378 405
378 415
378 421
378 422
378 426
378 430
378 431
378 432
378 433
378 434
378 436
378 440
378 442
378 460
378 596
379 380
379 381
379 382
379 405
379 415
379 430
379 433
379 436
380 381
380 382
380 416
380 436
380 446
380 466
380 593
381 382
381 392
381 405
381 406
381 416
381 436
381 446
382 416
382 425
382 436
382 448
384 388
384 394
384 402
384 459
384 467
384 489
384 496
384 497
384 498
384 499
384 500
384 503
384 504
384 579
384 580
384 581
384 586
385 386
385 389
385 390
385 391
385 393
385 394
385 395
385 398
385 409
385 416
385 452
385 495
386 389
386 390
386 391
386 392
386 395
386 398
386 416
387 423
387 429
387 445
387 565
387 579
387 581
387 595
387 597
388 399
388 402
388 407
388 417
388 467
388 470
388 480
388 489
388 580
388 586
389 390
389 391
389 392
389 393
389 395
389 398
389 399
389 401
389 416
389 495
390 391
390 393
390 394
390 395
390 398
390 399
390 401
390 407
390 416
390 417
390 489
390 495
391 392
391 393
391 394
391 395
391 398
391 399
391 401
391 416
391 417
391 487
391 495
392 393
392 395
392 398
392 416
392 533
393 394
393 395
393 398
393 400
393 401
393 495
393 590
394 396
394 398
394 399
394 401
394 407
394 409
394 489
394 491
394 492
394 493
394 494
394 495
394 496
394 498
394 502
394 503
394 504
394 505
394 514
395 397
395 398
395 399
395 400
395 401
395 416
395 417
395 455
395 466
395 495
396 407
396 408
396 410
396 423
396 435
396 467
396 489
396 493
396 496
396 497
396 499
396 500
396 501
396 502
396 503
396 504
396 505
396 579
396 580
397 399
397 529
397 530
397 532
397 533
397 534
398 399
398 400
398 401
398 416
398 417
398 495
399 401
399 402
399 407
399 409
399 412
399 416
399 417
399 467
399 489
399 504
399 515
399 534
400 426
400 461
400 495
400 538
400 588
400 589
401 409
401 416
401 417
401 489
401 495
401 590
402 404
402 406
402 407
402 409
402 411
402 412
402 417
402 423
402 467
402 489
402 491
402 497
402 499
402 501
402 504
402 505
402 515
402 534
402 579
402 580
403 404
403 406
403 407
403 411
403 415
403 422
403 423
403 594
404 407
404 411
404 412
404 423
404 451
404 467
404 489
404 499
404 501
404 504
404 505
404 516
404 518
404 565
404 579
404 580
404 594
404 597
405 406
405 415
405 430
405 433
405 436
405 446
406 407
406 409
406 411
406 416
406 419
406 497
406 587
407 409
407 411
407 416
407 417
407 467
407 489
407 491
407 497
407 501
407 503
407 504
407 505
407 515
407 534
408 410
408 421
408 439
408 443
408 493
408 494
408 496
408 502
408 504
408 531
408 532
409 411
409 416
409 417
409 419
409 455
409 489
409 497
409 504
409 505
410 452
410 454
410 496
410 501
410 503
410 515
410 527
411 412
411 413
411 417
411 418
411 423
411 435
411 497
411 499
411 501
412 423
412 445
412 451
412 467
412 489
412 497
412 501
412 505
412 515
412 534
412 579
412 580
412 597
413 414
413 418
413 422
415 418
415 420
415 421
415 422
415 429
415 430
415 431
415 433
415 434
415 435
415 436
415 446
415 460
415 529
415 530
415 584
415 594
415 596
416 417
416 419
416 425
416 446
416 455
416 519
417 456
417 467
417 470
417 489
417 497
417 504
417 515
418 422
418 423
418 431
418 435
418 444
418 446
419 431
419 435
419 446
419 452
419 497
419 502
419 504
419 505
420 421
420 422
420 423
420 424
420 434
420 435
420 450
420 460
420 543
420 565
420 594
420 595
420 596
420 597
420 598
420 599
421 422
421 426
421 430
421 431
421 434
421 435
421 439
421 440
421 441
421 460
421 528
421 592
421 594
421 595
421 596
421 598
421 599
422 429
422 430
422 431
422 433
422 434
422 460
422 594
422 595
423 424
423 435
423 445
423 451
423 467
423 497
423 499
423 501
423 505
423 515
423 516
423 539
423 565
423 579
423 580
423 594
423 595
423 597
424 450
424 451
424 467
424 468
424 510
424 524
424 565
424 566
424 571
424 579
424 595
424 597
424 599
424 600
425 440
425 448
426 430
426 432
426 434
426 440
426 441
426 460
426 461
427 428
427 461
427 588
427 589
427 592
427 593
428 449
428 457
428 469
428 506
428 535
428 536
428 588
428 589
428 592
429 587
430 432
430 433
430 434
430 436
430 440
430 441
430 458
430 460
430 462
430 546
431 433
431 434
431 435
431 442
431 444
431 446
431 448
431 460
431 543
432 434
432 442
432 456
432 458
432 460
432 461
432 466
432 519
432 596
433 434
433 436
433 440
433 446
433 448
434 435
434 436
434 440
434 441
434 442
434 460
434 528
434 543
435 442
435 458
435 460
435 499
435 500
435 501
435 502
435 531
435 592
435 596
435 598
436 446
436 448
437 446
437 456
437 462
437 466
437 468
438 440
438 441
438 462
438 468
439 443
439 524
439 525
439 535
439 595
440 441
440 448
440 462
441 460
441 462
441 528
441 566
442 456
442 458
442 466
442 543
442 592
443 529
443 530
443 535
444 506
444 535
444 536
444 583
445 447
445 451
445 515
445 518
445 539
445 561
445 579
445 595
445 597
446 448
447 451
447 505
447 516
447 579
447 580
447 581
447 597
449 454
449 464
449 465
449 543
450 454
450 467
450 468
450 510
450 519
450 524
450 565
450 566
450 579
450 595
450 600
451 467
451 490
451 509
451 510
451 516
451 518
451 524
451 539
451 565
451 571
451 574
451 579
451 580
451 581
451 597
452 454
452 455
452 464
452 515
452 526
452 527
453 465
453 490
453 510
453 516
453 517
453 518
453 525
453 527
453 571
454 455
454 467
454 515
454 519
454 534
454 543
454 596
455 456
455 519
456 458
456 466
456 519
456 577
456 578
457 459
457 469
457 472
457 477
457 562
457 572
457 578
457 588
457 589
457 590
457 591
458 460
458 465
458 528
459 461
459 473
459 500
459 503
459 519
459 577
459 578
460 543
460 594
460 595
460 596
460 599
461 466
461 578
461 588
461 589
461 590
461 593
461 598
462 468
463 558
463 560
463 561
464 588
465 525
465 528
465 535
466 519
466 578
466 590
466 593
467 489
467 491
467 497
467 498
467 499
467 503
467 504
467 505
467 515
467 534
467 565
467 579
467 580
467 581
468 565
468 574
468 600
469 488
469 578
469 588
469 589
470 471
470 474
470 475
471 473
471 475
472 476
472 477
472 536
472 537
473 578
474 489
474 523
475 507
476 477
476 479
476 573
477 537
478 558
479 512
479 513
479 542
479 559
479 573
480 482
480 483
480 485
480 489
480 586
481 484
481 556
482 483
482 485
483 485
483 514
485 559
486 537
486 587
488 569
488 572
488 588
488 589
489 491
489 497
489 499
489 500
489 503
489 504
489 505
489 515
489 534
489 579
489 580
489 586
490 492
490 512
490 516
490 517
490 518
490 521
490 525
490 527
490 541
490 560
490 573
491 493
491 494
491 496
491 498
491 501
491 504
491 505
491 509
491 511
491 514
491 534
491 537
491 544
492 494
492 496
492 498
492 503
492 505
492 514
492 516
492 521
492 523
492 526
492 527
493 494
493 496
493 498
493 501
493 502
493 503
493 504
493 505
493 511
494 496
494 498
494 502
494 513
494 514
494 520
494 559
494 562
495 526
495 559
495 562
495 590
496 498
496 500
496 501
496 502
496 503
496 504
496 505
496 514
497 498
497 499
497 500
497 501
497 503
497 504
497 505
497 515
497 580
498 500
498 502
498 503
498 504
498 505
498 511
498 514
498 520
498 521
498 527
498 562
499 500
499 501
499 502
499 503
499 504
499 505
499 516
499 579
499 580
500 501
500 502
500 503
500 504
500 505
500 578
501 502
501 503
501 504
501 505
501 515
501 516
501 579
501 580
502 503
502 504
502 506
503 504
503 505
503 516
503 523
503 527
503 577
504 505
504 515
504 580
505 515
505 516
505 580
506 535
506 536
508 510
508 541
508 555
508 566
509 514
509 521
509 527
509 581
510 516
510 518
510 524
510 539
510 565
510 571
510 574
510 600
511 520
511 562
511 585
512 513
512 514
512 521
512 541
512 542
512 560
512 567
512 573
513 514
513 520
513 521
513 540
513 541
513 542
513 554
513 573
514 521
514 527
514 544
514 559
515 534
515 543
515 545
515 579
515 580
515 581
515 597
516 517
516 518
516 525
516 527
516 571
516 574
516 579
516 580
516 581
516 597
518 539
518 541
518 560
518 561
518 570
518 571
518 574
518 597
519 577
519 578
519 589
519 592
519 593
519 596
520 521
520 542
520 559
520 562
520 573
521 523
521 527
521 542
521 544
521 559
521 573
522 573
523 526
524 565
524 571
524 579
524 580
524 581
524 595
525 527
526 527
526 559
526 562
526 590
527 544
528 566
528 575
528 599
528 600
529 530
529 532
529 533
529 549
529 553
529 584
530 532
530 533
530 549
530 553
530 584
531 532
531 535
531 592
531 598
531 599
532 533
532 547
532 550
532 553
532 582
533 549
533 553
533 584
534 580
535 536
535 557
535 582
536 537
536 550
536 582
536 583
537 583
537 587
538 588
539 571
539 575
539 579
539 595
539 597
539 599
539 600
540 542
541 542
541 555
541 560
541 567
541 570
541 571
541 573
541 574
542 554
542 556
542 567
542 573
543 595
546 547
546 551
546 552
546 553
546 554
546 555
546 584
547 550
547 551
547 553
547 554
547 555
547 582
547 583
547 584
548 550
548 551
548 552
548 554
548 555
549 553
549 584
550 553
550 554
550 555
550 563
550 582
550 583
551 552
551 554
551 555
553 554
553 582
553 583
553 584
554 555
554 582
554 583
555 570
556 559
556 562
557 563
558 560
558 561
558 563
558 570
559 562
560 561
560 570
561 570
562 590
562 591
564 572
564 593
565 579
565 580
565 594
565 595
565 597
565 599
565 600
566 600
568 600
569 572
570 571
570 574
571 574
571 597
572 578
572 588
572 589
572 590
572 593
574 597
575 600
576 577
577 578
578 588
578 589
578 590
578 593
579 580
579 581
579 594
579 595
579 597
580 581
580 594
580 597
581 597
582 583
582 584
583 587
588 589
588 590
588 591
588 592
588 593
588 598
589 592
589 593
589 598
590 591
590 593
591 593
592 595
592 596
592 598
592 599
594 595
594 597
595 596
595 597
595 598
595 599
598 599
599 600
