600 7195

1 2
1 26
1 100
1 101
1 175
1 177
1 184
1 220
1 227
1 287
1 288
1 289
1 290
1 291
1 386
1 506
1 535
1 537
1 582
1 586
1 587
2 4
2 100
2 103
2 105
2 106
2 144
2 181
2 184
2 301
2 388
2 537
3 4
3 5
3 6
3 7
3 8
3 11
3 12
3 18
3 20
3 21
3 98
3 102
3 103
3 104
3 105
3 303
3 304
3 305
3 317
3 319
3 320
3 336
3 425
4 5
4 11
4 18
4 20
4 21
4 22
4 24
4 27
4 28
4 30
4 31
4 32
4 33
4 35
4 36
4 37
4 38
4 50
4 98
4 100
4 101
4 103
4 105
4 106
4 123
4 142
4 144
4 146
4 158
4 159
4 190
4 221
4 253
4 301
4 302
4 303
4 304
4 305
4 317
4 320
4 321
4 322
4 323
4 324
4 326
4 328
4 329
4 331
4 332
4 333
4 334
4 335
4 388
4 389
4 432
4 445
4 456
4 466
4 490
4 514
4 530
4 535
4 600
5 6
5 11
5 18
5 20
5 21
5 22
5 24
5 27
5 30
5 32
5 36
5 38
5 98
5 102
5 103
5 105
5 106
5 123
5 142
5 144
5 221
5 301
5 303
5 304
5 305
5 308
5 317
5 319
5 320
5 321
5 323
5 324
5 326
5 328
5 329
5 333
5 335
5 388
5 389
5 425
5 432
5 456
5 466
5 490
5 596
5 600
6 8
6 11
6 12
6 18
6 20
6 98
6 303
6 304
6 317
6 319
6 366
6 569
7 10
7 12
7 14
7 16
7 18
7 29
7 98
7 104
7 204
7 295
7 303
7 304
7 306
7 307
7 308
7 309
7 312
7 317
7 319
7 321
7 336
8 11
8 12
8 18
8 20
8 21
8 98
8 102
8 123
8 303
8 304
8 307
8 311
8 317
8 319
8 320
8 336
9 256
9 259
9 265
9 269
10 29
11 18
11 20
11 21
11 36
11 38
11 53
11 97
11 98
11 102
11 103
11 104
11 105
11 106
11 123
11 144
11 221
11 301
11 303
11 304
11 305
11 307
11 308
11 317
11 319
11 320
11 321
11 324
11 333
11 335
11 336
11 388
11 391
12 16
12 18
12 98
12 303
12 304
12 306
12 307
12 308
12 315
12 317
12 319
12 336
12 569
13 173
13 479
14 29
14 107
14 108
14 109
14 111
14 192
14 198
14 200
14 202
14 211
14 231
14 309
14 502
15 316
15 511
16 18
16 295
16 304
16 306
16 308
16 309
16 315
16 317
16 319
17 19
17 318
18 20
18 21
18 98
18 102
18 103
18 104
18 105
18 123
18 301
18 303
18 304
18 305
18 307
18 311
18 315
18 317
18 319
18 320
18 321
18 336
18 388
18 391
19 318
19 331
20 21
20 36
20 38
20 98
20 102
20 103
20 104
20 105
20 106
20 123
20 142
20 221
20 301
20 303
20 304
20 305
20 308
20 317
20 319
20 320
20 321
20 323
20 326
20 333
20 334
20 335
20 336
20 388
20 389
20 391
20 425
20 565
20 600
21 22
21 24
21 27
21 30
21 31
21 32
21 33
21 35
21 36
21 37
21 38
21 98
21 102
21 103
21 104
21 105
21 106
21 123
21 142
21 144
21 146
21 221
21 301
21 303
21 304
21 305
21 308
21 317
21 319
21 320
21 321
21 323
21 324
21 326
21 328
21 329
21 330
21 331
21 333
21 334
21 335
21 336
21 388
21 389
21 425
21 490
21 530
21 600
22 24
22 25
22 36
22 50
22 105
22 106
22 110
22 144
22 146
22 158
22 159
22 221
22 285
22 292
22 302
22 305
22 322
22 323
22 324
22 325
22 328
22 329
22 330
22 332
22 333
22 334
22 335
22 388
22 389
22 445
22 455
22 466
22 529
22 530
23 24
23 25
23 26
23 27
23 28
23 30
23 31
23 32
23 33
23 34
23 35
23 36
23 37
23 38
23 133
23 143
23 158
23 221
23 305
23 323
23 324
23 326
23 327
23 328
23 329
23 331
23 332
23 333
23 334
23 335
23 417
23 428
23 442
23 443
23 445
23 447
23 456
24 26
24 27
24 28
24 30
24 31
24 32
24 33
24 34
24 35
24 36
24 37
24 38
24 100
24 101
24 105
24 114
24 131
24 141
24 142
24 144
24 146
24 159
24 190
24 221
24 305
24 308
24 312
24 323
24 324
24 326
24 328
24 329
24 331
24 333
24 334
24 335
24 364
24 389
24 428
24 432
24 447
24 459
24 490
24 510
25 28
25 30
25 50
25 133
25 156
25 158
25 164
25 323
25 324
25 325
25 327
25 329
25 417
25 428
25 443
25 445
25 455
25 464
26 27
26 28
26 30
26 31
26 32
26 33
26 34
26 35
26 36
26 37
26 38
26 105
26 106
26 221
26 284
26 323
26 324
26 326
26 328
26 329
26 331
26 332
26 333
26 335
26 388
26 389
26 530
27 28
27 30
27 31
27 32
27 33
27 34
27 35
27 36
27 37
27 38
27 103
27 105
27 106
27 123
27 144
27 146
27 221
27 305
27 320
27 323
27 324
27 326
27 328
27 329
27 331
27 333
27 334
27 335
27 364
27 388
27 389
27 417
27 447
27 459
27 510
28 30
28 31
28 32
28 33
28 34
28 35
28 36
28 37
28 38
28 105
28 123
28 143
28 159
28 221
28 284
28 285
28 305
28 323
28 324
28 326
28 327
28 328
28 329
28 330
28 331
28 332
28 333
28 334
28 335
28 388
28 417
28 428
28 445
28 447
28 456
29 308
29 309
30 31
30 32
30 33
30 34
30 35
30 36
30 37
30 38
30 103
30 105
30 106
30 123
30 144
30 221
30 305
30 320
30 323
30 324
30 326
30 327
30 328
30 329
30 330
30 331
30 332
30 333
30 334
30 335
30 388
30 389
30 417
30 530
31 32
31 33
31 34
31 35
31 36
31 37
31 38
31 105
31 106
31 123
31 144
31 221
31 305
31 323
31 324
31 326
31 327
31 328
31 329
31 330
31 331
31 332
31 333
31 334
31 335
31 417
31 445
31 530
32 33
32 34
32 35
32 36
32 37
32 38
32 101
32 103
32 105
32 106
32 123
32 144
32 146
32 221
32 226
32 253
32 284
32 305
32 323
32 324
32 326
32 327
32 328
32 329
32 330
32 331
32 332
32 333
32 334
32 335
32 388
32 389
32 417
32 445
32 530
32 535
33 34
33 35
33 36
33 37
33 38
33 221
33 285
33 305
33 323
33 324
33 326
33 328
33 329
33 330
33 331
33 332
33 333
33 334
33 335
34 35
34 36
34 37
34 38
34 105
34 106
34 146
34 147
34 165
34 221
34 284
34 285
34 286
34 287
34 323
34 324
34 326
34 327
34 328
34 329
34 330
34 331
34 332
34 333
34 334
34 335
34 417
34 445
34 582
35 36
35 37
35 38
35 105
35 106
35 146
35 221
35 305
35 323
35 324
35 326
35 327
35 328
35 329
35 330
35 331
35 333
35 334
35 335
35 530
36 37
36 38
36 102
36 103
36 105
36 106
36 123
36 144
36 146
36 221
36 302
36 305
36 320
36 322
36 323
36 324
36 326
36 327
36 328
36 329
36 330
36 331
36 332
36 333
36 334
36 335
36 388
36 389
36 417
36 432
36 445
36 530
37 38
37 102
37 103
37 105
37 106
37 123
37 146
37 221
37 305
37 320
37 323
37 324
37 326
37 327
37 328
37 329
37 330
37 331
37 333
37 334
37 335
37 388
37 417
37 530
38 102
38 103
38 105
38 106
38 123
38 144
38 146
38 221
38 305
38 320
38 323
38 324
38 326
38 327
38 328
38 329
38 330
38 331
38 332
38 333
38 334
38 335
38 364
38 388
38 389
38 417
38 445
38 530
39 41
39 42
39 43
39 45
39 46
39 48
39 89
39 90
39 91
39 338
39 342
39 343
39 347
40 44
40 49
40 54
40 58
40 78
40 82
40 125
40 127
40 150
40 341
40 353
40 354
40 356
40 357
40 372
40 418
40 421
40 440
40 441
40 446
41 42
41 43
41 45
41 46
41 48
41 52
41 54
41 91
41 138
41 340
41 342
41 343
41 346
41 349
41 494
41 573
42 45
42 46
42 47
42 48
42 54
42 337
42 340
42 342
42 343
42 344
42 346
42 347
43 48
43 52
43 54
43 58
43 89
43 90
43 91
43 138
43 338
43 382
44 58
44 65
44 77
44 82
44 127
44 341
44 353
44 354
44 356
44 357
44 371
44 420
44 430
45 46
45 48
45 52
45 54
45 78
45 340
45 342
45 343
45 344
45 346
45 347
45 349
46 48
46 52
46 54
46 78
46 337
46 340
46 342
46 343
46 344
46 346
46 347
46 348
46 349
46 409
47 83
47 88
47 92
47 112
47 113
47 115
47 116
47 340
47 396
47 407
47 408
47 492
48 52
48 54
48 57
48 58
48 89
48 90
48 178
48 295
48 296
48 300
48 341
48 342
48 343
48 344
48 346
48 347
48 349
49 65
49 122
49 134
49 150
49 151
49 152
49 350
49 430
49 446
49 448
50 59
50 100
50 119
50 146
50 147
50 156
50 157
50 158
50 159
50 165
50 196
50 225
50 226
50 235
50 287
50 332
50 397
50 399
50 412
50 445
50 447
50 455
50 456
50 464
50 497
50 515
50 529
50 530
50 534
50 535
50 546
50 583
50 584
51 53
51 63
51 345
51 362
51 438
51 539
51 541
52 54
52 57
52 339
52 341
52 342
52 343
52 344
52 346
52 349
53 55
53 60
53 64
53 94
53 96
53 118
53 123
53 385
53 386
53 396
53 398
53 410
53 411
53 539
54 57
54 58
54 61
54 78
54 82
54 89
54 178
54 337
54 341
54 342
54 343
54 344
54 346
54 347
54 348
54 349
54 353
55 92
55 95
55 96
55 101
55 112
55 113
55 114
55 115
55 116
55 118
55 119
55 120
55 126
55 130
55 156
55 157
55 167
55 195
55 196
55 199
55 280
55 404
55 408
55 423
55 459
55 462
55 506
55 535
56 60
56 61
56 64
56 122
56 125
56 129
56 348
56 353
56 359
56 406
56 410
56 413
56 424
57 58
57 61
57 65
57 82
57 122
57 124
57 125
57 150
57 339
57 341
57 344
57 346
57 348
57 349
57 353
57 359
57 413
57 418
58 61
58 65
58 74
58 82
58 122
58 127
58 150
58 339
58 341
58 344
58 348
58 349
58 353
58 354
58 355
58 356
58 357
58 359
58 372
58 418
58 421
58 440
58 441
58 446
59 61
59 67
59 121
59 125
59 149
59 196
59 351
59 359
59 412
59 414
59 417
59 421
59 424
59 444
59 447
59 451
59 497
59 580
60 64
60 97
60 99
60 310
60 348
60 386
60 398
60 409
60 410
60 411
60 413
60 416
60 450
61 67
61 82
61 122
61 124
61 125
61 127
61 149
61 150
61 341
61 348
61 349
61 351
61 353
61 354
61 359
61 369
61 372
61 375
61 413
61 414
61 418
61 420
61 421
61 424
61 440
61 446
61 450
61 451
62 63
62 66
62 252
62 508
62 541
62 566
63 174
63 195
63 358
63 362
64 123
64 310
64 311
64 348
64 386
64 398
64 409
64 410
64 411
64 413
64 416
64 417
65 122
65 124
65 125
65 150
65 350
65 357
65 418
66 67
66 125
66 152
66 351
66 359
66 363
66 369
66 414
66 421
66 446
66 450
67 125
67 149
67 351
67 359
67 369
67 413
67 414
67 418
67 421
67 424
67 440
67 446
67 450
68 74
68 77
68 79
68 80
68 82
68 84
68 87
68 134
68 138
68 140
68 161
68 365
68 368
68 380
68 426
68 430
68 448
68 592
69 70
69 72
69 79
69 91
69 135
69 137
69 186
69 292
69 293
69 294
69 297
69 365
69 366
69 368
69 427
70 71
70 72
70 74
70 76
70 77
70 79
70 135
70 140
70 186
70 293
70 294
70 297
70 365
70 366
70 368
70 370
70 372
70 420
70 427
70 434
70 596
70 598
71 72
71 74
71 76
71 97
71 99
71 135
71 293
71 294
71 297
71 370
71 588
71 596
71 598
72 74
72 76
72 77
72 79
72 81
72 135
72 137
72 293
72 294
72 297
72 366
72 368
72 370
72 372
72 427
72 596
73 75
73 79
73 88
73 91
73 137
73 373
73 380
74 76
74 77
74 78
74 79
74 82
74 127
74 129
74 136
74 140
74 149
74 150
74 351
74 368
74 369
74 370
74 372
74 420
74 421
74 422
74 424
74 429
74 430
74 431
74 437
74 440
74 444
74 446
74 458
74 484
74 598
74 599
75 91
75 338
75 539
76 77
76 99
76 129
76 131
76 136
76 140
76 141
76 297
76 364
76 368
76 370
76 372
76 379
76 420
76 422
76 428
76 437
76 448
76 458
76 588
76 593
76 595
76 596
76 598
76 599
76 600
77 79
77 134
77 135
77 136
77 138
77 140
77 149
77 297
77 365
77 366
77 368
77 370
77 372
77 380
77 420
77 422
77 426
77 427
77 430
77 432
77 434
77 458
77 588
77 593
77 596
77 598
78 82
78 127
78 341
78 343
78 344
78 346
78 348
78 349
78 372
78 440
78 441
79 80
79 81
79 84
79 86
79 87
79 88
79 91
79 137
79 140
79 338
79 365
79 370
79 373
79 376
79 377
79 378
79 380
80 81
80 83
80 84
80 85
80 86
80 87
80 88
80 140
80 179
80 373
80 374
80 376
80 377
80 378
80 380
80 381
81 83
81 84
81 85
81 86
81 88
81 130
81 132
81 133
81 137
81 369
81 370
81 373
81 374
81 376
81 377
81 378
82 125
82 127
82 129
82 150
82 152
82 341
82 344
82 346
82 348
82 353
82 359
82 372
82 375
82 418
82 420
82 421
82 422
82 440
82 441
82 446
82 599
83 84
83 85
83 86
83 87
83 88
83 112
83 126
83 129
83 130
83 132
83 134
83 370
83 374
83 377
83 403
83 406
83 422
83 423
83 429
83 430
83 459
83 462
83 482
84 85
84 86
84 87
84 88
84 130
84 365
84 367
84 373
84 374
84 376
84 377
84 378
84 380
84 381
84 403
84 483
85 86
85 87
85 88
85 130
85 376
85 377
85 378
85 381
85 462
86 87
86 88
86 130
86 367
86 373
86 374
86 376
86 377
86 378
86 381
86 483
87 88
87 130
87 132
87 134
87 140
87 365
87 367
87 374
87 376
87 377
87 378
87 380
87 381
87 403
87 426
87 429
87 430
88 115
88 130
88 338
88 374
88 376
88 377
88 378
88 381
88 403
88 405
88 483
89 91
89 178
89 214
89 276
89 337
89 338
89 339
89 342
89 343
89 344
89 346
90 203
90 219
90 272
90 281
90 296
91 140
91 338
91 355
91 365
91 380
91 382
92 93
92 94
92 95
92 112
92 113
92 115
92 116
92 118
92 194
92 407
92 408
92 487
92 506
93 94
93 95
93 117
93 118
93 194
93 390
93 408
94 95
94 118
94 120
94 194
94 390
94 394
94 396
94 398
94 407
94 408
94 411
94 487
95 96
95 112
95 113
95 114
95 115
95 116
95 118
95 120
95 126
95 188
95 194
95 280
95 383
95 385
95 390
95 395
95 408
95 487
95 506
96 99
96 112
96 113
96 114
96 115
96 118
96 120
96 126
96 130
96 132
96 156
96 177
96 196
96 385
96 400
96 403
96 423
96 459
96 462
96 482
96 483
96 595
97 98
97 99
97 282
97 302
97 307
97 311
97 317
97 336
97 386
97 398
97 410
97 420
97 450
98 102
98 103
98 105
98 144
98 301
98 303
98 304
98 305
98 307
98 311
98 317
98 319
98 320
98 335
98 336
98 388
98 389
99 112
99 114
99 129
99 131
99 228
99 282
99 298
99 351
99 370
99 387
99 410
99 420
99 437
99 450
99 484
99 510
99 595
99 596
99 598
99 599
99 600
100 101
100 105
100 106
100 110
100 119
100 120
100 121
100 146
100 147
100 156
100 157
100 189
100 196
100 220
100 221
100 223
100 283
100 302
100 321
100 326
100 328
100 332
100 333
100 334
100 335
100 388
100 389
100 391
100 392
100 397
100 398
100 399
100 400
100 401
100 515
100 529
100 530
100 534
100 535
100 583
100 584
101 106
101 110
101 114
101 119
101 120
101 146
101 156
101 157
101 167
101 188
101 189
101 190
101 196
101 220
101 221
101 253
101 283
101 287
101 302
101 321
101 326
101 328
101 389
101 398
101 400
101 514
101 515
101 530
101 535
101 583
101 584
102 103
102 105
102 106
102 123
102 221
102 303
102 304
102 305
102 308
102 317
102 319
102 320
102 333
102 334
102 335
102 336
102 388
102 389
102 392
102 438
102 453
103 104
103 105
103 106
103 123
103 142
103 144
103 221
103 301
103 303
103 304
103 305
103 317
103 319
103 320
103 321
103 323
103 326
103 329
103 333
103 334
103 335
103 336
103 388
103 438
104 108
104 109
104 189
104 209
104 212
104 303
104 304
104 317
104 319
104 321
104 391
104 519
105 106
105 123
105 142
105 144
105 146
105 221
105 301
105 302
105 303
105 304
105 305
105 308
105 317
105 319
105 320
105 321
105 322
105 323
105 324
105 326
105 328
105 329
105 330
105 332
105 333
105 334
105 335
105 336
105 388
105 389
105 417
105 432
105 445
105 466
105 530
105 600
106 110
106 123
106 144
106 146
106 221
106 223
106 227
106 302
106 304
106 305
106 317
106 320
106 321
106 322
106 323
106 324
106 326
106 328
106 329
106 330
106 332
106 333
106 334
106 335
106 336
106 388
106 389
106 391
106 392
106 417
106 445
106 514
106 530
107 108
107 109
107 111
107 118
107 120
107 157
107 192
107 193
107 197
107 212
107 213
107 218
107 223
107 224
107 233
107 234
107 393
107 395
107 397
107 489
107 501
107 502
107 503
107 515
107 520
107 521
107 526
107 531
107 533
107 545
107 547
107 581
108 109
108 111
108 189
108 192
108 193
108 198
108 202
108 209
108 211
108 212
108 213
108 224
108 231
108 234
108 241
108 244
108 273
108 511
108 527
108 551
109 111
109 118
109 192
109 209
109 210
109 212
109 222
109 223
109 224
109 394
109 493
109 500
109 502
109 505
109 511
109 512
109 513
109 519
109 521
109 531
109 532
109 536
109 537
109 540
109 542
109 548
109 552
110 119
110 120
110 146
110 156
110 157
110 166
110 167
110 196
110 218
110 220
110 221
110 223
110 230
110 283
110 285
110 287
110 302
110 321
110 322
110 328
110 388
110 389
110 392
110 399
110 400
110 401
110 497
110 529
110 530
110 580
110 583
110 584
111 182
111 192
111 198
111 202
111 209
111 211
111 212
111 213
111 224
111 231
111 241
111 273
111 274
111 309
111 511
111 521
111 527
111 551
111 555
112 113
112 114
112 115
112 116
112 126
112 129
112 130
112 131
112 132
112 134
112 136
112 141
112 157
112 162
112 167
112 175
112 177
112 180
112 181
112 190
112 205
112 280
112 370
112 396
112 403
112 404
112 406
112 422
112 423
112 429
112 430
112 457
112 459
112 462
112 482
112 484
112 491
112 506
112 575
112 595
113 114
113 115
113 116
113 118
113 120
113 126
113 130
113 195
113 196
113 199
113 280
113 383
113 403
113 404
113 423
113 462
113 506
114 119
114 120
114 129
114 130
114 131
114 132
114 134
114 136
114 141
114 157
114 162
114 167
114 175
114 177
114 188
114 190
114 194
114 196
114 199
114 280
114 403
114 404
114 422
114 423
114 429
114 430
114 457
114 459
114 462
114 482
114 484
114 490
114 491
114 510
115 116
115 118
115 130
115 280
115 396
115 407
115 408
115 436
116 118
116 120
116 126
116 157
116 167
116 194
116 199
116 205
116 233
116 280
116 390
116 393
116 396
116 407
116 408
116 436
116 492
116 501
116 506
117 118
117 191
117 194
117 198
117 202
117 264
118 120
118 194
118 390
118 394
118 396
118 407
118 408
118 411
119 120
119 121
119 146
119 147
119 156
119 157
119 162
119 166
119 167
119 172
119 196
119 205
119 220
119 230
119 232
119 236
119 237
119 283
119 285
119 286
119 287
119 289
119 328
119 395
119 397
119 399
119 400
119 401
119 403
119 412
119 455
119 462
119 467
119 471
119 497
119 498
119 506
119 515
119 529
119 530
119 534
119 535
119 580
119 583
119 584
119 586
120 121
120 126
120 147
120 156
120 157
120 166
120 167
120 195
120 196
120 220
120 283
120 285
120 286
120 390
120 395
120 397
120 399
120 400
120 401
120 408
120 487
120 497
120 506
120 515
120 534
120 535
120 583
120 584
121 196
121 220
121 251
121 283
121 395
121 400
121 401
121 497
121 584
122 124
122 125
122 129
122 149
122 150
122 151
122 339
122 350
122 353
122 357
122 359
122 413
122 418
122 420
122 421
122 422
122 424
122 440
122 446
122 450
122 451
123 144
123 146
123 221
123 301
123 303
123 304
123 305
123 308
123 320
123 323
123 324
123 326
123 329
123 333
123 334
123 335
123 388
123 389
123 417
123 530
123 535
124 125
124 150
124 151
124 357
124 413
124 418
125 127
125 129
125 149
125 150
125 151
125 348
125 353
125 357
125 359
125 369
125 413
125 414
125 418
125 420
125 421
125 422
125 424
125 430
125 440
125 442
125 446
125 450
125 451
126 129
126 130
126 133
126 141
126 167
126 194
126 195
126 196
126 403
126 423
126 459
126 462
127 129
127 150
127 341
127 344
127 348
127 353
127 354
127 359
127 372
127 379
127 413
127 418
127 420
127 421
127 422
127 433
127 434
127 440
127 441
127 444
127 450
127 451
127 599
128 178
128 203
128 208
128 215
128 219
128 242
128 255
128 262
128 263
128 264
128 266
128 267
128 268
128 269
128 272
128 277
128 278
128 281
128 295
128 296
128 298
128 299
128 300
128 306
128 461
128 564
128 565
128 566
128 577
128 589
128 592
128 594
128 597
129 130
129 132
129 134
129 136
129 141
129 149
129 180
129 282
129 351
129 359
129 370
129 403
129 404
129 406
129 420
129 421
129 422
129 423
129 424
129 429
129 430
129 434
129 437
129 444
129 450
129 451
129 458
129 459
129 491
129 598
129 599
130 132
130 133
130 141
130 156
130 158
130 167
130 180
130 196
130 199
130 364
130 370
130 374
130 376
130 377
130 378
130 403
130 423
130 428
130 429
130 430
130 437
130 459
130 462
130 469
130 482
130 595
131 136
131 141
131 159
131 160
131 161
131 162
131 163
131 190
131 364
131 387
131 429
131 437
131 449
131 457
131 458
131 459
131 462
131 484
131 490
131 491
131 510
131 575
131 578
131 595
131 596
131 598
131 600
132 133
132 134
132 136
132 141
132 158
132 162
132 167
132 177
132 190
132 199
132 280
132 370
132 374
132 377
132 403
132 404
132 422
132 423
132 424
132 428
132 429
132 430
132 457
132 458
132 459
132 462
132 482
132 484
132 491
133 156
133 158
133 162
133 196
133 199
133 327
133 423
133 428
133 459
133 462
133 469
133 497
133 580
134 136
134 140
134 141
134 149
134 159
134 160
134 161
134 175
134 364
134 370
134 374
134 403
134 404
134 420
134 421
134 422
134 423
134 426
134 428
134 429
134 430
134 431
134 432
134 434
134 437
134 444
134 456
134 458
134 459
134 462
134 491
134 599
135 186
135 293
135 294
135 297
135 325
135 366
135 368
135 427
135 596
136 140
136 141
136 142
136 148
136 149
136 158
136 159
136 160
136 161
136 364
136 370
136 420
136 421
136 422
136 426
136 428
136 429
136 430
136 432
136 434
136 437
136 442
136 444
136 447
136 448
136 451
136 456
136 458
136 459
136 491
136 588
136 596
136 598
136 599
138 140
139 173
139 479
140 141
140 142
140 148
140 161
140 364
140 365
140 368
140 370
140 374
140 380
140 426
140 432
140 434
140 437
140 448
140 458
140 466
140 588
140 592
140 593
140 596
141 148
141 157
141 158
141 159
141 160
141 161
141 162
141 163
141 167
141 190
141 199
141 275
141 280
141 364
141 370
141 374
141 403
141 428
141 429
141 430
141 432
141 434
141 437
141 442
141 456
141 457
141 458
141 459
141 462
141 490
141 491
141 510
141 595
141 598
141 600
142 144
142 146
142 161
142 190
142 297
142 317
142 364
142 366
142 368
142 380
142 425
142 427
142 432
142 434
142 438
142 458
142 466
142 490
142 510
142 565
142 578
142 588
142 592
142 594
142 596
142 600
143 144
143 159
143 445
143 535
144 146
144 221
144 301
144 304
144 305
144 317
144 323
144 329
144 333
144 335
144 388
144 389
144 432
144 445
144 447
144 490
144 530
144 535
144 600
145 147
145 225
146 147
146 156
146 157
146 158
146 159
146 190
146 221
146 226
146 227
146 253
146 275
146 302
146 305
146 322
146 323
146 324
146 326
146 328
146 329
146 330
146 331
146 332
146 333
146 334
146 335
146 388
146 389
146 399
146 412
146 417
146 432
146 445
146 447
146 455
146 456
146 462
146 467
146 490
146 510
146 529
146 530
146 535
146 600
147 156
147 165
147 172
147 196
147 220
147 226
147 235
147 254
147 285
147 286
147 287
147 327
147 330
147 331
147 332
147 397
147 399
147 412
147 445
147 455
147 464
147 487
147 497
147 529
147 530
147 534
147 535
147 582
147 583
147 584
148 155
148 158
148 159
148 160
148 162
148 163
148 164
148 254
148 364
148 428
148 437
148 442
148 456
148 458
148 464
148 466
149 150
149 351
149 359
149 369
149 370
149 372
149 418
149 420
149 421
149 422
149 424
149 428
149 429
149 430
149 431
149 434
149 437
149 440
149 444
149 446
149 447
149 450
149 451
149 458
150 151
150 353
150 357
150 359
150 369
150 372
150 418
150 421
150 440
150 446
151 339
151 350
151 418
151 442
151 446
153 164
153 272
153 425
153 449
153 466
154 155
154 191
154 197
154 204
154 212
154 218
154 454
154 464
154 524
155 164
155 442
155 452
155 454
155 466
155 467
156 157
156 158
156 159
156 166
156 167
156 195
156 196
156 205
156 218
156 253
156 254
156 287
156 328
156 395
156 397
156 399
156 400
156 412
156 417
156 428
156 445
156 452
156 455
156 456
156 459
156 462
156 464
156 467
156 497
156 498
156 515
156 529
156 530
156 534
156 535
156 580
156 583
156 584
157 158
157 159
157 166
157 167
157 188
157 190
157 196
157 197
157 199
157 218
157 233
157 254
157 283
157 287
157 395
157 397
157 399
157 400
157 454
157 455
157 459
157 462
157 463
157 464
157 465
157 467
157 490
157 497
157 498
157 514
157 515
157 520
157 529
157 534
157 583
157 584
158 159
158 162
158 163
158 164
158 167
158 196
158 199
158 253
158 254
158 322
158 323
158 327
158 331
158 428
158 442
158 445
158 455
158 456
158 458
158 459
158 462
158 463
158 464
158 465
158 466
158 467
158 469
158 515
159 160
159 161
159 162
159 163
159 164
159 167
159 190
159 196
159 253
159 254
159 275
159 284
159 322
159 323
159 328
159 332
159 335
159 364
159 428
159 432
159 442
159 445
159 455
159 456
159 458
159 459
159 462
159 464
159 465
159 466
159 467
159 515
159 529
160 162
160 163
160 275
160 364
160 428
160 429
160 437
160 442
160 456
160 458
160 462
160 484
161 190
161 279
161 432
161 434
161 449
161 458
161 491
161 578
161 592
161 599
162 163
162 168
162 185
162 196
162 199
162 205
162 226
162 253
162 284
162 428
162 429
162 431
162 458
162 459
162 462
162 484
162 491
162 558
163 164
163 253
163 254
163 275
163 373
163 462
163 463
163 468
163 575
164 199
164 254
164 428
164 442
164 455
164 464
164 466
165 226
165 284
165 287
165 327
165 332
165 388
165 445
165 529
165 530
165 534
165 535
165 582
165 583
165 584
166 167
166 168
166 172
166 196
166 197
166 213
166 233
166 235
166 285
166 286
166 455
166 467
166 470
166 471
166 475
166 497
166 498
166 515
166 534
166 563
166 583
166 584
167 172
167 196
167 197
167 199
167 205
167 218
167 233
167 253
167 254
167 280
167 400
167 403
167 452
167 459
167 462
167 464
167 467
167 473
167 497
167 498
167 515
167 584
168 185
168 205
168 230
168 232
168 248
168 284
168 289
168 291
168 462
168 471
168 475
168 498
168 506
168 558
168 584
168 585
168 586
169 249
169 472
169 476
169 477
170 178
170 182
170 207
170 208
170 211
170 231
170 240
170 243
170 245
170 247
170 255
170 256
170 258
170 259
170 263
170 265
170 266
170 269
170 270
170 273
170 295
170 296
170 476
170 509
170 511
170 512
170 513
170 522
170 542
170 554
170 556
170 560
170 567
170 569
171 523
172 196
172 218
172 220
172 232
172 235
172 237
172 248
172 251
172 285
172 286
172 287
172 471
172 478
172 497
172 545
172 563
172 583
172 584
173 174
173 479
175 177
175 179
175 290
175 367
175 422
175 429
175 430
175 480
175 482
175 484
176 206
176 208
176 210
176 276
176 278
176 485
177 179
177 289
177 367
177 374
177 403
177 404
177 406
177 422
177 423
177 429
177 430
177 480
177 482
177 484
177 586
178 183
178 203
178 206
178 208
178 214
178 215
178 242
178 252
178 255
178 256
178 258
178 259
178 260
178 261
178 262
178 263
178 266
178 267
178 268
178 269
178 270
178 276
178 277
178 278
178 281
178 295
178 296
178 299
178 300
178 341
178 342
178 343
178 344
178 346
178 349
178 409
178 461
178 476
178 481
178 508
178 509
178 512
178 513
178 541
178 566
178 567
178 570
178 571
178 572
178 573
178 574
178 576
178 577
179 374
179 377
179 403
179 480
179 482
179 483
179 586
180 423
180 429
180 430
181 205
182 192
182 198
182 207
182 211
182 231
182 241
182 244
182 256
182 259
182 265
182 268
182 485
182 493
182 511
182 512
182 513
182 552
183 242
183 255
183 258
183 259
183 260
183 261
183 262
183 263
183 266
183 267
183 269
183 270
183 281
183 295
183 296
183 298
183 299
183 300
183 315
183 481
183 508
183 541
183 566
183 569
183 571
183 572
183 573
183 574
184 288
184 289
184 487
184 506
184 585
184 586
185 284
185 289
185 506
185 535
185 582
185 586
186 292
186 294
186 365
186 368
186 426
186 427
187 244
188 190
188 194
188 200
188 280
188 491
189 192
189 211
189 212
189 220
189 230
189 231
189 241
189 391
189 392
190 275
190 280
190 302
190 432
190 449
190 457
190 458
190 459
190 490
190 491
190 510
190 514
190 575
190 578
190 592
190 595
190 596
190 600
191 210
191 219
191 264
191 435
191 492
191 494
191 500
191 512
191 514
191 517
192 193
192 198
192 209
192 211
192 212
192 213
192 224
192 229
192 231
192 234
192 238
192 240
192 241
192 243
192 244
192 245
192 246
192 265
192 273
192 489
192 493
192 502
192 511
192 522
192 542
192 551
192 555
192 556
192 581
193 201
193 202
193 212
193 213
193 547
194 200
194 201
194 202
194 280
194 407
194 408
195 196
195 254
195 327
196 199
196 283
196 285
196 286
196 287
196 328
196 395
196 400
196 401
196 412
196 416
196 417
196 452
196 459
196 462
196 467
196 469
196 497
196 498
196 515
196 529
196 580
196 583
196 584
197 217
197 218
197 233
197 234
197 254
197 452
197 459
197 460
197 464
197 467
197 473
197 474
197 515
198 200
198 201
198 202
198 207
198 211
198 214
198 219
198 231
198 241
198 265
198 273
198 295
198 306
199 233
199 280
199 428
199 436
199 457
199 459
199 462
199 464
199 467
199 490
199 515
200 201
200 202
200 219
201 202
201 204
201 219
202 204
202 214
202 219
202 273
203 204
203 214
203 215
203 219
203 255
203 258
203 259
203 260
203 262
203 263
203 266
203 267
203 269
203 270
203 278
203 281
203 295
203 296
203 298
203 299
203 300
203 306
203 315
203 512
203 577
203 589
204 219
204 306
204 309
205 226
205 289
205 459
205 462
205 506
205 535
205 585
205 586
206 207
206 208
206 209
206 210
206 214
206 215
206 216
206 242
206 255
206 256
206 259
206 263
206 265
206 266
206 267
206 268
206 269
206 270
206 273
206 276
206 278
206 342
206 476
206 508
206 509
206 512
206 513
206 541
206 566
206 567
206 571
206 572
206 573
207 209
207 214
207 216
207 243
207 256
207 259
207 265
207 270
207 273
207 507
207 509
207 567
208 209
208 210
208 214
208 215
208 216
208 231
208 242
208 243
208 245
208 252
208 255
208 256
208 258
208 259
208 262
208 263
208 264
208 265
208 266
208 267
208 268
208 269
208 270
208 271
208 273
208 276
208 278
208 281
208 295
208 296
208 476
208 485
208 493
208 500
208 508
208 509
208 512
208 513
208 541
208 542
208 552
208 554
208 566
208 567
208 570
208 571
208 572
208 573
208 576
208 577
209 210
209 211
209 212
209 216
209 224
209 231
209 241
209 243
209 245
209 259
209 265
209 271
209 273
209 460
209 493
209 500
209 509
209 511
209 512
209 513
209 519
209 524
209 525
209 527
209 532
209 540
209 541
209 542
209 551
209 552
209 554
209 555
209 559
209 569
209 572
209 573
210 212
210 224
210 231
210 259
210 265
210 271
210 493
210 500
210 512
210 513
210 542
210 552
210 559
211 212
211 224
211 229
211 231
211 240
211 241
211 243
211 244
211 245
211 246
211 256
211 258
211 265
211 273
211 309
211 511
211 513
211 522
211 542
211 551
211 555
211 556
212 222
212 223
212 224
212 241
212 531
213 217
213 230
213 232
213 233
213 234
213 236
213 238
213 286
213 471
213 475
213 478
213 489
213 498
213 520
213 545
213 547
213 581
214 215
214 216
214 242
214 255
214 256
214 259
214 263
214 264
214 265
214 266
214 267
214 268
214 269
214 270
214 273
214 276
214 278
214 281
214 295
214 339
214 344
214 346
214 348
214 409
214 411
214 508
214 509
214 512
214 513
214 572
214 577
215 242
215 245
215 255
215 256
215 258
215 259
215 262
215 263
215 266
215 267
215 268
215 269
215 270
215 273
215 278
215 281
215 295
215 296
215 299
215 300
215 481
215 493
215 509
215 512
215 542
215 566
215 568
215 571
215 577
215 589
216 217
216 273
216 460
216 524
216 525
216 527
217 218
217 234
217 460
217 472
217 523
217 524
217 525
217 527
218 223
218 234
218 254
218 397
218 399
218 401
218 452
218 454
218 460
218 464
218 467
218 497
218 515
218 520
218 523
218 529
219 272
219 278
219 279
219 281
219 295
219 306
220 223
220 225
220 229
220 230
220 232
220 235
220 236
220 237
220 238
220 248
220 283
220 285
220 286
220 287
220 288
220 289
220 291
220 328
220 332
220 471
220 529
220 530
220 533
220 558
220 582
220 583
220 584
220 586
221 302
221 305
221 320
221 321
221 322
221 323
221 324
221 326
221 327
221 328
221 329
221 330
221 331
221 332
221 333
221 334
221 335
221 388
221 389
221 392
221 417
221 432
221 445
221 530
222 223
222 224
222 225
222 227
222 239
222 245
222 493
222 531
222 532
222 533
222 536
222 539
222 540
222 542
222 548
222 549
222 552
222 553
223 224
223 225
223 237
223 239
223 392
223 397
223 399
223 489
223 526
223 529
223 530
223 531
223 532
223 533
223 534
223 548
223 583
224 225
224 231
224 234
224 238
224 239
224 240
224 241
224 243
224 244
224 245
224 246
224 265
224 273
224 502
224 511
224 531
224 532
224 533
224 542
224 549
224 551
224 553
224 554
224 555
224 559
225 237
225 287
225 397
225 399
225 529
225 533
225 534
225 546
226 253
226 254
226 288
226 462
226 487
226 506
226 535
227 239
227 290
227 514
227 530
227 535
227 536
227 537
227 548
227 565
227 587
227 600
228 252
228 262
228 263
228 356
229 230
229 232
229 237
229 238
229 240
229 245
229 246
229 248
229 274
229 475
229 489
229 511
229 533
229 549
229 553
229 556
229 581
230 232
230 237
230 238
230 248
230 283
230 291
230 471
230 475
230 498
230 545
230 581
230 583
230 584
231 240
231 241
231 243
231 244
231 245
231 246
231 256
231 258
231 259
231 263
231 265
231 268
231 273
231 295
231 309
231 493
231 500
231 507
231 511
231 512
231 513
231 519
231 521
231 522
231 527
231 542
231 551
231 552
231 553
231 554
231 555
231 556
231 560
232 236
232 237
232 238
232 248
232 283
232 285
232 286
232 287
232 289
232 291
232 471
232 475
232 478
232 489
232 498
232 545
232 547
232 549
232 558
232 581
232 583
232 584
232 586
233 234
233 244
233 280
233 436
233 471
233 473
233 474
233 545
234 241
234 244
234 460
234 471
234 503
234 520
234 545
234 547
234 551
234 555
235 237
235 254
235 285
235 286
235 455
235 464
235 471
235 529
235 534
235 583
235 584
236 238
236 283
236 285
236 286
236 288
236 289
236 547
236 584
236 585
237 238
237 248
237 283
237 285
237 286
237 287
237 291
237 332
237 397
237 489
237 529
237 533
237 549
237 581
237 583
237 584
238 240
238 244
238 246
238 248
238 285
238 286
238 291
238 475
238 478
238 549
238 581
238 583
238 584
238 586
239 240
239 241
239 244
239 265
239 548
239 551
239 552
240 241
240 243
240 244
240 245
240 246
240 247
240 256
240 265
240 273
240 507
240 511
240 549
240 551
240 553
240 554
240 555
240 556
240 567
241 243
241 244
241 246
241 265
241 273
241 551
241 552
241 554
241 555
241 556
242 255
242 258
242 259
242 262
242 263
242 264
242 266
242 267
242 268
242 269
242 270
242 281
242 295
242 299
242 300
242 438
242 461
242 493
242 500
242 508
242 512
242 513
242 539
242 540
242 541
242 552
242 554
242 564
242 566
242 569
242 570
242 571
242 572
242 573
242 574
242 576
242 577
242 589
242 594
242 597
243 244
243 245
243 246
243 247
243 256
243 258
243 263
243 265
243 269
243 270
243 273
243 485
243 507
243 509
243 511
243 513
243 532
243 542
243 551
243 552
243 553
243 554
243 555
243 556
243 560
243 567
244 245
244 246
244 265
244 507
244 551
244 554
244 555
244 556
245 246
245 247
245 256
245 258
245 263
245 265
245 269
245 270
245 273
245 476
245 485
245 493
245 507
245 509
245 511
245 513
245 532
245 540
245 542
245 549
245 551
245 553
245 554
245 555
245 559
245 567
246 247
246 256
246 265
246 273
246 511
246 549
246 551
246 553
246 556
246 567
247 248
247 256
247 258
247 265
247 476
247 511
247 549
247 553
247 554
247 556
247 560
247 567
248 250
248 291
248 475
248 478
248 549
248 556
248 558
248 561
248 581
250 252
250 277
250 558
252 255
252 256
252 262
252 263
252 265
252 266
252 268
252 269
252 270
252 476
252 508
252 541
252 560
252 566
252 567
252 570
252 574
252 576
252 579
253 254
253 323
253 327
253 328
253 455
253 456
253 458
253 462
253 463
253 464
253 529
253 530
253 535
253 558
253 563
254 286
254 327
254 455
254 463
254 464
254 467
254 515
254 526
254 529
254 563
254 583
254 584
255 256
255 258
255 259
255 260
255 261
255 262
255 263
255 264
255 265
255 266
255 267
255 268
255 269
255 270
255 277
255 278
255 281
255 295
255 296
255 299
255 300
255 344
255 481
255 508
255 509
255 512
255 513
255 541
255 566
255 567
255 570
255 571
255 572
255 573
255 574
255 576
255 577
256 258
256 259
256 262
256 263
256 264
256 265
256 266
256 268
256 269
256 270
256 273
256 276
256 476
256 485
256 507
256 508
256 509
256 512
256 513
256 542
256 552
256 553
256 554
256 567
257 260
257 281
257 296
257 363
258 259
258 260
258 261
258 262
258 263
258 265
258 266
258 268
258 269
258 270
258 273
258 278
258 281
258 295
258 296
258 299
258 300
258 315
258 493
258 509
258 511
258 512
258 513
258 542
258 552
258 553
258 554
258 560
258 566
258 567
258 589
259 261
259 262
259 263
259 264
259 265
259 266
259 267
259 268
259 269
259 270
259 273
259 276
259 278
259 281
259 295
259 296
259 299
259 341
259 344
259 346
259 476
259 493
259 500
259 508
259 509
259 512
259 513
259 541
259 542
259 552
259 567
259 571
259 572
259 573
259 577
260 261
260 266
260 278
260 279
260 281
260 295
260 296
260 298
260 299
261 263
261 266
261 269
261 270
261 281
261 296
261 346
262 263
262 264
262 266
262 267
262 268
262 269
262 270
262 281
262 295
262 298
262 299
262 300
262 461
262 488
262 508
262 539
262 541
262 553
262 566
262 570
262 571
262 572
262 574
262 576
262 577
262 589
262 597
263 264
263 265
263 266
263 267
263 268
263 269
263 270
263 273
263 278
263 281
263 295
263 296
263 299
263 300
263 344
263 411
263 493
263 500
263 508
263 509
263 513
263 541
263 552
263 553
263 566
263 567
263 570
263 571
263 572
263 574
263 576
264 265
264 267
264 268
264 269
264 270
264 281
264 552
264 565
264 572
264 574
265 266
265 268
265 269
265 270
265 273
265 493
265 500
265 509
265 511
265 512
265 513
265 540
265 542
265 551
265 552
265 553
265 554
265 559
265 560
265 567
266 267
266 268
266 269
266 270
266 278
266 281
266 295
266 296
266 299
266 300
266 315
266 481
266 508
266 509
266 541
266 566
266 567
266 569
266 571
266 572
266 573
266 576
266 577
266 589
267 268
267 269
267 270
267 276
267 277
267 278
267 281
267 295
267 296
267 299
267 300
267 344
267 409
267 461
267 508
267 541
267 564
267 566
267 571
267 572
267 574
267 576
267 577
267 589
267 594
268 269
268 270
268 273
268 276
268 278
268 295
268 461
268 493
268 500
268 508
268 509
268 512
268 513
268 517
268 541
268 552
268 566
268 570
268 571
268 572
268 573
268 574
268 576
268 577
269 270
269 273
269 276
269 278
269 281
269 295
269 296
269 299
269 300
269 349
269 493
269 508
269 509
269 512
269 513
269 541
269 542
269 552
269 566
269 567
269 572
269 573
270 273
270 276
270 278
270 281
270 295
270 296
270 349
270 476
270 508
270 509
270 512
270 513
270 541
270 554
270 566
270 567
270 570
270 571
270 572
270 573
270 574
270 576
270 577
271 273
271 509
271 512
271 525
271 542
271 544
272 281
273 276
273 507
273 509
275 289
275 514
275 575
276 278
276 355
276 356
277 278
277 279
277 488
277 574
277 576
278 279
278 281
278 295
278 296
278 299
278 306
278 341
278 346
278 500
278 512
278 513
278 571
278 573
278 576
278 577
278 589
279 281
279 295
279 296
279 298
279 299
280 404
280 408
280 423
280 436
280 457
280 459
280 491
281 295
281 296
281 298
281 299
281 300
281 306
281 500
281 512
281 566
281 568
281 571
281 577
281 589
282 451
283 285
283 286
283 287
283 291
283 399
283 400
283 497
283 530
283 580
283 583
283 584
284 287
284 288
284 289
284 332
284 506
284 582
284 584
284 586
285 286
285 287
285 288
285 289
285 291
285 322
285 328
285 330
285 332
285 455
285 471
285 529
285 530
285 534
285 582
285 583
285 584
286 287
286 288
286 289
286 291
286 332
286 455
286 471
286 478
286 529
286 547
286 582
286 583
286 584
286 585
286 586
287 291
287 322
287 328
287 332
287 529
287 530
287 558
287 582
287 583
287 584
288 289
288 291
288 487
288 506
288 582
288 585
288 586
289 291
289 487
289 506
289 582
289 583
289 584
289 585
289 586
289 587
290 291
290 292
290 365
290 426
290 587
291 475
291 506
291 558
291 582
291 583
291 584
291 586
291 587
292 325
292 365
292 426
293 294
293 297
293 325
293 366
293 370
293 427
293 596
294 297
294 366
294 368
294 596
295 296
295 298
295 299
295 300
295 306
295 309
295 315
295 349
295 500
295 512
295 513
295 571
295 572
295 573
295 576
295 577
295 589
296 298
296 299
296 300
296 306
296 315
296 346
296 512
296 577
296 589
297 298
297 300
297 366
297 368
297 370
297 379
297 380
297 427
297 588
297 592
297 593
297 594
297 596
297 598
297 600
298 299
298 300
298 306
298 315
298 402
298 434
298 449
298 453
298 510
298 594
298 596
299 300
299 315
299 577
299 589
299 594
300 315
300 461
300 488
300 565
300 566
300 572
300 574
300 577
300 589
300 592
300 594
300 597
301 303
301 304
301 305
301 317
301 319
301 320
301 335
301 336
301 388
301 537
301 565
301 600
302 305
302 317
302 321
302 322
302 324
302 328
302 333
302 335
302 388
302 389
302 427
302 432
302 456
302 530
302 600
303 304
303 305
303 307
303 308
303 315
303 317
303 319
303 320
303 335
303 336
303 388
304 305
304 307
304 308
304 317
304 319
304 320
304 321
304 323
304 335
304 336
304 388
304 389
304 425
304 466
304 600
305 308
305 317
305 319
305 320
305 321
305 322
305 323
305 324
305 326
305 328
305 329
305 331
305 332
305 333
305 334
305 335
305 336
305 388
305 389
305 432
305 445
305 456
305 466
305 530
305 600
306 307
306 308
306 309
306 315
306 319
307 308
307 311
307 315
307 317
307 319
307 320
307 336
308 309
308 312
308 317
308 319
308 320
308 321
308 324
308 326
308 336
308 389
308 490
310 311
310 314
310 413
311 315
311 317
311 319
311 336
311 386
312 313
312 320
312 510
313 316
313 318
315 317
315 319
315 336
315 589
317 319
317 320
317 321
317 335
317 336
317 388
317 389
319 320
319 321
319 336
319 389
319 391
319 425
319 565
320 321
320 323
320 324
320 326
320 329
320 333
320 334
320 335
320 336
320 388
320 389
320 391
320 392
321 326
321 333
321 335
321 336
321 388
321 389
321 391
321 392
321 398
321 401
321 530
322 323
322 324
322 325
322 328
322 329
322 330
322 332
322 333
322 335
322 388
322 389
322 445
322 455
322 456
322 529
322 530
322 580
322 583
323 324
323 325
323 326
323 327
323 328
323 329
323 330
323 331
323 332
323 333
323 334
323 335
323 388
323 389
323 417
323 428
323 445
323 447
323 456
323 530
324 325
324 326
324 327
324 328
324 329
324 330
324 331
324 332
324 333
324 334
324 335
324 388
324 389
324 412
324 417
324 428
324 445
324 447
324 456
324 530
325 427
326 327
326 328
326 329
326 330
326 331
326 332
326 333
326 334
326 335
326 388
326 389
326 417
326 530
327 329
327 330
327 331
327 332
327 333
327 417
327 428
327 442
327 445
327 563
327 582
328 329
328 330
328 331
328 332
328 333
328 334
328 335
328 388
328 389
328 455
328 456
328 530
328 534
328 583
329 330
329 331
329 332
329 333
329 334
329 335
329 388
329 389
329 412
329 417
329 445
329 447
329 456
329 530
330 331
330 332
330 333
330 334
330 335
330 388
330 530
331 333
331 334
331 335
331 417
331 428
331 445
331 469
331 530
332 333
332 335
332 388
332 389
332 445
332 455
332 529
332 530
332 582
332 583
332 584
333 334
333 335
333 388
333 389
333 417
333 456
333 530
334 335
334 388
334 389
334 530
335 336
335 388
335 389
335 417
335 432
335 445
335 447
335 456
335 466
335 530
335 600
336 388
336 389
336 438
337 338
337 340
337 342
337 343
337 344
337 346
337 347
337 348
337 375
337 409
338 339
338 342
338 343
338 347
338 355
338 365
338 380
338 382
338 565
339 341
339 344
339 348
339 350
339 353
339 409
339 410
339 418
339 446
340 342
340 343
340 344
340 346
340 347
340 375
340 407
340 409
341 342
341 343
341 344
341 346
341 347
341 348
341 349
341 353
341 354
341 356
341 359
341 372
341 413
341 418
341 440
341 441
341 446
341 450
342 343
342 344
342 346
342 347
342 349
342 375
342 409
342 481
342 509
342 573
343 344
343 346
343 347
343 349
343 375
343 409
343 481
344 346
344 347
344 348
344 349
344 353
344 359
344 409
344 410
345 352
345 358
345 360
345 361
345 362
345 438
346 347
346 348
346 349
346 353
346 375
347 348
347 349
347 372
347 375
347 409
347 446
348 349
348 353
348 354
348 359
348 372
348 409
348 410
348 413
348 418
348 440
348 441
348 446
348 450
349 353
350 354
350 357
350 405
350 418
350 446
351 359
351 363
351 369
351 412
351 414
351 416
351 418
351 420
351 421
351 424
351 437
351 440
351 441
351 444
351 446
351 447
351 450
351 451
351 458
351 599
352 358
352 360
352 361
352 362
353 354
353 356
353 357
353 359
353 372
353 413
353 418
353 421
353 433
353 440
354 355
354 356
354 357
354 359
354 372
354 382
354 418
354 421
354 440
355 356
355 382
356 357
356 382
357 359
357 413
357 418
357 422
357 440
357 446
358 360
358 361
358 362
358 363
358 595
359 369
359 372
359 375
359 413
359 414
359 418
359 420
359 421
359 422
359 424
359 440
359 441
359 446
359 450
359 451
360 361
360 362
360 363
361 362
361 363
362 363
364 370
364 374
364 380
364 420
364 422
364 427
364 428
364 429
364 430
364 432
364 434
364 437
364 442
364 444
364 446
364 447
364 448
364 453
364 456
364 458
364 459
364 462
364 588
364 595
364 596
364 598
364 599
365 368
365 376
365 377
365 378
365 380
365 381
365 382
365 426
365 565
365 592
366 368
366 427
366 434
366 589
366 596
367 374
367 376
367 377
367 403
367 422
367 429
367 430
367 431
368 370
368 380
368 427
368 434
368 458
368 588
368 592
368 593
368 596
368 598
368 600
369 370
369 372
369 414
369 418
369 420
369 421
369 422
369 424
369 440
369 446
370 372
370 374
370 377
370 380
370 403
370 405
370 420
370 421
370 422
370 428
370 429
370 430
370 434
370 437
370 458
370 462
370 484
370 588
370 593
370 596
370 598
370 599
372 418
372 420
372 421
372 422
372 440
372 441
372 446
372 598
372 599
373 376
373 377
373 381
373 483
374 376
374 377
374 378
374 403
374 404
374 405
374 406
374 422
374 423
374 424
374 428
374 429
374 430
374 459
374 462
374 482
374 483
375 414
375 446
376 377
376 378
376 381
376 483
377 378
377 380
377 381
377 403
377 405
377 426
377 482
377 483
378 381
378 405
378 483
379 420
379 434
379 441
379 444
379 450
379 458
379 491
379 598
379 599
380 381
380 382
380 426
380 448
380 565
380 588
380 592
380 593
380 596
380 600
383 487
383 506
384 390
384 393
384 394
384 473
384 489
384 493
384 495
384 496
384 501
384 502
384 511
384 521
384 562
385 396
385 398
385 411
386 396
386 398
386 407
386 410
386 411
387 437
387 488
387 595
387 597
387 600
388 389
388 392
388 432
388 445
388 530
388 580
389 392
389 417
389 445
389 456
389 530
389 580
390 391
390 393
390 394
390 395
390 396
390 397
390 400
390 401
390 408
390 411
390 487
390 489
390 496
391 392
391 532
392 401
392 530
393 394
393 395
393 397
393 400
393 401
393 408
393 436
393 473
393 489
393 495
393 498
393 501
393 503
393 515
393 516
393 520
393 521
393 545
394 396
394 408
394 411
394 436
394 492
394 493
394 494
394 495
394 496
394 501
394 502
394 503
394 516
394 519
394 521
394 531
394 542
395 397
395 399
395 400
395 401
395 489
395 497
395 498
395 515
395 520
395 533
395 534
395 584
396 398
396 400
396 407
396 408
396 410
396 411
396 492
396 496
397 399
397 400
397 401
397 463
397 489
397 498
397 515
397 520
397 526
397 529
397 530
397 531
397 533
397 534
397 546
397 547
397 583
397 584
398 400
398 408
398 409
398 410
398 411
398 416
399 400
399 401
399 467
399 515
399 526
399 529
399 530
399 531
399 533
399 534
399 546
399 547
399 583
399 584
400 401
400 416
400 452
400 477
400 497
400 515
401 452
401 477
401 497
401 515
401 530
402 438
402 453
402 461
402 468
402 488
402 490
402 510
402 517
402 541
402 566
402 571
402 594
402 595
402 597
403 404
403 405
403 406
403 422
403 423
403 424
403 429
403 430
403 459
403 462
403 480
403 482
403 483
403 491
403 506
404 406
404 407
404 420
404 422
404 423
404 424
404 429
404 430
404 451
404 491
405 406
405 422
405 483
406 407
406 420
406 421
406 422
406 423
406 424
406 429
406 430
406 451
407 408
407 409
407 423
408 411
408 436
408 492
408 496
408 501
409 410
409 411
409 413
409 508
410 411
410 413
410 508
412 414
412 416
412 417
412 428
412 437
412 442
412 444
412 445
412 447
412 451
412 452
412 497
412 580
413 414
413 416
413 418
413 440
413 450
414 418
414 421
414 446
414 450
415 416
415 473
415 497
416 417
416 450
416 452
416 497
416 580
417 428
417 442
417 445
417 447
417 452
417 580
418 420
418 421
418 422
418 440
418 441
418 446
418 450
418 451
418 599
419 516
419 595
420 421
420 422
420 424
420 429
420 430
420 434
420 437
420 440
420 441
420 444
420 446
420 447
420 450
420 451
420 458
420 598
420 599
421 422
421 423
421 424
421 429
421 430
421 431
421 433
421 437
421 440
421 441
421 444
421 446
421 447
421 450
421 451
421 599
422 423
422 424
422 428
422 429
422 430
422 431
422 434
422 437
422 440
422 444
422 446
422 450
422 451
422 458
422 491
422 599
423 424
423 429
423 430
423 459
423 462
423 482
423 484
423 491
423 506
424 429
424 430
424 431
424 440
424 451
425 449
425 453
425 461
425 466
425 468
425 488
425 490
425 510
425 577
425 578
425 592
425 594
425 596
425 597
425 600
426 427
426 565
426 592
427 434
427 456
427 466
427 588
427 596
428 429
428 430
428 437
428 442
428 445
428 447
428 455
428 456
428 458
428 459
428 462
428 491
429 430
429 431
429 433
429 444
429 451
429 458
429 459
429 462
429 482
429 484
429 491
429 593
429 598
429 599
430 431
430 434
430 440
430 444
430 446
430 451
430 458
430 459
430 462
430 491
430 599
431 440
431 444
432 434
432 442
432 444
432 448
432 449
432 456
432 458
432 466
432 490
432 537
432 592
432 596
432 600
434 437
434 441
434 444
434 450
434 451
434 458
434 596
434 599
435 461
435 468
435 492
435 494
435 496
435 500
435 505
435 512
435 513
435 514
435 516
435 517
435 521
435 541
435 552
435 570
435 571
435 573
435 574
435 577
436 473
436 492
436 494
436 496
436 501
436 503
437 442
437 444
437 446
437 448
437 450
437 453
437 456
437 458
437 462
437 595
437 596
437 599
438 453
438 461
438 488
438 510
438 537
438 565
438 566
438 592
438 594
438 597
439 547
440 441
440 444
440 446
440 450
440 451
440 599
441 444
441 446
441 447
441 450
441 451
441 599
442 444
442 446
442 452
442 456
442 458
442 459
442 466
443 487
444 447
444 450
444 451
444 458
444 491
444 599
445 447
445 455
445 530
445 534
445 535
446 450
447 450
447 451
447 456
447 458
447 497
447 580
447 599
448 458
449 453
449 458
449 466
449 468
449 488
449 490
449 510
449 578
449 594
449 595
449 596
449 600
450 451
450 599
451 580
451 599
452 467
452 497
452 515
452 580
453 461
453 468
453 490
453 510
453 571
453 578
453 594
453 595
453 596
453 597
453 600
454 460
454 463
454 464
454 465
454 467
454 490
454 514
454 515
454 516
454 520
454 523
454 525
454 526
455 463
455 464
455 465
455 467
455 469
455 529
455 530
455 534
455 583
455 584
456 458
456 459
456 462
456 466
456 600
457 459
457 482
457 484
457 490
457 491
457 510
458 459
458 462
458 490
458 491
458 578
458 588
458 595
458 596
458 598
458 599
458 600
459 462
459 490
459 491
460 474
460 493
460 495
460 501
460 502
460 503
460 519
460 520
460 521
460 523
460 524
460 525
460 527
461 468
461 488
461 500
461 505
461 508
461 510
461 516
461 517
461 539
461 541
461 564
461 565
461 566
461 570
461 571
461 572
461 573
461 574
461 575
461 576
461 577
461 589
461 592
461 594
461 597
461 600
462 469
462 491
462 506
462 535
463 464
463 465
463 467
463 514
463 515
463 516
463 520
463 526
463 529
463 531
463 534
463 543
463 563
464 465
464 467
464 515
464 520
464 526
464 529
464 563
465 467
465 505
465 514
465 515
465 526
465 529
465 583
465 584
466 468
466 490
466 514
466 588
466 596
466 600
467 490
467 498
467 514
467 515
467 520
467 526
467 534
468 488
468 490
468 510
468 514
468 516
468 517
468 539
468 541
468 565
468 570
468 571
468 573
468 574
468 575
468 577
468 578
468 594
468 597
468 600
470 506
471 475
471 478
471 545
471 563
471 583
471 584
472 476
472 485
473 474
473 504
474 501
474 502
474 503
474 504
474 523
474 525
475 478
475 545
475 556
475 581
475 584
475 586
476 485
476 500
476 508
476 509
476 511
476 513
476 541
476 554
476 566
476 567
476 569
476 570
476 571
476 573
476 576
478 545
478 556
479 562
480 482
480 483
481 488
481 566
481 567
481 568
481 571
481 573
482 483
482 484
484 593
485 507
485 509
485 554
485 567
486 562
487 506
487 584
487 586
488 539
488 540
488 541
488 565
488 566
488 568
488 570
488 571
488 574
488 575
488 576
488 577
488 594
488 597
488 600
489 493
489 495
489 498
489 502
489 511
489 515
489 520
489 521
489 531
489 533
489 544
489 545
489 547
489 549
489 555
489 561
489 581
490 510
490 514
490 516
490 565
490 594
490 595
490 596
490 600
491 599
492 494
492 496
492 501
492 514
492 516
493 494
493 495
493 496
493 500
493 501
493 502
493 503
493 505
493 509
493 511
493 512
493 513
493 519
493 521
493 527
493 531
493 532
493 540
493 541
493 542
493 543
493 544
493 551
493 552
493 553
493 554
493 555
493 559
493 560
493 569
493 573
494 496
494 499
494 500
494 501
494 512
494 513
494 516
494 517
494 521
494 573
495 501
495 502
495 503
495 511
495 519
495 521
495 527
495 542
495 544
495 551
495 553
495 555
495 559
495 560
496 501
496 502
496 505
496 516
496 519
496 521
496 536
497 498
497 515
497 580
497 584
498 515
498 520
498 534
498 545
498 581
498 583
498 584
499 500
499 502
499 504
500 505
500 508
500 509
500 512
500 513
500 517
500 518
500 519
500 521
500 532
500 539
500 540
500 541
500 542
500 552
500 553
500 554
500 566
500 567
500 568
500 569
500 570
500 571
500 572
500 573
500 574
500 576
500 577
501 502
501 503
501 516
501 520
501 521
502 503
502 504
502 505
502 511
502 513
502 519
502 520
502 521
502 527
502 531
502 532
502 533
502 542
502 544
502 545
502 549
502 553
502 555
502 559
502 581
503 504
503 511
503 519
503 520
503 521
503 523
503 524
503 525
503 527
503 531
503 542
504 519
505 514
505 516
505 517
505 519
505 526
505 539
506 534
506 535
506 585
506 586
507 567
508 539
508 541
508 566
508 570
508 571
508 572
508 573
508 574
508 576
508 577
509 511
509 512
509 513
509 519
509 521
509 525
509 527
509 532
509 540
509 541
509 542
509 543
509 552
509 554
509 566
509 567
509 569
509 570
509 571
509 572
509 573
510 578
510 594
510 595
510 596
510 600
511 512
511 513
511 519
511 521
511 522
511 527
511 532
511 542
511 543
511 544
511 545
511 549
511 551
511 553
511 555
511 559
511 560
511 581
512 513
512 516
512 517
512 518
512 519
512 521
512 525
512 527
512 532
512 540
512 541
512 542
512 543
512 552
512 554
512 559
512 560
512 566
512 567
512 568
512 569
512 570
512 571
512 572
512 573
512 577
513 517
513 519
513 521
513 527
513 532
513 539
513 540
513 541
513 542
513 543
513 552
513 553
513 554
513 555
513 559
513 560
513 567
513 569
513 570
513 571
513 572
513 573
513 576
513 577
514 516
514 517
514 526
514 531
514 535
514 537
514 565
514 575
514 587
514 600
515 516
515 520
515 526
515 529
515 534
515 545
515 583
515 584
516 517
516 518
516 519
516 520
516 521
516 523
516 525
516 526
516 531
516 543
516 571
517 518
517 528
517 539
517 540
517 541
517 552
517 565
517 570
517 571
517 572
517 573
517 574
517 576
517 577
517 594
518 521
518 532
518 538
518 540
518 542
518 543
518 552
518 553
518 557
518 560
518 561
518 568
518 569
518 570
518 571
519 521
519 525
519 527
519 531
519 532
519 540
519 542
519 543
519 544
519 552
519 555
519 569
519 573
520 521
520 523
520 526
520 531
520 533
520 534
520 543
520 544
520 545
520 547
520 557
520 581
520 583
520 584
521 525
521 527
521 531
521 532
521 542
521 543
521 544
521 545
521 551
521 552
521 555
521 560
521 573
522 551
522 555
522 556
522 560
523 525
523 543
524 525
524 527
525 527
525 543
525 555
525 557
526 529
526 531
526 533
527 532
527 542
527 543
527 544
527 555
527 569
527 589
529 530
529 533
529 534
529 582
529 583
529 584
530 534
530 535
530 580
530 583
530 584
531 532
531 533
531 534
531 542
531 551
531 552
531 555
531 557
532 533
532 536
532 539
532 540
532 541
532 542
532 543
532 544
532 548
532 549
532 551
532 552
532 553
532 554
532 555
532 559
532 560
532 567
532 568
532 569
532 570
532 573
533 534
533 545
533 546
533 547
533 549
533 553
533 561
533 581
533 583
533 584
534 535
534 583
534 584
536 537
536 548
536 552
536 565
536 587
537 548
537 565
537 587
537 592
537 600
538 556
538 557
538 560
538 561
538 568
539 540
539 541
539 548
539 552
539 553
539 564
539 565
539 566
539 568
539 569
539 570
539 571
539 572
539 573
539 574
539 575
539 576
539 577
539 594
539 597
540 541
540 542
540 543
540 544
540 549
540 552
540 553
540 554
540 560
540 566
540 567
540 568
540 569
540 570
540 571
540 572
540 573
540 574
541 542
541 552
541 554
541 564
541 566
541 569
541 570
541 571
541 572
541 573
541 574
541 576
541 577
541 589
541 594
541 597
542 543
542 544
542 549
542 551
542 552
542 553
542 554
542 555
542 557
542 559
542 560
542 567
542 568
542 569
542 570
542 571
542 573
543 544
543 545
543 555
543 557
543 560
543 568
543 569
543 571
543 581
544 545
544 547
544 549
544 551
544 553
544 555
544 556
544 557
544 560
544 561
544 567
544 568
544 581
545 547
545 549
545 556
545 557
545 563
545 581
546 547
546 583
547 561
547 581
547 583
547 584
548 553
549 553
549 556
549 560
549 561
549 581
550 587
551 552
551 553
551 554
551 555
551 560
552 553
552 554
552 555
552 560
552 566
552 567
552 569
552 570
552 571
552 572
552 573
552 574
553 554
553 555
553 560
553 561
553 567
553 569
553 570
554 555
554 560
554 567
554 569
554 572
554 573
555 557
555 560
555 561
556 557
556 560
556 561
556 567
556 581
557 560
557 561
557 563
557 568
557 581
558 561
558 583
558 586
559 560
559 567
560 567
560 568
560 569
560 573
560 581
561 581
564 566
564 568
564 571
564 572
564 589
564 594
564 597
565 574
565 577
565 590
565 592
565 593
565 594
565 597
565 600
566 567
566 568
566 569
566 570
566 571
566 572
566 573
566 574
566 576
566 577
566 594
566 597
567 569
567 570
567 573
568 569
568 571
568 573
568 589
568 594
569 570
569 571
569 572
569 573
569 577
570 571
570 572
570 573
570 574
570 576
571 572
571 573
571 574
571 576
571 577
571 589
571 594
571 597
572 573
572 574
572 577
572 589
573 574
573 576
573 577
574 575
574 576
574 577
574 594
574 597
575 597
576 577
576 594
576 597
577 589
577 594
577 597
578 590
578 592
578 594
578 596
578 597
578 600
580 584
582 583
582 584
582 585
582 586
583 584
583 586
584 586
585 586
586 587
588 592
588 596
588 598
588 600
589 594
590 592
590 594
590 596
590 597
591 592
591 593
592 593
592 594
592 596
592 597
592 598
592 600
593 596
593 598
593 600
594 595
594 596
594 597
594 600
595 596
595 597
595 600
596 597
596 598
596 600
597 600
598 599
598 600
