600 7193

1 4
1 22
1 180
1 184
1 204
1 289
1 325
1 384
1 540
1 558
1 583
1 584
2 4
2 5
2 22
2 93
2 94
2 101
2 289
2 301
2 302
2 304
2 322
3 41
4 5
4 22
4 25
4 93
4 94
4 98
4 101
4 103
4 104
4 109
4 228
4 252
4 285
4 301
4 302
4 304
4 322
4 384
4 390
4 394
5 36
5 93
5 101
5 104
5 301
5 302
5 304
5 322
5 394
6 297
7 10
7 38
7 102
7 103
7 106
7 336
7 391
8 12
8 45
8 179
8 238
8 249
8 480
8 482
9 15
9 315
10 324
10 336
11 12
11 18
11 20
11 21
11 36
11 37
11 38
11 94
11 96
11 97
11 98
11 101
11 103
11 104
11 105
11 106
11 109
11 221
11 252
11 277
11 282
11 297
11 303
11 304
11 317
11 320
11 321
11 335
11 385
11 386
11 388
11 389
11 391
11 394
11 466
11 530
11 569
12 18
12 19
12 20
12 21
12 97
12 98
12 102
12 105
12 106
12 221
12 319
12 320
12 336
12 388
12 389
12 391
12 569
13 313
14 17
14 29
14 309
14 312
14 313
14 433
15 16
15 86
15 313
15 315
16 86
16 87
16 313
16 315
17 19
17 32
17 35
17 37
17 312
17 313
17 318
17 319
17 320
17 329
17 331
17 433
18 19
18 20
18 21
18 37
18 97
18 98
18 102
18 103
18 105
18 106
18 317
18 319
18 320
18 321
18 336
18 388
18 389
18 391
19 20
19 37
19 313
19 318
19 319
19 320
19 336
20 21
20 29
20 94
20 97
20 98
20 103
20 105
20 106
20 282
20 303
20 306
20 308
20 317
20 318
20 319
20 320
20 321
20 336
20 388
20 389
20 391
21 24
21 29
21 33
21 34
21 36
21 37
21 38
21 94
21 97
21 98
21 103
21 104
21 105
21 106
21 109
21 220
21 221
21 249
21 284
21 303
21 304
21 306
21 308
21 317
21 319
21 320
21 321
21 324
21 335
21 336
21 386
21 388
21 389
21 391
21 394
21 530
21 582
22 23
22 25
22 26
22 35
22 204
22 284
22 287
22 302
22 322
22 323
22 325
22 328
22 330
22 549
22 560
22 582
22 584
23 26
23 28
23 30
23 31
23 33
23 237
23 284
23 287
23 323
23 327
23 330
23 332
24 36
24 221
24 303
24 304
24 308
24 324
25 28
25 60
25 180
25 248
25 250
25 284
25 285
25 289
25 325
25 348
25 353
25 354
25 369
25 463
25 484
25 529
25 540
25 546
25 549
25 558
25 561
25 582
25 583
25 584
26 28
26 30
26 31
26 33
26 35
26 223
26 237
26 284
26 287
26 323
26 327
26 328
26 329
26 330
26 332
26 334
26 533
26 584
27 527
28 30
28 31
28 33
28 34
28 36
28 59
28 220
28 221
28 253
28 284
28 287
28 323
28 327
28 328
28 329
28 330
28 332
28 335
28 358
28 435
28 455
28 470
28 530
28 584
29 32
29 306
29 308
29 309
29 312
29 320
29 321
29 326
29 389
30 31
30 32
30 33
30 34
30 35
30 119
30 125
30 284
30 328
30 329
30 330
30 331
30 332
30 333
30 334
30 351
30 412
30 418
30 437
30 462
31 33
31 34
31 36
31 38
31 43
31 59
31 158
31 220
31 221
31 284
31 287
31 323
31 324
31 327
31 328
31 329
31 330
31 332
31 333
31 334
31 335
31 351
31 413
31 428
31 437
31 448
31 455
31 462
31 530
31 582
31 584
32 35
32 312
32 326
32 329
32 331
33 34
33 35
33 36
33 37
33 38
33 106
33 220
33 221
33 223
33 237
33 284
33 287
33 323
33 324
33 327
33 328
33 329
33 330
33 332
33 333
33 334
33 335
33 351
33 395
33 470
33 476
33 530
33 582
33 584
34 36
34 37
34 38
34 106
34 158
34 169
34 174
34 220
34 221
34 284
34 287
34 323
34 324
34 327
34 328
34 329
34 330
34 332
34 333
34 335
34 336
34 470
34 472
34 476
34 530
35 37
35 222
35 223
35 284
35 312
35 329
35 331
35 332
35 334
35 335
35 529
35 530
35 533
35 553
35 575
36 38
36 103
36 105
36 106
36 220
36 221
36 284
36 304
36 321
36 322
36 324
36 327
36 329
36 330
36 332
36 333
36 335
36 336
36 530
37 38
37 102
37 106
37 169
37 172
37 174
37 176
37 221
37 247
37 249
37 277
37 284
37 318
37 320
37 328
37 329
37 332
37 334
37 335
37 336
37 469
37 476
37 478
37 479
37 526
37 530
37 533
37 553
37 559
37 570
37 576
38 97
38 102
38 103
38 105
38 106
38 174
38 220
38 221
38 249
38 284
38 320
38 321
38 324
38 332
38 333
38 335
38 336
38 386
38 389
38 391
38 530
39 42
39 47
39 86
39 87
39 88
39 89
39 115
39 169
39 174
39 249
39 363
39 570
40 79
41 43
41 46
41 48
41 51
41 54
41 66
41 339
41 591
42 45
42 46
42 47
42 48
42 54
42 109
42 115
42 268
42 337
42 340
42 342
42 343
42 346
42 347
42 352
42 360
42 362
42 385
42 390
42 394
42 407
42 566
42 579
42 580
43 48
43 49
43 60
43 63
43 65
43 66
43 90
43 91
43 96
43 122
43 143
43 150
43 151
43 152
43 158
43 221
43 339
43 358
43 432
43 446
43 448
43 462
43 466
44 51
44 53
44 56
44 57
44 58
44 59
44 60
44 61
44 63
44 65
44 66
44 68
44 80
44 82
44 133
44 135
44 140
44 146
44 149
44 341
44 344
44 353
44 354
44 356
44 357
44 358
44 363
44 372
44 375
44 382
44 431
44 446
45 47
45 59
45 98
45 285
45 304
45 327
45 352
45 388
45 549
45 582
45 585
46 47
46 48
46 54
46 156
46 232
46 273
46 300
46 343
46 347
47 48
47 54
47 56
47 59
47 98
47 109
47 115
47 337
47 340
47 342
47 344
47 346
47 347
47 352
47 360
47 362
47 363
47 385
47 390
47 394
48 54
48 62
48 88
48 89
48 164
48 338
48 339
48 342
48 343
48 347
48 589
48 590
49 51
49 53
49 58
49 60
49 61
49 65
49 66
49 68
49 70
49 74
49 77
49 80
49 82
49 90
49 91
49 127
49 134
49 140
49 145
49 148
49 149
49 150
49 151
49 152
49 158
49 161
49 341
49 354
49 355
49 356
49 357
49 358
49 368
49 369
49 370
49 372
49 420
49 426
49 428
49 429
49 430
49 431
49 432
49 434
49 437
49 438
49 440
49 441
49 446
49 448
49 462
50 68
50 71
50 99
50 117
50 145
50 147
50 428
50 446
50 448
50 456
51 58
51 61
51 62
51 80
51 146
51 341
51 344
51 345
51 349
51 350
51 353
51 354
51 357
51 358
51 365
51 368
52 68
52 71
52 117
52 128
52 150
52 155
52 157
52 159
52 339
52 364
52 370
52 416
52 420
52 422
52 425
52 434
52 435
52 436
52 446
52 452
52 454
52 456
52 461
53 56
53 57
53 58
53 59
53 60
53 61
53 64
53 65
53 66
53 67
53 68
53 77
53 82
53 129
53 145
53 146
53 147
53 149
53 341
53 344
53 348
53 353
53 357
53 358
53 365
53 368
53 370
53 372
53 375
53 376
53 392
53 410
53 418
53 422
53 434
53 435
53 440
53 446
53 458
54 62
54 342
54 343
54 347
55 64
55 68
55 107
55 113
55 114
55 115
55 116
55 117
55 118
55 120
55 121
55 125
55 129
55 130
55 188
55 205
55 287
55 393
55 395
55 396
55 401
55 402
55 403
55 406
55 407
55 408
55 413
55 414
55 416
55 418
55 422
55 435
55 491
56 57
56 58
56 59
56 65
56 66
56 341
56 344
56 352
56 353
56 356
56 358
56 363
56 382
57 58
57 60
57 61
57 63
57 65
57 66
57 80
57 133
57 146
57 341
57 354
57 357
57 358
57 375
57 382
57 432
57 440
57 446
58 60
58 61
58 63
58 65
58 66
58 68
58 70
58 74
58 76
58 77
58 80
58 82
58 91
58 133
58 134
58 140
58 142
58 146
58 149
58 158
58 162
58 292
58 341
58 353
58 354
58 355
58 356
58 357
58 358
58 365
58 368
58 369
58 372
58 375
58 428
58 431
58 432
58 437
58 438
58 440
58 446
58 448
58 450
58 462
58 594
58 596
59 60
59 62
59 66
59 67
59 116
59 147
59 341
59 342
59 344
59 346
59 348
59 351
59 353
59 358
59 361
59 362
59 363
59 407
60 61
60 64
60 65
60 66
60 67
60 68
60 71
60 74
60 76
60 77
60 82
60 129
60 135
60 143
60 145
60 146
60 147
60 148
60 149
60 162
60 199
60 205
60 253
60 341
60 344
60 345
60 348
60 353
60 354
60 355
60 357
60 358
60 359
60 365
60 368
60 369
60 370
60 372
60 375
60 376
60 418
60 421
60 422
60 426
60 428
60 432
60 434
60 437
60 438
60 439
60 440
60 443
60 444
60 446
60 447
60 455
60 462
60 463
60 484
60 529
60 563
60 575
60 584
61 65
61 66
61 67
61 70
61 72
61 74
61 76
61 77
61 80
61 82
61 91
61 135
61 136
61 143
61 145
61 146
61 149
61 162
61 292
61 341
61 344
61 348
61 353
61 354
61 355
61 356
61 357
61 358
61 365
61 368
61 369
61 372
61 382
61 428
61 432
61 434
61 437
61 438
61 440
61 446
61 447
61 458
61 462
61 465
61 484
62 66
62 346
62 351
62 353
62 363
63 65
63 66
63 80
63 91
63 146
63 344
63 357
63 358
63 362
63 432
63 480
64 65
64 67
64 68
64 82
64 112
64 114
64 119
64 121
64 123
64 125
64 129
64 131
64 143
64 146
64 147
64 149
64 188
64 199
64 205
64 223
64 287
64 341
64 344
64 348
64 358
64 365
64 370
64 372
64 375
64 376
64 401
64 410
64 413
64 414
64 417
64 418
64 420
64 421
64 422
64 423
64 424
64 437
64 438
64 439
64 440
64 444
64 446
64 452
64 454
64 460
64 462
64 515
64 529
64 584
65 66
65 68
65 70
65 80
65 82
65 129
65 135
65 140
65 143
65 146
65 149
65 341
65 344
65 354
65 356
65 357
65 358
65 365
65 370
65 372
65 375
65 382
65 418
65 422
65 426
65 430
65 432
65 434
65 435
65 436
65 437
65 440
65 444
65 446
65 462
66 67
66 74
66 158
66 163
66 344
66 351
66 353
66 354
66 357
66 358
66 362
66 363
66 365
66 368
66 369
66 372
66 428
66 432
66 437
66 463
66 465
66 480
66 575
67 149
67 348
67 353
67 358
67 359
67 363
67 365
67 368
67 369
67 370
67 372
67 375
67 484
68 69
68 71
68 76
68 80
68 82
68 83
68 90
68 112
68 114
68 117
68 125
68 127
68 128
68 129
68 131
68 132
68 134
68 137
68 140
68 141
68 145
68 146
68 147
68 148
68 149
68 150
68 154
68 157
68 158
68 159
68 339
68 341
68 358
68 364
68 365
68 370
68 375
68 410
68 416
68 417
68 418
68 420
68 421
68 422
68 423
68 426
68 428
68 429
68 430
68 432
68 434
68 435
68 436
68 437
68 440
68 444
68 446
68 448
68 451
68 452
68 454
68 455
68 460
68 461
68 462
68 594
69 70
69 71
69 76
69 80
69 90
69 127
69 134
69 294
69 338
69 341
69 364
69 374
69 429
69 434
69 461
69 593
70 72
70 74
70 76
70 80
70 90
70 91
70 99
70 134
70 135
70 143
70 162
70 358
70 429
70 432
70 434
70 462
71 72
71 76
71 77
71 82
71 83
71 90
71 112
71 127
71 129
71 146
71 148
71 154
71 338
71 339
71 341
71 358
71 364
71 365
71 368
71 370
71 375
71 416
71 420
71 421
71 422
71 428
71 429
71 432
71 434
71 435
71 440
71 444
71 446
71 452
71 454
71 455
71 460
71 461
71 594
72 74
72 76
72 77
72 135
72 145
72 364
72 365
72 368
72 458
72 594
72 595
73 498
74 77
74 91
74 135
74 142
74 354
74 355
74 368
74 369
74 447
74 465
74 546
75 79
76 77
76 127
76 129
76 132
76 143
76 148
76 154
76 157
76 162
76 186
76 242
76 341
76 364
76 365
76 370
76 420
76 421
76 422
76 424
76 428
76 429
76 432
76 434
76 438
76 439
76 440
76 446
76 447
76 450
76 452
76 454
76 455
76 458
76 460
76 461
76 499
76 500
76 565
76 593
76 594
76 598
77 78
77 82
77 136
77 341
77 357
77 365
77 368
77 369
77 370
77 372
77 440
77 446
77 458
77 594
77 596
78 458
79 88
80 90
80 91
80 99
80 134
80 135
80 140
80 145
80 146
80 341
80 358
80 365
80 426
80 429
80 430
80 432
80 434
80 436
80 446
80 448
81 84
81 85
81 86
81 87
81 374
82 83
82 127
82 128
82 129
82 134
82 136
82 140
82 141
82 142
82 145
82 146
82 147
82 149
82 162
82 341
82 348
82 356
82 357
82 358
82 364
82 365
82 367
82 368
82 369
82 370
82 372
82 373
82 375
82 376
82 382
82 410
82 418
82 420
82 421
82 422
82 423
82 428
82 429
82 430
82 434
82 435
82 436
82 437
82 438
82 440
82 446
82 452
82 458
82 462
82 594
83 112
83 113
83 114
83 121
83 129
83 132
83 147
83 149
83 341
83 375
83 376
83 410
83 416
83 418
83 422
83 423
83 434
83 435
83 440
84 85
84 86
84 87
84 89
84 374
84 377
85 87
85 374
85 377
86 87
86 89
86 377
87 89
87 377
87 380
87 381
88 89
89 91
89 97
89 377
89 380
89 381
90 99
90 161
90 338
90 339
90 420
90 432
90 441
90 446
90 448
91 143
91 162
91 292
91 354
91 369
91 381
91 437
91 462
91 463
91 464
92 184
92 187
93 94
93 95
93 98
93 100
93 101
93 103
93 104
93 109
93 172
93 184
93 204
93 228
93 285
93 289
93 298
93 301
93 302
93 304
93 322
93 384
93 385
93 386
93 390
93 394
93 495
93 549
94 97
94 98
94 101
94 109
94 252
94 301
94 304
94 317
94 321
94 322
94 385
94 386
94 388
94 389
94 394
95 101
95 103
95 107
95 109
95 111
95 116
95 118
95 120
95 282
95 301
95 384
95 385
95 390
95 394
95 396
95 398
95 407
95 491
95 579
95 580
95 586
96 97
96 99
96 160
96 296
96 297
96 386
97 98
97 102
97 103
97 104
97 105
97 106
97 221
97 317
97 320
97 321
97 386
97 388
97 389
97 391
97 394
97 569
98 102
98 103
98 104
98 105
98 106
98 109
98 111
98 267
98 270
98 282
98 302
98 303
98 304
98 317
98 320
98 321
98 385
98 386
98 388
98 389
98 390
98 391
98 394
98 569
98 579
99 161
99 261
99 297
99 387
99 434
99 436
99 446
99 448
99 595
100 106
100 283
100 390
101 103
101 104
101 109
101 204
101 228
101 282
101 289
101 301
101 304
101 322
101 384
101 385
101 386
101 389
101 390
101 394
101 487
101 495
101 579
101 586
102 103
102 106
102 249
102 336
102 391
103 104
103 105
103 106
103 109
103 111
103 221
103 282
103 303
103 304
103 306
103 317
103 320
103 321
103 336
103 384
103 385
103 386
103 388
103 389
103 390
103 391
103 394
103 398
103 579
103 580
104 105
104 109
104 173
104 189
104 192
104 206
104 244
104 304
104 317
104 321
104 386
104 388
104 389
104 390
104 394
104 495
105 106
105 109
105 111
105 221
105 277
105 282
105 303
105 304
105 317
105 320
105 321
105 324
105 335
105 336
105 385
105 386
105 388
105 389
105 390
105 391
105 394
105 530
105 579
106 110
106 220
106 221
106 282
106 284
106 317
106 320
106 321
106 324
106 332
106 335
106 336
106 386
106 388
106 389
106 391
106 392
106 395
106 530
107 108
107 109
107 110
107 114
107 115
107 116
107 117
107 118
107 120
107 121
107 123
107 130
107 139
107 192
107 282
107 287
107 323
107 393
107 395
107 396
107 398
107 401
107 403
107 408
107 414
107 491
108 110
108 187
108 191
108 192
108 193
108 197
108 211
108 212
108 216
108 224
108 393
108 395
108 399
108 400
108 401
108 408
108 489
108 495
108 496
109 111
109 115
109 116
109 118
109 120
109 204
109 257
109 282
109 301
109 304
109 317
109 321
109 322
109 323
109 384
109 385
109 386
109 388
109 389
109 390
109 391
109 394
109 398
109 419
109 579
109 586
110 114
110 120
110 121
110 125
110 188
110 191
110 223
110 393
110 395
110 401
111 116
111 118
111 120
111 282
111 317
111 384
111 385
111 386
111 387
111 389
111 390
111 391
111 394
111 398
111 579
111 580
112 113
112 114
112 119
112 121
112 125
112 128
112 129
112 131
112 132
112 140
112 147
112 154
112 157
112 188
112 190
112 191
112 194
112 196
112 199
112 223
112 364
112 375
112 401
112 404
112 408
112 416
112 417
112 418
112 420
112 421
112 422
112 423
112 424
112 439
112 450
112 451
112 452
112 454
112 460
112 461
112 490
112 494
112 497
112 501
112 515
112 565
113 114
113 115
113 116
113 117
113 118
113 120
113 121
113 124
113 129
113 130
113 188
113 361
113 396
113 403
113 406
113 408
113 409
113 422
114 119
114 120
114 121
114 123
114 125
114 129
114 131
114 132
114 147
114 149
114 154
114 157
114 188
114 190
114 191
114 194
114 199
114 205
114 223
114 280
114 287
114 395
114 397
114 401
114 408
114 417
114 418
114 421
114 422
114 423
114 424
114 439
114 451
114 452
114 492
114 501
114 565
115 116
115 118
115 120
115 121
115 130
115 201
115 316
115 337
115 340
115 342
115 346
115 360
115 361
115 362
115 385
115 396
115 398
115 406
115 407
115 408
115 409
115 414
115 483
115 491
115 586
116 117
116 118
116 120
116 121
116 124
116 126
116 130
116 316
116 323
116 337
116 361
116 362
116 396
116 398
116 403
116 406
116 407
116 408
116 409
116 413
116 414
116 419
116 491
117 118
117 120
117 121
117 130
117 145
117 282
117 393
117 398
117 401
117 402
117 403
117 409
117 416
117 435
118 120
118 282
118 336
118 384
118 385
118 390
118 391
118 393
118 394
118 395
118 396
118 398
118 402
118 406
118 407
118 414
118 491
118 579
119 123
119 125
119 128
119 131
119 132
119 147
119 154
119 157
119 190
119 191
119 196
119 223
119 399
119 401
119 412
119 417
119 418
119 421
119 423
119 424
119 437
119 439
119 450
119 451
119 452
119 454
119 460
119 490
119 497
119 501
119 515
119 599
120 121
120 282
120 323
120 393
120 395
120 396
120 398
120 400
120 401
120 403
120 406
120 408
120 413
120 414
120 491
121 123
121 124
121 125
121 129
121 130
121 131
121 137
121 147
121 188
121 199
121 205
121 223
121 287
121 393
121 395
121 401
121 403
121 408
121 410
121 413
121 414
121 416
121 422
121 423
121 435
121 491
122 151
122 152
122 164
122 202
122 217
122 219
122 264
122 272
122 274
122 277
122 278
122 281
122 296
122 415
122 466
122 516
122 519
122 578
123 125
123 199
123 223
123 283
123 287
123 401
123 403
123 416
123 417
123 418
123 423
123 435
123 461
124 130
124 409
125 128
125 129
125 131
125 147
125 148
125 149
125 154
125 157
125 188
125 190
125 196
125 199
125 223
125 348
125 401
125 404
125 412
125 417
125 418
125 421
125 422
125 423
125 424
125 437
125 439
125 440
125 442
125 451
125 452
125 454
125 460
125 501
125 515
126 141
126 419
126 436
126 446
126 595
127 129
127 136
127 159
127 161
127 341
127 370
127 420
127 421
127 422
127 429
127 434
127 435
127 440
127 446
127 461
128 129
128 131
128 147
128 154
128 157
128 158
128 194
128 196
128 372
128 373
128 417
128 420
128 421
128 422
128 423
128 424
128 437
128 440
128 442
128 450
128 451
128 452
128 454
128 460
128 461
128 465
128 490
128 497
128 501
128 510
128 515
128 594
128 599
129 131
129 132
129 134
129 137
129 140
129 141
129 145
129 146
129 147
129 148
129 149
129 162
129 188
129 199
129 205
129 223
129 280
129 341
129 348
129 357
129 358
129 364
129 365
129 370
129 372
129 375
129 376
129 401
129 403
129 404
129 410
129 413
129 416
129 417
129 418
129 420
129 421
129 422
129 423
129 424
129 426
129 428
129 429
129 430
129 434
129 435
129 437
129 438
129 439
129 440
129 444
129 446
129 451
129 452
129 454
129 455
129 460
129 461
129 501
130 323
130 396
130 403
130 405
130 406
130 407
130 408
130 409
130 435
130 491
131 132
131 140
131 147
131 154
131 157
131 162
131 188
131 190
131 191
131 194
131 196
131 199
131 207
131 223
131 280
131 397
131 417
131 418
131 421
131 422
131 423
131 424
131 438
131 439
131 440
131 442
131 450
131 451
131 452
131 454
131 460
131 467
131 490
131 494
131 497
131 501
131 509
131 515
131 565
131 594
132 137
132 147
132 148
132 149
132 154
132 162
132 186
132 421
132 424
132 426
132 429
132 438
132 440
132 451
132 460
132 501
132 565
133 442
133 446
134 137
134 140
134 145
134 149
134 161
134 162
134 355
134 375
134 418
134 420
134 421
134 426
134 428
134 429
134 430
134 432
134 434
134 435
134 437
134 438
134 440
134 445
134 446
134 448
134 461
134 462
134 506
134 596
135 149
135 341
135 354
135 357
135 358
135 366
135 368
135 372
135 434
135 440
136 141
136 142
136 146
136 159
136 370
136 380
136 420
136 425
136 432
136 440
136 442
136 446
136 456
136 458
136 462
136 465
136 594
137 139
137 140
137 149
137 426
137 430
137 435
137 440
137 441
137 446
137 506
138 431
140 145
140 146
140 149
140 341
140 357
140 358
140 375
140 418
140 420
140 421
140 423
140 426
140 428
140 429
140 430
140 432
140 435
140 437
140 438
140 441
140 446
140 461
140 462
140 506
141 145
141 147
141 149
141 159
141 199
141 368
141 373
141 375
141 376
141 418
141 428
141 437
141 444
141 446
141 594
142 144
142 145
142 162
142 365
142 380
142 425
142 432
142 446
142 458
142 594
142 596
143 146
143 148
143 149
143 162
143 163
143 205
143 242
143 253
143 341
143 344
143 348
143 353
143 354
143 358
143 364
143 365
143 369
143 418
143 428
143 432
143 437
143 438
143 439
143 440
143 443
143 444
143 447
143 455
143 462
143 463
143 529
143 545
143 558
143 563
144 551
145 146
145 149
145 341
145 345
145 358
145 364
145 365
145 368
145 370
145 421
145 422
145 428
145 429
145 430
145 434
145 435
145 436
145 446
145 456
145 458
145 461
145 506
146 148
146 149
146 199
146 253
146 341
146 344
146 348
146 357
146 358
146 364
146 365
146 368
146 369
146 370
146 417
146 418
146 421
146 422
146 423
146 428
146 432
146 435
146 437
146 438
146 439
146 440
146 443
146 444
146 446
146 455
146 458
146 462
146 529
146 535
146 537
147 149
147 157
147 188
147 199
147 223
147 348
147 365
147 375
147 376
147 418
147 421
147 422
147 423
147 424
147 428
147 431
147 437
147 439
147 440
147 452
147 454
147 459
147 460
148 149
148 158
148 162
148 163
148 205
148 253
148 341
148 348
148 358
148 417
148 418
148 420
148 421
148 422
148 423
148 426
148 428
148 432
148 434
148 437
148 438
148 440
148 444
148 454
148 455
148 460
148 462
148 463
148 464
149 158
149 162
149 199
149 205
149 253
149 341
149 344
149 348
149 354
149 355
149 357
149 358
149 365
149 368
149 370
149 372
149 375
149 410
149 418
149 421
149 422
149 423
149 426
149 428
149 430
149 434
149 435
149 437
149 438
149 439
149 440
149 444
149 446
149 455
149 462
149 529
150 151
150 152
150 155
150 158
150 159
150 164
150 202
150 434
150 435
150 436
150 437
150 446
150 448
150 461
150 462
150 466
151 152
151 155
151 158
151 164
151 202
151 272
151 415
151 441
151 448
151 449
151 466
151 577
152 158
152 164
152 219
152 272
152 277
152 369
152 448
152 449
152 462
152 465
152 466
152 577
153 156
153 195
153 208
153 209
153 219
153 271
153 272
153 273
153 468
153 517
154 157
154 190
154 194
154 196
154 197
154 207
154 400
154 401
154 417
154 420
154 421
154 423
154 424
154 439
154 442
154 450
154 451
154 452
154 454
154 460
154 461
154 467
154 490
154 497
154 501
154 515
154 565
155 164
155 202
155 272
155 278
155 279
155 339
155 448
155 449
155 466
156 164
156 195
156 202
156 208
156 214
156 217
156 219
156 232
156 251
156 254
156 272
156 273
156 274
156 381
156 516
156 527
156 589
156 591
157 194
157 196
157 417
157 418
157 420
157 421
157 423
157 424
157 442
157 450
157 451
157 452
157 454
157 460
157 467
157 490
157 501
157 515
157 594
158 159
158 162
158 163
158 253
158 420
158 428
158 432
158 437
158 440
158 441
158 442
158 446
158 448
158 449
158 455
158 462
158 463
158 576
158 577
159 277
159 339
159 420
159 428
159 435
159 446
159 455
159 456
159 461
159 462
159 472
159 576
159 577
160 175
160 179
160 181
160 244
160 261
160 296
160 298
160 562
160 570
161 428
161 448
162 163
162 186
162 235
162 242
162 253
162 280
162 355
162 412
162 418
162 420
162 421
162 424
162 426
162 428
162 429
162 432
162 437
162 438
162 439
162 440
162 443
162 445
162 447
162 450
162 452
162 454
162 455
162 460
162 462
162 464
162 529
162 552
163 208
163 242
163 250
163 253
163 254
163 437
163 449
163 450
163 455
163 462
163 463
163 464
163 465
163 510
163 552
163 563
163 575
163 599
164 200
164 202
164 214
164 217
164 219
164 270
164 272
164 273
164 274
164 277
164 278
164 279
164 281
164 296
164 381
164 449
164 466
164 516
165 167
165 169
165 239
165 560
165 570
165 575
166 167
166 168
166 169
166 171
166 174
166 218
166 239
166 244
166 247
166 250
166 251
166 252
166 276
166 471
166 472
166 473
166 474
166 476
166 478
166 548
166 556
166 559
166 562
166 576
167 169
167 171
167 174
167 217
167 249
167 251
167 277
167 278
167 470
167 472
167 474
167 476
167 523
167 526
167 559
167 576
168 170
168 172
168 176
168 179
168 183
168 189
168 206
168 215
168 228
168 229
168 236
168 238
168 239
168 241
168 244
168 247
168 248
168 250
168 252
168 255
168 256
168 258
168 259
168 265
168 266
168 267
168 268
168 269
168 270
168 276
168 285
168 288
168 289
168 383
168 475
168 478
168 546
168 547
168 548
168 550
168 551
168 555
168 556
168 557
168 558
168 560
168 561
168 570
168 571
168 572
168 573
169 171
169 174
169 176
169 179
169 217
169 247
169 249
169 251
169 277
169 469
169 470
169 471
169 472
169 473
169 474
169 476
169 477
169 478
169 479
169 522
169 523
169 525
169 526
169 530
169 531
169 553
169 559
169 560
169 562
169 570
169 575
169 576
170 172
170 177
170 179
170 183
170 204
170 228
170 236
170 239
170 247
170 252
170 255
170 258
170 266
170 267
170 268
170 269
170 270
170 383
170 390
170 505
170 548
170 556
170 557
170 561
170 571
170 572
171 174
171 216
171 217
171 247
171 249
171 251
171 252
171 268
171 276
171 277
171 278
171 470
171 476
171 480
171 523
171 559
171 560
171 570
171 574
171 576
172 179
172 183
172 238
172 244
172 247
172 248
172 250
172 252
172 256
172 258
172 266
172 268
172 269
172 285
172 289
172 322
172 484
172 547
172 548
172 549
172 556
172 557
172 560
172 561
172 570
172 582
173 200
174 176
174 217
174 222
174 240
174 247
174 249
174 251
174 277
174 335
174 470
174 476
174 477
174 479
174 480
174 481
174 523
174 526
174 530
174 531
174 533
174 553
174 559
174 562
174 570
174 575
174 576
175 177
175 179
175 238
175 243
175 244
175 247
175 547
175 550
175 562
175 570
176 177
176 179
176 181
176 185
176 247
176 249
176 256
176 258
176 268
176 276
176 476
176 478
176 479
176 481
176 485
176 486
176 522
176 523
176 524
176 525
176 526
176 531
176 555
176 559
176 561
176 562
176 570
176 572
176 574
177 179
177 185
177 243
177 246
177 247
177 258
177 262
177 263
177 265
177 268
177 269
177 478
177 502
177 505
177 521
177 525
177 541
177 556
177 559
177 562
177 567
177 574
177 588
177 600
178 183
178 255
178 528
179 183
179 185
179 228
179 239
179 243
179 244
179 247
179 258
179 268
179 269
179 298
179 476
179 478
179 482
179 502
179 547
179 548
179 550
179 555
179 556
179 559
179 561
179 562
179 570
180 285
180 289
180 546
180 549
180 583
180 584
181 298
181 479
181 485
181 559
181 562
182 206
182 256
183 228
183 239
183 247
183 248
183 252
183 255
183 258
183 266
183 267
183 268
183 269
183 270
183 276
183 289
183 390
183 419
183 547
183 548
183 556
183 561
183 570
184 289
185 189
185 211
185 239
185 244
185 246
185 483
185 486
185 493
185 495
185 496
185 502
185 507
185 522
185 531
185 532
185 534
185 540
185 548
185 555
185 557
185 562
185 588
186 242
186 349
186 355
186 429
186 438
186 447
186 460
186 500
187 189
187 191
187 198
187 207
187 384
187 393
187 400
187 408
187 489
187 495
187 496
187 499
187 511
188 190
188 191
188 198
188 199
188 223
188 370
188 375
188 397
188 401
188 403
188 408
188 421
188 422
188 423
188 424
188 451
188 452
188 459
188 501
189 192
189 198
189 203
189 206
189 216
189 229
189 230
189 234
189 239
189 241
189 244
189 293
189 489
189 493
189 495
189 496
189 540
189 551
189 555
189 571
189 583
190 191
190 196
190 199
190 207
190 223
190 417
190 421
190 423
190 424
190 439
190 442
190 451
190 452
190 460
190 467
190 490
190 492
190 494
190 497
190 501
190 509
190 514
190 565
191 192
191 193
191 194
191 196
191 197
191 199
191 201
191 207
191 212
191 400
191 401
191 408
191 417
191 423
191 489
191 490
191 492
191 494
191 496
191 497
191 501
191 503
191 514
191 565
192 193
192 203
192 211
192 212
192 216
192 222
192 224
192 227
192 245
192 399
192 427
192 443
192 489
192 492
192 493
192 495
192 496
192 514
192 529
192 531
192 532
192 534
193 195
193 197
193 202
193 203
193 211
193 212
193 222
193 224
193 227
193 231
193 245
193 399
193 408
193 490
193 492
193 493
193 496
193 519
193 525
193 527
193 531
193 532
193 534
194 196
194 207
194 442
194 451
194 452
194 497
194 501
195 196
195 202
195 208
195 209
195 210
195 211
195 212
195 213
195 214
195 215
195 218
195 233
195 265
195 271
195 273
195 274
195 510
195 512
195 517
195 519
195 527
195 564
196 197
196 207
196 208
196 209
196 212
196 417
196 423
196 424
196 439
196 442
196 450
196 451
196 452
196 454
196 460
196 464
196 467
196 490
196 492
196 497
196 501
196 503
196 509
196 514
196 515
196 518
196 565
197 202
197 209
197 212
197 216
197 218
197 509
197 527
198 199
198 201
198 207
198 280
198 457
198 499
198 504
199 201
199 223
199 280
199 283
199 348
199 376
199 403
199 404
199 408
199 417
199 418
199 421
199 423
199 424
199 439
199 442
199 444
199 457
199 459
199 492
199 494
199 497
199 499
199 501
200 202
200 203
200 215
200 216
200 219
200 241
200 259
200 274
200 277
200 279
200 415
200 502
201 203
201 204
201 230
201 286
201 408
201 489
201 492
201 496
201 504
202 208
202 214
202 215
202 219
202 272
202 273
202 274
202 503
202 515
202 516
203 204
203 214
203 215
203 246
203 274
203 295
203 298
203 408
203 496
203 503
203 534
204 215
204 230
204 289
204 384
204 419
204 487
204 502
204 504
205 287
205 344
205 348
205 358
205 418
205 421
205 422
205 426
205 438
205 492
205 529
205 584
206 210
206 211
206 212
206 216
206 228
206 229
206 232
206 234
206 235
206 236
206 239
206 241
206 244
206 248
206 252
206 256
206 259
206 265
206 266
206 269
206 276
206 288
206 485
206 495
206 505
206 507
206 551
206 555
206 558
206 571
206 572
206 573
207 424
207 452
207 499
207 509
207 565
208 209
208 210
208 211
208 212
208 213
208 219
208 232
208 233
208 254
208 264
208 265
208 271
208 273
208 465
208 490
208 510
208 512
208 513
208 516
208 517
208 518
208 519
208 521
208 525
208 527
208 528
208 538
208 541
208 544
208 564
208 573
208 589
208 591
208 600
209 210
209 211
209 212
209 213
209 214
209 232
209 233
209 259
209 265
209 271
209 273
209 490
209 510
209 512
209 513
209 514
209 517
209 518
209 519
209 520
209 521
209 527
209 538
209 541
209 544
209 564
209 567
209 573
209 588
209 591
210 212
210 213
210 232
210 233
210 234
210 271
210 512
210 514
210 518
210 519
210 573
211 212
211 213
211 215
211 216
211 231
211 232
211 243
211 244
211 245
211 246
211 251
211 255
211 259
211 263
211 265
211 271
211 274
211 298
211 299
211 300
211 475
211 493
211 496
211 502
211 505
211 512
211 519
211 525
211 527
211 531
211 532
211 541
211 551
211 555
211 559
211 564
211 567
211 573
211 588
212 213
212 214
212 215
212 216
212 218
212 232
212 233
212 234
212 241
212 259
212 265
212 271
212 274
212 276
212 490
212 493
212 496
212 503
212 512
212 514
212 519
212 527
212 564
213 214
213 215
213 232
213 233
213 234
213 246
213 259
213 262
213 263
213 265
213 271
213 273
213 274
213 493
213 507
213 512
213 519
213 520
213 521
213 527
213 541
213 544
213 564
213 567
213 573
213 588
214 215
214 219
214 232
214 246
214 262
214 263
214 271
214 272
214 273
214 274
214 300
214 503
214 516
214 588
215 216
215 219
215 241
215 244
215 246
215 259
215 274
215 277
215 278
215 502
215 503
215 527
216 232
216 234
216 241
216 259
216 274
216 276
216 278
216 474
216 485
216 500
216 502
216 524
216 576
217 219
217 244
217 247
217 249
217 251
217 252
217 254
217 263
217 265
217 270
217 273
217 274
217 277
217 278
217 296
217 299
217 470
217 479
217 516
217 523
217 525
217 526
217 531
217 559
217 574
217 576
218 251
218 453
218 527
219 232
219 252
219 264
219 267
219 268
219 270
219 272
219 273
219 274
219 277
219 278
219 279
219 465
219 502
219 516
219 527
219 574
219 576
220 221
220 222
220 226
220 240
220 253
220 284
220 286
220 287
220 324
220 327
220 328
220 329
220 330
220 332
220 333
220 335
220 426
220 455
220 462
220 529
220 530
220 533
220 549
220 563
220 582
220 584
221 282
221 284
221 317
221 320
221 321
221 324
221 327
221 328
221 330
221 332
221 333
221 335
221 336
221 386
221 388
221 389
221 391
221 448
221 530
221 582
222 223
222 224
222 226
222 227
222 240
222 242
222 245
222 253
222 329
222 395
222 397
222 418
222 423
222 439
222 443
222 455
222 462
222 529
222 530
222 533
222 535
222 536
222 553
223 224
223 226
223 280
223 287
223 328
223 329
223 332
223 395
223 397
223 399
223 401
223 404
223 417
223 418
223 421
223 423
223 424
223 439
223 442
223 452
223 529
223 530
223 533
223 584
224 227
224 245
224 397
224 399
224 401
224 408
224 417
224 423
224 501
224 532
224 534
225 246
225 262
225 534
226 227
226 240
226 397
226 427
226 439
226 455
226 529
226 530
226 533
226 535
226 553
227 231
227 242
227 245
227 397
227 439
227 443
227 494
227 529
227 531
227 532
227 533
227 535
227 536
227 537
227 552
228 244
228 247
228 252
228 255
228 259
228 261
228 262
228 263
228 266
228 267
228 268
228 269
228 298
228 384
228 390
228 394
228 559
228 571
228 572
229 234
229 235
229 236
229 238
229 244
229 248
229 269
229 291
229 493
229 521
229 542
229 545
229 547
229 548
229 551
229 555
229 561
229 571
229 572
229 573
230 283
230 443
230 489
230 493
230 494
230 496
230 498
230 503
230 504
230 511
230 520
230 532
230 534
230 540
230 545
231 242
231 243
231 245
231 246
231 259
231 265
231 300
231 502
231 505
231 512
231 513
231 519
231 525
231 528
231 531
231 532
231 536
231 552
231 600
232 233
232 252
232 255
232 256
232 259
232 263
232 265
232 267
232 269
232 270
232 271
232 273
232 276
232 505
232 512
232 516
232 544
232 564
232 567
232 572
232 573
232 591
233 234
233 236
233 241
233 259
233 265
233 269
233 271
233 276
233 512
233 519
233 520
233 521
233 527
233 542
233 545
233 551
233 572
233 573
234 236
234 241
234 493
234 498
234 499
234 507
234 514
234 520
234 545
234 551
234 555
234 571
234 573
235 236
235 239
235 241
235 248
235 250
235 256
235 457
235 551
235 552
235 555
235 558
235 583
236 238
236 239
236 240
236 241
236 244
236 248
236 250
236 255
236 256
236 258
236 265
236 266
236 269
236 285
236 286
236 289
236 325
236 475
236 507
236 521
236 542
236 546
236 547
236 548
236 549
236 550
236 551
236 553
236 554
236 555
236 556
236 558
236 561
236 571
236 573
236 582
236 583
236 585
237 284
237 285
237 286
237 287
237 290
237 323
237 328
237 330
237 332
237 547
237 549
237 582
237 584
238 239
238 240
238 243
238 244
238 247
238 248
238 252
238 255
238 258
238 265
238 266
238 269
238 285
238 289
238 300
238 475
238 486
238 521
238 542
238 546
238 547
238 548
238 549
238 550
238 551
238 553
238 554
238 555
238 556
238 561
238 570
238 571
238 585
239 241
239 243
239 244
239 247
239 248
239 250
239 252
239 255
239 256
239 258
239 259
239 265
239 266
239 267
239 269
239 276
239 505
239 546
239 547
239 548
239 550
239 551
239 553
239 554
239 555
239 556
239 558
239 559
239 561
239 562
239 570
239 571
239 572
240 243
240 244
240 245
240 251
240 253
240 397
240 479
240 529
240 531
240 532
240 533
240 547
240 549
240 553
240 554
240 555
240 563
240 584
240 585
241 244
241 248
241 250
241 254
241 256
241 276
241 457
241 546
241 550
241 551
241 552
241 555
241 558
241 561
242 397
242 438
242 439
242 447
242 450
242 455
242 460
242 464
242 510
242 526
242 536
242 552
243 244
243 245
243 246
243 247
243 255
243 257
243 258
243 259
243 262
243 263
243 265
243 268
243 269
243 270
243 298
243 300
243 475
243 479
243 502
243 505
243 516
243 521
243 525
243 528
243 531
243 541
243 548
243 550
243 554
243 555
243 556
243 559
243 562
243 566
243 570
243 574
243 600
244 247
244 248
244 250
244 251
244 252
244 255
244 258
244 259
244 265
244 266
244 267
244 269
244 270
244 276
244 285
244 288
244 289
244 495
244 531
244 546
244 547
244 548
244 549
244 550
244 551
244 553
244 554
244 555
244 556
244 558
244 559
244 561
244 562
245 246
245 251
245 265
245 479
245 502
245 513
245 519
245 526
245 528
245 531
245 532
245 536
245 552
245 554
245 559
245 575
246 255
246 262
246 263
246 265
246 273
246 274
246 298
246 299
246 300
246 479
246 512
246 516
246 525
246 528
246 531
246 532
246 534
246 541
246 559
246 566
246 574
246 600
247 249
247 252
247 255
247 258
247 263
247 266
247 267
247 268
247 269
247 270
247 298
247 322
247 390
247 473
247 476
247 478
247 522
247 548
247 550
247 556
247 559
247 560
247 561
247 562
247 570
247 574
248 250
248 252
248 254
248 256
248 258
248 265
248 266
248 269
248 276
248 285
248 288
248 289
248 291
248 475
248 505
248 542
248 545
248 546
248 547
248 548
248 549
248 550
248 551
248 555
248 556
248 558
248 561
248 583
249 251
249 277
249 335
249 470
249 476
249 479
249 480
249 481
249 482
249 523
249 526
249 531
249 553
249 559
249 562
249 570
249 574
249 576
250 251
250 252
250 253
250 254
250 256
250 258
250 265
250 276
250 289
250 291
250 475
250 546
250 547
250 549
250 551
250 552
250 553
250 555
250 556
250 558
250 559
250 560
250 561
250 576
250 583
251 254
251 265
251 276
251 455
251 523
251 527
251 531
251 559
251 576
252 255
252 256
252 258
252 263
252 265
252 266
252 267
252 268
252 269
252 270
252 272
252 276
252 277
252 278
252 279
252 289
252 322
252 386
252 394
252 546
252 548
252 550
252 556
252 559
252 560
252 561
252 570
252 572
252 573
252 574
252 576
253 254
253 284
253 348
253 358
253 418
253 428
253 437
253 438
253 439
253 440
253 455
253 462
253 463
253 529
253 549
253 553
253 563
253 584
254 265
254 276
254 455
254 463
254 527
254 551
254 552
254 559
254 561
254 575
254 576
255 256
255 258
255 259
255 263
255 265
255 266
255 267
255 268
255 269
255 270
255 276
255 289
255 298
255 299
255 300
255 394
255 505
255 521
255 528
255 541
255 546
255 548
255 550
255 555
255 556
255 559
255 561
255 568
255 570
255 571
255 572
255 573
255 574
256 258
256 259
256 265
256 266
256 269
256 276
256 508
256 548
256 550
256 555
256 556
256 559
256 561
256 568
256 572
256 573
257 298
257 300
257 394
257 396
258 263
258 265
258 266
258 268
258 269
258 270
258 322
258 478
258 521
258 548
258 550
258 555
258 556
258 559
258 560
258 561
258 570
258 571
258 572
258 573
258 574
259 263
259 265
259 269
259 270
259 271
259 273
259 274
259 276
259 278
259 300
259 502
259 505
259 516
259 541
259 559
259 564
259 567
259 572
259 573
260 342
260 391
260 580
261 274
261 296
261 384
261 387
261 579
262 263
262 273
262 298
262 299
262 300
262 528
262 534
262 539
262 541
262 566
262 567
262 574
262 581
262 600
263 264
263 265
263 267
263 268
263 269
263 270
263 271
263 273
263 274
263 298
263 299
263 300
263 468
263 505
263 512
263 516
263 521
263 525
263 528
263 538
263 541
263 544
263 556
263 559
263 566
263 567
263 568
263 572
263 573
263 574
263 588
263 600
264 265
264 270
264 273
264 300
264 505
264 516
264 517
264 528
264 574
265 269
265 270
265 271
265 273
265 299
265 300
265 475
265 486
265 493
265 505
265 512
265 519
265 521
265 525
265 527
265 528
265 531
265 532
265 541
265 542
265 548
265 550
265 551
265 554
265 555
265 556
265 559
265 561
265 567
265 572
265 573
265 574
265 588
266 267
266 268
266 269
266 270
266 276
266 279
266 546
266 547
266 548
266 550
266 555
266 556
266 569
266 570
266 571
266 572
266 573
267 268
267 269
267 270
267 272
267 273
267 274
267 277
267 278
267 279
267 281
267 300
267 321
267 389
267 390
267 394
267 516
267 548
267 570
267 574
268 269
268 270
268 277
268 278
268 476
268 478
268 505
268 516
268 528
268 548
268 556
268 559
268 560
268 566
268 570
268 572
268 574
269 270
269 276
269 289
269 505
269 521
269 541
269 542
269 548
269 550
269 555
269 556
269 561
269 567
269 568
269 570
269 571
269 572
269 573
269 574
270 272
270 273
270 274
270 277
270 278
270 279
270 300
270 394
270 516
270 528
270 548
270 550
270 556
270 570
270 572
270 573
270 574
271 273
271 512
271 519
271 521
271 538
271 541
271 544
271 564
271 567
271 572
271 573
272 273
272 274
272 277
272 278
272 279
272 281
272 449
272 466
272 516
272 576
273 274
273 343
273 516
273 528
273 566
273 574
274 277
274 278
274 279
274 281
274 296
274 300
274 502
274 503
274 516
275 437
275 575
276 277
276 278
276 279
276 485
276 500
276 502
276 505
276 548
276 551
276 559
276 572
276 576
277 278
277 279
277 281
277 296
277 466
277 472
277 476
277 516
277 570
277 576
277 577
278 279
278 281
278 296
278 321
278 381
278 389
278 516
278 576
278 577
278 578
279 281
279 389
279 576
279 577
280 397
280 423
280 424
280 442
280 452
280 457
280 459
280 499
280 594
281 296
281 576
281 577
281 578
282 303
282 317
282 321
282 336
282 384
282 385
282 386
282 388
282 389
282 390
282 391
282 393
282 394
282 395
282 398
282 402
282 530
282 579
283 358
283 489
283 529
284 285
284 287
284 323
284 327
284 328
284 329
284 330
284 332
284 334
284 335
284 484
284 529
284 530
284 533
284 549
284 582
284 584
285 286
285 289
285 304
285 322
285 325
285 328
285 484
285 546
285 547
285 549
285 555
285 558
285 561
285 582
285 583
285 584
285 585
286 287
286 325
286 328
286 547
286 549
286 557
286 582
286 583
286 584
286 585
287 323
287 327
287 328
287 330
287 332
287 414
287 470
287 529
287 530
287 549
287 582
287 584
287 585
288 495
288 550
288 551
288 555
288 558
288 561
289 384
289 484
289 495
289 540
289 546
289 547
289 548
289 549
289 555
289 558
289 561
289 571
289 572
289 583
289 585
291 443
291 542
291 558
291 561
291 583
292 354
292 357
292 369
293 438
294 593
295 443
296 466
296 516
297 386
297 569
298 299
298 300
298 322
298 352
298 534
298 539
299 479
299 516
299 519
299 525
299 528
299 531
299 559
299 574
300 502
300 505
300 516
300 528
301 302
301 303
301 304
301 323
301 384
301 385
301 386
301 390
301 394
301 407
301 579
302 304
302 322
302 385
302 394
302 579
303 304
303 306
303 307
303 308
303 317
303 321
303 385
303 386
303 388
303 389
303 394
304 305
304 306
304 308
304 317
304 321
304 322
304 324
304 385
304 386
304 388
304 389
304 390
304 394
305 385
305 394
306 308
306 309
306 317
306 319
306 320
306 321
306 389
308 321
308 324
308 326
308 389
309 313
309 326
310 311
310 315
310 316
310 392
311 315
312 318
312 319
312 320
312 329
312 331
313 314
313 315
313 318
313 433
314 315
314 316
315 316
316 361
316 483
317 319
317 320
317 321
317 385
317 386
317 388
317 389
317 391
317 394
317 569
318 319
318 320
318 331
319 320
319 395
320 321
320 324
320 335
320 336
320 386
320 388
320 389
320 391
320 530
321 324
321 326
321 336
321 385
321 386
321 388
321 389
321 390
321 391
321 394
321 579
322 323
322 327
322 328
322 390
322 394
322 556
322 560
323 327
323 328
323 330
323 332
323 393
323 396
323 407
323 414
323 470
323 473
323 476
323 491
323 584
323 586
324 327
324 330
324 332
324 333
324 335
324 336
324 530
325 344
325 486
325 491
325 540
325 549
325 555
325 557
325 561
325 582
325 583
325 584
325 585
325 586
327 328
327 330
327 332
327 335
327 396
327 407
327 413
327 530
327 582
328 329
328 330
328 332
328 335
328 529
328 530
328 533
328 549
328 553
328 582
328 583
328 584
329 330
329 331
329 332
329 333
329 334
329 335
329 351
329 412
329 477
329 529
329 530
329 533
329 553
330 332
330 334
330 335
330 344
330 413
330 418
330 428
330 530
330 582
330 584
331 399
331 457
331 553
332 333
332 334
332 335
332 351
332 470
332 472
332 473
332 476
332 530
332 582
332 584
333 334
333 335
333 351
333 463
333 470
333 530
334 335
334 533
335 336
335 530
335 533
335 549
335 553
335 582
336 389
336 391
336 392
336 530
337 340
337 342
337 343
337 344
337 346
337 347
337 361
337 362
337 384
337 396
337 405
337 406
337 407
337 408
337 409
337 414
337 419
337 491
337 586
338 339
338 340
338 342
338 347
338 349
338 364
339 347
339 370
339 416
339 420
339 432
339 446
339 448
339 456
339 594
340 342
340 343
340 344
340 346
340 347
340 352
340 361
340 362
340 407
340 491
341 344
341 345
341 348
341 349
341 353
341 354
341 355
341 357
341 358
341 359
341 364
341 365
341 368
341 369
341 370
341 372
341 375
341 410
341 418
341 421
341 422
341 426
341 428
341 429
341 430
341 432
341 434
341 435
341 437
341 438
341 440
341 446
342 343
342 346
342 347
342 361
343 346
343 347
343 350
344 345
344 346
344 348
344 351
344 353
344 354
344 357
344 358
344 362
344 363
344 365
344 369
344 372
344 407
344 410
344 413
344 491
344 492
345 346
345 349
345 350
345 353
345 354
345 358
345 364
345 365
345 426
345 434
345 440
346 347
346 349
346 350
346 351
346 352
346 353
346 360
346 362
346 363
346 407
346 414
347 350
347 352
347 407
348 349
348 353
348 354
348 355
348 358
348 365
348 368
348 369
348 370
348 372
348 375
348 376
348 410
348 413
348 417
348 418
348 421
348 422
348 423
348 428
348 437
348 438
348 439
348 440
348 443
348 444
348 462
348 529
348 584
349 350
349 353
349 354
349 359
349 364
349 365
349 369
349 454
349 515
349 518
350 353
350 359
351 353
351 363
351 463
352 363
353 354
353 356
353 357
353 358
353 359
353 363
353 365
353 368
353 369
353 372
354 355
354 356
354 357
354 358
354 368
354 369
354 372
354 428
354 438
354 440
354 444
354 498
355 369
355 372
355 421
355 428
355 438
355 440
355 445
355 447
355 462
356 357
356 363
356 367
356 372
356 430
356 431
357 358
357 365
357 369
357 372
357 437
357 440
357 446
357 513
358 363
358 364
358 365
358 368
358 369
358 370
358 372
358 375
358 376
358 382
358 418
358 422
358 426
358 428
358 429
358 430
358 432
358 434
358 435
358 436
358 437
358 438
358 440
358 444
358 446
358 455
358 462
359 369
359 372
360 362
361 363
361 414
362 363
362 385
362 406
363 563
364 365
364 370
364 416
364 420
364 421
364 422
364 429
364 434
364 435
364 440
364 452
364 454
364 460
364 461
364 515
364 593
365 368
365 369
365 370
365 372
365 375
365 376
365 420
365 421
365 422
365 428
365 429
365 432
365 434
365 437
365 438
365 439
365 440
365 446
365 447
365 456
365 458
365 515
365 594
366 368
367 371
367 372
367 373
367 375
367 515
368 369
368 370
368 372
368 428
368 432
368 434
368 436
368 440
368 446
368 456
368 458
368 484
368 594
369 372
369 432
369 437
369 438
369 447
369 458
369 462
369 465
370 372
370 375
370 410
370 416
370 417
370 418
370 420
370 421
370 422
370 423
370 425
370 428
370 432
370 434
370 435
370 436
370 440
370 446
370 448
370 452
370 454
370 456
370 458
370 594
372 373
372 375
372 421
372 422
372 437
372 438
372 440
372 446
372 450
372 465
372 515
373 375
373 446
373 515
374 377
375 376
375 382
375 410
375 413
375 416
375 418
375 420
375 421
375 422
375 423
375 430
375 434
375 435
375 436
375 440
375 444
375 446
376 404
376 413
376 416
376 418
376 422
376 446
376 459
377 381
378 398
378 403
378 406
378 409
379 419
380 381
380 425
380 578
383 571
384 385
384 390
384 393
384 394
384 396
384 398
384 402
384 406
384 407
384 489
384 491
384 495
384 579
384 586
385 386
385 388
385 389
385 390
385 391
385 394
385 398
385 402
385 419
385 579
385 580
386 388
386 389
386 390
386 391
386 394
386 579
387 402
387 579
387 595
388 389
388 391
388 394
388 569
388 579
389 390
389 391
389 394
389 579
389 580
390 391
390 394
390 398
390 407
390 419
390 560
390 579
390 580
390 586
391 394
391 398
391 579
391 580
392 430
392 436
392 446
393 395
393 396
393 398
393 400
393 401
393 402
393 403
393 406
393 408
393 413
393 414
393 489
393 491
394 398
394 419
394 579
394 580
395 397
395 398
395 400
395 401
395 530
396 398
396 403
396 405
396 406
396 407
396 408
396 409
396 413
396 414
396 416
396 419
396 491
397 399
397 401
397 412
397 418
397 423
397 424
397 439
397 444
397 455
397 460
397 529
397 530
397 533
397 536
398 402
398 406
398 407
398 409
398 411
398 414
398 419
398 491
398 579
398 580
399 401
399 412
399 439
399 443
399 489
399 490
399 492
399 496
399 501
399 534
400 401
400 408
401 403
401 408
401 413
401 417
401 418
401 423
401 424
401 451
401 452
401 501
402 416
402 595
403 404
403 405
403 406
403 407
403 408
403 409
403 410
403 413
403 414
403 416
403 417
403 422
403 423
403 435
403 491
404 408
404 417
404 418
404 421
404 423
404 424
404 444
404 451
404 454
404 460
404 497
404 501
405 406
405 407
405 408
405 409
405 491
406 407
406 408
406 409
406 410
406 413
406 414
406 416
406 419
406 491
406 586
407 408
407 409
407 410
407 414
407 416
407 419
407 491
408 413
408 414
408 416
408 417
408 423
408 489
408 491
408 492
408 496
408 501
408 503
409 410
409 416
409 419
409 436
409 491
410 413
410 416
410 421
410 422
410 435
410 440
410 459
410 491
411 413
411 416
412 418
412 439
413 414
413 416
413 418
413 422
413 423
413 491
414 491
415 420
415 425
415 443
415 450
415 462
415 500
415 503
415 577
415 578
415 598
415 599
416 417
416 419
416 422
416 423
416 434
416 435
416 436
416 446
416 452
416 454
416 461
416 515
417 418
417 420
417 421
417 422
417 423
417 424
417 434
417 435
417 437
417 440
417 442
417 444
417 450
417 451
417 452
417 454
417 460
417 461
417 467
417 490
417 497
417 501
417 503
417 515
418 420
418 421
418 422
418 423
418 424
418 428
418 430
418 432
418 434
418 435
418 437
418 438
418 439
418 440
418 442
418 443
418 444
418 446
418 451
418 452
418 454
418 455
418 460
418 462
418 467
418 501
418 515
418 529
419 436
419 491
419 579
419 580
420 421
420 422
420 423
420 424
420 425
420 428
420 430
420 432
420 434
420 435
420 437
420 438
420 440
420 446
420 448
420 450
420 452
420 454
420 455
420 456
420 460
420 461
420 462
420 515
420 577
420 594
420 596
420 598
420 599
421 422
421 423
421 424
421 428
421 429
421 430
421 432
421 434
421 435
421 437
421 438
421 439
421 440
421 443
421 444
421 446
421 447
421 450
421 451
421 452
421 454
421 455
421 460
421 461
421 462
421 467
421 490
421 497
421 501
421 515
422 423
422 424
422 434
422 435
422 437
422 440
422 444
422 446
422 451
422 452
422 454
422 460
422 461
423 424
423 435
423 437
423 439
423 440
423 442
423 443
423 444
423 450
423 451
423 452
423 454
423 455
423 460
423 461
423 490
423 494
423 497
423 501
423 515
423 565
424 438
424 439
424 440
424 442
424 443
424 444
424 450
424 451
424 452
424 454
424 457
424 460
424 461
424 467
424 490
424 497
424 499
424 501
424 515
424 594
425 446
425 450
425 456
425 458
425 503
425 504
425 596
425 599
426 428
426 429
426 430
426 432
426 434
426 438
426 440
426 455
426 506
427 529
427 535
428 430
428 432
428 434
428 437
428 438
428 439
428 440
428 443
428 444
428 446
428 448
428 454
428 455
428 456
428 460
428 462
428 594
429 430
429 434
429 438
429 440
429 445
429 565
430 431
430 434
430 435
430 437
430 440
430 441
430 446
430 448
431 441
432 434
432 437
432 438
432 439
432 440
432 442
432 446
432 448
432 454
432 455
432 456
432 460
432 462
432 594
432 596
434 435
434 436
434 437
434 440
434 446
434 448
434 461
435 436
435 437
435 440
435 446
435 455
435 461
436 446
437 438
437 439
437 440
437 441
437 442
437 444
437 446
437 448
437 450
437 454
437 455
437 460
437 462
437 463
437 464
437 515
437 575
437 599
438 439
438 440
438 443
438 444
438 445
438 447
438 450
438 458
438 462
438 529
438 565
438 594
438 596
439 440
439 443
439 444
439 445
439 447
439 450
439 452
439 454
439 457
439 460
439 462
439 501
439 509
439 529
439 536
439 552
439 565
439 594
440 442
440 444
440 446
440 448
440 450
440 452
440 454
440 455
440 460
440 462
440 594
441 448
442 446
442 450
442 452
442 454
442 460
442 461
442 465
442 497
443 444
443 445
443 447
443 457
443 462
443 529
443 535
444 455
444 460
444 462
444 529
445 447
445 529
446 448
446 456
446 458
446 461
446 462
446 594
446 596
447 450
447 460
447 464
447 490
447 500
447 515
447 552
448 456
448 462
448 466
449 462
449 466
450 451
450 452
450 454
450 460
450 464
450 465
450 467
450 490
450 497
450 500
450 501
450 510
450 515
450 524
450 596
450 599
451 452
451 454
451 460
451 461
451 464
451 467
451 490
451 494
451 497
451 501
451 510
451 515
452 454
452 460
452 461
452 467
452 490
452 497
452 501
452 515
452 565
452 594
453 515
454 460
454 461
454 464
454 467
454 490
454 497
454 501
454 515
454 543
455 456
455 460
455 461
455 462
455 463
455 470
455 529
455 530
455 533
455 575
455 576
456 458
456 461
456 576
456 577
456 578
456 594
457 459
458 500
458 537
458 594
458 596
460 461
460 464
460 467
460 490
460 497
460 501
460 510
460 515
460 543
460 565
460 594
462 529
462 535
463 464
463 465
463 510
463 529
463 531
463 545
463 551
463 552
463 558
463 563
463 575
464 467
464 490
464 497
464 501
464 510
464 512
464 513
464 514
464 515
464 519
464 543
464 545
464 552
464 599
465 502
465 510
465 517
465 524
465 525
465 527
465 552
465 575
465 578
466 516
466 569
466 576
466 577
467 490
467 492
467 494
467 497
467 501
467 511
467 514
467 515
467 518
467 520
467 565
468 516
468 517
468 528
468 541
468 566
468 574
468 589
469 471
469 476
469 477
469 522
469 525
469 559
470 472
470 473
470 474
470 476
470 477
470 479
470 480
470 523
470 526
470 530
470 531
470 559
470 560
470 575
470 576
471 474
471 476
472 473
472 474
472 476
472 477
472 560
472 576
472 577
473 474
473 476
473 477
473 557
473 560
473 586
474 476
474 523
474 527
475 478
475 521
475 542
475 547
475 550
475 551
475 555
475 556
475 558
475 561
476 477
476 478
476 479
476 522
476 523
476 559
476 560
476 570
476 575
476 576
477 479
477 523
477 526
478 556
478 559
478 561
479 481
479 522
479 523
479 524
479 525
479 526
479 528
479 531
479 553
479 554
479 559
479 562
479 570
479 574
479 575
480 481
480 523
480 575
481 486
481 523
481 526
481 528
481 559
481 566
481 568
481 570
482 483
482 562
483 506
483 531
484 529
484 549
484 582
484 583
484 585
485 507
485 523
485 559
485 567
485 572
486 488
486 493
486 508
486 513
486 521
486 531
486 532
486 549
486 554
486 555
486 561
486 568
486 585
489 492
489 495
489 496
489 511
489 540
489 584
490 492
490 494
490 497
490 501
490 503
490 510
490 511
490 512
490 513
490 514
490 515
490 518
490 519
490 520
490 527
490 543
490 565
491 586
492 494
492 497
492 498
492 501
492 514
492 520
493 494
493 495
493 496
493 498
493 507
493 512
493 513
493 514
493 519
493 520
493 521
493 531
493 532
493 534
493 541
493 542
493 544
493 545
493 550
493 551
493 552
493 554
493 555
493 561
493 573
493 588
494 497
494 499
494 501
494 504
494 510
494 511
494 513
494 514
494 520
494 532
494 543
494 552
494 565
495 496
495 540
495 547
495 548
495 549
495 555
495 557
495 571
496 503
496 504
496 532
496 534
496 584
497 501
497 510
497 511
497 514
497 515
497 543
498 507
498 511
498 513
498 514
498 520
498 521
498 540
498 542
498 545
498 555
498 561
499 501
499 503
499 504
499 565
500 502
500 524
501 503
501 511
501 514
501 515
501 543
501 565
502 503
502 504
502 505
502 516
502 522
502 525
502 527
502 531
502 559
502 588
503 504
503 515
503 527
503 588
505 512
505 516
505 517
505 521
505 525
505 527
505 528
505 541
505 545
505 550
505 556
505 568
505 572
505 573
505 588
505 600
507 514
507 520
507 521
507 542
507 544
507 551
507 555
507 567
507 571
507 572
507 573
508 575
509 552
510 512
510 513
510 515
510 517
510 519
510 525
510 527
510 543
510 552
510 564
510 589
510 599
510 600
511 514
511 520
511 565
511 581
512 513
512 514
512 516
512 517
512 518
512 519
512 520
512 521
512 525
512 527
512 528
512 532
512 538
512 541
512 542
512 544
512 545
512 564
512 567
512 573
512 588
512 589
512 600
513 514
513 517
513 519
513 520
513 521
513 525
513 531
513 532
513 538
513 541
513 542
513 544
513 545
513 551
513 552
513 554
513 564
513 600
514 518
514 519
514 520
514 532
514 541
514 542
514 544
514 545
514 565
515 518
515 543
515 599
516 517
516 519
516 522
516 524
516 525
516 528
516 541
516 559
516 574
516 576
516 600
517 518
517 519
517 521
517 525
517 528
517 538
517 541
517 574
517 587
517 589
517 600
518 519
518 520
518 598
519 520
519 521
519 525
519 527
519 532
519 538
519 541
519 542
519 544
519 545
519 552
519 564
519 573
519 600
520 521
520 532
520 541
520 542
520 544
520 545
520 551
520 573
521 528
521 538
521 541
521 542
521 544
521 545
521 547
521 548
521 550
521 551
521 555
521 556
521 561
521 567
521 568
521 572
521 573
521 574
521 600
522 523
522 525
522 528
522 556
522 559
522 560
522 561
522 566
522 570
523 524
523 525
523 526
523 531
523 559
523 575
523 576
524 525
524 526
524 552
524 559
524 575
524 576
524 578
524 599
525 526
525 527
525 528
525 531
525 541
525 559
525 588
525 589
525 600
526 531
526 559
526 562
526 575
526 576
527 545
527 564
527 575
528 541
528 559
528 566
528 567
528 574
528 589
528 600
529 530
529 531
529 533
529 535
529 536
529 549
529 553
529 563
529 575
529 582
529 583
529 584
530 533
530 553
530 582
531 532
531 536
531 552
531 553
531 554
531 555
531 559
531 561
531 562
531 575
532 533
532 534
532 536
532 542
532 545
532 550
532 551
532 552
532 553
532 554
532 555
532 559
532 562
533 536
533 553
534 600
535 536
535 537
536 551
536 552
536 558
538 541
538 542
538 544
538 550
538 555
538 561
538 567
538 572
538 573
538 588
538 600
539 540
539 541
539 581
539 592
539 597
539 600
540 542
540 547
540 549
540 557
540 561
540 583
540 584
541 542
541 544
541 545
541 550
541 555
541 556
541 561
541 566
541 567
541 568
541 572
541 573
541 574
541 588
541 600
542 544
542 545
542 546
542 547
542 550
542 551
542 554
542 555
542 556
542 558
542 561
542 572
542 573
542 600
544 564
544 567
544 573
544 581
544 588
544 600
545 551
545 552
545 555
545 558
545 561
545 588
545 600
546 547
546 548
546 549
546 550
546 551
546 555
546 558
546 561
546 582
546 583
547 548
547 549
547 550
547 551
547 553
547 554
547 555
547 556
547 558
547 560
547 561
547 582
547 583
547 584
547 585
548 550
548 551
548 553
548 554
548 555
548 556
548 559
548 561
548 562
548 568
548 570
548 571
548 572
548 573
549 553
549 554
549 555
549 558
549 561
549 563
549 582
549 583
549 584
549 585
550 551
550 553
550 554
550 555
550 556
550 558
550 559
550 561
550 572
550 573
551 552
551 554
551 555
551 556
551 558
551 561
551 572
551 573
551 583
552 553
552 554
552 555
552 558
553 554
553 555
553 559
553 561
553 582
553 584
553 585
554 555
554 559
554 561
554 562
554 585
555 556
555 557
555 558
555 559
555 561
555 562
555 571
555 572
555 573
555 583
556 557
556 558
556 560
556 561
556 568
556 572
556 573
556 574
557 560
557 561
558 561
558 583
559 560
559 561
559 562
559 570
559 572
559 574
559 575
559 576
560 561
560 570
560 574
560 575
561 571
561 573
561 583
561 585
563 575
564 567
565 592
565 594
565 596
566 567
566 574
566 589
567 572
567 573
567 588
567 600
568 571
568 572
568 573
569 570
570 574
571 572
571 573
572 573
572 574
573 574
576 577
576 578
577 578
578 594
578 599
579 580
582 583
582 584
582 585
583 584
583 585
584 585
588 593
588 600
589 590
589 600
590 592
591 593
593 598
594 596
595 597
596 597
596 599
599 600
