600 7190

1 2
1 4
1 5
1 20
1 21
1 22
1 24
1 25
1 94
1 98
1 100
1 101
1 103
1 107
1 108
1 177
1 186
1 189
1 197
1 220
1 235
1 236
1 241
1 247
1 249
1 286
1 289
1 290
1 291
1 292
1 302
1 317
1 322
1 325
1 388
1 389
1 439
1 460
1 473
1 484
1 494
1 496
1 516
1 529
1 530
1 546
1 547
1 556
1 583
2 4
2 5
2 11
2 18
2 20
2 21
2 24
2 69
2 72
2 79
2 94
2 97
2 98
2 100
2 107
2 108
2 142
2 241
2 285
2 286
2 294
2 301
2 302
2 304
2 305
2 317
2 320
2 321
2 322
2 324
2 329
2 332
2 333
2 335
2 388
2 389
2 439
2 583
2 585
3 6
3 7
3 25
3 303
3 522
3 590
4 5
4 11
4 18
4 20
4 21
4 22
4 24
4 69
4 70
4 72
4 94
4 97
4 98
4 100
4 101
4 107
4 108
4 137
4 235
4 236
4 285
4 286
4 291
4 292
4 294
4 302
4 304
4 305
4 317
4 320
4 321
4 322
4 325
4 332
4 335
4 389
4 439
4 530
4 546
4 547
4 583
4 593
5 18
5 19
5 20
5 21
5 22
5 24
5 29
5 37
5 69
5 79
5 97
5 98
5 100
5 107
5 108
5 137
5 220
5 221
5 285
5 286
5 294
5 301
5 302
5 304
5 305
5 308
5 317
5 319
5 320
5 321
5 322
5 323
5 324
5 326
5 329
5 332
5 333
5 334
5 335
5 339
5 388
5 389
5 439
5 530
5 547
5 579
5 582
5 583
5 585
5 588
5 593
5 599
6 9
6 158
6 214
6 456
6 500
6 522
6 578
7 590
8 11
8 18
8 97
8 102
8 108
8 311
8 335
8 391
9 12
9 456
10 218
10 306
10 477
11 18
11 21
11 94
11 97
11 98
11 317
11 321
11 322
11 332
11 335
11 386
11 389
12 16
12 315
13 218
14 17
14 22
14 29
15 16
17 19
17 29
17 30
17 32
17 35
17 37
17 304
17 308
17 312
17 318
17 320
17 324
17 329
17 331
17 333
17 334
18 19
18 20
18 21
18 97
18 98
18 100
18 107
18 108
18 285
18 294
18 302
18 305
18 317
18 321
18 389
18 399
18 561
18 583
18 594
18 597
19 21
19 29
19 30
19 31
19 32
19 36
19 37
19 38
19 98
19 221
19 285
19 294
19 305
19 308
19 312
19 318
19 319
19 320
19 324
19 326
19 328
19 329
19 331
19 332
19 333
19 334
19 336
19 533
19 582
19 597
20 21
20 22
20 94
20 98
20 100
20 101
20 103
20 107
20 108
20 192
20 220
20 221
20 241
20 294
20 305
20 317
20 321
20 322
20 335
20 388
20 389
20 391
20 399
20 402
20 439
20 496
20 504
20 529
20 530
20 533
20 535
20 556
21 22
21 24
21 29
21 30
21 33
21 34
21 36
21 37
21 38
21 97
21 98
21 100
21 102
21 107
21 108
21 220
21 221
21 249
21 285
21 286
21 294
21 302
21 305
21 317
21 319
21 320
21 321
21 322
21 324
21 326
21 328
21 329
21 332
21 333
21 334
21 335
21 336
21 389
21 391
21 394
21 399
21 489
21 519
21 530
21 533
21 582
21 583
22 23
22 27
22 29
22 34
22 35
22 36
22 37
22 38
22 221
22 226
22 290
22 297
22 327
22 336
22 530
22 532
22 533
22 535
22 536
22 582
23 28
23 34
23 35
23 36
23 37
23 81
23 297
23 327
24 25
24 33
24 38
24 69
24 97
24 98
24 100
24 107
24 108
24 186
24 235
24 285
24 286
24 291
24 292
24 302
24 305
24 317
24 320
24 322
24 323
24 325
24 329
24 335
24 428
24 473
24 484
24 546
24 583
24 593
25 177
25 193
25 235
25 236
25 245
25 247
25 276
25 290
25 295
25 436
25 473
25 484
25 522
25 593
26 31
26 32
26 33
26 301
26 305
26 308
26 312
26 318
26 319
26 320
26 323
26 324
26 326
26 328
26 329
26 331
26 333
26 339
26 486
27 29
27 30
27 32
27 71
27 76
27 79
27 96
27 221
27 226
27 257
27 331
27 535
27 536
27 582
28 30
28 32
28 34
28 35
28 36
28 328
28 334
28 582
29 30
29 34
29 36
29 220
29 221
29 226
29 312
29 318
29 320
29 323
29 324
29 327
29 329
29 331
29 332
29 333
29 336
29 529
29 530
29 533
29 535
29 536
29 582
30 31
30 32
30 35
30 36
30 37
30 38
30 284
30 285
30 312
30 318
30 320
30 324
30 326
30 328
30 329
30 330
30 331
30 332
30 333
30 334
30 365
30 582
30 585
31 32
31 35
31 36
31 285
31 312
31 326
31 328
31 329
31 330
31 333
31 334
31 441
31 585
32 35
32 37
32 284
32 308
32 312
32 318
32 320
32 324
32 326
32 328
32 329
32 330
32 331
32 333
32 334
32 365
32 582
33 38
33 97
33 285
33 302
33 320
33 322
33 323
33 325
33 329
33 332
33 335
33 583
34 36
34 37
34 38
34 74
34 221
34 226
34 245
34 287
34 297
34 327
34 332
34 336
34 531
34 532
34 533
34 582
34 584
35 36
35 37
35 38
35 308
35 318
35 323
35 324
35 326
35 328
35 329
35 331
35 333
35 334
35 582
36 37
36 38
36 102
36 221
36 284
36 287
36 328
36 332
36 334
36 335
36 582
37 38
37 98
37 107
37 221
37 294
37 305
37 324
37 332
37 333
37 334
37 336
37 533
37 582
38 97
38 98
38 102
38 107
38 221
38 328
38 329
38 332
38 333
38 334
38 335
38 530
38 533
39 41
39 42
39 43
39 44
39 45
39 46
39 47
39 48
39 49
39 54
39 55
39 57
39 65
39 78
39 88
39 113
39 115
39 116
39 117
39 118
39 130
39 144
39 340
39 341
39 342
39 343
39 344
39 346
39 347
39 348
39 349
39 354
39 376
39 396
39 406
39 407
39 409
39 410
39 411
39 446
39 491
40 56
40 61
40 79
40 82
40 91
40 142
40 301
40 430
40 482
40 588
41 42
41 43
41 44
41 45
41 46
41 47
41 48
41 49
41 52
41 54
41 65
41 88
41 89
41 113
41 115
41 116
41 117
41 337
41 340
41 341
41 342
41 344
41 346
41 347
41 349
41 410
42 43
42 44
42 45
42 46
42 47
42 48
42 49
42 52
42 54
42 78
42 88
42 89
42 109
42 113
42 115
42 116
42 117
42 118
42 144
42 340
42 341
42 342
42 344
42 346
42 349
42 396
42 407
42 409
42 410
42 411
42 491
43 44
43 46
43 47
43 48
43 49
43 52
43 54
43 55
43 57
43 63
43 65
43 72
43 82
43 88
43 113
43 115
43 116
43 117
43 118
43 124
43 126
43 130
43 144
43 337
43 340
43 341
43 342
43 343
43 344
43 346
43 347
43 348
43 349
43 350
43 354
43 356
43 357
43 369
43 375
43 379
43 396
43 398
43 406
43 407
43 409
43 410
43 411
43 413
43 418
43 433
43 440
43 446
43 598
44 45
44 46
44 47
44 48
44 49
44 52
44 53
44 54
44 55
44 56
44 57
44 63
44 65
44 72
44 78
44 82
44 88
44 113
44 115
44 116
44 117
44 118
44 120
44 126
44 129
44 130
44 144
44 337
44 340
44 341
44 342
44 343
44 344
44 346
44 347
44 348
44 349
44 353
44 354
44 356
44 396
44 398
44 406
44 407
44 408
44 409
44 410
44 411
44 413
44 433
44 440
44 446
44 491
45 46
45 47
45 48
45 49
45 52
45 54
45 72
45 88
45 89
45 113
45 115
45 116
45 117
45 118
45 330
45 337
45 340
45 341
45 344
45 346
45 349
45 396
45 407
45 410
46 47
46 48
46 49
46 52
46 54
46 55
46 57
46 63
46 65
46 88
46 89
46 109
46 113
46 115
46 116
46 117
46 118
46 120
46 124
46 337
46 340
46 341
46 342
46 344
46 346
46 347
46 348
46 349
46 350
46 396
46 398
46 406
46 407
46 409
46 410
46 411
46 491
47 48
47 49
47 52
47 53
47 54
47 55
47 56
47 57
47 60
47 65
47 72
47 82
47 88
47 89
47 113
47 115
47 116
47 117
47 118
47 124
47 130
47 142
47 144
47 337
47 340
47 341
47 342
47 344
47 346
47 347
47 348
47 349
47 353
47 354
47 396
47 406
47 407
47 408
47 409
47 410
47 411
47 491
48 49
48 52
48 53
48 54
48 55
48 57
48 65
48 88
48 89
48 113
48 115
48 116
48 117
48 118
48 120
48 124
48 130
48 144
48 337
48 340
48 341
48 342
48 344
48 346
48 347
48 348
48 349
48 354
48 365
48 396
48 406
48 407
48 409
48 410
48 411
48 491
49 52
49 53
49 54
49 55
49 57
49 60
49 63
49 65
49 72
49 76
49 77
49 82
49 83
49 88
49 96
49 112
49 113
49 115
49 116
49 117
49 118
49 124
49 125
49 126
49 129
49 130
49 134
49 138
49 144
49 145
49 147
49 148
49 150
49 152
49 330
49 337
49 340
49 341
49 342
49 343
49 344
49 345
49 346
49 347
49 348
49 349
49 350
49 354
49 356
49 357
49 364
49 365
49 366
49 375
49 376
49 377
49 378
49 379
49 396
49 405
49 406
49 409
49 410
49 411
49 413
49 418
49 420
49 433
49 434
49 440
49 441
49 444
49 446
49 447
49 598
50 51
50 63
50 121
50 145
50 146
50 147
50 351
50 352
50 357
50 358
50 359
50 362
50 412
50 418
50 440
50 444
50 447
50 599
51 59
51 60
51 62
51 63
51 64
51 65
51 66
51 67
51 76
51 121
51 129
51 145
51 146
51 147
51 148
51 149
51 150
51 345
51 350
51 351
51 352
51 357
51 358
51 359
51 360
51 361
51 362
51 363
51 369
51 412
51 413
51 414
51 418
51 420
51 440
51 447
52 54
52 55
52 57
52 65
52 72
52 82
52 88
52 109
52 111
52 113
52 115
52 116
52 117
52 118
52 120
52 124
52 125
52 142
52 337
52 341
52 342
52 344
52 346
52 347
52 348
52 349
52 350
52 379
52 396
52 398
52 401
52 406
52 407
52 408
52 409
52 410
52 411
52 413
52 418
52 441
52 491
53 54
53 56
53 57
53 58
53 60
53 61
53 72
53 79
53 82
53 83
53 116
53 117
53 118
53 130
53 137
53 140
53 142
53 144
53 344
53 347
53 348
53 349
53 353
53 354
53 355
53 356
53 379
53 396
53 409
53 410
53 420
53 422
54 55
54 56
54 57
54 58
54 60
54 65
54 82
54 88
54 113
54 115
54 116
54 117
54 118
54 124
54 130
54 142
54 144
54 337
54 340
54 341
54 342
54 343
54 344
54 346
54 347
54 348
54 349
54 353
54 354
54 356
54 396
54 406
54 409
54 410
54 411
54 420
54 491
55 57
55 60
55 63
55 64
55 65
55 88
55 95
55 113
55 115
55 116
55 117
55 118
55 120
55 121
55 124
55 130
55 144
55 337
55 340
55 341
55 342
55 344
55 346
55 347
55 348
55 349
55 350
55 353
55 354
55 357
55 396
55 398
55 404
55 406
55 407
55 408
55 409
55 410
55 411
55 412
55 413
55 414
55 418
55 420
55 440
55 446
55 491
56 58
56 60
56 61
56 68
56 71
56 76
56 77
56 79
56 82
56 83
56 116
56 129
56 130
56 137
56 142
56 144
56 344
56 348
56 353
56 354
56 355
56 356
56 364
56 405
56 420
56 422
56 437
56 506
56 588
57 58
57 60
57 63
57 64
57 65
57 71
57 72
57 82
57 88
57 113
57 115
57 116
57 117
57 118
57 124
57 125
57 126
57 129
57 130
57 143
57 144
57 147
57 150
57 340
57 341
57 342
57 343
57 344
57 345
57 346
57 347
57 348
57 349
57 350
57 351
57 353
57 354
57 356
57 357
57 358
57 362
57 379
57 396
57 398
57 404
57 406
57 409
57 410
57 411
57 412
57 413
57 418
57 420
57 433
57 440
57 443
57 444
57 446
57 447
57 598
58 60
58 61
58 71
58 74
58 76
58 77
58 79
58 80
58 81
58 82
58 126
58 132
58 135
58 137
58 140
58 143
58 144
58 146
58 321
58 343
58 348
58 353
58 354
58 355
58 356
58 364
58 422
58 433
58 437
58 444
58 447
58 598
58 599
59 60
59 62
59 63
59 64
59 66
59 67
59 145
59 146
59 147
59 148
59 149
59 150
59 345
59 351
59 352
59 358
59 359
59 360
59 361
59 362
59 363
59 412
59 414
59 440
59 447
60 61
60 63
60 64
60 65
60 66
60 68
60 71
60 76
60 82
60 112
60 117
60 129
60 130
60 135
60 143
60 144
60 145
60 146
60 148
60 149
60 150
60 161
60 343
60 344
60 345
60 347
60 348
60 353
60 354
60 356
60 359
60 364
60 409
60 412
60 413
60 420
60 437
60 440
60 443
60 447
60 598
61 68
61 71
61 76
61 77
61 79
61 80
61 81
61 82
61 87
61 129
61 135
61 137
61 140
61 143
61 144
61 146
61 321
61 353
61 354
61 355
61 356
61 364
61 420
61 422
61 437
61 443
61 506
61 588
61 598
62 63
62 64
62 66
62 67
62 345
62 351
62 352
62 358
62 359
62 360
62 361
62 362
62 363
62 369
62 412
62 414
62 440
63 64
63 65
63 66
63 67
63 117
63 118
63 121
63 138
63 144
63 147
63 150
63 341
63 342
63 344
63 345
63 346
63 347
63 348
63 350
63 351
63 352
63 353
63 354
63 357
63 358
63 359
63 360
63 361
63 362
63 363
63 369
63 398
63 409
63 411
63 412
63 413
63 414
63 418
63 440
63 444
63 446
63 447
63 479
64 65
64 66
64 67
64 117
64 118
64 121
64 147
64 150
64 345
64 350
64 351
64 352
64 357
64 358
64 359
64 360
64 361
64 362
64 363
64 411
64 412
64 413
64 414
64 440
64 447
65 66
65 72
65 82
65 88
65 113
65 116
65 117
65 118
65 124
65 125
65 126
65 130
65 138
65 144
65 147
65 150
65 337
65 340
65 341
65 342
65 343
65 344
65 345
65 346
65 347
65 348
65 349
65 350
65 351
65 353
65 354
65 356
65 357
65 358
65 359
65 361
65 362
65 369
65 379
65 396
65 398
65 406
65 409
65 410
65 411
65 412
65 413
65 414
65 418
65 420
65 433
65 440
65 444
65 446
65 447
65 598
66 67
66 147
66 150
66 345
66 351
66 352
66 357
66 358
66 359
66 360
66 361
66 362
66 363
66 369
66 370
66 386
66 412
66 413
66 414
66 440
66 598
67 345
67 351
67 352
67 358
67 359
67 360
67 361
67 362
67 363
67 412
67 414
67 440
68 71
68 76
68 77
68 80
68 83
68 87
68 132
68 133
68 134
68 135
68 140
68 146
68 148
68 161
68 257
68 330
68 355
68 364
68 365
68 375
68 382
68 405
68 420
68 426
68 427
68 434
68 464
68 588
68 598
68 599
69 137
69 302
69 305
69 317
69 322
69 325
69 339
69 368
69 370
69 373
69 428
69 430
69 439
69 537
69 546
69 593
70 72
70 137
70 144
70 368
70 431
70 546
71 74
71 76
71 77
71 79
71 80
71 82
71 126
71 129
71 130
71 132
71 133
71 135
71 137
71 140
71 143
71 146
71 158
71 161
71 226
71 297
71 327
71 343
71 348
71 353
71 354
71 356
71 364
71 375
71 376
71 404
71 405
71 409
71 420
71 422
71 424
71 429
71 432
71 433
71 434
71 437
71 443
71 446
71 447
71 450
71 462
71 464
71 535
71 536
71 598
72 79
72 82
72 83
72 91
72 113
72 115
72 116
72 117
72 118
72 124
72 125
72 126
72 130
72 137
72 142
72 144
72 302
72 305
72 337
72 341
72 344
72 347
72 348
72 350
72 354
72 368
72 370
72 375
72 379
72 396
72 398
72 406
72 407
72 408
72 409
72 410
72 418
72 430
72 433
72 439
72 441
72 446
72 599
73 382
74 77
74 78
74 80
74 132
74 135
74 139
74 158
74 177
74 226
74 297
74 327
74 336
74 343
74 409
74 429
74 432
74 433
74 446
74 447
74 462
74 469
74 586
75 79
75 371
76 77
76 80
76 82
76 83
76 96
76 112
76 125
76 126
76 129
76 131
76 132
76 133
76 134
76 135
76 138
76 140
76 142
76 145
76 146
76 148
76 149
76 150
76 152
76 161
76 257
76 330
76 343
76 345
76 347
76 353
76 354
76 364
76 365
76 366
76 375
76 405
76 420
76 422
76 426
76 427
76 429
76 434
76 437
76 442
76 443
76 446
76 447
76 464
76 588
76 598
76 599
77 80
77 83
77 132
77 133
77 134
77 135
77 138
77 145
77 146
77 161
77 343
77 347
77 354
77 364
77 365
77 371
77 375
77 426
77 429
77 432
77 433
77 434
77 447
77 464
77 582
77 586
77 588
77 598
78 139
79 80
79 81
79 82
79 83
79 91
79 126
79 137
79 140
79 348
79 355
79 356
79 364
79 374
79 375
79 430
79 434
79 482
79 588
79 599
80 81
80 87
80 126
80 132
80 135
80 139
80 140
80 146
80 158
80 161
80 177
80 226
80 297
80 304
80 327
80 336
80 343
80 356
80 364
80 432
80 434
80 437
80 462
80 535
80 536
80 582
81 84
81 85
81 86
81 87
81 140
81 355
81 374
81 377
81 380
81 381
82 83
82 112
82 115
82 116
82 117
82 124
82 125
82 126
82 129
82 130
82 137
82 140
82 142
82 143
82 144
82 343
82 344
82 347
82 348
82 349
82 353
82 354
82 356
82 364
82 368
82 375
82 379
82 396
82 402
82 404
82 406
82 408
82 409
82 410
82 416
82 420
82 422
82 430
82 433
82 437
82 439
82 443
82 446
82 450
82 459
82 588
82 598
82 599
83 91
83 112
83 117
83 124
83 126
83 129
83 130
83 133
83 134
83 138
83 142
83 337
83 343
83 347
83 348
83 364
83 365
83 366
83 373
83 375
83 378
83 379
83 382
83 405
83 406
83 420
83 422
83 430
83 433
83 434
83 441
83 588
83 598
83 599
84 85
84 86
84 87
84 89
84 338
84 374
84 377
84 380
85 90
85 140
85 380
86 87
86 89
86 374
86 377
86 380
86 381
87 140
87 151
87 343
87 367
87 374
87 377
87 380
87 381
87 405
87 432
87 434
88 89
88 113
88 115
88 116
88 117
88 118
88 130
88 144
88 337
88 340
88 341
88 342
88 344
88 346
88 347
88 349
88 396
88 406
88 407
88 409
88 410
88 411
88 491
89 91
89 330
89 337
89 340
89 344
89 347
89 382
89 410
90 140
90 152
90 338
90 339
90 380
90 448
91 142
91 337
91 410
92 94
92 95
92 100
92 101
92 103
92 104
92 105
92 114
92 187
92 188
92 191
92 192
92 194
92 198
92 201
92 241
92 289
92 384
92 385
92 388
92 402
92 439
92 473
92 499
93 94
93 99
93 103
93 104
93 105
93 114
93 123
93 181
93 187
93 192
93 193
93 194
93 195
93 198
93 199
93 200
93 201
93 202
93 203
93 282
93 295
93 384
93 390
93 393
93 395
93 417
93 487
93 495
93 496
93 499
93 502
93 503
93 504
94 100
94 103
94 107
94 108
94 123
94 187
94 188
94 192
94 193
94 194
94 197
94 198
94 201
94 203
94 234
94 286
94 289
94 291
94 384
94 385
94 388
94 389
94 390
94 391
94 393
94 402
94 473
94 494
94 496
94 499
94 504
94 530
94 546
94 580
95 96
95 103
95 105
95 109
95 112
95 113
95 114
95 115
95 116
95 117
95 118
95 120
95 122
95 125
95 129
95 131
95 142
95 144
95 149
95 194
95 384
95 385
95 395
95 396
95 402
95 403
95 408
95 416
95 417
95 418
95 419
95 420
95 424
95 451
95 491
96 99
96 122
96 125
96 126
96 129
96 152
96 199
96 347
96 370
96 416
96 418
96 442
96 446
96 504
96 598
96 599
97 98
97 107
97 108
97 294
97 302
97 305
97 311
97 317
97 320
97 322
97 326
97 332
97 335
97 472
97 519
97 579
97 583
98 100
98 107
98 108
98 220
98 285
98 286
98 294
98 302
98 304
98 305
98 311
98 317
98 320
98 321
98 322
98 324
98 332
98 335
98 389
98 530
98 547
98 556
98 583
98 584
99 195
99 199
99 200
99 228
99 282
99 294
99 296
99 301
99 388
99 435
99 499
99 504
99 579
99 580
99 594
99 595
99 596
99 597
100 101
100 103
100 104
100 105
100 106
100 107
100 108
100 110
100 119
100 123
100 131
100 187
100 188
100 189
100 192
100 193
100 194
100 198
100 220
100 223
100 241
100 249
100 285
100 291
100 321
100 322
100 335
100 384
100 388
100 389
100 390
100 391
100 392
100 393
100 394
100 397
100 399
100 439
100 470
100 473
100 494
100 496
100 529
100 530
100 533
100 580
100 583
101 103
101 105
101 106
101 107
101 108
101 110
101 114
101 119
101 123
101 187
101 188
101 189
101 192
101 194
101 220
101 223
101 241
101 249
101 291
101 384
101 393
101 394
101 400
101 439
101 493
101 494
101 496
101 529
101 530
101 533
101 551
102 287
102 335
102 534
103 104
103 105
103 106
103 107
103 108
103 109
103 110
103 111
103 114
103 119
103 123
103 187
103 188
103 189
103 190
103 191
103 192
103 193
103 194
103 195
103 197
103 198
103 200
103 201
103 202
103 203
103 210
103 211
103 212
103 213
103 223
103 224
103 234
103 241
103 282
103 283
103 291
103 384
103 385
103 388
103 389
103 390
103 391
103 393
103 394
103 395
103 399
103 400
103 401
103 402
103 416
103 419
103 473
103 493
103 494
103 495
103 496
103 497
103 499
103 503
103 505
103 514
103 530
103 580
104 105
104 108
104 114
104 119
104 123
104 154
104 187
104 188
104 189
104 191
104 192
104 193
104 194
104 196
104 197
104 198
104 200
104 201
104 202
104 203
104 210
104 218
104 220
104 222
104 223
104 224
104 234
104 241
104 283
104 384
104 390
104 391
104 393
104 395
104 397
104 399
104 419
104 454
104 460
104 489
104 490
104 493
104 494
104 495
104 496
104 497
104 499
104 501
104 502
104 503
104 505
104 514
104 529
104 557
105 106
105 109
105 110
105 111
105 114
105 119
105 123
105 154
105 187
105 188
105 191
105 192
105 193
105 194
105 196
105 198
105 200
105 201
105 202
105 210
105 218
105 223
105 384
105 385
105 390
105 393
105 395
105 400
105 417
105 419
105 451
105 454
105 490
105 494
105 495
105 496
105 497
105 499
105 503
105 514
105 543
106 107
106 108
106 110
106 111
106 119
106 184
106 189
106 211
106 220
106 223
106 230
106 241
106 249
106 251
106 282
106 283
106 285
106 335
106 391
106 489
106 519
106 551
106 553
106 555
106 587
107 108
107 110
107 111
107 119
107 123
107 184
107 188
107 189
107 192
107 220
107 223
107 241
107 249
107 251
107 322
107 332
107 335
107 388
107 389
107 390
107 391
107 392
107 393
107 394
107 399
107 494
107 495
107 496
107 530
107 533
107 551
107 583
108 110
108 111
108 184
108 188
108 189
108 192
108 211
108 220
108 223
108 241
108 249
108 251
108 291
108 302
108 322
108 335
108 384
108 388
108 389
108 390
108 391
108 392
108 393
108 394
108 399
108 439
108 473
108 494
108 495
108 496
108 530
108 533
108 551
108 553
108 583
109 110
109 111
109 115
109 116
109 118
109 120
109 142
109 341
109 396
109 408
109 410
109 491
109 492
110 111
110 119
110 120
110 184
110 187
110 188
110 189
110 211
110 223
110 241
110 384
110 392
110 400
110 401
110 494
110 551
111 120
111 337
111 396
111 398
111 400
111 401
111 407
111 408
112 113
112 114
112 116
112 117
112 125
112 126
112 129
112 130
112 131
112 142
112 146
112 148
112 149
112 188
112 194
112 199
112 201
112 348
112 353
112 378
112 385
112 402
112 403
112 404
112 406
112 408
112 416
112 417
112 418
112 419
112 420
112 422
112 424
112 426
112 440
112 443
112 446
112 450
112 451
112 459
113 114
113 115
113 116
113 117
113 118
113 120
113 124
113 129
113 130
113 144
113 337
113 340
113 341
113 342
113 344
113 346
113 347
113 348
113 349
113 350
113 357
113 379
113 396
113 398
113 404
113 406
113 407
113 408
113 409
113 410
113 411
113 413
113 418
113 420
113 441
113 446
113 491
114 115
114 116
114 129
114 131
114 187
114 188
114 190
114 191
114 194
114 198
114 200
114 201
114 202
114 210
114 280
114 384
114 385
114 393
114 395
114 402
114 403
114 408
114 419
114 423
114 424
114 451
114 459
114 491
114 492
114 499
115 116
115 117
115 118
115 120
115 129
115 142
115 144
115 337
115 340
115 341
115 342
115 344
115 346
115 348
115 349
115 353
115 354
115 396
115 398
115 403
115 406
115 407
115 408
115 409
115 410
115 411
115 491
115 492
116 117
116 118
116 120
116 124
116 129
116 130
116 142
116 144
116 337
116 340
116 341
116 342
116 344
116 346
116 347
116 348
116 349
116 350
116 353
116 354
116 356
116 379
116 396
116 398
116 403
116 404
116 406
116 407
116 408
116 409
116 410
116 411
116 413
116 416
116 418
116 420
116 446
116 491
116 492
117 118
117 120
117 124
117 129
117 130
117 142
117 144
117 337
117 340
117 341
117 342
117 344
117 346
117 347
117 348
117 349
117 350
117 353
117 354
117 357
117 379
117 396
117 398
117 404
117 406
117 407
117 408
117 409
117 410
117 411
117 413
117 418
117 420
117 440
117 446
117 491
118 120
118 124
118 130
118 144
118 337
118 340
118 341
118 342
118 344
118 346
118 348
118 349
118 350
118 354
118 396
118 398
118 406
118 407
118 408
118 409
118 410
118 411
118 413
118 420
118 491
118 492
119 120
119 121
119 122
119 123
119 188
119 191
119 192
119 194
119 195
119 196
119 223
119 224
119 225
119 394
119 395
119 397
119 399
119 417
119 454
119 467
120 121
120 124
120 337
120 341
120 342
120 344
120 346
120 348
120 349
120 350
120 396
120 398
120 401
120 406
120 407
120 408
120 409
120 410
120 411
120 412
120 413
120 418
120 491
121 124
121 147
121 345
121 350
121 351
121 357
121 358
121 361
121 362
121 398
121 401
121 412
121 413
121 414
121 418
121 440
121 443
122 123
122 125
122 129
122 131
122 142
122 152
122 154
122 155
122 194
122 195
122 199
122 395
122 412
122 416
122 417
122 418
122 452
122 467
123 131
123 154
123 187
123 188
123 192
123 193
123 194
123 195
123 196
123 198
123 199
123 200
123 201
123 202
123 203
123 214
123 224
123 389
123 390
123 393
123 394
123 395
123 397
123 399
123 417
123 419
123 435
123 442
123 454
123 473
123 495
123 496
123 497
123 499
123 502
123 503
123 504
123 530
123 532
124 125
124 337
124 341
124 344
124 348
124 349
124 350
124 357
124 368
124 369
124 375
124 379
124 396
124 398
124 401
124 406
124 407
124 408
124 409
124 410
124 411
124 412
124 413
124 418
124 420
124 440
124 441
124 446
124 599
125 126
125 129
125 131
125 142
125 148
125 152
125 155
125 341
125 347
125 349
125 350
125 357
125 365
125 379
125 396
125 418
125 440
125 441
125 442
125 446
125 452
125 599
126 129
126 130
126 137
126 138
126 140
126 141
126 144
126 147
126 150
126 152
126 341
126 343
126 344
126 347
126 348
126 353
126 354
126 356
126 357
126 364
126 370
126 375
126 379
126 396
126 404
126 406
126 409
126 416
126 418
126 422
126 433
126 434
126 440
126 444
126 446
126 598
126 599
127 146
127 173
127 227
127 336
127 447
128 131
128 154
128 155
128 156
128 157
128 254
128 397
128 452
128 467
129 130
129 131
129 142
129 143
129 144
129 146
129 148
129 149
129 152
129 194
129 199
129 345
129 347
129 348
129 349
129 350
129 353
129 354
129 356
129 357
129 364
129 375
129 378
129 379
129 385
129 396
129 402
129 403
129 404
129 405
129 406
129 408
129 412
129 416
129 417
129 418
129 420
129 421
129 422
129 424
129 426
129 437
129 440
129 443
129 446
129 447
129 450
129 459
129 598
129 599
130 144
130 337
130 343
130 344
130 347
130 348
130 353
130 354
130 356
130 375
130 376
130 378
130 379
130 380
130 403
130 404
130 405
130 406
130 409
130 420
130 422
130 433
130 434
130 437
130 446
131 142
131 148
131 149
131 152
131 154
131 155
131 188
131 192
131 193
131 194
131 196
131 198
131 199
131 201
131 384
131 385
131 393
131 394
131 395
131 397
131 402
131 417
131 419
131 424
131 439
131 443
131 450
131 451
131 452
131 459
131 501
131 529
132 133
132 145
132 146
132 158
132 161
132 226
132 227
132 288
132 327
132 336
132 343
132 364
132 367
132 371
132 405
132 426
132 429
132 432
132 434
132 437
132 447
132 462
132 464
132 535
132 536
132 582
133 134
133 145
133 146
133 355
133 365
133 371
133 375
133 420
133 426
133 434
133 464
133 588
133 599
134 138
134 146
134 148
134 161
134 284
134 330
134 365
134 366
134 372
134 375
134 382
134 420
134 427
134 430
134 434
134 441
134 464
134 588
135 146
135 161
135 364
135 429
135 432
135 434
135 447
136 159
136 163
136 254
136 539
137 140
137 143
137 144
137 177
137 236
137 297
137 317
137 322
137 348
137 353
137 354
137 356
137 364
137 368
137 370
137 422
137 431
137 433
137 436
137 437
137 506
137 546
137 547
137 593
137 598
138 150
138 343
138 345
138 347
138 359
138 365
138 366
138 369
138 375
138 434
138 440
138 446
139 356
139 376
140 141
140 148
140 152
140 161
140 343
140 355
140 356
140 364
140 370
140 380
140 430
140 434
140 437
140 598
140 600
141 261
141 296
141 429
141 448
142 144
142 149
142 188
142 242
142 344
142 347
142 348
142 349
142 354
142 396
142 408
142 410
142 439
142 441
142 491
143 144
143 158
143 177
143 181
143 295
143 297
143 348
143 353
143 354
143 356
143 409
143 412
143 429
143 436
143 437
143 439
143 440
143 443
143 444
143 447
143 462
143 506
144 340
144 341
144 342
144 344
144 346
144 347
144 348
144 349
144 353
144 354
144 356
144 368
144 370
144 379
144 396
144 398
144 406
144 407
144 408
144 409
144 410
144 411
144 416
144 422
144 431
144 433
144 440
144 443
144 444
144 446
144 491
144 598
145 146
145 147
145 148
145 345
145 359
145 365
145 412
145 427
145 440
145 444
145 445
145 447
145 464
146 147
146 148
146 150
146 161
146 343
146 345
146 353
146 359
146 364
146 365
146 420
146 427
146 432
146 434
146 437
146 440
146 443
146 445
146 447
146 464
146 586
146 598
146 599
147 341
147 343
147 345
147 350
147 351
147 356
147 357
147 358
147 359
147 361
147 362
147 363
147 412
147 413
147 414
147 418
147 440
147 444
147 445
147 446
147 447
148 149
148 150
148 152
148 155
148 161
148 162
148 345
148 364
148 365
148 405
148 420
148 422
148 434
148 437
148 442
148 447
148 450
148 452
148 464
148 598
148 599
149 242
149 353
149 385
149 420
149 424
149 437
149 438
149 443
149 506
150 152
150 343
150 345
150 347
150 351
150 352
150 357
150 358
150 359
150 361
150 364
150 414
150 420
150 437
150 440
150 446
150 447
150 598
151 153
151 164
151 204
151 272
151 338
151 381
151 448
151 456
151 466
152 364
152 370
152 376
152 446
152 448
153 164
153 264
153 272
153 427
153 448
153 449
153 466
153 468
154 155
154 157
154 188
154 192
154 193
154 194
154 196
154 198
154 201
154 202
154 203
154 210
154 218
154 384
154 390
154 393
154 394
154 395
154 397
154 399
154 417
154 419
154 435
154 450
154 451
154 452
154 454
154 460
154 465
154 467
154 490
154 494
154 495
154 496
154 501
154 502
154 503
154 504
154 515
154 526
154 543
155 156
155 157
155 163
155 188
155 196
155 254
155 393
155 395
155 397
155 417
155 449
155 452
155 454
155 467
155 501
156 157
156 449
156 452
156 467
157 196
157 218
157 219
157 417
157 452
157 454
157 467
157 501
157 515
157 543
158 177
158 181
158 214
158 215
158 226
158 227
158 254
158 290
158 293
158 295
158 297
158 327
158 429
158 432
158 436
158 437
158 462
158 522
158 535
158 536
158 578
159 254
159 281
159 293
159 300
159 595
160 178
160 258
160 259
160 261
160 296
160 592
161 365
161 429
161 432
161 434
161 437
161 442
161 452
161 464
163 164
163 254
163 300
163 442
163 452
164 272
164 449
164 466
165 302
165 455
166 167
166 421
166 436
166 459
167 198
167 201
167 235
167 276
167 295
167 325
167 395
167 402
167 423
167 428
167 435
167 436
167 439
167 457
167 459
167 473
167 484
167 499
167 546
167 593
168 475
169 213
169 229
169 239
169 243
169 265
169 273
169 581
170 184
170 186
170 189
170 228
170 229
170 230
170 231
170 234
170 236
170 237
170 238
170 239
170 244
170 247
170 250
170 258
170 260
170 282
170 285
170 286
170 289
170 472
170 476
170 547
170 556
170 563
170 581
170 583
170 585
171 523
172 535
173 183
174 372
175 482
175 586
176 217
176 250
177 179
177 180
177 181
177 235
177 236
177 254
177 276
177 289
177 290
177 293
177 295
177 297
177 327
177 436
177 462
177 482
177 483
177 522
177 535
177 536
177 547
178 250
178 252
178 255
178 258
178 262
178 266
178 269
178 569
179 180
179 181
179 236
179 276
179 289
179 295
179 353
179 487
180 276
180 289
181 295
181 297
181 397
181 462
181 469
182 231
183 217
183 479
183 488
184 189
184 499
184 585
185 308
185 558
186 235
186 239
186 241
186 302
186 311
186 322
186 325
186 472
186 484
186 546
186 551
186 583
186 587
187 188
187 189
187 190
187 191
187 192
187 193
187 194
187 197
187 198
187 200
187 201
187 202
187 203
187 210
187 211
187 234
187 241
187 280
187 283
187 384
187 385
187 388
187 390
187 391
187 393
187 395
187 402
187 419
187 423
187 451
187 459
187 460
187 473
187 490
187 493
187 494
187 495
187 496
187 497
187 499
187 502
187 503
187 505
187 509
187 514
187 551
188 190
188 191
188 192
188 193
188 194
188 198
188 200
188 201
188 202
188 203
188 210
188 223
188 241
188 280
188 384
188 385
188 390
188 393
188 394
188 395
188 397
188 399
188 400
188 402
188 419
188 439
188 450
188 451
188 454
188 459
188 473
188 490
188 494
188 495
188 496
188 497
188 499
188 514
189 192
189 197
189 211
189 212
189 213
189 220
189 223
189 230
189 231
189 233
189 234
189 240
189 241
189 244
189 249
189 251
189 282
189 283
189 285
189 286
189 291
189 390
189 391
189 489
189 493
189 494
189 495
189 496
189 511
189 519
189 549
189 551
189 553
189 555
189 556
189 583
190 191
190 193
190 194
190 196
190 198
190 202
190 210
190 213
190 234
190 280
190 385
190 505
191 192
191 193
191 194
191 196
191 197
191 198
191 200
191 201
191 202
191 203
191 210
191 234
191 280
191 384
191 385
191 390
191 393
191 395
191 419
191 451
191 490
191 492
191 494
191 497
191 499
191 503
191 505
191 509
191 510
191 514
192 193
192 194
192 196
192 197
192 198
192 200
192 201
192 202
192 203
192 218
192 222
192 223
192 224
192 241
192 384
192 390
192 391
192 393
192 394
192 395
192 397
192 399
192 419
192 454
192 460
192 473
192 493
192 494
192 495
192 496
192 497
192 499
192 501
192 502
192 503
192 514
192 529
192 533
193 194
193 195
193 196
193 197
193 198
193 200
193 201
193 202
193 203
193 212
193 214
193 215
193 218
193 219
193 220
193 222
193 223
193 224
193 235
193 245
193 290
193 295
193 390
193 395
193 397
193 399
193 454
193 460
193 473
193 474
193 494
193 495
193 496
193 497
193 499
193 501
193 502
193 503
193 505
193 514
193 516
194 195
194 197
194 198
194 199
194 200
194 201
194 202
194 203
194 210
194 384
194 385
194 388
194 390
194 393
194 395
194 402
194 408
194 416
194 417
194 419
194 421
194 423
194 424
194 435
194 450
194 451
194 459
194 473
194 490
194 494
194 496
194 497
194 499
194 503
194 504
194 505
194 514
195 196
195 199
195 200
195 202
195 203
195 214
195 224
195 246
195 282
195 283
195 390
195 395
195 417
195 442
195 495
196 198
196 202
196 203
196 214
196 224
196 417
196 419
196 442
196 451
196 454
196 460
196 465
196 467
196 490
196 495
196 496
196 498
196 501
196 502
196 503
196 515
196 520
196 532
196 543
196 557
197 198
197 200
197 201
197 203
197 209
197 212
197 215
197 218
197 220
197 222
197 234
197 240
197 245
197 249
197 276
197 290
197 291
197 460
197 473
197 494
197 496
197 499
197 503
197 505
197 509
197 513
197 516
197 522
198 200
198 201
198 202
198 203
198 210
198 234
198 241
198 280
198 283
198 295
198 384
198 385
198 388
198 390
198 393
198 395
198 402
198 419
198 423
198 435
198 439
198 451
198 457
198 459
198 460
198 473
198 490
198 494
198 495
198 496
198 497
198 499
198 501
198 502
198 503
198 504
198 514
199 200
199 201
199 204
199 395
199 402
199 416
199 417
199 419
199 426
199 435
199 442
199 499
199 502
199 504
199 594
200 201
200 202
200 203
200 210
200 234
200 280
200 384
200 390
200 393
200 395
200 402
200 419
200 435
200 459
200 494
200 495
200 499
200 502
200 503
200 504
201 202
201 203
201 210
201 234
201 241
201 280
201 384
201 385
201 388
201 390
201 393
201 395
201 402
201 417
201 419
201 423
201 435
201 451
201 459
201 473
201 490
201 494
201 495
201 496
201 497
201 499
201 502
201 503
201 504
201 514
202 203
202 210
202 214
202 219
202 234
202 280
202 384
202 390
202 393
202 419
202 435
202 451
202 454
202 459
202 460
202 465
202 490
202 493
202 494
202 495
202 496
202 497
202 498
202 499
202 501
202 502
202 503
202 504
202 505
202 513
202 514
202 515
202 520
202 528
202 532
202 557
203 214
203 215
203 219
203 222
203 234
203 235
203 245
203 280
203 290
203 295
203 390
203 419
203 435
203 459
203 460
203 473
203 494
203 496
203 497
203 499
203 501
203 502
203 503
203 505
203 513
203 516
203 522
204 381
204 432
204 456
204 590
205 235
205 290
205 309
205 436
205 506
206 207
206 211
206 216
206 217
206 228
206 229
206 230
206 231
206 232
206 238
206 239
206 240
206 244
206 247
206 250
206 256
206 265
206 269
206 276
206 567
207 211
207 212
207 231
207 240
207 509
208 209
208 217
208 244
209 212
209 218
209 220
209 222
209 223
209 240
210 234
210 280
210 283
210 384
210 385
210 419
210 451
210 490
210 494
210 499
210 509
210 514
211 212
211 213
211 216
211 230
211 231
211 234
211 240
211 241
211 249
211 251
211 273
211 383
211 391
211 489
211 493
211 494
211 509
211 511
211 514
211 551
211 553
211 555
212 215
212 220
212 222
212 223
212 224
212 240
212 245
212 249
212 474
212 496
212 516
212 517
212 529
213 229
213 230
213 231
213 233
213 234
213 236
213 238
213 239
213 251
213 265
213 273
213 283
213 291
213 489
213 505
213 509
213 518
213 542
213 581
214 219
214 224
214 245
214 290
214 503
214 505
214 516
214 522
214 532
215 222
215 227
215 245
215 522
216 217
216 232
216 265
217 587
218 223
218 309
218 393
218 399
218 454
218 467
218 501
218 503
218 513
218 543
218 557
218 561
219 224
219 227
219 465
220 221
220 222
220 223
220 224
220 225
220 226
220 240
220 245
220 249
220 287
220 332
220 391
220 397
220 399
220 439
220 460
220 494
220 496
220 516
220 517
220 529
220 530
220 533
220 534
220 535
220 536
220 549
220 553
220 555
220 556
220 561
220 584
221 222
221 223
221 224
221 225
221 226
221 227
221 245
221 257
221 332
221 333
221 334
221 336
221 397
221 399
221 496
221 517
221 529
221 530
221 532
221 533
221 534
221 535
221 536
221 582
222 223
222 224
222 226
222 227
222 235
222 240
222 245
222 290
222 397
222 399
222 494
222 496
222 503
222 513
222 516
222 517
222 529
222 533
222 535
222 536
222 553
223 224
223 225
223 390
223 391
223 397
223 399
223 454
223 467
223 494
223 496
223 529
223 533
223 534
223 553
224 225
224 245
224 391
224 397
224 399
224 454
224 465
224 493
224 496
224 498
224 503
224 517
224 519
224 520
224 529
224 532
224 533
224 534
224 553
225 397
225 399
225 519
225 520
225 532
225 533
225 534
226 227
226 245
226 288
226 327
226 336
226 397
226 432
226 462
226 517
226 522
226 529
226 530
226 533
226 535
226 536
226 582
227 245
227 397
227 432
227 437
227 450
227 462
227 465
227 517
227 522
227 529
227 533
227 535
227 536
228 229
228 230
228 238
228 239
228 244
228 247
228 250
228 252
228 256
228 258
228 266
228 269
228 282
228 299
229 230
229 231
229 232
229 236
229 238
229 239
229 240
229 243
229 250
229 256
229 265
229 269
229 273
229 542
229 547
229 567
229 581
230 231
230 233
230 234
230 236
230 237
230 238
230 239
230 244
230 247
230 249
230 251
230 256
230 265
230 273
230 476
230 489
230 511
230 549
230 556
230 567
230 581
231 234
231 236
231 238
231 239
231 240
231 247
231 256
231 265
231 273
231 509
231 542
231 581
232 256
232 263
232 265
232 268
232 269
233 234
233 246
233 273
233 283
233 289
233 291
233 471
233 489
233 509
233 511
233 542
233 545
233 581
234 236
234 241
234 273
234 282
234 283
234 291
234 390
234 489
234 493
234 499
234 505
234 509
234 542
234 581
235 236
235 245
235 276
235 290
235 295
235 297
235 325
235 428
235 436
235 473
235 484
235 505
235 516
235 546
235 547
235 578
235 593
236 237
236 238
236 247
236 276
236 286
236 289
236 290
236 293
236 436
236 547
236 556
236 593
237 238
237 239
237 247
237 250
237 256
237 286
237 511
237 547
237 549
237 556
237 567
237 581
238 239
238 240
238 247
238 265
238 289
238 547
238 548
238 549
238 556
238 579
239 243
239 244
239 256
239 265
239 269
239 273
239 285
239 472
239 476
239 548
239 549
239 581
239 587
240 245
240 529
240 548
240 549
240 553
240 555
241 285
241 291
241 302
241 384
241 393
241 439
241 471
241 494
241 499
241 548
241 551
241 552
241 563
241 583
242 552
243 265
243 266
243 269
243 273
243 472
244 246
244 247
244 256
244 283
244 299
244 587
245 246
245 290
245 460
245 496
245 505
245 516
245 517
245 529
245 531
245 532
245 533
245 535
245 536
245 553
245 578
246 531
246 532
247 249
247 250
247 251
247 276
247 286
247 289
247 291
247 547
247 556
247 567
248 250
248 277
248 278
249 251
249 291
249 391
249 489
249 511
249 556
250 252
250 256
250 258
250 266
250 269
250 299
250 556
250 567
251 291
251 391
251 489
251 511
251 556
252 255
252 256
252 262
252 266
252 269
252 277
252 476
253 254
254 293
254 295
254 297
254 300
254 536
255 262
255 263
255 264
255 269
255 270
255 271
255 272
255 277
255 566
255 569
255 570
255 571
256 263
256 265
256 268
256 269
256 476
256 540
256 567
256 581
257 293
257 294
257 300
257 355
257 397
257 452
257 533
257 535
257 599
258 259
258 260
258 261
258 266
258 286
258 296
258 299
258 538
259 260
259 261
259 296
259 299
259 386
259 456
259 592
259 594
259 595
259 597
260 294
260 296
260 538
260 563
260 594
261 262
261 264
261 272
261 296
261 386
261 456
261 566
261 569
261 592
262 263
262 264
262 266
262 269
262 271
262 272
262 277
262 566
262 569
262 570
262 571
263 264
263 265
263 267
263 268
263 269
263 271
263 277
263 570
263 571
264 267
264 271
264 272
264 277
264 466
264 468
264 566
264 569
264 570
264 571
264 574
265 268
265 269
265 273
265 540
266 269
266 277
266 299
266 472
266 476
266 566
267 270
267 271
267 277
267 453
267 571
267 574
268 269
268 270
269 270
269 567
269 570
269 581
270 275
270 277
270 453
270 560
270 570
270 574
271 272
271 277
271 466
271 468
271 570
271 571
271 574
272 466
272 468
272 566
272 569
272 571
272 574
273 542
273 581
274 283
274 563
275 277
275 298
275 472
275 486
276 278
276 279
276 289
276 295
276 436
277 278
277 453
277 560
277 570
277 571
277 574
280 459
280 490
280 514
280 524
281 298
281 300
281 456
281 568
282 283
282 285
282 489
282 580
283 291
283 390
283 494
283 499
283 563
283 580
283 587
284 288
284 328
284 330
284 334
284 365
284 427
284 582
285 286
285 294
285 301
285 302
285 318
285 320
285 324
285 328
285 329
285 332
285 551
285 583
285 585
286 287
286 289
286 291
286 317
286 481
286 547
286 556
286 583
286 584
287 531
287 534
287 553
287 584
288 427
288 432
288 586
289 547
289 556
290 291
290 297
290 436
290 460
290 473
290 496
290 505
290 516
290 529
290 532
290 578
291 546
291 556
292 583
293 297
293 336
294 305
294 320
294 588
294 591
294 593
294 594
294 597
294 599
295 296
295 297
295 436
295 473
295 484
295 502
295 537
295 593
295 595
296 592
296 594
296 595
296 596
296 597
297 327
297 356
297 429
297 436
297 462
297 536
297 578
297 593
298 568
298 596
300 600
301 302
301 317
301 320
301 321
301 328
301 329
301 386
301 388
301 504
301 583
302 304
302 305
302 317
302 319
302 320
302 321
302 322
302 324
302 325
302 332
302 335
302 339
302 439
302 546
302 583
303 327
304 305
304 308
304 312
304 317
304 318
304 319
304 320
304 321
304 322
304 323
304 324
304 326
304 329
304 331
304 333
304 334
304 336
304 339
304 364
304 389
304 582
304 583
304 599
305 308
305 312
305 317
305 318
305 319
305 320
305 321
305 322
305 323
305 324
305 325
305 326
305 329
305 331
305 332
305 333
305 334
305 339
305 370
305 389
305 439
305 583
305 588
306 309
306 310
307 310
308 312
308 318
308 320
308 324
308 326
308 329
308 331
308 333
308 334
308 339
311 317
311 475
311 486
311 583
312 318
312 319
312 320
312 323
312 324
312 326
312 328
312 329
312 330
312 331
312 332
312 333
312 334
312 339
312 582
313 523
313 525
313 559
314 315
316 319
316 386
317 319
317 320
317 321
317 322
317 324
317 325
317 332
317 335
317 386
317 388
317 389
317 546
317 547
317 579
317 583
317 584
318 319
318 320
318 323
318 324
318 326
318 328
318 329
318 330
318 331
318 333
318 334
318 582
318 597
319 320
319 321
319 322
319 323
319 324
319 326
319 328
319 329
319 332
319 333
319 583
319 597
320 321
320 322
320 323
320 324
320 326
320 328
320 329
320 331
320 332
320 333
320 334
320 335
320 339
320 579
320 583
320 597
321 322
321 324
321 332
321 336
321 364
321 388
321 389
321 530
321 579
321 582
321 583
321 584
321 588
322 323
322 324
322 325
322 329
322 332
322 335
322 339
322 388
322 389
322 439
322 546
322 583
322 593
323 324
323 325
323 327
323 328
323 329
323 331
323 332
323 333
323 334
324 326
324 328
324 329
324 331
324 332
324 333
324 334
324 339
324 582
324 583
324 588
325 428
325 439
325 484
325 546
325 583
325 593
326 328
326 329
326 333
326 334
326 339
326 449
326 597
327 336
327 429
327 432
327 462
327 536
327 578
328 329
328 330
328 332
328 333
328 334
328 339
328 582
328 597
329 330
329 331
329 332
329 333
329 334
329 335
329 582
329 583
329 597
330 333
330 365
330 366
330 372
330 382
330 427
330 434
330 441
331 333
331 334
332 333
332 334
332 335
332 582
332 583
332 584
333 334
333 582
334 335
334 582
335 530
335 583
336 530
336 533
336 535
336 582
337 340
337 341
337 342
337 344
337 346
337 347
337 348
337 349
337 396
337 406
337 407
337 409
337 410
337 418
337 441
337 491
338 339
338 374
338 377
338 380
338 381
338 448
339 370
339 373
340 341
340 342
340 343
340 344
340 346
340 347
340 348
340 349
340 354
340 396
340 406
340 407
340 409
340 410
340 411
340 491
341 342
341 344
341 346
341 347
341 348
341 349
341 350
341 354
341 357
341 379
341 396
341 398
341 406
341 407
341 408
341 409
341 410
341 411
341 412
341 413
341 416
341 418
341 440
341 441
341 444
341 446
341 491
342 343
342 344
342 346
342 347
342 348
342 349
342 350
342 353
342 354
342 356
342 357
342 396
342 398
342 406
342 407
342 409
342 410
342 411
342 413
342 440
342 444
342 446
342 491
343 344
343 347
343 348
343 353
343 354
343 356
343 364
343 375
343 377
343 380
343 405
343 406
343 409
343 420
343 432
343 433
343 434
343 437
343 444
343 446
343 447
344 346
344 347
344 348
344 349
344 350
344 353
344 354
344 356
344 396
344 406
344 407
344 409
344 410
344 411
344 420
344 444
344 446
344 491
345 350
345 351
345 352
345 357
345 358
345 359
345 360
345 361
345 362
345 363
345 369
345 412
345 413
345 414
345 418
345 420
345 440
345 445
345 446
345 447
345 448
346 347
346 348
346 349
346 350
346 353
346 354
346 396
346 406
346 407
346 409
346 410
346 411
346 491
347 348
347 349
347 350
347 353
347 354
347 356
347 357
347 364
347 365
347 366
347 375
347 379
347 396
347 406
347 409
347 410
347 416
347 418
347 420
347 422
347 433
347 434
347 440
347 441
347 444
347 446
347 598
348 349
348 350
348 353
348 354
348 356
348 357
348 368
348 375
348 379
348 396
348 398
348 403
348 404
348 406
348 407
348 408
348 409
348 410
348 411
348 412
348 413
348 416
348 418
348 420
348 422
348 433
348 440
348 443
348 444
348 446
348 491
348 598
348 599
349 350
349 353
349 354
349 396
349 398
349 406
349 407
349 408
349 409
349 410
349 411
349 413
349 418
349 420
349 440
349 491
349 492
350 351
350 354
350 357
350 358
350 362
350 369
350 375
350 379
350 396
350 398
350 401
350 406
350 409
350 410
350 411
350 412
350 413
350 416
350 418
350 420
350 422
350 440
350 441
350 444
350 446
351 352
351 357
351 358
351 359
351 360
351 361
351 362
351 363
351 369
351 412
351 413
351 414
351 440
351 447
352 357
352 358
352 359
352 360
352 361
352 362
352 363
352 369
352 412
352 413
352 414
352 440
352 447
353 354
353 356
353 357
353 364
353 403
353 404
353 406
353 409
353 412
353 413
353 416
353 420
353 422
353 433
353 437
353 440
353 443
353 444
353 446
353 447
353 506
353 598
353 599
354 356
354 364
354 379
354 396
354 403
354 404
354 406
354 408
354 409
354 410
354 411
354 412
354 413
354 416
354 420
354 422
354 431
354 433
354 437
354 440
354 443
354 444
354 446
354 447
354 598
355 356
355 364
355 437
355 588
356 357
356 364
356 376
356 379
356 403
356 404
356 409
356 412
356 416
356 420
356 422
356 431
356 433
356 437
356 440
356 443
356 444
356 446
356 447
356 506
356 598
357 358
357 359
357 360
357 361
357 362
357 363
357 368
357 369
357 370
357 379
357 396
357 398
357 401
357 406
357 409
357 411
357 412
357 413
357 414
357 416
357 418
357 420
357 440
357 441
357 444
357 446
357 447
357 598
358 359
358 360
358 361
358 362
358 363
358 369
358 412
358 413
358 414
358 418
358 440
358 446
358 447
358 448
359 360
359 361
359 362
359 363
359 369
359 412
359 413
359 414
359 440
359 447
360 361
360 362
360 363
360 412
360 413
360 414
360 440
360 447
361 362
361 363
361 412
361 413
361 414
361 440
361 479
362 363
362 369
362 398
362 401
362 412
362 413
362 414
362 440
362 447
363 412
363 413
363 414
363 440
363 447
364 370
364 371
364 375
364 376
364 379
364 405
364 420
364 422
364 429
364 433
364 434
364 437
364 446
364 447
364 588
364 598
364 599
365 366
365 372
365 375
365 382
365 420
365 427
365 434
365 441
365 464
365 588
365 598
366 372
366 373
366 434
366 441
366 598
367 371
367 376
367 377
367 378
367 381
367 405
367 429
367 485
368 370
368 373
368 375
368 379
368 408
368 418
368 430
368 431
368 441
368 546
368 598
368 599
369 398
369 401
369 412
369 413
369 418
369 440
369 446
369 598
370 373
370 416
370 418
370 422
370 593
370 598
371 375
371 378
371 405
371 426
371 434
372 427
372 441
372 448
373 430
374 377
374 380
374 381
374 564
375 378
375 379
375 403
375 404
375 405
375 406
375 418
375 420
375 422
375 430
375 431
375 433
375 434
375 441
375 446
375 464
375 588
375 598
375 599
376 377
376 379
376 381
376 403
376 404
376 405
376 406
376 429
376 433
376 437
376 446
376 462
377 378
377 380
377 381
377 405
377 434
378 403
378 404
378 405
378 406
378 420
378 422
378 426
378 427
378 434
379 396
379 403
379 404
379 405
379 406
379 409
379 418
379 420
379 422
379 434
379 441
379 446
380 381
380 405
380 434
380 448
381 405
381 432
382 427
382 434
382 588
384 385
384 388
384 390
384 393
384 394
384 395
384 400
384 402
384 419
384 451
384 460
384 490
384 494
384 495
384 496
384 497
384 499
384 502
384 503
384 514
385 388
385 390
385 395
385 400
385 402
385 403
385 408
385 421
385 423
385 424
385 450
385 451
385 459
385 494
385 506
386 579
387 539
387 566
387 569
387 571
387 589
387 592
387 596
388 389
388 390
388 391
388 393
388 402
388 473
388 494
388 496
388 499
388 504
388 546
388 580
389 391
389 393
389 402
389 416
389 473
389 496
389 504
389 530
389 579
389 580
389 583
390 391
390 393
390 395
390 399
390 402
390 419
390 423
390 451
390 454
390 459
390 460
390 473
390 489
390 490
390 494
390 495
390 496
390 497
390 499
390 501
390 503
390 504
390 505
390 514
390 580
391 393
391 394
391 399
391 460
391 489
391 493
391 494
391 495
391 496
391 497
391 498
391 503
391 514
391 516
391 519
391 530
391 532
391 533
391 534
391 553
391 556
391 580
391 584
392 399
392 400
392 401
393 394
393 395
393 397
393 399
393 400
393 417
393 419
393 454
393 460
393 473
393 490
393 494
393 495
393 496
393 497
393 499
393 501
393 502
393 503
393 504
393 526
394 397
394 399
394 400
394 454
394 493
394 495
394 496
394 497
394 501
394 525
394 526
394 527
394 533
395 397
395 417
395 419
395 459
395 494
395 499
395 504
396 398
396 400
396 401
396 406
396 407
396 408
396 409
396 410
396 411
396 413
396 416
396 418
396 420
396 433
396 441
396 446
396 491
396 492
397 399
397 417
397 450
397 452
397 454
397 467
397 496
397 501
397 529
397 533
397 534
397 535
397 536
398 400
398 401
398 406
398 407
398 408
398 409
398 410
398 411
398 412
398 413
398 414
398 416
398 418
398 440
398 446
399 454
399 460
399 493
399 494
399 495
399 496
399 497
399 501
399 503
399 513
399 516
399 519
399 526
399 527
399 529
399 532
399 533
399 534
399 535
399 561
400 401
400 408
400 416
401 408
401 412
401 413
401 416
401 418
402 403
402 408
402 416
402 419
402 422
402 423
402 424
402 439
402 450
402 459
402 494
402 499
402 504
402 599
403 404
403 405
403 406
403 408
403 420
403 422
403 424
403 437
403 450
403 459
404 405
404 406
404 409
404 420
404 422
404 433
404 437
404 440
404 446
405 406
405 420
405 422
405 429
405 434
405 437
405 446
405 464
406 408
406 409
406 410
406 411
406 413
406 418
406 420
406 422
406 433
406 440
406 441
406 446
406 491
407 408
407 409
407 410
407 411
407 416
407 491
407 492
408 409
408 410
408 416
408 418
408 422
408 459
408 491
408 492
408 546
409 410
409 411
409 413
409 431
409 433
409 440
409 443
409 444
409 446
409 491
410 411
410 491
411 413
411 414
411 440
412 413
412 414
412 416
412 418
412 420
412 440
412 443
412 444
412 445
412 446
412 447
412 598
412 599
413 414
413 418
413 420
413 440
413 446
413 598
414 440
414 447
414 479
415 425
415 461
415 519
416 417
416 418
416 420
416 422
416 440
416 446
416 530
416 598
416 599
417 419
417 452
417 454
417 467
417 501
418 420
418 422
418 440
418 441
418 444
418 446
418 598
418 599
419 435
419 451
419 459
419 460
419 465
419 490
419 494
419 495
419 496
419 497
419 498
419 499
419 501
419 502
419 503
419 504
419 514
419 515
419 520
419 543
420 422
420 424
420 426
420 434
420 437
420 440
420 446
420 598
420 599
421 422
421 423
421 424
421 436
421 450
421 451
421 459
421 473
421 506
422 424
422 426
422 429
422 430
422 431
422 433
422 437
422 443
422 446
422 450
422 459
422 598
422 599
423 424
423 438
423 450
423 451
423 459
423 494
423 497
423 499
423 506
423 537
424 437
424 443
424 450
424 451
424 459
425 448
425 449
425 461
425 466
426 599
427 434
427 464
427 558
428 436
428 439
428 459
428 473
428 484
428 537
428 546
428 593
429 432
429 433
429 434
429 437
429 447
429 462
430 431
430 593
431 433
431 547
431 598
432 434
432 437
432 447
432 464
433 434
433 446
433 598
434 446
434 464
434 588
434 598
435 459
435 473
435 499
435 502
435 504
435 594
436 473
436 484
436 546
436 547
436 578
436 593
437 438
437 443
437 450
437 462
437 464
437 506
438 506
439 443
439 450
439 457
439 459
439 473
439 506
439 529
439 536
439 546
439 552
439 593
440 443
440 444
440 445
440 446
440 447
440 598
442 452
442 464
442 504
443 444
443 447
443 450
443 506
443 536
443 599
444 446
444 447
445 447
446 447
446 448
446 598
448 449
448 461
448 466
449 452
449 461
449 466
450 457
450 459
450 473
450 506
450 510
450 529
450 535
450 536
450 599
451 454
451 459
451 460
451 465
451 474
451 490
451 492
451 494
451 497
451 498
451 501
451 503
451 510
451 514
451 520
451 528
451 543
452 454
452 464
452 467
453 463
453 468
453 523
453 541
453 560
453 570
453 574
454 460
454 465
454 467
454 490
454 493
454 494
454 495
454 496
454 497
454 498
454 501
454 502
454 503
454 515
454 519
454 520
454 525
454 526
454 527
454 532
454 543
454 557
456 568
456 592
456 595
457 459
457 473
457 494
457 552
458 538
458 554
458 560
458 575
459 473
459 490
459 494
459 499
459 506
459 514
460 465
460 473
460 474
460 490
460 493
460 494
460 496
460 497
460 498
460 501
460 502
460 503
460 505
460 512
460 513
460 514
460 515
460 516
460 520
460 522
460 524
460 525
460 526
460 527
460 528
460 529
460 532
460 543
460 545
460 561
461 466
462 535
462 536
463 560
464 599
465 467
465 474
465 490
465 496
465 497
465 501
465 502
465 503
465 505
465 510
465 513
465 514
465 515
465 520
465 525
465 528
465 529
465 532
465 543
466 468
466 571
466 574
466 592
467 501
467 515
467 543
468 521
468 571
468 574
472 476
472 563
472 581
472 587
473 494
473 496
473 497
473 516
473 522
473 526
473 530
473 546
474 490
474 494
474 496
474 501
474 503
474 505
474 510
474 512
474 513
474 514
474 516
474 520
474 523
474 524
474 525
474 527
474 528
475 479
476 569
476 581
478 549
479 523
480 483
480 566
482 483
483 595
484 537
484 546
484 593
487 586
489 493
489 495
489 496
489 505
489 511
489 519
489 520
489 527
489 532
489 545
489 549
489 553
489 556
489 581
489 584
490 492
490 493
490 494
490 496
490 497
490 498
490 501
490 502
490 503
490 505
490 510
490 512
490 513
490 514
490 515
490 516
490 520
490 524
490 525
490 526
490 527
490 528
490 543
490 557
491 492
492 494
492 510
492 514
493 494
493 495
493 496
493 497
493 498
493 503
493 505
493 510
493 512
493 513
493 514
493 515
493 516
493 517
493 518
493 519
493 520
493 524
493 525
493 526
493 527
493 528
493 532
493 533
493 542
493 543
493 551
493 553
493 557
494 495
494 496
494 497
494 498
494 499
494 501
494 502
494 503
494 505
494 510
494 513
494 514
494 516
494 528
494 543
494 551
495 496
495 497
495 499
495 501
495 502
495 503
495 504
495 532
495 557
496 497
496 498
496 499
496 501
496 502
496 503
496 505
496 510
496 513
496 514
496 516
496 517
496 519
496 520
496 522
496 526
496 528
496 529
496 530
496 532
496 533
496 535
496 543
496 553
497 498
497 499
497 501
497 502
497 503
497 505
497 510
497 514
497 516
497 519
497 520
497 526
497 528
497 532
498 501
498 503
498 505
498 512
498 513
498 514
498 515
498 516
498 519
498 520
498 526
498 527
498 543
498 545
498 551
499 502
499 503
499 504
500 578
501 502
501 503
501 513
501 514
501 515
501 520
501 525
501 526
501 528
501 543
501 557
502 503
502 504
502 522
502 528
503 505
503 510
503 513
503 514
503 515
503 516
503 519
503 520
503 522
503 525
503 526
503 527
503 528
503 529
503 532
503 543
503 557
503 561
504 594
505 510
505 512
505 513
505 514
505 516
505 517
505 518
505 519
505 520
505 528
505 532
505 578
507 572
508 550
508 572
508 577
509 542
509 551
510 512
510 513
510 514
510 516
510 528
510 543
511 518
511 542
511 545
511 549
511 555
511 556
511 567
511 581
512 513
512 514
512 516
512 518
512 520
512 524
512 525
512 526
512 528
512 544
513 514
513 515
513 516
513 517
513 520
513 522
513 524
513 525
513 526
513 528
513 529
513 532
513 535
513 536
513 543
513 557
514 516
514 520
514 524
514 526
514 528
515 519
515 520
515 525
515 526
515 527
515 528
515 532
515 543
515 545
515 557
516 517
516 518
516 520
516 522
516 524
516 526
516 528
516 529
516 530
516 532
516 555
516 578
517 520
517 528
517 529
517 532
517 533
517 553
518 519
518 520
518 521
518 527
518 532
518 540
518 542
518 544
518 545
519 520
519 527
519 531
519 532
519 534
519 545
519 553
520 525
520 526
520 527
520 528
520 532
520 543
520 545
520 557
521 540
521 541
521 544
521 554
521 562
521 571
521 573
521 574
522 528
522 535
522 536
522 578
523 525
523 527
524 525
524 526
524 527
524 528
524 559
525 526
525 527
525 528
525 543
525 544
525 557
525 559
526 527
526 543
526 559
527 543
527 545
527 557
527 559
528 529
528 543
528 557
529 530
529 532
529 533
529 535
529 536
529 543
529 553
529 561
530 533
530 535
530 536
530 547
531 532
531 534
531 553
531 554
531 555
532 533
532 534
532 535
532 553
533 534
533 535
533 536
533 553
533 582
534 553
535 536
535 582
536 582
539 571
539 574
539 577
540 541
540 542
540 562
540 567
540 569
540 570
540 571
540 573
540 577
540 581
541 544
541 550
541 554
541 572
541 573
541 574
541 577
542 544
542 554
542 581
543 545
543 551
543 557
544 554
544 573
545 556
545 557
546 547
546 593
547 549
547 556
547 567
547 593
548 549
548 550
548 551
548 552
548 553
548 554
549 553
549 555
549 556
549 567
550 554
550 560
550 570
550 577
551 552
551 553
551 583
553 554
553 555
554 555
554 572
555 587
560 570
560 571
560 572
560 574
560 577
562 569
562 570
564 565
565 592
565 594
565 595
565 597
566 569
566 571
567 569
567 581
569 570
569 571
569 589
570 571
570 572
570 574
570 577
571 574
571 577
572 577
574 577
576 577
579 599
582 588
583 585
584 586
588 591
588 598
588 599
590 600
592 596
593 599
594 595
594 596
594 597
595 596
595 597
596 597
598 599
