600 7189

1 2
1 4
1 105
1 302
1 305
1 390
1 400
1 487
2 4
2 5
2 11
2 18
2 20
2 21
2 22
2 25
2 29
2 92
2 93
2 94
2 95
2 98
2 99
2 100
2 101
2 104
2 105
2 106
2 110
2 119
2 120
2 121
2 184
2 189
2 249
2 282
2 290
2 301
2 302
2 303
2 304
2 305
2 308
2 312
2 317
2 319
2 320
2 321
2 322
2 323
2 324
2 325
2 326
2 327
2 331
2 334
2 389
2 390
2 391
2 392
2 395
2 398
2 400
2 401
2 445
2 487
2 579
2 586
3 6
3 11
3 16
3 18
3 93
3 96
3 314
3 319
4 5
4 20
4 21
4 22
4 23
4 25
4 30
4 85
4 93
4 94
4 95
4 98
4 100
4 101
4 104
4 105
4 106
4 110
4 119
4 120
4 121
4 135
4 184
4 189
4 249
4 290
4 302
4 303
4 304
4 305
4 308
4 317
4 320
4 321
4 322
4 323
4 324
4 325
4 326
4 327
4 331
4 334
4 336
4 389
4 390
4 391
4 395
4 398
4 400
4 401
4 413
4 445
4 487
5 11
5 12
5 16
5 18
5 19
5 20
5 22
5 29
5 93
5 94
5 95
5 97
5 98
5 99
5 100
5 101
5 120
5 301
5 302
5 303
5 304
5 305
5 308
5 312
5 315
5 317
5 319
5 320
5 321
5 322
5 323
5 324
5 326
5 327
5 389
5 390
5 391
5 398
5 400
5 579
7 217
8 12
8 98
8 303
8 568
9 295
10 13
11 12
11 14
11 16
11 18
11 19
11 20
11 93
11 94
11 96
11 97
11 98
11 99
11 100
11 282
11 301
11 303
11 304
11 305
11 308
11 311
11 315
11 317
11 319
11 321
11 386
11 387
11 390
11 400
11 579
12 16
12 18
12 20
12 29
12 94
12 96
12 97
12 98
12 99
12 301
12 308
12 311
12 312
12 315
12 317
12 318
12 319
12 386
12 400
13 62
14 16
14 18
14 20
14 29
14 303
14 306
14 312
14 318
14 319
15 16
15 45
15 313
16 18
16 29
16 45
16 96
16 301
16 306
16 308
16 312
16 313
16 315
16 316
16 317
16 318
16 319
17 166
18 19
18 20
18 94
18 96
18 97
18 98
18 99
18 100
18 120
18 301
18 303
18 304
18 305
18 308
18 312
18 315
18 317
18 318
18 319
18 320
18 321
18 389
18 390
18 398
18 400
19 20
19 21
19 98
19 100
19 120
19 304
19 305
19 315
19 317
19 318
19 319
19 320
19 321
19 331
19 334
19 400
20 21
20 22
20 29
20 37
20 93
20 94
20 95
20 98
20 99
20 100
20 101
20 103
20 104
20 105
20 110
20 120
20 121
20 249
20 301
20 302
20 303
20 304
20 305
20 308
20 312
20 315
20 317
20 318
20 319
20 320
20 321
20 322
20 323
20 324
20 326
20 327
20 331
20 334
20 336
20 389
20 390
20 391
20 398
20 400
20 401
21 22
21 23
21 25
21 26
21 28
21 30
21 32
21 33
21 35
21 36
21 37
21 38
21 98
21 100
21 101
21 103
21 105
21 110
21 120
21 121
21 249
21 284
21 303
21 304
21 305
21 319
21 320
21 321
21 322
21 323
21 324
21 328
21 329
21 330
21 331
21 333
21 334
21 335
21 336
21 389
21 390
21 400
21 401
21 413
22 23
22 25
22 28
22 85
22 92
22 93
22 94
22 95
22 98
22 100
22 101
22 104
22 105
22 106
22 110
22 119
22 135
22 184
22 189
22 249
22 282
22 283
22 285
22 286
22 290
22 291
22 302
22 303
22 304
22 305
22 308
22 317
22 320
22 321
22 322
22 323
22 324
22 325
22 331
22 334
22 389
22 390
22 391
22 395
22 398
22 400
22 401
22 445
22 487
22 583
22 584
22 586
23 26
23 27
23 28
23 30
23 31
23 32
23 33
23 35
23 59
23 184
23 285
23 324
23 328
23 329
24 29
25 28
25 30
25 34
25 94
25 98
25 100
25 101
25 119
25 135
25 143
25 173
25 189
25 284
25 285
25 286
25 302
25 303
25 304
25 305
25 321
25 322
25 323
25 324
25 325
25 326
25 334
25 390
25 391
25 445
25 583
25 584
26 27
26 28
26 30
26 31
26 32
26 33
26 35
26 36
26 38
26 101
26 119
26 121
26 184
26 284
26 324
26 328
26 329
26 332
27 28
27 30
27 31
27 32
27 33
27 34
27 36
27 284
27 329
28 30
28 31
28 32
28 33
28 34
28 36
28 38
28 119
28 284
28 324
28 328
28 329
28 330
28 332
28 333
28 335
28 582
29 301
29 304
29 305
29 306
29 308
29 312
29 318
29 319
29 324
29 326
30 31
30 32
30 284
30 305
30 324
30 326
30 329
30 331
31 32
31 33
31 34
31 36
31 38
31 284
31 324
31 328
31 329
31 330
31 332
31 333
31 335
31 413
31 414
31 582
32 33
32 35
32 324
32 329
32 331
32 334
33 34
33 35
33 36
33 38
33 284
33 285
33 328
33 329
33 330
33 333
33 582
34 36
34 38
34 220
34 284
34 285
34 287
34 324
34 328
34 329
34 330
34 332
34 333
34 335
34 412
34 413
34 414
34 447
34 582
35 37
35 329
35 333
35 334
36 38
36 328
36 329
36 330
36 332
36 333
36 335
36 413
36 414
36 441
36 582
37 38
37 100
37 102
37 103
37 120
37 305
37 320
37 323
37 324
37 333
37 334
37 335
37 336
38 100
38 101
38 103
38 121
38 220
38 284
38 320
38 321
38 323
38 324
38 328
38 329
38 330
38 332
38 333
38 334
38 335
38 336
38 413
39 42
39 44
39 47
39 53
39 56
39 65
39 78
39 79
39 82
39 83
39 87
39 88
39 112
39 113
39 114
39 115
39 126
39 129
39 130
39 137
39 138
39 139
39 140
39 298
39 337
39 339
39 340
39 341
39 344
39 348
39 353
39 354
39 355
39 358
39 371
39 372
39 375
39 385
39 403
39 404
39 406
39 407
39 410
39 419
39 420
39 421
39 422
39 423
39 424
39 425
39 431
39 433
39 440
39 444
39 446
39 450
39 451
39 491
39 492
40 352
40 427
41 45
41 48
42 47
42 53
42 56
42 64
42 83
42 112
42 113
42 114
42 115
42 123
42 126
42 129
42 130
42 131
42 137
42 139
42 140
42 298
42 339
42 340
42 344
42 353
42 354
42 358
42 372
42 396
42 403
42 404
42 406
42 407
42 408
42 410
42 415
42 416
42 419
42 420
42 421
42 422
42 423
42 424
42 425
42 433
42 450
42 451
42 491
42 492
42 501
43 49
43 57
43 63
43 141
43 150
43 152
43 339
43 346
43 382
43 436
43 446
43 448
44 49
44 51
44 53
44 56
44 57
44 58
44 60
44 61
44 63
44 64
44 65
44 66
44 78
44 79
44 80
44 82
44 83
44 114
44 126
44 129
44 138
44 139
44 140
44 144
44 150
44 152
44 338
44 339
44 341
44 348
44 353
44 354
44 355
44 356
44 357
44 358
44 362
44 363
44 372
44 374
44 375
44 404
44 406
44 418
44 419
44 420
44 421
44 422
44 423
44 424
44 430
44 431
44 433
44 434
44 440
44 444
44 446
44 448
44 450
44 451
45 46
45 48
47 53
47 56
47 60
47 63
47 64
47 79
47 80
47 83
47 112
47 113
47 114
47 115
47 116
47 118
47 123
47 129
47 130
47 131
47 137
47 188
47 198
47 204
47 340
47 344
47 348
47 353
47 354
47 358
47 396
47 403
47 404
47 406
47 407
47 408
47 410
47 418
47 422
47 424
47 425
47 451
47 492
47 501
48 52
48 343
48 346
48 347
49 53
49 57
49 58
49 61
49 63
49 65
49 66
49 80
49 83
49 126
49 129
49 130
49 138
49 139
49 140
49 141
49 150
49 151
49 152
49 338
49 339
49 341
49 353
49 354
49 355
49 356
49 357
49 358
49 362
49 363
49 379
49 382
49 421
49 422
49 431
49 433
49 440
49 444
49 446
49 448
50 51
50 53
50 55
50 56
50 59
50 60
50 64
50 144
50 145
50 146
50 341
50 348
50 351
50 358
50 359
50 410
50 412
50 414
50 418
50 421
50 423
50 424
50 439
50 444
50 447
50 510
51 53
51 56
51 58
51 59
51 60
51 61
51 62
51 63
51 65
51 66
51 67
51 80
51 144
51 341
51 345
51 348
51 351
51 355
51 357
51 358
51 359
51 362
51 363
51 421
51 423
51 424
51 444
52 343
52 346
52 347
53 56
53 57
53 58
53 59
53 60
53 61
53 63
53 64
53 65
53 66
53 71
53 79
53 80
53 81
53 82
53 83
53 112
53 114
53 129
53 131
53 137
53 138
53 139
53 140
53 144
53 150
53 152
53 298
53 341
53 344
53 345
53 348
53 351
53 353
53 354
53 355
53 357
53 358
53 359
53 362
53 363
53 372
53 375
53 403
53 404
53 410
53 418
53 420
53 421
53 422
53 423
53 424
53 431
53 433
53 440
53 444
53 450
53 451
53 510
54 58
54 61
55 64
55 95
55 101
55 115
55 120
55 121
55 123
55 125
55 146
55 401
55 412
55 413
55 416
55 418
55 447
56 57
56 58
56 59
56 60
56 61
56 63
56 64
56 65
56 66
56 71
56 79
56 80
56 81
56 83
56 112
56 113
56 114
56 115
56 118
56 129
56 130
56 131
56 132
56 137
56 138
56 139
56 140
56 144
56 152
56 339
56 341
56 344
56 348
56 351
56 353
56 354
56 355
56 357
56 358
56 359
56 362
56 363
56 372
56 375
56 403
56 404
56 406
56 409
56 410
56 418
56 420
56 421
56 422
56 423
56 424
56 425
56 431
56 433
56 440
56 444
56 450
56 451
56 510
57 58
57 60
57 61
57 62
57 63
57 65
57 66
57 82
57 114
57 126
57 129
57 138
57 139
57 140
57 141
57 150
57 152
57 199
57 338
57 339
57 341
57 345
57 348
57 353
57 354
57 355
57 356
57 357
57 358
57 362
57 424
57 444
57 448
57 450
57 451
58 61
58 63
58 65
58 66
58 79
58 80
58 81
58 82
58 83
58 91
58 112
58 129
58 138
58 139
58 140
58 144
58 149
58 152
58 338
58 341
58 348
58 353
58 354
58 355
58 356
58 357
58 358
58 362
58 363
58 372
58 373
58 375
58 410
58 421
58 422
58 423
58 424
58 431
58 440
58 444
58 450
59 60
59 61
59 63
59 64
59 66
59 67
59 341
59 345
59 348
59 351
59 358
59 359
59 361
59 363
59 414
60 61
60 63
60 64
60 65
60 66
60 79
60 80
60 83
60 112
60 114
60 118
60 129
60 131
60 138
60 139
60 140
60 144
60 152
60 341
60 345
60 348
60 351
60 353
60 354
60 355
60 357
60 358
60 359
60 361
60 362
60 363
60 403
60 410
60 412
60 414
60 418
60 421
60 422
60 423
60 424
60 439
60 440
60 444
60 447
60 450
60 510
61 63
61 64
61 65
61 66
61 67
61 75
61 78
61 79
61 80
61 82
61 83
61 91
61 129
61 138
61 139
61 140
61 144
61 152
61 341
61 348
61 353
61 354
61 355
61 356
61 357
61 358
61 359
61 362
61 363
61 382
61 410
61 420
61 421
61 422
61 423
61 424
61 431
61 440
61 444
61 450
62 65
62 345
63 64
63 65
63 66
63 67
63 79
63 80
63 83
63 112
63 114
63 129
63 130
63 138
63 139
63 140
63 141
63 144
63 152
63 339
63 341
63 345
63 348
63 353
63 354
63 355
63 356
63 357
63 358
63 359
63 362
63 363
63 382
63 403
63 421
63 422
63 423
63 424
63 431
63 440
63 444
63 450
63 451
63 510
64 65
64 66
64 79
64 80
64 83
64 112
64 114
64 115
64 118
64 129
64 131
64 138
64 139
64 144
64 341
64 348
64 351
64 353
64 354
64 355
64 357
64 358
64 359
64 362
64 363
64 403
64 410
64 412
64 414
64 418
64 421
64 422
64 423
64 424
64 440
64 441
64 444
64 447
65 66
65 79
65 80
65 81
65 82
65 83
65 112
65 113
65 114
65 126
65 129
65 130
65 137
65 138
65 139
65 140
65 141
65 150
65 152
65 339
65 341
65 345
65 348
65 353
65 354
65 355
65 356
65 357
65 358
65 362
65 363
65 372
65 375
65 379
65 404
65 419
65 420
65 421
65 422
65 423
65 424
65 430
65 431
65 433
65 440
65 444
65 446
65 448
65 450
65 451
66 67
66 79
66 80
66 138
66 139
66 140
66 152
66 341
66 348
66 353
66 354
66 355
66 356
66 357
66 358
66 359
66 362
66 363
66 421
66 423
66 424
66 431
66 440
66 444
67 361
67 363
68 429
69 71
69 72
69 79
69 81
69 83
69 129
69 130
69 132
69 137
69 138
69 149
69 358
69 368
69 370
69 372
69 376
69 403
69 421
69 422
69 440
69 444
70 72
70 73
71 75
71 79
71 81
71 83
71 90
71 376
71 403
71 422
71 423
71 426
72 73
72 75
72 79
72 82
72 129
72 137
72 149
72 368
72 370
72 372
72 375
72 421
73 75
73 79
73 82
73 83
73 129
73 298
73 337
73 344
73 368
73 369
73 371
73 372
73 375
73 377
73 440
74 75
74 366
74 369
75 82
75 91
75 129
75 341
75 357
75 368
75 369
75 371
75 375
75 377
75 429
75 440
76 129
76 297
76 298
76 299
76 300
76 372
76 406
76 420
76 600
77 82
77 83
77 87
77 89
77 91
77 126
77 129
77 338
77 371
77 375
77 380
77 440
78 82
78 129
78 138
78 353
78 354
78 355
78 362
78 372
78 375
78 404
78 406
78 419
78 420
78 421
78 440
79 80
79 81
79 82
79 83
79 112
79 127
79 129
79 130
79 132
79 137
79 138
79 139
79 140
79 144
79 149
79 150
79 341
79 348
79 353
79 354
79 355
79 357
79 358
79 368
79 371
79 372
79 373
79 374
79 375
79 376
79 403
79 410
79 420
79 421
79 422
79 423
79 430
79 431
79 433
79 434
79 440
79 444
79 446
80 81
80 83
80 112
80 129
80 130
80 132
80 137
80 138
80 139
80 140
80 144
80 149
80 150
80 152
80 339
80 341
80 348
80 353
80 354
80 355
80 358
80 362
80 372
80 373
80 374
80 375
80 379
80 403
80 421
80 422
80 423
80 430
80 431
80 433
80 434
80 440
80 444
80 446
81 83
81 112
81 127
81 129
81 130
81 132
81 134
81 137
81 138
81 139
81 140
81 141
81 149
81 150
81 152
81 353
81 355
81 358
81 371
81 372
81 373
81 374
81 375
81 376
81 379
81 403
81 421
81 422
81 423
81 428
81 430
81 431
81 433
81 434
81 440
81 444
81 446
82 83
82 84
82 89
82 91
82 126
82 129
82 138
82 139
82 140
82 337
82 338
82 339
82 341
82 348
82 353
82 354
82 355
82 356
82 357
82 358
82 362
82 368
82 369
82 371
82 372
82 375
82 380
82 404
82 406
82 420
82 421
82 422
82 423
82 424
82 431
82 433
82 440
82 444
82 450
83 84
83 87
83 88
83 89
83 90
83 91
83 112
83 113
83 114
83 115
83 126
83 129
83 130
83 137
83 138
83 139
83 140
83 149
83 150
83 152
83 298
83 338
83 339
83 341
83 344
83 348
83 353
83 354
83 355
83 357
83 358
83 371
83 372
83 375
83 377
83 379
83 380
83 382
83 403
83 404
83 406
83 419
83 420
83 421
83 422
83 423
83 424
83 430
83 431
83 433
83 434
83 440
83 444
83 446
83 448
83 450
84 86
84 87
84 89
84 90
84 91
84 126
84 129
84 338
84 354
84 355
84 377
84 378
84 380
84 381
84 382
84 405
84 440
85 322
85 323
85 325
86 87
86 88
86 89
86 337
86 377
86 378
86 380
86 381
86 405
87 88
87 89
87 90
87 91
87 126
87 338
87 372
87 375
87 377
87 378
87 380
87 381
87 382
87 405
87 406
88 89
88 113
88 129
88 298
88 337
88 372
88 375
88 380
88 404
88 405
88 406
88 419
88 420
89 91
89 126
89 129
89 337
89 338
89 377
89 378
89 380
89 381
89 382
89 405
89 406
90 91
90 126
90 151
90 338
90 377
90 380
90 382
91 126
91 129
91 338
91 354
91 355
91 356
91 357
91 360
91 362
91 377
91 380
91 381
91 382
91 405
91 440
92 93
92 94
92 95
92 104
92 105
92 106
92 110
92 119
92 184
92 187
92 188
92 189
92 195
92 196
92 201
92 203
92 224
92 225
92 228
92 262
92 282
92 283
92 286
92 289
92 290
92 301
92 302
92 384
92 385
92 389
92 390
92 391
92 395
92 398
92 399
92 401
92 445
92 487
92 489
92 497
92 504
92 529
92 537
92 580
92 584
92 586
93 94
93 95
93 96
93 98
93 100
93 101
93 104
93 105
93 106
93 110
93 119
93 184
93 187
93 189
93 249
93 282
93 283
93 289
93 290
93 301
93 302
93 303
93 304
93 305
93 306
93 308
93 314
93 317
93 319
93 321
93 322
93 323
93 324
93 384
93 389
93 390
93 391
93 395
93 398
93 399
93 400
93 401
93 487
93 586
94 95
94 96
94 97
94 98
94 99
94 100
94 101
94 104
94 105
94 106
94 110
94 119
94 120
94 184
94 189
94 228
94 282
94 290
94 301
94 302
94 303
94 304
94 305
94 308
94 312
94 315
94 317
94 319
94 320
94 321
94 322
94 323
94 324
94 326
94 327
94 386
94 387
94 389
94 390
94 391
94 395
94 398
94 400
94 401
94 445
94 487
94 497
94 579
95 96
95 98
95 99
95 100
95 101
95 104
95 105
95 106
95 110
95 111
95 116
95 119
95 120
95 121
95 184
95 187
95 189
95 203
95 204
95 262
95 282
95 283
95 290
95 301
95 302
95 303
95 304
95 305
95 308
95 314
95 317
95 319
95 320
95 321
95 322
95 323
95 324
95 384
95 385
95 389
95 390
95 391
95 392
95 395
95 398
95 399
95 400
95 401
95 487
95 497
95 586
96 97
96 98
96 99
96 282
96 301
96 317
96 319
96 386
96 389
96 487
96 579
97 98
97 99
97 228
97 282
97 311
97 317
97 386
97 387
97 539
97 579
98 99
98 100
98 101
98 104
98 105
98 110
98 120
98 249
98 282
98 301
98 302
98 303
98 304
98 305
98 308
98 315
98 317
98 319
98 320
98 321
98 322
98 323
98 324
98 325
98 326
98 334
98 336
98 389
98 390
98 391
98 395
98 398
98 400
98 401
98 445
98 487
98 568
98 579
99 228
99 262
99 282
99 299
99 301
99 304
99 308
99 312
99 317
99 327
99 386
99 387
99 390
99 398
99 400
99 502
99 539
99 579
100 101
100 103
100 104
100 105
100 106
100 110
100 119
100 120
100 121
100 184
100 189
100 249
100 282
100 302
100 303
100 304
100 305
100 308
100 317
100 319
100 320
100 321
100 322
100 323
100 324
100 331
100 334
100 336
100 389
100 390
100 391
100 392
100 395
100 398
100 400
100 401
100 413
100 445
100 487
101 103
101 104
101 105
101 106
101 110
101 116
101 119
101 120
101 121
101 125
101 184
101 189
101 204
101 249
101 282
101 302
101 303
101 304
101 305
101 314
101 319
101 320
101 321
101 322
101 323
101 324
101 334
101 336
101 384
101 389
101 390
101 391
101 392
101 395
101 398
101 399
101 400
101 401
101 413
101 445
101 487
102 437
103 120
103 304
103 305
103 320
103 321
103 323
103 336
103 400
103 413
104 105
104 106
104 107
104 108
104 109
104 110
104 111
104 116
104 119
104 120
104 121
104 171
104 184
104 187
104 188
104 189
104 192
104 194
104 195
104 196
104 202
104 203
104 204
104 223
104 224
104 282
104 283
104 289
104 290
104 302
104 303
104 304
104 305
104 321
104 322
104 384
104 389
104 390
104 391
104 392
104 393
104 395
104 397
104 398
104 399
104 400
104 401
104 487
104 497
104 586
105 106
105 110
105 111
105 119
105 120
105 121
105 184
105 187
105 189
105 203
105 204
105 223
105 282
105 283
105 290
105 302
105 304
105 305
105 320
105 321
105 322
105 323
105 324
105 334
105 384
105 389
105 390
105 391
105 392
105 395
105 397
105 398
105 399
105 400
105 401
105 445
105 487
105 497
106 107
106 109
106 110
106 111
106 116
106 119
106 120
106 121
106 184
106 187
106 189
106 194
106 196
106 202
106 203
106 204
106 221
106 223
106 224
106 225
106 226
106 282
106 283
106 289
106 290
106 321
106 322
106 384
106 389
106 390
106 391
106 392
106 393
106 394
106 395
106 397
106 398
106 399
106 400
106 401
106 445
106 487
106 497
106 529
106 533
106 537
106 586
107 108
107 109
107 110
107 111
107 116
107 117
107 119
107 167
107 171
107 176
107 187
107 188
107 189
107 191
107 192
107 194
107 196
107 202
107 203
107 204
107 207
107 211
107 212
107 214
107 215
107 218
107 221
107 222
107 223
107 274
107 289
107 393
107 394
107 395
107 397
107 474
107 483
107 495
107 505
107 516
107 533
108 109
108 110
108 111
108 117
108 167
108 171
108 179
108 187
108 192
108 196
108 202
108 206
108 207
108 211
108 212
108 214
108 215
108 217
108 218
108 221
108 222
108 223
108 251
108 274
108 289
108 393
108 394
108 395
108 483
108 495
108 505
108 516
108 533
109 110
109 111
109 116
109 117
109 119
109 157
109 167
109 171
109 176
109 187
109 188
109 189
109 191
109 192
109 194
109 195
109 196
109 197
109 202
109 207
109 211
109 212
109 214
109 215
109 218
109 221
109 222
109 223
109 224
109 274
109 393
109 394
109 395
109 397
109 399
109 411
109 474
109 489
109 495
109 498
109 503
109 505
109 516
109 527
109 533
110 111
110 116
110 119
110 120
110 121
110 184
110 187
110 189
110 192
110 195
110 196
110 202
110 203
110 204
110 223
110 224
110 249
110 282
110 283
110 289
110 290
110 302
110 303
110 304
110 305
110 321
110 322
110 384
110 389
110 390
110 391
110 392
110 393
110 395
110 397
110 398
110 399
110 400
110 401
110 411
110 487
110 537
110 586
111 116
111 117
111 119
111 176
111 187
111 189
111 192
111 194
111 195
111 196
111 202
111 203
111 204
111 223
111 384
111 389
111 392
111 393
111 394
111 395
111 397
111 398
111 401
111 411
111 474
111 505
111 516
111 537
112 113
112 114
112 115
112 127
112 129
112 130
112 131
112 132
112 137
112 138
112 139
112 140
112 144
112 149
112 152
112 198
112 298
112 340
112 341
112 344
112 348
112 351
112 353
112 354
112 355
112 357
112 358
112 359
112 371
112 372
112 375
112 403
112 404
112 406
112 410
112 418
112 419
112 420
112 421
112 422
112 423
112 424
112 425
112 430
112 431
112 433
112 435
112 440
112 444
112 450
112 451
112 492
112 501
112 510
113 114
113 115
113 116
113 126
113 129
113 130
113 137
113 201
113 204
113 354
113 355
113 372
113 384
113 385
113 403
113 404
113 406
113 408
113 419
113 420
113 421
113 425
113 451
113 491
113 492
114 115
114 116
114 123
114 126
114 129
114 130
114 131
114 137
114 138
114 139
114 188
114 201
114 204
114 298
114 348
114 353
114 354
114 355
114 358
114 362
114 372
114 385
114 396
114 402
114 404
114 406
114 407
114 408
114 410
114 419
114 420
114 421
114 423
114 424
114 425
114 450
114 451
114 491
114 492
114 501
115 116
115 122
115 123
115 125
115 129
115 130
115 137
115 201
115 204
115 354
115 358
115 385
115 396
115 403
115 404
115 406
115 407
115 408
115 416
115 419
115 420
115 424
115 425
115 451
115 491
115 492
115 580
116 117
116 119
116 122
116 123
116 125
116 187
116 188
116 189
116 194
116 196
116 201
116 204
116 384
116 389
116 393
116 395
116 396
116 397
116 401
116 402
116 408
116 417
116 425
116 474
116 492
116 580
117 118
117 157
117 171
117 188
117 191
117 192
117 194
117 196
117 197
117 198
117 202
117 204
117 211
117 212
117 214
117 215
117 221
117 222
117 223
117 274
117 393
117 394
117 397
117 411
117 474
117 495
117 503
117 505
117 516
117 533
118 147
118 348
118 353
119 121
119 123
119 184
119 187
119 188
119 189
119 194
119 195
119 196
119 202
119 203
119 204
119 223
119 224
119 225
119 282
119 290
119 321
119 322
119 384
119 389
119 390
119 391
119 392
119 393
119 395
119 396
119 397
119 398
119 399
119 401
119 408
119 411
119 417
119 445
119 487
119 497
119 580
119 586
120 121
120 302
120 303
120 304
120 305
120 308
120 317
120 319
120 320
120 321
120 322
120 323
120 324
120 334
120 336
120 389
120 390
120 391
120 395
120 398
120 400
120 401
120 413
121 125
121 204
121 303
121 321
121 322
121 331
121 336
121 389
121 390
121 392
121 395
121 400
121 401
121 413
122 123
122 125
122 198
122 204
122 425
123 125
123 131
123 201
123 204
123 262
123 384
123 396
123 408
123 415
123 416
123 425
123 497
123 504
123 580
124 409
125 147
125 204
125 396
125 408
125 413
125 415
125 416
126 129
126 130
126 137
126 138
126 139
126 140
126 141
126 150
126 152
126 338
126 339
126 354
126 355
126 357
126 358
126 371
126 375
126 379
126 380
126 382
126 406
126 419
126 422
126 433
126 440
126 446
126 448
127 298
127 372
127 375
127 420
127 421
127 422
127 423
127 430
127 433
127 434
127 450
128 131
128 435
128 459
128 510
128 541
129 130
129 132
129 137
129 138
129 139
129 140
129 144
129 149
129 152
129 298
129 337
129 338
129 339
129 340
129 341
129 344
129 348
129 353
129 354
129 355
129 356
129 357
129 358
129 362
129 368
129 371
129 372
129 375
129 377
129 403
129 404
129 406
129 410
129 419
129 420
129 421
129 422
129 423
129 424
129 430
129 431
129 433
129 434
129 440
129 444
129 446
129 450
129 451
130 132
130 137
130 138
130 139
130 140
130 141
130 150
130 152
130 199
130 339
130 354
130 355
130 358
130 372
130 373
130 379
130 403
130 406
130 419
130 421
130 422
130 425
130 430
130 431
130 433
130 440
130 444
130 446
130 448
131 132
131 137
131 138
131 140
131 150
131 190
131 199
131 298
131 353
131 354
131 415
131 416
131 418
131 419
131 420
131 424
131 425
131 430
131 435
131 440
131 446
131 450
131 451
131 459
131 490
131 501
131 510
132 137
132 138
132 139
132 140
132 149
132 348
132 355
132 358
132 372
132 376
132 403
132 410
132 418
132 420
132 421
132 422
132 423
132 428
132 440
132 444
133 428
134 136
134 138
134 140
134 148
134 149
134 162
134 374
134 376
134 428
134 432
135 205
135 241
135 291
135 322
135 325
135 365
136 158
136 198
136 501
137 138
137 139
137 140
137 149
137 198
137 201
137 298
137 344
137 353
137 354
137 355
137 358
137 372
137 373
137 375
137 376
137 377
137 403
137 406
137 407
137 410
137 419
137 420
137 421
137 422
137 423
137 425
137 430
137 431
137 433
137 440
137 444
138 139
138 140
138 149
138 150
138 152
138 339
138 341
138 348
138 353
138 354
138 355
138 357
138 358
138 362
138 368
138 371
138 372
138 373
138 374
138 375
138 379
138 403
138 419
138 420
138 421
138 422
138 423
138 424
138 430
138 431
138 433
138 434
138 440
138 444
138 446
138 448
139 140
139 141
139 144
139 150
139 152
139 338
139 339
139 341
139 348
139 353
139 354
139 355
139 357
139 358
139 362
139 371
139 372
139 373
139 374
139 375
139 379
139 382
139 403
139 406
139 419
139 420
139 421
139 422
139 423
139 424
139 430
139 431
139 433
139 434
139 440
139 444
139 446
139 448
139 450
139 451
140 141
140 144
140 149
140 150
140 152
140 199
140 338
140 339
140 341
140 348
140 353
140 354
140 355
140 356
140 357
140 358
140 362
140 371
140 372
140 373
140 374
140 375
140 379
140 403
140 419
140 420
140 421
140 422
140 423
140 424
140 430
140 431
140 432
140 433
140 434
140 435
140 436
140 440
140 444
140 446
140 448
140 450
140 451
140 462
140 510
141 150
141 151
141 152
141 161
141 199
141 339
141 354
141 374
141 379
141 419
141 430
141 434
141 436
141 446
141 448
142 435
143 189
143 196
143 224
143 225
143 244
143 246
143 283
143 286
143 290
143 399
143 443
143 445
143 467
143 489
143 497
143 529
143 581
143 583
143 584
144 152
144 341
144 348
144 351
144 355
144 358
144 363
144 403
144 418
144 421
144 422
144 423
144 424
144 444
144 510
145 146
145 412
145 414
145 418
145 439
145 443
146 351
146 412
146 413
146 418
146 447
147 190
148 149
148 150
148 161
148 163
148 432
148 437
148 462
149 150
149 341
149 354
149 355
149 358
149 371
149 372
149 373
149 374
149 375
149 376
149 377
149 403
149 422
149 428
149 430
149 431
149 433
149 434
149 437
149 440
149 444
149 446
150 152
150 199
150 339
150 354
150 355
150 358
150 374
150 379
150 419
150 422
150 430
150 431
150 432
150 433
150 434
150 435
150 437
150 440
150 444
150 446
150 448
150 450
151 152
151 272
152 199
152 338
152 339
152 341
152 354
152 355
152 356
152 357
152 358
152 362
152 374
152 379
152 382
152 421
152 422
152 423
152 424
152 430
152 431
152 433
152 434
152 436
152 440
152 444
152 446
152 448
152 450
152 451
153 545
153 552
154 157
154 190
154 191
154 442
154 514
155 161
155 163
155 208
155 243
155 250
155 254
155 261
155 264
155 265
155 268
155 270
155 271
155 277
155 281
155 452
155 454
155 463
155 464
155 545
155 560
155 570
155 576
156 543
157 191
157 194
157 196
157 197
157 202
157 212
157 274
157 394
157 467
157 519
158 159
159 160
159 473
160 200
160 203
160 456
160 458
160 474
161 163
161 164
161 432
161 452
161 454
161 460
161 464
161 466
163 250
163 253
163 254
163 268
163 275
163 277
163 432
163 437
163 462
163 464
163 466
163 563
163 570
164 219
164 281
164 460
164 464
165 267
165 273
165 278
165 281
165 577
166 169
166 174
166 179
166 217
166 249
166 251
166 470
166 471
166 472
166 475
166 476
166 483
167 171
167 175
167 177
167 179
167 187
167 192
167 202
167 203
167 207
167 214
167 218
167 251
167 276
167 470
167 471
167 473
167 474
167 483
168 269
169 170
169 174
169 213
169 217
169 243
169 249
169 265
169 267
169 476
169 477
170 172
170 178
170 183
170 238
170 239
170 243
170 247
170 248
170 250
170 252
170 255
170 258
170 260
170 265
170 266
170 269
170 270
170 278
170 293
170 476
170 478
170 488
170 548
170 561
170 566
170 568
170 569
170 591
170 593
171 174
171 179
171 191
171 192
171 194
171 196
171 202
171 206
171 207
171 211
171 212
171 214
171 215
171 217
171 218
171 251
171 274
171 393
171 483
171 485
171 495
171 507
171 508
171 516
172 183
172 236
172 239
172 247
172 248
172 250
172 252
172 254
172 255
172 258
172 260
172 266
172 269
172 475
172 478
172 556
172 558
172 561
172 568
172 588
174 181
174 217
174 249
174 251
174 477
174 526
175 177
175 179
175 480
175 482
175 483
176 182
176 191
176 192
176 196
176 202
176 223
176 274
176 483
177 179
177 482
177 483
177 484
178 183
178 255
178 258
178 260
178 265
178 270
178 271
178 278
178 566
178 590
179 207
179 211
179 251
179 289
179 480
179 483
180 185
180 377
180 380
180 419
180 484
181 485
182 211
182 215
182 493
182 495
183 248
183 250
183 252
183 255
183 258
183 260
183 266
183 268
183 269
183 270
183 271
183 277
183 278
183 558
183 561
183 568
183 576
184 187
184 189
184 249
184 282
184 283
184 285
184 289
184 290
184 291
184 301
184 302
184 303
184 322
184 384
184 389
184 390
184 391
184 395
184 399
184 401
184 487
184 523
184 586
186 257
186 275
187 188
187 189
187 192
187 195
187 196
187 201
187 202
187 203
187 204
187 207
187 223
187 283
187 289
187 383
187 384
187 393
187 395
187 474
187 487
187 537
187 586
188 189
188 194
188 196
188 201
188 204
188 295
188 384
188 385
188 393
188 394
188 395
188 396
188 399
188 402
188 408
188 474
188 580
188 586
189 192
189 194
189 195
189 196
189 202
189 203
189 204
189 214
189 223
189 224
189 225
189 230
189 244
189 282
189 283
189 286
189 289
189 290
189 291
189 321
189 322
189 384
189 389
189 390
189 391
189 392
189 393
189 394
189 395
189 397
189 398
189 399
189 401
189 417
189 445
189 487
189 489
189 497
189 498
189 529
189 537
189 546
189 580
189 583
189 584
189 586
190 510
191 192
191 193
191 194
191 196
191 197
191 202
191 210
191 212
191 214
191 215
191 274
191 393
191 394
191 493
191 494
191 495
191 496
191 498
191 505
191 516
191 517
192 194
192 196
192 202
192 206
192 207
192 211
192 212
192 214
192 215
192 217
192 218
192 221
192 222
192 223
192 224
192 274
192 289
192 393
192 394
192 474
192 495
192 505
192 516
192 533
193 194
193 211
193 212
193 215
193 222
193 231
193 274
193 493
193 495
194 196
194 197
194 202
194 204
194 212
194 214
194 223
194 224
194 393
194 394
194 395
194 396
194 397
194 399
194 411
194 417
194 495
194 496
194 498
194 505
194 516
195 196
195 200
195 202
195 203
195 214
195 224
195 225
195 228
195 244
195 245
195 282
195 283
195 286
195 290
195 384
195 390
195 391
195 394
195 395
195 398
195 399
195 417
195 445
195 474
195 489
195 497
195 498
195 505
195 519
195 529
195 537
195 580
195 581
195 584
196 197
196 202
196 203
196 204
196 207
196 211
196 214
196 223
196 224
196 225
196 230
196 244
196 282
196 283
196 289
196 290
196 384
196 391
196 393
196 394
196 395
196 397
196 399
196 417
196 467
196 474
196 489
196 495
196 497
196 498
196 505
196 516
196 519
196 580
196 586
197 202
197 212
197 214
197 216
197 218
197 274
197 394
197 465
197 503
197 505
197 516
197 519
197 527
198 202
198 203
198 204
198 383
198 501
198 503
199 339
199 379
199 435
199 436
199 446
199 448
199 490
199 510
200 202
200 203
200 214
200 230
201 203
201 204
201 298
201 380
201 384
201 385
201 404
201 406
201 419
201 491
201 504
201 506
202 203
202 204
202 207
202 211
202 212
202 214
202 215
202 218
202 223
202 224
202 274
202 383
202 393
202 394
202 395
202 397
202 474
202 495
202 503
202 505
202 516
202 527
203 204
203 214
203 283
203 290
203 384
203 390
203 395
203 398
203 474
203 497
203 504
203 586
204 384
204 389
204 393
204 395
204 396
204 398
204 401
204 408
204 425
204 474
204 492
206 207
206 211
206 213
206 215
206 216
206 217
206 218
206 231
206 251
206 256
206 259
206 267
206 276
206 493
206 495
206 507
206 508
206 567
207 211
207 214
207 215
207 251
207 276
207 289
207 393
207 483
207 495
208 209
208 210
208 213
208 233
208 243
208 254
208 256
208 260
208 261
208 264
208 265
208 268
208 270
208 271
208 273
208 278
208 281
208 512
208 513
208 518
208 542
208 552
208 560
208 564
208 567
208 574
208 592
208 593
209 210
209 211
209 212
209 213
209 216
209 231
209 233
209 234
209 239
209 243
209 256
209 259
209 264
209 265
209 267
209 271
209 273
209 281
209 493
209 511
209 513
209 517
209 518
209 520
209 524
209 542
209 552
209 555
209 564
209 567
209 571
209 574
209 593
210 212
210 494
210 512
210 513
210 514
211 212
211 213
211 214
211 215
211 216
211 217
211 218
211 222
211 229
211 230
211 231
211 241
211 251
211 256
211 259
211 267
211 273
211 274
211 493
211 495
211 498
211 507
211 508
211 509
211 511
211 516
211 517
211 520
211 551
211 553
211 564
211 567
212 214
212 215
212 216
212 217
212 218
212 221
212 222
212 231
212 241
212 267
212 273
212 274
212 394
212 493
212 495
212 508
212 509
212 511
212 516
212 517
212 527
212 533
212 553
213 216
213 217
213 229
213 231
213 234
213 238
213 239
213 243
213 255
213 256
213 258
213 259
213 260
213 265
213 266
213 267
213 269
213 270
213 271
213 273
213 278
213 281
213 511
213 538
213 542
213 564
213 567
213 571
213 574
213 593
214 215
214 216
214 218
214 224
214 230
214 274
214 383
214 393
214 394
214 489
214 495
214 498
214 503
214 505
214 516
214 527
215 216
215 217
215 218
215 222
215 231
215 274
215 393
215 394
215 493
215 495
215 503
215 505
215 516
215 517
215 527
215 553
216 217
216 218
216 219
216 231
216 241
216 256
216 259
216 265
216 267
216 273
216 274
216 281
216 493
216 508
216 517
216 518
216 524
216 525
216 542
216 564
216 567
217 218
217 222
217 231
217 241
217 251
217 256
217 259
217 267
217 273
217 274
217 477
217 493
217 507
217 508
217 517
217 526
217 553
217 564
218 221
218 222
218 231
218 259
218 267
218 273
218 274
218 493
218 495
218 508
218 511
218 527
218 533
218 553
219 267
219 273
219 281
219 464
220 221
220 237
220 240
220 285
220 286
220 287
220 332
220 335
220 533
220 551
220 553
221 222
221 223
221 226
221 392
221 397
221 530
221 533
221 536
221 553
222 223
222 231
222 240
222 274
222 393
222 394
222 397
222 493
222 495
222 511
222 532
222 533
222 536
222 551
222 553
223 224
223 225
223 226
223 289
223 391
223 392
223 393
223 394
223 395
223 397
223 399
223 401
223 411
223 489
223 529
223 530
223 532
223 533
223 537
223 553
224 225
224 228
224 230
224 244
224 245
224 282
224 283
224 286
224 290
224 291
224 384
224 390
224 391
224 393
224 394
224 395
224 397
224 398
224 399
224 401
224 411
224 417
224 445
224 467
224 487
224 489
224 497
224 498
224 519
224 529
224 532
224 534
224 537
224 546
224 549
224 580
224 581
224 583
224 584
224 586
225 228
225 244
225 245
225 246
225 262
225 282
225 283
225 286
225 287
225 290
225 390
225 391
225 399
225 401
225 412
225 417
225 443
225 445
225 467
225 487
225 489
225 497
225 498
225 519
225 529
225 532
225 534
225 549
225 579
225 580
225 581
225 583
225 584
226 227
226 529
226 532
226 536
226 546
226 549
227 536
228 230
228 236
228 244
228 245
228 246
228 262
228 263
228 282
228 283
228 286
228 290
228 387
228 391
228 445
228 489
228 497
228 502
228 529
228 539
228 540
228 546
228 547
228 549
228 573
228 579
228 581
228 583
228 584
228 586
228 588
228 595
228 597
229 230
229 234
229 235
229 236
229 237
229 238
229 239
229 240
229 241
229 244
229 245
229 247
229 251
229 267
229 269
229 283
229 285
229 286
229 291
229 475
229 489
229 511
229 520
229 540
229 547
229 571
229 573
229 581
230 234
230 236
230 237
230 238
230 239
230 240
230 241
230 244
230 245
230 263
230 283
230 286
230 291
230 453
230 489
230 498
230 511
230 520
230 521
230 532
230 540
230 547
230 549
230 551
230 553
230 555
230 573
230 581
230 583
230 584
231 243
231 256
231 259
231 265
231 266
231 267
231 273
231 274
231 281
231 493
231 507
231 508
231 511
231 513
231 517
231 518
231 524
231 542
231 564
231 567
231 571
232 233
232 236
232 238
232 239
232 240
232 241
232 243
232 247
232 248
232 269
232 478
232 540
232 544
232 548
232 550
232 551
232 555
232 556
232 561
233 236
233 238
233 239
233 243
233 246
233 247
233 248
233 250
233 254
233 260
233 263
233 264
233 269
233 463
233 478
233 528
233 540
233 547
233 548
233 550
233 556
233 558
233 561
233 571
233 588
233 589
233 593
234 236
234 238
234 239
234 240
234 241
234 244
234 245
234 247
234 256
234 263
234 269
234 291
234 489
234 498
234 511
234 520
234 521
234 540
234 567
234 571
234 573
234 581
235 236
235 239
235 241
235 247
235 251
235 285
235 475
236 238
236 239
236 240
236 244
236 245
236 247
236 248
236 263
236 269
236 285
236 286
236 291
236 478
236 540
236 547
236 548
236 549
236 556
236 561
236 571
236 573
236 581
236 583
236 584
236 588
236 591
237 240
237 244
237 283
237 285
237 286
237 287
237 289
237 489
237 529
237 546
237 549
237 581
237 583
237 584
237 586
238 239
238 240
238 241
238 243
238 245
238 247
238 248
238 258
238 260
238 263
238 269
238 286
238 291
238 478
238 520
238 540
238 547
238 548
238 549
238 555
238 556
238 561
238 571
238 573
238 581
238 583
238 588
238 593
239 240
239 241
239 243
239 247
239 248
239 258
239 260
239 263
239 265
239 266
239 267
239 269
239 291
239 475
239 476
239 478
239 520
239 540
239 547
239 548
239 550
239 551
239 555
239 556
239 558
239 561
239 564
239 566
239 568
239 571
239 573
239 581
239 588
239 589
239 591
239 593
240 241
240 244
240 245
240 247
240 285
240 286
240 291
240 453
240 475
240 478
240 489
240 511
240 520
240 532
240 540
240 547
240 548
240 549
240 551
240 553
240 555
240 556
240 564
240 571
240 573
240 581
240 583
240 584
240 588
241 244
241 251
241 267
241 291
241 508
241 551
241 555
242 261
242 280
242 293
242 307
242 590
243 254
243 255
243 256
243 258
243 260
243 261
243 264
243 265
243 266
243 267
243 268
243 269
243 270
243 271
243 273
243 278
243 281
243 538
243 542
243 548
243 550
243 564
243 566
243 571
243 574
243 577
243 593
244 245
244 246
244 263
244 282
244 283
244 285
244 286
244 289
244 290
244 291
244 391
244 399
244 445
244 453
244 467
244 489
244 498
244 511
244 519
244 521
244 529
244 534
244 540
244 546
244 547
244 549
244 551
244 555
244 581
244 583
244 584
245 246
245 247
245 263
245 283
245 286
245 387
245 391
245 399
245 453
245 467
245 489
245 498
245 511
245 520
245 521
245 529
245 532
245 534
245 540
245 546
245 547
245 549
245 556
245 571
245 573
245 581
245 583
245 584
245 588
246 263
246 387
246 521
246 534
246 539
246 540
246 547
246 581
246 583
246 584
246 588
246 594
246 595
246 597
247 248
247 252
247 254
247 260
247 263
247 269
247 475
247 478
247 540
247 547
247 548
247 556
247 558
247 561
247 568
247 573
247 581
247 588
247 591
248 250
248 252
248 254
248 258
248 260
248 269
248 478
248 548
248 556
248 558
248 561
248 593
249 251
249 291
249 303
249 306
249 319
249 320
249 321
249 322
249 336
249 391
249 476
250 252
250 253
250 254
250 258
250 260
250 268
250 269
250 270
250 271
250 277
250 478
250 558
250 560
250 561
250 569
250 570
250 576
251 276
251 289
251 291
251 471
252 254
252 255
252 258
252 260
252 264
252 265
252 266
252 268
252 269
252 270
252 271
252 277
252 278
252 558
252 560
252 561
252 568
252 569
252 570
252 576
253 277
253 437
253 561
253 570
253 576
254 258
254 260
254 266
254 268
254 269
254 270
254 271
254 275
254 277
254 278
254 463
254 558
254 561
254 570
254 576
254 577
255 256
255 258
255 260
255 265
255 266
255 268
255 269
255 270
255 271
255 272
255 278
255 281
255 293
255 574
255 590
256 258
256 259
256 265
256 266
256 267
256 269
256 270
256 271
256 273
256 281
256 493
256 508
256 513
256 517
256 520
256 542
256 564
256 567
256 574
258 260
258 264
258 265
258 266
258 267
258 268
258 269
258 270
258 271
258 278
258 281
258 561
258 564
258 568
258 574
258 593
259 265
259 266
259 267
259 271
259 273
259 281
259 493
259 564
260 264
260 265
260 266
260 268
260 269
260 270
260 271
260 272
260 278
260 558
260 561
260 566
260 568
260 570
260 574
260 576
260 590
260 593
261 264
261 279
261 280
261 281
261 590
261 592
261 593
262 282
262 290
262 297
262 298
262 299
262 300
262 301
262 384
262 385
262 386
262 387
262 390
262 398
262 445
262 487
262 497
262 502
262 504
262 529
262 579
262 584
263 286
263 387
263 489
263 529
263 540
263 547
263 549
263 556
263 581
263 583
263 584
263 588
263 595
263 597
264 265
264 268
264 270
264 271
264 272
264 278
264 281
264 463
264 518
264 528
264 538
264 542
264 550
264 552
264 560
264 564
264 570
264 571
264 572
264 574
264 577
264 578
264 590
264 593
265 266
265 267
265 268
265 269
265 270
265 271
265 273
265 278
265 281
265 513
265 538
265 542
265 564
265 567
265 571
265 574
265 590
265 593
266 267
266 268
266 269
266 270
266 271
266 273
266 278
266 281
266 564
266 574
266 577
267 269
267 270
267 271
267 273
267 274
267 278
267 281
267 508
267 511
267 542
267 564
268 269
268 270
268 271
268 272
268 277
268 278
268 279
268 281
268 560
268 561
268 570
268 574
268 576
268 577
269 270
269 271
269 278
269 478
269 556
269 558
269 561
269 571
269 573
269 574
269 593
270 271
270 272
270 277
270 278
270 281
270 561
270 574
270 576
271 272
271 273
271 277
271 278
271 281
271 564
271 574
271 593
272 277
272 278
272 279
272 281
272 570
272 574
273 278
273 281
273 493
273 513
273 517
273 518
273 524
273 525
273 542
273 564
273 574
274 394
274 474
274 493
274 495
274 503
274 516
274 517
274 527
274 533
274 565
275 575
277 278
277 281
277 466
277 560
277 570
277 576
277 577
278 279
278 280
278 281
278 528
278 574
278 576
278 577
278 590
278 593
279 280
279 281
280 281
280 578
280 590
280 592
281 524
281 574
281 577
281 590
282 283
282 289
282 290
282 301
282 317
282 321
282 327
282 384
282 387
282 389
282 390
282 391
282 395
282 398
282 399
282 401
282 445
282 487
282 489
282 497
282 502
282 529
282 546
282 579
282 583
282 584
282 586
283 286
283 289
283 290
283 291
283 384
283 390
283 391
283 395
283 399
283 445
283 487
283 489
283 497
283 529
283 537
283 546
283 547
283 549
283 562
283 581
283 583
283 584
283 586
284 285
284 286
284 291
284 324
284 329
284 330
284 332
284 333
284 582
284 583
285 286
285 287
285 291
285 322
285 329
285 330
285 332
285 581
285 582
285 583
285 584
286 287
286 290
286 291
286 292
286 391
286 399
286 445
286 489
286 529
286 540
286 546
286 547
286 549
286 551
286 581
286 583
286 584
286 586
287 332
287 333
287 335
287 412
287 443
287 445
287 529
287 582
287 583
287 584
288 289
288 480
288 585
289 395
289 399
289 487
289 489
289 586
290 292
290 301
290 302
290 317
290 321
290 322
290 327
290 384
290 389
290 390
290 391
290 395
290 398
290 399
290 400
290 443
290 445
290 487
290 489
290 497
290 502
290 529
290 537
290 547
290 579
290 580
290 581
290 583
290 584
290 586
291 292
291 391
291 489
291 551
291 581
291 583
291 584
293 294
295 402
296 297
296 300
296 459
296 541
296 596
297 298
297 300
297 387
297 595
297 597
297 598
298 299
298 300
298 337
298 340
298 344
298 371
298 372
298 375
298 403
298 404
298 405
298 406
298 410
298 419
298 420
298 421
298 423
298 424
298 440
298 450
299 300
299 386
299 415
299 420
299 459
299 502
299 539
299 596
299 598
299 600
300 435
300 459
300 541
300 595
300 596
300 598
300 600
301 302
301 303
301 304
301 305
301 306
301 308
301 312
301 314
301 315
301 317
301 319
301 321
301 386
301 389
301 390
301 391
301 398
301 400
301 487
301 497
301 502
301 579
302 303
302 304
302 305
302 308
302 317
302 320
302 321
302 322
302 323
302 324
302 326
302 331
302 389
302 390
302 391
302 395
302 398
302 400
302 401
302 445
302 487
303 304
303 305
303 306
303 308
303 312
303 317
303 318
303 319
303 320
303 321
303 322
303 323
303 324
303 325
303 326
303 331
303 334
303 336
303 389
303 390
303 391
303 398
303 400
303 401
304 305
304 308
304 312
304 317
304 319
304 320
304 321
304 322
304 323
304 324
304 325
304 326
304 327
304 331
304 334
304 389
304 390
304 391
304 398
304 400
304 401
304 487
305 308
305 312
305 317
305 319
305 320
305 321
305 322
305 323
305 324
305 325
305 326
305 327
305 331
305 334
305 389
305 390
305 391
305 398
305 400
305 401
305 445
305 487
306 308
306 309
306 310
306 312
306 319
308 312
308 315
308 317
308 319
308 320
308 321
308 322
308 323
308 324
308 326
308 331
308 389
308 390
308 391
308 398
308 400
311 557
312 315
312 317
312 318
312 319
312 326
314 319
314 389
315 316
315 317
315 318
315 319
315 400
317 319
317 320
317 321
317 322
317 323
317 326
317 327
317 386
317 389
317 390
317 391
317 398
317 400
317 579
318 319
318 331
319 320
319 321
319 326
319 331
319 336
319 389
319 390
319 398
319 400
320 321
320 322
320 323
320 324
320 326
320 331
320 334
320 336
320 389
320 390
320 391
320 398
320 400
321 322
321 323
321 324
321 325
321 326
321 327
321 334
321 336
321 389
321 390
321 391
321 392
321 395
321 398
321 400
321 401
321 413
321 445
321 487
322 323
322 324
322 325
322 326
322 331
322 334
322 389
322 390
322 391
322 395
322 398
322 400
322 401
322 413
322 445
322 487
323 324
323 325
323 326
323 327
323 334
323 336
323 389
323 390
323 391
323 395
323 398
323 400
323 401
323 445
324 325
324 326
324 327
324 329
324 331
324 334
324 336
324 389
324 390
324 391
324 398
324 400
324 401
324 445
324 582
325 334
325 391
325 568
326 331
326 400
327 390
327 398
327 400
327 445
327 497
327 502
327 579
328 329
328 330
328 332
328 333
328 335
328 361
328 382
328 414
328 582
329 330
329 332
329 333
329 334
329 335
329 413
329 582
330 332
330 333
330 334
330 335
330 413
330 414
330 582
331 334
331 400
332 333
332 335
332 582
333 334
333 335
333 582
334 335
334 336
334 390
334 391
334 398
334 400
335 336
335 413
336 389
336 390
336 391
336 392
336 401
337 338
337 340
337 344
337 371
337 380
337 404
337 405
337 406
338 339
338 341
338 354
338 355
338 356
338 362
338 371
338 377
338 379
338 380
338 381
338 382
338 405
338 406
338 419
338 440
338 446
338 448
339 341
339 354
339 355
339 356
339 358
339 379
339 382
339 419
339 422
339 430
339 431
339 433
339 434
339 436
339 440
339 444
339 446
339 448
339 450
339 451
340 342
340 344
340 404
340 406
340 407
340 409
340 419
340 425
340 451
340 492
341 344
341 348
341 351
341 353
341 354
341 355
341 356
341 357
341 358
341 359
341 362
341 363
341 372
341 374
341 375
341 409
341 410
341 418
341 420
341 421
341 422
341 423
341 424
341 431
341 433
341 434
341 440
341 444
341 446
341 450
342 343
342 346
343 346
343 347
343 349
344 348
344 353
344 354
344 357
344 358
344 362
344 403
344 404
344 406
344 409
344 410
344 423
345 358
346 349
348 351
348 353
348 354
348 355
348 357
348 358
348 359
348 362
348 363
348 403
348 409
348 410
348 414
348 418
348 421
348 422
348 423
348 424
348 440
348 444
348 450
348 510
349 356
350 409
351 358
351 359
351 412
351 414
351 418
351 421
351 423
351 424
351 438
351 439
351 440
351 444
351 447
351 510
352 360
353 354
353 355
353 357
353 358
353 359
353 362
353 363
353 372
353 375
353 403
353 410
353 418
353 420
353 421
353 422
353 423
353 424
353 430
353 431
353 433
353 440
353 444
353 450
353 510
354 355
354 356
354 357
354 358
354 362
354 371
354 372
354 375
354 377
354 379
354 382
354 403
354 404
354 406
354 419
354 420
354 421
354 422
354 423
354 424
354 430
354 431
354 433
354 440
354 444
354 446
354 448
354 450
354 451
354 491
355 356
355 357
355 358
355 362
355 363
355 372
355 375
355 377
355 379
355 382
355 403
355 404
355 406
355 419
355 420
355 421
355 422
355 423
355 424
355 430
355 431
355 433
355 440
355 444
355 446
355 448
355 450
355 451
356 357
356 358
356 362
356 404
356 440
357 358
357 362
357 375
357 410
357 418
357 421
357 422
357 423
357 424
357 440
357 444
357 450
358 359
358 362
358 363
358 372
358 375
358 382
358 403
358 404
358 406
358 410
358 418
358 420
358 421
358 422
358 423
358 424
358 431
358 433
358 440
358 444
358 446
358 450
358 451
358 510
359 361
359 363
359 412
359 414
359 418
359 421
359 423
359 424
359 439
361 363
361 414
362 363
362 404
362 420
362 421
362 423
362 424
362 440
362 444
362 450
363 421
363 423
363 424
363 440
364 576
365 370
366 429
367 373
368 370
368 372
368 375
368 421
368 422
368 431
368 440
368 444
369 371
371 372
371 374
371 375
371 377
371 379
371 380
371 406
371 419
371 420
371 421
371 422
371 423
371 430
371 431
371 433
371 434
371 440
372 375
372 404
372 406
372 419
372 420
372 421
372 422
372 423
372 424
372 430
372 431
372 433
372 434
372 440
372 444
372 450
373 374
373 376
373 403
373 422
373 431
373 440
374 376
374 379
374 422
374 423
374 428
374 430
374 431
374 432
374 433
374 434
374 436
374 437
374 440
374 444
374 446
374 448
374 461
374 462
374 466
374 510
375 377
375 379
375 406
375 419
375 420
375 421
375 422
375 423
375 430
375 431
375 433
375 434
375 435
375 440
375 450
376 403
376 422
377 378
377 380
377 381
377 382
377 405
377 440
378 380
378 381
378 405
379 419
379 422
379 425
379 430
379 431
379 433
379 434
379 435
379 436
379 440
379 446
379 448
379 450
379 451
380 381
380 382
380 405
380 406
381 382
381 405
382 403
382 422
382 440
384 385
384 389
384 390
384 391
384 393
384 395
384 396
384 398
384 399
384 400
384 401
384 408
384 474
384 487
384 497
384 504
384 505
384 523
384 537
384 580
384 586
385 402
385 404
385 406
385 407
385 487
386 387
386 502
386 539
386 579
386 600
387 502
387 529
387 534
387 539
387 540
387 547
387 556
387 579
387 584
387 588
387 595
387 597
388 389
388 398
389 390
389 391
389 392
389 395
389 398
389 399
389 400
389 401
389 417
389 445
389 487
389 497
389 580
389 586
390 391
390 392
390 395
390 398
390 399
390 400
390 401
390 445
390 487
390 497
390 502
390 529
390 579
390 583
390 584
390 586
391 392
391 395
391 397
391 398
391 399
391 400
391 401
391 417
391 445
391 487
391 489
391 497
391 529
391 534
391 546
391 549
391 579
391 583
391 584
391 586
392 395
392 397
392 398
392 399
392 401
392 487
392 530
392 533
393 394
393 395
393 397
393 399
393 402
393 474
393 489
393 495
393 498
393 505
393 516
393 532
393 533
394 395
394 397
394 399
394 411
394 467
394 474
394 489
394 495
394 496
394 498
394 503
394 505
394 516
394 519
394 527
394 532
394 533
395 397
395 398
395 399
395 400
395 401
395 411
395 445
395 474
395 487
395 489
395 497
395 505
395 537
395 586
396 401
396 402
396 408
396 411
396 416
396 417
396 425
396 451
396 490
396 491
396 492
396 494
396 497
396 501
396 504
396 580
397 399
397 401
397 411
397 530
397 532
397 533
397 553
398 399
398 400
398 401
398 445
398 487
398 497
398 502
398 504
398 579
398 584
398 586
399 401
399 411
399 417
399 445
399 467
399 487
399 489
399 497
399 498
399 529
399 532
399 533
399 534
399 546
399 549
399 580
399 584
399 586
400 401
400 445
401 408
401 413
401 417
401 445
401 487
401 497
401 580
401 586
402 498
403 406
403 407
403 410
403 418
403 421
403 422
403 423
403 440
403 444
404 406
404 407
404 410
404 419
404 420
404 421
404 423
404 424
404 450
404 451
404 491
404 492
405 406
406 407
406 408
406 410
406 419
406 420
406 421
406 422
406 423
406 424
406 425
406 433
406 450
406 451
406 491
406 492
406 504
407 409
407 410
407 416
408 416
408 417
408 425
408 491
408 492
408 501
409 410
409 444
410 418
410 421
410 422
410 423
410 424
410 440
410 444
411 532
411 533
412 413
412 414
412 417
412 418
412 439
412 441
412 443
412 445
412 447
412 534
413 414
413 416
413 417
413 418
413 445
413 447
414 418
414 439
414 447
415 416
415 419
415 425
415 435
415 441
415 446
415 449
415 504
416 418
416 441
416 491
417 445
417 467
417 497
417 498
417 580
418 421
418 422
418 423
418 424
418 439
418 440
418 444
418 447
418 450
418 510
419 420
419 421
419 422
419 424
419 425
419 430
419 431
419 433
419 435
419 440
419 446
419 448
419 450
419 451
419 491
419 492
420 421
420 422
420 423
420 424
420 430
420 431
420 433
420 435
420 440
420 450
420 451
420 491
420 599
421 422
421 423
421 424
421 430
421 431
421 433
421 434
421 440
421 444
421 446
421 450
422 423
422 424
422 430
422 431
422 433
422 434
422 440
422 444
422 446
422 450
422 510
423 424
423 429
423 431
423 433
423 440
423 444
423 450
423 510
424 440
424 444
424 450
424 451
424 491
424 510
425 451
425 490
425 491
425 492
425 501
428 429
428 432
428 462
430 431
430 432
430 433
430 434
430 435
430 436
430 437
430 440
430 446
430 448
430 450
430 451
430 462
430 490
430 501
430 510
431 433
431 434
431 435
431 436
431 440
431 444
431 446
431 448
431 450
431 510
432 434
432 437
432 446
432 462
433 434
433 440
433 444
433 446
433 448
433 450
434 435
434 436
434 437
434 440
434 444
434 446
434 448
434 450
434 461
434 462
434 466
434 510
435 436
435 437
435 446
435 449
435 450
435 451
435 459
435 461
435 490
435 510
435 514
435 541
435 596
436 437
436 444
436 446
436 448
436 450
436 466
437 446
437 448
437 449
437 461
437 462
437 466
438 441
439 510
439 541
440 444
440 446
440 448
440 450
442 455
442 460
442 515
443 445
443 447
443 497
443 529
443 584
444 446
444 448
444 450
444 510
445 487
445 489
445 497
445 529
445 534
445 579
445 581
445 583
445 584
445 586
446 448
446 450
446 451
446 462
448 450
448 451
448 466
449 461
449 541
449 545
449 596
450 451
450 490
450 491
450 510
450 599
451 490
451 491
451 492
451 501
451 510
452 454
452 460
452 461
452 464
452 466
452 512
452 543
452 545
452 560
453 489
453 511
453 518
453 519
453 520
453 521
453 525
453 527
453 532
453 540
453 547
453 549
453 551
453 553
453 555
453 556
453 562
453 571
453 573
453 581
454 460
454 461
454 464
454 466
454 512
454 514
454 545
454 560
455 462
455 543
455 575
456 458
456 502
456 504
457 468
457 481
457 488
457 500
457 569
457 570
457 578
457 596
458 465
458 499
458 519
458 527
459 461
459 510
459 596
460 514
460 515
460 517
461 462
461 466
461 510
461 512
461 541
461 545
461 592
463 528
463 558
463 560
463 561
463 570
463 572
463 574
463 575
463 576
463 577
463 578
465 503
465 524
465 525
465 527
466 481
466 545
466 570
467 489
467 498
467 519
467 520
467 521
467 532
467 534
467 540
467 544
467 549
467 581
467 584
467 594
468 488
468 531
468 545
468 560
468 569
468 570
468 572
469 575
470 471
470 483
471 475
473 474
473 523
473 527
474 495
474 503
474 505
474 516
474 523
474 527
474 587
475 478
475 557
475 573
476 566
476 568
478 540
478 547
478 548
478 550
478 555
478 556
478 558
478 561
478 568
478 571
478 573
478 581
478 588
478 589
478 591
479 559
482 483
482 484
484 486
485 507
485 508
485 567
487 529
487 579
487 583
487 584
487 586
488 500
488 548
488 556
488 558
488 561
488 566
488 569
488 572
488 588
488 591
488 593
489 497
489 498
489 511
489 519
489 520
489 521
489 529
489 532
489 534
489 540
489 546
489 547
489 549
489 551
489 553
489 555
489 581
489 583
489 584
489 586
489 594
490 492
490 494
490 501
490 510
490 514
491 492
492 501
493 495
493 508
493 511
493 513
493 516
493 517
493 518
493 520
493 524
493 542
493 553
493 564
494 496
494 514
494 515
495 498
495 503
495 505
495 508
495 509
495 511
495 516
495 517
495 519
495 520
495 527
495 532
495 533
495 553
496 514
497 502
497 504
497 519
497 529
497 579
497 580
497 584
497 586
498 505
498 508
498 509
498 511
498 516
498 519
498 520
498 521
498 532
498 549
498 581
498 594
499 503
499 519
500 569
500 596
501 503
501 504
502 504
502 529
502 579
502 595
503 505
503 516
503 527
505 516
505 519
507 508
508 509
508 511
508 551
508 555
508 564
508 567
510 512
510 514
511 513
511 518
511 520
511 521
511 525
511 527
511 532
511 540
511 542
511 544
511 549
511 551
511 553
511 555
511 564
511 571
511 573
511 581
512 513
512 514
512 592
513 517
513 518
513 520
513 524
513 525
513 542
513 564
513 567
513 574
514 515
514 517
514 565
515 517
515 519
515 544
516 519
516 527
517 524
517 542
518 520
518 524
518 525
518 528
518 538
518 542
518 555
518 564
518 571
518 574
519 520
519 521
519 527
519 532
519 544
519 549
519 594
520 521
520 532
520 538
520 540
520 542
520 544
520 547
520 549
520 553
520 555
520 556
520 564
520 567
520 571
520 573
520 581
521 532
521 534
521 540
521 544
521 547
521 549
521 551
521 552
521 555
521 571
521 572
521 573
521 581
521 589
521 594
522 562
524 525
524 542
525 527
525 542
525 564
525 565
526 559
527 551
527 565
528 548
528 556
528 571
528 572
528 574
528 577
528 578
529 532
529 534
529 537
529 540
529 546
529 547
529 549
529 562
529 579
529 581
529 583
529 584
529 586
530 533
531 541
531 545
531 589
531 595
531 597
532 533
532 534
532 544
532 546
532 549
532 551
532 553
532 555
533 536
533 553
534 546
534 549
534 579
534 584
534 594
535 536
535 549
535 551
535 553
536 551
536 553
538 542
538 564
538 571
538 572
538 573
538 574
539 579
539 595
539 597
539 598
539 600
540 546
540 547
540 548
540 549
540 551
540 555
540 556
540 562
540 571
540 573
540 581
540 583
540 584
540 588
540 589
540 591
540 595
540 597
541 545
541 592
541 596
541 598
542 564
542 567
542 571
542 574
543 545
544 551
544 555
545 552
545 560
545 570
545 592
545 596
546 547
546 549
546 583
546 584
547 548
547 549
547 556
547 562
547 571
547 573
547 579
547 581
547 583
547 584
547 588
547 595
547 597
548 549
548 550
548 555
548 556
548 558
548 561
548 566
548 569
548 571
548 572
548 573
548 588
548 589
548 591
548 593
548 597
549 551
549 553
549 555
549 556
549 562
549 573
549 581
549 583
549 584
549 588
549 597
550 552
550 554
550 558
550 566
550 569
550 571
550 572
550 589
550 593
551 553
551 555
551 581
552 589
553 554
553 555
555 564
555 581
555 589
555 594
556 558
556 561
556 569
556 571
556 572
556 573
556 581
556 588
556 589
556 591
556 597
558 560
558 561
558 568
558 569
558 572
558 576
558 588
560 570
560 576
560 590
561 568
561 569
561 570
561 576
561 588
561 593
562 573
562 581
564 567
564 571
564 574
564 589
564 593
566 568
566 569
566 588
566 589
566 590
566 591
566 593
568 569
568 588
568 591
569 570
569 572
569 578
569 588
569 591
570 574
570 576
570 577
570 578
570 590
571 572
571 573
571 574
571 581
571 588
571 593
572 573
572 574
572 588
572 589
572 593
573 581
573 583
573 584
573 588
573 591
574 577
574 590
574 593
576 577
577 578
578 589
578 592
579 583
579 584
579 588
579 595
579 597
580 586
581 583
581 584
581 586
581 588
583 584
583 586
583 588
584 586
584 588
588 589
588 591
588 595
588 597
589 591
589 592
589 593
589 597
591 593
591 595
591 597
592 593
595 597
595 598
596 600
