600 7190

1 2
1 3
1 4
1 5
1 11
1 12
1 16
1 20
1 21
1 22
1 23
1 34
1 36
1 98
1 105
1 291
1 301
1 302
1 304
1 305
1 317
1 321
1 322
1 325
1 327
1 328
1 330
1 385
1 386
1 389
1 390
1 391
1 395
1 443
1 497
1 566
1 579
1 586
1 600
2 3
2 5
2 6
2 11
2 12
2 16
2 20
2 21
2 35
2 62
2 93
2 94
2 97
2 98
2 104
2 105
2 128
2 184
2 194
2 260
2 261
2 294
2 299
2 301
2 302
2 303
2 304
2 305
2 311
2 315
2 317
2 319
2 320
2 321
2 322
2 352
2 358
2 362
2 385
2 386
2 389
2 390
2 391
2 393
2 395
2 495
2 588
2 599
2 600
3 5
3 6
3 11
3 12
3 16
3 19
3 20
3 21
3 23
3 93
3 94
3 98
3 104
3 105
3 184
3 194
3 301
3 302
3 303
3 304
3 305
3 311
3 315
3 317
3 319
3 320
3 321
3 324
3 385
3 386
3 389
3 390
3 391
3 393
3 395
3 495
3 517
3 592
3 597
3 600
4 5
4 12
4 16
4 20
4 21
4 22
4 23
4 25
4 34
4 35
4 36
4 105
4 292
4 302
4 304
4 305
4 311
4 315
4 317
4 319
4 320
4 321
4 322
4 324
4 327
4 330
4 335
4 388
4 389
4 391
4 566
4 586
5 11
5 12
5 16
5 20
5 21
5 35
5 94
5 98
5 104
5 105
5 303
5 304
5 305
5 311
5 315
5 317
5 319
5 320
5 321
5 385
5 389
5 390
5 391
5 393
5 495
5 517
5 566
5 586
5 600
6 11
6 12
6 16
6 93
6 94
6 97
6 98
6 105
6 128
6 299
6 301
6 311
6 317
6 321
6 386
6 389
6 476
6 495
6 592
6 597
6 600
7 9
7 10
7 14
7 15
7 17
7 19
7 93
7 101
7 117
7 194
7 304
7 305
7 310
7 313
7 315
7 318
7 394
7 503
8 9
8 11
8 12
8 15
8 18
8 94
8 311
8 386
9 13
9 15
9 314
10 14
10 29
10 306
10 312
10 313
11 12
11 16
11 19
11 20
11 21
11 52
11 62
11 93
11 94
11 96
11 97
11 98
11 104
11 105
11 128
11 260
11 299
11 301
11 302
11 303
11 304
11 305
11 311
11 315
11 317
11 319
11 320
11 321
11 322
11 324
11 385
11 386
11 389
11 390
11 391
11 393
11 395
11 495
11 588
11 596
11 599
11 600
12 15
12 16
12 19
12 20
12 21
12 93
12 94
12 97
12 98
12 105
12 128
12 184
12 299
12 300
12 301
12 302
12 304
12 305
12 311
12 315
12 317
12 319
12 320
12 321
12 322
12 324
12 385
12 386
12 389
12 390
12 391
12 393
12 495
12 517
12 588
12 596
12 599
12 600
13 15
13 310
13 313
13 314
13 316
14 17
14 24
14 29
14 312
14 318
14 329
14 331
15 17
15 19
15 24
15 310
15 311
15 313
15 314
15 315
15 316
15 319
16 19
16 20
16 21
16 22
16 93
16 94
16 97
16 98
16 105
16 184
16 299
16 301
16 302
16 303
16 304
16 305
16 311
16 315
16 317
16 319
16 320
16 321
16 322
16 324
16 325
16 334
16 385
16 386
16 389
16 390
16 391
16 495
16 588
16 596
16 599
16 600
17 19
17 24
17 37
17 310
17 311
17 312
17 313
17 315
17 316
17 318
17 319
17 320
17 331
17 334
18 37
18 322
19 21
19 32
19 37
19 62
19 301
19 304
19 305
19 311
19 315
19 317
19 318
19 319
19 320
19 321
19 324
19 334
19 336
19 386
19 389
19 391
19 392
20 21
20 22
20 23
20 35
20 38
20 52
20 93
20 94
20 98
20 101
20 103
20 104
20 105
20 108
20 109
20 184
20 194
20 202
20 225
20 301
20 302
20 303
20 304
20 305
20 317
20 319
20 320
20 321
20 322
20 324
20 327
20 335
20 385
20 386
20 388
20 389
20 390
20 391
20 393
20 395
20 398
20 427
20 489
20 495
20 497
20 517
20 579
20 599
20 600
21 22
21 23
21 35
21 36
21 38
21 50
21 52
21 93
21 94
21 97
21 98
21 101
21 103
21 104
21 105
21 108
21 194
21 202
21 225
21 260
21 301
21 302
21 303
21 304
21 305
21 311
21 317
21 319
21 320
21 321
21 322
21 324
21 325
21 327
21 330
21 335
21 385
21 386
21 389
21 390
21 391
21 393
21 395
21 495
21 497
21 517
21 579
21 586
21 599
21 600
22 23
22 25
22 28
22 33
22 34
22 35
22 36
22 50
22 52
22 100
22 105
22 284
22 291
22 292
22 302
22 304
22 305
22 317
22 322
22 324
22 325
22 327
22 328
22 330
22 335
22 389
22 391
22 579
22 586
22 587
23 25
23 26
23 28
23 32
23 35
23 36
23 38
23 104
23 291
23 302
23 304
23 305
23 320
23 321
23 322
23 323
23 324
23 325
23 327
23 328
23 335
23 391
24 27
24 29
24 32
24 189
24 312
24 313
24 315
24 318
24 320
24 326
24 329
24 331
24 511
25 26
25 27
25 28
25 35
25 36
25 284
25 291
25 292
25 305
25 322
25 324
25 325
25 327
25 328
25 331
25 587
26 27
26 28
26 30
26 31
26 32
26 33
26 36
26 172
26 205
26 213
26 291
26 326
26 328
26 329
26 331
26 332
26 333
26 504
26 584
26 587
27 30
27 31
27 32
27 36
27 312
27 326
27 329
27 331
27 332
27 333
27 587
28 32
28 35
28 36
28 38
28 262
28 291
28 294
28 323
28 324
28 325
28 326
28 327
28 328
28 330
28 332
28 335
28 391
28 498
28 584
28 587
29 306
29 312
29 318
29 331
30 31
30 32
30 36
30 326
30 329
30 331
30 332
31 33
31 34
31 36
31 100
31 285
31 286
31 329
31 330
31 332
31 584
32 35
32 36
32 38
32 108
32 312
32 318
32 320
32 321
32 324
32 326
32 327
32 328
32 329
32 331
32 332
32 333
32 498
32 587
33 34
33 36
33 50
33 192
33 220
33 221
33 237
33 241
33 285
33 286
33 287
33 328
33 330
33 332
33 439
33 447
33 502
33 503
33 529
33 530
33 549
33 583
33 584
33 587
34 36
34 50
34 100
34 220
34 286
34 287
34 292
34 330
34 332
34 447
34 529
34 584
35 36
35 38
35 302
35 305
35 317
35 319
35 320
35 321
35 324
35 327
35 328
35 330
35 333
35 334
35 335
35 336
35 389
35 391
36 38
36 50
36 284
36 287
36 324
36 325
36 326
36 327
36 328
36 329
36 330
36 332
36 335
36 584
36 587
37 102
37 169
37 230
37 247
37 249
37 267
37 283
37 316
37 334
37 336
37 392
37 488
37 511
37 526
38 50
38 100
38 103
38 106
38 108
38 110
38 146
38 221
38 327
38 330
38 332
38 335
38 391
38 395
38 489
38 584
39 55
39 57
39 60
39 75
39 83
39 88
39 89
39 112
39 113
39 115
39 116
39 130
39 136
39 138
39 139
39 337
39 353
39 373
39 375
39 376
39 381
39 403
39 405
39 410
39 419
39 422
39 430
39 431
39 435
39 449
40 44
40 49
40 53
40 65
40 74
40 78
40 82
40 136
40 144
40 149
40 152
40 341
40 356
40 357
40 429
40 440
40 441
40 444
40 446
40 447
41 45
41 46
41 48
41 54
41 90
41 339
42 112
42 114
42 115
42 124
42 136
42 144
42 147
42 153
42 190
42 275
42 337
42 342
42 344
42 351
42 406
42 412
42 418
42 423
42 424
42 441
42 444
42 449
43 84
43 87
43 91
43 339
43 355
43 381
43 436
44 48
44 49
44 54
44 55
44 56
44 57
44 58
44 59
44 60
44 63
44 64
44 65
44 66
44 74
44 78
44 82
44 136
44 144
44 149
44 150
44 152
44 341
44 349
44 351
44 353
44 354
44 356
44 357
44 359
44 367
44 371
44 418
44 429
44 437
44 440
44 441
44 444
44 446
44 462
44 506
45 46
45 48
45 54
45 72
45 246
45 293
45 343
45 347
46 48
46 54
46 343
47 102
47 110
47 111
47 116
47 118
47 410
48 54
48 56
48 57
48 65
48 339
48 354
49 63
49 65
49 78
49 139
49 148
49 149
49 150
49 152
49 341
49 357
49 369
49 371
49 434
49 440
49 441
49 444
49 446
49 448
50 52
50 59
50 100
50 124
50 146
50 220
50 225
50 287
50 324
50 330
50 351
50 447
50 579
50 580
50 587
51 62
51 63
51 66
51 67
51 260
51 345
51 358
51 362
51 363
52 53
52 54
52 56
52 69
52 94
52 96
52 105
52 118
52 120
52 124
52 127
52 203
52 204
52 322
52 350
52 389
52 391
52 416
52 599
53 54
53 55
53 56
53 57
53 59
53 60
53 64
53 65
53 78
53 82
53 116
53 118
53 120
53 124
53 144
53 147
53 152
53 156
53 337
53 344
53 348
53 350
53 351
53 353
53 359
53 368
53 372
53 413
53 418
53 440
53 441
53 444
53 447
53 449
54 56
54 203
54 343
54 346
54 416
55 56
55 57
55 59
55 60
55 64
55 65
55 74
55 78
55 82
55 115
55 116
55 118
55 120
55 124
55 129
55 144
55 147
55 149
55 152
55 156
55 233
55 337
55 342
55 344
55 348
55 350
55 351
55 353
55 354
55 359
55 368
55 375
55 401
55 403
55 410
55 412
55 413
55 414
55 418
55 422
55 425
55 437
55 440
55 441
55 444
55 449
55 506
56 57
56 60
56 64
56 65
56 78
56 118
56 120
56 156
56 342
56 344
56 346
56 348
56 350
56 353
56 359
56 411
56 413
56 416
56 418
56 425
56 440
57 59
57 60
57 64
57 65
57 74
57 78
57 82
57 90
57 118
57 124
57 136
57 144
57 149
57 150
57 152
57 337
57 341
57 344
57 346
57 348
57 349
57 350
57 351
57 353
57 354
57 356
57 357
57 359
57 368
57 375
57 413
57 418
57 419
57 422
57 425
57 429
57 437
57 440
57 441
57 446
57 448
57 449
57 462
57 506
58 60
58 61
58 66
58 354
58 355
58 356
59 60
59 64
59 65
59 82
59 118
59 119
59 120
59 121
59 144
59 146
59 147
59 149
59 337
59 341
59 342
59 344
59 351
59 353
59 359
59 361
59 401
59 412
59 413
59 414
59 418
59 440
59 441
59 444
59 449
59 462
59 506
60 61
60 64
60 65
60 70
60 74
60 75
60 78
60 82
60 102
60 115
60 116
60 118
60 129
60 144
60 156
60 337
60 342
60 344
60 348
60 350
60 351
60 353
60 354
60 359
60 368
60 370
60 372
60 375
60 403
60 405
60 410
60 413
60 414
60 418
60 420
60 422
60 425
60 440
60 449
60 506
61 70
61 355
61 405
62 63
62 67
62 97
62 98
62 260
62 298
62 301
62 302
62 303
62 304
62 311
62 317
62 319
62 320
62 321
62 345
62 352
62 358
62 360
62 362
62 363
62 386
63 65
63 66
63 67
63 341
63 345
63 358
63 362
63 363
63 446
64 65
64 74
64 78
64 82
64 112
64 114
64 115
64 116
64 118
64 120
64 129
64 142
64 144
64 147
64 149
64 152
64 156
64 337
64 342
64 344
64 348
64 351
64 353
64 359
64 368
64 375
64 401
64 403
64 406
64 410
64 412
64 413
64 414
64 418
64 422
64 440
64 444
64 449
64 506
65 74
65 78
65 82
65 136
65 144
65 149
65 150
65 152
65 341
65 344
65 349
65 351
65 353
65 354
65 356
65 357
65 359
65 375
65 413
65 418
65 419
65 425
65 429
65 437
65 440
65 441
65 446
65 448
65 462
65 506
66 341
66 345
67 345
67 352
67 358
67 360
67 362
67 363
68 69
68 114
68 115
68 131
68 134
68 140
68 153
68 156
68 159
68 161
68 163
68 171
68 190
68 253
68 272
68 365
68 370
68 420
68 421
68 422
68 423
68 424
68 428
68 437
68 452
68 474
69 70
69 71
69 72
69 76
69 77
69 127
69 129
69 136
69 204
69 297
69 300
69 348
69 365
69 368
69 370
69 372
69 420
69 421
69 424
69 590
69 599
70 72
70 74
70 78
70 79
70 82
70 112
70 115
70 129
70 136
70 140
70 144
70 156
70 337
70 353
70 365
70 368
70 371
70 372
70 420
70 421
70 444
70 447
71 72
71 76
71 77
71 95
71 127
71 129
71 201
71 204
71 225
71 297
71 300
71 364
71 365
71 368
71 370
71 420
71 421
71 445
71 455
71 474
71 590
71 593
71 596
71 598
71 599
72 74
72 76
72 77
72 79
72 82
72 127
72 129
72 133
72 136
72 225
72 297
72 365
72 368
72 370
72 372
72 420
72 421
72 445
72 447
73 75
73 89
74 75
74 78
74 79
74 82
74 129
74 136
74 144
74 146
74 149
74 150
74 341
74 353
74 354
74 356
74 357
74 359
74 365
74 366
74 368
74 370
74 372
74 429
74 431
74 440
74 446
74 506
75 78
75 79
75 82
75 88
75 130
75 138
75 173
75 373
75 376
76 77
76 92
76 127
76 128
76 129
76 199
76 201
76 203
76 204
76 225
76 279
76 297
76 300
76 385
76 398
76 399
76 417
76 467
76 474
76 590
76 593
76 596
76 598
76 599
77 95
77 127
77 129
77 201
77 203
77 204
77 297
77 300
77 365
77 368
77 370
77 372
77 417
77 420
77 467
77 590
77 593
77 598
77 599
78 79
78 82
78 115
78 124
78 126
78 129
78 136
78 140
78 144
78 148
78 149
78 150
78 152
78 156
78 337
78 341
78 344
78 348
78 351
78 353
78 354
78 356
78 357
78 359
78 368
78 371
78 372
78 375
78 413
78 414
78 418
78 420
78 421
78 422
78 428
78 429
78 437
78 440
78 441
78 444
78 446
78 447
78 448
78 462
79 80
79 135
79 136
79 353
79 365
79 368
79 370
79 371
79 372
79 429
80 126
80 137
80 140
81 112
81 139
81 275
81 371
81 373
81 430
81 434
81 441
81 444
81 449
82 112
82 113
82 114
82 115
82 116
82 126
82 129
82 135
82 136
82 144
82 147
82 149
82 150
82 152
82 156
82 337
82 341
82 344
82 351
82 353
82 354
82 356
82 359
82 365
82 368
82 370
82 372
82 375
82 412
82 413
82 414
82 418
82 420
82 421
82 422
82 428
82 429
82 431
82 440
82 444
82 446
82 447
82 449
82 462
82 506
83 112
83 113
83 115
83 130
83 134
83 139
83 140
83 163
83 253
83 337
83 351
83 353
83 359
83 367
83 371
83 373
83 375
83 376
83 403
83 405
83 419
83 422
83 423
83 430
83 434
83 435
83 441
83 448
83 449
83 463
83 464
84 87
84 89
84 91
84 381
84 436
85 455
86 87
86 133
86 178
86 179
86 181
86 288
86 377
86 380
86 480
86 481
86 482
86 484
86 486
87 89
87 91
87 181
87 339
87 377
87 380
87 381
87 436
87 482
87 486
88 89
88 90
88 130
88 376
88 381
88 419
89 91
89 377
89 380
89 381
89 419
90 339
91 377
91 380
91 381
91 436
92 186
92 297
92 300
92 399
92 499
92 593
92 598
93 94
93 98
93 101
93 103
93 104
93 105
93 106
93 108
93 109
93 117
93 187
93 194
93 202
93 301
93 303
93 304
93 305
93 311
93 321
93 384
93 385
93 386
93 389
93 390
93 391
93 393
93 394
93 395
93 489
93 495
93 505
93 589
93 596
94 97
94 98
94 101
94 103
94 104
94 105
94 128
94 194
94 225
94 300
94 301
94 302
94 303
94 304
94 305
94 311
94 317
94 319
94 320
94 321
94 322
94 385
94 386
94 388
94 389
94 390
94 391
94 393
94 395
94 495
94 589
94 596
94 599
95 100
95 101
95 103
95 107
95 109
95 110
95 114
95 117
95 119
95 121
95 125
95 127
95 129
95 141
95 146
95 199
95 201
95 204
95 221
95 223
95 224
95 225
95 337
95 340
95 396
95 397
95 399
95 401
95 407
95 408
95 409
95 412
95 417
95 460
95 467
95 505
95 534
95 580
96 97
96 128
96 168
96 203
96 228
96 247
96 255
96 260
96 261
96 263
96 296
96 298
96 299
96 301
96 311
96 385
96 386
96 538
97 98
97 105
97 128
97 184
97 203
97 255
97 259
97 260
97 261
97 264
97 296
97 298
97 299
97 300
97 301
97 311
97 317
97 319
97 320
97 385
97 386
97 387
97 538
97 588
97 589
97 592
97 597
97 599
97 600
98 104
98 105
98 128
98 184
98 255
98 260
98 264
98 282
98 288
98 296
98 298
98 299
98 301
98 302
98 304
98 305
98 311
98 317
98 319
98 320
98 321
98 322
98 385
98 386
98 387
98 389
98 390
98 391
98 427
98 487
98 495
98 538
98 566
98 586
98 588
98 589
98 599
99 128
99 228
99 261
99 262
99 263
99 266
99 274
99 278
99 281
99 298
99 299
100 106
100 107
100 124
100 125
100 141
100 146
100 196
100 221
100 286
100 290
100 388
100 409
100 447
100 467
100 579
100 580
101 103
101 104
101 105
101 106
101 108
101 109
101 117
101 187
101 191
101 192
101 193
101 194
101 202
101 221
101 224
101 225
101 289
101 304
101 321
101 384
101 385
101 389
101 390
101 391
101 393
101 394
101 395
101 396
101 409
101 489
101 495
101 496
101 497
101 503
101 505
102 110
102 169
102 173
102 252
102 267
102 283
102 392
102 526
103 104
103 105
103 106
103 108
103 109
103 117
103 187
103 194
103 201
103 202
103 301
103 303
103 321
103 384
103 385
103 388
103 389
103 390
103 391
103 393
103 394
103 395
103 396
103 397
103 398
103 409
103 427
103 489
103 495
103 497
103 498
103 505
104 105
104 106
104 108
104 109
104 117
104 187
104 189
104 192
104 193
104 194
104 202
104 214
104 218
104 234
104 236
104 239
104 245
104 260
104 301
104 302
104 303
104 304
104 317
104 320
104 321
104 385
104 386
104 389
104 390
104 391
104 393
104 394
104 395
104 489
104 493
104 495
104 497
104 498
104 531
104 548
105 106
105 108
105 109
105 128
105 194
105 201
105 202
105 225
105 260
105 301
105 302
105 303
105 304
105 305
105 311
105 317
105 320
105 321
105 322
105 327
105 385
105 386
105 388
105 389
105 390
105 391
105 392
105 393
105 394
105 395
105 398
105 427
105 489
105 495
105 497
105 517
105 579
105 586
105 588
105 599
105 600
106 108
106 110
106 117
106 189
106 221
106 388
106 391
106 392
106 489
106 580
107 109
107 110
107 114
107 115
107 116
107 119
107 120
107 121
107 124
107 125
107 129
107 141
107 142
107 144
107 147
107 153
107 154
107 157
107 196
107 204
107 210
107 220
107 221
107 223
107 224
107 225
107 233
107 337
107 340
107 396
107 397
107 398
107 399
107 401
107 404
107 406
107 407
107 408
107 409
107 411
107 412
107 417
107 460
107 467
107 468
107 491
107 494
107 515
107 530
107 534
107 580
108 109
108 110
108 111
108 117
108 187
108 192
108 193
108 194
108 202
108 235
108 303
108 312
108 321
108 389
108 390
108 391
108 393
108 394
108 395
108 396
108 489
108 495
108 498
109 117
109 154
109 187
109 191
109 192
109 193
109 194
109 195
109 196
109 198
109 199
109 212
109 221
109 222
109 223
109 224
109 225
109 384
109 390
109 393
109 394
109 395
109 396
109 397
109 398
109 399
109 408
109 409
109 417
109 460
109 477
109 489
109 492
109 494
109 495
109 496
109 497
109 498
109 501
109 505
109 520
109 534
110 111
110 121
110 392
110 397
110 580
111 118
111 120
111 121
111 391
111 392
111 395
111 397
111 398
111 400
111 401
111 411
112 113
112 114
112 115
112 116
112 124
112 125
112 126
112 130
112 131
112 134
112 136
112 140
112 141
112 142
112 144
112 147
112 148
112 149
112 153
112 155
112 156
112 161
112 163
112 190
112 233
112 253
112 337
112 351
112 359
112 373
112 375
112 403
112 404
112 405
112 406
112 412
112 413
112 414
112 418
112 421
112 422
112 423
112 424
112 428
112 430
112 434
112 435
112 437
112 441
112 444
112 449
112 454
112 463
112 464
112 468
112 491
112 563
113 114
113 115
113 116
113 130
113 134
113 139
113 141
113 142
113 144
113 147
113 153
113 163
113 190
113 233
113 337
113 340
113 351
113 359
113 375
113 403
113 405
113 406
113 407
113 412
113 414
113 418
113 423
113 424
113 430
113 435
113 438
113 439
113 444
113 449
113 458
113 491
114 115
114 116
114 119
114 125
114 131
114 134
114 136
114 140
114 141
114 142
114 144
114 147
114 153
114 156
114 163
114 171
114 190
114 210
114 223
114 233
114 337
114 340
114 351
114 401
114 403
114 404
114 405
114 406
114 407
114 412
114 414
114 417
114 418
114 423
114 424
114 439
114 444
114 449
114 467
114 468
114 491
114 494
114 515
114 545
114 580
115 116
115 125
115 126
115 130
115 134
115 136
115 140
115 141
115 142
115 144
115 147
115 149
115 153
115 156
115 163
115 190
115 233
115 337
115 340
115 351
115 359
115 375
115 403
115 404
115 405
115 406
115 407
115 410
115 412
115 413
115 414
115 418
115 422
115 423
115 424
115 428
115 429
115 430
115 438
115 444
115 449
115 464
115 491
115 580
116 118
116 119
116 120
116 124
116 125
116 126
116 130
116 141
116 142
116 144
116 147
116 149
116 153
116 156
116 190
116 223
116 233
116 337
116 340
116 344
116 351
116 359
116 375
116 401
116 403
116 405
116 406
116 407
116 410
116 412
116 413
116 414
116 418
116 422
116 423
116 449
116 467
116 491
116 580
117 191
117 194
117 198
117 340
117 384
117 390
117 393
117 394
117 396
117 397
117 408
117 495
117 496
117 498
117 501
117 505
117 520
118 120
118 121
118 124
118 129
118 337
118 342
118 344
118 348
118 350
118 398
118 400
118 401
118 410
118 411
118 413
118 418
119 120
119 121
119 124
119 125
119 127
119 129
119 141
119 144
119 147
119 221
119 223
119 224
119 225
119 233
119 337
119 397
119 398
119 399
119 400
119 401
119 406
119 407
119 408
119 409
119 411
119 412
119 417
119 467
119 534
119 580
120 121
120 124
120 129
120 147
120 344
120 348
120 350
120 398
120 400
120 401
120 410
120 411
120 412
120 413
120 417
120 418
121 233
121 397
121 398
121 399
121 400
121 401
121 411
121 412
121 417
122 131
122 164
122 171
122 271
122 272
122 279
122 453
122 510
122 518
122 519
122 523
122 543
123 125
124 125
124 126
124 129
124 136
124 140
124 144
124 147
124 152
124 153
124 156
124 233
124 337
124 344
124 348
124 350
124 351
124 368
124 372
124 401
124 412
124 417
124 418
124 421
124 441
124 444
124 447
124 449
124 580
125 126
125 131
125 140
125 141
125 142
125 147
125 153
125 156
125 171
125 190
125 196
125 204
125 210
125 233
125 337
125 401
125 404
125 406
125 407
125 412
125 417
125 418
125 449
125 467
125 468
125 491
125 515
125 580
126 129
126 141
126 156
126 368
126 372
126 421
126 422
126 429
127 128
127 129
127 201
127 203
127 204
127 225
127 297
127 300
127 385
127 398
127 399
127 401
127 412
127 417
127 420
127 421
127 467
127 599
128 184
128 203
128 255
128 259
128 260
128 261
128 264
128 279
128 281
128 295
128 296
128 297
128 298
128 299
128 300
128 311
128 317
128 385
128 386
128 427
128 476
128 538
128 592
128 599
128 600
129 136
129 144
129 147
129 156
129 233
129 337
129 344
129 348
129 365
129 368
129 370
129 372
129 399
129 401
129 411
129 412
129 415
129 420
129 421
129 422
129 424
129 428
129 445
129 598
130 138
130 139
130 337
130 367
130 371
130 373
130 375
130 376
130 381
130 382
130 403
130 419
130 422
130 430
130 431
131 134
131 140
131 151
131 153
131 155
131 161
131 171
131 190
131 272
131 423
131 466
131 474
131 523
132 275
133 427
133 429
133 482
133 484
133 486
134 140
134 148
134 149
134 153
134 159
134 161
134 163
134 190
134 253
134 337
134 367
134 371
134 403
134 404
134 405
134 406
134 422
134 423
134 424
134 426
134 430
134 435
134 459
136 139
136 140
136 144
136 148
136 149
136 150
136 156
136 159
136 163
136 190
136 253
136 337
136 344
136 351
136 353
136 354
136 365
136 366
136 368
136 370
136 371
136 372
136 418
136 420
136 421
136 422
136 424
136 428
136 429
136 431
136 437
136 440
136 441
136 442
136 444
136 446
136 447
136 449
136 462
136 464
137 138
137 139
137 373
138 139
138 150
138 367
138 371
138 373
138 376
138 381
138 382
139 149
139 341
139 357
139 367
139 371
139 373
139 375
139 376
139 403
139 430
139 440
139 441
139 444
140 148
140 149
140 150
140 153
140 155
140 156
140 159
140 161
140 163
140 171
140 190
140 233
140 253
140 337
140 344
140 348
140 371
140 372
140 403
140 404
140 418
140 421
140 422
140 423
140 424
140 434
140 435
140 437
140 442
140 444
140 448
140 449
140 450
140 454
140 463
140 466
140 558
141 142
141 144
141 147
141 153
141 154
141 190
141 196
141 199
141 210
141 220
141 221
141 223
141 224
141 233
141 337
141 340
141 399
141 402
141 404
141 405
141 406
141 407
141 408
141 412
141 417
141 423
141 424
141 439
141 467
141 491
141 494
141 515
141 534
141 580
142 144
142 147
142 153
142 190
142 196
142 233
142 337
142 351
142 375
142 403
142 404
142 405
142 406
142 407
142 412
142 414
142 418
142 423
142 439
142 441
142 444
142 449
142 467
142 468
142 491
142 515
142 545
142 580
143 193
143 220
143 221
143 222
143 224
143 227
143 237
143 240
143 244
143 286
143 287
143 489
143 529
143 530
143 533
143 535
143 536
143 553
144 147
144 149
144 153
144 156
144 220
144 233
144 337
144 341
144 344
144 351
144 353
144 354
144 359
144 368
144 375
144 403
144 404
144 405
144 406
144 407
144 412
144 413
144 414
144 418
144 428
144 429
144 440
144 441
144 444
144 447
144 449
144 462
144 464
144 468
144 580
145 225
145 246
145 304
145 443
146 286
146 292
146 447
146 497
146 506
146 579
146 580
146 584
147 153
147 190
147 220
147 224
147 225
147 337
147 342
147 351
147 399
147 401
147 406
147 407
147 412
147 413
147 414
147 417
147 418
147 439
147 441
147 444
147 447
147 449
147 467
147 468
147 534
147 580
148 149
148 150
148 155
148 156
148 159
148 161
148 163
148 253
148 351
148 371
148 403
148 404
148 422
148 423
148 434
148 437
148 438
148 440
148 441
148 442
148 444
148 446
148 448
148 454
148 462
148 463
148 464
148 466
149 150
149 152
149 153
149 156
149 163
149 233
149 253
149 337
149 341
149 344
149 351
149 353
149 357
149 359
149 371
149 375
149 403
149 413
149 414
149 418
149 422
149 423
149 429
149 434
149 437
149 438
149 440
149 441
149 442
149 444
149 446
149 448
149 449
149 462
149 464
149 466
150 152
150 156
150 341
150 357
150 371
150 375
150 403
150 418
150 422
150 429
150 434
150 437
150 440
150 441
150 446
150 448
150 462
150 466
152 344
152 357
152 413
152 418
152 422
152 437
152 440
152 441
152 446
152 448
152 449
153 155
153 156
153 161
153 171
153 190
153 210
153 233
153 337
153 351
153 375
153 403
153 404
153 406
153 412
153 414
153 418
153 423
153 424
153 441
153 444
153 449
153 454
153 467
153 468
153 491
153 515
153 545
153 580
154 157
154 167
154 171
154 191
154 196
154 197
154 210
154 212
154 408
154 417
154 450
154 460
154 467
154 468
154 473
154 491
154 492
154 494
154 500
154 514
154 516
154 520
154 545
155 156
155 157
155 163
155 190
155 232
155 233
155 250
155 253
155 403
155 423
155 454
155 463
155 523
155 526
155 558
155 561
155 570
156 163
156 190
156 233
156 337
156 344
156 348
156 351
156 359
156 368
156 372
156 375
156 403
156 413
156 418
156 421
156 422
156 423
156 424
156 437
156 440
156 444
156 449
156 454
156 462
156 580
157 417
157 450
157 460
158 431
158 455
158 458
158 529
158 536
159 161
159 163
159 253
159 366
159 404
159 423
159 428
159 430
159 435
159 456
160 459
161 163
161 171
161 190
161 253
161 272
161 404
161 421
161 423
161 424
161 426
161 428
161 432
161 434
161 448
161 450
161 454
161 466
161 474
161 500
161 519
162 253
162 326
162 438
163 190
163 250
163 253
163 254
163 351
163 371
163 403
163 406
163 422
163 423
163 424
163 428
163 432
163 434
163 437
163 438
163 442
163 444
163 462
163 463
163 464
163 465
163 466
163 558
163 563
164 272
164 519
165 277
165 471
166 168
166 170
166 189
166 234
166 236
166 239
166 247
166 511
166 548
167 171
167 191
167 198
167 276
167 277
167 473
167 499
168 170
168 178
168 183
168 228
168 236
168 239
168 243
168 245
168 247
168 255
168 258
168 260
168 263
168 266
168 268
168 269
168 282
168 296
168 511
168 538
168 540
168 542
168 548
168 567
169 173
169 216
169 230
169 252
169 267
169 268
169 270
169 283
169 472
169 511
169 560
169 569
169 570
170 178
170 183
170 228
170 236
170 239
170 243
170 245
170 247
170 258
170 260
170 266
170 268
170 269
170 282
170 288
170 511
170 540
170 542
170 559
170 566
170 567
171 190
171 204
171 210
171 450
171 452
171 474
171 523
171 545
172 242
172 248
172 254
172 326
172 478
172 552
173 230
173 247
173 249
173 252
173 267
173 268
173 283
173 511
174 218
175 177
175 178
175 179
175 288
175 480
175 481
175 482
175 483
175 485
175 559
175 585
176 198
176 470
176 577
177 178
177 179
177 181
177 288
177 480
177 481
177 482
177 483
177 484
177 585
178 179
178 183
178 239
178 243
178 245
178 255
178 260
178 263
178 282
178 288
178 480
178 481
178 482
178 483
178 484
178 485
178 486
178 487
178 538
178 559
178 566
178 567
179 181
179 288
179 480
179 481
179 482
179 483
179 585
180 185
180 483
180 486
181 288
181 380
181 480
181 481
181 482
181 483
182 199
182 256
182 591
183 215
183 228
183 243
183 247
183 263
183 266
183 268
183 566
184 203
184 259
184 261
184 262
184 264
184 279
184 294
184 299
184 300
184 302
184 317
184 321
184 345
184 358
184 385
184 386
184 588
184 599
186 257
186 276
186 277
186 279
187 194
187 211
187 393
187 394
187 479
187 485
187 489
187 495
187 496
188 256
188 295
189 213
189 214
189 217
189 218
189 226
189 230
189 231
189 234
189 235
189 236
189 238
189 239
189 243
189 244
189 245
189 269
189 285
189 286
189 489
189 493
189 511
189 521
189 531
189 540
189 542
189 546
189 547
189 548
189 549
189 550
189 551
189 554
189 556
189 557
189 581
189 582
189 583
190 210
190 233
190 253
190 337
190 351
190 403
190 404
190 405
190 406
190 412
190 414
190 418
190 423
190 424
190 428
190 438
190 444
190 449
190 450
190 452
190 454
190 463
190 464
190 467
190 468
190 474
190 491
190 515
190 545
190 558
191 192
191 193
191 194
191 195
191 196
191 197
191 198
191 199
191 210
191 211
191 212
191 224
191 384
191 390
191 393
191 394
191 396
191 399
191 408
191 460
191 473
191 492
191 494
191 496
191 498
191 501
191 514
191 520
191 534
192 193
192 194
192 195
192 207
192 211
192 212
192 220
192 221
192 222
192 224
192 237
192 240
192 287
192 394
192 396
192 408
192 489
192 492
192 496
192 498
192 502
192 503
192 505
192 520
192 532
192 533
193 194
193 195
193 211
193 212
193 220
193 221
193 222
193 224
193 237
193 240
193 390
193 393
193 394
193 396
193 408
193 489
193 492
193 494
193 495
193 496
193 498
193 502
193 503
193 505
193 520
193 529
193 530
193 532
193 533
193 534
193 553
194 198
194 202
194 211
194 212
194 222
194 303
194 304
194 321
194 384
194 389
194 390
194 391
194 393
194 394
194 395
194 396
194 489
194 495
194 496
194 497
194 498
194 503
194 505
194 520
195 196
195 197
195 198
195 207
195 209
195 211
195 212
195 213
195 234
195 242
195 271
195 273
195 323
195 394
195 396
195 490
195 492
195 496
195 498
195 510
195 513
195 514
195 516
195 518
195 520
195 521
195 552
196 199
196 201
196 210
196 223
196 224
196 232
196 234
196 396
196 399
196 409
196 417
196 439
196 467
196 489
196 497
196 515
196 521
196 534
196 545
196 580
196 581
197 198
197 209
197 212
197 213
197 271
197 273
197 276
197 490
197 492
197 496
197 513
197 514
197 516
197 518
197 520
197 521
197 522
197 524
197 527
197 562
197 574
198 199
198 212
198 213
198 276
198 384
198 394
198 492
198 496
198 499
198 520
199 201
199 289
199 297
199 399
199 467
199 499
199 534
200 234
200 245
200 256
200 261
200 281
200 282
200 295
200 296
201 204
201 297
201 300
201 385
201 417
201 467
201 593
202 214
202 236
202 238
202 301
202 303
202 304
202 321
202 333
202 386
202 390
202 391
202 394
202 395
202 489
202 495
202 497
202 503
202 547
202 568
202 582
202 583
203 204
203 215
203 246
203 255
203 257
203 260
203 261
203 279
203 293
203 294
203 297
203 299
203 300
203 385
203 386
203 427
203 588
203 599
204 297
204 300
204 401
204 417
204 467
204 593
204 599
206 256
206 259
206 281
207 209
207 211
207 213
207 219
207 231
207 265
207 273
207 394
207 493
207 513
207 520
207 521
207 552
208 209
208 211
208 213
208 229
208 230
208 231
208 265
208 269
208 273
208 274
208 493
208 507
208 508
208 509
208 512
208 513
208 539
208 540
208 541
208 542
208 551
208 552
208 571
208 573
209 211
209 212
209 213
209 216
209 229
209 231
209 242
209 265
209 271
209 273
209 453
209 490
209 493
209 496
209 507
209 508
209 509
209 510
209 512
209 513
209 514
209 518
209 520
209 521
209 522
209 524
209 541
209 552
209 562
209 564
209 565
209 571
209 572
209 573
209 574
209 577
209 578
209 594
209 595
210 212
210 224
210 271
210 399
210 406
210 407
210 408
210 412
210 417
210 424
210 450
210 460
210 467
210 491
210 492
210 494
210 500
210 510
210 514
210 515
210 520
210 534
210 545
211 212
211 213
211 222
211 231
211 242
211 265
211 273
211 394
211 479
211 485
211 490
211 492
211 493
211 496
211 498
211 509
211 513
211 520
211 521
211 524
211 532
211 540
211 552
212 394
212 396
212 408
212 460
212 490
212 492
212 494
212 496
212 500
212 510
212 513
212 514
212 516
212 520
212 534
212 562
213 231
213 234
213 242
213 265
213 273
213 394
213 479
213 492
213 493
213 496
213 498
213 509
213 512
213 513
213 520
213 521
213 524
213 540
213 542
213 551
213 552
213 573
214 217
214 218
214 222
214 493
214 503
214 511
214 521
214 526
214 542
214 550
214 551
214 552
214 554
215 246
215 262
215 263
216 229
216 230
216 231
216 252
216 265
216 267
216 268
216 269
216 270
216 273
216 274
216 453
216 508
216 512
216 513
216 518
216 523
216 524
216 526
216 527
216 528
216 539
216 541
216 542
216 544
216 560
216 562
216 564
216 565
216 569
216 570
216 571
216 572
216 573
216 574
216 595
217 218
217 320
217 334
217 392
217 526
218 234
218 236
218 238
218 489
218 493
218 556
220 221
220 222
220 223
220 224
220 225
220 237
220 240
220 241
220 285
220 286
220 287
220 332
220 396
220 397
220 439
220 445
220 447
220 455
220 467
220 494
220 502
220 503
220 529
220 530
220 532
220 533
220 534
220 535
220 536
220 553
220 584
221 222
221 223
221 224
221 237
221 240
221 287
221 340
221 396
221 397
221 399
221 407
221 408
221 409
221 417
221 445
221 467
221 489
221 505
221 529
221 530
221 532
221 533
221 534
221 535
221 553
221 580
221 584
222 223
222 224
222 227
222 237
222 240
222 241
222 244
222 394
222 396
222 489
222 496
222 503
222 505
222 520
222 529
222 530
222 531
222 532
222 533
222 535
222 536
222 549
222 552
222 553
222 554
222 584
223 224
223 233
223 340
223 396
223 397
223 399
223 407
223 408
223 409
223 412
223 417
223 439
223 467
223 494
223 515
223 530
223 533
223 534
223 580
224 225
224 287
224 395
224 396
224 397
224 399
224 401
224 408
224 409
224 412
224 417
224 445
224 467
224 489
224 494
224 529
224 530
224 532
224 533
224 534
225 293
225 297
225 305
225 385
225 389
225 390
225 393
225 395
225 396
225 397
225 398
225 399
225 401
225 417
225 445
225 467
225 517
225 534
225 579
225 599
226 235
226 236
226 238
226 239
226 240
226 244
226 285
226 286
226 291
226 329
226 331
226 332
226 333
226 535
226 547
226 548
226 550
226 554
226 582
226 583
226 584
227 237
227 240
227 241
227 244
227 529
227 532
227 533
227 535
227 536
227 537
227 549
227 552
227 553
227 554
228 229
228 230
228 231
228 239
228 243
228 245
228 247
228 252
228 258
228 259
228 262
228 263
228 265
228 266
228 267
228 268
228 269
228 270
228 274
228 278
228 281
228 282
228 296
228 509
228 539
228 540
228 541
228 542
228 544
228 557
228 566
228 567
228 571
228 572
229 230
229 231
229 243
229 252
229 263
229 265
229 266
229 267
229 268
229 269
229 270
229 273
229 274
229 278
229 281
229 282
229 283
229 475
229 507
229 508
229 509
229 511
229 512
229 539
229 540
229 541
229 542
229 544
229 557
229 569
229 570
229 571
229 572
229 573
229 595
230 231
230 243
230 247
230 249
230 252
230 265
230 266
230 267
230 268
230 269
230 270
230 273
230 274
230 283
230 336
230 475
230 478
230 509
230 511
230 512
230 513
230 526
230 539
230 540
230 541
230 542
230 544
230 551
230 557
230 560
230 569
230 570
230 571
230 573
230 595
231 234
231 242
231 243
231 265
231 267
231 268
231 269
231 270
231 273
231 274
231 283
231 475
231 493
231 509
231 512
231 513
231 521
231 524
231 539
231 540
231 541
231 542
231 544
231 551
231 552
231 557
231 570
231 571
231 572
231 573
232 234
232 250
232 283
232 521
232 543
232 544
232 558
233 337
233 351
233 401
233 404
233 405
233 406
233 412
233 417
233 418
233 449
233 454
233 467
233 468
233 515
233 545
234 236
234 242
234 256
234 269
234 273
234 493
234 498
234 521
234 540
234 542
234 544
234 556
234 557
234 581
235 236
235 238
235 248
235 285
235 286
235 291
235 328
235 330
235 331
235 489
235 546
235 547
235 556
235 582
235 583
236 238
236 239
236 243
236 244
236 245
236 248
236 285
236 286
236 291
236 330
236 333
236 489
236 511
236 540
236 546
236 547
236 548
236 550
236 556
236 557
236 568
236 581
236 582
236 583
236 586
237 238
237 240
237 241
237 244
237 285
237 286
237 287
237 332
237 465
237 502
237 503
237 529
237 530
237 531
237 532
237 533
237 535
237 536
237 546
237 547
237 549
237 553
237 554
237 582
237 583
237 584
238 239
238 244
238 245
238 248
238 284
238 285
238 286
238 287
238 291
238 292
238 330
238 489
238 531
238 546
238 547
238 548
238 549
238 550
238 551
238 554
238 555
238 582
238 583
238 584
239 243
239 245
239 246
239 247
239 255
239 258
239 260
239 263
239 269
239 282
239 296
239 486
239 511
239 538
239 540
239 542
239 547
239 548
239 550
239 551
239 567
240 241
240 244
240 312
240 396
240 503
240 529
240 530
240 532
240 533
240 535
240 536
240 537
240 549
240 553
240 554
240 584
241 244
241 248
241 254
241 465
241 503
241 529
241 532
241 533
241 535
241 536
241 537
241 549
241 552
241 553
241 554
242 254
242 265
242 269
242 273
242 453
242 478
242 493
242 509
242 512
242 513
242 518
242 521
242 524
242 541
242 542
242 544
242 552
242 571
242 573
243 245
243 247
243 258
243 263
243 268
243 269
243 282
243 511
243 539
243 540
243 542
243 547
243 548
243 550
243 551
243 554
243 566
244 284
244 285
244 286
244 287
244 292
244 332
244 443
244 489
244 531
244 532
244 535
244 536
244 546
244 547
244 548
244 549
244 550
244 553
244 554
244 555
244 583
244 584
245 246
245 247
245 255
245 260
245 263
245 282
245 296
245 511
245 531
245 538
245 540
245 542
245 547
245 548
245 550
245 551
245 554
245 566
246 255
246 260
246 263
246 293
246 302
246 303
246 304
246 330
246 385
246 386
246 443
246 548
246 550
246 555
246 566
246 568
247 249
247 252
247 258
247 260
247 267
247 268
247 511
247 548
247 550
248 254
248 286
248 546
248 547
248 556
248 557
248 583
249 252
249 267
249 268
249 571
250 252
250 253
250 254
250 463
250 465
250 523
250 528
250 558
250 560
250 561
250 569
250 570
251 288
251 483
251 559
251 567
252 266
252 267
252 268
252 269
252 270
252 274
252 283
252 511
252 539
252 541
252 542
252 543
252 544
252 560
252 569
252 570
252 571
252 573
253 254
253 371
253 403
253 422
253 423
253 424
253 434
253 437
253 438
253 442
253 450
253 454
253 462
253 463
253 464
253 466
253 558
254 463
254 465
254 478
254 552
254 558
254 561
254 570
255 256
255 260
255 261
255 263
255 282
255 296
255 298
255 299
255 385
255 386
255 486
255 538
256 259
256 281
256 282
256 295
256 296
256 538
256 540
256 542
256 567
257 261
257 279
257 293
258 260
258 282
258 325
259 261
259 262
259 263
259 264
259 281
259 295
259 296
259 299
259 300
259 387
260 261
260 263
260 282
260 296
260 298
260 299
260 301
260 303
260 304
260 317
260 320
260 321
260 358
260 385
260 386
260 427
260 486
260 487
260 538
260 566
260 568
260 586
260 588
260 589
261 262
261 263
261 264
261 279
261 281
261 295
261 296
261 298
261 299
261 300
261 385
262 263
262 274
262 282
262 294
262 299
262 335
263 265
263 266
263 268
263 269
263 270
263 274
263 281
263 282
263 295
263 296
263 299
263 387
263 539
263 540
263 566
263 567
263 597
264 295
264 299
264 300
264 302
264 322
265 266
265 267
265 268
265 269
265 270
265 271
265 273
265 274
265 453
265 490
265 493
265 507
265 508
265 509
265 510
265 512
265 513
265 518
265 521
265 522
265 524
265 539
265 540
265 541
265 542
265 544
265 552
265 557
265 562
265 564
265 565
265 569
265 570
265 571
265 572
265 573
265 574
265 594
265 595
266 267
266 268
266 269
266 270
266 274
266 278
266 282
266 539
266 540
266 541
266 542
266 544
266 566
266 567
266 569
266 572
267 268
267 269
267 270
267 274
267 283
267 511
267 512
267 539
267 540
267 541
267 542
267 544
267 560
267 569
267 570
267 571
267 572
267 573
267 595
268 269
268 270
268 274
268 282
268 511
268 539
268 540
268 541
268 542
268 544
268 557
268 560
268 569
268 570
268 571
268 572
268 573
269 270
269 273
269 274
269 278
269 282
269 475
269 509
269 511
269 512
269 521
269 539
269 540
269 541
269 542
269 544
269 551
269 556
269 557
269 567
269 569
269 570
269 571
269 572
269 573
270 274
270 278
270 282
270 283
270 508
270 509
270 511
270 512
270 539
270 540
270 541
270 542
270 544
270 557
270 560
270 569
270 570
270 571
270 572
270 573
270 595
271 273
271 276
271 451
271 453
271 459
271 490
271 507
271 510
271 512
271 513
271 514
271 516
271 518
271 519
271 521
271 522
271 524
271 545
271 562
271 564
271 574
271 577
271 578
272 383
272 453
272 466
272 512
272 519
272 523
272 558
272 561
272 564
272 569
272 570
273 280
273 323
273 490
273 493
273 507
273 508
273 509
273 510
273 512
273 513
273 518
273 520
273 521
273 522
273 524
273 527
273 540
273 541
273 542
273 552
273 557
273 562
273 564
273 571
273 572
273 573
273 574
273 594
274 278
274 282
274 512
274 522
274 539
274 541
274 542
274 544
274 560
274 565
274 569
274 570
274 571
274 572
274 573
274 595
275 428
275 458
275 575
276 277
276 278
276 279
276 457
276 459
276 473
276 500
276 514
276 522
276 576
276 577
276 578
277 278
277 522
277 576
278 279
278 281
278 282
278 298
278 457
278 522
278 567
278 572
278 576
278 577
278 597
279 281
279 297
279 299
279 300
279 576
280 457
280 559
280 577
281 295
281 296
281 508
282 295
282 296
282 298
282 387
282 539
282 540
282 542
282 567
283 511
283 542
283 544
283 569
283 570
283 571
284 285
284 292
284 325
284 330
284 582
284 587
285 286
285 287
285 291
285 292
285 325
285 328
285 329
285 330
285 331
285 332
285 333
285 489
285 546
285 547
285 549
285 582
285 583
285 584
286 287
286 292
286 329
286 330
286 332
286 333
286 443
286 447
286 489
286 529
286 535
286 546
286 547
286 550
286 582
286 583
286 584
287 330
287 332
287 396
287 439
287 443
287 445
287 447
287 489
287 502
287 503
287 529
287 535
287 582
287 583
287 584
288 480
288 481
288 482
288 483
288 486
288 487
288 538
288 559
288 567
288 585
288 586
289 292
289 388
289 586
290 586
291 292
291 302
291 325
291 327
291 328
291 333
291 497
291 582
291 584
291 587
292 305
292 322
292 443
292 568
292 582
292 583
292 584
292 586
293 297
293 300
293 385
293 386
293 427
293 588
293 589
293 599
294 299
294 301
294 588
295 296
295 298
296 298
296 299
296 311
296 386
296 486
296 538
297 300
297 385
297 427
297 467
297 590
297 593
297 596
297 598
297 599
298 299
298 538
298 592
298 597
299 300
299 301
299 317
299 385
299 386
299 387
299 538
299 588
299 589
299 592
299 597
299 599
300 385
300 386
300 427
300 588
300 590
300 592
300 593
300 596
300 598
300 599
301 302
301 303
301 304
301 305
301 311
301 317
301 320
301 321
301 324
301 385
301 386
301 389
301 390
301 391
301 393
301 395
301 427
301 487
301 495
301 566
301 568
301 579
301 588
301 599
302 304
302 305
302 317
302 319
302 320
302 321
302 322
302 385
302 386
302 389
302 390
302 391
302 395
302 427
302 495
302 586
302 588
302 599
303 304
303 305
303 307
303 308
303 309
303 311
303 315
303 317
303 319
303 320
303 321
303 385
303 386
303 389
303 390
303 391
303 392
303 393
303 395
303 427
303 489
303 495
303 566
303 568
303 586
303 600
304 305
304 307
304 311
304 315
304 317
304 318
304 319
304 320
304 321
304 322
304 324
304 385
304 386
304 389
304 390
304 391
304 393
304 395
304 489
304 495
304 517
304 547
304 566
304 568
304 586
304 600
305 311
305 315
305 317
305 318
305 319
305 320
305 321
305 322
305 324
305 325
305 385
305 386
305 389
305 390
305 391
305 393
305 395
305 495
305 517
305 566
305 579
305 586
305 599
305 600
306 308
306 397
306 536
307 315
307 547
307 568
308 548
310 311
310 313
310 314
310 316
311 315
311 317
311 319
311 320
311 321
311 334
311 385
311 386
311 387
311 389
311 538
311 566
311 586
312 318
312 326
312 329
312 331
312 333
312 394
312 587
313 314
314 316
315 317
315 318
315 319
315 320
315 321
315 334
315 336
315 386
315 389
315 391
315 392
315 566
317 319
317 320
317 321
317 322
317 324
317 334
317 385
317 386
317 389
317 390
317 391
317 395
317 427
317 495
317 538
317 566
317 568
317 579
317 586
317 588
317 599
317 600
318 319
318 320
318 321
318 324
318 329
318 331
318 333
318 334
318 391
318 392
319 320
319 321
319 322
319 334
319 336
319 358
319 386
319 389
319 391
319 392
319 566
320 321
320 324
320 334
320 336
320 386
320 389
320 391
320 392
320 495
320 566
320 586
321 322
321 324
321 334
321 352
321 385
321 386
321 389
321 390
321 391
321 392
321 393
321 395
321 489
321 495
321 586
321 588
321 596
321 599
321 600
322 385
322 386
322 388
322 389
322 390
322 391
322 427
322 579
322 586
322 599
323 327
323 335
323 520
324 325
324 327
324 329
324 335
324 389
324 391
324 497
324 579
324 600
325 326
325 327
325 328
325 587
326 329
326 331
326 332
326 333
326 587
327 328
327 330
327 335
327 391
327 582
328 330
328 331
328 332
328 333
328 335
328 582
328 584
329 330
329 331
329 332
329 333
329 583
329 584
329 587
330 332
330 447
330 547
330 582
330 583
331 332
331 333
331 583
331 587
332 333
332 529
332 549
332 584
332 587
333 547
333 582
333 583
333 584
333 587
334 336
334 389
334 391
334 392
335 391
336 391
336 392
336 511
336 526
336 539
337 340
337 342
337 344
337 348
337 351
337 353
337 359
337 365
337 368
337 370
337 375
337 401
337 403
337 404
337 405
337 406
337 407
337 410
337 412
337 413
337 414
337 418
337 421
337 422
337 423
337 424
337 425
337 428
337 430
337 435
337 437
337 440
337 441
337 444
337 449
337 455
337 464
337 467
337 468
337 491
338 339
339 599
340 396
340 397
340 399
340 405
340 406
340 407
340 408
340 409
340 410
340 460
340 467
340 468
340 491
340 494
340 501
340 504
340 515
341 349
341 351
341 353
341 354
341 356
341 357
341 359
341 367
341 369
341 371
341 437
341 440
341 441
341 444
341 446
341 448
341 462
342 343
342 344
342 346
342 347
342 348
342 350
342 359
342 413
342 418
342 425
342 437
342 440
343 346
343 347
343 349
343 350
344 346
344 348
344 350
344 351
344 353
344 359
344 365
344 368
344 370
344 372
344 375
344 403
344 404
344 412
344 413
344 414
344 418
344 420
344 421
344 422
344 423
344 424
344 425
344 437
344 440
344 441
344 444
344 447
344 448
344 449
344 462
345 352
345 358
345 360
345 362
345 363
345 446
346 347
346 349
346 350
346 415
346 418
346 440
347 350
348 350
348 351
348 353
348 359
348 368
348 372
348 403
348 410
348 413
348 416
348 418
348 421
348 422
348 425
348 437
348 449
349 353
349 354
349 356
349 357
349 440
350 413
350 418
350 422
350 425
350 437
350 440
350 448
351 353
351 354
351 359
351 375
351 403
351 404
351 405
351 406
351 412
351 413
351 414
351 418
351 422
351 423
351 424
351 435
351 437
351 438
351 440
351 441
351 444
351 447
351 449
351 462
351 464
351 468
352 358
352 360
352 362
352 363
353 354
353 356
353 357
353 359
353 365
353 366
353 367
353 368
353 370
353 371
353 372
353 375
353 403
353 413
353 414
353 418
353 420
353 422
353 429
353 431
353 437
353 440
353 441
353 444
353 446
353 447
353 449
353 462
354 356
354 357
354 359
354 440
354 441
354 444
356 357
356 367
356 371
356 429
357 359
357 367
357 371
357 440
357 441
357 446
357 448
358 360
358 362
358 363
358 386
359 367
359 371
359 375
359 403
359 405
359 413
359 414
359 418
359 422
359 437
359 438
359 440
359 444
359 449
359 462
359 464
359 506
360 361
360 363
362 363
362 386
364 427
364 588
364 590
364 593
364 596
364 598
365 366
365 368
365 370
365 372
365 420
365 421
365 422
365 424
365 428
365 429
365 431
365 455
365 598
366 370
366 420
366 421
366 428
366 431
367 369
367 371
367 373
367 376
367 430
367 438
368 370
368 372
368 412
368 418
368 420
368 421
368 422
368 424
368 428
368 429
368 447
369 371
369 446
370 372
370 420
370 421
370 424
370 428
370 429
370 431
370 445
370 455
370 598
371 373
371 375
371 376
371 403
371 430
371 434
371 437
371 438
371 440
371 444
371 446
371 448
371 462
372 420
372 421
372 422
372 428
372 429
372 447
373 375
373 376
373 382
373 403
373 430
373 434
374 436
375 376
375 403
375 404
375 405
375 406
375 413
375 414
375 418
375 419
375 422
375 423
375 430
375 435
375 437
375 438
375 440
375 441
375 444
375 449
376 378
376 381
376 382
376 403
376 405
376 419
376 422
376 430
377 380
377 381
377 436
378 381
379 528
379 560
379 570
380 381
380 481
380 482
381 419
384 385
384 390
384 393
384 394
384 395
384 398
384 400
384 408
384 492
384 495
384 496
384 501
385 386
385 388
385 389
385 390
385 391
385 393
385 395
385 398
385 400
385 427
385 487
385 495
385 538
385 579
385 586
385 588
385 599
386 387
386 389
386 390
386 391
386 427
386 495
386 538
386 586
386 588
386 589
386 596
386 599
386 600
387 538
387 539
387 540
387 595
387 597
388 389
388 391
388 580
388 586
389 390
389 391
389 392
389 393
389 395
389 427
389 489
389 495
389 579
389 586
389 599
389 600
390 391
390 393
390 394
390 395
390 398
390 400
390 427
390 489
390 495
390 497
390 517
390 579
390 588
391 392
391 393
391 395
391 489
391 495
391 497
391 586
393 394
393 395
393 396
393 398
393 400
393 489
393 495
393 497
393 498
393 505
393 517
393 579
394 395
394 396
394 408
394 479
394 489
394 492
394 493
394 495
394 496
394 498
394 501
394 503
394 505
394 520
394 531
394 532
395 397
395 398
395 399
395 400
395 411
395 427
395 489
395 495
395 497
395 579
396 397
396 398
396 399
396 407
396 408
396 409
396 417
396 467
396 489
396 492
396 494
396 496
396 498
396 502
396 503
396 504
396 505
396 520
396 529
396 530
396 532
396 533
396 534
397 398
397 399
397 401
397 407
397 408
397 409
397 410
397 411
397 412
397 417
397 467
397 530
397 533
397 534
398 399
398 400
398 401
398 408
398 411
398 416
398 417
398 495
398 534
399 400
399 401
399 407
399 408
399 409
399 411
399 412
399 417
399 445
399 467
399 494
399 515
399 533
399 534
400 401
400 411
400 417
401 407
401 408
401 409
401 410
401 411
401 412
401 417
401 418
401 467
401 534
403 404
403 405
403 406
403 413
403 414
403 418
403 422
403 423
403 424
403 430
403 434
403 435
403 437
403 438
403 440
403 441
403 444
403 449
403 454
403 462
403 463
403 464
403 466
403 491
404 405
404 406
404 407
404 412
404 423
404 424
404 435
404 441
404 444
404 449
404 450
404 454
404 460
404 468
404 491
404 515
405 406
405 407
405 410
405 414
405 422
405 423
405 424
405 430
405 435
405 449
405 464
405 491
406 407
406 412
406 414
406 418
406 423
406 424
406 428
406 430
406 435
406 439
406 441
406 444
406 449
406 455
406 458
406 463
406 464
406 467
406 468
406 491
406 515
406 545
407 408
407 409
407 410
407 412
407 417
407 439
407 460
407 467
407 468
407 491
407 494
407 501
407 504
407 515
407 534
408 409
408 412
408 417
408 460
408 467
408 491
408 492
408 494
408 496
408 501
408 504
408 515
408 516
408 520
408 530
408 533
408 534
409 410
409 417
409 467
409 501
409 534
409 580
410 411
410 413
410 418
410 422
410 425
411 412
411 417
411 534
412 414
412 417
412 418
412 424
412 439
412 444
412 447
412 449
412 467
412 468
412 491
412 515
412 534
412 580
413 414
413 418
413 422
413 437
413 440
413 444
413 448
413 449
413 506
414 418
414 422
414 423
414 424
414 440
414 444
414 449
414 468
414 506
415 428
417 467
417 468
417 497
417 515
417 534
417 545
417 579
417 580
418 422
418 423
418 424
418 428
418 437
418 440
418 441
418 444
418 448
418 449
418 462
419 425
420 421
420 424
420 425
420 428
420 445
420 590
420 598
420 599
421 422
421 424
421 428
421 437
421 442
422 423
422 424
422 425
422 428
422 429
422 430
422 433
422 435
422 437
422 440
422 442
422 448
422 449
422 462
422 464
422 466
423 424
423 428
423 430
423 432
423 434
423 435
423 437
423 438
423 444
423 449
423 450
423 451
423 461
423 463
423 464
423 466
423 468
423 491
424 428
424 435
424 438
424 449
424 450
424 452
424 455
424 456
424 463
424 464
424 474
424 491
426 430
426 450
426 459
426 500
427 487
427 568
427 586
427 588
427 590
428 429
428 455
428 464
429 431
429 440
429 446
429 506
430 432
430 434
430 435
430 441
430 444
430 459
430 463
431 455
431 456
432 434
432 438
432 450
432 451
432 456
432 458
432 459
432 461
432 463
432 466
432 519
434 435
434 437
434 440
434 441
434 446
434 448
434 454
434 461
434 462
434 466
435 441
435 444
435 449
435 456
435 461
435 491
437 438
437 440
437 442
437 444
437 446
437 448
437 449
437 454
437 462
437 464
437 466
438 451
438 463
438 464
438 466
438 558
439 468
439 494
439 504
439 515
439 545
439 584
440 441
440 444
440 446
440 448
440 449
440 462
440 466
441 444
441 447
441 448
441 449
441 462
441 468
442 462
442 463
442 464
442 466
443 445
444 447
444 449
444 462
444 464
444 468
445 455
445 456
445 529
445 530
445 534
446 448
446 462
447 449
447 462
448 462
448 466
449 464
449 468
449 491
450 451
450 452
450 456
450 461
450 463
450 474
450 491
450 494
450 500
450 514
450 519
450 578
451 463
451 490
451 510
451 514
451 516
451 561
451 574
452 453
452 474
453 490
453 508
453 510
453 512
453 513
453 514
453 518
453 520
453 522
453 523
453 524
453 525
453 527
453 528
453 541
453 544
453 558
453 560
453 561
453 562
453 564
453 565
453 569
453 570
453 571
453 572
453 573
453 574
454 463
454 468
454 515
455 456
455 458
455 494
455 529
455 530
456 458
456 461
456 464
456 494
456 500
456 529
456 530
456 534
457 522
457 576
457 577
457 578
457 597
458 463
458 465
458 502
459 473
459 500
459 516
460 468
460 473
460 491
460 492
460 494
460 500
460 501
460 515
460 516
461 500
461 519
461 578
462 464
462 466
463 464
463 465
463 466
463 515
463 519
463 558
463 561
463 563
464 465
464 466
464 515
464 529
464 558
464 563
465 502
465 516
465 528
465 529
465 533
465 537
465 549
465 552
465 553
465 558
465 561
467 468
467 491
467 494
467 515
467 534
467 545
467 580
468 491
468 515
468 545
469 524
470 499
470 593
472 476
473 492
473 500
473 501
475 479
475 512
475 542
475 559
475 571
475 573
476 576
477 520
477 525
477 527
478 552
478 556
478 561
478 573
479 496
479 559
480 481
480 482
480 483
480 484
480 485
480 487
480 567
480 585
481 482
481 483
481 484
481 485
481 486
481 567
482 483
482 484
482 486
482 585
483 485
483 486
483 559
483 567
483 585
484 486
485 540
485 559
485 567
486 538
487 567
487 586
487 588
489 495
489 497
489 498
489 503
489 531
489 547
489 582
489 583
489 584
490 492
490 494
490 496
490 509
490 510
490 512
490 513
490 514
490 516
490 518
490 520
490 522
490 524
490 527
490 552
490 562
490 564
490 573
490 574
490 577
490 578
490 594
491 494
491 501
491 515
491 545
492 494
492 496
492 498
492 501
492 504
492 514
492 516
492 520
493 495
493 498
493 509
493 512
493 513
493 518
493 520
493 521
493 524
493 531
493 539
493 540
493 541
493 542
493 547
493 551
493 552
493 554
493 557
493 562
493 597
494 496
494 500
494 502
494 510
494 514
494 516
494 520
494 529
494 530
494 532
494 533
494 534
494 553
495 498
495 517
495 531
496 498
496 501
496 514
496 516
496 520
496 532
497 579
498 520
498 521
498 532
499 500
499 501
500 514
500 516
500 519
500 578
501 504
501 516
502 503
502 505
502 516
502 517
502 520
502 529
502 530
503 505
503 516
503 520
503 532
505 516
505 517
505 520
505 532
505 533
507 508
507 509
507 510
507 512
507 518
507 522
507 524
507 562
507 564
507 567
507 572
507 574
507 577
508 509
508 512
508 513
508 518
508 524
508 541
508 544
508 562
508 564
508 565
508 571
508 572
508 573
508 577
508 595
509 512
509 513
509 518
509 524
509 540
509 541
509 542
509 571
509 572
509 573
509 574
510 512
510 513
510 514
510 516
510 518
510 519
510 520
510 522
510 524
510 527
510 545
510 558
510 562
510 564
510 574
510 577
510 578
510 594
511 539
511 540
511 542
511 544
511 547
511 548
511 550
511 551
511 554
511 571
511 581
512 513
512 518
512 521
512 522
512 524
512 527
512 539
512 540
512 541
512 542
512 544
512 562
512 564
512 565
512 569
512 570
512 571
512 572
512 573
512 574
512 577
512 595
513 514
513 518
513 520
513 521
513 522
513 524
513 527
513 541
513 552
513 562
513 564
513 565
513 571
513 572
513 573
513 574
513 594
513 595
514 516
514 518
514 519
514 520
514 522
514 524
514 562
514 564
514 574
514 578
515 545
516 518
516 520
516 524
516 574
517 600
518 519
518 520
518 521
518 522
518 524
518 525
518 527
518 541
518 544
518 562
518 564
518 565
518 571
518 572
518 573
518 574
518 577
518 578
519 558
519 564
519 578
520 521
520 524
520 525
520 527
520 532
520 533
520 545
520 552
520 562
520 564
521 524
521 527
521 540
521 541
521 542
521 544
521 552
521 557
521 571
521 573
522 524
522 562
522 564
522 565
522 572
522 573
522 574
522 576
522 577
522 578
522 597
523 525
523 526
523 543
523 544
523 560
523 569
523 570
523 571
524 525
524 527
524 541
524 552
524 562
524 564
524 571
524 572
524 573
524 574
524 577
525 527
525 545
525 564
526 527
526 528
526 549
526 552
526 560
526 561
526 570
526 571
527 528
527 552
527 562
527 564
527 571
527 573
527 574
528 558
528 560
528 561
528 569
528 570
528 571
528 573
528 574
529 530
529 532
529 533
529 534
529 535
529 536
529 549
529 553
529 584
530 532
530 533
530 534
530 536
530 553
531 532
531 547
531 548
531 549
531 550
531 554
531 555
531 583
532 533
532 535
532 536
532 549
532 552
532 553
532 554
533 534
533 535
533 536
533 537
533 549
533 553
535 536
535 546
535 549
535 550
535 553
535 554
535 583
536 537
536 553
537 553
538 567
538 589
538 592
538 597
539 540
539 541
539 542
539 544
539 551
539 557
539 560
539 565
539 566
539 569
539 570
539 571
539 572
539 573
539 595
539 597
540 541
540 542
540 544
540 551
540 557
540 559
540 566
540 567
540 571
540 572
540 581
540 595
540 597
541 542
541 544
541 560
541 562
541 564
541 565
541 569
541 570
541 571
541 572
541 573
541 594
541 595
542 544
542 551
542 557
542 559
542 567
542 571
542 572
542 573
542 595
543 544
543 561
543 569
543 570
543 571
544 557
544 560
544 569
544 570
544 571
544 572
544 573
546 547
546 548
546 550
546 554
546 582
546 583
547 548
547 549
547 550
547 551
547 554
547 555
547 556
547 582
547 583
547 584
548 550
548 551
548 554
548 555
548 568
548 583
549 550
549 552
549 553
549 554
549 555
549 583
549 584
550 551
550 554
550 555
550 556
550 568
550 583
551 552
551 554
551 555
552 553
552 554
552 571
552 573
553 554
554 555
554 583
556 557
557 571
557 573
558 561
558 563
559 567
559 572
560 561
560 569
560 570
560 571
560 573
561 564
561 570
561 573
562 564
562 565
562 572
562 573
562 574
562 577
562 594
562 597
564 565
564 570
564 571
564 572
564 573
564 574
564 577
564 578
565 569
565 570
565 571
565 572
565 577
565 592
565 594
565 595
565 597
566 567
566 568
566 597
567 572
567 585
567 597
568 583
569 570
569 571
569 572
569 573
569 595
570 571
570 573
570 595
571 572
571 573
571 574
571 595
572 573
572 574
572 577
572 595
572 597
573 574
573 595
574 577
576 577
576 578
577 578
577 594
577 597
578 594
579 582
579 586
582 583
582 584
582 586
583 584
584 587
588 589
588 590
588 592
588 596
588 599
589 592
589 596
589 597
589 599
590 593
590 596
590 598
590 599
591 593
592 593
592 596
592 597
593 596
593 598
594 595
595 597
596 598
596 599
598 599
