600 7188

1 16
1 19
1 20
1 220
1 286
1 555
1 582
1 584
2 4
2 5
2 21
2 93
2 94
2 95
2 107
2 224
2 290
2 308
3 6
3 7
3 21
3 93
3 94
3 103
3 105
3 106
3 223
3 224
3 303
3 309
4 5
4 20
4 22
4 23
4 25
4 29
4 31
4 32
4 34
4 35
4 94
4 107
4 220
4 221
4 236
4 238
4 242
4 244
4 284
4 286
4 287
4 290
4 312
4 323
4 324
4 326
4 329
4 333
4 470
4 547
4 549
4 579
4 582
4 583
4 584
5 20
5 22
5 23
5 24
5 25
5 28
5 29
5 31
5 32
5 94
5 107
5 221
5 284
5 286
5 287
5 290
5 291
5 304
5 305
5 308
5 312
5 321
5 323
5 324
5 326
5 329
5 331
5 333
5 359
5 393
5 470
5 583
5 584
6 13
6 303
7 10
7 306
7 308
8 9
8 12
8 15
8 16
8 17
8 19
8 178
8 251
8 309
8 315
8 318
8 479
9 12
9 13
9 15
9 17
9 18
9 37
9 59
9 110
9 249
9 313
9 316
9 388
9 392
9 559
9 562
10 106
10 309
10 392
10 479
11 12
11 18
11 21
11 37
11 38
11 53
11 55
11 93
11 94
11 96
11 97
11 98
11 100
11 102
11 104
11 108
11 110
11 119
11 120
11 121
11 191
11 221
11 223
11 224
11 303
11 319
11 320
11 334
11 336
11 384
11 385
11 386
11 391
11 395
11 396
11 397
11 399
11 400
11 401
11 451
11 467
11 494
11 496
11 530
11 533
11 534
12 13
12 14
12 15
12 16
12 17
12 18
12 19
12 37
12 98
12 100
12 102
12 110
12 111
12 251
12 283
12 303
12 309
12 313
12 315
12 316
12 317
12 318
12 319
12 320
12 334
12 336
12 385
12 388
12 389
12 400
12 477
12 479
12 530
12 557
12 562
12 580
13 15
13 17
13 18
13 37
13 59
13 66
13 102
13 110
13 136
13 173
13 174
13 176
13 217
13 249
13 251
13 283
13 303
13 311
13 313
13 315
13 316
13 317
13 318
13 319
13 320
13 334
13 336
13 360
13 385
13 388
13 392
13 400
13 458
13 477
13 479
13 480
13 557
13 559
13 562
13 580
14 16
14 17
14 19
14 20
14 35
14 38
14 221
14 287
14 303
14 313
14 318
14 319
14 322
14 325
14 389
14 393
15 17
15 18
15 37
15 59
15 98
15 102
15 110
15 174
15 179
15 247
15 249
15 251
15 252
15 283
15 309
15 311
15 313
15 315
15 316
15 317
15 318
15 319
15 334
15 336
15 354
15 360
15 388
15 392
15 400
15 477
15 479
15 485
15 511
15 526
15 559
15 562
15 580
16 17
16 18
16 19
16 20
16 21
16 22
16 35
16 36
16 37
16 38
16 94
16 98
16 107
16 110
16 111
16 143
16 146
16 221
16 286
16 303
16 309
16 315
16 317
16 318
16 319
16 320
16 322
16 323
16 334
16 335
16 336
16 385
16 389
16 393
16 395
16 477
16 479
16 530
16 582
17 18
17 19
17 37
17 98
17 100
17 102
17 110
17 283
17 309
17 313
17 315
17 316
17 317
17 318
17 319
17 320
17 334
17 336
17 388
17 389
17 400
17 477
17 479
17 557
17 562
17 580
17 581
18 19
18 37
18 38
18 59
18 98
18 100
18 102
18 110
18 111
18 173
18 176
18 247
18 251
18 252
18 266
18 283
18 303
18 313
18 315
18 316
18 317
18 318
18 319
18 320
18 334
18 335
18 336
18 360
18 385
18 388
18 389
18 396
18 400
18 401
18 477
18 479
18 511
18 524
18 557
18 559
18 562
18 580
18 581
19 20
19 21
19 22
19 25
19 35
19 36
19 37
19 38
19 94
19 98
19 100
19 107
19 143
19 146
19 221
19 286
19 287
19 303
19 315
19 317
19 318
19 319
19 320
19 322
19 323
19 325
19 334
19 335
19 336
19 385
19 389
19 393
19 395
19 479
19 530
19 582
19 583
20 21
20 22
20 23
20 25
20 26
20 28
20 29
20 31
20 32
20 35
20 36
20 38
20 94
20 107
20 119
20 143
20 146
20 220
20 221
20 285
20 286
20 287
20 289
20 305
20 308
20 319
20 320
20 321
20 322
20 323
20 325
20 327
20 329
20 332
20 333
20 335
20 386
20 389
20 393
20 395
20 398
20 529
20 530
20 531
20 555
20 582
20 583
20 584
21 22
21 36
21 38
21 93
21 94
21 97
21 100
21 103
21 104
21 105
21 107
21 108
21 109
21 111
21 119
21 221
21 223
21 224
21 237
21 286
21 303
21 307
21 308
21 320
21 321
21 335
21 384
21 386
21 393
21 394
21 395
21 397
21 399
21 467
21 496
21 519
21 530
21 583
22 23
22 25
22 26
22 28
22 29
22 31
22 32
22 34
22 35
22 36
22 38
22 53
22 94
22 97
22 107
22 119
22 142
22 143
22 146
22 221
22 237
22 242
22 284
22 285
22 286
22 287
22 289
22 304
22 305
22 308
22 320
22 321
22 322
22 323
22 324
22 325
22 326
22 327
22 328
22 329
22 330
22 332
22 333
22 335
22 386
22 389
22 393
22 395
22 398
22 445
22 530
22 531
22 551
22 555
22 582
22 583
22 584
22 586
23 24
23 25
23 26
23 27
23 28
23 30
23 31
23 32
23 34
23 35
23 36
23 38
23 94
23 109
23 143
23 221
23 237
23 284
23 285
23 286
23 305
23 321
23 322
23 323
23 324
23 326
23 327
23 329
23 330
23 332
23 333
23 335
23 582
23 583
23 584
24 25
24 27
24 29
24 30
24 32
24 284
24 323
24 324
24 326
24 329
24 331
24 333
25 28
25 29
25 31
25 34
25 35
25 36
25 40
25 142
25 220
25 221
25 236
25 238
25 239
25 240
25 241
25 242
25 244
25 284
25 285
25 286
25 287
25 289
25 291
25 305
25 308
25 321
25 322
25 323
25 324
25 325
25 326
25 329
25 332
25 493
25 547
25 548
25 549
25 551
25 555
25 579
25 582
25 583
25 584
26 27
26 28
26 30
26 31
26 32
26 35
26 36
26 38
26 40
26 53
26 142
26 143
26 198
26 205
26 278
26 284
26 285
26 286
26 322
26 323
26 327
26 328
26 329
26 330
26 332
26 333
26 335
26 438
26 445
26 459
26 583
27 30
27 32
27 35
27 198
27 210
27 324
27 329
27 332
27 333
27 459
28 30
28 31
28 32
28 35
28 36
28 38
28 53
28 143
28 221
28 284
28 285
28 286
28 305
28 322
28 323
28 327
28 328
28 330
28 332
28 333
28 335
28 398
28 445
28 582
28 583
29 31
29 32
29 183
29 220
29 258
29 284
29 286
29 287
29 289
29 291
29 304
29 308
29 312
29 323
29 324
29 326
29 329
29 331
29 333
29 359
29 470
29 549
29 551
29 566
29 584
30 31
30 32
30 35
30 237
30 284
30 285
30 286
30 323
30 324
30 329
30 331
30 332
30 333
30 335
30 583
31 32
31 34
31 35
31 38
31 56
31 109
31 221
31 237
31 284
31 285
31 286
31 287
31 305
31 323
31 324
31 326
31 327
31 328
31 329
31 330
31 332
31 333
31 335
31 582
31 583
32 34
32 35
32 284
32 285
32 286
32 323
32 324
32 326
32 329
32 331
32 332
32 333
33 34
34 35
34 36
34 38
34 94
34 221
34 237
34 284
34 285
34 286
34 287
34 322
34 323
34 324
34 327
34 332
34 333
34 582
34 584
35 36
35 38
35 53
35 94
35 98
35 221
35 237
35 284
35 285
35 286
35 287
35 318
35 319
35 320
35 321
35 322
35 323
35 324
35 327
35 328
35 329
35 330
35 332
35 333
35 334
35 335
35 389
35 393
35 395
35 530
35 582
35 583
35 584
36 38
36 40
36 143
36 221
36 237
36 286
36 319
36 320
36 321
36 322
36 323
36 325
36 327
36 329
36 330
36 332
36 334
36 335
36 386
36 389
36 529
36 530
36 582
36 583
37 38
37 59
37 98
37 100
37 102
37 110
37 111
37 120
37 173
37 176
37 247
37 252
37 266
37 283
37 303
37 313
37 315
37 316
37 317
37 318
37 319
37 320
37 322
37 334
37 335
37 336
37 360
37 385
37 386
37 388
37 389
37 396
37 400
37 401
37 469
37 477
37 479
37 487
37 496
37 501
37 504
37 511
37 530
37 557
37 559
37 562
37 580
37 586
38 53
38 94
38 97
38 98
38 100
38 107
38 108
38 110
38 111
38 119
38 120
38 143
38 146
38 191
38 221
38 223
38 237
38 285
38 286
38 287
38 303
38 305
38 315
38 317
38 318
38 319
38 320
38 321
38 322
38 323
38 325
38 327
38 328
38 330
38 332
38 334
38 335
38 336
38 385
38 386
38 388
38 389
38 393
38 395
38 396
38 397
38 398
38 400
38 401
38 445
38 487
38 494
38 496
38 501
38 504
38 519
38 530
38 582
38 583
38 584
38 586
39 41
39 42
39 45
39 48
39 67
39 122
39 148
39 153
39 164
39 199
39 261
39 268
39 272
39 281
39 299
39 461
39 466
39 497
39 578
40 142
40 242
40 345
40 358
40 375
40 389
40 438
40 440
41 42
41 43
41 45
41 46
41 48
41 90
41 91
41 166
41 259
41 261
41 281
41 294
42 45
42 46
42 48
42 67
42 115
42 148
42 164
42 199
42 261
42 272
42 281
42 299
42 466
42 506
43 44
43 48
43 57
43 58
43 65
43 68
43 81
43 82
43 89
43 90
43 91
43 115
43 122
43 139
43 149
43 261
43 281
43 296
43 298
43 339
43 354
43 364
43 365
43 367
43 374
43 415
44 48
44 51
44 52
44 57
44 58
44 62
44 65
44 68
44 91
44 123
44 134
44 149
44 152
44 204
44 276
44 341
44 345
44 354
44 355
44 357
44 358
44 367
44 375
44 413
44 437
44 446
44 451
45 48
45 61
45 90
45 142
45 144
45 166
45 259
45 261
45 263
45 294
45 312
45 347
45 348
45 418
45 486
45 505
45 544
45 564
45 577
46 48
46 82
46 91
46 134
46 161
46 278
46 279
46 375
47 56
47 57
47 60
47 64
47 68
47 114
47 115
47 116
47 117
47 126
47 129
47 131
47 150
47 190
47 205
47 352
47 358
47 359
47 374
47 408
47 416
47 418
47 437
47 440
47 444
47 446
47 448
47 449
47 450
47 492
47 514
48 51
48 54
48 57
48 61
48 65
48 67
48 81
48 89
48 90
48 91
48 115
48 122
48 139
48 141
48 153
48 164
48 259
48 260
48 261
48 272
48 274
48 279
48 281
48 294
48 296
48 449
48 466
48 544
49 65
49 82
49 91
49 124
49 127
49 137
49 140
49 150
49 151
49 153
49 177
49 353
49 354
49 356
49 372
49 416
49 430
49 432
49 434
49 440
49 446
49 448
49 450
49 543
49 596
50 53
50 64
50 96
50 119
50 121
50 131
50 145
50 147
50 190
50 210
50 351
50 358
50 399
50 401
50 404
50 413
50 423
50 424
50 425
50 440
50 443
50 445
50 494
50 510
50 533
50 534
51 52
51 57
51 62
51 63
51 65
51 152
51 276
51 278
51 281
51 345
51 352
51 445
51 459
52 57
52 59
52 63
52 116
52 117
52 123
52 124
52 125
52 152
52 187
52 196
52 204
52 233
52 357
52 408
52 413
52 438
52 445
52 446
52 447
52 459
53 55
53 94
53 97
53 98
53 119
53 120
53 121
53 123
53 146
53 190
53 221
53 285
53 286
53 317
53 320
53 322
53 323
53 327
53 332
53 335
53 386
53 395
53 396
53 397
53 398
53 401
53 408
53 430
53 443
53 445
53 459
53 494
53 504
53 510
53 530
53 583
53 584
54 81
54 82
54 89
54 90
54 91
54 132
54 138
54 161
54 205
54 348
54 366
54 415
54 425
54 430
54 432
54 502
54 505
55 64
55 97
55 120
55 386
55 395
55 408
55 410
55 494
55 496
55 514
55 530
56 60
56 90
56 112
56 114
56 125
56 126
56 328
56 359
56 418
57 58
57 65
57 68
57 80
57 81
57 122
57 125
57 126
57 141
57 149
57 150
57 152
57 196
57 296
57 339
57 341
57 357
57 364
57 367
57 374
57 415
57 416
57 437
57 446
57 448
57 450
58 149
58 264
58 341
58 353
58 354
58 355
58 356
58 450
59 62
59 63
59 64
59 66
59 102
59 110
59 121
59 123
59 136
59 151
59 152
59 251
59 276
59 283
59 315
59 316
59 317
59 357
59 360
59 388
59 392
59 401
59 413
59 451
59 459
59 477
59 479
59 494
59 503
59 562
59 580
60 64
60 93
60 109
60 114
60 116
60 119
60 123
60 205
60 223
60 359
60 399
60 412
60 418
60 440
60 446
60 534
61 67
61 348
62 63
62 66
62 315
62 317
62 352
62 357
62 360
62 362
62 363
63 65
63 66
63 276
63 351
63 363
63 459
63 499
64 96
64 114
64 116
64 117
64 119
64 120
64 121
64 123
64 131
64 147
64 151
64 152
64 190
64 191
64 204
64 351
64 358
64 399
64 401
64 408
64 410
64 412
64 413
64 414
64 416
64 440
64 443
64 446
64 451
64 459
64 467
64 494
64 499
64 514
64 533
64 534
65 122
65 141
65 152
65 153
65 233
65 272
65 276
65 298
65 357
65 446
65 448
65 466
66 151
66 155
66 173
66 174
66 177
66 179
66 208
66 217
66 251
66 276
66 316
66 350
66 353
66 354
66 362
66 372
66 385
66 388
66 411
66 430
66 432
66 456
66 504
66 543
67 122
67 141
67 153
67 164
67 169
67 199
67 203
67 272
67 274
67 276
67 281
67 461
67 466
67 506
67 578
68 69
68 79
68 80
68 81
68 82
68 112
68 114
68 126
68 127
68 128
68 129
68 131
68 133
68 134
68 137
68 140
68 141
68 149
68 150
68 151
68 161
68 190
68 204
68 208
68 260
68 261
68 296
68 297
68 298
68 364
68 366
68 367
68 374
68 403
68 416
68 420
68 422
68 423
68 424
68 425
68 428
68 429
68 430
68 432
68 434
68 437
68 440
68 446
68 448
68 449
68 450
68 456
68 466
68 510
68 543
68 592
68 594
68 600
69 70
69 71
69 72
69 76
69 79
69 82
69 83
69 84
69 87
69 112
69 127
69 128
69 129
69 130
69 131
69 140
69 364
69 365
69 376
69 423
69 424
70 72
70 365
71 129
71 262
71 297
71 364
71 365
71 370
72 76
72 77
72 127
72 370
72 552
72 598
73 79
73 80
73 122
73 139
73 140
73 367
73 373
73 403
74 78
74 82
74 133
74 265
74 375
74 507
74 508
74 541
74 542
74 552
74 598
75 174
75 526
76 77
76 96
76 127
76 128
76 131
76 237
76 596
76 598
77 82
77 370
77 372
77 432
77 596
77 598
78 82
78 372
78 595
79 80
79 82
79 130
79 134
79 135
79 139
79 140
79 149
79 190
79 295
79 366
79 373
79 374
79 378
79 422
79 424
79 428
79 429
79 458
80 84
80 87
80 114
80 122
80 126
80 130
80 134
80 137
80 139
80 140
80 141
80 149
80 150
80 151
80 152
80 153
80 204
80 298
80 339
80 367
80 373
80 374
80 380
80 403
80 404
80 415
80 416
80 422
80 423
80 425
80 428
80 429
80 430
80 434
80 437
80 446
80 448
80 466
80 594
81 90
81 139
81 149
81 152
81 204
81 364
81 367
81 374
81 415
82 83
82 89
82 91
82 127
82 128
82 129
82 133
82 134
82 137
82 140
82 149
82 186
82 353
82 366
82 372
82 375
82 428
82 598
83 84
83 85
83 86
83 87
83 88
83 130
83 133
83 365
83 370
83 376
83 377
83 378
83 379
83 380
83 381
83 486
84 85
84 86
84 87
84 130
84 140
84 364
84 365
84 376
84 377
84 378
84 379
84 380
84 422
85 86
85 87
85 376
85 377
85 379
85 380
86 87
86 88
86 89
86 130
86 365
86 376
86 377
86 378
86 379
86 380
86 381
86 405
86 422
87 88
87 89
87 130
87 365
87 376
87 377
87 378
87 379
87 380
87 381
87 405
88 89
88 90
88 112
88 130
88 137
88 299
88 376
88 377
88 378
88 379
88 380
88 381
88 405
88 592
89 90
89 91
89 129
89 130
89 132
89 137
89 208
89 261
89 364
89 366
89 374
89 376
89 377
89 378
89 380
89 381
89 422
90 91
90 122
90 125
90 141
90 204
90 261
90 299
90 364
90 374
90 398
90 403
90 404
90 411
90 415
90 419
90 425
90 430
90 437
90 519
91 134
91 137
91 261
91 281
91 415
92 96
92 440
93 94
93 95
93 103
93 223
93 224
93 384
94 97
94 98
94 100
94 107
94 108
94 119
94 191
94 221
94 223
94 224
94 285
94 286
94 287
94 303
94 315
94 319
94 320
94 322
94 323
94 335
94 336
94 385
94 393
94 395
94 397
94 400
94 451
94 530
94 533
94 582
94 583
95 103
95 109
95 192
95 193
95 211
95 224
96 97
96 119
96 120
96 121
96 128
96 131
96 145
96 151
96 190
96 386
96 397
96 399
96 408
96 423
96 425
96 440
96 450
96 458
96 467
96 494
96 496
96 504
96 510
96 512
96 513
96 514
96 530
96 531
96 534
96 545
96 596
96 599
97 98
97 100
97 119
97 120
97 121
97 123
97 142
97 146
97 282
97 292
97 301
97 320
97 321
97 322
97 386
97 395
97 396
97 397
97 401
97 408
97 410
97 443
97 447
97 467
97 494
97 496
97 521
97 530
97 531
97 534
97 555
97 583
97 584
97 586
98 100
98 107
98 110
98 120
98 146
98 221
98 283
98 315
98 317
98 318
98 319
98 320
98 322
98 334
98 336
98 389
98 395
98 396
98 400
98 401
98 479
98 530
98 557
98 580
99 595
100 102
100 110
100 221
100 283
100 313
100 317
100 318
100 319
100 320
100 321
100 322
100 334
100 336
100 385
100 386
100 389
100 391
100 395
100 396
100 397
100 400
100 401
100 487
100 489
100 496
100 530
100 557
100 562
100 580
100 586
101 554
102 106
102 110
102 176
102 187
102 191
102 207
102 230
102 251
102 266
102 283
102 309
102 313
102 315
102 316
102 317
102 318
102 319
102 334
102 336
102 384
102 385
102 388
102 391
102 392
102 400
102 477
102 479
102 485
102 489
102 511
102 557
102 559
102 562
102 580
103 104
103 105
103 106
103 109
103 118
103 189
103 191
103 192
103 193
103 200
103 201
103 202
103 207
103 211
103 223
103 224
103 384
103 391
103 394
103 489
103 495
103 532
104 105
104 106
104 108
104 109
104 117
104 118
104 151
104 187
104 191
104 192
104 193
104 207
104 224
104 384
104 394
104 435
104 489
104 490
104 496
105 106
105 108
105 109
105 118
105 192
105 195
105 201
105 202
105 224
105 393
105 394
106 109
106 118
106 187
106 188
106 189
106 192
106 195
106 197
106 200
106 201
106 202
106 203
106 207
106 211
106 213
106 230
106 266
106 273
106 384
106 391
106 392
106 394
106 435
106 489
106 490
106 495
107 108
107 109
107 119
107 221
107 223
107 224
107 286
107 308
107 333
107 393
107 395
107 519
107 530
108 109
108 110
108 111
108 118
108 119
108 120
108 125
108 191
108 196
108 201
108 221
108 223
108 224
108 335
108 384
108 385
108 386
108 393
108 394
108 395
108 396
108 397
108 398
108 399
108 417
108 435
108 436
108 451
108 467
108 490
108 491
108 492
108 496
108 503
108 504
108 519
108 530
109 117
109 118
109 191
109 192
109 193
109 195
109 200
109 201
109 202
109 211
109 213
109 221
109 223
109 224
109 286
109 384
109 393
109 394
109 395
109 435
109 490
109 492
109 495
109 519
109 530
110 111
110 120
110 173
110 176
110 283
110 303
110 313
110 315
110 316
110 317
110 318
110 319
110 320
110 334
110 336
110 360
110 384
110 385
110 386
110 388
110 389
110 395
110 396
110 397
110 400
110 401
110 402
110 436
110 451
110 477
110 479
110 491
110 496
110 504
110 511
110 526
110 530
110 557
110 559
110 562
110 580
111 120
111 176
111 221
111 303
111 313
111 315
111 317
111 319
111 320
111 334
111 335
111 385
111 386
111 393
111 395
111 396
111 398
111 400
111 411
111 417
111 436
111 491
111 496
111 504
111 513
111 519
111 530
112 113
112 129
112 130
112 131
112 137
112 190
112 297
112 364
112 403
113 115
113 116
114 115
114 116
114 117
114 119
114 121
114 123
114 125
114 126
114 131
114 140
114 141
114 147
114 150
114 151
114 152
114 190
114 191
114 196
114 204
114 205
114 358
114 374
114 404
114 408
114 416
114 418
114 423
114 425
114 429
114 435
114 437
114 440
114 443
114 446
114 448
114 451
114 490
114 492
114 494
114 514
115 116
115 117
115 126
115 374
115 416
115 446
116 117
116 123
116 126
116 131
116 134
116 151
116 191
116 196
116 204
116 205
116 348
116 358
116 408
116 409
116 410
116 416
116 435
116 446
116 448
116 490
116 492
116 514
117 118
117 121
117 126
117 141
117 150
117 151
117 187
117 190
117 191
117 192
117 195
117 196
117 201
117 204
117 233
117 374
117 384
117 408
117 413
117 416
117 434
117 435
117 446
117 448
117 450
117 490
117 492
117 503
117 514
118 187
118 191
118 192
118 193
118 195
118 196
118 197
118 200
118 201
118 202
118 211
118 213
118 223
118 384
118 391
118 394
118 435
118 490
118 492
118 495
118 503
118 532
119 120
119 121
119 123
119 145
119 147
119 196
119 221
119 223
119 287
119 321
119 328
119 386
119 393
119 395
119 397
119 398
119 399
119 401
119 404
119 408
119 412
119 417
119 443
119 467
119 494
119 496
119 503
119 504
119 519
119 530
119 531
119 533
119 534
120 121
120 123
120 125
120 134
120 151
120 191
120 196
120 204
120 317
120 320
120 322
120 335
120 385
120 386
120 393
120 395
120 396
120 397
120 398
120 400
120 401
120 404
120 408
120 411
120 413
120 417
120 419
120 425
120 430
120 436
120 445
120 458
120 459
120 467
120 491
120 494
120 496
120 499
120 501
120 503
120 504
120 512
120 513
120 514
120 519
120 530
121 123
121 131
121 147
121 152
121 190
121 191
121 204
121 223
121 358
121 386
121 395
121 397
121 399
121 401
121 404
121 408
121 410
121 412
121 413
121 414
121 423
121 440
121 443
121 446
121 447
121 451
121 467
121 494
121 510
121 514
121 530
121 533
121 534
122 125
122 141
122 148
122 153
122 155
122 164
122 196
122 199
122 260
122 261
122 264
122 272
122 274
122 281
122 296
122 298
122 299
122 300
122 339
122 350
122 374
122 415
122 416
122 419
122 425
122 434
122 437
122 442
122 446
122 448
122 449
122 454
122 461
122 466
122 594
123 146
123 152
123 190
123 204
123 357
123 401
123 408
123 409
123 410
123 413
123 438
123 443
123 447
123 451
123 459
123 494
124 151
124 174
124 187
124 188
124 276
124 416
124 458
124 461
125 126
125 141
125 145
125 151
125 152
125 153
125 195
125 196
125 204
125 274
125 374
125 395
125 398
125 404
125 408
125 411
125 415
125 416
125 417
125 419
125 425
125 429
125 430
125 435
125 436
125 437
125 445
125 446
125 448
125 449
125 450
125 467
125 490
125 492
125 503
125 504
125 519
126 137
126 140
126 141
126 150
126 151
126 152
126 196
126 199
126 201
126 203
126 204
126 374
126 403
126 404
126 416
126 422
126 429
126 434
126 435
126 446
126 448
126 490
126 492
127 128
127 129
127 131
127 133
127 140
127 149
127 299
127 368
127 416
127 423
127 428
127 434
127 437
127 439
127 596
127 598
127 599
127 600
128 129
128 131
128 133
128 134
128 140
128 149
128 161
128 190
128 204
128 208
128 298
128 299
128 300
128 408
128 416
128 421
128 423
128 425
128 428
128 434
128 450
128 453
128 454
128 510
128 512
128 543
128 544
128 596
128 599
128 600
129 131
129 137
129 140
129 149
129 150
129 190
129 208
129 296
129 297
129 364
129 365
129 374
129 416
129 422
129 423
129 424
129 425
129 428
129 430
129 434
129 437
129 440
129 446
129 450
129 590
129 592
129 594
129 599
129 600
130 295
130 365
130 366
130 374
130 376
130 377
130 378
130 379
130 380
130 381
130 403
130 405
130 422
131 134
131 140
131 147
131 156
131 190
131 204
131 205
131 351
131 404
131 408
131 423
131 424
131 425
131 430
131 437
131 440
131 443
131 446
131 448
131 494
131 510
131 514
131 534
131 600
132 133
132 138
132 158
132 160
132 208
132 366
132 403
132 405
132 425
132 428
132 449
132 456
132 510
133 135
133 157
133 158
133 164
133 186
133 300
133 366
133 370
133 428
133 455
133 456
133 541
133 578
133 592
133 596
134 137
134 139
134 140
134 141
134 149
134 150
134 151
134 152
134 161
134 190
134 204
134 208
134 373
134 404
134 408
134 413
134 416
134 423
134 425
134 428
134 429
134 430
134 434
134 437
134 446
134 449
134 450
134 456
134 459
134 461
134 466
134 494
134 510
134 512
134 543
135 366
135 428
135 497
135 515
136 151
136 161
136 458
136 503
136 526
137 138
137 140
137 150
137 190
137 208
137 403
137 405
137 422
137 425
137 429
137 430
137 434
137 440
137 446
137 448
138 161
138 429
138 458
139 140
139 149
139 152
139 161
139 204
139 367
140 141
140 149
140 150
140 151
140 153
140 161
140 162
140 190
140 204
140 208
140 298
140 300
140 364
140 366
140 374
140 404
140 416
140 422
140 423
140 425
140 428
140 429
140 430
140 432
140 434
140 437
140 446
140 448
140 450
140 454
140 458
140 461
140 466
140 510
140 594
140 599
140 600
141 150
141 151
141 153
141 155
141 159
141 164
141 196
141 199
141 204
141 208
141 261
141 264
141 272
141 274
141 276
141 281
141 296
141 298
141 299
141 300
141 339
141 374
141 403
141 404
141 415
141 416
141 419
141 420
141 422
141 425
141 428
141 429
141 434
141 435
141 437
141 442
141 446
141 448
141 449
141 454
141 456
141 461
141 466
141 492
141 506
141 592
141 594
141 597
142 144
142 146
142 220
142 242
142 294
142 345
142 348
142 375
142 438
142 439
142 443
142 447
142 517
142 521
142 529
142 531
142 535
142 536
142 545
142 546
142 547
142 548
142 550
142 551
142 552
142 555
142 579
142 583
142 584
143 146
143 221
143 303
143 305
143 317
143 319
143 322
143 323
143 352
143 385
143 386
143 393
143 445
143 447
144 242
144 294
144 331
144 345
144 438
144 439
144 444
144 486
144 546
144 551
145 147
145 196
145 233
145 246
145 395
145 408
145 445
145 453
145 454
145 459
145 467
145 494
145 510
145 513
145 514
146 221
146 286
146 287
146 321
146 322
146 352
146 358
146 386
146 389
146 395
146 438
146 443
146 445
146 447
146 487
146 494
146 521
146 531
146 534
146 551
146 555
146 557
146 582
146 583
146 584
146 586
147 156
147 351
147 397
147 399
147 401
147 412
147 413
147 414
147 443
147 467
147 494
147 531
147 533
147 534
148 153
148 157
148 159
148 164
148 218
148 232
148 261
148 272
148 299
148 466
148 497
148 515
148 592
149 152
149 161
149 162
149 190
149 204
149 298
149 358
149 367
149 373
149 404
149 416
149 421
149 423
149 425
149 428
149 429
149 430
149 434
149 437
149 440
149 446
149 450
149 456
149 462
149 510
149 512
149 544
149 600
150 151
150 153
150 190
150 208
150 298
150 339
150 353
150 358
150 374
150 403
150 405
150 406
150 416
150 422
150 423
150 424
150 425
150 428
150 429
150 430
150 432
150 434
150 435
150 437
150 440
150 446
150 448
150 449
150 450
150 461
150 466
150 543
150 592
150 594
150 597
151 152
151 153
151 187
151 190
151 191
151 196
151 204
151 208
151 276
151 298
151 357
151 408
151 413
151 415
151 416
151 417
151 419
151 422
151 423
151 425
151 428
151 429
151 430
151 432
151 434
151 435
151 436
151 437
151 440
151 446
151 448
151 450
151 454
151 458
151 461
151 466
151 490
151 492
151 494
151 496
151 503
151 504
151 510
151 514
151 543
151 594
151 599
151 600
152 196
152 204
152 276
152 351
152 357
152 367
152 404
152 408
152 413
152 436
152 437
152 443
152 445
152 446
152 447
152 451
152 459
152 490
152 492
152 510
153 154
153 155
153 157
153 159
153 160
153 164
153 196
153 199
153 208
153 260
153 261
153 264
153 272
153 274
153 281
153 298
153 299
153 300
153 350
153 416
153 417
153 419
153 420
153 422
153 425
153 428
153 434
153 437
153 442
153 446
153 448
153 449
153 454
153 456
153 461
153 466
153 492
153 497
153 506
153 543
153 544
153 594
153 597
154 158
154 159
154 164
154 171
154 192
154 195
154 197
154 199
154 211
154 214
154 215
154 216
154 217
154 219
154 231
154 234
154 267
154 272
154 277
154 280
154 300
154 442
154 455
154 465
154 497
155 157
155 159
155 164
155 165
155 208
155 217
155 260
155 261
155 264
155 272
155 280
155 281
155 298
155 300
155 419
155 425
155 428
155 434
155 437
155 449
155 453
155 454
155 456
155 461
155 466
155 525
155 543
155 544
155 578
155 594
155 597
156 157
156 160
156 162
156 209
156 425
156 437
156 440
156 449
156 454
156 534
156 543
156 544
156 545
157 159
157 160
157 209
157 449
157 497
157 505
157 544
157 545
158 159
158 177
158 277
158 280
158 453
158 455
158 456
158 543
158 558
158 576
158 578
159 164
159 171
159 195
159 197
159 199
159 211
159 214
159 234
159 267
159 272
159 274
159 420
159 442
159 455
159 466
159 497
159 515
160 419
160 425
160 449
160 543
160 544
160 545
160 595
161 190
161 208
161 278
161 279
161 408
161 425
161 428
161 432
161 434
161 437
161 449
161 458
161 461
161 502
161 505
161 510
161 512
161 541
161 545
162 186
162 421
162 425
162 437
162 443
162 462
162 544
162 545
163 209
163 218
163 227
163 232
163 243
163 248
163 250
163 253
163 254
163 265
163 267
163 271
163 455
163 463
163 464
163 493
163 508
163 516
163 518
163 527
163 542
163 552
163 571
164 199
164 219
164 260
164 261
164 264
164 272
164 274
164 281
164 296
164 298
164 299
164 300
164 374
164 377
164 380
164 420
164 422
164 428
164 434
164 442
164 461
164 466
164 497
164 506
164 578
164 592
164 594
164 597
165 268
165 280
165 281
165 525
166 168
166 243
166 248
166 271
166 312
166 338
166 343
166 486
166 516
166 528
166 535
166 551
166 554
166 574
166 575
167 174
167 179
167 219
168 172
168 239
168 240
168 291
168 475
168 478
168 486
170 226
170 282
170 522
170 570
170 579
171 197
171 216
171 231
171 250
171 267
172 247
172 248
172 252
172 387
172 478
172 556
172 558
172 581
173 174
173 176
173 179
173 303
173 315
173 316
173 318
173 334
173 354
173 385
173 388
173 477
173 479
173 511
173 557
173 562
173 580
174 179
174 249
174 251
174 316
174 346
174 354
174 526
174 559
174 580
175 177
175 179
175 251
175 388
175 460
175 485
175 580
176 179
176 252
176 283
176 303
176 313
176 316
176 477
176 526
176 557
176 559
176 562
176 580
177 179
177 181
177 353
177 354
177 411
177 482
177 483
177 585
178 310
178 314
179 181
179 251
179 316
179 354
179 388
179 559
179 580
180 354
181 288
181 482
182 342
183 220
183 226
183 239
183 242
183 243
183 258
183 259
183 290
183 470
183 535
183 546
183 547
183 548
183 550
183 551
183 552
183 566
184 421
185 314
186 260
186 279
186 421
186 428
186 510
186 512
186 577
187 188
187 191
187 192
187 195
187 196
187 200
187 201
187 202
187 207
187 341
187 384
187 391
187 392
187 394
187 407
187 416
187 435
187 450
187 451
187 489
187 490
187 492
187 503
188 192
188 193
188 195
188 197
188 200
188 201
188 203
188 207
188 211
188 215
188 230
188 295
188 435
188 442
189 192
189 197
189 200
189 202
189 206
189 207
189 211
189 213
189 215
189 222
189 230
189 231
189 234
189 245
189 266
189 273
189 489
189 495
190 204
190 208
190 408
190 416
190 422
190 423
190 424
190 425
190 428
190 430
190 434
190 437
190 440
190 446
190 450
190 451
190 459
190 494
190 510
190 512
191 194
191 201
191 335
191 384
191 385
191 391
191 395
191 400
191 407
191 408
191 409
191 435
191 451
191 490
191 494
191 496
191 503
191 504
191 530
192 193
192 195
192 197
192 199
192 200
192 201
192 202
192 203
192 207
192 211
192 213
192 216
192 273
192 384
192 391
192 394
192 435
192 442
192 489
192 490
192 492
192 495
192 500
192 532
193 200
193 202
193 211
193 213
195 196
195 197
195 199
195 200
195 201
195 202
195 203
195 211
195 213
195 215
195 216
195 384
195 392
195 394
195 417
195 420
195 435
195 436
195 442
195 490
195 492
195 495
195 503
196 204
196 233
196 276
196 408
196 413
196 415
196 416
196 417
196 435
196 436
196 437
196 446
196 451
196 467
196 490
196 492
196 503
196 504
196 514
196 519
197 200
197 202
197 206
197 207
197 211
197 213
197 215
197 216
197 230
197 231
197 234
197 245
197 267
197 273
197 442
198 210
198 276
198 345
198 408
198 410
198 445
198 447
198 459
198 494
198 499
198 501
198 512
198 545
199 203
199 211
199 214
199 215
199 219
199 234
199 268
199 272
199 274
199 377
199 378
199 405
199 442
199 461
200 201
200 202
200 203
200 207
200 211
200 213
200 216
200 230
200 234
200 266
200 273
200 391
200 392
200 394
200 435
200 460
200 489
200 490
200 495
200 500
201 202
201 203
201 207
201 211
201 213
201 384
201 391
201 394
201 435
201 490
201 492
201 495
202 211
202 213
202 216
202 222
202 234
202 245
202 267
202 273
202 394
202 442
202 495
202 500
202 515
202 520
202 532
203 211
203 213
203 214
203 215
203 377
203 378
203 442
204 358
204 374
204 404
204 408
204 413
204 416
204 419
204 423
204 425
204 429
204 430
204 434
204 436
204 437
204 440
204 443
204 446
204 448
204 450
204 451
204 459
204 490
204 494
204 503
204 504
204 510
204 514
204 600
205 328
205 358
205 418
205 438
205 439
205 447
206 230
206 231
206 266
206 273
206 511
207 211
207 230
207 231
207 266
207 391
207 489
207 511
208 217
208 260
208 261
208 264
208 279
208 281
208 295
208 296
208 298
208 300
208 402
208 406
208 408
208 416
208 419
208 422
208 423
208 425
208 428
208 432
208 434
208 437
208 449
208 450
208 453
208 454
208 456
208 458
208 466
208 510
208 512
208 513
208 524
208 541
208 543
208 594
208 597
208 599
208 600
209 210
209 212
209 218
209 225
209 232
209 253
209 452
209 453
209 455
209 463
209 518
209 527
209 540
209 541
209 542
209 552
209 571
209 572
209 574
209 575
209 577
210 512
210 545
211 213
211 215
211 216
211 230
211 231
211 234
211 245
211 273
211 394
211 442
211 495
212 455
213 215
213 216
213 233
213 234
213 245
213 273
213 394
213 442
213 474
213 495
213 515
214 232
214 234
214 240
214 241
214 254
214 271
214 273
214 515
215 219
215 231
215 234
215 268
215 273
215 274
216 219
216 230
216 234
216 267
216 268
216 273
216 280
216 394
216 442
216 455
216 460
216 465
216 474
216 489
216 495
216 500
217 250
217 280
217 298
217 300
217 316
217 453
217 454
217 456
217 458
217 512
217 513
217 524
217 525
217 543
217 594
217 597
218 232
218 241
218 527
218 558
219 231
219 268
219 271
219 272
219 274
219 277
219 280
219 281
219 346
219 465
219 578
220 226
220 236
220 238
220 239
220 240
220 241
220 242
220 243
220 287
220 291
220 304
220 387
220 529
220 531
220 535
220 536
220 546
220 547
220 548
220 549
220 550
220 551
220 552
220 553
220 554
220 555
220 579
220 584
221 223
221 237
221 284
221 285
221 286
221 287
221 289
221 303
221 305
221 308
221 315
221 317
221 318
221 319
221 320
221 321
221 322
221 323
221 325
221 327
221 328
221 332
221 335
221 336
221 385
221 386
221 389
221 393
221 394
221 395
221 397
221 398
221 519
221 530
221 555
221 582
221 583
221 584
222 238
222 240
222 244
222 287
222 493
222 532
222 533
222 549
222 553
223 224
223 287
223 336
223 384
223 391
223 393
223 394
223 395
223 397
223 399
223 401
223 412
223 451
223 467
223 530
223 532
223 533
224 335
224 393
224 530
225 236
225 531
225 534
225 547
226 227
226 228
226 229
226 235
226 236
226 238
226 239
226 242
226 243
226 248
226 270
226 290
226 291
226 387
226 463
226 478
226 516
226 517
226 528
226 535
226 538
226 540
226 542
226 546
226 547
226 548
226 549
226 550
226 551
226 552
226 555
226 566
226 573
226 575
226 579
226 584
226 587
227 228
227 232
227 235
227 236
227 239
227 240
227 243
227 248
227 254
227 259
227 265
227 387
227 463
227 516
227 528
227 535
227 537
227 547
227 548
227 549
227 551
227 552
227 553
227 554
228 229
228 235
228 236
228 238
228 239
228 242
228 243
228 265
228 270
228 290
228 387
228 516
228 517
228 528
228 535
228 538
228 540
228 542
228 546
228 547
228 548
228 549
228 550
228 551
228 564
228 566
228 579
228 584
228 587
229 235
229 236
229 238
229 239
229 243
229 252
229 256
229 265
229 270
229 387
229 508
229 516
229 517
229 528
229 535
229 538
229 540
229 542
229 546
229 547
229 548
229 550
229 551
229 573
229 574
229 579
229 581
230 231
230 249
230 266
230 273
230 283
230 485
230 489
230 495
230 511
231 250
231 265
231 273
231 280
231 507
231 508
231 527
232 235
232 239
232 240
232 241
232 243
232 250
232 253
232 254
232 265
232 271
232 338
232 463
232 468
232 507
232 508
232 516
232 518
232 527
232 528
232 540
232 542
232 552
232 554
232 571
232 574
232 575
233 246
234 241
234 245
234 254
234 267
234 268
234 271
234 273
234 515
235 236
235 239
235 242
235 243
235 248
235 253
235 254
235 256
235 265
235 270
235 387
235 463
235 478
235 516
235 528
235 535
235 540
235 546
235 548
235 551
235 552
235 556
235 570
235 571
235 572
235 573
235 574
235 575
235 577
236 238
236 239
236 240
236 242
236 243
236 265
236 270
236 290
236 291
236 387
236 493
236 516
236 517
236 518
236 528
236 535
236 540
236 542
236 546
236 547
236 548
236 549
236 550
236 551
236 552
236 553
236 554
236 579
236 584
236 587
236 591
237 238
237 285
237 286
237 287
237 321
237 330
237 332
237 555
237 583
237 584
238 239
238 240
238 241
238 242
238 243
238 245
238 287
238 290
238 291
238 493
238 535
238 540
238 542
238 547
238 548
238 549
238 550
238 551
238 552
238 553
238 554
238 555
238 579
238 584
238 587
239 240
239 241
239 242
239 243
239 245
239 265
239 270
239 290
239 291
239 312
239 387
239 493
239 516
239 517
239 528
239 535
239 538
239 540
239 542
239 546
239 547
239 548
239 549
239 550
239 551
239 552
239 553
239 554
239 555
239 566
239 579
239 584
239 587
240 241
240 243
240 244
240 265
240 291
240 493
240 529
240 535
240 547
240 548
240 549
240 551
240 552
240 553
240 554
241 242
241 243
241 254
241 291
241 326
241 493
241 551
241 552
241 554
242 243
242 270
242 287
242 291
242 326
242 387
242 438
242 493
242 516
242 517
242 528
242 529
242 535
242 536
242 540
242 546
242 547
242 548
242 549
242 550
242 551
242 552
242 554
242 555
242 573
242 575
242 579
242 584
242 587
243 248
243 254
243 265
243 291
243 387
243 463
243 478
243 493
243 507
243 508
243 516
243 528
243 529
243 535
243 540
243 542
243 546
243 547
243 548
243 549
243 550
243 551
243 552
243 553
243 554
243 564
243 571
243 574
243 575
243 579
244 493
244 549
244 553
244 555
245 265
245 273
245 493
245 532
246 419
246 467
246 514
246 531
247 252
247 283
247 556
247 557
247 560
247 562
247 567
247 580
247 581
248 250
248 253
248 254
248 387
248 463
248 478
248 528
248 535
248 537
248 546
248 556
248 558
248 560
248 564
248 570
248 573
248 574
248 575
248 577
249 283
249 309
249 316
249 392
249 485
249 526
249 559
250 253
250 254
250 267
250 268
250 269
250 275
250 277
250 280
250 452
250 453
250 455
250 463
250 527
250 558
250 560
250 561
250 567
250 570
250 571
250 581
251 311
251 315
251 316
251 317
251 318
251 319
251 346
251 388
251 479
251 580
252 266
252 270
252 283
252 316
252 511
252 557
252 559
252 560
252 561
252 562
252 567
252 569
252 573
252 580
252 581
253 254
253 277
253 452
253 453
253 455
253 463
253 527
253 544
253 552
253 558
253 561
253 563
253 570
253 571
253 572
253 575
253 577
254 259
254 267
254 268
254 269
254 270
254 271
254 277
254 463
254 508
254 570
254 572
254 575
255 256
255 258
255 278
255 382
256 270
256 278
256 387
256 516
256 573
256 574
257 278
257 293
257 459
258 294
258 304
258 308
258 312
258 546
258 551
258 566
259 263
259 265
259 271
259 279
259 281
259 294
259 508
259 516
259 528
259 552
259 564
259 565
259 575
260 261
260 264
260 272
260 274
260 281
260 296
260 298
260 300
260 366
260 425
260 428
260 434
260 449
260 450
260 454
260 456
260 466
260 510
260 594
261 263
261 264
261 272
261 274
261 279
261 281
261 296
261 297
261 298
261 299
261 300
261 374
261 403
261 419
261 422
261 425
261 434
261 449
261 454
261 466
261 565
261 590
261 592
261 594
261 597
263 279
263 281
263 294
263 296
263 539
263 577
264 272
264 279
264 281
264 295
264 296
264 298
264 300
264 419
264 434
264 454
264 466
264 525
264 594
264 597
265 387
265 463
265 507
265 508
265 516
265 518
265 528
265 535
265 540
265 542
265 564
265 593
266 283
266 309
266 313
266 315
266 316
266 318
266 336
266 391
266 392
266 460
266 477
266 479
266 485
266 489
266 495
266 511
266 562
266 580
267 271
267 453
267 455
267 464
268 269
268 272
268 274
268 281
269 270
269 271
269 570
270 271
270 516
270 517
270 528
270 538
270 546
270 548
270 570
270 573
270 574
270 575
271 273
271 310
271 338
271 340
271 343
271 464
271 465
271 468
271 516
271 518
271 528
271 574
272 274
272 281
272 296
272 298
272 299
272 300
272 419
272 420
272 442
272 449
272 456
272 466
272 497
272 506
272 578
272 592
272 594
272 597
273 495
273 515
273 520
274 281
274 296
274 350
274 419
274 420
274 442
274 466
275 277
275 280
275 576
275 578
276 413
276 445
276 459
277 280
277 453
277 455
277 463
277 465
277 528
277 558
277 560
277 561
277 563
277 572
277 575
277 576
277 577
277 578
278 279
278 281
278 343
278 459
278 522
278 545
278 570
278 572
278 575
278 577
279 280
279 281
279 296
279 297
279 428
279 449
279 457
279 466
279 468
279 502
279 505
279 539
279 541
279 564
279 565
279 574
279 577
279 578
280 281
280 453
280 455
280 465
280 524
280 525
280 558
280 576
280 577
280 578
281 296
281 298
281 300
281 419
281 449
281 466
281 565
281 578
281 597
282 499
282 573
283 309
283 313
283 315
283 316
283 317
283 318
283 334
283 336
283 388
283 400
283 477
283 479
283 485
283 511
283 526
283 557
283 559
283 562
283 567
283 580
283 581
284 285
284 286
284 322
284 323
284 324
284 326
284 327
284 330
284 333
284 582
285 286
285 287
285 292
285 320
285 321
285 322
285 323
285 327
285 328
285 330
285 332
285 333
285 335
285 445
285 582
285 583
285 584
286 287
286 292
286 305
286 320
286 321
286 322
286 323
286 324
286 327
286 328
286 329
286 330
286 332
286 333
286 335
286 393
286 395
286 530
286 555
286 582
286 583
286 584
287 291
287 292
287 321
287 322
287 323
287 325
287 487
287 529
287 531
287 533
287 547
287 548
287 549
287 551
287 555
287 579
287 582
287 583
287 584
287 586
289 305
289 308
289 321
289 322
289 323
289 325
289 551
289 582
290 312
290 359
290 383
290 470
290 535
290 538
290 547
290 548
290 551
290 566
290 579
290 584
290 591
291 292
291 304
291 308
291 312
291 326
291 535
291 546
291 547
291 548
291 549
291 551
291 553
291 555
291 579
291 584
291 587
292 322
292 555
292 584
292 587
294 304
294 537
295 298
295 422
295 434
295 594
295 597
296 297
296 298
296 299
296 300
296 364
296 374
296 403
296 420
296 422
296 425
296 428
296 434
296 437
296 448
296 449
296 466
296 565
296 590
296 592
296 594
296 597
296 600
297 364
297 365
297 565
297 590
297 592
298 299
298 300
298 339
298 341
298 374
298 403
298 416
298 419
298 420
298 422
298 423
298 425
298 428
298 434
298 437
298 442
298 446
298 448
298 449
298 450
298 453
298 454
298 461
298 466
298 543
298 592
298 594
298 595
298 597
298 599
298 600
299 300
299 374
299 416
299 419
299 420
299 434
299 437
299 448
299 466
299 544
299 592
299 594
299 596
299 597
299 599
299 600
300 419
300 420
300 428
300 434
300 453
300 454
300 456
300 466
300 592
300 594
300 596
300 597
300 599
301 302
301 386
301 408
301 444
302 304
302 386
302 441
302 447
302 496
302 498
302 521
303 313
303 319
303 320
303 334
303 385
303 386
303 393
303 395
303 397
303 398
303 411
303 487
303 496
303 504
303 519
303 530
304 308
304 312
304 324
304 326
304 329
304 331
305 308
305 322
305 323
305 324
305 325
305 329
305 333
305 335
305 393
305 398
305 583
306 308
306 309
308 312
308 321
308 326
308 393
308 519
309 313
309 315
309 316
309 336
309 392
309 479
309 580
312 326
312 331
312 359
312 470
312 566
313 315
313 316
313 318
313 334
313 336
313 388
313 392
313 400
313 559
313 562
313 580
315 316
315 317
315 318
315 319
315 320
315 322
315 334
315 335
315 336
315 360
315 385
315 388
315 389
315 396
315 400
315 477
315 479
315 511
315 530
315 557
315 562
315 580
316 317
316 318
316 319
316 320
316 334
316 336
316 354
316 360
316 385
316 388
316 392
316 477
316 479
316 480
316 485
316 511
316 557
316 559
316 562
316 580
317 318
317 319
317 320
317 322
317 334
317 335
317 336
317 360
317 385
317 386
317 388
317 389
317 395
317 396
317 398
317 400
317 401
317 445
317 479
317 496
317 504
317 512
317 530
317 557
317 562
317 580
318 319
318 320
318 322
318 334
318 335
318 336
318 360
318 385
318 388
318 389
318 400
318 477
318 479
318 557
318 562
318 580
319 320
319 322
319 323
319 327
319 334
319 335
319 336
319 360
319 385
319 386
319 388
319 389
319 393
319 395
319 396
319 398
319 445
319 477
319 479
319 487
319 504
319 530
319 557
319 562
319 580
319 582
319 586
320 321
320 322
320 323
320 327
320 332
320 334
320 335
320 336
320 385
320 386
320 388
320 389
320 395
320 396
320 397
320 398
320 400
320 401
320 469
320 487
320 494
320 496
320 501
320 504
320 530
320 557
320 562
320 582
320 583
320 586
321 322
321 323
321 325
321 327
321 332
321 335
321 386
321 389
321 393
321 395
321 398
321 443
321 467
321 530
321 531
321 534
321 547
321 555
321 579
321 582
321 583
321 584
321 586
322 323
322 325
322 327
322 332
322 335
322 386
322 389
322 393
322 395
322 398
322 443
322 445
322 447
322 487
322 501
322 521
322 530
322 555
322 582
322 583
322 584
322 586
323 324
323 325
323 326
323 327
323 328
323 329
323 330
323 332
323 333
323 335
323 393
323 395
323 445
323 530
323 582
323 583
323 584
324 326
324 329
324 331
324 333
325 327
325 389
325 582
325 583
325 584
326 329
326 331
326 333
327 328
327 330
327 332
327 334
327 335
327 389
327 398
327 426
327 445
327 582
327 583
328 330
328 332
328 335
328 393
328 395
328 398
328 411
328 430
328 504
328 519
329 331
329 332
329 333
329 583
330 332
330 335
330 398
330 411
330 445
330 498
330 583
331 333
331 412
332 333
332 334
332 335
332 398
332 445
332 529
332 530
332 582
332 583
332 584
333 335
333 583
334 335
334 336
334 385
334 388
334 389
334 396
334 400
334 401
334 477
334 479
334 530
334 557
334 562
334 580
335 385
335 393
335 395
335 398
335 400
335 411
335 496
335 504
335 530
335 583
336 389
336 391
336 392
336 394
336 396
336 397
336 400
336 401
336 477
336 479
336 485
336 489
336 530
336 533
336 557
336 562
336 580
337 338
337 340
337 342
337 343
337 344
337 347
337 406
337 468
338 340
338 342
338 343
338 344
338 347
338 382
338 468
338 574
338 575
339 341
339 342
339 347
339 350
339 367
339 374
339 382
339 403
339 406
339 416
339 434
339 448
339 449
339 594
340 342
340 343
340 344
340 347
340 465
341 344
341 355
341 357
342 343
342 344
342 346
342 347
342 350
342 382
342 406
342 468
342 574
343 344
343 347
343 350
343 382
343 406
343 468
343 574
343 575
344 346
344 350
344 382
344 406
344 409
344 410
344 468
345 352
345 358
345 438
345 441
345 447
347 350
347 382
347 406
347 449
348 375
348 438
348 499
348 505
349 366
350 406
350 442
350 449
350 492
350 497
351 352
351 412
351 443
351 447
351 534
352 358
352 445
352 446
352 447
353 354
353 356
353 366
353 388
353 429
353 430
353 432
353 440
354 356
354 362
354 388
354 477
354 580
355 356
356 362
357 413
357 451
357 526
358 438
358 440
358 443
358 444
358 446
358 447
358 448
358 450
358 459
358 494
358 514
359 412
359 418
359 470
360 388
360 477
360 480
360 562
361 414
362 363
364 365
364 367
364 374
364 376
364 377
364 380
364 403
364 415
364 422
364 425
364 428
364 429
364 592
364 599
365 370
365 374
365 376
365 377
365 378
365 379
365 380
365 381
365 422
366 378
366 380
366 381
366 415
366 420
366 422
366 423
366 424
366 425
366 428
366 429
366 430
366 434
366 450
366 594
366 596
366 599
367 373
367 374
367 403
367 404
367 433
367 437
368 370
368 373
368 421
368 596
368 598
368 600
369 372
369 432
370 596
370 598
371 541
372 432
372 458
372 461
373 376
373 425
373 428
373 429
373 600
374 376
374 377
374 379
374 380
374 403
374 404
374 415
374 416
374 420
374 422
374 423
374 424
374 425
374 429
374 434
374 435
374 437
374 446
374 448
374 592
374 594
376 377
376 378
376 379
376 380
376 381
376 422
377 378
377 379
377 380
377 381
377 405
377 422
377 592
378 379
378 380
378 381
378 405
378 422
379 380
379 381
379 471
380 381
380 405
380 422
380 592
381 405
382 406
382 439
382 441
384 385
384 392
384 394
384 395
384 396
384 400
384 435
384 436
384 451
384 490
384 496
384 530
385 386
385 388
385 389
385 393
385 395
385 396
385 400
385 402
385 477
385 491
385 496
385 504
385 513
385 530
385 562
385 580
386 389
386 393
386 395
386 396
386 397
386 398
386 401
386 404
386 408
386 443
386 445
386 447
386 467
386 487
386 491
386 494
386 496
386 501
386 504
386 510
386 512
386 514
386 519
386 530
386 531
386 534
386 583
386 586
387 463
387 478
387 508
387 516
387 517
387 523
387 528
387 535
387 539
387 540
387 542
387 546
387 547
387 548
387 549
387 550
387 551
387 552
387 554
387 555
387 564
387 569
387 570
387 571
387 573
387 574
387 575
387 579
387 581
387 584
388 389
388 477
388 479
388 480
388 557
388 562
388 580
389 395
389 443
389 445
389 479
389 487
389 494
389 501
389 530
389 557
389 562
389 580
389 582
389 583
389 586
390 489
391 392
391 394
391 489
391 490
391 495
391 532
391 533
392 435
392 490
392 503
392 559
393 394
393 395
393 396
393 397
393 398
393 411
393 467
393 491
393 496
393 504
393 519
393 530
394 395
394 435
394 489
394 490
394 491
394 492
394 495
394 496
394 503
394 514
394 519
394 532
395 396
395 397
395 398
395 399
395 400
395 401
395 417
395 436
395 445
395 451
395 467
395 491
395 494
395 496
395 503
395 504
395 514
395 519
395 530
395 533
395 583
396 400
396 401
396 408
396 436
396 451
396 491
396 494
396 496
396 504
396 513
396 530
396 557
396 562
397 399
397 400
397 401
397 417
397 451
397 467
397 494
397 496
397 503
397 504
397 519
397 530
397 533
397 534
398 411
398 415
398 419
398 445
398 496
398 504
398 519
398 530
398 583
399 401
399 412
399 417
399 467
399 494
399 519
399 530
399 531
399 533
399 534
400 401
400 491
400 496
400 530
400 562
401 413
401 443
401 451
401 467
401 494
401 501
401 504
401 530
401 533
401 534
402 409
402 423
402 450
402 490
402 496
402 510
402 511
402 595
403 404
403 405
403 415
403 422
403 423
403 425
403 429
403 437
403 448
403 592
403 594
404 408
404 415
404 417
404 418
404 419
404 423
404 425
404 429
404 436
404 437
404 443
404 446
404 448
404 451
404 510
404 530
405 422
405 429
405 448
406 407
406 409
406 416
406 434
406 449
406 492
407 409
408 409
408 410
408 413
408 416
408 417
408 423
408 425
408 434
408 436
408 437
408 443
408 446
408 447
408 449
408 450
408 454
408 458
408 459
408 467
408 490
408 492
408 494
408 496
408 504
408 510
408 512
408 513
408 514
408 519
408 530
408 545
408 600
409 410
409 413
409 438
409 447
409 459
409 494
409 514
409 521
410 443
410 494
410 510
410 514
410 534
411 415
411 417
411 419
411 504
411 519
412 414
412 533
412 534
413 414
413 416
413 437
413 440
413 443
413 445
413 446
413 451
413 494
413 510
413 514
415 417
415 419
415 425
415 429
415 430
415 436
415 437
415 445
415 446
415 448
415 519
416 417
416 419
416 420
416 422
416 423
416 424
416 425
416 428
416 429
416 432
416 434
416 435
416 437
416 440
416 446
416 448
416 449
416 450
416 454
416 458
416 461
416 466
416 492
416 497
416 510
416 514
416 543
416 594
416 597
416 600
417 419
417 425
417 430
417 435
417 436
417 437
417 450
417 458
417 467
417 492
417 494
417 496
417 503
417 504
417 519
417 530
418 531
419 425
419 434
419 436
419 437
419 448
419 449
419 454
419 466
419 504
419 514
419 519
419 543
419 544
419 545
419 594
419 595
419 597
419 600
420 422
420 423
420 448
420 450
420 454
420 466
420 592
420 594
420 596
420 599
420 600
421 428
421 456
421 600
422 423
422 425
422 428
422 429
422 430
422 434
422 448
422 450
422 458
422 461
422 466
422 506
422 592
422 594
422 599
423 424
423 425
423 428
423 429
423 430
423 434
423 437
423 440
423 446
423 448
423 450
423 451
423 454
423 494
423 510
423 514
423 543
423 594
423 599
423 600
424 430
424 440
424 448
424 450
424 451
424 510
424 599
424 600
425 428
425 429
425 430
425 432
425 434
425 437
425 440
425 446
425 448
425 449
425 450
425 454
425 456
425 458
425 461
425 466
425 494
425 504
425 510
425 512
425 543
425 545
425 594
425 599
425 600
426 427
427 430
427 568
428 429
428 430
428 432
428 434
428 437
428 446
428 449
428 450
428 454
428 456
428 458
428 461
428 466
428 497
428 510
428 512
428 543
428 592
428 594
428 597
428 599
428 600
429 430
429 434
429 435
429 437
429 446
429 448
429 450
429 458
429 461
429 504
429 594
430 432
430 434
430 437
430 440
430 446
430 448
430 450
430 458
430 494
430 503
430 504
430 510
430 543
430 600
431 432
432 434
432 437
432 440
432 450
432 458
432 461
432 502
432 543
432 545
434 435
434 437
434 440
434 446
434 448
434 449
434 450
434 454
434 456
434 458
434 461
434 466
434 504
434 510
434 512
434 543
434 592
434 594
434 595
434 597
434 599
434 600
435 436
435 442
435 446
435 448
435 450
435 451
435 461
435 490
435 492
435 495
435 503
435 504
435 514
435 594
436 451
436 490
436 491
436 492
436 496
436 503
436 504
436 519
436 530
437 440
437 443
437 444
437 446
437 448
437 449
437 450
437 454
437 456
437 466
437 504
437 510
437 512
437 514
437 543
437 544
437 545
437 594
437 597
437 600
438 439
438 440
438 441
438 443
438 447
438 459
439 440
439 441
439 444
440 443
440 446
440 447
440 448
440 450
440 494
440 510
440 543
440 545
441 447
442 466
442 492
442 497
442 594
442 597
443 444
443 445
443 447
443 462
443 487
443 494
443 514
443 531
443 533
443 534
443 545
444 510
445 447
445 545
445 583
446 448
446 449
446 450
446 451
446 459
446 461
446 466
446 490
446 492
446 510
446 514
446 594
447 487
447 494
447 498
447 514
447 521
447 534
447 544
447 545
448 449
448 450
448 466
448 514
448 592
448 594
448 600
449 450
449 454
449 456
449 461
449 466
449 468
449 492
449 497
449 510
449 512
449 514
449 541
449 543
449 544
449 545
449 565
449 597
450 451
450 454
450 456
450 458
450 459
450 461
450 466
450 490
450 492
450 494
450 504
450 510
450 514
450 543
450 594
450 597
450 599
450 600
451 490
451 492
451 510
451 530
452 453
452 455
452 463
452 527
452 528
452 540
452 542
452 558
452 571
453 454
453 455
453 456
453 494
453 510
453 512
453 513
453 524
453 525
453 543
453 544
453 560
453 563
453 571
454 456
454 466
454 510
454 512
454 513
454 543
454 544
454 594
454 599
454 600
455 464
455 465
455 493
455 507
455 518
455 542
455 558
455 571
455 576
455 578
456 461
456 466
456 497
456 510
456 512
456 543
456 578
456 594
456 597
456 600
457 577
457 578
457 592
457 594
457 595
457 597
458 461
458 494
458 496
458 503
458 504
458 512
458 594
458 599
459 494
459 499
459 503
459 504
459 510
459 512
459 514
459 524
461 466
461 506
461 543
461 545
461 578
461 594
461 597
463 508
463 516
463 527
463 528
463 535
463 540
463 542
463 548
463 550
463 552
463 554
463 558
463 561
463 563
463 564
463 570
463 571
463 572
463 574
463 575
463 577
463 581
464 465
464 500
464 518
464 520
465 468
465 493
465 500
465 516
465 518
465 520
465 528
465 542
465 578
466 468
466 497
466 543
466 544
466 578
466 592
466 594
466 597
467 494
467 496
467 503
467 504
467 514
467 519
467 521
467 530
467 531
467 533
467 534
468 497
468 505
468 508
468 516
468 518
468 528
468 541
468 544
468 565
468 571
468 574
468 575
468 578
469 501
469 557
469 561
469 569
469 576
469 586
470 566
470 588
471 475
472 474
472 566
472 579
473 538
473 556
473 566
474 476
475 478
477 479
477 485
477 511
477 557
477 562
477 569
477 580
478 508
478 535
478 546
478 556
478 573
478 575
479 485
479 557
479 562
479 569
479 580
479 581
480 483
480 485
481 482
481 484
481 486
481 585
482 483
482 585
483 485
483 585
484 529
484 585
485 511
485 559
485 562
485 580
486 535
486 547
486 548
486 551
486 552
486 584
487 494
487 501
487 557
487 586
488 556
489 490
489 495
489 532
490 492
490 495
490 503
490 514
491 492
491 496
491 519
491 530
492 503
492 513
492 514
492 519
493 507
493 516
493 518
493 540
493 542
493 548
493 549
493 551
493 553
493 554
494 496
494 499
494 501
494 503
494 504
494 510
494 512
494 513
494 514
494 530
494 531
494 534
494 545
496 504
496 513
496 514
496 519
496 530
496 595
497 515
497 518
497 541
497 594
499 500
499 501
499 503
499 504
499 514
499 521
499 576
501 504
501 536
501 576
501 586
502 505
502 577
502 578
503 504
503 519
503 530
504 513
504 514
504 519
504 530
504 543
504 595
505 512
505 531
505 544
505 545
505 574
505 577
505 578
506 545
507 508
507 509
507 518
507 527
507 540
507 541
507 542
507 581
508 509
508 516
508 518
508 527
508 528
508 540
508 541
508 542
508 564
508 565
508 571
508 574
508 575
508 593
509 541
509 542
510 512
510 513
510 514
510 600
511 559
511 562
511 580
511 581
512 513
512 524
512 541
512 544
512 545
513 514
513 519
513 524
513 530
514 519
514 521
514 530
514 531
514 534
514 600
515 520
516 517
516 518
516 528
516 535
516 539
516 540
516 542
516 547
516 548
516 550
516 551
516 552
516 554
516 564
516 571
516 572
516 574
516 575
516 579
517 518
517 521
517 523
517 528
517 531
517 535
517 540
517 541
517 542
517 548
517 550
517 551
517 552
517 555
517 570
517 571
517 573
517 574
517 575
517 579
518 520
518 528
518 540
518 541
518 542
518 571
518 574
519 530
519 531
521 551
521 555
521 573
522 556
522 557
522 595
523 525
523 540
523 541
523 571
525 527
526 559
527 558
527 571
528 535
528 539
528 540
528 541
528 542
528 548
528 550
528 551
528 554
528 564
528 570
528 571
528 572
528 573
528 574
528 575
528 577
528 578
528 579
529 531
529 535
529 536
529 547
529 548
529 549
529 550
529 551
529 552
529 553
529 554
529 555
529 583
529 584
530 533
530 583
531 534
531 536
531 545
531 547
531 548
531 551
531 555
531 579
531 584
532 533
533 534
535 540
535 542
535 546
535 547
535 548
535 549
535 550
535 551
535 552
535 553
535 554
535 564
535 566
535 573
535 574
535 575
535 579
535 584
535 587
536 548
536 551
536 552
536 553
536 554
536 587
538 566
538 567
538 588
538 589
539 540
539 564
539 565
539 571
539 577
540 541
540 542
540 547
540 548
540 550
540 551
540 552
540 554
540 564
540 571
540 572
540 574
540 575
540 577
540 579
540 581
541 542
541 565
541 571
541 574
541 575
541 577
541 578
542 548
542 550
542 551
542 552
542 554
542 561
542 571
542 574
542 575
542 579
542 581
542 587
543 594
543 595
543 597
543 600
544 545
545 577
546 547
546 548
546 549
546 550
546 551
546 570
546 573
546 579
546 583
546 584
547 548
547 549
547 550
547 551
547 552
547 553
547 554
547 555
547 566
547 579
547 583
547 584
547 587
548 549
548 550
548 551
548 552
548 553
548 554
548 555
548 566
548 573
548 574
548 575
548 579
548 581
548 584
548 587
549 550
549 551
549 552
549 553
549 554
549 555
549 579
549 584
550 551
550 552
550 554
550 570
550 571
550 572
550 573
550 574
550 575
550 579
550 581
550 584
551 552
551 553
551 554
551 555
551 566
551 573
551 574
551 575
551 579
551 583
551 584
551 587
552 553
552 554
552 571
552 572
552 574
552 575
552 577
552 579
552 587
553 554
553 584
554 574
554 575
554 579
554 587
555 579
555 583
555 584
556 567
557 560
557 561
557 562
557 567
557 569
557 580
557 581
557 586
558 560
558 561
558 563
558 567
558 571
558 575
558 576
559 562
559 580
560 561
560 563
560 567
560 569
560 570
560 571
560 572
560 575
560 580
560 581
561 563
561 567
561 569
561 570
561 571
561 572
561 574
561 575
561 576
561 580
561 581
562 569
562 580
562 581
563 570
563 571
563 572
563 575
564 565
564 566
564 571
564 574
564 577
565 571
565 574
565 590
566 579
567 569
567 573
567 576
567 580
567 581
569 570
569 573
569 580
569 581
570 571
570 572
570 573
570 574
570 575
571 572
571 574
571 575
571 577
571 581
572 574
572 575
572 577
573 574
573 575
573 581
574 575
574 577
575 577
575 578
575 581
575 587
576 577
576 578
577 578
579 583
579 584
579 587
579 591
580 581
582 583
582 584
582 586
583 584
583 586
584 586
590 592
592 594
592 597
592 599
594 597
594 599
594 600
595 597
596 598
596 599
597 599
597 600
599 600
