600 7189

1 2
1 3
1 93
1 283
1 301
1 302
1 489
1 580
2 3
2 21
2 93
2 94
2 97
2 100
2 101
2 103
2 104
2 105
2 283
2 289
2 301
2 390
2 391
2 489
2 499
3 7
3 16
3 20
3 21
3 22
3 93
3 94
3 100
3 104
3 320
4 5
4 22
4 322
4 529
5 7
5 21
5 22
5 24
5 25
5 28
5 29
5 30
5 31
5 32
5 35
5 37
5 38
5 40
5 97
5 101
5 103
5 220
5 221
5 304
5 305
5 320
5 322
5 323
5 324
5 326
5 327
5 329
5 332
5 333
5 334
5 335
5 447
5 530
6 15
6 17
7 320
7 333
7 335
7 478
7 551
7 559
8 12
8 16
8 20
8 100
8 104
8 200
8 311
8 315
9 218
10 495
11 12
11 16
11 20
11 47
11 94
11 95
11 96
11 97
11 98
11 100
11 102
11 298
11 303
11 317
11 344
11 385
11 386
11 388
11 389
11 390
11 391
11 398
11 402
11 410
11 411
11 579
11 580
11 595
12 16
12 100
13 15
13 174
13 314
14 76
15 17
15 314
16 20
16 100
16 102
16 315
16 473
17 19
17 297
17 316
17 318
18 93
18 98
18 105
18 110
18 118
18 120
18 283
18 499
18 580
19 318
19 319
19 361
20 21
20 36
20 93
20 94
20 100
20 102
20 103
20 104
20 105
20 390
21 32
21 36
21 97
21 100
21 101
21 102
21 103
21 104
21 106
21 301
21 304
21 320
21 321
21 324
21 329
21 332
21 348
21 389
21 390
21 391
21 393
21 395
21 398
21 447
21 489
22 25
22 28
22 30
22 31
22 32
22 35
22 38
22 101
22 220
22 290
22 291
22 292
22 305
22 320
22 322
22 323
22 324
22 325
22 327
22 329
22 333
22 335
22 443
22 447
22 484
22 586
23 30
23 38
24 27
24 29
24 30
24 32
24 35
24 36
24 37
24 38
24 106
24 220
24 221
24 284
24 305
24 308
24 320
24 323
24 324
24 327
24 329
24 330
24 332
24 333
24 334
24 335
24 336
24 447
24 530
25 28
25 30
25 31
25 34
25 220
25 284
25 286
25 287
25 290
25 291
25 292
25 305
25 322
25 323
25 324
25 325
25 327
25 329
25 333
25 335
25 443
25 462
25 529
25 583
25 584
25 585
25 586
25 587
26 71
26 72
26 144
26 221
26 305
26 329
26 335
26 368
26 529
26 530
27 28
27 30
27 35
27 70
27 71
27 72
27 101
27 284
27 293
27 301
27 304
27 305
27 327
27 329
27 333
27 335
27 395
27 530
28 30
28 31
28 34
28 70
28 220
28 284
28 305
28 322
28 323
28 324
28 325
28 327
28 329
28 332
28 333
28 335
29 30
29 32
29 35
29 36
29 38
29 101
29 320
29 324
29 326
29 327
29 329
29 330
29 331
29 332
29 333
29 335
29 447
30 31
30 32
30 33
30 35
30 36
30 38
30 66
30 221
30 284
30 305
30 322
30 323
30 324
30 327
30 329
30 330
30 332
30 333
30 335
31 33
31 34
31 35
31 78
31 220
31 284
31 305
31 323
31 325
31 327
31 329
31 332
31 333
31 335
32 35
32 36
32 37
32 38
32 221
32 308
32 312
32 320
32 324
32 326
32 327
32 329
32 330
32 331
32 332
32 333
32 334
32 335
33 237
33 286
33 287
33 327
33 332
33 547
33 555
33 557
34 78
34 99
34 327
34 372
35 36
35 37
35 38
35 66
35 221
35 308
35 320
35 324
35 326
35 329
35 330
35 331
35 332
35 333
35 334
35 335
35 336
35 447
35 530
36 38
36 101
36 103
36 324
36 332
36 335
37 38
37 308
37 320
37 323
37 324
37 332
37 333
37 334
37 335
37 336
38 221
38 284
38 320
38 323
38 324
38 329
38 330
38 332
38 333
38 334
38 335
38 336
39 42
39 47
39 53
39 88
39 95
39 113
39 115
39 116
39 117
39 120
39 130
39 337
39 338
39 405
39 580
40 44
40 66
40 78
40 220
40 362
40 363
40 440
41 45
41 48
41 85
41 86
41 87
41 89
41 90
41 339
41 342
41 343
41 346
41 357
41 379
41 380
42 45
42 47
42 53
42 60
42 82
42 92
42 94
42 95
42 98
42 115
42 116
42 117
42 120
42 317
42 338
42 340
42 344
42 385
42 386
42 402
42 410
42 411
43 44
43 48
43 49
43 58
43 61
43 68
43 75
43 79
43 84
43 85
43 86
43 87
43 91
43 126
43 136
43 137
43 138
43 139
43 140
43 150
43 339
43 341
43 353
43 354
43 355
43 356
43 362
43 373
43 374
43 376
43 377
43 379
43 380
43 415
43 420
43 422
43 423
43 425
43 428
43 429
43 430
43 431
43 432
43 433
43 434
43 435
43 436
43 437
43 440
43 441
43 444
43 446
43 448
43 458
43 461
44 49
44 50
44 58
44 60
44 61
44 63
44 65
44 66
44 68
44 74
44 75
44 80
44 84
44 126
44 127
44 129
44 134
44 135
44 137
44 138
44 140
44 144
44 149
44 150
44 339
44 341
44 345
44 353
44 354
44 355
44 356
44 357
44 359
44 362
44 374
44 421
44 429
44 430
44 431
44 432
44 434
44 436
44 437
44 438
44 440
44 444
44 446
44 448
45 46
45 47
45 54
45 57
45 338
45 346
46 48
46 54
46 342
46 343
46 346
46 347
46 349
47 60
47 82
47 94
47 95
47 98
47 298
47 317
47 338
47 344
47 385
47 386
47 410
47 411
47 473
47 579
48 52
48 54
48 58
48 65
48 86
48 87
48 339
48 342
48 343
48 346
48 347
48 349
48 363
49 58
49 65
49 66
49 68
49 73
49 75
49 79
49 80
49 81
49 83
49 84
49 85
49 86
49 87
49 90
49 126
49 127
49 129
49 130
49 131
49 134
49 136
49 137
49 138
49 140
49 141
49 145
49 150
49 151
49 152
49 161
49 204
49 339
49 341
49 353
49 354
49 355
49 356
49 357
49 362
49 367
49 373
49 374
49 377
49 379
49 403
49 409
49 415
49 418
49 420
49 421
49 422
49 423
49 424
49 425
49 428
49 430
49 431
49 432
49 433
49 434
49 435
49 436
49 437
49 440
49 446
49 448
49 451
49 456
49 458
49 461
49 501
50 60
50 74
50 75
50 78
50 80
50 127
50 132
50 144
50 145
50 341
50 366
50 368
50 372
50 421
50 440
51 54
51 62
51 63
51 67
51 343
51 349
51 358
51 363
52 86
53 55
53 57
53 60
53 95
53 116
53 120
53 344
53 385
53 469
54 56
54 342
54 343
54 347
54 349
55 64
55 95
55 98
55 120
55 124
55 385
55 411
56 77
56 387
56 595
57 60
57 65
57 343
58 61
58 65
58 66
58 68
58 75
58 84
58 86
58 87
58 126
58 127
58 136
58 140
58 150
58 339
58 341
58 353
58 354
58 355
58 356
58 357
58 359
58 362
58 363
58 374
58 415
58 434
58 436
58 437
58 440
58 446
58 448
58 458
59 64
59 351
59 361
59 414
60 65
60 66
60 80
60 82
60 317
60 341
60 353
60 359
60 421
60 431
60 579
61 66
61 75
61 78
61 84
61 341
61 353
61 354
61 355
61 356
61 359
61 362
61 440
62 352
62 360
63 65
63 339
63 345
63 357
63 362
64 358
64 361
64 413
64 414
65 84
65 85
65 86
65 87
65 126
65 140
65 150
65 339
65 341
65 345
65 353
65 354
65 355
65 356
65 357
65 359
65 362
65 374
65 448
66 67
66 75
66 78
66 79
66 80
66 140
66 332
66 341
66 353
66 354
66 355
66 356
66 359
66 362
66 363
66 372
66 374
66 421
67 351
67 363
68 69
68 73
68 75
68 79
68 80
68 81
68 83
68 84
68 85
68 87
68 126
68 129
68 131
68 133
68 134
68 135
68 136
68 137
68 138
68 140
68 141
68 145
68 149
68 150
68 151
68 161
68 204
68 341
68 354
68 355
68 364
68 373
68 374
68 375
68 403
68 409
68 415
68 420
68 421
68 422
68 423
68 424
68 425
68 428
68 429
68 430
68 431
68 432
68 433
68 434
68 435
68 436
68 437
68 438
68 440
68 446
68 448
68 451
68 456
68 458
68 461
68 501
69 71
69 72
69 81
69 106
69 129
69 137
69 364
69 368
69 374
69 375
69 395
69 421
69 422
69 431
69 434
69 437
70 72
70 77
70 78
70 101
70 365
70 366
70 530
71 72
71 76
71 77
71 101
71 106
71 335
71 365
71 366
71 368
71 370
71 391
71 395
71 530
71 598
72 74
72 76
72 77
72 78
72 82
72 293
72 365
72 366
72 368
72 370
72 372
72 375
72 387
72 421
72 529
72 530
73 79
73 83
73 84
73 85
73 86
73 87
73 131
73 134
73 137
73 139
73 140
73 150
73 151
73 154
73 155
73 161
73 190
73 367
73 371
73 373
73 374
73 377
73 378
73 379
73 422
73 423
73 424
73 428
73 430
73 432
73 433
73 434
73 436
73 448
73 454
73 515
74 75
74 78
74 82
74 127
74 132
74 133
74 134
74 135
74 144
74 345
74 362
74 366
74 368
74 369
74 372
74 421
74 426
74 429
74 430
74 441
75 78
75 79
75 80
75 84
75 127
75 132
75 134
75 136
75 137
75 138
75 140
75 149
75 150
75 339
75 341
75 345
75 354
75 355
75 362
75 366
75 367
75 368
75 369
75 371
75 372
75 374
75 422
75 426
75 428
75 429
75 430
75 431
75 432
75 433
75 434
75 437
75 438
75 440
75 441
75 446
75 448
75 458
76 77
76 82
76 127
76 293
76 368
76 370
76 387
76 595
77 78
77 366
77 530
78 82
78 144
78 220
78 362
78 363
78 365
78 366
78 368
78 372
78 530
79 80
79 81
79 83
79 84
79 126
79 129
79 131
79 134
79 135
79 136
79 137
79 138
79 140
79 141
79 145
79 150
79 151
79 204
79 341
79 354
79 367
79 373
79 374
79 375
79 376
79 403
79 420
79 421
79 422
79 423
79 424
79 425
79 428
79 429
79 430
79 431
79 432
79 433
79 434
79 435
79 436
79 437
79 444
79 446
79 448
79 456
79 458
79 461
79 501
80 81
80 84
80 126
80 129
80 131
80 136
80 138
80 140
80 141
80 144
80 150
80 204
80 226
80 341
80 354
80 355
80 368
80 373
80 374
80 375
80 376
80 421
80 422
80 423
80 424
80 428
80 430
80 432
80 434
80 435
80 437
80 440
80 446
80 447
80 456
80 458
80 461
81 83
81 84
81 85
81 87
81 126
81 129
81 131
81 136
81 140
81 150
81 151
81 204
81 221
81 373
81 374
81 415
81 420
81 422
81 423
81 424
81 432
81 434
81 436
81 437
81 446
81 448
81 456
81 458
81 461
82 94
82 95
82 99
82 127
82 132
82 338
82 366
82 372
82 375
82 386
82 387
82 421
82 579
82 595
83 84
83 85
83 86
83 87
83 88
83 89
83 90
83 91
83 121
83 126
83 129
83 130
83 131
83 134
83 136
83 137
83 139
83 140
83 141
83 150
83 151
83 154
83 204
83 373
83 374
83 377
83 378
83 379
83 380
83 403
83 409
83 418
83 420
83 422
83 423
83 424
83 425
83 428
83 430
83 432
83 434
83 435
83 436
83 440
83 446
83 448
83 451
83 454
83 458
83 461
83 501
83 515
83 578
84 85
84 86
84 87
84 126
84 129
84 131
84 134
84 136
84 137
84 138
84 139
84 140
84 141
84 144
84 150
84 151
84 161
84 204
84 339
84 341
84 353
84 354
84 355
84 356
84 357
84 362
84 373
84 374
84 376
84 377
84 379
84 415
84 418
84 420
84 422
84 423
84 424
84 425
84 428
84 429
84 430
84 431
84 432
84 433
84 434
84 435
84 436
84 437
84 438
84 440
84 444
84 446
84 448
84 456
84 458
84 461
85 86
85 87
85 88
85 89
85 90
85 91
85 126
85 139
85 140
85 150
85 151
85 161
85 339
85 354
85 355
85 357
85 374
85 377
85 378
85 379
85 380
85 381
85 425
85 433
85 434
85 436
85 448
85 454
86 87
86 88
86 89
86 90
86 91
86 126
86 139
86 150
86 151
86 339
86 355
86 357
86 367
86 377
86 378
86 379
86 380
86 381
86 433
86 436
86 448
87 88
87 89
87 90
87 91
87 126
87 136
87 139
87 140
87 150
87 151
87 339
87 354
87 355
87 367
87 373
87 374
87 377
87 378
87 379
87 380
87 381
87 415
87 420
87 422
87 425
87 431
87 433
87 434
87 436
87 437
87 440
87 446
87 448
88 89
88 112
88 116
88 126
88 130
88 131
88 139
88 141
88 204
88 379
88 381
88 403
88 405
88 406
88 407
88 409
88 420
89 90
89 91
89 139
89 377
89 378
89 379
89 380
89 381
90 91
90 151
90 377
90 379
90 380
90 381
91 139
91 377
91 378
91 379
91 380
91 433
92 93
92 95
92 98
92 104
92 105
92 107
92 108
92 110
92 112
92 113
92 116
92 120
92 187
92 188
92 201
92 202
92 337
92 340
92 344
92 384
92 385
92 387
92 396
92 398
92 402
92 410
92 419
92 499
92 504
92 580
93 94
93 95
93 98
93 100
93 104
93 105
93 107
93 108
93 110
93 113
93 116
93 120
93 228
93 283
93 489
93 499
93 504
93 580
93 581
94 95
94 97
94 98
94 100
94 104
94 120
94 317
94 344
94 385
94 386
94 389
94 410
94 580
95 96
95 98
95 113
95 115
95 116
95 117
95 120
95 228
95 303
95 337
95 338
95 340
95 344
95 384
95 385
95 386
95 402
95 410
95 411
95 579
95 580
96 97
96 98
96 99
96 184
96 293
96 298
96 300
96 301
96 385
96 386
96 387
96 402
96 579
96 595
97 98
97 99
97 100
97 101
97 103
97 104
97 298
97 301
97 321
97 348
97 387
97 389
97 390
97 391
97 395
97 398
97 489
97 595
98 100
98 104
98 105
98 116
98 117
98 118
98 120
98 298
98 303
98 317
98 344
98 384
98 385
98 386
98 387
98 389
98 390
98 398
98 402
98 410
98 579
98 580
98 595
99 101
99 184
99 262
99 293
99 298
99 301
99 321
99 385
99 387
99 391
99 395
99 489
99 579
99 595
100 101
100 102
100 103
100 104
100 105
100 106
100 283
100 301
100 317
100 321
100 344
100 348
100 384
100 387
100 389
100 390
100 391
100 395
100 398
100 410
100 489
100 499
100 580
100 595
101 103
101 104
101 105
101 106
101 144
101 301
101 304
101 321
101 329
101 333
101 335
101 348
101 387
101 389
101 390
101 391
101 393
101 395
101 397
101 447
101 489
101 595
102 103
102 499
103 104
103 105
103 106
103 301
103 321
103 335
103 348
103 387
103 390
103 391
103 395
103 456
103 489
103 499
104 105
104 106
104 108
104 110
104 118
104 120
104 122
104 188
104 198
104 201
104 202
104 344
104 348
104 384
104 387
104 390
104 391
104 393
104 395
104 398
104 410
104 419
104 474
104 489
104 499
104 504
104 580
105 106
105 108
105 110
105 118
105 120
105 187
105 188
105 198
105 199
105 201
105 202
105 280
105 283
105 301
105 344
105 348
105 384
105 387
105 390
105 391
105 393
105 395
105 396
105 398
105 402
105 409
105 410
105 419
105 420
105 456
105 474
105 489
105 499
105 500
105 504
105 519
105 524
105 580
105 595
105 599
106 144
106 283
106 321
106 390
106 391
106 395
106 397
106 445
106 447
106 489
106 499
107 108
107 111
107 112
107 113
107 114
107 115
107 116
107 187
107 191
107 192
107 199
107 337
107 405
107 406
108 109
108 110
108 111
108 112
108 113
108 114
108 116
108 118
108 120
108 187
108 191
108 192
108 198
108 199
108 201
108 202
108 207
108 280
108 283
108 384
108 407
108 419
108 460
108 474
108 499
108 500
108 504
108 509
108 524
108 580
109 110
109 111
109 112
109 114
109 116
109 117
109 118
109 129
109 131
109 141
109 154
109 171
109 187
109 190
109 191
109 192
109 193
109 194
109 195
109 197
109 199
109 202
109 204
109 206
109 207
109 212
109 214
109 216
109 222
109 223
109 281
109 396
109 403
109 404
109 406
109 407
109 408
109 409
109 420
109 422
109 423
109 424
109 435
109 451
109 452
109 460
109 461
109 467
109 490
109 491
109 492
109 494
109 496
109 500
109 501
109 503
109 507
109 514
109 515
109 518
109 524
109 578
110 111
110 112
110 113
110 114
110 116
110 117
110 118
110 120
110 129
110 141
110 187
110 188
110 191
110 194
110 195
110 198
110 199
110 201
110 202
110 204
110 280
110 283
110 340
110 384
110 396
110 402
110 403
110 404
110 406
110 407
110 408
110 409
110 410
110 419
110 420
110 423
110 460
110 474
110 489
110 499
110 500
110 501
110 504
110 509
110 524
110 580
110 581
111 112
111 113
111 114
111 115
111 116
111 117
111 118
111 130
111 141
111 154
111 171
111 182
111 187
111 191
111 192
111 193
111 194
111 197
111 199
111 202
111 206
111 207
111 212
111 216
111 281
111 337
111 340
111 384
111 394
111 396
111 400
111 403
111 404
111 405
111 406
111 407
111 408
111 409
111 435
111 451
111 452
111 460
111 461
111 467
111 490
111 491
111 492
111 496
111 500
111 501
111 503
111 504
111 507
111 509
111 515
111 518
111 523
111 524
111 581
112 113
112 114
112 115
112 116
112 117
112 120
112 129
112 130
112 131
112 141
112 187
112 191
112 194
112 199
112 337
112 403
112 404
112 405
112 406
112 407
112 409
112 423
112 435
112 460
112 487
112 501
112 504
112 540
112 581
113 114
113 115
113 116
113 117
113 120
113 130
113 187
113 199
113 201
113 337
113 340
113 403
113 405
113 406
113 407
113 419
113 487
113 504
113 581
114 115
114 116
114 117
114 130
114 141
114 171
114 182
114 187
114 191
114 192
114 194
114 198
114 199
114 206
114 212
114 216
114 337
114 340
114 403
114 404
114 405
114 406
114 407
114 409
114 416
114 419
114 435
114 460
114 461
114 467
114 491
114 504
115 116
115 117
115 120
115 130
115 187
115 191
115 199
115 337
115 340
115 403
115 405
115 406
115 407
115 419
115 504
115 581
116 117
116 119
116 120
116 121
116 129
116 130
116 131
116 141
116 187
116 191
116 194
116 199
116 337
116 340
116 344
116 384
116 385
116 396
116 402
116 403
116 405
116 406
116 407
116 409
116 504
116 540
116 580
116 581
117 118
117 120
117 129
117 130
117 187
117 188
117 191
117 194
117 199
117 337
117 340
117 344
117 384
117 385
117 396
117 402
117 403
117 405
117 406
117 407
117 409
117 410
117 504
117 580
117 581
118 120
118 122
118 188
118 200
118 202
118 280
118 283
118 384
118 387
118 396
118 402
118 410
118 499
118 500
118 504
118 524
118 580
118 581
119 121
119 125
119 157
119 196
119 223
119 282
119 417
119 467
119 534
119 540
120 187
120 201
120 202
120 283
120 303
120 337
120 340
120 344
120 384
120 385
120 396
120 398
120 402
120 410
120 419
120 499
120 504
120 580
120 581
121 125
121 130
121 131
121 146
121 148
121 154
121 157
121 196
121 223
121 412
121 418
121 449
121 450
122 152
122 200
122 202
122 203
122 296
123 290
124 594
125 196
125 417
125 449
125 516
126 129
126 130
126 131
126 134
126 136
126 137
126 138
126 140
126 141
126 150
126 151
126 204
126 341
126 354
126 355
126 356
126 357
126 374
126 375
126 379
126 403
126 409
126 415
126 418
126 420
126 421
126 422
126 423
126 424
126 425
126 428
126 430
126 431
126 432
126 434
126 435
126 436
126 437
126 440
126 446
126 448
126 458
126 461
126 501
127 129
127 140
127 144
127 145
127 204
127 341
127 362
127 366
127 372
127 375
127 420
127 421
127 422
127 425
127 426
127 432
127 434
127 437
127 440
127 446
127 448
127 599
128 131
128 145
128 151
128 161
128 204
128 215
128 278
128 279
128 450
128 457
128 505
128 590
129 130
129 131
129 133
129 134
129 135
129 136
129 137
129 138
129 140
129 141
129 144
129 150
129 188
129 194
129 204
129 341
129 374
129 375
129 403
129 404
129 406
129 407
129 409
129 418
129 420
129 421
129 422
129 423
129 424
129 425
129 426
129 428
129 429
129 430
129 431
129 432
129 434
129 435
129 436
129 437
129 440
129 446
129 448
129 451
129 456
129 458
129 461
129 501
129 599
130 131
130 134
130 140
130 141
130 154
130 171
130 187
130 191
130 194
130 199
130 204
130 337
130 340
130 396
130 403
130 404
130 405
130 406
130 407
130 409
130 420
130 422
130 423
130 424
130 425
130 432
130 435
130 436
130 448
130 451
130 461
130 491
130 501
130 504
131 133
131 134
131 135
131 136
131 140
131 141
131 142
131 144
131 149
131 150
131 151
131 154
131 161
131 190
131 194
131 204
131 223
131 341
131 374
131 375
131 403
131 404
131 407
131 409
131 412
131 418
131 420
131 421
131 422
131 423
131 424
131 425
131 428
131 430
131 432
131 434
131 435
131 436
131 437
131 440
131 446
131 448
131 450
131 451
131 454
131 458
131 461
131 501
131 515
132 133
132 134
132 135
132 137
132 144
132 149
132 341
132 366
132 375
132 421
132 422
132 426
132 428
132 429
132 430
132 437
132 440
132 458
133 134
133 135
133 137
133 144
133 149
133 185
133 199
133 341
133 374
133 421
133 422
133 423
133 424
133 426
133 428
133 429
133 430
133 432
133 434
133 501
134 135
134 136
134 137
134 138
134 140
134 141
134 149
134 150
134 190
134 199
134 204
134 341
134 354
134 355
134 364
134 374
134 375
134 403
134 404
134 421
134 422
134 423
134 424
134 425
134 428
134 429
134 430
134 431
134 432
134 434
134 436
134 437
134 438
134 440
134 441
134 446
134 448
134 451
134 458
134 461
134 501
135 137
135 138
135 140
135 142
135 144
135 149
135 150
135 341
135 354
135 355
135 364
135 374
135 375
135 421
135 422
135 423
135 424
135 426
135 428
135 429
135 430
135 431
135 432
135 434
135 437
135 438
135 440
135 441
135 448
135 501
136 138
136 140
136 141
136 144
136 145
136 150
136 151
136 159
136 161
136 204
136 341
136 354
136 364
136 374
136 375
136 376
136 415
136 420
136 422
136 423
136 424
136 425
136 428
136 430
136 432
136 433
136 434
136 435
136 436
136 437
136 440
136 446
136 448
136 451
136 456
136 458
136 461
137 138
137 140
137 149
137 150
137 204
137 341
137 354
137 355
137 356
137 364
137 367
137 374
137 375
137 376
137 403
137 415
137 420
137 421
137 422
137 423
137 424
137 425
137 428
137 429
137 430
137 431
137 432
137 433
137 434
137 437
137 438
137 440
137 441
137 446
137 448
137 458
138 140
138 150
138 204
138 341
138 367
138 374
138 375
138 415
138 420
138 421
138 422
138 423
138 425
138 428
138 429
138 430
138 431
138 432
138 434
138 437
138 440
138 446
138 448
138 456
138 458
139 367
139 377
139 378
139 379
139 380
139 381
139 433
139 436
140 141
140 144
140 145
140 149
140 150
140 151
140 161
140 204
140 341
140 354
140 355
140 356
140 362
140 364
140 373
140 374
140 375
140 376
140 379
140 403
140 404
140 409
140 415
140 418
140 420
140 421
140 422
140 423
140 424
140 425
140 426
140 428
140 429
140 430
140 431
140 432
140 433
140 434
140 435
140 436
140 437
140 438
140 440
140 441
140 444
140 446
140 448
140 451
140 456
140 458
140 461
140 501
140 515
141 150
141 154
141 171
141 187
141 190
141 191
141 194
141 199
141 204
141 374
141 375
141 403
141 404
141 405
141 406
141 407
141 408
141 409
141 417
141 420
141 422
141 423
141 424
141 425
141 428
141 430
141 432
141 434
141 435
141 436
141 439
141 446
141 448
141 451
141 456
141 458
141 460
141 461
141 490
141 491
141 492
141 500
141 501
141 504
141 515
141 578
142 144
142 146
142 149
142 190
142 221
142 223
142 418
142 422
142 424
142 430
142 437
142 438
142 439
142 440
142 441
142 443
142 445
142 447
142 529
142 530
143 146
143 157
143 196
143 224
143 229
143 233
143 236
143 237
143 238
143 239
143 240
143 241
143 244
143 250
143 254
143 264
143 286
143 443
143 478
143 493
143 498
143 521
143 529
143 531
143 532
143 534
143 539
143 541
143 542
143 546
143 547
143 549
143 554
143 555
143 560
143 561
143 583
143 584
144 149
144 221
144 341
144 355
144 366
144 368
144 375
144 391
144 421
144 422
144 423
144 426
144 428
144 429
144 430
144 432
144 434
144 437
144 438
144 440
144 441
144 444
144 445
144 446
144 447
144 456
144 458
144 489
144 530
145 151
145 152
145 161
145 204
145 408
145 420
145 422
145 423
145 424
145 425
145 428
145 432
145 446
145 448
145 451
145 458
145 461
145 490
145 491
145 492
145 578
146 149
146 157
146 190
146 196
146 223
146 236
146 264
146 439
146 443
146 561
147 160
147 445
147 456
148 149
148 150
148 151
148 161
148 438
149 150
149 276
149 341
149 345
149 374
149 428
149 429
149 430
149 434
149 437
149 438
149 440
149 441
150 151
150 161
150 204
150 341
150 354
150 355
150 356
150 357
150 362
150 364
150 373
150 374
150 377
150 379
150 403
150 412
150 415
150 418
150 420
150 422
150 423
150 424
150 425
150 428
150 429
150 430
150 431
150 432
150 433
150 434
150 435
150 436
150 437
150 438
150 440
150 444
150 446
150 448
150 456
150 458
150 461
150 501
151 152
151 154
151 160
151 161
151 204
151 374
151 418
151 420
151 423
151 424
151 425
151 428
151 432
151 434
151 436
151 437
151 446
151 448
151 449
151 450
151 458
152 160
152 161
152 448
153 156
153 163
153 232
153 263
153 268
153 269
153 271
153 272
153 472
154 155
154 157
154 164
154 171
154 190
154 191
154 194
154 210
154 216
154 217
154 219
154 281
154 408
154 409
154 423
154 424
154 449
154 450
154 451
154 452
154 454
154 460
154 485
154 490
154 491
154 492
154 496
154 501
154 514
154 515
154 516
154 525
154 578
155 197
155 217
155 219
155 272
155 281
155 311
155 454
155 516
155 525
156 162
156 163
156 170
156 173
156 224
156 229
156 232
156 233
156 245
156 247
156 248
156 250
156 252
156 254
156 263
156 267
156 268
156 269
156 270
156 271
156 275
156 453
156 463
156 476
156 512
156 531
156 548
156 550
156 555
156 557
156 558
156 560
156 566
156 570
156 571
156 573
157 190
157 196
157 208
157 224
157 454
157 467
157 468
157 485
157 534
157 545
158 275
159 164
159 455
159 456
160 161
161 204
161 341
161 424
161 428
161 432
161 437
161 448
161 458
162 163
162 252
162 254
162 270
162 275
162 457
162 566
162 570
162 571
162 573
162 576
163 196
163 224
163 248
163 250
163 252
163 254
163 268
163 468
163 570
164 171
165 200
165 203
165 272
165 277
165 278
165 279
165 280
165 459
166 168
166 233
166 266
167 198
167 200
167 201
167 276
167 280
167 471
167 473
168 172
168 229
168 230
168 233
168 234
168 236
168 241
168 258
168 266
168 475
168 478
168 493
168 542
168 561
169 170
169 232
169 243
169 246
169 247
169 259
169 265
169 267
169 268
169 269
169 270
169 476
169 548
169 550
169 573
169 589
170 172
170 243
170 244
170 245
170 246
170 247
170 248
170 250
170 252
170 253
170 254
170 258
170 269
170 270
170 476
170 479
170 528
170 531
170 538
170 547
170 548
170 550
170 554
170 555
170 556
170 557
170 558
170 560
170 566
170 569
170 570
170 573
170 588
170 589
171 191
171 194
171 197
171 199
171 216
171 403
171 404
171 407
171 409
171 435
171 436
171 446
171 451
171 460
171 461
171 474
171 490
171 491
171 492
171 501
171 515
171 523
171 524
171 525
172 229
172 230
172 232
172 233
172 244
172 245
172 247
172 248
172 250
172 251
172 252
172 253
172 254
172 258
172 463
172 478
172 493
172 513
172 521
172 531
172 544
172 547
172 548
172 550
172 555
172 556
172 557
172 558
172 560
172 561
172 563
172 569
172 570
173 453
173 476
173 477
173 481
173 528
175 177
175 179
175 180
175 181
175 182
175 256
175 266
175 289
175 470
175 480
175 482
175 483
175 484
175 487
175 585
175 586
176 178
176 182
176 183
176 206
176 208
176 209
176 256
176 259
176 263
176 265
176 267
176 268
176 269
176 271
176 273
176 480
176 485
177 179
177 180
177 181
177 205
177 289
177 470
177 480
177 482
177 483
177 484
177 486
177 487
177 585
177 586
178 183
178 255
178 259
178 267
178 269
178 270
178 480
178 566
178 571
178 573
179 181
179 266
179 289
179 427
179 470
179 482
179 483
179 484
179 585
179 586
180 484
181 198
181 266
181 482
181 483
181 586
182 206
182 256
182 460
182 467
182 470
183 255
183 259
183 260
183 261
183 263
183 265
183 267
183 268
183 269
183 270
183 295
183 480
183 512
183 565
183 566
183 567
183 589
183 590
183 597
184 289
184 298
184 385
184 484
184 486
186 253
186 257
186 486
187 188
187 191
187 192
187 194
187 198
187 199
187 283
187 337
187 340
187 384
187 396
187 402
187 403
187 404
187 405
187 406
187 407
187 408
187 409
187 420
187 435
187 451
187 460
187 461
187 491
187 492
187 496
187 500
187 501
187 504
187 581
188 202
188 204
188 207
188 280
188 344
188 384
188 385
188 386
188 387
188 396
188 398
188 402
188 403
188 404
188 407
188 408
188 409
188 410
188 420
188 451
188 491
188 499
188 501
188 504
188 509
188 580
188 595
189 230
189 236
189 238
189 291
189 511
190 191
190 194
190 208
190 210
190 223
190 256
190 273
190 423
190 424
190 439
190 451
190 454
190 467
190 485
190 490
190 491
190 507
190 515
190 545
190 578
191 192
191 193
191 194
191 195
191 197
191 198
191 199
191 202
191 206
191 210
191 212
191 216
191 273
191 281
191 340
191 403
191 404
191 405
191 406
191 407
191 408
191 409
191 423
191 435
191 451
191 460
191 461
191 465
191 467
191 490
191 491
191 492
191 496
191 500
191 501
191 507
191 514
191 515
191 518
191 524
191 578
192 194
192 199
192 206
192 207
192 211
192 212
193 194
193 212
193 408
193 492
193 494
193 496
193 503
193 578
194 195
194 199
194 212
194 223
194 340
194 396
194 403
194 404
194 406
194 407
194 408
194 409
194 417
194 420
194 423
194 424
194 435
194 451
194 452
194 460
194 461
194 467
194 490
194 491
194 492
194 496
194 500
194 501
194 515
194 578
195 196
195 204
195 214
195 223
195 408
195 409
195 467
195 515
195 516
195 519
196 223
196 224
196 498
196 534
197 208
197 209
197 210
197 212
197 214
197 216
197 217
197 219
197 273
197 281
197 452
197 485
197 507
197 515
197 518
198 199
198 201
198 202
198 207
198 211
198 216
198 280
198 419
198 429
198 430
198 460
198 474
198 499
198 504
198 509
198 524
199 201
199 202
199 206
199 207
199 212
199 216
199 280
199 403
199 404
199 405
199 406
199 407
199 409
199 419
199 420
199 422
199 423
199 424
199 428
199 430
199 435
199 446
199 451
199 460
199 461
199 474
199 491
199 500
199 501
199 504
199 524
200 201
200 202
200 203
200 215
200 272
200 274
200 278
200 279
200 280
200 296
200 299
200 311
200 459
201 202
201 280
201 419
201 474
201 499
201 504
201 524
202 207
202 214
202 280
202 410
202 419
202 474
202 499
202 500
202 504
202 524
203 261
203 272
203 274
203 278
203 279
203 296
203 299
203 459
203 473
204 374
204 375
204 403
204 404
204 406
204 408
204 409
204 418
204 420
204 421
204 422
204 423
204 424
204 425
204 426
204 428
204 430
204 431
204 432
204 434
204 435
204 440
204 446
204 448
204 451
204 456
204 458
204 461
204 491
204 492
204 501
204 502
204 504
204 519
204 578
206 207
206 208
206 209
206 210
206 211
206 212
206 216
206 256
206 273
206 460
206 467
206 485
206 490
206 491
206 507
206 508
206 509
206 518
206 524
206 545
207 210
207 211
207 266
207 280
207 383
207 460
207 507
207 509
207 524
208 209
208 210
208 242
208 256
208 265
208 271
208 273
208 485
208 490
208 507
208 510
208 512
208 514
208 515
208 518
208 525
208 542
208 545
208 552
208 567
209 210
209 212
209 219
209 231
209 232
209 256
209 265
209 267
209 268
209 271
209 273
209 485
209 510
209 512
209 513
209 514
209 518
209 543
209 545
209 567
210 212
210 216
210 217
210 256
210 273
210 281
210 451
210 460
210 485
210 490
210 507
210 518
210 525
211 212
211 266
211 273
211 509
211 542
212 213
212 214
212 216
212 219
212 273
212 281
212 465
212 490
212 496
212 507
212 514
212 518
212 520
212 578
213 214
213 234
214 218
214 520
215 274
215 279
215 296
216 217
216 273
216 281
216 311
216 404
216 451
216 460
216 485
216 490
216 492
216 500
216 501
216 507
216 508
216 514
216 515
216 518
216 523
216 524
216 525
216 578
217 219
217 281
217 454
217 485
217 525
218 229
218 230
218 231
218 232
218 233
218 234
218 244
218 245
218 249
218 251
218 267
218 493
218 512
219 232
219 268
219 273
219 281
219 514
220 221
220 236
220 238
220 240
220 244
220 284
220 290
220 291
220 305
220 323
220 324
220 327
220 329
220 332
220 333
220 335
220 529
220 530
220 532
220 536
220 539
220 546
220 547
220 549
220 554
221 222
221 223
221 226
221 227
221 305
221 323
221 324
221 329
221 330
221 333
221 334
221 335
221 397
221 399
221 439
221 443
221 444
221 447
221 529
221 530
221 532
221 533
221 535
221 536
221 537
221 553
222 223
222 226
222 227
222 239
222 240
222 241
222 242
222 397
222 399
222 439
222 494
222 530
222 532
222 533
222 535
222 536
222 551
222 552
222 553
223 228
223 282
223 397
223 399
223 409
223 412
223 417
223 418
223 439
223 443
223 445
223 447
223 467
223 533
223 534
223 535
223 540
224 225
224 229
224 233
224 234
224 239
224 244
224 245
224 248
224 250
224 252
224 254
224 265
224 498
224 521
224 531
224 534
224 548
224 555
224 558
224 560
225 229
225 233
225 239
225 244
225 246
225 445
225 534
226 227
226 397
226 399
226 439
226 444
226 447
226 530
226 532
226 533
226 535
226 536
226 553
227 239
227 240
227 241
227 242
227 397
227 399
227 439
227 447
227 529
227 530
227 532
227 533
227 535
227 536
227 537
227 545
227 549
227 552
227 553
228 282
228 283
228 489
228 540
228 581
229 230
229 231
229 232
229 233
229 234
229 236
229 237
229 238
229 239
229 240
229 241
229 243
229 244
229 245
229 246
229 247
229 248
229 250
229 252
229 253
229 254
229 256
229 258
229 265
229 267
229 288
229 478
229 493
229 512
229 513
229 521
229 531
229 538
229 541
229 542
229 544
229 547
229 548
229 549
229 550
229 551
229 554
229 555
229 556
229 557
229 558
229 560
229 561
229 567
229 570
229 573
230 231
230 233
230 234
230 236
230 238
230 239
230 241
230 244
230 245
230 247
230 248
230 249
230 251
230 258
230 266
230 267
230 291
230 294
230 493
230 511
230 521
230 538
230 542
230 551
230 555
230 556
230 557
230 588
231 232
231 233
231 243
231 244
231 245
231 246
231 247
231 259
231 263
231 265
231 267
231 268
231 270
231 273
231 274
231 295
231 493
231 512
231 513
231 531
231 538
231 542
231 544
231 550
231 567
231 573
231 589
232 233
232 234
232 239
232 243
232 244
232 245
232 248
232 250
232 251
232 252
232 265
232 267
232 268
232 269
232 271
232 273
232 513
232 544
232 548
232 550
232 555
232 560
232 573
233 234
233 236
233 238
233 239
233 240
233 241
233 243
233 244
233 245
233 246
233 247
233 248
233 250
233 252
233 254
233 256
233 258
233 265
233 266
233 267
233 478
233 493
233 512
233 521
233 531
233 538
233 541
233 542
233 544
233 547
233 548
233 550
233 551
233 554
233 555
233 556
233 557
233 558
233 560
233 561
233 567
233 569
233 570
233 573
234 236
234 238
234 239
234 241
234 243
234 244
234 245
234 251
234 265
234 266
234 267
234 478
234 493
234 521
234 531
234 542
234 548
234 551
234 555
234 557
234 560
235 536
235 546
235 549
236 237
236 238
236 239
236 240
236 241
236 244
236 251
236 285
236 286
236 287
236 290
236 291
236 478
236 493
236 511
236 529
236 541
236 542
236 546
236 547
236 549
236 551
236 554
236 555
236 557
236 561
236 583
236 584
237 238
237 240
237 248
237 250
237 285
237 286
237 287
237 288
237 291
237 493
237 511
237 531
237 541
237 547
237 548
237 549
237 550
237 554
237 555
237 556
237 557
237 569
237 583
237 584
238 239
238 240
238 241
238 243
238 244
238 245
238 247
238 251
238 285
238 286
238 287
238 288
238 291
238 478
238 493
238 521
238 529
238 531
238 539
238 541
238 542
238 546
238 547
238 548
238 549
238 550
238 551
238 554
238 555
238 556
238 557
238 561
238 584
239 240
239 241
239 242
239 243
239 244
239 245
239 246
239 247
239 250
239 252
239 254
239 265
239 493
239 531
239 532
239 533
239 536
239 547
239 548
239 549
239 550
239 551
239 553
239 554
239 555
239 557
239 560
239 561
240 241
240 243
240 244
240 245
240 246
240 247
240 250
240 252
240 253
240 254
240 258
240 285
240 286
240 493
240 521
240 529
240 531
240 532
240 536
240 539
240 541
240 546
240 547
240 548
240 549
240 550
240 551
240 553
240 554
240 555
240 557
240 560
240 561
240 584
240 598
241 242
241 244
241 245
241 251
241 256
241 265
241 266
241 439
241 478
241 493
241 521
241 532
241 533
241 535
241 536
241 542
241 547
241 551
241 552
241 555
241 561
241 567
242 256
242 265
242 267
242 439
242 536
242 552
242 567
243 244
243 245
243 246
243 247
243 252
243 265
243 493
243 531
243 547
243 548
243 550
243 554
243 555
243 560
244 245
244 246
244 247
244 248
244 250
244 252
244 254
244 258
244 265
244 493
244 521
244 531
244 547
244 548
244 549
244 550
244 551
244 554
244 555
244 556
244 557
244 558
244 559
244 560
244 561
244 570
245 246
245 247
245 248
245 250
245 251
245 252
245 254
245 258
245 263
245 265
245 267
245 268
245 269
245 271
245 493
245 512
245 513
245 521
245 531
245 542
245 544
245 547
245 548
245 550
245 554
245 555
245 556
245 557
245 558
245 560
245 570
245 573
246 247
246 252
246 263
246 265
246 267
246 268
246 512
246 531
246 532
246 534
246 547
246 548
246 550
246 554
246 555
246 560
246 570
247 248
247 250
247 252
247 253
247 254
247 258
247 260
247 265
247 269
247 270
247 294
247 297
247 463
247 476
247 479
247 493
247 512
247 521
247 528
247 531
247 538
247 547
247 548
247 550
247 554
247 555
247 556
247 557
247 558
247 560
247 566
247 569
247 570
247 573
247 588
247 589
247 600
248 250
248 251
248 252
248 253
248 254
248 258
248 265
248 267
248 286
248 288
248 463
248 476
248 478
248 493
248 512
248 513
248 521
248 528
248 531
248 538
248 541
248 544
248 547
248 548
248 550
248 554
248 555
248 556
248 557
248 558
248 560
248 561
248 563
248 569
248 570
248 573
248 588
248 589
249 251
250 252
250 253
250 254
250 258
250 265
250 286
250 463
250 476
250 478
250 493
250 512
250 521
250 531
250 538
250 541
250 544
250 547
250 548
250 549
250 550
250 554
250 555
250 556
250 557
250 558
250 560
250 561
250 563
250 569
250 570
250 573
250 589
251 478
251 493
251 551
251 556
251 557
252 253
252 254
252 258
252 263
252 265
252 267
252 268
252 269
252 270
252 463
252 476
252 512
252 521
252 531
252 547
252 548
252 550
252 554
252 555
252 556
252 557
252 558
252 560
252 566
252 569
252 570
252 571
252 573
252 589
253 254
253 258
253 286
253 288
253 294
253 462
253 463
253 493
253 512
253 521
253 531
253 538
253 541
253 547
253 549
253 550
253 554
253 555
253 556
253 557
253 558
253 560
253 561
253 563
253 569
253 570
253 573
253 589
253 600
254 258
254 463
254 468
254 521
254 531
254 547
254 548
254 549
254 550
254 554
254 555
254 556
254 557
254 558
254 560
254 561
254 563
254 569
254 570
254 573
255 259
255 260
255 261
255 263
255 270
255 278
255 295
255 510
255 565
255 566
255 589
255 590
255 597
255 600
256 265
256 266
256 267
256 271
256 273
256 483
256 485
256 512
256 518
256 542
256 545
256 552
256 567
257 463
258 265
258 286
258 288
258 294
258 493
258 512
258 521
258 531
258 538
258 539
258 541
258 544
258 547
258 548
258 550
258 554
258 555
258 556
258 557
258 558
258 559
258 560
258 561
258 567
258 569
258 570
258 573
258 588
258 589
259 260
259 261
259 263
259 267
259 268
259 269
259 270
259 274
259 278
259 279
259 295
259 510
259 512
259 565
259 589
259 591
260 261
260 263
260 269
260 270
260 274
260 278
260 279
260 294
260 295
260 296
260 566
260 589
261 263
261 270
261 272
261 274
261 277
261 278
261 279
261 361
261 488
261 589
262 385
262 579
262 595
263 265
263 267
263 268
263 269
263 270
263 271
263 274
263 512
263 589
264 450
264 510
264 517
264 532
264 539
264 541
264 549
264 590
265 267
265 268
265 269
265 270
265 271
265 273
265 493
265 512
265 513
265 521
265 531
265 538
265 542
265 543
265 544
265 547
265 548
265 550
265 552
265 554
265 555
265 560
265 561
265 566
265 567
265 573
265 589
266 267
266 482
266 483
266 542
267 268
267 269
267 270
267 271
267 512
267 513
267 542
267 566
267 573
267 589
268 269
268 270
268 271
268 273
268 510
268 512
268 570
268 571
268 573
269 270
269 271
269 278
269 472
269 476
269 480
269 566
269 571
269 573
270 274
270 275
270 278
270 476
270 480
270 481
270 512
270 528
270 565
270 566
270 570
270 571
270 573
270 589
271 273
271 472
271 485
272 274
272 277
272 278
272 279
272 466
273 281
273 485
273 507
273 508
273 513
273 514
273 518
273 542
274 278
274 279
275 277
275 278
275 457
275 481
275 488
275 566
275 571
275 574
275 575
275 576
275 592
276 429
276 473
277 278
277 279
277 457
277 481
277 522
277 576
278 279
278 457
278 459
278 480
278 481
278 522
278 571
278 572
278 576
278 592
279 296
279 457
279 459
280 299
280 419
280 428
280 459
280 499
280 502
280 509
280 524
281 465
281 490
281 496
281 514
281 516
281 578
282 487
282 511
282 540
282 581
283 391
283 489
283 499
283 540
283 580
283 581
284 305
284 322
284 323
284 324
284 327
284 329
284 333
284 335
284 582
285 286
285 287
285 288
285 290
285 291
285 325
285 493
285 511
285 529
285 541
285 547
285 549
285 554
285 555
285 556
285 582
285 583
285 584
286 287
286 288
286 290
286 291
286 493
286 511
286 529
286 531
286 541
286 546
286 547
286 549
286 550
286 554
286 555
286 556
286 557
286 569
286 583
286 584
287 288
287 289
287 291
287 529
287 541
287 547
287 583
287 584
287 586
288 291
288 292
288 493
288 521
288 538
288 539
288 541
288 547
288 555
288 556
288 557
288 573
288 583
288 584
288 585
288 586
289 290
289 291
289 482
289 484
289 487
289 511
289 585
289 586
290 291
290 292
290 322
290 323
290 325
290 484
290 511
290 529
290 541
290 583
290 584
290 586
291 292
291 322
291 325
291 478
291 484
291 493
291 511
291 521
291 529
291 539
291 541
291 542
291 546
291 583
291 584
291 586
291 587
292 322
292 325
292 475
292 482
292 484
292 511
292 541
292 584
292 586
293 370
294 300
294 349
294 538
294 588
294 589
295 296
295 300
295 565
295 566
295 589
295 591
295 597
296 298
296 299
296 300
297 528
297 550
298 300
298 385
298 386
298 387
298 398
298 402
298 410
298 579
298 580
298 595
299 317
299 386
300 595
300 598
300 600
301 302
301 303
301 304
301 321
301 348
301 385
301 387
301 389
301 390
301 395
301 398
301 489
301 579
301 595
302 305
302 322
302 587
303 304
303 340
303 344
303 384
303 385
303 386
303 388
303 389
303 390
303 393
303 394
303 396
303 398
303 400
303 402
303 410
303 503
303 579
303 580
303 595
304 305
304 308
304 321
304 326
304 329
304 333
304 335
304 389
304 390
304 393
304 395
304 397
304 530
304 595
305 322
305 323
305 324
305 325
305 326
305 327
305 329
305 332
305 333
305 335
305 529
305 530
306 309
306 334
306 426
306 452
307 378
308 324
308 326
308 333
308 335
309 313
310 523
311 315
311 524
311 525
312 320
312 326
312 329
312 331
312 333
312 399
312 401
315 317
316 318
317 344
317 386
317 388
317 389
317 398
317 410
317 580
320 321
320 324
320 326
320 327
320 328
320 329
320 330
320 331
320 332
320 333
320 334
320 335
320 447
321 326
321 348
321 387
321 389
321 390
321 391
321 393
321 395
321 397
321 398
321 489
321 579
321 595
322 323
322 325
322 329
322 333
322 335
322 586
323 324
323 325
323 327
323 329
323 332
323 333
323 335
323 443
323 447
323 529
323 530
324 326
324 327
324 329
324 330
324 331
324 332
324 333
324 335
324 447
325 462
325 511
325 529
325 583
325 584
325 585
325 586
326 327
326 329
326 330
326 331
326 332
326 333
326 397
326 399
326 533
327 329
327 330
327 332
327 333
327 335
329 330
329 331
329 332
329 333
329 335
329 447
330 331
330 332
330 333
330 444
330 447
331 332
331 333
331 397
331 399
332 333
332 335
332 530
333 334
333 335
333 443
333 447
333 530
333 535
334 335
334 336
334 447
334 452
334 515
335 336
335 447
335 530
337 340
337 403
337 405
337 406
337 407
337 419
337 504
337 581
338 411
339 341
339 343
339 345
339 346
339 347
339 353
339 354
339 355
339 356
339 357
339 359
339 362
339 363
339 374
339 377
339 379
339 380
339 382
339 436
339 437
340 344
340 384
340 385
340 394
340 396
340 402
340 403
340 405
340 406
340 407
340 408
340 409
340 410
340 419
340 491
340 492
340 496
340 504
340 523
340 580
341 345
341 353
341 354
341 355
341 356
341 357
341 359
341 362
341 374
341 375
341 421
341 422
341 423
341 428
341 429
341 430
341 431
341 432
341 433
341 434
341 436
341 437
341 438
341 440
341 441
341 444
341 446
341 448
341 458
342 343
342 346
342 347
342 349
342 361
343 346
343 347
343 349
343 350
343 357
343 358
344 348
344 384
344 385
344 386
344 387
344 389
344 390
344 396
344 398
344 402
344 410
344 419
344 499
344 579
344 580
344 595
345 355
345 356
345 357
345 362
346 347
346 349
346 357
346 359
346 363
347 349
347 350
347 358
347 361
348 387
348 389
348 390
348 391
348 395
348 398
348 410
348 499
348 595
349 361
349 363
350 357
351 414
353 354
353 355
353 356
353 357
353 359
353 362
353 363
353 374
353 436
353 437
353 530
354 355
354 356
354 357
354 359
354 362
354 367
354 374
354 429
354 430
354 431
354 432
354 433
354 434
354 436
354 437
354 438
354 440
354 441
354 446
354 448
354 458
355 356
355 357
355 359
355 362
355 374
355 377
355 420
355 422
355 429
355 430
355 431
355 433
355 434
355 436
355 437
355 438
355 440
355 441
355 448
356 357
356 359
356 362
356 363
356 374
356 431
356 436
356 437
356 438
356 440
356 441
357 362
357 374
357 436
357 448
358 414
358 488
359 362
359 363
361 558
362 363
362 372
362 374
362 437
362 440
362 441
362 448
364 371
364 374
364 375
364 422
364 423
364 424
364 425
364 428
364 429
364 430
364 431
364 432
364 433
364 434
364 437
364 446
364 448
364 458
364 501
365 366
365 368
365 370
365 372
365 391
365 530
366 368
366 369
366 372
366 375
366 421
366 422
366 426
366 429
366 430
366 437
366 441
366 456
366 530
367 371
367 373
367 374
367 376
367 377
367 378
367 431
367 433
367 434
368 369
368 370
368 372
368 375
368 421
368 429
368 430
368 530
369 371
369 372
370 372
370 530
370 598
371 429
371 430
372 375
372 421
372 429
372 430
373 374
373 376
373 378
373 379
373 422
373 423
373 431
373 433
373 434
373 436
373 446
374 375
374 376
374 379
374 403
374 415
374 420
374 421
374 422
374 423
374 424
374 425
374 428
374 429
374 430
374 431
374 432
374 433
374 434
374 435
374 436
374 437
374 438
374 440
374 441
374 444
374 446
374 448
374 456
374 458
374 461
374 501
375 376
375 387
375 403
375 404
375 409
375 420
375 421
375 422
375 423
375 424
375 425
375 426
375 428
375 429
375 430
375 431
375 432
375 434
375 435
375 437
375 440
375 441
375 446
375 456
375 458
375 461
375 501
375 599
376 422
376 423
376 430
376 431
376 432
376 433
376 434
376 435
376 436
376 437
376 446
376 458
376 461
377 378
377 379
377 380
377 381
377 433
377 436
378 379
378 380
378 381
378 578
379 380
379 381
379 431
379 433
379 434
379 436
379 446
379 448
380 381
380 433
383 485
383 507
384 385
384 386
384 393
384 394
384 396
384 398
384 402
384 406
384 407
384 409
384 410
384 419
384 499
384 504
384 579
384 580
384 581
385 386
385 387
385 389
385 390
385 396
385 398
385 402
385 410
385 489
385 540
385 579
385 580
385 581
385 595
386 387
386 388
386 389
386 390
386 402
386 410
386 489
386 579
386 580
386 595
387 389
387 390
387 391
387 395
387 402
387 410
387 421
387 489
387 579
387 580
387 595
387 599
388 389
388 390
388 398
388 410
388 580
389 390
389 391
389 393
389 395
389 398
389 402
389 410
389 489
389 579
389 580
389 595
390 391
390 393
390 395
390 397
390 398
390 402
390 410
390 456
390 489
390 499
390 579
390 580
390 595
391 393
391 395
391 397
391 447
391 489
391 595
392 519
393 394
393 395
393 396
393 397
393 398
393 400
393 401
393 489
393 495
393 497
393 509
393 520
394 396
394 398
394 400
394 408
394 491
394 492
394 496
394 497
394 503
394 523
395 397
395 398
395 489
395 495
395 499
395 595
396 398
396 400
396 401
396 402
396 403
396 404
396 406
396 407
396 408
396 409
396 410
396 435
396 491
396 492
396 496
396 497
396 500
396 501
396 503
396 504
396 519
396 523
397 399
397 401
397 408
397 447
397 467
397 489
397 497
397 530
397 532
397 533
397 535
397 553
398 400
398 402
398 410
398 419
398 499
398 504
398 579
398 580
398 595
399 401
399 412
399 439
399 443
399 447
399 467
399 532
399 533
399 534
399 535
399 545
399 553
400 401
400 407
400 408
400 492
400 494
400 496
400 503
400 514
400 518
400 523
400 525
401 407
401 408
401 409
401 412
401 417
401 467
401 496
401 497
401 533
402 406
402 407
402 408
402 409
402 410
402 489
402 540
402 579
402 580
402 581
402 595
403 404
403 405
403 406
403 407
403 409
403 419
403 420
403 421
403 422
403 423
403 424
403 425
403 428
403 430
403 432
403 434
403 435
403 436
403 446
403 448
403 451
403 460
403 461
403 491
403 501
403 504
404 405
404 406
404 407
404 408
404 409
404 420
404 422
404 423
404 424
404 428
404 430
404 432
404 434
404 435
404 436
404 446
404 451
404 458
404 460
404 461
404 490
404 491
404 492
404 496
404 500
404 501
404 504
404 524
404 578
405 406
405 407
405 409
405 419
405 435
405 504
406 407
406 408
406 409
406 419
406 420
406 422
406 423
406 435
406 461
406 491
406 492
406 496
406 500
406 501
406 504
406 580
407 408
407 409
407 417
407 420
407 423
407 435
407 451
407 460
407 461
407 467
407 490
407 491
407 492
407 496
407 497
407 500
407 501
407 504
407 523
407 524
408 409
408 417
408 420
408 424
408 435
408 451
408 452
408 454
408 460
408 461
408 465
408 467
408 490
408 491
408 492
408 494
408 496
408 497
408 500
408 501
408 503
408 507
408 514
408 515
408 516
408 518
408 519
408 523
408 524
408 525
408 578
409 417
409 418
409 420
409 422
409 423
409 424
409 425
409 428
409 432
409 434
409 435
409 446
409 448
409 451
409 456
409 458
409 460
409 461
409 467
409 490
409 491
409 492
409 496
409 500
409 501
409 504
409 515
409 519
409 523
409 524
409 578
410 419
410 499
410 579
410 580
410 595
411 413
412 418
412 423
412 424
412 443
412 449
412 454
415 418
415 420
415 423
415 424
415 425
415 431
415 432
415 434
415 436
415 437
415 440
415 444
415 446
415 448
417 418
417 442
417 449
417 467
417 491
417 497
417 515
417 545
418 420
418 423
418 424
418 434
418 437
418 440
418 446
418 448
418 449
418 451
418 452
418 454
418 501
418 515
418 519
419 474
419 499
419 500
419 502
419 504
419 524
419 580
420 421
420 422
420 423
420 424
420 425
420 426
420 428
420 430
420 431
420 432
420 434
420 435
420 436
420 437
420 446
420 448
420 451
420 456
420 458
420 461
420 490
420 491
420 492
420 500
420 501
420 502
420 504
420 519
420 524
420 599
421 422
421 423
421 426
421 428
421 429
421 430
421 431
421 432
421 434
421 437
421 440
421 441
421 446
421 456
421 458
421 461
421 599
422 423
422 424
422 425
422 426
422 428
422 429
422 430
422 431
422 432
422 433
422 434
422 435
422 436
422 437
422 439
422 440
422 441
422 444
422 446
422 448
422 451
422 456
422 458
422 461
422 491
422 501
423 424
423 425
423 426
423 428
423 429
423 430
423 431
423 432
423 433
423 434
423 435
423 436
423 437
423 440
423 446
423 448
423 451
423 456
423 458
423 460
423 461
423 490
423 491
423 492
423 501
423 504
423 515
423 578
424 425
424 426
424 428
424 430
424 432
424 433
424 434
424 435
424 436
424 437
424 439
424 440
424 446
424 448
424 450
424 451
424 454
424 458
424 460
424 461
424 490
424 491
424 492
424 501
424 515
424 578
425 428
425 430
425 431
425 432
425 434
425 435
425 436
425 437
425 440
425 446
425 448
425 456
425 458
425 461
425 501
425 502
425 519
426 428
426 429
426 430
426 432
426 434
426 437
426 440
426 446
426 458
426 461
426 501
428 429
428 430
428 431
428 432
428 433
428 434
428 435
428 436
428 437
428 440
428 446
428 448
428 451
428 456
428 458
428 460
428 461
428 501
429 430
429 431
429 432
429 433
429 434
429 437
429 438
429 440
429 441
429 444
429 446
429 458
430 431
430 432
430 433
430 434
430 435
430 436
430 437
430 438
430 440
430 441
430 444
430 446
430 448
430 456
430 458
430 461
430 501
431 432
431 433
431 434
431 436
431 437
431 440
431 446
431 448
432 433
432 434
432 435
432 436
432 437
432 440
432 446
432 448
432 451
432 456
432 458
432 461
432 501
433 434
433 436
433 437
433 440
433 446
433 448
433 458
434 435
434 436
434 437
434 438
434 440
434 441
434 444
434 446
434 448
434 451
434 456
434 458
434 461
434 501
435 436
435 446
435 448
435 451
435 456
435 458
435 460
435 461
435 490
435 491
435 492
435 496
435 500
435 501
435 504
435 515
435 519
435 578
436 437
436 440
436 444
436 446
436 448
436 451
436 458
436 461
436 578
437 438
437 440
437 441
437 444
437 446
437 448
437 456
437 458
437 461
438 439
438 440
438 448
439 441
439 443
439 444
439 447
439 451
439 467
439 501
439 515
439 530
439 533
439 535
439 536
439 537
439 545
439 552
439 553
440 441
440 444
440 446
440 448
440 458
441 444
442 465
442 519
443 447
443 534
444 445
444 446
444 447
445 534
446 448
446 451
446 456
446 458
446 461
446 500
446 501
446 515
446 519
447 530
447 535
448 456
448 458
448 461
448 501
449 450
449 454
449 505
450 451
450 454
450 457
450 505
450 517
450 574
450 590
451 454
451 458
451 460
451 461
451 467
451 485
451 490
451 491
451 492
451 496
451 501
451 507
451 515
451 524
451 525
451 578
452 454
452 460
452 490
452 494
452 496
452 497
452 501
452 503
452 507
452 514
452 515
452 516
452 518
452 519
452 520
452 524
452 525
452 527
452 533
452 545
452 578
453 463
453 476
453 488
453 512
453 528
453 531
453 543
453 566
453 570
453 571
453 573
453 576
454 490
454 496
454 514
454 515
454 516
454 517
454 519
454 525
454 545
455 458
456 458
456 461
456 499
456 500
456 501
456 504
456 519
457 459
457 466
457 481
457 488
457 505
457 510
457 522
457 565
457 571
457 574
457 576
457 577
457 590
457 592
458 461
458 501
458 578
459 473
459 502
460 461
460 474
460 485
460 490
460 491
460 492
460 496
460 500
460 501
460 503
460 504
460 507
460 508
460 509
460 515
460 518
460 524
460 525
460 578
461 490
461 491
461 492
461 496
461 500
461 501
461 504
461 515
461 519
461 524
461 578
462 464
463 521
463 528
463 531
463 547
463 549
463 550
463 554
463 557
463 558
463 560
463 561
463 563
463 569
463 570
463 573
463 575
463 589
465 467
465 490
465 491
465 492
465 494
465 496
465 500
465 503
465 514
465 515
465 516
465 518
465 519
465 525
465 578
466 505
466 576
466 592
467 490
467 491
467 492
467 496
467 497
467 507
467 515
467 518
467 533
467 545
468 545
468 560
468 567
470 482
470 483
473 522
474 499
474 500
474 504
474 523
474 524
476 488
476 512
476 528
476 548
476 556
476 558
476 560
476 566
476 569
476 570
476 571
476 573
478 493
478 521
478 542
478 544
478 547
478 551
478 555
478 556
478 557
478 558
478 559
478 560
478 561
479 488
479 528
479 531
479 550
479 554
479 566
479 568
479 570
479 592
479 594
479 597
479 600
480 481
480 482
480 483
480 486
480 522
480 566
480 571
480 573
480 585
480 597
481 486
481 522
481 566
481 571
481 576
482 483
482 484
482 487
482 585
482 586
483 484
483 487
483 585
483 586
484 486
484 487
484 506
484 585
484 586
485 490
485 507
485 508
485 510
485 514
485 518
485 525
485 591
486 522
486 566
486 573
486 585
487 540
487 581
487 585
487 586
488 566
488 568
488 570
488 571
488 576
488 592
488 597
488 600
489 540
489 580
489 581
489 595
490 491
490 492
490 494
490 496
490 500
490 501
490 503
490 507
490 508
490 510
490 514
490 515
490 516
490 518
490 519
490 524
490 525
490 545
490 578
491 492
491 496
491 500
491 501
491 503
491 504
491 507
491 514
491 515
491 518
491 519
491 524
491 525
491 545
491 578
492 496
492 500
492 501
492 503
492 504
492 507
492 514
492 515
492 518
492 519
492 524
492 525
492 578
493 512
493 513
493 521
493 528
493 531
493 538
493 539
493 541
493 542
493 544
493 547
493 548
493 549
493 550
493 551
493 554
493 555
493 556
493 557
493 558
493 560
493 561
493 567
493 568
493 569
493 570
493 573
494 496
494 503
494 514
494 516
494 518
494 532
494 533
494 553
494 578
496 497
496 500
496 501
496 503
496 507
496 514
496 515
496 516
496 518
496 519
496 525
496 533
496 578
497 500
497 503
497 515
497 516
497 519
497 520
498 521
499 500
499 502
499 504
499 519
499 524
499 580
500 501
500 502
500 503
500 504
500 519
500 520
500 524
500 578
501 504
501 507
501 515
501 519
501 524
501 578
502 504
502 505
502 519
503 514
503 515
503 516
503 518
503 519
503 520
503 523
503 524
503 525
503 527
503 578
504 524
504 580
504 599
505 510
505 516
505 517
505 574
505 576
505 590
505 592
507 508
507 509
507 514
507 515
507 518
507 520
507 524
507 525
508 514
508 518
508 524
508 525
508 564
509 518
509 524
510 512
510 514
510 517
510 565
510 571
510 590
511 541
511 583
511 584
511 585
511 586
512 513
512 521
512 528
512 531
512 538
512 541
512 542
512 543
512 544
512 548
512 550
512 555
512 560
512 561
512 563
512 564
512 565
512 566
512 567
512 568
512 569
512 570
512 571
512 573
512 589
512 600
513 521
513 527
513 528
513 538
513 542
513 543
513 544
513 550
513 563
513 564
513 567
513 573
514 515
514 516
514 518
514 525
514 527
514 533
514 545
514 578
515 516
515 518
515 519
515 523
515 524
515 525
515 533
515 545
515 578
516 517
516 518
516 519
516 525
516 527
516 578
517 531
517 539
517 541
517 568
517 590
518 520
518 524
518 525
518 527
518 545
519 523
519 524
519 525
519 526
519 578
521 531
521 538
521 539
521 541
521 542
521 543
521 544
521 547
521 548
521 550
521 554
521 555
521 556
521 557
521 558
521 560
521 561
521 567
521 569
521 570
521 573
521 587
521 588
522 566
522 571
522 576
522 577
523 524
523 525
524 525
524 578
525 526
525 527
525 578
526 577
527 562
528 531
528 544
528 547
528 548
528 550
528 560
528 566
528 569
528 570
528 571
528 573
528 575
528 589
529 530
529 532
529 536
529 539
529 546
529 549
529 553
529 554
529 583
529 584
530 532
530 533
530 535
530 536
530 553
531 532
531 539
531 541
531 547
531 548
531 549
531 550
531 554
531 555
531 556
531 557
531 558
531 560
531 561
531 566
531 568
531 569
531 570
531 573
531 589
531 600
532 533
532 534
532 535
532 536
532 539
532 545
532 547
532 549
532 550
532 552
532 553
532 554
532 561
532 598
533 534
533 535
533 536
533 545
533 553
535 536
535 537
535 545
535 551
535 553
536 537
536 549
536 552
536 553
536 554
536 598
538 542
538 544
538 550
538 555
538 556
538 557
538 558
538 560
538 561
538 563
538 564
538 567
538 569
538 573
538 588
538 589
539 541
539 546
539 547
539 549
539 554
539 555
539 561
539 568
539 569
539 594
539 597
539 598
539 600
540 581
541 542
541 547
541 549
541 550
541 554
541 555
541 557
541 560
541 561
541 565
541 566
541 567
541 568
541 569
541 570
541 573
541 583
541 584
541 597
541 600
542 551
542 561
542 567
543 544
543 571
543 573
544 547
544 550
544 555
544 557
544 558
544 560
544 573
545 567
546 547
546 549
546 554
547 548
547 549
547 550
547 554
547 555
547 556
547 557
547 558
547 560
547 561
547 569
547 570
547 573
547 584
548 549
548 550
548 554
548 555
548 556
548 557
548 558
548 559
548 560
548 569
548 570
548 573
549 550
549 553
549 554
549 555
549 561
549 569
549 570
549 583
549 584
549 598
550 554
550 555
550 556
550 557
550 558
550 560
550 561
550 566
550 569
550 570
550 573
550 588
550 589
551 555
551 567
552 553
552 561
552 567
553 554
554 555
554 556
554 557
554 560
554 561
554 569
554 570
554 589
554 598
555 556
555 557
555 558
555 559
555 560
555 561
555 569
555 570
555 573
555 584
555 588
556 557
556 558
556 560
556 569
556 570
556 573
556 588
556 589
557 558
557 560
557 561
557 569
557 570
557 573
557 588
558 560
558 561
558 563
558 569
558 570
558 573
560 561
560 563
560 569
560 570
560 573
561 563
561 567
561 569
563 569
563 570
563 573
564 567
565 566
565 568
565 569
565 589
565 590
565 592
565 597
565 600
566 568
566 569
566 570
566 571
566 573
566 576
566 589
566 590
566 597
566 600
567 589
567 591
568 597
568 600
569 570
569 573
569 584
569 589
569 600
570 571
570 573
570 575
570 589
570 600
571 573
571 576
573 588
573 589
573 600
574 576
574 592
575 576
576 592
579 580
579 595
580 581
580 595
582 583
582 584
583 584
583 586
584 586
584 600
585 586
586 587
588 589
589 591
589 600
590 592
590 594
590 597
590 600
592 594
592 596
592 597
593 598
594 597
594 600
595 599
597 600
