600 7191

1 2
1 4
1 5
1 22
1 43
1 48
1 51
1 103
1 290
1 301
1 302
1 304
1 305
1 308
1 321
1 322
1 325
1 345
1 398
1 487
2 3
2 4
2 5
2 6
2 16
2 19
2 20
2 21
2 22
2 36
2 37
2 38
2 43
2 90
2 93
2 102
2 103
2 301
2 302
2 303
2 304
2 305
2 315
2 317
2 319
2 320
2 321
2 322
2 323
2 325
2 328
2 332
2 334
2 336
2 352
2 386
2 389
2 398
2 425
2 447
2 487
3 4
3 5
3 6
3 16
3 19
3 20
3 21
3 22
3 36
3 37
3 38
3 43
3 90
3 102
3 103
3 301
3 302
3 304
3 305
3 317
3 319
3 320
3 321
3 322
3 323
3 325
3 328
3 329
3 332
3 333
3 334
3 336
3 398
3 425
4 5
4 6
4 20
4 21
4 22
4 24
4 37
4 38
4 43
4 48
4 54
4 63
4 90
4 102
4 103
4 301
4 302
4 304
4 305
4 317
4 320
4 321
4 322
4 323
4 325
4 329
4 333
4 334
4 336
4 345
4 352
4 357
4 358
4 362
4 389
4 398
4 425
4 447
5 6
5 16
5 19
5 20
5 21
5 22
5 24
5 37
5 38
5 43
5 54
5 90
5 102
5 103
5 302
5 304
5 305
5 317
5 319
5 320
5 321
5 322
5 323
5 325
5 328
5 329
5 332
5 336
5 352
5 398
5 425
5 447
6 19
6 21
6 37
6 102
6 103
6 302
6 304
6 317
6 321
6 322
6 325
7 16
7 19
7 29
7 103
7 302
7 303
7 306
7 315
7 318
7 319
7 389
8 12
8 19
8 36
8 37
8 102
8 336
9 13
9 310
10 14
11 12
11 20
11 21
11 36
11 38
11 55
11 94
11 98
11 102
11 103
11 111
11 117
11 118
11 120
11 303
11 360
11 385
11 386
11 388
11 392
11 401
12 18
12 19
12 20
12 21
12 25
12 31
12 34
12 35
12 36
12 37
12 38
12 94
12 102
12 303
12 332
12 333
12 335
12 360
12 392
12 582
12 583
14 306
15 314
16 19
16 20
16 21
16 29
16 93
16 94
16 102
16 103
16 301
16 302
16 303
16 304
16 306
16 315
16 319
16 320
16 321
16 389
16 391
16 398
17 19
17 306
17 318
17 320
19 20
19 21
19 29
19 37
19 102
19 103
19 302
19 303
19 304
19 306
19 315
19 318
19 319
19 320
19 321
19 336
19 389
20 21
20 36
20 37
20 38
20 55
20 90
20 93
20 94
20 102
20 103
20 117
20 118
20 120
20 301
20 302
20 303
20 304
20 317
20 319
20 321
20 335
20 336
20 344
20 386
20 388
20 389
20 391
20 392
20 398
20 401
20 447
21 22
21 36
21 37
21 38
21 90
21 93
21 94
21 102
21 103
21 111
21 117
21 118
21 120
21 301
21 302
21 303
21 304
21 317
21 319
21 320
21 321
21 322
21 323
21 328
21 332
21 334
21 335
21 336
21 386
21 388
21 389
21 391
21 398
21 401
22 37
22 38
22 90
22 102
22 103
22 302
22 304
22 305
22 317
22 320
22 321
22 322
22 323
22 325
22 333
22 334
22 336
22 352
22 425
23 25
23 26
23 28
23 30
23 31
23 33
23 50
23 165
23 274
23 323
23 327
23 330
24 27
24 30
24 302
24 304
24 305
24 322
24 323
24 324
24 325
24 326
24 327
24 329
24 332
25 26
25 28
25 31
25 34
25 36
25 38
25 50
25 98
25 237
25 284
25 285
25 286
25 287
25 327
25 330
25 529
25 530
25 582
25 583
25 584
26 28
26 30
26 31
26 33
26 50
26 327
26 330
26 332
26 335
26 582
26 583
27 30
27 32
27 33
27 35
27 323
27 327
27 329
27 330
27 332
27 333
28 30
28 31
28 33
28 34
28 36
28 38
28 50
28 98
28 158
28 221
28 284
28 287
28 323
28 327
28 330
28 332
28 335
28 351
28 445
28 529
28 530
28 582
28 583
29 306
29 315
29 318
29 319
29 326
30 31
30 32
30 33
30 34
30 35
30 36
30 50
30 323
30 327
30 328
30 329
30 330
30 332
30 333
30 335
30 529
30 582
30 583
31 33
31 34
31 36
31 50
31 98
31 147
31 284
31 287
31 327
31 330
31 332
31 335
31 351
31 529
31 530
31 582
31 583
32 35
32 218
32 327
32 328
32 329
32 331
32 332
32 333
32 334
32 335
32 529
33 34
33 287
33 327
33 329
33 330
33 332
33 529
33 582
34 251
34 286
34 287
34 330
34 332
34 335
34 360
34 529
34 530
34 549
34 582
34 583
34 584
35 37
35 38
35 102
35 218
35 320
35 323
35 327
35 328
35 329
35 330
35 331
35 332
35 333
35 334
35 335
35 360
35 582
35 583
36 37
36 38
36 90
36 94
36 102
36 103
36 118
36 120
36 301
36 302
36 303
36 304
36 317
36 319
36 321
36 323
36 327
36 328
36 330
36 332
36 335
36 336
36 386
36 389
36 447
36 582
37 38
37 102
37 103
37 301
37 302
37 303
37 304
37 305
37 317
37 319
37 320
37 321
37 322
37 323
37 325
37 328
37 329
37 332
37 333
37 334
37 335
37 336
37 386
37 389
38 53
38 90
38 102
38 103
38 118
38 301
38 302
38 303
38 304
38 317
38 319
38 320
38 321
38 322
38 323
38 328
38 330
38 332
38 334
38 335
38 336
38 386
38 389
38 447
38 530
38 582
39 42
39 87
39 88
39 89
40 44
40 49
40 54
40 61
40 74
40 78
40 341
40 354
40 365
40 369
40 372
40 373
40 446
40 448
40 588
40 596
40 598
41 42
41 44
41 45
41 46
41 48
41 54
41 89
41 363
41 369
42 45
42 46
42 57
43 48
43 49
43 51
43 54
43 58
43 61
43 62
43 63
43 65
43 66
43 90
43 302
43 304
43 305
43 321
43 322
43 323
43 325
43 326
43 329
43 339
43 341
43 345
43 352
43 356
43 357
43 358
43 362
43 369
43 381
43 425
43 442
43 446
43 447
44 48
44 49
44 51
44 54
44 57
44 58
44 61
44 65
44 74
44 259
44 264
44 341
44 345
44 346
44 349
44 354
44 356
44 357
44 362
44 369
44 441
44 457
44 507
44 522
44 538
44 564
44 577
44 588
44 592
44 593
44 598
45 46
45 48
47 117
48 51
48 54
48 57
48 58
48 61
48 63
48 65
48 66
48 305
48 326
48 339
48 341
48 345
48 349
48 352
48 354
48 356
48 357
48 358
48 362
48 363
48 369
48 371
49 54
49 58
49 61
49 63
49 65
49 66
49 151
49 161
49 339
49 341
49 345
49 346
49 349
49 350
49 354
49 356
49 357
49 364
49 365
49 368
49 369
49 371
49 372
49 381
49 437
49 446
49 448
49 588
49 591
50 76
50 97
50 98
50 127
50 142
50 146
50 147
50 153
50 158
50 159
50 160
50 218
50 225
50 274
50 287
50 299
50 327
50 330
50 351
50 375
50 445
50 447
50 529
50 530
51 54
51 58
51 63
51 65
51 264
51 305
51 345
51 352
51 358
51 362
51 441
51 593
52 411
53 118
53 162
53 218
54 58
54 61
54 63
54 65
54 66
54 90
54 304
54 305
54 324
54 325
54 339
54 341
54 345
54 349
54 354
54 356
54 357
54 358
54 362
54 369
54 371
54 425
54 441
54 446
54 448
54 593
55 60
55 64
55 94
55 98
55 105
55 117
55 118
55 120
55 123
55 125
55 136
55 195
55 196
55 344
55 348
55 351
55 401
55 413
55 414
55 417
55 449
55 497
55 519
56 61
56 68
56 71
56 72
56 122
56 129
56 134
56 140
56 149
56 150
56 152
56 161
56 353
56 364
56 372
56 415
56 418
56 430
56 437
56 444
56 446
57 65
57 66
57 341
57 345
57 346
57 356
57 357
57 358
57 362
58 61
58 63
58 65
58 66
58 339
58 341
58 345
58 346
58 349
58 354
58 355
58 356
58 357
58 358
58 362
58 367
58 369
58 374
59 60
59 64
59 98
59 119
59 121
59 147
59 155
59 196
59 225
59 361
59 412
59 414
60 64
60 68
60 69
60 71
60 72
60 82
60 96
60 98
60 113
60 122
60 124
60 125
60 136
60 140
60 149
60 152
60 155
60 351
60 353
60 359
60 375
60 413
60 414
60 421
60 430
61 63
61 65
61 66
61 74
61 339
61 341
61 345
61 346
61 349
61 350
61 354
61 356
61 357
61 362
61 369
61 371
61 372
61 437
61 446
61 448
62 216
62 352
62 389
62 472
63 65
63 66
63 320
63 341
63 345
63 349
63 352
63 356
63 357
63 358
63 362
64 71
64 95
64 96
64 98
64 112
64 113
64 114
64 115
64 121
64 125
64 136
64 147
64 155
64 195
64 196
64 359
64 361
64 404
64 406
64 407
64 409
64 412
64 414
64 421
64 423
64 424
64 434
64 461
64 491
64 519
65 66
65 296
65 300
65 339
65 341
65 345
65 346
65 349
65 354
65 356
65 357
65 358
65 362
65 441
65 446
65 448
66 67
66 150
66 345
66 347
66 349
66 354
66 356
66 357
66 358
66 362
66 448
68 69
68 71
68 72
68 82
68 122
68 127
68 129
68 132
68 134
68 137
68 140
68 149
68 152
68 161
68 293
68 338
68 353
68 359
68 364
68 365
68 375
68 377
68 381
68 403
68 415
68 428
68 429
68 430
68 437
68 440
68 444
68 446
68 448
69 71
69 72
69 76
69 77
69 82
69 127
69 134
69 135
69 137
69 149
69 152
69 293
69 353
69 359
69 365
69 420
69 421
69 430
69 444
70 75
70 77
71 72
71 76
71 82
71 96
71 98
71 112
71 122
71 125
71 127
71 129
71 132
71 133
71 134
71 136
71 137
71 140
71 146
71 147
71 149
71 152
71 155
71 161
71 218
71 225
71 293
71 299
71 353
71 359
71 364
71 365
71 375
71 403
71 404
71 420
71 421
71 429
71 430
71 444
72 76
72 77
72 82
72 122
72 124
72 127
72 136
72 137
72 149
72 152
72 353
72 375
72 421
73 134
74 77
74 78
74 294
74 297
74 341
74 353
74 354
74 365
74 369
74 370
74 372
74 373
74 418
74 446
74 596
75 79
75 369
76 77
76 82
76 97
76 127
76 131
76 132
76 133
76 142
76 185
76 218
76 221
76 225
76 227
76 253
76 293
76 294
76 297
76 299
76 365
76 370
76 372
76 420
76 421
76 430
76 445
76 527
76 597
77 127
77 294
77 297
77 365
77 366
77 370
77 372
77 373
77 421
78 372
78 591
78 596
80 84
81 84
81 85
81 86
81 89
81 91
81 374
81 376
81 377
82 96
82 122
82 125
82 127
82 129
82 132
82 134
82 136
82 137
82 138
82 140
82 149
82 152
82 353
82 359
82 375
82 420
82 421
82 429
82 430
83 84
83 85
83 86
83 87
83 88
83 89
83 376
83 377
83 378
84 86
84 89
84 374
84 380
84 411
85 86
85 88
85 515
86 87
86 88
86 89
86 91
86 130
86 205
86 376
86 377
86 378
86 380
86 436
87 89
87 113
87 115
87 123
87 130
87 136
87 137
87 140
87 149
87 377
88 89
88 91
88 377
88 380
88 381
89 91
89 376
89 377
89 378
89 380
89 381
90 102
90 103
90 118
90 159
90 302
90 304
90 305
90 321
90 322
90 323
90 325
90 328
90 332
90 336
90 352
90 398
90 425
90 442
90 447
91 374
91 376
91 377
91 378
91 380
91 381
91 432
91 437
92 104
92 108
92 109
92 126
92 141
92 184
92 187
92 192
92 198
92 200
92 201
92 202
92 207
92 211
92 276
92 394
92 500
92 501
93 94
93 103
93 111
93 117
93 120
93 301
93 303
93 384
93 385
93 386
93 389
93 398
93 487
94 95
94 102
94 111
94 117
94 118
94 120
94 303
94 385
94 386
94 388
94 391
94 392
94 413
95 104
95 107
95 108
95 110
95 112
95 113
95 114
95 115
95 116
95 121
95 194
95 195
95 196
95 213
95 337
95 384
95 385
95 390
95 393
95 395
95 402
95 404
95 406
95 407
95 409
95 414
95 461
95 491
96 107
96 110
96 112
96 113
96 114
96 121
96 122
96 126
96 129
96 130
96 141
96 194
96 195
96 199
96 379
96 403
96 404
96 406
96 407
96 409
97 99
97 127
97 128
97 142
97 146
97 218
97 221
97 260
97 274
97 279
97 281
97 297
97 299
98 121
98 127
98 146
98 147
98 155
98 196
98 221
98 225
98 287
98 351
98 361
98 412
98 414
98 421
98 443
98 529
99 183
99 215
99 246
99 259
99 260
99 281
99 296
99 298
99 300
99 595
100 101
100 105
100 110
100 384
100 390
101 104
101 110
101 196
101 384
101 390
101 391
101 395
101 487
102 103
102 118
102 301
102 302
102 303
102 304
102 305
102 317
102 319
102 320
102 321
102 322
102 323
102 325
102 328
102 332
102 334
102 335
102 336
102 386
102 389
103 117
103 118
103 301
103 302
103 303
103 304
103 305
103 317
103 319
103 320
103 321
103 322
103 323
103 325
103 328
103 332
103 335
103 336
103 386
103 389
103 391
103 398
103 425
104 107
104 108
104 109
104 110
104 116
104 126
104 141
104 188
104 192
104 199
104 202
104 213
104 216
104 384
104 390
104 393
104 396
104 495
104 500
105 110
105 120
105 195
105 196
105 388
105 390
105 395
106 110
106 121
106 193
106 220
106 221
106 287
106 397
107 108
107 109
107 110
107 112
107 113
107 114
107 116
107 121
107 126
107 141
107 191
107 192
107 194
107 195
107 196
107 199
107 213
107 390
107 393
107 395
107 396
107 402
107 404
107 407
107 409
107 435
107 461
108 109
108 110
108 116
108 126
108 141
108 187
108 188
108 191
108 192
108 198
108 199
108 202
108 207
108 216
108 393
108 394
109 126
109 141
109 187
109 191
109 192
109 193
109 194
109 198
109 199
109 200
109 201
109 202
109 204
109 207
109 216
109 394
109 396
109 500
109 501
110 119
110 121
110 141
110 191
110 192
110 193
110 194
110 196
110 395
111 117
111 120
111 123
111 385
111 388
111 391
111 398
111 410
111 413
112 113
112 114
112 116
112 119
112 121
112 126
112 127
112 129
112 130
112 131
112 133
112 141
112 147
112 154
112 155
112 191
112 192
112 194
112 195
112 197
112 199
112 213
112 397
112 402
112 404
112 406
112 407
112 408
112 409
112 420
112 423
112 424
112 434
112 435
112 460
112 461
112 491
112 492
112 504
113 114
113 115
113 116
113 121
113 126
113 130
113 141
113 194
113 195
113 196
113 199
113 402
113 404
113 406
113 407
113 409
113 414
113 434
113 435
113 461
113 491
114 116
114 119
114 121
114 126
114 130
114 131
114 133
114 141
114 154
114 188
114 190
114 191
114 192
114 194
114 195
114 197
114 199
114 213
114 393
114 397
114 402
114 404
114 406
114 407
114 408
114 409
114 420
114 424
114 435
114 460
114 461
114 490
114 491
114 492
114 504
114 514
114 520
115 116
115 123
115 195
115 406
115 407
115 409
115 491
116 123
116 126
116 141
116 194
116 195
116 337
116 384
116 390
116 393
116 396
116 402
116 406
116 407
116 409
116 461
116 491
117 118
117 120
117 123
117 124
117 344
117 348
117 386
117 413
117 417
118 120
118 125
118 136
118 159
118 303
118 344
118 348
118 351
118 386
118 401
118 413
118 418
118 447
118 449
118 497
118 519
119 121
119 147
119 156
119 191
119 196
119 213
119 223
119 224
119 225
119 234
119 283
119 393
119 395
119 397
119 399
119 408
119 412
119 461
119 491
119 492
119 498
119 520
120 123
120 196
120 385
120 386
120 388
120 401
120 413
120 417
120 449
121 147
121 194
121 195
121 196
121 199
121 213
121 224
121 397
121 404
121 407
121 412
121 414
121 461
121 491
122 124
122 127
122 129
122 134
122 136
122 137
122 140
122 141
122 149
122 150
122 152
122 161
122 218
122 353
122 364
122 375
122 379
122 403
122 405
122 415
122 430
122 437
122 440
122 446
123 124
123 337
123 410
123 413
123 417
124 125
124 150
124 152
124 344
124 348
124 413
124 415
124 418
125 129
125 140
125 149
125 152
125 195
125 196
125 351
125 353
125 359
125 519
126 130
126 141
126 154
126 188
126 191
126 192
126 194
126 195
126 198
126 199
126 201
126 213
126 393
126 396
126 402
126 404
126 406
126 407
126 408
126 409
126 435
126 460
126 461
126 492
126 500
126 501
126 504
126 506
127 129
127 131
127 132
127 133
127 134
127 140
127 142
127 146
127 147
127 148
127 149
127 153
127 155
127 161
127 218
127 225
127 299
127 375
127 403
127 404
127 420
127 421
127 423
127 424
127 430
127 527
127 597
128 129
128 131
128 145
128 161
128 183
128 197
128 208
128 242
128 246
128 260
128 261
128 272
128 274
128 279
128 281
128 296
128 298
128 299
128 448
128 591
129 130
129 132
129 134
129 140
129 141
129 149
129 151
129 152
129 153
129 161
129 195
129 199
129 299
129 353
129 364
129 375
129 403
129 415
129 420
129 430
129 437
130 137
130 140
130 141
130 191
130 195
130 198
130 199
130 377
130 378
130 379
130 402
130 404
130 406
130 407
130 409
130 420
130 424
130 435
130 436
130 461
131 132
131 133
131 153
131 154
131 155
131 156
131 190
131 191
131 197
131 210
131 225
131 227
131 271
131 404
131 408
131 420
131 421
131 423
131 424
131 435
131 450
131 451
131 452
131 454
131 460
131 461
131 490
131 492
131 494
131 514
131 527
131 537
132 134
132 140
132 142
132 146
132 149
132 161
132 218
132 225
132 227
132 299
132 364
132 365
132 421
132 423
132 426
132 428
132 429
132 430
132 527
133 155
133 221
133 225
133 227
133 404
133 406
133 420
133 421
133 423
133 424
133 461
133 491
133 527
134 135
134 137
134 140
134 148
134 149
134 152
134 161
134 293
134 353
134 364
134 365
134 372
134 381
134 403
134 428
134 429
134 430
134 437
134 444
134 446
134 448
134 453
135 293
136 140
136 149
136 152
136 375
136 519
137 138
137 140
137 149
137 152
137 364
137 365
137 377
137 430
139 486
140 149
140 150
140 152
140 161
140 195
140 353
140 359
140 364
140 375
140 381
140 405
140 415
140 430
140 434
140 437
141 154
141 191
141 192
141 194
141 195
141 198
141 199
141 201
141 213
141 379
141 396
141 407
141 409
142 144
142 146
142 158
142 225
142 227
142 297
142 299
142 365
142 370
142 403
142 421
142 527
142 597
143 146
143 147
143 156
143 224
143 225
143 412
143 520
144 329
144 597
145 164
145 203
145 272
145 274
145 279
145 281
145 299
146 220
146 221
146 225
146 287
146 299
146 351
146 529
146 530
147 153
147 155
147 156
147 195
147 196
147 224
147 225
147 351
147 361
147 395
147 404
147 412
147 414
147 423
147 424
147 443
147 461
147 467
147 520
148 153
148 155
148 158
148 159
148 161
148 162
148 163
148 164
148 218
148 274
148 364
148 428
148 434
148 437
148 442
148 445
148 453
148 462
148 467
148 527
149 150
149 152
149 161
149 353
149 359
149 364
149 365
149 375
149 403
149 415
149 429
149 430
149 437
149 440
149 446
149 448
150 152
150 204
150 344
150 357
150 415
150 418
150 440
150 446
150 448
151 161
151 164
151 257
151 272
151 279
151 281
151 296
151 364
151 403
151 437
151 446
152 353
152 359
152 364
152 375
152 415
152 430
152 437
152 440
152 446
152 448
153 155
153 158
153 159
153 161
153 162
153 164
153 195
153 218
153 225
153 272
153 274
153 351
153 414
153 423
153 428
153 434
153 437
153 449
153 458
153 467
154 157
154 188
154 190
154 191
154 192
154 193
154 194
154 197
154 198
154 199
154 201
154 210
154 212
154 213
154 402
154 408
154 435
154 460
154 490
154 492
154 494
154 496
154 501
154 504
154 514
155 218
155 225
155 361
155 404
155 406
155 412
155 414
155 420
155 421
155 423
155 424
155 430
155 434
155 452
155 454
155 458
155 461
155 467
155 491
155 527
155 599
156 224
156 225
156 234
156 251
156 399
156 404
156 412
156 423
156 424
156 450
156 451
156 490
156 492
156 520
157 175
157 179
157 188
157 190
157 208
157 209
157 210
157 211
157 212
157 231
157 233
157 265
157 268
157 273
157 295
157 480
157 493
157 494
157 496
157 501
157 502
157 505
157 509
157 512
157 513
157 521
157 544
157 565
157 594
158 159
158 161
158 162
158 163
158 253
158 274
158 275
158 277
158 327
158 428
158 445
158 455
158 462
158 529
159 160
159 218
159 274
159 351
159 442
159 447
159 449
159 519
161 162
161 218
161 274
161 279
161 281
161 353
161 364
161 372
161 403
161 428
161 430
161 434
161 437
161 446
161 448
161 453
161 462
161 527
162 163
162 218
162 253
162 254
162 428
162 430
162 437
162 453
162 462
163 253
163 254
163 267
163 271
163 275
163 277
163 462
163 464
164 203
164 204
164 215
164 272
164 274
164 279
164 281
164 296
164 442
164 449
166 167
166 168
166 169
166 170
166 173
166 176
166 177
166 179
166 182
166 206
166 211
166 231
166 233
166 238
166 240
166 247
166 255
166 256
166 268
166 273
166 276
166 282
166 295
166 470
166 472
166 475
166 476
166 478
166 480
166 481
166 482
166 483
166 484
166 485
166 507
166 508
166 523
166 544
166 551
166 556
166 566
166 567
166 585
167 169
167 171
167 173
167 174
167 175
167 176
167 249
167 470
167 472
167 476
167 477
167 478
167 480
167 483
167 485
167 559
168 170
168 172
168 176
168 177
168 178
168 179
168 182
168 206
168 228
168 229
168 230
168 231
168 232
168 233
168 235
168 236
168 238
168 239
168 240
168 247
168 248
168 252
168 255
168 256
168 265
168 268
168 269
168 276
168 282
168 295
168 475
168 478
168 481
168 485
168 493
168 507
168 508
168 511
168 512
168 513
168 525
168 531
168 538
168 542
168 543
168 544
168 548
168 551
168 552
168 554
168 556
168 560
168 561
168 564
168 566
168 567
168 571
168 572
168 573
168 581
168 585
169 171
169 173
169 174
169 176
169 179
169 249
169 276
169 470
169 472
169 476
169 477
169 478
169 480
169 482
169 483
169 485
169 523
169 526
169 559
169 585
170 178
170 182
170 189
170 206
170 229
170 230
170 235
170 236
170 238
170 239
170 240
170 247
170 252
170 255
170 256
170 258
170 269
170 276
170 282
170 289
170 291
170 473
170 475
170 476
170 507
170 508
170 522
170 523
170 531
170 538
170 542
170 546
170 547
170 548
170 551
170 554
170 556
170 566
170 567
170 581
170 585
171 173
171 174
171 472
171 476
171 477
171 523
171 559
172 176
172 178
172 206
172 228
172 229
172 232
172 236
172 238
172 239
172 247
172 248
172 250
172 252
172 255
172 265
172 269
172 478
172 507
172 510
172 512
172 513
172 515
172 531
172 532
172 538
172 540
172 541
172 542
172 543
172 548
172 551
172 552
172 554
172 560
172 561
172 566
172 567
172 570
172 571
172 572
172 573
173 276
173 472
173 476
173 477
173 495
173 523
173 526
173 559
174 217
174 249
174 477
174 482
174 559
175 176
175 177
175 179
175 209
175 211
175 231
175 273
175 295
175 480
175 483
175 485
175 509
176 177
176 178
176 179
176 182
176 189
176 206
176 209
176 211
176 222
176 228
176 229
176 230
176 231
176 233
176 235
176 236
176 238
176 240
176 247
176 252
176 255
176 256
176 259
176 265
176 268
176 282
176 295
176 470
176 478
176 480
176 481
176 485
176 493
176 507
176 508
176 509
176 511
176 512
176 513
176 538
176 542
176 544
176 548
176 551
176 564
176 565
176 566
176 567
176 571
176 572
176 573
176 581
176 585
177 179
177 182
177 206
177 231
177 295
177 470
177 475
177 478
177 480
177 481
177 482
177 484
177 485
177 486
177 507
177 508
177 526
177 544
177 551
177 566
177 585
178 206
178 228
178 229
178 230
178 231
178 232
178 238
178 239
178 240
178 243
178 247
178 250
178 252
178 255
178 256
178 258
178 259
178 264
178 265
178 268
178 269
178 270
178 278
178 295
178 478
178 480
178 481
178 485
178 493
178 507
178 508
178 511
178 512
178 513
178 522
178 531
178 532
178 538
178 540
178 541
178 542
178 547
178 548
178 551
178 552
178 554
178 560
178 561
178 564
178 565
178 566
178 567
178 569
178 570
178 571
178 572
178 573
178 577
178 581
178 585
178 589
178 590
178 600
179 182
179 206
179 208
179 209
179 222
179 231
179 265
179 268
179 295
179 470
179 478
179 480
179 481
179 482
179 483
179 484
179 485
179 507
179 508
179 512
179 513
179 544
179 551
179 557
179 564
179 565
179 566
180 183
181 469
182 189
182 206
182 211
182 222
182 229
182 230
182 231
182 233
182 235
182 236
182 238
182 239
182 240
182 241
182 247
182 252
182 255
182 256
182 276
182 282
182 289
182 295
182 478
182 485
182 493
182 507
182 508
182 511
182 542
182 548
182 551
182 566
182 567
182 581
182 585
183 246
183 258
183 259
183 260
183 296
183 298
183 300
183 448
185 227
185 480
185 486
185 536
185 557
186 253
186 254
186 266
187 192
187 202
187 207
188 190
188 191
188 192
188 194
188 198
188 199
188 201
188 207
188 210
188 211
188 213
188 241
188 273
188 393
188 402
188 408
188 435
188 460
188 490
188 492
188 496
188 501
188 504
188 506
188 509
189 202
189 206
189 207
189 211
189 214
189 230
189 231
189 235
189 240
189 241
189 247
189 256
189 273
189 276
189 282
189 289
189 295
189 383
189 394
189 474
189 487
189 493
189 495
189 508
189 511
189 523
189 551
189 555
189 581
189 585
189 586
190 191
190 197
190 201
190 209
190 210
190 213
190 227
190 273
190 402
190 408
190 435
190 450
190 451
190 460
190 490
190 492
190 494
190 496
190 501
190 504
190 509
190 514
190 521
190 527
190 537
190 594
191 192
191 193
191 194
191 199
191 201
191 210
191 212
191 213
191 393
191 396
191 397
191 402
191 404
191 406
191 407
191 408
191 409
191 435
191 460
191 461
191 490
191 491
191 492
191 494
191 496
191 501
191 504
191 514
192 193
192 194
192 198
192 199
192 201
192 202
192 211
192 212
192 213
192 241
192 393
192 402
192 435
192 460
192 500
192 501
192 504
193 194
193 198
193 201
193 212
194 195
194 199
194 201
194 213
194 395
194 396
194 397
194 402
194 407
194 408
194 409
194 435
194 461
194 492
194 504
195 196
195 199
195 213
195 351
195 395
195 402
195 404
195 406
195 407
195 409
195 414
195 449
195 461
195 519
196 213
196 351
196 361
196 390
196 395
196 409
196 412
196 414
196 443
196 449
196 519
196 520
197 198
197 420
197 460
198 199
198 200
198 201
198 202
198 207
198 211
198 212
198 216
198 233
198 273
198 276
198 298
198 378
198 460
198 500
199 201
199 213
199 395
199 402
199 404
199 407
199 409
199 435
199 460
199 461
199 500
199 504
200 202
200 204
200 207
200 211
200 214
200 216
200 273
200 276
200 280
200 282
200 296
200 298
200 346
200 374
200 459
200 474
200 500
201 209
201 210
201 211
201 212
201 227
201 241
201 273
201 298
201 435
201 436
201 460
201 500
201 501
201 504
202 204
202 207
202 211
202 214
202 216
202 273
202 276
202 394
202 474
202 500
202 523
203 204
203 212
203 215
203 219
203 274
203 296
203 300
203 499
204 215
204 274
204 398
204 425
204 442
206 222
206 228
206 229
206 230
206 231
206 235
206 236
206 238
206 239
206 240
206 243
206 244
206 247
206 252
206 255
206 256
206 258
206 259
206 265
206 268
206 269
206 276
206 282
206 295
206 478
206 480
206 481
206 485
206 493
206 503
206 505
206 507
206 508
206 511
206 512
206 513
206 516
206 522
206 525
206 531
206 532
206 538
206 540
206 541
206 542
206 543
206 544
206 545
206 547
206 548
206 550
206 551
206 552
206 554
206 555
206 561
206 564
206 565
206 566
206 567
206 570
206 571
206 572
206 573
206 581
206 585
207 211
207 216
207 230
207 231
207 273
207 276
207 295
207 383
207 394
207 493
207 495
208 209
208 210
208 228
208 231
208 246
208 250
208 258
208 259
208 260
208 261
208 263
208 264
208 265
208 268
208 269
208 270
208 278
208 295
208 300
208 463
208 480
208 512
208 557
208 561
208 564
208 565
208 588
208 589
208 591
208 593
208 594
209 210
209 211
209 212
209 222
209 227
209 231
209 233
209 259
209 265
209 268
209 273
209 295
209 478
209 480
209 490
209 494
209 496
209 501
209 509
209 510
209 512
209 513
209 521
209 537
209 544
209 557
209 565
209 573
209 588
209 589
209 594
210 212
210 227
210 408
210 435
210 451
210 460
210 480
210 490
210 492
210 494
210 496
210 501
210 504
210 509
210 514
210 537
211 212
211 214
211 216
211 230
211 231
211 233
211 241
211 268
211 273
211 276
211 280
211 282
211 295
211 298
211 374
211 394
211 460
211 493
211 495
211 501
211 502
211 509
211 544
211 551
212 231
212 259
212 273
212 295
212 298
212 374
212 474
212 501
213 393
213 395
213 397
213 402
213 408
213 409
213 435
213 461
213 465
213 492
213 498
213 500
213 504
213 520
214 216
214 230
214 259
214 273
214 276
214 282
214 295
214 474
214 499
214 503
214 508
214 522
214 523
214 524
215 274
215 279
215 281
215 296
215 300
215 425
215 596
216 273
216 276
216 280
216 472
216 523
217 249
217 279
217 335
218 225
218 274
218 299
218 331
218 333
218 364
218 375
218 527
219 261
219 268
219 499
220 221
220 222
220 244
220 251
220 286
220 287
220 529
220 530
220 536
220 553
221 227
221 251
221 287
221 299
221 529
221 530
222 223
222 226
222 231
222 235
222 236
222 238
222 239
222 240
222 243
222 244
222 245
222 252
222 265
222 469
222 480
222 510
222 511
222 512
222 513
222 531
222 532
222 533
222 535
222 536
222 550
222 551
222 552
222 553
222 554
222 555
222 557
222 561
223 233
223 234
223 241
223 283
223 397
223 399
223 489
223 490
223 492
223 494
223 496
223 498
223 518
223 520
223 521
223 533
223 537
223 579
223 580
224 225
224 234
224 397
224 399
224 412
224 443
224 520
224 579
225 251
225 262
225 299
225 397
225 404
225 412
225 420
225 421
225 423
225 424
225 527
226 235
226 239
226 244
226 291
226 551
226 556
227 420
227 480
227 527
227 536
227 537
227 557
228 229
228 230
228 231
228 232
228 235
228 236
228 238
228 239
228 240
228 243
228 246
228 247
228 248
228 250
228 252
228 255
228 256
228 258
228 259
228 263
228 264
228 265
228 268
228 269
228 270
228 278
228 387
228 481
228 507
228 510
228 511
228 512
228 513
228 515
228 522
228 525
228 528
228 531
228 532
228 534
228 538
228 540
228 541
228 542
228 543
228 546
228 547
228 548
228 552
228 554
228 558
228 560
228 561
228 564
228 565
228 566
228 567
228 569
228 570
228 571
228 572
228 573
228 581
228 589
228 590
228 594
228 600
229 230
229 231
229 232
229 235
229 236
229 238
229 239
229 240
229 243
229 247
229 250
229 252
229 255
229 256
229 258
229 259
229 264
229 265
229 268
229 269
229 270
229 282
229 295
229 387
229 475
229 481
229 493
229 503
229 507
229 508
229 511
229 512
229 513
229 515
229 516
229 522
229 525
229 531
229 532
229 538
229 540
229 541
229 542
229 543
229 544
229 545
229 546
229 547
229 548
229 550
229 551
229 552
229 554
229 555
229 560
229 561
229 564
229 565
229 566
229 567
229 569
229 570
229 571
229 572
229 573
229 581
229 585
229 600
230 231
230 233
230 235
230 236
230 238
230 239
230 240
230 244
230 247
230 252
230 255
230 256
230 258
230 259
230 265
230 268
230 269
230 273
230 276
230 282
230 295
230 474
230 481
230 485
230 493
230 503
230 507
230 508
230 511
230 512
230 513
230 516
230 522
230 524
230 525
230 531
230 538
230 540
230 541
230 542
230 544
230 545
230 546
230 547
230 548
230 551
230 552
230 554
230 555
230 564
230 565
230 566
230 567
230 570
230 571
230 572
230 573
230 581
230 585
231 233
231 235
231 236
231 238
231 239
231 240
231 241
231 247
231 255
231 256
231 259
231 265
231 268
231 269
231 273
231 276
231 282
231 295
231 478
231 480
231 481
231 485
231 493
231 502
231 507
231 508
231 509
231 511
231 512
231 513
231 525
231 531
231 538
231 542
231 544
231 548
231 551
231 552
231 555
231 564
231 565
231 566
231 567
231 571
231 572
231 573
231 581
231 585
231 588
232 236
232 238
232 239
232 240
232 243
232 245
232 247
232 248
232 250
232 252
232 255
232 256
232 258
232 265
232 269
232 270
232 387
232 515
232 528
232 531
232 532
232 538
232 540
232 541
232 542
232 543
232 546
232 547
232 548
232 552
232 554
232 558
232 560
232 561
232 566
232 567
232 569
232 570
232 571
232 581
233 241
233 265
233 268
233 273
233 276
233 282
233 295
233 485
233 493
233 502
233 544
233 551
234 399
234 451
234 490
234 514
234 520
234 521
234 537
235 236
235 238
235 239
235 240
235 243
235 244
235 247
235 252
235 255
235 256
235 265
235 268
235 276
235 282
235 289
235 291
235 295
235 478
235 493
235 507
235 508
235 511
235 512
235 513
235 525
235 531
235 532
235 538
235 540
235 542
235 545
235 546
235 547
235 548
235 550
235 551
235 552
235 554
235 555
235 556
235 560
235 566
235 567
235 571
235 572
235 581
235 585
236 238
236 239
236 240
236 243
236 244
236 247
236 248
236 250
236 252
236 255
236 256
236 258
236 265
236 268
236 269
236 276
236 282
236 291
236 473
236 475
236 478
236 493
236 507
236 508
236 511
236 531
236 538
236 540
236 542
236 544
236 546
236 547
236 548
236 550
236 551
236 552
236 554
236 555
236 556
236 560
236 561
236 566
236 567
236 570
236 571
236 572
236 581
236 585
237 245
237 284
237 285
237 286
237 549
237 553
237 582
237 583
237 584
238 239
238 240
238 243
238 244
238 247
238 248
238 250
238 252
238 255
238 256
238 258
238 259
238 265
238 268
238 269
238 282
238 291
238 295
238 475
238 478
238 481
238 485
238 493
238 507
238 508
238 511
238 512
238 513
238 525
238 531
238 532
238 538
238 540
238 541
238 542
238 543
238 544
238 545
238 546
238 547
238 548
238 550
238 551
238 552
238 554
238 555
238 556
238 560
238 561
238 564
238 565
238 566
238 567
238 570
238 571
238 572
238 573
238 581
238 585
239 240
239 243
239 244
239 245
239 247
239 248
239 250
239 252
239 255
239 256
239 258
239 265
239 268
239 269
239 270
239 282
239 291
239 475
239 478
239 507
239 508
239 511
239 512
239 531
239 532
239 538
239 540
239 541
239 542
239 543
239 546
239 547
239 548
239 550
239 551
239 552
239 554
239 555
239 556
239 558
239 560
239 561
239 564
239 566
239 567
239 570
239 571
239 572
239 581
239 585
240 243
240 244
240 247
240 252
240 255
240 256
240 258
240 259
240 265
240 268
240 269
240 276
240 282
240 291
240 295
240 473
240 475
240 481
240 493
240 507
240 508
240 511
240 513
240 531
240 532
240 538
240 540
240 541
240 542
240 544
240 545
240 546
240 547
240 548
240 550
240 551
240 552
240 554
240 555
240 556
240 560
240 561
240 564
240 565
240 566
240 567
240 570
240 571
240 572
240 581
240 585
241 273
241 282
241 283
241 295
241 551
241 580
242 250
242 253
242 254
242 262
242 266
242 438
242 558
242 563
243 245
243 247
243 248
243 250
243 252
243 255
243 256
243 258
243 265
243 269
243 481
243 507
243 508
243 510
243 511
243 512
243 531
243 532
243 538
243 540
243 541
243 542
243 546
243 547
243 548
243 550
243 552
243 554
243 560
243 561
243 564
243 565
243 566
243 567
243 570
243 571
243 581
243 600
244 245
244 247
244 291
244 511
244 532
244 535
244 547
244 548
244 550
244 551
244 553
244 554
244 555
244 556
245 248
245 250
245 252
245 291
245 532
245 546
245 547
245 550
245 553
245 554
245 560
246 248
246 250
246 258
246 259
246 260
246 261
246 262
246 264
246 267
246 270
246 278
246 296
246 300
246 558
247 248
247 252
247 255
247 256
247 258
247 268
247 269
247 276
247 282
247 291
247 473
247 475
247 476
247 478
247 481
247 493
247 507
247 508
247 511
247 513
247 522
247 531
247 532
247 538
247 540
247 542
247 544
247 545
247 546
247 547
247 548
247 550
247 551
247 552
247 554
247 555
247 556
247 560
247 561
247 566
247 567
247 570
247 571
247 572
247 581
247 585
248 250
248 252
248 254
248 255
248 258
248 265
248 266
248 268
248 269
248 463
248 478
248 552
248 556
248 557
248 558
248 560
248 561
248 562
248 563
249 320
249 477
249 482
249 526
249 559
250 252
250 254
250 255
250 258
250 262
250 263
250 264
250 265
250 266
250 267
250 268
250 269
250 270
250 278
250 463
250 478
250 531
250 536
250 543
250 552
250 554
250 557
250 558
250 560
250 561
250 562
250 563
250 566
250 567
250 570
251 529
251 530
252 255
252 256
252 258
252 265
252 268
252 269
252 270
252 282
252 291
252 478
252 481
252 507
252 508
252 511
252 512
252 515
252 522
252 531
252 532
252 538
252 540
252 541
252 542
252 543
252 545
252 546
252 547
252 548
252 550
252 551
252 552
252 554
252 556
252 558
252 560
252 561
252 564
252 565
252 566
252 567
252 570
252 571
252 572
252 581
252 585
253 254
253 266
253 267
253 277
253 423
253 445
253 452
253 454
253 462
253 463
253 464
253 536
253 558
253 562
253 563
253 599
254 263
254 266
254 267
254 277
254 439
254 452
254 454
254 463
254 464
254 536
254 557
254 558
254 562
254 563
254 575
254 599
255 256
255 258
255 259
255 265
255 268
255 269
255 270
255 282
255 291
255 295
255 387
255 475
255 478
255 481
255 485
255 493
255 507
255 508
255 511
255 512
255 513
255 522
255 525
255 531
255 532
255 538
255 540
255 541
255 542
255 543
255 544
255 545
255 546
255 547
255 548
255 551
255 552
255 554
255 560
255 561
255 564
255 565
255 566
255 567
255 569
255 570
255 571
255 572
255 573
255 581
255 585
256 258
256 259
256 265
256 268
256 269
256 282
256 289
256 291
256 295
256 387
256 475
256 481
256 485
256 493
256 507
256 508
256 511
256 512
256 513
256 516
256 522
256 524
256 525
256 531
256 532
256 538
256 540
256 541
256 542
256 545
256 546
256 547
256 548
256 551
256 552
256 554
256 555
256 560
256 564
256 565
256 566
256 567
256 570
256 571
256 572
256 581
256 585
257 364
257 365
257 428
258 259
258 261
258 264
258 265
258 268
258 269
258 270
258 278
258 291
258 300
258 387
258 481
258 507
258 508
258 511
258 522
258 528
258 531
258 538
258 540
258 541
258 542
258 543
258 546
258 547
258 548
258 552
258 554
258 558
258 560
258 561
258 564
258 565
258 566
258 567
258 569
258 570
258 571
258 572
258 581
258 589
258 590
258 600
259 261
259 264
259 268
259 295
259 296
259 300
259 478
259 480
259 507
259 508
259 511
259 538
259 564
259 565
259 566
259 567
259 572
259 588
259 589
259 592
259 593
260 261
260 262
260 274
260 279
260 281
260 296
260 300
261 264
261 267
261 270
261 278
261 281
261 296
261 300
261 577
261 589
261 590
261 593
262 263
262 266
262 558
262 563
263 265
263 266
263 270
263 463
263 534
263 557
263 558
263 560
263 561
263 562
263 563
264 267
264 269
264 270
264 278
264 300
264 387
264 457
264 508
264 522
264 528
264 531
264 538
264 540
264 541
264 564
264 565
264 566
264 567
264 569
264 570
264 571
264 577
264 589
264 590
264 592
264 593
264 600
265 268
265 269
265 270
265 282
265 295
265 387
265 450
265 451
265 478
265 480
265 481
265 485
265 507
265 510
265 511
265 512
265 513
265 515
265 521
265 525
265 531
265 538
265 540
265 541
265 542
265 543
265 544
265 548
265 551
265 552
265 554
265 557
265 560
265 561
265 564
265 565
265 566
265 567
265 570
265 571
265 572
265 573
265 589
265 594
265 600
266 463
266 536
266 557
266 558
266 560
266 561
266 562
266 563
267 277
267 463
267 558
267 591
267 596
268 269
268 270
268 282
268 295
268 298
268 300
268 478
268 480
268 493
268 503
268 507
268 508
268 511
268 512
268 513
268 522
268 528
268 531
268 538
268 542
268 543
268 544
268 548
268 551
268 552
268 560
268 561
268 564
268 565
268 566
268 567
268 570
268 571
268 572
268 573
268 581
269 270
269 278
269 282
269 387
269 507
269 508
269 512
269 522
269 528
269 531
269 538
269 540
269 541
269 542
269 543
269 547
269 548
269 552
269 554
269 558
269 560
269 561
269 564
269 565
269 566
269 567
269 569
269 570
269 571
269 572
269 581
270 278
270 387
270 463
270 512
270 522
270 528
270 531
270 538
270 540
270 541
270 543
270 552
270 558
270 560
270 561
270 564
270 565
270 566
270 567
270 569
270 570
270 571
270 590
270 600
271 464
272 274
272 279
272 281
272 296
273 276
273 280
273 282
273 295
273 374
273 394
273 472
273 474
273 493
273 499
273 501
273 502
273 503
273 505
273 509
273 524
273 544
274 279
274 281
274 299
274 372
274 415
274 442
275 277
275 464
276 282
276 289
276 295
276 472
276 473
276 474
276 493
276 508
276 523
276 526
276 544
276 551
276 581
276 585
277 445
277 464
277 558
277 563
277 575
278 522
278 566
278 577
278 590
279 281
279 296
279 299
279 422
280 296
280 298
280 346
280 459
280 524
280 578
281 296
281 299
281 300
281 346
281 372
281 446
281 596
282 289
282 295
282 473
282 485
282 493
282 507
282 508
282 511
282 542
282 544
282 545
282 548
282 551
282 566
282 567
282 572
282 581
282 585
283 399
283 489
283 496
283 579
283 580
284 285
284 286
284 287
284 529
284 530
284 549
284 582
284 583
284 584
285 286
285 287
285 291
285 582
285 583
285 584
286 287
286 529
286 530
286 549
286 553
286 582
286 583
286 584
287 529
287 530
287 582
287 583
287 584
288 586
289 290
289 475
289 586
290 292
290 487
290 586
291 546
291 547
291 548
291 550
291 554
291 555
291 556
291 587
292 487
292 587
293 365
293 427
293 430
294 297
294 365
294 370
294 372
295 300
295 374
295 480
295 481
295 484
295 485
295 493
295 502
295 503
295 505
295 507
295 508
295 509
295 511
295 512
295 513
295 516
295 524
295 525
295 538
295 542
295 544
295 551
295 564
295 565
295 566
295 567
295 571
295 572
295 573
295 581
295 588
296 298
296 300
296 341
296 345
296 346
296 457
296 459
296 593
297 299
297 300
297 370
297 595
297 596
297 597
297 598
298 300
299 370
299 372
299 375
299 403
299 421
299 597
300 588
300 593
300 595
300 596
301 302
301 304
301 315
301 317
301 319
301 320
301 321
301 322
301 336
301 345
301 352
301 358
301 386
301 389
301 391
301 398
301 487
302 303
302 304
302 305
302 315
302 317
302 319
302 320
302 321
302 322
302 323
302 325
302 328
302 332
302 335
302 336
302 352
302 358
302 386
302 389
302 398
302 425
302 447
303 304
303 311
303 317
303 319
303 321
303 332
303 335
303 336
303 360
303 385
303 386
303 388
303 389
303 392
303 401
304 305
304 315
304 317
304 319
304 320
304 321
304 322
304 323
304 325
304 326
304 328
304 329
304 332
304 335
304 336
304 352
304 389
304 398
304 425
304 447
305 308
305 317
305 321
305 322
305 323
305 324
305 325
305 329
305 336
305 339
305 345
305 352
305 358
305 362
305 398
305 425
306 309
306 311
306 315
306 318
306 319
306 389
307 311
308 312
308 318
308 322
308 326
310 314
311 315
312 313
312 316
312 318
313 314
313 315
313 316
314 315
314 316
315 316
315 318
315 319
315 320
317 319
317 320
317 321
317 322
317 325
317 334
317 335
317 336
317 386
317 389
317 398
317 400
318 319
318 320
319 320
319 321
319 322
319 335
319 336
319 386
319 389
320 321
320 322
320 325
320 328
320 329
320 332
320 334
320 335
320 336
320 389
321 322
321 323
321 325
321 328
321 329
321 332
321 334
321 335
321 336
321 352
321 386
321 389
321 391
321 398
321 425
321 447
322 323
322 325
322 328
322 336
322 352
322 389
322 398
322 425
323 324
323 325
323 327
323 328
323 329
323 330
323 332
323 334
323 335
323 336
323 352
323 425
323 447
324 326
324 329
324 369
325 328
325 329
325 332
325 334
325 358
325 425
325 447
327 328
327 329
327 330
327 332
327 333
327 335
327 370
327 445
327 447
327 529
327 582
327 583
328 329
328 330
328 332
328 333
328 334
328 335
328 336
329 330
329 331
329 332
329 333
329 334
329 335
330 332
330 335
330 529
330 582
330 583
331 333
331 334
331 529
332 333
332 334
332 335
332 336
332 447
332 529
332 582
332 583
333 334
333 335
333 529
333 583
334 335
334 336
334 583
335 336
335 360
335 386
335 389
335 447
335 582
336 352
336 386
336 389
336 447
337 338
337 340
337 342
337 344
337 348
337 385
337 407
337 409
337 413
337 416
337 417
337 449
338 340
338 342
338 343
338 347
338 353
338 381
338 382
338 413
338 415
338 416
339 341
339 345
339 346
339 347
339 349
339 352
339 356
339 357
339 362
339 368
339 371
339 381
339 415
339 418
339 425
339 441
339 446
340 342
340 343
340 344
340 347
340 348
340 375
340 413
340 415
340 416
341 345
341 346
341 349
341 350
341 354
341 356
341 357
341 362
341 369
341 371
341 372
341 418
341 441
341 446
341 448
341 457
341 459
341 593
342 343
342 347
342 416
343 347
343 415
343 416
344 348
344 353
344 375
344 382
344 386
344 413
344 415
344 417
344 418
344 447
344 449
345 346
345 349
345 352
345 356
345 357
345 358
345 362
345 369
345 441
345 459
345 524
345 592
345 593
346 347
346 349
346 350
346 356
346 357
346 362
346 372
346 415
346 418
346 441
346 446
346 448
346 459
347 349
347 350
347 356
347 357
347 415
347 446
348 353
348 375
348 379
348 382
348 410
348 413
348 415
348 416
348 417
348 418
348 449
349 350
349 354
349 356
349 357
349 362
349 369
349 371
349 441
349 446
349 488
350 356
350 357
350 371
350 415
350 416
350 418
350 440
351 353
351 361
351 375
351 401
351 414
351 447
351 449
351 519
352 358
352 362
352 398
352 425
352 447
353 354
353 359
353 364
353 365
353 372
353 375
353 403
353 415
353 418
353 421
353 422
353 428
353 430
353 437
353 444
353 446
353 448
354 355
354 356
354 357
354 362
354 369
354 372
354 373
354 376
354 446
354 448
356 357
356 358
356 362
356 369
356 371
356 372
356 441
356 446
356 448
356 459
356 524
357 358
357 362
357 368
357 369
357 371
357 372
357 441
357 446
357 448
358 362
359 364
359 375
359 421
359 430
359 434
360 392
361 401
361 412
361 414
361 443
362 363
362 441
362 459
362 524
364 365
364 372
364 375
364 381
364 403
364 405
364 415
364 428
364 430
364 437
364 440
364 444
364 446
364 448
364 453
365 368
365 370
365 372
365 373
365 376
365 377
365 378
365 403
365 420
365 428
365 429
365 430
365 436
365 437
365 446
365 448
367 369
367 598
368 369
368 370
369 371
369 372
369 376
369 446
370 372
370 373
370 446
370 596
370 597
371 441
371 446
372 373
372 415
372 418
372 422
372 428
372 437
372 444
372 446
372 448
372 453
372 596
374 376
374 378
374 380
375 415
375 421
375 430
375 437
376 377
376 378
376 380
376 436
376 446
377 378
377 379
377 380
377 381
378 379
378 380
378 436
379 405
379 413
379 415
379 436
379 440
380 381
380 440
381 405
381 437
381 440
382 413
382 415
382 417
382 425
382 447
382 449
383 394
383 474
383 487
383 493
383 495
383 505
383 523
384 385
384 390
384 393
384 396
384 487
385 386
385 388
385 390
386 388
386 389
386 447
387 488
387 511
387 512
387 513
387 516
387 517
387 522
387 524
387 528
387 531
387 534
387 538
387 540
387 541
387 542
387 543
387 552
387 554
387 564
387 565
387 566
387 567
387 569
387 570
387 571
387 572
387 573
387 574
387 581
387 589
387 590
387 592
387 593
387 594
387 598
387 600
388 389
388 391
388 392
388 401
389 391
389 392
389 398
389 401
389 487
390 392
390 393
390 395
390 396
391 398
391 487
391 586
391 587
392 401
393 394
393 395
393 396
393 397
393 402
393 408
393 491
393 492
393 495
393 496
393 498
393 500
393 504
394 474
394 493
394 495
394 496
394 500
394 501
394 502
394 503
394 505
394 544
395 396
395 397
395 409
395 412
395 414
395 456
395 461
396 402
396 409
396 419
396 500
396 501
396 504
397 399
397 408
397 412
397 435
397 461
397 491
397 492
397 494
397 498
397 504
397 514
397 520
397 533
398 400
398 411
398 425
399 408
399 412
399 451
399 490
399 491
399 492
399 494
399 498
399 514
399 520
399 533
399 579
399 580
400 410
400 411
400 425
401 413
401 443
401 447
402 404
402 406
402 407
402 408
402 409
402 435
402 460
402 461
402 490
402 491
402 492
402 504
402 514
403 420
403 421
403 422
403 428
403 430
403 436
403 437
403 527
404 406
404 407
404 408
404 414
404 420
404 423
404 424
404 434
404 435
404 458
404 461
404 491
404 492
404 527
405 415
405 436
405 440
406 407
406 408
406 409
406 414
406 423
406 424
406 434
406 435
406 461
406 491
406 492
407 408
407 409
407 414
407 434
407 435
407 461
407 491
407 492
408 409
408 435
408 450
408 451
408 460
408 461
408 490
408 491
408 492
408 494
408 496
408 498
408 504
408 514
408 520
408 537
409 414
409 417
409 449
409 461
409 467
409 491
409 492
410 411
410 413
410 417
410 419
411 419
411 524
412 414
412 423
412 424
412 443
412 461
412 467
412 491
412 492
412 520
413 415
413 417
413 449
413 497
413 519
414 449
414 461
414 491
415 416
415 418
415 422
415 437
415 440
415 446
415 447
415 449
416 440
417 419
417 449
417 497
417 519
418 422
418 446
418 447
418 449
420 421
420 423
420 424
420 430
420 432
420 438
420 450
420 452
420 458
420 527
420 594
420 597
421 423
421 424
421 429
421 430
421 462
421 597
422 446
422 578
422 596
423 424
423 430
423 434
423 450
423 452
423 454
423 458
423 461
423 467
423 491
423 492
423 514
423 527
423 599
424 450
424 458
424 461
424 491
424 599
425 442
425 447
426 462
428 429
428 430
428 434
428 437
428 444
428 448
428 453
428 462
428 527
429 430
430 434
430 437
430 444
430 453
430 462
430 527
431 433
431 437
431 453
432 452
432 591
432 596
434 437
434 458
434 461
435 436
435 460
435 461
435 490
435 491
435 492
435 494
435 504
435 514
435 527
435 537
436 460
437 440
437 446
437 447
437 448
437 453
437 462
439 454
439 463
439 464
439 562
439 599
440 446
440 448
441 459
441 488
441 524
441 593
442 449
443 467
443 529
445 529
445 596
446 448
446 596
447 497
448 453
449 467
449 519
450 451
450 490
450 492
450 494
450 510
450 514
450 515
450 521
450 594
451 490
451 492
451 494
451 496
451 509
451 510
451 512
451 514
451 515
451 521
451 534
451 537
451 594
452 454
452 514
452 527
453 462
454 464
454 527
455 456
455 467
456 467
457 459
457 466
457 468
457 517
457 522
457 524
457 528
457 538
457 569
457 571
457 574
457 577
457 578
457 592
459 466
459 488
459 499
459 517
459 524
459 578
459 592
460 490
460 492
460 501
460 504
460 509
460 514
460 527
460 537
461 467
461 491
461 492
461 504
461 527
463 464
463 510
463 512
463 534
463 536
463 543
463 552
463 557
463 558
463 561
463 562
463 563
463 570
463 575
463 589
463 591
464 563
464 599
465 496
465 498
465 505
465 576
466 468
466 517
466 574
466 577
466 578
466 592
467 491
467 492
468 517
468 528
468 569
468 574
468 578
468 592
470 472
470 477
470 480
470 483
470 484
470 485
470 559
471 586
472 476
472 477
472 482
472 484
472 523
472 526
472 559
473 523
473 585
474 493
474 499
474 502
474 503
474 508
474 523
474 524
475 485
475 507
475 508
475 548
475 551
475 567
475 581
476 477
476 522
476 523
476 559
476 567
477 479
477 482
477 523
477 526
477 559
478 480
478 485
478 507
478 512
478 544
478 548
478 551
478 552
478 556
478 558
478 561
478 566
478 567
480 481
480 484
480 485
480 486
480 507
480 508
480 509
480 512
480 513
480 551
480 557
480 564
480 565
480 566
480 585
480 588
480 589
481 484
481 485
481 486
481 493
481 507
481 508
481 510
481 511
481 512
481 513
481 515
481 516
481 522
481 525
481 531
481 532
481 538
481 540
481 541
481 542
481 548
481 551
481 552
481 554
481 560
481 564
481 565
481 566
481 567
481 570
481 571
481 572
481 573
481 581
481 585
481 589
481 590
481 600
482 483
482 485
482 559
483 484
483 485
484 485
484 507
484 526
485 486
485 507
485 508
485 512
485 513
485 544
485 551
485 564
485 565
485 566
485 567
485 585
487 586
487 587
488 499
488 524
488 569
488 572
488 592
488 593
489 493
489 495
489 518
489 521
489 532
489 533
489 545
489 555
489 579
489 580
489 586
490 492
490 494
490 496
490 498
490 504
490 509
490 510
490 514
490 521
490 537
490 594
491 492
491 514
492 494
492 496
492 498
492 504
492 509
492 514
492 520
492 521
492 537
492 580
493 495
493 496
493 502
493 503
493 505
493 507
493 508
493 509
493 511
493 512
493 513
493 515
493 516
493 518
493 521
493 522
493 524
493 525
493 531
493 532
493 538
493 540
493 541
493 542
493 543
493 544
493 545
493 548
493 551
493 552
493 554
493 555
493 564
493 565
493 566
493 567
493 570
493 571
493 572
493 573
493 574
493 581
493 592
494 496
494 504
494 509
494 510
494 512
494 514
494 521
494 533
494 537
494 573
494 594
495 496
495 544
495 545
496 498
496 501
496 504
496 505
496 509
496 513
496 514
496 521
496 544
496 573
497 519
498 504
498 520
499 502
499 503
499 505
499 516
499 517
499 524
499 578
499 592
500 501
501 502
501 504
501 505
501 509
502 503
502 505
502 513
502 516
502 524
502 525
502 544
502 565
502 588
502 594
503 505
503 507
503 508
503 511
503 512
503 513
503 515
503 516
503 517
503 522
503 524
503 525
503 528
503 531
503 538
503 540
503 541
503 542
503 543
503 544
503 545
503 564
503 565
503 566
503 567
503 569
503 570
503 571
503 572
503 573
503 574
503 581
503 592
504 514
504 537
505 509
505 511
505 512
505 513
505 516
505 517
505 521
505 524
505 542
505 544
505 545
505 565
505 572
505 573
505 574
507 508
507 510
507 511
507 512
507 513
507 515
507 516
507 522
507 523
507 524
507 525
507 531
507 538
507 540
507 541
507 542
507 543
507 544
507 545
507 548
507 551
507 552
507 554
507 555
507 561
507 564
507 565
507 566
507 567
507 570
507 571
507 572
507 573
507 581
507 585
507 589
508 511
508 512
508 513
508 516
508 522
508 523
508 524
508 525
508 526
508 531
508 538
508 540
508 541
508 542
508 544
508 545
508 548
508 551
508 552
508 554
508 555
508 564
508 565
508 566
508 567
508 570
508 571
508 572
508 577
508 581
508 585
508 593
509 512
509 513
509 514
509 521
509 537
509 544
509 551
509 565
509 573
510 511
510 512
510 513
510 514
510 515
510 518
510 521
510 525
510 531
510 532
510 534
510 540
510 541
510 543
510 552
510 554
510 557
510 560
510 561
510 564
510 565
510 570
510 571
510 572
510 573
510 589
510 594
510 600
511 512
511 513
511 515
511 516
511 522
511 525
511 531
511 532
511 538
511 540
511 541
511 542
511 543
511 544
511 545
511 546
511 547
511 548
511 550
511 551
511 552
511 554
511 555
511 556
511 561
511 564
511 565
511 566
511 567
511 569
511 570
511 571
511 572
511 573
511 574
511 581
511 600
512 513
512 515
512 516
512 518
512 521
512 522
512 525
512 528
512 531
512 532
512 534
512 538
512 540
512 541
512 542
512 543
512 544
512 545
512 548
512 551
512 552
512 554
512 555
512 560
512 561
512 564
512 565
512 566
512 567
512 569
512 570
512 571
512 572
512 573
512 574
512 581
512 589
512 590
512 592
512 594
512 598
512 600
513 515
513 516
513 518
513 521
513 522
513 524
513 525
513 531
513 532
513 534
513 538
513 540
513 541
513 542
513 543
513 544
513 545
513 548
513 551
513 552
513 554
513 555
513 564
513 565
513 566
513 567
513 570
513 571
513 572
513 573
513 574
513 576
513 581
513 589
513 592
513 593
513 594
513 600
514 521
514 537
514 594
515 516
515 518
515 521
515 522
515 525
515 531
515 532
515 534
515 540
515 541
515 542
515 543
515 545
515 552
515 554
515 560
515 561
515 564
515 565
515 566
515 570
515 571
515 572
515 573
515 574
515 579
515 581
515 594
515 600
516 517
516 518
516 522
516 524
516 525
516 528
516 531
516 538
516 540
516 541
516 542
516 543
516 544
516 545
516 552
516 564
516 565
516 566
516 567
516 569
516 570
516 571
516 572
516 573
516 574
516 576
516 577
516 578
516 581
516 589
516 590
516 592
516 593
516 600
517 522
517 524
517 528
517 540
517 541
517 565
517 569
517 571
517 574
517 577
517 578
517 592
517 600
518 521
518 532
518 533
518 534
518 540
518 541
518 543
518 545
518 555
518 573
518 579
518 580
518 600
520 580
521 534
521 537
521 543
521 544
521 545
521 573
521 579
521 580
521 594
522 523
522 524
522 525
522 528
522 531
522 538
522 540
522 541
522 542
522 543
522 544
522 545
522 552
522 554
522 560
522 564
522 565
522 566
522 567
522 569
522 570
522 571
522 572
522 574
522 577
522 581
522 590
522 592
522 600
523 526
523 559
523 567
524 525
524 528
524 538
524 542
524 564
524 565
524 566
524 567
524 569
524 571
524 572
524 574
524 577
524 578
524 581
524 592
524 593
525 531
525 538
525 540
525 541
525 542
525 543
525 544
525 545
525 548
525 551
525 552
525 554
525 564
525 565
525 566
525 567
525 570
525 571
525 572
525 573
525 581
525 600
526 559
528 531
528 538
528 540
528 541
528 542
528 543
528 552
528 564
528 565
528 569
528 570
528 571
528 572
528 573
528 574
528 577
528 578
528 589
528 590
528 592
528 594
528 600
529 530
529 549
529 582
529 583
529 584
530 582
530 583
531 532
531 534
531 538
531 540
531 541
531 542
531 543
531 544
531 545
531 546
531 547
531 548
531 550
531 551
531 552
531 554
531 555
531 560
531 561
531 564
531 565
531 566
531 567
531 569
531 570
531 571
531 572
531 573
531 574
531 581
531 589
531 590
531 592
531 600
532 533
532 534
532 538
532 540
532 541
532 542
532 543
532 545
532 546
532 547
532 548
532 550
532 551
532 552
532 553
532 554
532 555
532 556
532 560
532 561
532 567
532 570
532 571
532 573
532 579
532 581
532 600
533 534
533 550
533 555
534 540
534 541
534 543
534 552
534 565
534 570
534 573
534 576
534 579
534 589
534 594
534 600
536 550
536 552
536 557
536 562
536 589
538 540
538 541
538 542
538 543
538 545
538 546
538 547
538 548
538 550
538 551
538 552
538 554
538 555
538 560
538 561
538 564
538 565
538 566
538 567
538 569
538 570
538 571
538 572
538 573
538 577
538 581
538 585
538 589
538 590
538 592
538 593
538 600
539 597
540 541
540 542
540 543
540 544
540 545
540 546
540 547
540 548
540 550
540 551
540 552
540 554
540 555
540 560
540 561
540 564
540 565
540 566
540 567
540 569
540 570
540 571
540 572
540 573
540 574
540 581
540 589
540 590
540 592
540 600
541 542
541 543
541 545
541 546
541 547
541 548
541 550
541 552
541 554
541 560
541 561
541 564
541 565
541 566
541 567
541 569
541 570
541 571
541 572
541 573
541 574
541 577
541 581
541 589
541 590
541 592
541 594
541 600
542 543
542 544
542 545
542 546
542 547
542 548
542 550
542 551
542 552
542 554
542 555
542 560
542 561
542 564
542 565
542 566
542 567
542 569
542 570
542 571
542 572
542 573
542 574
542 581
542 585
542 592
542 600
543 544
543 545
543 546
543 547
543 548
543 550
543 551
543 552
543 554
543 555
543 560
543 561
543 564
543 565
543 566
543 567
543 569
543 570
543 571
543 572
543 573
543 581
543 589
543 600
544 545
544 548
544 551
544 555
544 564
544 565
544 566
544 567
544 571
544 572
544 573
544 581
545 547
545 548
545 551
545 554
545 555
545 564
545 565
545 566
545 567
545 570
545 571
545 572
545 573
545 581
545 600
546 547
546 548
546 550
546 552
546 553
546 554
546 560
546 561
546 567
546 570
546 581
547 548
547 550
547 552
547 554
547 555
547 560
547 561
547 566
547 567
547 570
547 571
547 581
547 585
547 600
548 550
548 551
548 552
548 554
548 555
548 556
548 560
548 561
548 564
548 565
548 566
548 567
548 570
548 571
548 572
548 573
548 581
548 585
549 582
549 583
549 584
550 551
550 552
550 554
550 555
550 556
550 560
550 561
550 570
550 571
551 552
551 554
551 555
551 556
551 561
551 564
551 565
551 566
551 567
551 571
551 572
551 573
551 581
551 585
552 554
552 558
552 560
552 561
552 564
552 565
552 566
552 567
552 569
552 570
552 571
552 572
552 573
552 574
552 581
552 589
552 590
552 594
552 600
554 555
554 556
554 560
554 561
554 564
554 565
554 566
554 567
554 569
554 570
554 571
554 572
554 573
554 581
554 585
554 600
555 556
555 567
555 571
555 572
555 573
555 581
555 585
556 585
557 558
557 561
557 562
558 560
558 561
558 562
558 563
558 570
558 575
560 561
560 562
560 564
560 566
560 567
560 569
560 570
560 571
560 581
561 562
561 564
561 565
561 566
561 567
561 569
561 570
561 571
561 572
561 573
562 563
563 575
564 565
564 566
564 567
564 569
564 570
564 571
564 572
564 573
564 574
564 577
564 581
564 588
564 589
564 590
564 592
564 593
564 594
564 600
565 566
565 567
565 569
565 570
565 571
565 572
565 573
565 574
565 576
565 577
565 581
565 588
565 589
565 590
565 592
565 593
565 594
565 598
565 600
566 567
566 569
566 570
566 571
566 572
566 573
566 577
566 581
566 585
566 589
566 590
566 592
566 593
566 600
567 569
567 570
567 571
567 572
567 573
567 577
567 581
567 585
567 600
568 590
568 596
568 598
569 570
569 571
569 572
569 574
569 577
569 581
569 589
569 590
569 592
569 600
570 571
570 572
570 573
570 574
570 581
570 589
570 590
570 592
570 594
570 600
571 572
571 573
571 574
571 577
571 581
571 589
571 590
571 592
571 593
571 600
572 573
572 574
572 581
572 589
572 592
572 593
572 594
572 600
573 574
573 581
573 589
573 594
573 600
574 577
574 578
574 581
574 592
574 600
576 577
576 589
576 594
577 578
577 589
577 590
577 592
577 593
577 600
578 592
579 580
581 585
582 583
582 584
583 584
585 586
586 587
588 589
588 592
588 593
588 598
589 590
589 592
589 593
589 594
589 598
589 600
590 592
590 593
590 600
591 594
591 596
591 598
592 593
592 598
592 600
593 596
593 598
593 600
594 595
594 598
594 600
595 596
595 597
596 597
596 598
