600 7189

1 4
1 221
1 322
1 395
1 401
1 540
1 586
2 3
2 4
2 5
2 6
2 11
2 18
2 20
2 21
2 100
2 120
2 283
2 301
2 302
2 304
2 305
2 321
2 322
2 389
2 392
2 415
2 580
3 4
3 5
3 6
3 7
3 20
3 21
3 100
3 120
3 283
3 321
3 322
3 389
3 392
3 533
4 6
4 11
4 20
4 21
4 22
4 94
4 100
4 120
4 184
4 283
4 302
4 321
4 322
4 392
4 415
4 580
5 7
5 18
5 20
5 21
5 24
5 100
5 120
5 304
5 305
5 321
5 324
5 336
5 389
5 392
6 13
6 21
7 9
7 12
7 15
7 308
7 313
8 9
8 11
8 12
8 15
8 18
8 283
8 303
8 315
9 11
9 313
9 352
10 311
10 313
10 559
11 18
11 20
11 21
11 94
11 97
11 98
11 100
11 120
11 221
11 283
11 301
11 317
11 321
11 386
11 389
11 580
12 15
12 16
12 18
12 303
12 306
12 313
12 315
12 316
12 319
14 17
14 29
15 16
15 17
15 313
15 314
15 316
16 19
16 316
16 318
16 319
17 19
17 254
17 307
17 513
17 567
18 20
18 98
18 100
18 120
18 283
18 389
18 527
18 580
19 29
19 37
20 21
20 100
20 120
20 221
20 283
20 301
20 304
20 305
20 317
20 320
20 321
20 322
20 336
20 389
20 392
20 415
20 530
20 580
21 37
21 94
21 100
21 120
21 221
21 301
21 305
21 320
21 321
21 322
21 323
21 336
21 389
21 392
21 397
21 401
21 530
21 533
21 580
22 25
22 94
22 322
22 323
22 325
22 529
23 26
23 28
23 30
23 31
23 33
23 34
23 36
23 161
23 323
23 327
23 328
23 329
23 330
23 332
23 335
23 431
23 458
24 37
24 323
24 324
24 326
24 329
24 334
24 533
25 325
25 327
25 369
25 583
25 584
26 28
26 30
26 31
26 33
26 34
26 36
26 112
26 327
26 328
26 329
26 330
26 332
26 335
26 428
26 473
26 595
27 30
27 32
27 35
27 148
27 160
27 161
27 329
27 332
27 428
27 434
27 437
27 458
27 462
27 464
27 582
28 31
28 33
28 284
28 327
28 473
29 318
30 31
30 33
30 34
30 35
30 36
30 38
30 148
30 160
30 161
30 284
30 323
30 327
30 328
30 329
30 330
30 332
30 334
30 335
30 364
30 428
30 432
30 437
30 442
30 444
30 449
30 453
30 454
30 456
30 458
30 462
30 464
30 465
31 33
31 34
31 220
31 284
31 285
31 328
31 330
31 367
31 426
31 434
31 583
31 584
32 33
32 35
32 329
32 331
32 333
33 34
33 35
33 43
33 284
33 327
33 328
33 329
33 330
33 332
33 333
33 335
33 339
33 364
33 449
34 36
34 38
34 220
34 323
34 327
34 328
34 329
34 330
34 332
34 335
35 37
35 329
35 332
35 333
35 334
35 335
35 468
36 38
36 323
36 327
36 329
36 330
36 332
36 334
36 335
36 428
36 456
36 462
36 526
37 253
37 320
37 321
37 324
37 329
37 333
37 334
37 336
37 530
37 533
37 562
37 563
38 55
38 64
38 92
38 94
38 96
38 112
38 114
38 115
38 116
38 118
38 119
38 121
38 125
38 142
38 147
38 153
38 160
38 194
38 204
38 221
38 225
38 323
38 332
38 335
38 336
38 348
38 391
38 397
38 399
38 401
38 404
38 407
38 408
38 409
38 410
38 412
38 413
38 417
38 423
38 424
38 428
38 439
38 442
38 444
38 445
38 456
38 467
39 41
39 42
39 43
39 45
39 46
39 48
39 69
39 79
39 80
39 81
39 82
39 83
39 87
39 88
39 89
39 90
39 126
39 130
39 138
39 140
39 161
39 337
39 338
39 347
39 376
39 378
39 381
39 430
40 45
41 42
41 43
41 45
41 46
41 48
41 52
41 69
41 79
41 80
41 81
41 83
41 88
41 89
41 90
41 115
41 126
41 130
41 137
41 138
41 141
41 337
41 338
41 347
41 376
41 378
41 382
41 430
42 43
42 45
42 46
42 47
42 48
42 55
42 57
42 68
42 69
42 79
42 80
42 81
42 88
42 96
42 112
42 113
42 114
42 115
42 116
42 118
42 126
42 130
42 132
42 134
42 135
42 136
42 137
42 139
42 140
42 141
42 142
42 148
42 149
42 153
42 155
42 159
42 160
42 161
42 190
42 191
42 199
42 337
42 338
42 376
42 378
42 404
42 405
42 406
42 409
42 419
42 422
42 425
42 428
42 430
42 432
42 450
42 456
42 458
42 578
43 46
43 48
43 49
43 68
43 69
43 79
43 80
43 81
43 84
43 88
43 89
43 90
43 91
43 126
43 140
43 150
43 151
43 152
43 153
43 161
43 338
43 339
43 364
43 374
43 378
43 382
43 419
43 434
43 436
43 437
43 446
43 448
43 449
43 458
44 46
44 48
44 49
44 57
44 65
44 82
45 46
45 48
45 69
45 79
45 80
45 81
45 82
45 83
45 88
45 89
45 337
45 338
45 347
45 376
45 430
46 47
46 48
46 52
46 54
46 57
46 68
46 69
46 79
46 80
46 81
46 82
46 83
46 88
46 89
46 126
46 137
46 141
46 337
46 338
46 347
46 350
46 374
46 376
46 378
46 379
46 419
46 422
46 430
46 436
47 48
47 49
47 53
47 54
47 55
47 56
47 57
47 60
47 65
47 68
47 69
47 88
47 90
47 92
47 96
47 112
47 113
47 114
47 115
47 116
47 117
47 118
47 124
47 131
47 133
47 134
47 135
47 136
47 137
47 140
47 149
47 153
47 191
47 194
47 201
47 337
47 338
47 340
47 344
47 403
47 404
47 405
47 406
47 407
47 409
47 422
47 425
47 430
48 49
48 52
48 54
48 57
48 68
48 69
48 79
48 80
48 81
48 82
48 83
48 88
48 89
48 90
48 91
48 115
48 124
48 126
48 130
48 135
48 137
48 140
48 337
48 338
48 347
48 350
48 374
48 376
48 378
48 379
48 381
48 382
48 405
48 419
48 422
48 430
48 446
49 54
49 57
49 65
49 68
49 79
49 80
49 81
49 84
49 90
49 91
49 124
49 126
49 129
49 130
49 131
49 134
49 135
49 140
49 149
49 150
49 151
49 152
49 161
49 337
49 338
49 350
49 364
49 374
49 376
49 382
49 406
49 419
49 422
49 425
49 434
49 436
49 437
49 440
49 446
49 448
50 53
50 55
50 56
50 60
50 61
50 64
50 185
50 351
50 353
50 403
51 61
51 62
51 63
51 66
51 146
51 345
51 352
51 354
51 355
51 356
51 358
51 361
51 362
51 363
51 372
52 57
52 89
52 124
52 381
52 416
53 55
53 56
53 57
53 58
53 60
53 65
53 124
53 133
53 344
53 353
53 403
53 440
54 56
54 57
54 58
54 65
54 68
54 79
54 80
54 82
54 91
54 134
54 135
54 140
54 144
54 161
54 337
54 405
54 422
54 430
54 446
55 56
55 57
55 60
55 64
55 65
55 80
55 92
55 95
55 96
55 99
55 107
55 112
55 113
55 114
55 115
55 116
55 118
55 119
55 121
55 124
55 125
55 131
55 134
55 135
55 136
55 137
55 140
55 142
55 144
55 147
55 148
55 149
55 150
55 153
55 155
55 156
55 160
55 161
55 194
55 196
55 201
55 204
55 225
55 262
55 337
55 338
55 340
55 344
55 348
55 403
55 404
55 405
55 406
55 407
55 409
55 410
55 412
55 413
55 416
55 417
55 419
55 422
55 423
55 424
55 425
55 428
55 430
55 431
55 432
55 442
55 467
56 57
56 58
56 60
56 64
56 65
56 112
56 113
56 114
56 117
56 118
56 131
56 194
56 341
56 344
56 351
56 353
56 357
56 403
56 409
56 418
56 424
56 441
57 65
57 68
57 69
57 79
57 80
57 82
57 115
57 124
57 125
57 130
57 135
57 140
57 144
57 149
57 153
57 337
57 338
57 344
57 347
57 350
57 379
57 381
57 405
57 406
57 409
57 413
57 416
57 419
57 422
57 425
57 446
58 60
58 61
58 65
58 78
58 131
58 152
58 353
58 356
58 421
59 60
59 64
59 78
59 146
59 341
59 351
59 353
59 359
59 440
60 61
60 64
60 65
60 78
60 112
60 117
60 131
60 146
60 351
60 353
60 354
60 356
60 357
60 359
60 403
60 414
60 418
60 421
60 424
60 440
60 441
61 78
61 146
61 353
61 354
61 355
61 356
62 66
62 67
62 345
62 352
62 356
62 358
62 360
62 362
62 363
63 66
63 67
63 358
64 92
64 94
64 95
64 96
64 99
64 103
64 112
64 113
64 114
64 115
64 116
64 119
64 121
64 125
64 131
64 134
64 142
64 144
64 147
64 150
64 153
64 194
64 204
64 225
64 262
64 344
64 348
64 351
64 353
64 375
64 386
64 391
64 397
64 399
64 401
64 403
64 404
64 405
64 406
64 407
64 409
64 410
64 412
64 413
64 414
64 417
64 418
64 422
64 423
64 424
64 430
64 441
64 445
64 467
64 497
65 82
65 129
65 131
65 135
65 353
65 418
66 67
66 358
66 361
66 362
66 363
67 358
67 361
67 363
68 69
68 79
68 80
68 81
68 84
68 88
68 90
68 91
68 113
68 126
68 129
68 130
68 131
68 132
68 134
68 135
68 136
68 137
68 140
68 141
68 148
68 149
68 150
68 151
68 152
68 155
68 160
68 161
68 190
68 338
68 339
68 364
68 365
68 367
68 373
68 374
68 376
68 378
68 382
68 405
68 419
68 422
68 425
68 428
68 429
68 430
68 432
68 433
68 434
68 435
68 436
68 437
68 446
68 448
68 449
68 450
68 456
68 458
68 595
69 71
69 79
69 80
69 81
69 83
69 88
69 90
69 113
69 115
69 126
69 129
69 130
69 134
69 135
69 136
69 137
69 138
69 140
69 141
69 148
69 149
69 160
69 161
69 337
69 338
69 347
69 364
69 365
69 366
69 367
69 374
69 376
69 378
69 405
69 406
69 419
69 422
69 425
69 428
69 429
69 430
69 431
69 434
69 436
69 437
69 448
69 456
70 365
71 72
71 76
71 77
71 127
71 128
71 129
71 130
71 264
71 294
71 297
71 298
71 364
71 365
71 366
71 368
71 370
71 420
71 447
71 593
71 596
71 598
71 599
72 74
72 76
72 77
72 127
72 128
72 129
72 246
72 264
72 294
72 297
72 298
72 368
72 370
72 420
72 447
72 450
72 531
72 592
72 596
73 79
73 84
73 86
73 87
73 89
73 91
73 373
73 377
73 380
73 382
74 77
74 78
74 129
74 146
74 152
74 375
74 421
75 79
75 80
75 81
75 91
75 129
75 135
75 140
75 365
75 367
75 371
75 374
75 376
75 382
76 77
76 127
76 128
76 260
76 264
76 293
76 294
76 297
76 298
76 300
76 368
76 370
76 420
76 421
76 459
76 502
76 503
76 531
76 535
76 592
76 593
76 594
76 596
76 597
76 598
76 599
76 600
77 127
77 128
77 129
77 264
77 297
77 298
77 366
77 368
77 370
77 420
77 421
77 447
77 531
77 535
77 593
77 596
77 598
77 599
78 146
78 341
78 440
79 80
79 81
79 83
79 84
79 87
79 88
79 89
79 90
79 91
79 126
79 129
79 130
79 134
79 135
79 137
79 140
79 149
79 152
79 161
79 199
79 338
79 339
79 347
79 350
79 364
79 365
79 367
79 373
79 374
79 376
79 380
79 382
79 419
79 434
79 436
79 437
79 446
79 448
80 81
80 88
80 90
80 91
80 113
80 115
80 126
80 129
80 130
80 131
80 132
80 134
80 135
80 136
80 137
80 139
80 140
80 141
80 144
80 148
80 149
80 150
80 152
80 153
80 155
80 160
80 161
80 190
80 199
80 337
80 338
80 347
80 364
80 365
80 367
80 374
80 376
80 378
80 382
80 405
80 406
80 409
80 419
80 422
80 425
80 428
80 429
80 430
80 431
80 432
80 433
80 434
80 436
80 437
80 446
80 448
80 456
80 458
80 484
80 595
81 83
81 84
81 86
81 87
81 88
81 89
81 90
81 91
81 126
81 129
81 130
81 134
81 135
81 137
81 138
81 140
81 149
81 151
81 161
81 338
81 347
81 364
81 365
81 367
81 371
81 373
81 374
81 376
81 377
81 378
81 379
81 380
81 382
81 430
81 434
81 436
81 437
81 448
82 129
82 135
82 149
82 337
82 347
82 381
82 406
82 422
83 85
83 86
83 87
83 88
83 89
83 126
83 130
83 137
83 138
83 376
83 377
83 378
83 379
83 380
83 381
84 86
84 87
84 89
84 90
84 91
84 151
84 152
84 339
84 371
84 373
84 374
84 377
84 380
84 382
84 434
84 436
84 448
85 86
85 87
85 89
85 377
85 380
86 87
86 88
86 89
86 376
86 377
86 380
86 381
86 382
87 88
87 89
87 126
87 130
87 151
87 374
87 376
87 377
87 379
87 380
87 382
87 436
88 89
88 90
88 113
88 115
88 126
88 130
88 137
88 138
88 139
88 140
88 161
88 337
88 338
88 347
88 365
88 376
88 378
88 379
88 380
88 381
88 405
88 419
88 422
88 430
89 91
89 338
89 376
89 377
89 379
89 380
89 381
89 382
90 91
90 99
90 126
90 129
90 130
90 132
90 134
90 135
90 136
90 137
90 138
90 140
90 148
90 149
90 150
90 151
90 155
90 161
90 338
90 339
90 364
90 365
90 374
90 382
90 406
90 419
90 422
90 425
90 428
90 430
90 434
90 435
90 436
90 437
90 448
90 449
90 456
91 129
91 134
91 135
91 140
91 150
91 152
91 338
91 339
91 347
91 364
91 365
91 367
91 371
91 373
91 374
91 379
91 382
91 434
91 436
91 446
91 448
92 93
92 94
92 95
92 96
92 99
92 103
92 107
92 110
92 112
92 113
92 114
92 115
92 116
92 117
92 118
92 119
92 121
92 125
92 131
92 133
92 134
92 136
92 137
92 139
92 147
92 154
92 191
92 194
92 196
92 201
92 204
92 214
92 215
92 221
92 225
92 228
92 262
92 344
92 348
92 383
92 384
92 386
92 387
92 391
92 403
92 404
92 407
92 409
92 410
92 412
92 413
92 423
92 424
92 425
92 445
92 450
93 94
93 95
93 96
93 97
93 99
93 103
93 105
93 106
93 107
93 110
93 116
93 117
93 118
93 123
93 154
93 194
93 203
93 204
93 214
93 215
93 221
93 228
93 262
93 384
93 385
93 386
93 387
93 504
94 95
94 96
94 97
94 99
94 103
94 107
94 110
94 114
94 116
94 119
94 120
94 121
94 122
94 123
94 147
94 184
94 194
94 196
94 204
94 214
94 221
94 223
94 225
94 228
94 262
94 282
94 348
94 383
94 384
94 385
94 386
94 387
94 391
94 395
94 396
94 397
94 399
94 401
94 408
94 410
94 412
94 417
94 445
94 487
94 497
94 534
94 540
95 96
95 99
95 102
95 103
95 105
95 106
95 107
95 110
95 112
95 113
95 114
95 115
95 116
95 117
95 118
95 119
95 121
95 123
95 131
95 147
95 154
95 157
95 171
95 187
95 191
95 194
95 195
95 196
95 201
95 203
95 204
95 214
95 215
95 223
95 224
95 225
95 228
95 262
95 271
95 289
95 344
95 383
95 384
95 385
95 387
95 391
95 396
95 399
95 403
95 404
95 407
95 409
95 410
95 412
95 417
95 423
95 424
95 445
96 97
96 99
96 103
96 107
96 110
96 112
96 113
96 114
96 115
96 116
96 117
96 118
96 119
96 121
96 123
96 125
96 131
96 134
96 136
96 142
96 144
96 147
96 153
96 154
96 155
96 157
96 159
96 190
96 191
96 194
96 196
96 199
96 201
96 204
96 214
96 215
96 223
96 225
96 228
96 262
96 344
96 348
96 383
96 386
96 387
96 396
96 399
96 404
96 407
96 408
96 409
96 410
96 412
96 413
96 417
96 423
96 424
96 425
96 428
96 435
96 445
96 450
96 451
96 467
97 98
97 99
97 122
97 186
97 204
97 221
97 262
97 282
97 299
97 348
97 383
97 386
97 387
97 416
97 420
97 425
97 505
97 539
97 540
97 600
98 282
98 539
99 103
99 107
99 114
99 115
99 116
99 117
99 119
99 122
99 125
99 130
99 131
99 132
99 133
99 134
99 136
99 137
99 140
99 145
99 147
99 154
99 159
99 190
99 194
99 196
99 201
99 203
99 204
99 214
99 225
99 228
99 262
99 282
99 299
99 344
99 348
99 383
99 386
99 387
99 403
99 404
99 406
99 407
99 409
99 420
99 422
99 425
99 435
99 445
99 450
99 451
99 456
99 503
99 505
99 539
99 540
99 600
100 120
100 221
100 283
100 301
100 302
100 305
100 321
100 322
100 336
100 389
100 392
100 415
100 487
100 530
100 533
100 580
100 581
101 102
101 103
101 106
101 187
101 189
101 234
101 289
101 290
101 291
101 390
101 489
102 103
102 106
102 110
102 154
102 189
102 196
102 228
102 233
102 234
102 244
102 271
102 289
102 290
102 391
102 489
103 105
103 106
103 107
103 110
103 114
103 116
103 117
103 119
103 121
103 123
103 147
103 194
103 196
103 204
103 214
103 215
103 221
103 223
103 224
103 225
103 228
103 262
103 384
103 385
103 386
103 387
103 391
103 395
103 397
103 399
103 401
103 412
103 417
103 497
103 534
103 540
104 106
105 106
105 107
105 108
105 110
105 116
105 117
105 154
105 164
105 187
105 194
105 195
105 196
105 201
105 203
105 204
105 214
105 215
105 223
105 228
105 271
105 289
105 385
105 395
105 396
105 515
105 519
106 108
106 110
106 117
106 154
106 187
106 188
106 189
106 194
106 196
106 215
106 223
106 224
106 233
106 234
106 271
106 273
106 289
106 291
106 395
107 108
107 109
107 110
107 114
107 115
107 116
107 117
107 118
107 119
107 121
107 123
107 125
107 145
107 147
107 153
107 154
107 157
107 191
107 192
107 194
107 195
107 196
107 201
107 204
107 214
107 215
107 223
107 224
107 225
107 228
107 245
107 348
107 396
107 397
107 399
107 401
107 407
107 408
107 409
107 410
107 412
107 413
107 417
107 451
107 467
107 515
107 534
108 110
108 123
108 154
108 187
108 192
108 195
108 196
108 197
108 203
108 214
108 215
108 223
108 224
108 271
108 398
109 110
109 117
109 118
109 119
109 153
109 156
109 157
109 164
109 191
109 192
109 194
109 195
109 196
109 223
109 225
109 233
109 244
109 271
109 396
109 408
109 515
109 520
109 543
109 544
110 114
110 116
110 117
110 118
110 119
110 123
110 154
110 171
110 187
110 191
110 194
110 195
110 196
110 201
110 203
110 204
110 214
110 215
110 223
110 224
110 225
110 228
110 271
110 289
110 384
110 385
110 395
110 396
110 399
110 401
110 410
110 417
110 515
111 178
111 239
111 243
111 255
111 569
112 113
112 114
112 115
112 116
112 118
112 119
112 121
112 125
112 130
112 131
112 133
112 134
112 135
112 136
112 137
112 139
112 140
112 142
112 147
112 148
112 149
112 160
112 161
112 194
112 225
112 344
112 403
112 404
112 405
112 409
112 412
112 422
112 423
112 424
112 428
112 429
112 430
112 432
112 445
112 450
112 456
113 114
113 115
113 116
113 118
113 119
113 121
113 124
113 125
113 130
113 131
113 133
113 134
113 135
113 136
113 137
113 139
113 140
113 148
113 149
113 153
113 160
113 161
113 194
113 201
113 204
113 225
113 337
113 338
113 340
113 344
113 378
113 403
113 404
113 405
113 406
113 407
113 409
113 410
113 412
113 413
113 419
113 422
113 423
113 424
113 425
113 428
113 429
113 430
113 431
113 432
113 456
113 467
114 115
114 116
114 117
114 118
114 119
114 121
114 125
114 131
114 132
114 134
114 136
114 137
114 139
114 140
114 142
114 144
114 147
114 153
114 154
114 155
114 156
114 157
114 159
114 160
114 190
114 191
114 194
114 196
114 199
114 201
114 204
114 214
114 215
114 223
114 225
114 228
114 262
114 344
114 348
114 399
114 403
114 404
114 405
114 406
114 407
114 408
114 409
114 410
114 412
114 413
114 417
114 423
114 424
114 425
114 428
114 430
114 432
114 441
114 445
114 450
114 451
114 456
114 467
115 116
115 118
115 119
115 121
115 124
115 125
115 126
115 130
115 131
115 132
115 134
115 135
115 136
115 137
115 139
115 140
115 142
115 147
115 148
115 149
115 153
115 159
115 160
115 161
115 191
115 194
115 199
115 201
115 204
115 214
115 225
115 228
115 262
115 337
115 338
115 340
115 344
115 348
115 378
115 403
115 404
115 405
115 406
115 407
115 409
115 410
115 412
115 413
115 416
115 417
115 419
115 422
115 423
115 424
115 425
115 428
115 429
115 430
115 431
115 432
115 450
115 456
115 467
116 117
116 118
116 119
116 121
116 123
116 124
116 125
116 134
116 136
116 137
116 140
116 147
116 149
116 153
116 154
116 157
116 159
116 191
116 194
116 196
116 201
116 203
116 204
116 214
116 215
116 223
116 224
116 225
116 228
116 262
116 337
116 338
116 340
116 344
116 348
116 399
116 403
116 404
116 405
116 406
116 407
116 409
116 410
116 412
116 413
116 416
116 417
116 419
116 422
116 423
116 424
116 425
116 430
116 467
116 534
117 118
117 154
117 157
117 171
117 187
117 191
117 194
117 195
117 196
117 201
117 203
117 204
117 214
117 215
117 225
117 228
117 233
117 234
117 262
117 271
117 344
117 396
117 404
117 410
117 451
118 119
118 121
118 123
118 125
118 131
118 136
118 147
118 153
118 154
118 155
118 156
118 157
118 159
118 171
118 191
118 194
118 196
118 201
118 204
118 214
118 215
118 223
118 225
118 228
118 348
118 396
118 404
118 407
118 408
118 409
118 410
118 412
118 413
118 417
118 423
118 424
118 451
118 467
119 121
119 123
119 125
119 131
119 136
119 145
119 147
119 153
119 155
119 156
119 157
119 190
119 191
119 194
119 196
119 201
119 204
119 214
119 215
119 221
119 223
119 224
119 225
119 228
119 262
119 344
119 348
119 391
119 396
119 397
119 399
119 401
119 404
119 407
119 408
119 409
119 410
119 412
119 413
119 417
119 423
119 424
119 442
119 444
119 445
119 454
119 464
119 467
119 497
119 534
120 122
120 123
120 221
120 301
120 304
120 305
120 321
120 389
120 415
120 530
120 580
121 123
121 125
121 131
121 142
121 147
121 153
121 155
121 156
121 157
121 160
121 190
121 191
121 194
121 196
121 204
121 214
121 223
121 225
121 228
121 348
121 397
121 399
121 401
121 408
121 409
121 410
121 412
121 413
121 417
121 423
121 424
121 428
121 442
121 444
121 445
121 453
121 464
121 467
121 497
121 534
122 123
122 153
122 155
122 159
122 184
122 204
122 214
122 225
122 228
122 262
122 282
122 348
122 415
122 419
122 425
122 435
122 437
122 444
122 448
122 449
122 497
122 503
122 504
122 505
122 517
122 519
123 125
123 147
123 153
123 184
123 191
123 195
123 196
123 201
123 204
123 214
123 215
123 221
123 223
123 224
123 225
123 228
123 348
123 396
123 397
123 399
123 401
123 408
123 415
123 417
123 497
123 515
123 519
123 534
124 125
124 344
124 350
124 381
124 406
124 409
124 413
124 416
124 417
124 419
124 425
125 131
125 144
125 147
125 150
125 153
125 155
125 160
125 194
125 196
125 204
125 214
125 225
125 344
125 348
125 403
125 405
125 406
125 407
125 408
125 409
125 410
125 412
125 413
125 416
125 417
125 419
125 422
125 424
125 425
125 442
125 467
126 130
126 132
126 134
126 136
126 137
126 138
126 139
126 140
126 141
126 148
126 149
126 150
126 151
126 155
126 160
126 161
126 199
126 338
126 350
126 364
126 374
126 376
126 378
126 419
126 422
126 425
126 428
126 430
126 431
126 434
126 435
126 436
126 437
126 448
126 456
126 458
127 128
127 264
127 293
127 294
127 297
127 298
127 366
127 368
127 370
127 420
127 421
127 593
127 596
127 597
127 598
127 599
127 600
128 262
128 264
128 293
128 297
128 298
128 299
128 300
128 368
128 370
128 387
128 420
128 421
128 450
128 459
128 502
128 503
128 505
128 531
128 540
128 592
128 593
128 594
128 596
128 597
128 598
128 599
128 600
129 130
129 131
129 133
129 134
129 135
129 136
129 137
129 140
129 149
129 152
129 337
129 338
129 364
129 365
129 366
129 367
129 374
129 375
129 376
129 403
129 405
129 406
129 420
129 421
129 422
129 429
129 430
129 433
129 434
129 447
129 450
129 484
130 131
130 132
130 134
130 135
130 136
130 137
130 138
130 139
130 140
130 141
130 148
130 149
130 151
130 155
130 159
130 160
130 161
130 190
130 199
130 337
130 338
130 364
130 365
130 374
130 376
130 378
130 405
130 406
130 409
130 419
130 422
130 425
130 428
130 429
130 430
130 431
130 432
130 434
130 435
130 436
130 437
130 448
130 450
130 456
130 458
131 132
131 134
131 135
131 136
131 140
131 142
131 144
131 148
131 152
131 153
131 155
131 160
131 161
131 190
131 194
131 225
131 262
131 344
131 348
131 364
131 387
131 403
131 404
131 409
131 410
131 412
131 413
131 418
131 420
131 421
131 422
131 423
131 424
131 425
131 428
131 429
131 430
131 432
131 434
131 435
131 441
131 445
131 447
131 450
131 451
132 134
132 135
132 136
132 137
132 140
132 142
132 148
132 158
132 159
132 160
132 161
132 190
132 199
132 202
132 214
132 364
132 373
132 374
132 376
132 404
132 419
132 425
132 426
132 428
132 429
132 430
132 432
132 435
132 436
132 437
132 450
132 451
132 456
132 458
132 503
132 504
132 506
133 134
133 135
133 137
133 140
133 149
133 180
133 201
133 203
133 367
133 403
133 404
133 422
133 429
134 135
134 136
134 137
134 138
134 139
134 140
134 142
134 148
134 149
134 155
134 159
134 160
134 161
134 190
134 194
134 201
134 204
134 214
134 337
134 338
134 340
134 344
134 364
134 365
134 366
134 367
134 374
134 403
134 404
134 405
134 406
134 407
134 409
134 419
134 422
134 423
134 425
134 426
134 428
134 429
134 430
134 431
134 432
134 434
134 435
134 436
134 437
134 448
134 450
134 456
134 458
134 484
134 595
135 136
135 137
135 139
135 140
135 148
135 149
135 152
135 159
135 160
135 161
135 190
135 338
135 364
135 365
135 367
135 373
135 374
135 376
135 382
135 403
135 404
135 405
135 406
135 422
135 428
135 429
135 430
135 432
135 433
135 434
135 436
135 450
135 456
136 137
136 139
136 140
136 141
136 142
136 144
136 148
136 153
136 155
136 158
136 159
136 160
136 161
136 190
136 199
136 201
136 202
136 204
136 214
136 225
136 228
136 262
136 338
136 364
136 376
136 378
136 403
136 404
136 405
136 407
136 409
136 419
136 422
136 423
136 425
136 428
136 429
136 430
136 431
136 432
136 434
136 435
136 436
136 437
136 442
136 444
136 450
136 456
136 458
136 465
136 503
136 578
137 138
137 139
137 140
137 149
137 160
137 161
137 201
137 204
137 337
137 338
137 340
137 344
137 350
137 364
137 365
137 366
137 367
137 374
137 376
137 378
137 403
137 404
137 405
137 406
137 407
137 409
137 419
137 422
137 423
137 425
137 428
137 429
137 430
137 431
137 434
137 436
137 456
137 484
138 140
138 151
138 161
138 338
138 364
138 365
138 374
138 378
138 430
138 431
138 436
138 456
138 458
139 140
139 160
139 161
139 199
139 374
139 376
139 378
139 405
139 419
139 423
139 428
139 430
139 431
139 432
140 141
140 148
140 149
140 150
140 151
140 152
140 153
140 155
140 159
140 160
140 161
140 190
140 199
140 201
140 202
140 220
140 337
140 338
140 364
140 365
140 367
140 374
140 376
140 378
140 403
140 405
140 406
140 409
140 419
140 422
140 425
140 428
140 429
140 430
140 431
140 432
140 433
140 434
140 435
140 436
140 437
140 446
140 448
140 450
140 456
140 458
140 595
141 148
141 153
141 155
141 159
141 163
141 190
141 199
141 202
141 267
141 275
141 279
141 281
141 437
141 438
141 450
141 499
142 144
142 159
142 160
142 190
142 405
142 406
142 409
142 412
142 422
142 424
142 425
142 428
142 430
142 441
142 442
142 445
142 450
142 456
142 467
143 351
144 159
144 160
144 405
144 409
144 422
144 425
144 441
145 147
145 157
145 195
145 224
145 225
145 228
145 245
145 246
145 445
145 534
146 341
146 345
146 352
146 353
146 354
146 356
146 359
146 361
146 372
146 414
146 441
146 447
147 153
147 155
147 156
147 157
147 194
147 196
147 204
147 214
147 223
147 224
147 225
147 228
147 246
147 262
147 344
147 351
147 391
147 397
147 399
147 401
147 408
147 409
147 410
147 412
147 413
147 417
147 423
147 424
147 442
147 445
147 467
147 497
147 534
148 149
148 150
148 152
148 153
148 155
148 156
148 157
148 159
148 160
148 161
148 162
148 163
148 190
148 199
148 202
148 220
148 225
148 364
148 422
148 425
148 428
148 430
148 432
148 434
148 436
148 437
148 442
148 444
148 446
148 448
148 450
148 453
148 454
148 456
148 458
148 462
148 464
148 465
148 467
148 543
148 571
149 161
149 337
149 338
149 340
149 344
149 350
149 364
149 365
149 367
149 374
149 403
149 404
149 405
149 406
149 422
149 425
149 429
149 430
149 434
150 152
150 153
150 155
150 161
150 364
150 374
150 419
150 425
150 432
150 434
150 437
150 446
150 448
150 449
150 453
150 454
151 161
151 338
151 364
151 425
151 434
151 436
151 437
151 448
151 449
152 153
152 155
152 160
152 190
152 339
152 364
152 374
152 418
152 432
152 434
152 437
152 446
152 447
152 448
152 449
153 155
153 156
153 157
153 159
153 160
153 161
153 163
153 190
153 191
153 194
153 196
153 199
153 201
153 204
153 214
153 223
153 225
153 228
153 281
153 338
153 348
153 399
153 408
153 409
153 410
153 412
153 413
153 417
153 419
153 425
153 432
153 435
153 437
153 442
153 444
153 453
153 454
153 456
153 458
153 464
153 465
153 467
153 534
153 543
154 164
154 171
154 187
154 191
154 194
154 195
154 196
154 197
154 201
154 203
154 204
154 205
154 214
154 215
154 224
154 228
154 233
154 234
154 262
154 271
154 387
154 451
154 503
155 156
155 157
155 159
155 160
155 161
155 163
155 190
155 199
155 225
155 282
155 408
155 409
155 410
155 425
155 428
155 432
155 434
155 435
155 437
155 439
155 442
155 443
155 444
155 446
155 448
155 449
155 450
155 451
155 453
155 454
155 456
155 458
155 461
155 462
155 464
155 465
155 467
155 468
155 492
155 510
155 534
155 543
155 571
156 157
156 159
156 160
156 161
156 163
156 190
156 199
156 217
156 225
156 281
156 408
156 424
156 428
156 432
156 439
156 442
156 444
156 453
156 454
156 456
156 458
156 462
156 464
156 465
156 467
156 543
156 544
156 571
157 163
157 164
157 190
157 191
157 194
157 195
157 196
157 199
157 201
157 214
157 223
157 224
157 225
157 228
157 233
157 244
157 271
157 281
157 396
157 399
157 408
157 410
157 412
157 439
157 442
157 451
157 453
157 454
157 464
157 465
157 467
157 498
157 515
157 520
157 534
157 543
157 544
157 553
158 159
158 160
158 428
158 455
158 456
158 458
158 462
158 464
159 160
159 161
159 164
159 190
159 199
159 201
159 202
159 203
159 214
159 225
159 228
159 262
159 281
159 425
159 428
159 435
159 436
159 437
159 442
159 444
159 450
159 456
159 458
159 464
159 465
159 503
159 578
160 161
160 190
160 199
160 323
160 332
160 364
160 374
160 376
160 405
160 409
160 419
160 422
160 423
160 424
160 425
160 428
160 429
160 430
160 431
160 432
160 434
160 435
160 436
160 437
160 442
160 444
160 447
160 450
160 453
160 454
160 456
160 458
160 462
160 464
160 465
160 467
160 526
161 190
161 199
161 338
161 339
161 364
161 374
161 378
161 405
161 406
161 407
161 409
161 419
161 422
161 425
161 428
161 430
161 431
161 432
161 434
161 435
161 436
161 437
161 442
161 444
161 446
161 448
161 449
161 453
161 454
161 456
161 458
161 462
161 464
161 465
161 467
162 202
162 462
163 267
163 281
163 442
163 453
163 462
163 464
163 465
163 543
164 195
164 196
164 201
164 202
164 203
164 214
164 228
164 233
164 274
164 281
164 282
164 515
164 517
164 519
165 171
165 457
165 578
166 384
167 276
168 170
168 172
168 189
168 230
168 247
168 256
168 258
168 288
168 390
168 585
169 173
169 252
169 320
169 471
169 478
169 556
169 566
169 575
170 172
170 188
170 189
170 207
170 211
170 213
170 216
170 229
170 230
170 231
170 236
170 238
170 239
170 247
170 248
170 249
170 252
170 256
170 258
170 265
170 266
170 269
170 270
170 276
170 476
170 479
170 493
170 509
170 511
170 538
170 542
170 548
170 556
170 567
170 570
170 573
170 589
171 181
171 187
171 215
171 234
171 271
172 189
172 207
172 230
172 231
172 236
172 238
172 239
172 247
172 248
172 249
172 250
172 252
172 254
172 256
172 258
172 265
172 266
172 269
172 276
172 475
172 478
172 479
172 488
172 493
172 509
172 511
172 513
172 538
172 542
172 547
172 548
172 556
172 559
172 560
172 567
172 570
172 573
172 589
173 252
173 265
173 268
173 276
173 577
174 217
174 277
174 473
174 477
174 526
175 180
176 295
176 394
176 452
176 514
176 527
176 562
177 482
178 183
178 207
178 209
178 216
178 252
178 254
178 265
178 268
178 270
178 295
178 488
178 513
178 538
178 561
178 564
178 566
178 567
178 569
178 570
178 572
179 398
180 429
180 503
180 504
182 314
182 483
182 489
182 573
182 586
183 208
183 255
183 265
183 268
183 488
184 223
184 395
184 397
184 399
184 401
184 497
184 505
184 531
184 534
184 540
185 309
187 188
187 189
187 196
187 197
187 203
187 213
187 215
187 233
187 234
187 271
187 289
187 385
187 393
187 395
187 400
188 189
188 197
188 206
188 207
188 211
188 212
188 213
188 216
188 229
188 230
188 231
188 234
188 247
188 256
188 265
188 266
188 270
188 273
188 400
188 476
188 485
188 509
188 523
188 565
188 573
189 207
189 211
189 213
189 229
189 230
189 231
189 234
189 236
189 238
189 239
189 247
189 248
189 256
189 258
189 266
189 269
189 273
189 479
189 489
189 493
189 495
189 509
189 511
189 542
189 547
189 548
189 551
189 559
189 573
189 589
190 199
190 202
190 220
190 225
190 228
190 246
190 262
190 282
190 408
190 410
190 420
190 425
190 428
190 432
190 434
190 435
190 437
190 439
190 444
190 447
190 450
190 451
190 453
190 454
190 456
190 458
190 464
190 465
190 510
190 525
190 534
190 571
191 193
191 194
191 195
191 196
191 199
191 201
191 204
191 214
191 215
191 223
191 225
191 228
191 233
191 281
191 348
191 410
191 413
191 467
192 193
192 195
192 222
192 223
192 224
192 226
192 245
192 532
192 536
193 408
193 492
194 196
194 201
194 204
194 214
194 215
194 223
194 225
194 228
194 244
194 262
194 340
194 344
194 348
194 383
194 396
194 399
194 403
194 404
194 405
194 406
194 407
194 408
194 409
194 410
194 412
194 413
194 417
194 423
194 424
194 430
194 445
194 451
194 467
195 196
195 201
195 203
195 214
195 215
195 224
195 228
195 233
195 234
195 263
195 271
195 282
195 396
195 515
195 519
195 534
196 201
196 203
196 204
196 214
196 215
196 223
196 225
196 228
196 233
196 234
196 244
196 262
196 271
196 344
196 383
196 387
196 396
196 399
196 410
196 412
196 416
196 417
196 467
196 497
196 515
196 519
196 534
197 198
197 207
197 213
197 219
197 229
197 230
197 234
197 258
197 266
197 271
197 273
197 501
198 200
198 280
198 459
199 201
199 202
199 281
199 376
199 428
199 437
199 438
199 439
199 458
199 465
199 506
200 208
200 210
200 255
200 263
200 267
200 272
200 274
200 279
200 280
200 565
201 202
201 203
201 204
201 205
201 214
201 215
201 225
201 228
201 233
201 262
201 281
201 344
201 387
201 404
201 407
201 410
201 425
201 435
201 451
201 503
202 214
202 267
202 274
202 279
202 281
202 450
202 456
202 465
202 503
203 204
203 205
203 214
203 215
203 228
203 262
203 387
203 502
203 503
203 504
204 214
204 215
204 221
204 223
204 225
204 228
204 262
204 344
204 348
204 383
204 384
204 386
204 387
204 396
204 401
204 403
204 404
204 406
204 407
204 409
204 410
204 412
204 413
204 416
204 417
204 419
204 423
204 425
204 430
204 435
204 497
204 503
204 504
205 503
206 207
206 209
206 211
206 212
206 213
206 273
206 394
206 452
206 490
206 494
206 500
206 509
206 513
206 516
206 518
206 521
206 527
206 542
206 555
206 565
206 574
207 209
207 211
207 213
207 216
207 229
207 230
207 231
207 238
207 239
207 243
207 247
207 248
207 252
207 254
207 256
207 258
207 265
207 266
207 268
207 269
207 270
207 273
207 295
207 475
207 476
207 488
207 493
207 495
207 509
207 511
207 513
207 523
207 538
207 542
207 548
207 556
207 560
207 561
207 565
207 567
207 570
207 573
207 589
208 210
208 255
208 259
208 295
208 296
208 561
208 564
208 590
209 212
209 216
209 218
209 243
209 250
209 252
209 254
209 255
209 259
209 265
209 268
209 270
209 280
209 295
209 463
209 494
209 508
209 514
209 528
209 561
209 566
209 567
209 570
209 572
209 576
210 255
210 267
210 272
210 295
210 494
210 499
210 510
210 512
211 212
211 213
211 222
211 230
211 231
211 238
211 239
211 240
211 243
211 256
211 265
211 266
211 394
211 398
211 400
211 493
211 495
211 509
211 511
211 513
211 518
211 521
211 523
211 527
211 542
211 548
211 551
211 554
211 560
211 565
211 567
211 570
211 573
212 213
212 232
212 251
212 271
212 273
212 475
212 494
213 216
213 229
213 230
213 231
213 234
213 239
213 247
213 256
213 266
213 269
213 270
213 271
213 273
213 475
213 476
213 479
213 509
213 511
213 516
213 521
213 542
213 565
213 570
213 573
213 589
214 215
214 223
214 225
214 228
214 262
214 282
214 387
214 396
214 399
214 404
214 407
214 408
214 409
214 410
214 417
214 425
214 435
214 451
214 456
214 497
214 503
214 504
214 515
214 519
214 534
215 228
215 271
215 384
215 407
215 417
216 229
216 230
216 231
216 247
216 248
216 252
216 256
216 258
216 265
216 266
216 268
216 269
216 270
216 472
216 476
216 485
216 509
216 523
216 567
216 570
216 577
217 453
217 454
217 465
217 526
217 543
218 219
218 251
218 273
218 452
218 512
218 528
218 552
218 574
219 233
219 263
219 270
219 273
219 274
219 280
219 281
219 457
219 528
220 287
220 328
220 330
220 369
220 447
220 529
220 553
220 584
221 223
221 348
221 384
221 385
221 386
221 389
221 395
221 397
221 401
221 407
221 417
221 540
222 223
222 224
222 226
222 227
222 238
222 239
222 240
222 245
222 532
222 535
222 536
222 537
222 550
222 551
222 552
222 554
222 555
223 224
223 225
223 228
223 245
223 391
223 395
223 396
223 397
223 399
223 401
223 408
223 410
223 412
223 417
223 532
223 534
223 553
224 225
224 226
224 228
224 233
224 244
224 245
224 246
224 397
224 399
224 401
224 531
224 532
224 534
224 553
225 228
225 246
225 262
225 348
225 396
225 397
225 399
225 401
225 404
225 408
225 409
225 410
225 412
225 413
225 417
225 423
225 424
225 425
225 432
225 435
225 444
225 445
225 450
225 451
225 453
225 454
225 464
225 465
225 467
225 497
225 534
225 553
226 227
226 235
226 240
226 245
226 531
226 532
226 535
226 536
226 554
227 240
227 242
227 253
227 536
227 537
227 550
227 552
227 563
228 233
228 246
228 262
228 282
228 299
228 387
228 396
228 399
228 408
228 410
228 412
228 425
228 435
228 445
228 450
228 451
228 465
228 497
228 503
228 515
228 519
228 534
228 540
229 230
229 247
229 248
229 251
229 256
229 258
229 265
229 266
229 269
229 270
229 273
230 231
230 236
230 238
230 239
230 247
230 248
230 252
230 256
230 258
230 265
230 266
230 269
230 270
230 313
230 314
230 476
230 479
230 488
230 493
230 495
230 509
230 511
230 513
230 538
230 542
230 548
230 551
230 556
230 559
230 560
230 565
230 567
230 570
230 573
230 589
231 236
231 238
231 239
231 247
231 248
231 252
231 256
231 258
231 265
231 266
231 269
231 270
231 476
231 479
231 488
231 493
231 495
231 509
231 511
231 513
231 523
231 538
231 542
231 547
231 548
231 551
231 559
231 560
231 564
231 565
231 567
231 570
231 573
231 589
232 233
232 271
233 234
233 244
233 263
233 271
233 273
233 281
234 244
234 266
234 271
234 273
234 290
235 236
235 240
235 549
236 238
236 239
236 240
236 247
236 248
236 254
236 256
236 258
236 266
236 269
236 286
236 479
236 489
236 493
236 495
236 509
236 511
236 513
236 538
236 542
236 547
236 548
236 549
236 551
236 556
236 559
236 560
236 570
236 589
237 285
237 287
238 239
238 240
238 243
238 247
238 248
238 249
238 250
238 252
238 254
238 265
238 266
238 286
238 476
238 478
238 493
238 495
238 508
238 509
238 511
238 513
238 538
238 542
238 547
238 548
238 549
238 550
238 551
238 554
238 556
238 557
238 560
238 561
238 567
238 570
238 589
239 240
239 243
239 247
239 248
239 249
239 252
239 256
239 258
239 265
239 266
239 475
239 476
239 488
239 493
239 495
239 508
239 509
239 511
239 513
239 523
239 538
239 542
239 547
239 548
239 550
239 551
239 554
239 556
239 560
239 565
239 567
239 570
239 589
240 243
240 245
240 286
240 476
240 493
240 495
240 536
240 542
240 547
240 548
240 549
240 550
240 551
240 552
240 554
240 555
240 560
240 570
241 242
241 244
242 275
242 499
242 537
242 552
243 247
243 248
243 250
243 252
243 254
243 255
243 265
243 268
243 475
243 493
243 508
243 542
243 548
243 550
243 556
243 561
243 566
243 567
243 570
243 576
244 271
244 544
244 553
245 246
245 532
246 445
246 531
246 534
247 248
247 249
247 250
247 252
247 254
247 256
247 258
247 265
247 266
247 268
247 269
247 270
247 276
247 475
247 476
247 478
247 479
247 488
247 493
247 509
247 511
247 513
247 538
247 542
247 548
247 556
247 560
247 567
247 570
247 573
247 589
248 249
248 250
248 252
248 254
248 256
248 258
248 265
248 266
248 268
248 269
248 270
248 276
248 478
248 488
248 493
248 509
248 511
248 513
248 538
248 548
248 556
248 557
248 560
248 561
248 567
248 570
248 573
248 589
249 250
249 252
249 258
249 276
249 556
250 252
250 254
250 255
250 258
250 265
250 268
250 269
250 270
250 276
250 478
250 548
250 556
250 557
250 558
250 561
250 567
250 570
251 273
252 254
252 256
252 258
252 265
252 266
252 268
252 269
252 270
252 276
252 478
252 493
252 508
252 509
252 538
252 548
252 556
252 557
252 560
252 561
252 566
252 567
252 569
252 570
252 577
253 277
253 463
253 552
253 558
253 561
253 563
253 576
254 265
254 266
254 268
254 269
254 270
254 548
254 557
254 558
254 560
254 561
254 567
254 570
255 259
255 268
255 295
255 463
255 528
255 561
255 572
255 576
256 258
256 265
256 266
256 269
256 270
256 475
256 476
256 479
256 488
256 493
256 509
256 511
256 513
256 538
256 548
256 556
256 559
256 567
256 570
256 573
256 589
257 260
258 265
258 266
258 268
258 269
258 270
258 276
258 291
258 478
258 479
258 488
258 509
258 511
258 522
258 538
258 548
258 556
258 567
258 570
258 573
258 589
259 261
259 265
259 295
259 296
259 564
259 565
259 590
261 296
261 297
261 499
262 282
262 299
262 348
262 383
262 384
262 386
262 387
262 391
262 396
262 399
262 407
262 410
262 420
262 421
262 425
262 435
262 445
262 450
262 451
262 456
262 502
262 503
262 504
262 505
262 519
262 534
262 540
262 600
263 273
263 274
263 280
263 281
264 283
264 296
264 297
264 298
264 300
264 459
264 460
264 501
264 502
264 503
264 505
264 531
264 541
264 581
264 592
264 593
264 594
264 596
264 597
264 598
264 599
264 600
265 266
265 268
265 269
265 270
265 476
265 478
265 488
265 493
265 509
265 513
265 538
265 548
265 556
265 561
265 566
265 567
265 570
265 577
266 268
266 269
266 270
266 273
266 276
266 476
266 479
266 509
266 511
266 542
266 548
266 556
266 560
266 570
266 573
266 589
267 272
267 274
267 279
267 466
267 468
267 499
267 510
267 512
267 571
268 269
268 270
268 276
268 278
268 478
268 488
268 548
268 556
268 561
268 566
268 567
268 570
268 577
269 270
269 276
269 509
269 511
269 538
269 567
269 570
269 573
270 273
270 280
270 509
270 561
270 567
270 570
270 577
271 273
271 402
271 521
271 545
272 274
274 279
274 280
274 281
274 457
275 277
275 278
275 279
275 438
275 458
275 462
275 499
276 522
276 556
276 577
277 278
277 462
277 528
277 552
277 566
277 575
277 576
278 279
278 575
278 576
279 499
280 457
280 528
280 565
280 574
281 465
281 578
282 299
282 435
282 503
282 515
282 519
282 534
282 540
282 579
283 322
283 389
283 392
283 581
283 588
285 286
285 292
285 549
285 583
285 584
286 489
286 511
286 547
286 549
286 583
286 584
287 529
287 553
287 584
288 390
288 585
288 593
289 395
290 489
293 294
293 299
293 420
293 597
293 599
293 600
294 297
294 364
294 368
294 370
294 593
294 597
295 488
295 494
295 513
295 514
295 527
295 561
295 565
295 572
296 297
296 298
296 300
296 459
297 298
297 368
297 370
297 447
297 588
297 592
297 593
297 596
297 597
297 599
298 300
298 596
298 597
298 599
298 600
299 387
299 420
299 425
299 435
299 502
299 503
299 505
299 519
299 540
299 600
300 459
300 502
300 541
300 596
300 598
300 599
300 600
301 302
301 304
301 317
301 321
301 336
301 389
302 322
302 389
302 580
303 304
303 306
304 305
304 308
304 312
304 389
305 317
305 321
305 324
305 389
305 580
306 310
306 315
308 312
308 326
311 313
312 324
313 314
315 316
315 319
316 319
317 321
317 388
317 389
318 329
320 321
320 324
320 336
320 389
320 469
320 530
321 322
321 336
321 389
321 392
321 530
321 533
321 580
322 323
322 325
322 336
322 389
322 391
322 392
322 397
322 529
322 530
322 533
322 580
322 584
322 586
323 324
323 325
323 327
323 328
323 329
323 330
323 332
323 334
323 335
323 336
323 428
323 432
323 439
323 443
323 447
323 454
323 456
323 526
323 529
323 530
323 533
324 326
324 329
324 334
324 336
324 533
325 327
325 529
325 546
325 583
325 584
325 586
327 328
327 329
327 330
327 332
327 334
327 335
327 462
327 473
327 526
327 529
327 584
328 329
328 330
328 332
328 335
328 444
328 449
328 453
328 454
328 529
328 553
329 330
329 332
329 333
329 334
329 335
329 453
329 454
329 464
329 473
329 480
329 526
329 533
330 332
330 335
330 529
331 333
332 334
332 335
332 428
332 454
332 529
333 334
334 335
334 336
334 533
334 562
335 336
335 408
335 428
335 439
335 453
335 454
335 467
335 529
335 530
335 533
336 389
336 392
336 397
336 530
336 533
337 338
337 340
337 342
337 343
337 344
337 346
337 347
337 350
337 364
337 365
337 366
337 375
337 376
337 379
337 381
337 403
337 404
337 405
337 406
337 407
337 409
337 416
337 419
337 422
337 429
337 430
337 431
337 484
338 340
338 342
338 343
338 344
338 346
338 347
338 350
338 364
338 365
338 367
338 374
338 375
338 376
338 378
338 379
338 381
338 382
338 405
338 406
338 407
338 409
338 416
338 419
338 422
338 425
338 430
338 431
338 434
338 436
338 437
338 448
339 382
339 434
339 435
339 436
339 437
339 446
339 448
339 449
339 454
339 458
339 461
340 342
340 343
340 344
340 346
340 347
340 350
340 364
340 375
340 379
340 403
340 404
340 405
340 406
340 407
340 409
340 416
340 422
340 429
340 430
341 345
341 353
341 356
341 440
342 343
342 344
342 346
342 347
342 350
342 375
342 379
342 422
343 344
343 346
343 347
343 350
343 375
343 379
344 346
344 347
344 348
344 350
344 353
344 366
344 375
344 383
344 399
344 403
344 404
344 405
344 406
344 407
344 409
344 410
344 412
344 413
344 416
344 417
344 418
344 419
344 421
344 422
344 423
344 424
344 425
344 429
344 430
345 352
345 354
345 356
345 358
345 361
345 363
345 414
345 447
346 347
346 366
346 375
346 405
346 416
346 422
346 486
347 350
347 365
347 367
347 375
347 376
347 379
347 381
347 405
347 406
347 419
347 422
348 383
348 384
348 385
348 386
348 387
348 396
348 397
348 399
348 401
348 406
348 407
348 408
348 409
348 410
348 412
348 413
348 416
348 417
348 419
348 425
348 430
348 431
348 435
348 451
348 467
348 497
348 519
349 353
349 354
349 356
350 366
350 367
350 374
350 379
350 381
350 406
350 416
350 419
350 422
351 353
351 354
351 357
351 403
351 412
351 414
351 417
351 440
351 441
352 354
352 356
352 358
352 360
352 361
352 362
352 363
352 372
353 354
353 356
353 357
353 359
353 403
353 414
353 421
354 355
354 356
354 359
354 361
354 362
354 363
354 372
354 414
355 356
355 421
356 357
357 418
358 360
358 361
358 362
358 363
359 361
359 414
360 362
360 363
361 362
361 363
361 414
362 363
364 365
364 366
364 367
364 373
364 374
364 375
364 405
364 406
364 419
364 422
364 425
364 428
364 429
364 430
364 431
364 432
364 433
364 434
364 435
364 436
364 437
364 446
364 448
364 449
364 456
365 366
365 367
365 374
365 375
365 376
365 378
365 405
365 422
365 429
365 430
365 431
365 433
365 434
365 484
366 368
366 370
366 375
366 429
366 430
367 371
367 373
367 374
367 382
367 422
367 429
367 433
367 434
368 370
368 420
368 447
368 592
368 593
368 596
368 599
370 372
370 420
370 421
370 586
370 593
370 596
370 598
370 599
371 373
371 374
371 376
371 382
372 375
372 414
372 421
372 441
372 443
372 586
373 374
373 382
373 434
373 436
374 376
374 382
374 419
374 428
374 429
374 430
374 432
374 433
374 434
374 436
374 437
374 446
374 448
375 403
375 405
375 406
375 409
375 421
375 422
375 429
375 430
375 441
375 484
376 377
376 378
376 379
376 380
376 381
376 382
376 405
376 419
376 422
376 429
376 436
376 484
377 379
377 380
377 381
377 382
378 379
378 405
378 419
378 422
378 430
378 431
378 436
379 381
379 422
380 381
380 382
381 422
382 434
382 436
383 384
383 385
383 386
383 387
383 391
383 395
383 396
383 399
383 401
383 407
383 410
383 416
383 451
383 540
383 600
384 385
384 386
384 387
384 390
384 391
384 395
384 401
384 407
384 487
384 504
384 540
385 386
385 387
385 390
385 391
385 395
385 396
385 397
385 399
385 400
385 401
385 410
385 487
385 540
385 586
386 387
386 391
386 395
386 397
386 401
386 407
386 416
386 425
386 539
386 540
386 579
387 391
387 395
387 396
387 397
387 399
387 410
387 420
387 421
387 425
387 435
387 450
387 451
387 502
387 503
387 519
387 534
387 539
387 540
387 579
387 600
389 392
389 530
389 533
389 580
390 391
390 395
390 487
390 489
390 586
391 392
391 395
391 397
391 399
391 401
391 412
391 445
391 487
391 489
391 533
391 534
391 540
391 579
391 584
391 586
392 397
392 401
392 487
392 530
392 533
393 394
393 395
393 398
393 400
393 452
393 474
393 495
393 496
393 501
393 518
393 521
393 532
393 535
393 545
393 551
393 554
393 555
393 559
393 573
394 398
394 400
394 452
394 460
394 490
394 493
394 495
394 496
394 500
394 507
394 513
394 516
394 518
394 521
394 527
394 536
394 542
394 545
394 551
394 554
394 555
394 562
394 565
394 573
394 574
395 396
395 397
395 398
395 399
395 400
395 401
395 487
395 497
395 515
395 519
395 535
395 540
395 586
396 397
396 399
396 408
396 410
396 417
396 435
396 451
396 467
396 491
396 492
396 497
396 515
396 517
396 519
396 520
396 534
397 399
397 401
397 408
397 409
397 410
397 412
397 413
397 417
397 445
397 487
397 497
397 519
397 529
397 530
397 531
397 533
397 534
397 540
398 400
398 452
398 460
398 474
398 490
398 495
398 496
398 500
398 507
398 515
398 516
398 518
398 521
398 527
398 545
399 401
399 408
399 409
399 410
399 412
399 417
399 445
399 467
399 497
399 515
399 519
399 530
399 531
399 532
399 533
399 534
399 540
399 553
400 452
400 460
400 474
400 493
400 495
400 496
400 507
400 509
400 516
400 518
400 521
400 532
400 545
400 551
400 555
400 559
400 573
401 407
401 408
401 409
401 410
401 412
401 413
401 417
401 445
401 487
401 497
401 530
401 533
401 534
401 540
401 586
402 515
402 545
403 404
403 405
403 406
403 407
403 409
403 413
403 422
403 423
403 424
403 428
403 429
403 430
403 441
404 405
404 406
404 407
404 409
404 410
404 413
404 422
404 423
404 424
404 428
404 429
404 430
404 445
405 406
405 407
405 409
405 413
405 419
405 422
405 423
405 424
405 428
405 429
405 430
405 431
405 433
405 456
406 407
406 409
406 413
406 416
406 419
406 422
406 425
406 429
406 430
406 431
407 409
407 410
407 413
407 416
407 417
407 419
407 422
407 423
407 424
407 425
407 430
407 431
407 435
407 456
407 467
407 497
407 504
407 539
408 409
408 410
408 412
408 417
408 424
408 432
408 435
408 439
408 442
408 443
408 444
408 451
408 453
408 454
408 464
408 465
408 467
408 492
408 515
408 519
408 534
408 543
408 544
409 410
409 412
409 413
409 416
409 417
409 419
409 422
409 423
409 424
409 425
409 428
409 430
409 431
409 435
409 442
409 446
409 456
409 467
410 412
410 413
410 417
410 418
410 423
410 424
410 425
410 432
410 435
410 439
410 442
410 445
410 451
410 453
410 454
410 464
410 467
410 492
410 515
410 519
410 534
411 492
411 494
411 514
411 544
411 552
412 413
412 414
412 417
412 418
412 423
412 424
412 441
412 445
412 467
412 497
412 534
413 414
413 416
413 417
413 419
413 423
413 424
413 425
413 467
414 441
414 447
415 497
415 504
415 505
415 519
415 580
416 417
416 422
416 430
416 519
417 418
417 442
417 467
417 497
418 441
418 467
419 422
419 425
419 430
419 431
419 435
419 436
419 437
419 446
419 448
419 456
419 504
420 421
420 425
420 435
420 445
420 447
420 450
420 503
420 540
420 596
420 599
420 600
421 540
421 599
421 600
422 423
422 425
422 428
422 429
422 430
422 431
422 433
422 436
422 456
422 484
423 424
423 428
423 429
423 430
423 431
423 432
423 441
423 445
423 450
423 467
424 428
424 432
424 441
424 445
424 467
425 428
425 430
425 434
425 435
425 436
425 437
425 444
425 446
425 448
425 449
425 450
425 451
425 456
425 458
425 503
425 504
425 505
425 595
425 600
426 428
426 584
426 596
427 568
428 429
428 430
428 431
428 432
428 434
428 435
428 436
428 437
428 439
428 442
428 444
428 447
428 450
428 451
428 453
428 454
428 456
428 458
428 462
428 464
428 465
428 467
429 430
429 433
429 434
429 441
429 484
430 431
430 432
430 434
430 435
430 436
430 437
430 446
430 448
430 456
430 458
431 436
431 456
432 434
432 435
432 436
432 437
432 439
432 442
432 443
432 444
432 446
432 448
432 450
432 453
432 454
432 456
432 458
432 461
432 462
432 464
432 465
432 467
432 510
432 526
432 543
432 571
433 434
433 441
433 481
433 484
434 435
434 436
434 437
434 446
434 448
434 449
434 458
434 595
435 436
435 437
435 442
435 444
435 448
435 449
435 450
435 451
435 454
435 456
435 458
435 461
435 465
435 467
435 492
435 503
435 504
435 505
435 515
435 519
435 595
436 437
436 448
436 456
436 458
437 442
437 444
437 446
437 448
437 449
437 453
437 454
437 456
437 458
437 461
437 464
437 465
437 510
437 571
437 595
439 443
439 444
439 451
439 453
439 454
439 458
439 461
439 464
439 465
439 467
439 468
439 492
439 510
439 525
439 526
439 543
439 544
439 571
440 441
440 446
440 448
442 444
442 453
442 454
442 456
442 458
442 462
442 464
442 465
442 467
443 453
443 454
443 544
444 449
444 453
444 454
444 456
444 458
444 464
444 465
444 571
445 447
445 450
445 534
445 540
446 448
447 450
448 449
448 454
448 458
449 454
449 461
449 468
450 451
450 456
450 503
451 454
451 461
451 465
451 491
451 492
451 503
451 515
452 460
452 490
452 491
452 492
452 494
452 496
452 498
452 500
452 501
452 515
452 516
452 518
452 520
452 521
452 527
452 536
452 545
452 555
452 565
452 574
453 454
453 458
453 461
453 462
453 464
453 465
453 467
453 468
453 492
453 498
453 510
453 526
453 543
453 544
453 571
454 458
454 461
454 462
454 464
454 465
454 467
454 468
454 492
454 498
454 510
454 526
454 543
454 571
455 464
455 576
456 458
456 462
456 464
456 465
456 578
457 500
457 577
457 578
458 461
458 462
458 464
458 465
458 467
458 468
458 510
458 526
458 571
459 501
459 502
459 503
459 516
459 541
459 581
459 590
459 598
460 474
460 490
460 500
460 501
460 516
460 518
460 521
460 527
460 565
460 573
460 574
461 465
461 466
461 468
461 492
461 510
461 525
461 526
461 571
462 464
462 465
462 526
462 571
463 494
463 508
463 512
463 514
463 527
463 528
463 552
463 558
463 561
463 563
463 566
463 572
463 574
463 576
464 465
464 467
464 468
464 526
464 543
465 466
465 467
465 468
465 492
465 510
465 525
465 526
465 543
465 571
466 468
466 505
466 510
466 571
467 543
468 492
468 510
468 512
468 543
468 571
470 562
471 473
471 478
472 475
472 485
472 508
473 526
474 501
475 493
475 507
475 509
475 570
476 485
476 493
476 509
476 542
476 547
476 548
476 560
476 570
476 573
478 488
478 493
478 508
478 513
478 538
478 548
478 556
478 557
478 558
478 560
478 561
478 566
478 567
478 570
479 489
479 493
479 495
479 509
479 511
479 538
479 542
479 548
479 559
479 560
479 570
479 573
479 581
479 589
480 481
480 526
482 523
485 507
485 509
485 523
487 535
487 540
487 586
488 493
488 509
488 513
488 538
488 548
488 550
488 556
488 560
488 561
488 564
488 567
488 570
488 589
489 493
489 495
489 511
489 521
489 547
489 549
489 551
489 555
489 559
489 560
489 573
489 583
489 586
489 589
490 492
490 494
490 500
490 510
490 514
490 518
490 527
490 528
490 562
490 572
490 574
491 501
491 515
491 519
491 545
492 498
492 510
492 514
492 515
492 543
492 562
493 495
493 496
493 507
493 508
493 509
493 511
493 513
493 518
493 521
493 523
493 527
493 538
493 542
493 547
493 548
493 550
493 551
493 554
493 555
493 557
493 559
493 560
493 561
493 564
493 565
493 566
493 567
493 570
493 573
493 589
494 496
494 512
494 513
494 514
494 527
494 543
494 544
494 552
494 555
494 558
494 562
494 572
494 574
495 496
495 507
495 509
495 511
495 513
495 518
495 521
495 532
495 538
495 542
495 545
495 547
495 548
495 549
495 551
495 554
495 555
495 559
495 560
495 565
495 573
495 581
495 589
496 507
496 509
496 513
496 518
496 521
496 527
496 542
496 545
496 547
496 551
496 554
496 555
496 560
496 573
496 574
497 515
497 519
497 534
498 512
498 515
498 520
498 543
498 544
498 545
499 510
499 512
499 524
499 537
499 541
499 568
499 571
500 516
500 518
500 527
500 565
500 574
501 502
501 503
501 515
501 516
501 517
501 519
502 503
502 504
502 505
502 517
502 519
502 540
502 596
502 597
502 598
502 599
502 600
503 504
503 505
503 519
503 540
503 596
503 600
504 505
505 517
505 519
505 540
505 600
507 508
507 509
507 513
507 518
507 521
507 555
507 573
508 513
508 514
508 527
508 550
508 552
508 557
508 558
508 560
508 561
508 562
508 566
508 567
508 572
508 576
509 511
509 513
509 516
509 518
509 521
509 523
509 538
509 542
509 547
509 548
509 551
509 556
509 559
509 560
509 565
509 567
509 570
509 573
509 589
510 512
510 525
510 526
510 543
510 571
511 513
511 521
511 538
511 542
511 547
511 548
511 551
511 556
511 559
511 560
511 565
511 567
511 570
511 573
511 589
512 543
512 552
512 571
512 572
513 518
513 521
513 527
513 538
513 542
513 547
513 548
513 550
513 551
513 555
513 557
513 560
513 561
513 564
513 565
513 566
513 567
513 570
513 573
513 589
514 524
514 527
514 528
514 552
514 562
514 566
514 572
514 574
515 517
515 519
515 520
515 534
515 544
515 545
516 518
516 521
516 527
516 542
516 545
516 565
516 573
516 574
516 581
517 519
518 520
518 521
518 527
518 542
518 545
518 551
518 555
518 565
518 573
518 574
519 534
519 540
519 579
519 600
520 521
520 543
520 544
520 545
520 555
520 574
521 527
521 542
521 545
521 547
521 551
521 555
521 559
521 560
521 565
521 573
521 574
522 577
522 587
523 566
523 567
524 564
524 566
524 569
524 572
524 575
525 526
526 562
527 536
527 551
527 560
527 562
527 564
527 565
527 569
527 572
527 574
527 581
528 552
528 566
528 569
528 572
528 576
528 577
529 530
529 531
529 533
529 553
529 584
530 533
531 532
531 534
531 535
531 540
531 553
531 554
531 555
532 534
532 535
532 536
532 545
532 549
532 551
532 553
532 554
532 555
533 534
533 540
534 540
534 553
535 536
535 554
536 537
536 550
536 551
536 552
536 554
536 562
537 550
537 552
537 569
538 542
538 548
538 556
538 557
538 560
538 561
538 564
538 566
538 567
538 570
538 573
538 589
539 579
539 597
540 579
540 600
541 581
541 592
542 547
542 548
542 549
542 550
542 551
542 554
542 555
542 559
542 560
542 565
542 567
542 570
542 573
542 589
543 544
545 549
545 551
545 554
545 555
545 574
547 548
547 549
547 551
547 554
547 555
547 559
547 560
547 570
547 573
547 589
548 549
548 550
548 551
548 554
548 556
548 557
548 560
548 561
548 564
548 566
548 567
548 570
548 573
548 589
549 551
549 553
549 554
549 555
549 560
549 583
549 584
550 551
550 554
550 560
550 561
550 563
550 564
550 567
550 570
551 554
551 555
551 559
551 560
551 565
551 573
551 589
552 557
552 558
552 562
552 563
552 566
552 572
553 555
553 583
553 584
554 555
554 560
555 560
556 560
556 561
556 567
556 570
556 589
557 558
557 560
557 561
557 566
557 567
557 570
557 572
558 560
558 561
558 563
559 560
559 573
559 589
560 561
560 564
560 565
560 567
560 570
560 573
560 589
561 563
561 564
561 566
561 567
561 570
561 572
561 576
562 572
563 572
564 567
564 569
564 570
564 572
564 590
565 570
565 573
565 574
565 590
566 567
566 570
566 572
566 575
567 570
567 573
567 589
569 570
569 572
570 572
570 573
570 577
570 589
572 576
573 589
583 584
588 591
590 592
592 596
593 596
593 598
593 599
594 596
594 598
594 599
596 597
596 598
596 599
596 600
597 598
597 599
597 600
598 599
598 600
599 600
