600 7189

1 4
1 20
1 21
1 22
1 35
1 36
1 38
1 98
1 108
1 290
1 292
1 319
1 320
1 321
1 322
1 323
1 327
1 333
1 335
1 336
1 390
1 391
2 3
2 4
2 21
2 26
2 28
2 30
2 35
2 93
2 94
2 95
2 96
2 97
2 301
2 303
2 325
2 385
2 386
3 6
3 7
3 16
3 93
3 94
3 303
3 334
3 360
4 22
4 23
4 25
4 26
4 27
4 28
4 30
4 31
4 32
4 35
4 36
4 38
4 292
4 303
4 305
4 322
4 323
4 324
4 325
4 327
4 328
4 329
4 332
4 333
4 335
5 24
5 59
5 62
5 303
5 304
5 305
5 324
5 361
5 362
6 7
6 9
6 12
6 303
6 360
7 10
7 16
7 312
7 318
7 326
7 360
8 12
8 15
8 16
8 19
8 20
8 37
8 98
8 102
8 250
8 310
8 314
8 316
8 319
8 453
8 479
8 488
8 538
8 556
8 557
8 558
8 560
8 563
8 565
8 566
8 570
8 571
8 572
8 575
8 576
9 12
9 13
9 15
9 306
9 310
9 311
9 315
10 16
10 306
10 313
10 471
10 567
11 94
11 95
11 97
12 13
12 15
12 16
12 19
12 21
12 37
12 94
12 98
12 310
12 315
12 316
12 319
12 320
12 453
12 538
12 557
12 572
13 15
13 16
13 19
13 100
13 249
13 251
13 266
13 269
13 283
13 310
13 313
13 314
13 315
13 316
13 317
13 562
14 16
14 17
14 19
14 29
14 37
14 312
14 313
14 318
14 331
15 16
15 19
15 310
15 313
15 315
15 316
15 538
15 557
15 560
15 562
15 567
15 570
16 17
16 19
16 29
16 37
16 236
16 248
16 286
16 312
16 313
16 315
16 316
16 318
16 538
16 547
16 549
16 550
16 556
16 557
16 560
16 567
16 570
16 572
17 19
17 20
17 21
17 23
17 29
17 32
17 35
17 37
17 38
17 102
17 312
17 316
17 318
17 319
17 320
17 331
17 334
17 335
17 336
17 538
17 556
18 20
18 98
18 100
18 102
18 310
18 316
18 321
18 389
19 20
19 21
19 23
19 29
19 30
19 32
19 35
19 37
19 38
19 312
19 314
19 316
19 318
19 319
19 320
19 329
19 331
19 334
19 335
19 336
19 556
20 21
20 35
20 37
20 38
20 94
20 98
20 100
20 102
20 103
20 108
20 319
20 320
20 321
20 334
20 336
20 389
20 390
20 391
21 32
21 35
21 37
21 38
21 94
21 95
21 98
21 102
21 103
21 108
21 319
21 320
21 321
21 334
21 335
21 336
21 389
21 390
21 391
21 392
22 23
22 25
22 26
22 27
22 28
22 30
22 31
22 32
22 33
22 35
22 36
22 38
22 172
22 292
22 323
22 324
22 325
22 327
22 328
22 329
22 332
22 333
22 335
22 336
23 24
23 25
23 26
23 27
23 28
23 29
23 30
23 31
23 32
23 33
23 35
23 36
23 37
23 38
23 292
23 312
23 323
23 324
23 325
23 326
23 327
23 328
23 329
23 331
23 332
23 333
23 334
23 335
23 336
24 26
24 27
24 30
24 308
24 324
24 326
24 328
24 329
24 332
24 335
25 26
25 28
25 30
25 31
25 33
25 172
25 235
25 284
25 323
25 325
25 327
25 328
25 330
25 332
25 338
25 339
25 550
25 583
26 27
26 28
26 29
26 30
26 31
26 32
26 33
26 35
26 36
26 37
26 38
26 292
26 323
26 324
26 325
26 327
26 328
26 329
26 331
26 332
26 333
26 334
26 335
26 336
27 28
27 30
27 31
27 32
27 33
27 35
27 36
27 38
27 323
27 324
27 325
27 327
27 328
27 329
27 331
27 332
27 333
27 334
27 335
27 336
28 30
28 31
28 32
28 33
28 34
28 35
28 36
28 37
28 38
28 96
28 284
28 285
28 286
28 323
28 325
28 327
28 328
28 329
28 332
28 333
28 334
28 335
28 547
28 582
28 583
28 584
29 30
29 32
29 37
29 43
29 312
29 318
29 329
29 331
29 334
29 339
29 547
30 31
30 32
30 33
30 35
30 36
30 37
30 38
30 292
30 320
30 323
30 324
30 325
30 326
30 327
30 328
30 329
30 331
30 332
30 333
30 334
30 335
30 336
31 32
31 33
31 35
31 36
31 38
31 285
31 302
31 303
31 305
31 322
31 323
31 324
31 325
31 327
31 328
31 329
31 330
31 332
31 333
31 335
32 35
32 36
32 37
32 38
32 292
32 320
32 323
32 324
32 325
32 327
32 328
32 329
32 331
32 332
32 333
32 334
32 335
32 336
33 34
33 35
33 36
33 220
33 226
33 235
33 237
33 239
33 240
33 248
33 286
33 287
33 323
33 324
33 325
33 328
33 329
33 332
33 529
33 547
33 549
33 550
33 553
33 584
34 36
34 220
34 222
34 226
34 230
34 235
34 239
34 240
34 243
34 286
34 287
34 332
34 547
34 549
34 553
34 554
34 584
35 36
35 37
35 38
35 94
35 108
35 292
35 320
35 321
35 323
35 324
35 325
35 327
35 328
35 329
35 331
35 332
35 333
35 334
35 335
35 336
35 391
36 38
36 220
36 221
36 287
36 292
36 320
36 323
36 324
36 325
36 327
36 328
36 329
36 331
36 332
36 333
36 334
36 335
36 336
36 529
36 584
37 38
37 94
37 102
37 108
37 312
37 318
37 319
37 320
37 329
37 331
37 334
37 335
37 336
37 391
37 538
38 108
38 221
38 292
38 320
38 321
38 323
38 325
38 327
38 328
38 329
38 331
38 332
38 333
38 334
38 335
38 336
38 391
39 42
39 47
39 56
39 68
39 69
39 73
39 79
39 81
39 82
39 83
39 87
39 88
39 89
39 113
39 115
39 126
39 130
39 133
39 139
39 140
39 337
39 340
39 367
39 371
39 373
39 374
39 375
39 376
39 379
39 405
39 409
39 410
39 421
39 422
40 44
40 56
40 58
40 60
40 61
40 75
40 78
40 82
40 138
40 146
40 149
40 150
40 337
40 341
40 345
40 348
40 353
40 354
40 355
40 357
40 366
40 368
40 371
40 372
40 379
40 421
40 425
40 430
40 434
40 440
40 441
40 446
41 42
41 43
41 44
41 45
41 46
41 48
41 49
41 54
41 56
41 58
41 61
41 75
41 79
41 80
41 89
41 140
41 338
41 339
41 342
41 343
41 344
41 346
41 347
41 348
41 349
41 351
41 353
41 354
41 361
41 363
41 371
41 374
41 376
41 382
41 446
42 44
42 45
42 47
42 48
42 51
42 56
42 60
42 63
42 68
42 74
42 75
42 78
42 79
42 80
42 82
42 83
42 87
42 88
42 89
42 113
42 115
42 126
42 130
42 138
42 139
42 140
42 150
42 337
42 338
42 340
42 341
42 342
42 343
42 344
42 345
42 347
42 348
42 351
42 353
42 358
42 359
42 364
42 365
42 367
42 368
42 369
42 371
42 372
42 373
42 374
42 375
42 376
42 379
42 405
42 409
42 410
42 421
42 422
42 429
42 430
42 431
42 434
42 436
42 440
42 447
43 46
43 48
43 49
43 53
43 54
43 80
43 86
43 87
43 89
43 90
43 91
43 122
43 127
43 284
43 312
43 338
43 339
43 342
43 343
43 346
43 347
43 349
43 355
43 371
43 380
43 381
43 382
43 446
43 448
44 45
44 47
44 48
44 49
44 51
44 55
44 56
44 57
44 58
44 60
44 61
44 63
44 64
44 65
44 68
44 70
44 74
44 75
44 78
44 82
44 83
44 126
44 130
44 134
44 138
44 139
44 140
44 146
44 147
44 149
44 150
44 337
44 341
44 342
44 344
44 345
44 347
44 348
44 351
44 352
44 353
44 354
44 356
44 357
44 358
44 359
44 365
44 367
44 368
44 369
44 371
44 372
44 373
44 374
44 375
44 376
44 379
44 412
44 413
44 414
44 420
44 421
44 422
44 429
44 430
44 431
44 432
44 434
44 437
44 440
44 441
44 444
44 446
44 447
45 46
45 48
45 54
45 56
45 69
45 70
45 74
45 79
45 80
45 82
45 139
45 140
45 338
45 342
45 343
45 347
45 349
45 371
45 374
45 375
45 376
45 429
46 48
46 53
46 54
46 58
46 61
46 80
46 91
46 338
46 339
46 343
46 346
46 347
46 349
46 354
46 355
46 382
46 475
47 55
47 56
47 60
47 68
47 73
47 75
47 78
47 79
47 82
47 83
47 113
47 115
47 116
47 117
47 118
47 121
47 130
47 133
47 139
47 149
47 337
47 340
47 341
47 344
47 348
47 350
47 359
47 365
47 367
47 368
47 372
47 373
47 374
47 375
47 376
47 406
47 407
47 409
47 410
47 411
47 412
47 413
47 414
47 421
47 422
47 430
47 440
47 441
47 447
48 49
48 53
48 54
48 56
48 58
48 60
48 61
48 79
48 80
48 86
48 89
48 91
48 338
48 339
48 342
48 343
48 346
48 347
48 349
48 353
48 354
48 355
48 371
48 374
48 382
48 475
49 75
49 79
49 80
49 86
49 89
49 90
49 122
49 127
49 138
49 139
49 140
49 148
49 150
49 151
49 338
49 339
49 342
49 343
49 345
49 346
49 347
49 354
49 365
49 371
49 373
49 374
49 375
49 376
49 377
49 382
49 422
49 431
49 434
49 440
49 446
49 448
50 51
50 55
50 59
50 60
50 62
50 63
50 64
50 118
50 120
50 121
50 123
50 145
50 146
50 147
50 149
50 341
50 348
50 350
50 351
50 352
50 357
50 358
50 359
50 361
50 372
50 412
50 413
50 414
50 445
50 447
51 56
51 57
51 59
51 60
51 62
51 63
51 64
51 65
51 66
51 67
51 74
51 75
51 82
51 139
51 140
51 146
51 147
51 337
51 341
51 344
51 345
51 348
51 351
51 352
51 353
51 356
51 357
51 358
51 359
51 361
51 362
51 363
51 364
51 369
51 372
51 374
51 375
51 412
51 414
51 421
51 430
51 434
51 436
51 440
52 57
52 105
52 106
52 110
52 116
52 117
52 119
52 122
52 123
52 124
52 125
52 145
52 159
52 204
52 290
52 350
52 393
52 394
52 396
52 398
52 399
52 401
52 407
52 408
52 412
52 415
52 416
52 417
52 418
52 441
52 442
52 445
52 530
52 534
52 545
53 60
53 127
53 355
54 56
54 58
54 61
54 80
54 338
54 342
54 343
54 346
54 347
54 349
54 354
54 363
55 60
55 64
55 75
55 78
55 82
55 111
55 113
55 118
55 120
55 121
55 124
55 129
55 145
55 146
55 147
55 149
55 341
55 344
55 348
55 357
55 359
55 372
55 375
55 398
55 406
55 411
55 412
55 413
55 414
55 421
55 422
55 438
55 440
55 441
55 445
55 447
56 58
56 60
56 61
56 68
56 75
56 78
56 79
56 80
56 82
56 83
56 89
56 115
56 126
56 139
56 140
56 337
56 338
56 341
56 343
56 344
56 345
56 346
56 347
56 348
56 351
56 353
56 354
56 355
56 358
56 361
56 364
56 369
56 371
56 372
56 373
56 374
56 375
56 376
56 379
56 410
56 421
56 440
57 63
57 65
57 75
57 78
57 119
57 121
57 123
57 124
57 129
57 130
57 134
57 136
57 144
57 145
57 146
57 147
57 149
57 150
57 204
57 341
57 344
57 345
57 348
57 350
57 357
57 358
57 359
57 365
57 368
57 372
57 401
57 403
57 412
57 413
57 414
57 417
57 421
57 422
57 423
57 430
57 431
57 434
57 437
57 440
57 441
57 444
57 446
58 60
58 61
58 68
58 70
58 74
58 75
58 78
58 82
58 140
58 146
58 341
58 343
58 344
58 345
58 347
58 348
58 353
58 354
58 355
58 356
58 357
58 366
58 368
58 371
58 440
59 62
59 63
59 64
59 66
59 67
59 147
59 351
59 352
59 358
59 360
59 361
59 362
59 363
59 369
60 61
60 63
60 64
60 68
60 74
60 75
60 78
60 82
60 83
60 113
60 118
60 120
60 138
60 139
60 140
60 146
60 147
60 149
60 150
60 337
60 341
60 344
60 345
60 348
60 351
60 353
60 354
60 355
60 356
60 357
60 358
60 359
60 361
60 364
60 365
60 367
60 368
60 369
60 371
60 372
60 373
60 374
60 375
60 376
60 379
60 412
60 413
60 414
60 421
60 422
60 430
60 440
60 444
60 447
61 68
61 75
61 78
61 82
61 91
61 338
61 341
61 343
61 344
61 345
61 346
61 347
61 348
61 349
61 353
61 354
61 355
61 356
61 357
61 368
61 440
62 63
62 66
62 67
62 147
62 348
62 351
62 352
62 358
62 360
62 361
62 362
62 363
62 369
63 64
63 65
63 74
63 75
63 78
63 82
63 130
63 134
63 140
63 146
63 147
63 149
63 150
63 337
63 341
63 342
63 344
63 345
63 348
63 351
63 352
63 353
63 357
63 358
63 359
63 361
63 368
63 369
63 372
63 373
63 375
63 412
63 413
63 414
63 420
63 421
63 422
63 430
63 431
63 434
63 440
63 444
63 446
63 447
64 74
64 75
64 82
64 118
64 120
64 121
64 145
64 146
64 147
64 341
64 348
64 351
64 356
64 357
64 358
64 359
64 361
64 369
64 372
64 412
64 413
64 414
64 421
64 440
64 445
64 447
65 68
65 75
65 78
65 82
65 123
65 124
65 129
65 130
65 134
65 136
65 140
65 141
65 144
65 146
65 147
65 149
65 150
65 341
65 344
65 345
65 348
65 350
65 353
65 357
65 358
65 359
65 365
65 368
65 369
65 372
65 373
65 375
65 376
65 412
65 413
65 414
65 420
65 421
65 422
65 423
65 425
65 430
65 431
65 434
65 437
65 440
65 441
65 444
65 446
65 447
65 597
65 599
66 67
66 351
66 352
66 358
66 361
66 362
66 363
67 303
67 330
67 351
67 352
67 360
67 361
67 362
67 363
68 70
68 75
68 78
68 79
68 82
68 83
68 89
68 126
68 130
68 134
68 138
68 139
68 140
68 144
68 149
68 294
68 337
68 341
68 344
68 345
68 348
68 353
68 354
68 355
68 356
68 359
68 364
68 365
68 367
68 368
68 370
68 371
68 372
68 373
68 374
68 375
68 376
68 379
68 410
68 420
68 421
68 422
68 429
68 430
68 431
68 434
68 440
69 70
69 71
69 72
69 79
69 81
69 83
69 89
69 139
69 140
69 294
69 337
69 365
69 370
69 371
69 373
69 376
69 405
69 421
69 422
69 429
69 473
69 596
70 71
70 72
70 74
70 75
70 76
70 77
70 78
70 79
70 82
70 83
70 127
70 130
70 135
70 138
70 139
70 140
70 146
70 149
70 150
70 257
70 341
70 345
70 348
70 365
70 366
70 367
70 368
70 369
70 370
70 371
70 372
70 373
70 375
70 376
70 421
70 422
70 429
70 430
70 431
70 438
70 439
70 440
70 444
70 447
70 598
71 72
71 76
71 79
71 83
71 135
71 365
71 370
71 376
71 422
71 462
71 597
72 75
72 76
72 77
72 79
72 127
72 135
72 365
72 366
72 368
72 370
72 376
72 421
72 422
72 429
72 437
72 473
72 597
72 598
73 133
73 367
74 75
74 77
74 78
74 82
74 83
74 126
74 134
74 139
74 140
74 147
74 337
74 341
74 345
74 348
74 358
74 367
74 368
74 369
74 372
74 375
74 376
74 413
74 421
74 469
75 78
75 79
75 82
75 83
75 86
75 87
75 89
75 118
75 124
75 126
75 127
75 129
75 130
75 134
75 135
75 138
75 139
75 140
75 145
75 146
75 147
75 149
75 150
75 288
75 337
75 341
75 344
75 345
75 348
75 353
75 356
75 357
75 358
75 359
75 365
75 366
75 367
75 368
75 369
75 370
75 371
75 372
75 373
75 375
75 376
75 379
75 412
75 413
75 414
75 420
75 421
75 422
75 425
75 429
75 430
75 431
75 434
75 437
75 438
75 440
75 441
75 444
75 445
75 446
75 447
75 478
75 598
76 79
76 90
76 122
76 127
76 132
76 135
76 137
76 144
76 297
76 366
76 370
76 462
76 591
76 596
76 598
76 599
77 82
77 369
77 372
78 82
78 83
78 118
78 134
78 138
78 139
78 140
78 146
78 147
78 149
78 150
78 337
78 341
78 344
78 345
78 348
78 353
78 354
78 355
78 356
78 357
78 358
78 359
78 365
78 366
78 367
78 368
78 369
78 371
78 372
78 373
78 375
78 376
78 412
78 413
78 414
78 420
78 421
78 422
78 430
78 431
78 434
78 437
78 438
78 440
78 441
78 444
78 446
78 447
79 80
79 81
79 82
79 83
79 86
79 87
79 88
79 89
79 90
79 126
79 127
79 130
79 132
79 135
79 137
79 138
79 139
79 140
79 144
79 294
79 337
79 340
79 347
79 365
79 366
79 367
79 368
79 370
79 371
79 373
79 375
79 376
79 379
79 380
79 381
79 405
79 421
79 422
79 429
79 430
79 431
79 437
79 440
79 441
79 473
79 506
80 81
80 84
80 86
80 87
80 89
80 91
80 140
80 338
80 339
80 342
80 343
80 344
80 346
80 347
80 349
80 354
80 374
80 377
80 380
80 381
80 382
80 427
81 83
81 84
81 85
81 86
81 87
81 88
81 89
81 90
81 377
81 380
81 381
82 83
82 113
82 115
82 118
82 126
82 129
82 130
82 133
82 138
82 139
82 140
82 146
82 147
82 149
82 150
82 337
82 341
82 344
82 345
82 348
82 351
82 353
82 357
82 358
82 359
82 365
82 367
82 368
82 369
82 371
82 372
82 373
82 374
82 375
82 376
82 379
82 406
82 409
82 410
82 412
82 413
82 414
82 421
82 422
82 430
82 431
82 438
82 440
82 441
82 444
82 447
83 88
83 126
83 129
83 130
83 138
83 139
83 140
83 149
83 337
83 341
83 344
83 345
83 348
83 359
83 364
83 365
83 367
83 368
83 369
83 370
83 371
83 372
83 373
83 374
83 375
83 376
83 379
83 405
83 410
83 420
83 421
83 422
83 429
83 430
83 431
83 434
83 440
83 441
83 447
84 86
84 87
84 89
84 91
84 346
84 377
84 380
84 381
84 382
85 88
85 378
86 87
86 88
86 89
86 90
86 91
86 122
86 127
86 137
86 338
86 343
86 347
86 377
86 380
86 381
86 382
86 405
86 506
87 88
87 89
87 90
87 91
87 126
87 285
87 338
87 347
87 374
87 377
87 379
87 380
87 381
87 382
87 405
88 89
88 112
88 113
88 114
88 115
88 116
88 126
88 130
88 139
88 337
88 340
88 367
88 378
88 379
88 380
88 405
88 406
88 407
88 410
88 422
88 495
88 504
89 90
89 91
89 115
89 126
89 139
89 140
89 337
89 338
89 343
89 347
89 371
89 373
89 374
89 375
89 376
89 377
89 379
89 380
89 381
89 382
89 405
89 422
89 506
90 122
90 127
90 132
90 137
90 138
90 158
90 291
90 347
90 365
90 377
90 380
90 381
90 431
90 434
90 455
90 506
90 586
91 167
91 338
91 339
91 343
91 346
91 347
91 349
91 353
91 354
91 374
91 377
91 380
91 381
91 382
92 112
92 131
92 164
92 165
92 185
92 187
92 188
92 196
92 198
92 204
92 207
92 276
92 277
92 279
92 281
92 295
92 296
92 384
92 402
92 424
92 450
92 451
92 459
92 498
92 585
93 94
93 95
93 96
93 97
93 301
93 303
93 321
93 385
93 386
94 95
94 96
94 97
94 303
94 319
94 320
94 321
94 334
94 385
94 386
95 96
95 97
95 98
95 301
95 319
95 321
95 385
95 386
95 593
96 97
96 301
96 325
96 385
96 386
97 98
97 99
97 319
97 321
97 322
97 336
97 385
97 389
97 556
98 100
98 102
98 103
98 188
98 290
98 316
98 317
98 319
98 321
98 322
98 336
98 385
98 389
98 390
98 391
98 392
98 453
99 262
99 298
99 301
99 595
99 597
99 600
100 102
100 174
100 249
100 283
100 389
100 580
101 103
101 104
101 189
101 191
101 192
101 193
101 195
101 200
101 201
101 275
101 280
101 428
101 489
101 496
101 523
102 103
102 310
102 319
102 320
102 321
102 336
102 389
102 391
102 453
103 104
103 105
103 108
103 321
103 390
103 391
103 392
103 394
103 396
104 105
104 106
104 109
104 112
104 114
104 116
104 123
104 159
104 187
104 189
104 191
104 192
104 193
104 194
104 195
104 199
104 201
104 212
104 223
104 390
104 392
104 393
104 394
104 395
104 396
104 397
104 399
104 408
104 416
104 417
104 451
104 490
104 492
104 495
104 496
104 504
104 505
104 530
104 533
105 106
105 110
105 112
105 114
105 116
105 117
105 119
105 123
105 188
105 194
105 290
105 350
105 388
105 390
105 392
105 393
105 394
105 395
105 396
105 397
105 398
105 399
105 401
105 404
105 407
105 408
105 417
105 418
105 419
105 423
105 451
105 491
105 492
105 495
105 504
106 110
106 112
106 114
106 117
106 119
106 187
106 188
106 194
106 196
106 207
106 290
106 388
106 389
106 390
106 392
106 393
106 394
106 395
106 396
106 397
106 398
106 399
106 401
106 408
106 417
106 418
106 419
106 423
106 424
106 451
106 491
106 495
106 504
106 580
107 108
107 110
107 111
107 117
107 120
107 393
107 395
107 396
107 398
108 320
108 321
108 336
108 390
108 391
108 392
108 395
108 396
108 400
108 416
109 114
109 116
109 117
109 191
109 193
109 194
109 195
109 212
109 396
109 407
109 492
109 495
109 504
110 117
110 119
110 120
110 123
110 124
110 129
110 145
110 225
110 290
110 350
110 388
110 393
110 394
110 395
110 396
110 397
110 398
110 399
110 400
110 401
110 408
110 417
110 418
110 419
110 423
110 424
110 445
110 451
110 534
110 580
111 118
111 120
111 121
111 398
112 113
112 114
112 115
112 116
112 117
112 123
112 129
112 130
112 131
112 136
112 188
112 194
112 201
112 204
112 207
112 279
112 340
112 367
112 393
112 394
112 396
112 401
112 403
112 404
112 406
112 407
112 408
112 410
112 411
112 417
112 419
112 423
112 424
112 430
112 441
112 442
112 451
112 459
112 460
112 490
112 491
112 492
112 495
112 504
112 585
113 114
113 115
113 116
113 117
113 123
113 124
113 126
113 130
113 133
113 139
113 194
113 337
113 340
113 350
113 359
113 367
113 372
113 375
113 379
113 393
113 403
113 404
113 405
113 406
113 407
113 408
113 409
113 410
113 411
113 419
113 421
113 422
113 430
113 441
113 491
113 495
114 115
114 116
114 117
114 123
114 141
114 159
114 189
114 191
114 192
114 193
114 194
114 195
114 196
114 199
114 200
114 201
114 204
114 207
114 212
114 281
114 340
114 350
114 393
114 394
114 396
114 397
114 403
114 404
114 407
114 408
114 410
114 417
114 419
114 435
114 442
114 451
114 467
114 490
114 491
114 492
114 495
114 496
114 504
114 505
114 585
115 116
115 117
115 123
115 126
115 130
115 133
115 139
115 194
115 337
115 340
115 350
115 367
115 372
115 375
115 379
115 393
115 396
115 403
115 404
115 405
115 406
115 407
115 408
115 409
115 410
115 411
115 419
115 421
115 422
115 430
115 441
115 491
115 504
116 117
116 123
116 193
116 194
116 337
116 340
116 350
116 367
116 393
116 394
116 396
116 403
116 404
116 406
116 407
116 408
116 409
116 410
116 419
116 441
116 491
116 495
116 504
117 118
117 120
117 123
117 133
117 194
117 340
117 350
117 393
117 395
117 396
117 398
117 401
117 403
117 404
117 406
117 407
117 408
117 409
117 410
117 411
117 417
117 418
117 419
117 441
117 451
117 491
117 495
118 120
118 121
118 124
118 145
118 146
118 147
118 149
118 341
118 344
118 348
118 357
118 359
118 372
118 375
118 398
118 411
118 412
118 413
118 414
118 421
118 438
118 440
118 441
118 445
118 447
119 120
119 121
119 123
119 124
119 125
119 145
119 196
119 224
119 225
119 350
119 393
119 394
119 395
119 397
119 398
119 399
119 401
119 408
119 412
119 416
119 417
119 418
119 423
119 441
119 445
119 449
119 467
119 498
119 533
119 534
119 545
120 121
120 124
120 145
120 146
120 147
120 350
120 357
120 398
120 401
120 412
120 413
120 414
120 418
120 441
120 445
120 447
121 124
121 145
121 147
121 350
121 357
121 398
121 401
121 411
121 412
121 413
121 414
121 417
121 418
121 441
121 445
121 447
122 127
122 128
122 137
122 148
122 150
122 156
122 158
122 161
122 204
122 292
122 296
122 297
122 400
122 415
122 416
122 431
122 437
122 446
122 506
122 535
123 124
123 125
123 129
123 130
123 136
123 141
123 145
123 149
123 150
123 193
123 194
123 204
123 341
123 350
123 359
123 372
123 393
123 394
123 396
123 397
123 398
123 399
123 401
123 403
123 406
123 407
123 408
123 409
123 410
123 411
123 412
123 416
123 417
123 418
123 419
123 423
123 430
123 441
123 442
123 451
123 467
123 495
123 504
123 534
123 545
124 129
124 130
124 136
124 144
124 145
124 146
124 147
124 149
124 150
124 156
124 341
124 350
124 357
124 359
124 393
124 398
124 399
124 401
124 403
124 408
124 412
124 413
124 414
124 417
124 418
124 421
124 423
124 430
124 437
124 440
124 441
124 444
124 445
124 534
124 600
125 131
125 159
125 164
125 195
125 196
125 204
125 207
125 223
125 224
125 281
125 299
125 350
125 397
125 399
125 417
125 418
125 442
125 449
125 467
125 498
125 533
125 534
125 545
126 130
126 138
126 139
126 140
126 141
126 337
126 340
126 345
126 365
126 367
126 369
126 371
126 372
126 373
126 375
126 376
126 378
126 379
126 403
126 405
126 406
126 409
126 410
126 421
126 422
126 429
126 430
126 431
127 135
127 137
127 138
127 139
127 148
127 151
127 365
127 366
127 370
127 371
127 376
127 422
127 430
127 431
127 437
127 444
127 466
128 131
128 136
128 148
128 151
128 158
128 160
128 161
128 164
128 203
128 204
128 219
128 259
128 260
128 261
128 264
128 272
128 274
128 277
128 278
128 279
128 281
128 295
128 296
128 297
128 298
128 299
128 461
128 588
128 592
129 130
129 135
129 136
129 138
129 142
129 144
129 145
129 146
129 149
129 204
129 276
129 295
129 296
129 300
129 341
129 350
129 359
129 365
129 367
129 370
129 372
129 376
129 398
129 401
129 403
129 404
129 406
129 409
129 412
129 413
129 417
129 419
129 420
129 421
129 422
129 423
129 424
129 425
129 430
129 437
129 438
129 440
129 441
129 444
129 445
129 447
129 451
129 462
129 491
129 594
129 597
129 598
129 600
130 136
130 138
130 139
130 140
130 141
130 144
130 149
130 150
130 337
130 340
130 341
130 344
130 345
130 348
130 350
130 359
130 365
130 367
130 370
130 372
130 373
130 375
130 376
130 378
130 379
130 403
130 405
130 406
130 407
130 409
130 410
130 419
130 420
130 421
130 422
130 423
130 429
130 430
130 431
130 440
130 441
130 444
131 136
131 159
131 161
131 164
131 190
131 196
131 198
131 199
131 200
131 201
131 204
131 207
131 212
131 216
131 219
131 261
131 264
131 277
131 279
131 281
131 295
131 296
131 299
131 402
131 423
131 424
131 425
131 442
131 450
131 451
131 454
131 458
131 461
131 467
131 490
131 524
131 534
131 594
131 600
132 137
132 275
132 276
132 277
132 370
132 428
132 473
132 506
132 596
133 367
133 369
133 372
133 406
133 409
133 410
133 411
133 419
134 136
134 138
134 140
134 146
134 148
134 149
134 150
134 151
134 156
134 161
134 186
134 204
134 341
134 344
134 345
134 348
134 353
134 356
134 357
134 358
134 368
134 369
134 372
134 414
134 420
134 426
134 430
134 431
134 434
134 444
134 458
135 137
135 138
135 140
135 150
135 158
135 257
135 258
135 291
135 345
135 365
135 366
135 370
135 376
135 422
135 426
135 429
135 430
135 431
135 434
135 437
135 438
135 440
135 444
135 462
135 591
135 598
136 138
136 145
136 146
136 148
136 149
136 151
136 156
136 159
136 161
136 204
136 261
136 264
136 272
136 279
136 281
136 296
136 372
136 415
136 417
136 420
136 423
136 424
136 425
136 426
136 430
136 431
136 434
136 437
136 440
136 442
136 444
136 454
136 458
136 594
136 598
137 138
137 144
137 158
137 188
137 260
137 276
137 277
137 279
137 290
137 291
137 295
137 296
137 297
137 365
137 367
137 370
137 425
137 429
137 430
137 431
137 437
137 455
137 506
137 586
137 591
138 139
138 140
138 148
138 149
138 150
138 151
138 161
138 204
138 261
138 337
138 341
138 344
138 345
138 348
138 353
138 359
138 365
138 366
138 367
138 368
138 370
138 371
138 372
138 373
138 375
138 376
138 379
138 406
138 410
138 419
138 420
138 421
138 422
138 425
138 429
138 430
138 431
138 434
138 437
138 440
138 444
138 446
138 447
138 598
139 140
139 144
139 150
139 337
139 340
139 341
139 344
139 345
139 348
139 359
139 365
139 367
139 368
139 369
139 370
139 371
139 372
139 373
139 374
139 375
139 376
139 379
139 403
139 405
139 406
139 407
139 409
139 410
139 420
139 421
139 422
139 429
139 430
139 431
139 434
139 440
139 441
139 444
139 447
140 149
140 150
140 337
140 338
140 341
140 342
140 343
140 344
140 345
140 347
140 348
140 353
140 356
140 358
140 359
140 365
140 367
140 368
140 369
140 371
140 372
140 373
140 375
140 376
140 420
140 421
140 422
140 429
140 430
140 431
140 434
140 440
140 444
140 447
141 193
141 199
142 144
142 258
142 296
142 423
142 438
142 441
143 149
143 244
143 344
143 555
144 146
144 149
144 296
144 298
144 350
144 365
144 368
144 370
144 375
144 376
144 401
144 403
144 406
144 407
144 421
144 422
144 423
144 430
144 437
144 438
144 440
144 441
144 597
145 146
145 147
145 149
145 150
145 204
145 225
145 341
145 350
145 357
145 359
145 372
145 393
145 398
145 401
145 412
145 413
145 415
145 416
145 417
145 420
145 421
145 422
145 423
145 425
145 430
145 437
145 440
145 441
145 443
145 444
145 445
145 447
145 534
145 598
146 147
146 149
146 150
146 341
146 344
146 345
146 348
146 350
146 353
146 356
146 357
146 358
146 359
146 365
146 367
146 368
146 369
146 372
146 373
146 375
146 376
146 412
146 413
146 414
146 420
146 421
146 422
146 423
146 425
146 430
146 434
146 437
146 438
146 439
146 440
146 441
146 443
146 444
146 445
146 447
146 598
147 149
147 341
147 344
147 345
147 348
147 351
147 352
147 356
147 357
147 358
147 359
147 361
147 369
147 372
147 375
147 398
147 412
147 413
147 414
147 421
147 440
147 445
147 447
148 149
148 150
148 151
148 152
148 156
148 161
148 163
148 204
148 205
148 261
148 296
148 297
148 344
148 365
148 368
148 370
148 420
148 422
148 425
148 430
148 431
148 434
148 437
148 444
148 446
148 462
148 545
148 598
149 150
149 204
149 337
149 341
149 344
149 345
149 348
149 350
149 353
149 357
149 359
149 364
149 365
149 366
149 367
149 368
149 370
149 371
149 372
149 373
149 375
149 376
149 412
149 413
149 414
149 415
149 420
149 421
149 422
149 423
149 425
149 430
149 431
149 434
149 437
149 438
149 440
149 441
149 443
149 444
149 445
149 446
149 447
149 594
149 598
150 156
150 337
150 341
150 342
150 343
150 344
150 345
150 348
150 353
150 356
150 357
150 358
150 359
150 365
150 368
150 371
150 372
150 373
150 375
150 376
150 412
150 414
150 420
150 421
150 422
150 425
150 430
150 431
150 434
150 437
150 438
150 440
150 441
150 442
150 443
150 444
150 445
150 446
150 447
151 158
151 161
151 261
151 272
151 444
151 466
152 153
152 164
152 272
152 295
152 296
152 297
152 591
153 246
153 263
154 155
154 157
154 161
154 171
154 190
154 191
154 192
154 195
154 196
154 197
154 198
154 199
154 200
154 201
154 203
154 209
154 210
154 211
154 212
154 213
154 215
154 219
154 498
154 505
155 190
155 209
155 219
155 267
155 274
156 157
156 161
156 164
156 186
156 204
156 213
156 232
156 426
156 437
156 442
156 443
156 454
156 545
157 164
157 195
157 196
157 232
157 467
157 498
157 534
157 545
158 161
158 164
158 259
158 260
158 272
158 277
158 290
158 295
158 296
158 297
158 426
158 455
158 535
158 591
159 164
159 190
159 191
159 192
159 193
159 194
159 195
159 196
159 199
159 200
159 201
159 203
159 204
159 207
159 212
159 216
159 223
159 224
159 264
159 279
159 281
159 394
159 397
159 415
159 417
159 424
159 442
159 467
159 498
159 505
159 594
160 277
161 164
161 186
161 190
161 204
161 213
161 216
161 219
161 261
161 272
161 274
161 279
161 281
161 296
161 353
161 356
161 420
161 425
161 426
161 434
161 442
161 450
161 594
162 163
162 178
162 300
162 462
162 464
162 594
162 597
162 598
163 253
163 254
163 462
163 463
163 464
163 543
163 558
164 195
164 196
164 199
164 203
164 204
164 207
164 224
164 274
164 277
164 279
164 281
164 295
164 296
164 442
164 467
164 498
164 545
166 470
166 472
168 172
169 472
170 247
170 404
172 235
172 248
172 250
172 286
172 325
172 556
172 557
172 561
173 174
173 178
173 249
173 251
173 254
173 314
173 317
173 388
173 524
173 526
173 563
173 580
174 249
174 251
174 283
174 317
174 388
174 389
174 480
174 526
174 563
174 580
175 176
175 177
175 178
175 179
175 180
175 183
175 186
175 480
175 484
175 486
176 177
176 178
176 179
176 180
176 182
176 209
176 249
176 271
176 480
176 512
176 541
177 178
177 179
177 180
177 183
177 480
177 482
177 486
177 566
178 180
178 183
178 186
178 249
178 255
178 257
178 259
178 260
178 268
178 480
179 180
179 184
179 483
179 487
180 183
180 186
180 249
180 480
180 484
180 486
181 585
181 586
182 231
182 256
182 271
182 307
183 186
183 255
183 257
183 258
183 293
183 484
183 486
185 426
185 585
186 257
186 272
186 293
186 356
186 426
186 486
187 189
187 191
187 195
187 196
187 198
187 201
187 207
187 212
187 279
187 280
187 384
187 402
187 459
187 495
187 509
187 585
188 277
188 279
188 289
188 290
188 385
188 393
188 396
188 402
188 407
188 419
188 451
188 504
188 585
188 586
189 191
189 192
189 193
189 194
189 195
189 196
189 207
189 211
189 212
189 223
189 224
189 378
189 394
189 396
189 397
189 408
189 467
189 489
189 490
189 492
189 495
189 496
189 533
190 191
190 195
190 196
190 198
190 203
190 208
190 209
190 210
190 212
190 215
190 216
190 219
190 231
190 450
190 461
191 192
191 193
191 194
191 195
191 196
191 198
191 199
191 200
191 201
191 204
191 207
191 209
191 211
191 212
191 219
191 394
191 492
191 495
191 496
191 504
191 505
192 193
192 194
192 195
192 199
192 200
192 201
192 202
192 211
192 212
192 221
192 222
192 223
192 224
192 245
192 492
192 496
192 505
193 194
193 195
193 196
193 199
193 200
193 201
193 204
193 211
193 212
193 222
193 223
193 224
193 394
193 396
193 397
193 442
193 467
193 492
193 495
193 496
193 504
193 505
194 199
194 201
194 207
194 212
194 223
194 350
194 390
194 393
194 394
194 395
194 396
194 397
194 399
194 403
194 404
194 407
194 408
194 410
194 417
194 418
194 419
194 423
194 435
194 451
194 467
194 490
194 491
194 492
194 495
194 496
194 504
194 505
194 533
195 196
195 198
195 199
195 200
195 201
195 202
195 203
195 204
195 207
195 211
195 212
195 213
195 214
195 219
195 222
195 223
195 224
195 281
195 442
195 467
195 496
195 498
195 505
196 198
196 199
196 200
196 204
196 207
196 212
196 213
196 223
196 224
196 279
196 281
196 397
196 417
196 450
196 467
196 498
196 505
196 534
196 545
197 202
197 203
197 211
197 214
197 215
197 216
197 218
197 231
198 199
198 200
198 201
198 207
198 209
198 212
198 216
198 219
198 279
198 280
198 281
198 402
198 424
198 450
198 459
198 501
198 505
198 509
199 200
199 201
199 203
199 204
199 207
199 212
199 216
199 219
199 224
199 281
199 394
199 442
199 467
199 492
199 495
199 496
199 499
199 504
199 505
200 201
200 202
200 203
200 207
200 212
200 224
200 280
200 281
200 467
200 496
200 499
200 505
201 204
201 207
201 212
201 219
201 279
201 280
201 281
201 394
201 442
201 459
201 492
201 495
201 496
201 499
201 500
201 504
201 505
202 203
202 211
202 214
202 215
203 208
203 209
203 210
203 211
203 214
203 215
203 216
203 219
203 274
203 281
203 442
204 207
204 212
204 219
204 261
204 264
204 272
204 277
204 279
204 281
204 295
204 296
204 297
204 299
204 350
204 394
204 417
204 419
204 420
204 423
204 424
204 425
204 426
204 430
204 433
204 434
204 437
204 442
204 450
204 451
204 454
204 594
205 296
205 365
205 437
205 506
206 271
206 508
206 541
207 212
207 224
207 279
207 281
207 397
207 402
207 424
207 450
207 451
207 467
207 495
207 498
207 504
207 505
207 580
207 594
208 209
208 210
208 215
208 216
208 219
208 231
208 264
208 274
209 210
209 212
209 216
209 219
209 231
209 271
209 465
209 509
209 519
210 213
210 215
210 216
210 219
210 231
210 265
210 271
210 512
210 513
210 516
211 212
211 222
211 223
211 492
211 496
212 219
212 224
212 279
212 281
212 467
212 490
212 492
212 493
212 495
212 496
212 499
212 504
212 505
213 232
213 234
213 241
213 271
213 274
213 520
214 215
214 274
215 231
215 265
215 274
216 219
216 231
216 281
217 231
218 220
218 226
218 227
218 230
218 231
218 265
218 267
219 272
219 281
219 461
219 465
219 519
220 221
220 222
220 226
220 237
220 239
220 287
220 332
220 529
220 536
220 549
220 553
220 584
221 222
221 223
221 224
221 394
221 397
221 399
221 417
221 530
221 533
222 223
222 224
222 226
222 240
222 245
222 489
222 553
222 584
223 224
223 245
223 394
223 397
223 399
223 467
223 533
224 245
224 394
224 397
224 399
224 417
224 467
224 498
224 533
224 534
225 244
225 388
225 399
225 401
225 417
225 418
225 445
225 534
225 600
226 227
226 230
226 239
226 240
226 287
226 529
226 536
226 549
226 551
226 553
226 584
227 239
227 242
227 536
227 543
227 552
227 558
227 573
227 574
228 229
228 236
228 238
228 252
228 263
228 269
228 282
228 540
228 548
228 567
229 230
229 234
229 236
229 238
229 239
229 240
229 241
229 242
229 251
229 256
229 265
229 269
229 273
229 313
229 468
229 511
229 518
229 521
229 528
229 540
229 542
229 544
229 547
229 548
229 551
229 552
229 554
229 559
229 560
229 562
229 566
229 567
229 569
229 570
229 573
229 581
230 234
230 236
230 237
230 238
230 239
230 240
230 241
230 243
230 251
230 265
230 267
230 269
230 286
230 511
230 547
230 548
230 549
230 551
230 552
230 554
230 559
230 567
230 573
230 581
231 265
231 271
231 513
232 233
232 234
232 241
232 267
232 271
232 273
232 497
232 521
232 545
233 234
233 241
233 246
233 267
233 273
233 520
233 521
233 581
234 241
234 243
234 246
234 251
234 267
234 269
234 273
234 313
234 511
234 518
234 520
234 521
234 544
234 559
234 567
234 573
234 581
235 236
235 238
235 239
235 240
235 243
235 248
235 286
235 287
235 547
235 548
235 549
235 550
235 551
235 557
235 584
236 238
236 239
236 240
236 243
236 250
236 266
236 282
236 286
236 312
236 511
236 539
236 540
236 547
236 548
236 550
236 551
236 552
236 554
236 557
236 560
236 567
236 570
236 573
236 581
237 238
237 239
237 240
237 263
237 287
237 536
237 548
237 549
237 552
237 553
238 239
238 240
238 243
238 263
238 286
238 539
238 540
238 547
238 548
238 549
238 550
238 552
238 554
238 557
238 567
239 240
239 241
239 243
239 248
239 286
239 287
239 536
239 547
239 548
239 549
239 550
239 551
239 552
239 553
239 554
239 584
240 243
240 286
240 287
240 518
240 532
240 539
240 547
240 548
240 549
240 550
240 551
240 553
240 554
240 584
241 244
241 251
241 265
241 511
241 520
241 551
242 256
242 269
242 315
242 508
242 528
242 540
242 544
242 552
242 564
242 566
242 567
242 571
242 572
242 573
242 574
242 590
242 593
243 246
243 286
243 518
243 532
243 539
243 547
243 548
243 549
243 550
243 554
243 579
243 584
244 245
244 551
244 555
245 535
245 555
246 263
246 265
246 273
246 548
247 250
247 252
247 266
247 314
247 556
248 250
248 547
248 548
248 549
248 550
248 556
248 557
248 584
249 251
249 266
249 283
249 310
249 314
249 316
249 317
249 388
249 389
249 480
249 526
249 558
249 562
249 563
249 580
250 252
250 253
250 254
250 258
250 267
250 268
250 269
250 270
250 479
250 538
250 539
250 544
250 556
250 557
250 558
250 560
250 561
250 563
250 567
250 569
250 570
250 573
250 575
251 254
251 266
251 269
251 313
251 526
251 559
251 562
252 255
252 266
252 268
252 270
252 316
252 387
252 479
252 538
252 539
252 540
252 544
252 556
252 557
252 560
252 566
252 567
252 569
252 570
253 254
253 463
253 464
253 536
253 543
253 558
253 561
253 563
254 267
254 268
254 463
254 558
254 560
254 561
254 563
254 570
255 256
255 258
255 270
255 484
255 537
255 560
255 569
256 265
256 267
256 269
256 273
256 468
256 507
256 508
256 518
256 521
256 540
256 542
256 544
256 552
256 558
256 559
256 560
256 562
256 566
256 567
256 569
256 570
256 571
256 573
256 574
257 258
257 259
257 261
257 293
257 345
257 438
257 486
258 293
258 438
258 537
259 260
259 261
259 264
259 272
259 274
259 277
259 278
259 281
259 295
259 296
259 297
259 298
259 299
260 261
260 272
260 277
260 278
260 297
260 565
260 588
260 589
260 590
260 591
260 592
260 593
261 272
261 277
261 278
261 279
261 281
261 295
261 296
261 297
261 299
261 426
262 298
262 299
262 595
263 265
263 548
264 281
264 299
264 300
264 450
264 594
265 273
265 468
265 516
265 542
266 269
266 282
266 283
266 314
266 388
266 560
266 580
267 273
267 468
267 521
267 544
267 558
267 560
267 562
267 570
268 270
268 570
269 270
269 271
269 310
269 313
269 315
269 544
269 560
269 562
269 567
269 573
270 310
270 315
270 528
270 566
270 567
270 571
272 274
272 277
272 279
272 281
272 296
272 297
272 426
272 461
272 466
272 517
272 590
272 592
273 468
273 507
273 521
274 277
274 278
274 279
274 281
274 296
274 297
275 277
275 280
276 277
276 278
276 279
276 281
276 295
276 296
276 297
276 298
276 402
277 278
277 279
277 281
277 295
277 296
277 297
277 298
277 299
277 402
277 451
277 594
278 279
278 281
278 299
279 281
279 295
279 296
279 297
279 298
279 299
279 402
279 420
279 423
279 424
279 450
279 451
279 459
279 490
279 585
279 594
281 295
281 296
281 298
281 299
281 402
281 424
281 450
281 451
281 461
281 490
281 594
282 579
283 389
283 560
283 580
283 581
284 285
284 286
284 312
284 339
284 343
284 382
284 532
284 547
284 548
284 550
284 554
284 583
285 286
285 325
285 328
285 583
286 287
286 532
286 547
286 548
286 549
286 550
286 551
286 553
286 554
286 557
286 584
287 332
287 529
287 536
287 549
287 553
287 584
288 377
289 586
290 291
290 394
291 380
291 586
292 329
292 331
292 335
292 336
292 535
293 345
293 484
294 365
294 373
295 296
295 297
295 298
295 299
295 426
296 297
296 298
296 299
296 370
296 420
296 426
296 437
296 594
297 298
297 299
297 366
297 370
297 437
297 462
297 597
297 598
298 299
300 450
300 594
300 597
300 598
301 385
301 386
302 303
302 305
302 322
302 325
302 432
303 304
303 305
303 322
303 325
303 327
303 330
303 334
304 305
304 308
305 322
305 323
305 328
305 329
305 332
305 333
306 315
308 313
308 326
309 315
310 315
310 316
310 508
310 566
310 571
312 313
312 318
312 329
312 331
312 339
312 547
312 550
312 567
312 573
313 318
313 544
313 559
313 560
313 562
313 567
313 570
313 573
313 581
314 316
314 317
314 479
314 570
314 580
315 316
316 317
316 319
316 453
316 479
316 538
316 556
316 557
316 560
316 565
316 566
316 569
316 570
316 571
316 572
317 385
317 388
317 389
317 580
318 320
318 331
318 334
318 547
318 567
318 573
319 320
319 321
319 322
319 334
319 336
319 385
319 389
319 391
319 453
320 321
320 329
320 331
320 333
320 334
320 335
320 336
320 391
320 453
321 322
321 333
321 336
321 385
321 389
321 390
321 391
321 392
322 325
322 391
323 324
323 325
323 327
323 328
323 329
323 332
323 333
323 335
324 325
324 326
324 327
324 328
324 329
324 332
324 333
324 335
325 327
325 328
325 329
325 330
325 332
325 333
325 334
325 335
326 329
327 328
327 329
327 332
327 333
327 334
327 335
328 329
328 332
328 333
328 335
329 331
329 332
329 333
329 334
329 335
329 336
330 360
331 333
331 334
331 335
331 336
332 333
332 334
332 335
332 584
333 334
333 335
333 336
334 335
334 336
334 391
335 336
335 391
336 389
336 391
336 400
337 340
337 341
337 344
337 345
337 348
337 359
337 364
337 365
337 367
337 368
337 369
337 371
337 372
337 373
337 374
337 375
337 376
337 379
337 403
337 405
337 406
337 407
337 409
337 410
337 421
337 422
337 430
337 431
337 440
337 447
338 339
338 342
338 343
338 346
338 347
338 348
338 349
338 351
338 353
338 354
338 362
338 363
338 371
338 374
338 382
339 342
339 343
339 346
339 347
339 349
339 351
339 380
339 381
339 382
339 448
340 365
340 367
340 375
340 379
340 403
340 404
340 405
340 406
340 407
340 409
340 410
340 411
340 419
340 422
340 441
340 491
341 342
341 344
341 345
341 348
341 351
341 353
341 354
341 356
341 357
341 358
341 359
341 364
341 365
341 367
341 368
341 369
341 371
341 372
341 373
341 374
341 375
341 376
341 412
341 413
341 414
341 420
341 421
341 422
341 425
341 430
341 431
341 434
341 437
341 438
341 440
341 441
341 444
341 446
341 447
342 343
342 344
342 346
342 347
342 348
342 349
342 351
342 361
342 382
342 520
342 532
342 550
342 583
343 344
343 346
343 347
343 349
343 351
343 353
343 354
343 361
343 371
343 374
343 382
343 446
343 448
343 520
343 532
343 550
344 345
344 347
344 348
344 353
344 354
344 355
344 357
344 358
344 359
344 364
344 365
344 367
344 368
344 369
344 372
344 373
344 374
344 375
344 376
344 379
344 410
344 412
344 413
344 414
344 420
344 421
344 422
344 430
344 431
344 434
344 437
344 440
344 444
344 446
344 447
345 348
345 351
345 352
345 353
345 354
345 356
345 357
345 358
345 359
345 363
345 364
345 365
345 367
345 368
345 369
345 371
345 372
345 373
345 375
345 376
345 420
345 421
345 422
345 425
345 429
345 430
345 431
345 434
345 440
345 441
345 444
345 446
345 447
346 347
346 349
346 351
346 353
346 354
346 361
346 363
346 374
346 382
346 532
347 349
347 353
347 354
347 371
347 374
347 376
347 380
347 381
347 382
347 434
347 446
347 448
348 351
348 352
348 353
348 356
348 357
348 358
348 359
348 364
348 365
348 367
348 368
348 369
348 371
348 372
348 373
348 374
348 375
348 376
348 379
348 410
348 412
348 413
348 414
348 415
348 420
348 421
348 422
348 430
348 431
348 434
348 437
348 440
348 444
348 446
348 447
349 354
349 382
350 357
350 359
350 393
350 394
350 397
350 398
350 399
350 401
350 403
350 407
350 408
350 409
350 410
350 411
350 412
350 416
350 417
350 418
350 419
350 423
350 430
350 437
350 440
350 441
350 442
350 445
350 467
350 498
350 534
350 545
351 352
351 353
351 357
351 358
351 359
351 360
351 361
351 362
351 363
351 364
351 369
351 375
351 412
351 413
351 414
351 440
351 447
352 358
352 360
352 361
352 362
352 363
352 369
353 354
353 355
353 356
353 357
353 358
353 359
353 364
353 365
353 368
353 369
353 371
353 372
353 373
353 374
353 375
353 376
353 379
353 421
353 430
353 431
353 434
353 437
353 440
353 446
353 447
354 355
354 356
354 364
354 368
354 371
354 374
354 434
354 446
355 365
355 366
355 368
355 373
355 374
355 434
355 440
356 357
356 358
356 359
356 363
356 368
356 369
356 371
356 430
356 431
356 432
356 434
356 438
356 440
356 445
356 446
356 447
357 358
357 359
357 368
357 369
357 372
357 412
357 413
357 414
357 421
357 430
357 434
357 437
357 438
357 440
357 441
357 444
357 445
357 447
358 359
358 361
358 362
358 363
358 364
358 369
358 372
358 373
358 375
358 412
358 413
358 414
358 421
358 430
358 431
358 434
358 440
358 446
358 447
359 365
359 367
359 368
359 369
359 372
359 373
359 375
359 376
359 379
359 412
359 413
359 414
359 420
359 421
359 422
359 430
359 431
359 434
359 437
359 438
359 440
359 441
359 444
359 445
359 447
360 361
360 362
360 363
361 362
361 363
361 369
361 414
362 363
364 365
364 367
364 369
364 371
364 372
364 373
364 374
364 375
364 410
364 420
364 421
364 422
364 425
364 430
364 431
364 434
364 440
364 446
364 599
365 366
365 367
365 368
365 370
365 371
365 372
365 373
365 374
365 375
365 376
365 379
365 405
365 410
365 420
365 421
365 422
365 423
365 425
365 429
365 430
365 431
365 434
365 437
365 438
365 440
365 441
365 447
365 462
365 546
365 594
365 596
365 597
365 598
365 599
366 368
366 370
366 371
366 429
366 431
366 434
366 437
366 440
367 368
367 369
367 370
367 371
367 372
367 373
367 375
367 376
367 379
367 403
367 405
367 406
367 409
367 410
367 419
367 420
367 421
367 422
367 423
367 425
367 429
367 430
367 431
367 434
367 437
367 438
367 440
367 441
367 447
368 369
368 370
368 371
368 372
368 373
368 375
368 376
368 412
368 413
368 414
368 420
368 421
368 422
368 425
368 429
368 430
368 431
368 434
368 437
368 438
368 440
368 441
368 443
368 444
368 447
368 598
369 371
369 372
369 373
369 375
369 376
369 413
369 414
369 421
369 422
369 430
369 431
369 432
369 434
369 436
369 440
369 447
370 373
370 376
370 420
370 421
370 422
370 425
370 429
370 430
370 431
370 437
370 438
370 440
370 441
370 444
370 462
370 546
370 594
370 596
370 597
370 598
370 599
371 372
371 373
371 374
371 375
371 376
371 415
371 420
371 421
371 422
371 425
371 429
371 430
371 431
371 432
371 434
371 440
371 444
371 446
371 447
371 448
371 596
372 373
372 375
372 376
372 379
372 398
372 406
372 409
372 410
372 412
372 413
372 414
372 415
372 419
372 420
372 421
372 422
372 425
372 430
372 431
372 434
372 440
372 441
372 444
372 447
373 374
373 375
373 376
373 379
373 410
373 413
373 420
373 421
373 422
373 429
373 430
373 431
373 434
373 437
373 438
373 440
373 441
373 447
374 375
374 376
374 379
374 382
374 410
374 440
375 376
375 379
375 406
375 409
375 410
375 413
375 414
375 420
375 421
375 422
375 425
375 429
375 430
375 431
375 434
375 437
375 438
375 440
375 441
375 444
375 447
376 379
376 403
376 405
376 406
376 409
376 410
376 420
376 421
376 422
376 429
376 430
376 431
376 434
376 437
376 440
376 441
376 444
376 447
377 380
377 381
377 382
378 403
378 405
379 380
379 403
379 405
379 410
379 421
379 422
379 430
379 440
380 381
380 382
380 506
380 583
381 382
381 506
383 509
384 402
384 451
384 459
384 460
384 491
384 495
384 504
385 386
387 479
387 518
387 538
387 539
387 540
387 554
387 557
387 567
387 569
387 570
387 579
387 581
388 389
388 393
388 395
388 401
388 402
388 424
388 451
388 580
389 390
389 391
389 392
389 580
390 391
390 392
390 393
390 394
390 395
390 396
390 397
390 492
390 495
390 504
390 530
391 392
391 395
391 400
392 395
392 396
393 394
393 395
393 396
393 397
393 398
393 399
393 401
393 403
393 404
393 406
393 407
393 408
393 417
393 418
393 419
393 423
393 441
393 451
393 490
393 491
393 492
393 495
393 504
393 530
394 395
394 396
394 397
394 398
394 399
394 401
394 402
394 407
394 408
394 416
394 417
394 418
394 419
394 423
394 424
394 451
394 490
394 492
394 495
394 496
394 504
394 505
394 530
394 533
395 396
395 397
395 398
395 399
395 400
395 401
395 404
395 407
395 408
395 417
395 418
395 451
395 490
395 491
395 495
395 504
395 530
395 533
396 397
396 398
396 404
396 407
396 408
396 410
396 416
396 417
396 418
396 419
396 451
396 490
396 491
396 492
396 495
396 504
397 399
397 401
397 408
397 417
397 418
397 424
397 451
397 467
397 490
397 491
397 492
397 495
397 504
397 530
397 533
397 534
398 400
398 401
398 406
398 407
398 408
398 409
398 412
398 415
398 416
398 417
398 418
398 421
398 423
398 441
398 445
399 401
399 408
399 417
399 418
399 423
399 424
399 451
399 467
399 490
399 495
399 504
399 530
399 533
399 534
400 416
400 454
400 563
401 403
401 404
401 406
401 408
401 411
401 412
401 413
401 417
401 418
401 419
401 423
401 441
401 445
401 451
401 491
401 534
402 423
402 424
402 450
402 451
402 459
402 578
402 580
402 594
402 600
403 404
403 405
403 406
403 407
403 408
403 409
403 410
403 419
403 421
403 422
403 423
403 430
403 441
403 451
403 491
403 495
404 406
404 407
404 408
404 409
404 410
404 411
404 418
404 419
404 423
404 451
404 491
404 495
405 406
405 407
405 422
406 407
406 408
406 409
406 410
406 411
406 419
406 421
406 422
406 423
406 430
406 441
406 451
406 491
407 408
407 409
407 410
407 411
407 418
407 419
407 441
407 491
407 495
408 409
408 410
408 411
408 417
408 418
408 419
408 423
408 441
408 451
408 490
408 491
408 492
408 495
408 504
409 410
409 411
409 419
409 421
409 422
410 411
410 419
410 420
410 421
410 422
410 423
410 425
410 430
410 431
410 441
410 491
410 504
411 412
411 413
411 414
411 418
411 419
411 423
411 441
411 484
411 491
412 413
412 414
412 417
412 418
412 421
412 422
412 430
412 437
412 440
412 441
412 445
412 447
412 534
413 414
413 421
413 422
413 437
413 438
413 440
413 441
413 445
413 447
414 421
414 422
414 437
414 440
414 441
414 445
414 447
415 416
415 420
415 421
415 425
415 428
415 430
415 431
415 434
415 437
415 440
415 441
415 445
415 446
415 594
415 596
415 599
416 445
416 530
417 418
417 419
417 423
417 424
417 441
417 442
417 445
417 451
417 467
417 490
417 491
417 495
417 498
417 504
417 530
417 533
417 534
417 545
418 423
418 441
418 449
418 451
418 467
418 490
418 491
418 495
418 534
418 545
419 421
419 422
419 423
419 425
419 430
419 441
419 451
419 491
419 495
419 504
420 421
420 422
420 423
420 425
420 429
420 430
420 431
420 434
420 437
420 438
420 440
420 441
420 442
420 444
420 446
420 594
420 596
420 597
420 598
420 599
421 422
421 423
421 425
421 429
421 430
421 431
421 434
421 437
421 438
421 440
421 441
421 444
421 445
421 447
421 594
421 598
421 599
422 423
422 425
422 429
422 430
422 431
422 434
422 437
422 438
422 440
422 441
422 444
422 447
422 546
422 597
422 598
422 599
423 424
423 425
423 430
423 440
423 441
423 450
423 451
423 490
423 491
423 495
423 504
423 534
423 594
423 600
424 425
424 450
424 451
424 460
424 490
424 534
424 580
424 594
424 600
425 428
425 430
425 431
425 434
425 437
425 438
425 440
425 441
425 442
425 445
425 446
425 594
425 596
425 597
425 598
425 599
426 591
428 431
428 456
428 599
429 430
429 431
429 432
429 434
429 440
429 441
430 431
430 434
430 437
430 438
430 440
430 441
430 442
430 444
430 446
430 447
430 598
430 599
431 434
431 437
431 440
431 441
431 444
431 445
431 446
431 447
431 448
431 462
431 596
431 598
431 599
432 454
432 455
432 456
432 458
434 437
434 438
434 440
434 441
434 442
434 444
434 445
434 446
434 447
434 599
435 442
435 451
435 460
435 467
435 490
435 492
435 495
435 499
435 501
435 504
435 505
435 514
437 438
437 440
437 441
437 443
437 444
437 445
437 446
437 447
437 462
437 594
437 597
437 598
437 599
438 439
438 440
438 441
438 445
438 447
438 537
438 598
439 441
439 443
439 447
439 462
440 441
440 444
440 445
440 446
440 447
440 598
440 599
441 444
441 445
441 447
441 451
441 491
442 446
442 454
442 458
442 467
442 490
442 498
442 505
442 545
443 445
443 447
443 454
444 446
444 447
445 447
445 454
445 534
445 598
446 448
446 599
447 598
448 596
448 599
449 467
449 498
449 534
449 545
449 600
450 451
450 524
450 534
450 594
451 459
451 460
451 467
451 490
451 491
451 492
451 495
451 504
452 463
452 525
452 527
453 463
453 464
453 479
453 508
453 519
453 525
453 526
453 527
453 528
453 538
453 557
453 558
453 560
453 561
453 562
453 563
453 565
453 569
453 571
453 572
453 574
453 575
453 576
453 577
454 458
454 460
454 524
454 530
455 456
455 464
455 575
455 576
456 458
456 465
456 519
457 501
459 491
459 495
459 504
460 490
460 491
460 492
460 495
460 501
461 500
461 578
462 464
462 543
462 558
462 597
462 598
463 464
463 465
463 497
463 512
463 525
463 527
463 558
463 561
463 562
463 563
463 571
464 465
464 543
464 558
464 561
464 563
464 575
464 577
465 474
465 512
465 519
465 524
465 526
465 561
465 563
466 517
466 528
466 565
466 571
466 572
466 576
466 577
466 590
466 592
466 593
467 490
467 492
467 495
467 496
467 498
467 499
467 505
467 533
467 534
467 545
468 497
468 507
468 511
468 512
468 513
468 516
468 521
468 527
468 541
468 542
468 544
468 573
468 574
470 471
470 472
470 475
470 476
471 475
471 476
471 477
472 476
473 506
473 522
473 556
473 575
473 576
474 493
475 477
476 477
479 480
479 528
479 538
479 539
479 541
479 552
479 556
479 557
479 559
479 560
479 561
479 565
479 566
479 569
479 570
479 571
479 575
480 483
480 566
481 593
482 486
482 522
482 566
483 485
484 486
485 507
485 508
485 509
485 511
485 512
485 513
485 516
485 541
485 542
485 574
488 522
488 538
488 565
488 566
488 568
488 571
488 572
488 574
488 575
488 590
489 493
489 496
489 503
490 491
490 492
490 495
490 496
490 501
490 504
490 505
490 514
490 530
491 492
491 495
491 504
492 495
492 496
492 501
492 504
492 505
492 514
493 496
493 499
493 501
493 502
493 503
493 513
493 514
494 503
494 512
494 513
494 514
494 515
495 496
495 504
495 505
495 533
496 499
496 503
496 504
496 505
497 512
497 525
497 527
497 531
498 534
498 545
499 503
499 505
500 505
500 578
501 514
502 503
502 515
502 516
503 513
503 514
503 515
504 505
504 530
505 530
507 508
507 511
507 512
507 516
507 518
507 521
507 525
507 527
507 542
507 544
507 552
507 567
507 573
507 574
508 512
508 516
508 519
508 525
508 527
508 528
508 538
508 544
508 552
508 564
508 565
508 566
508 567
508 571
508 572
508 574
508 577
510 512
510 513
510 514
511 518
511 520
511 521
511 539
511 540
511 541
511 542
511 544
511 547
511 551
511 552
511 554
511 559
511 560
511 562
511 567
511 570
511 573
511 581
512 513
512 514
512 516
512 525
512 527
512 531
512 541
512 542
512 574
513 514
513 516
513 525
513 527
513 541
513 542
516 519
516 525
516 527
516 528
516 541
516 542
516 564
516 574
516 577
517 519
517 528
517 564
517 565
517 571
517 572
517 574
517 577
517 588
517 590
517 592
518 520
518 521
518 528
518 532
518 538
518 539
518 540
518 541
518 542
518 544
518 547
518 548
518 549
518 550
518 552
518 554
518 559
518 560
518 567
518 569
518 570
518 573
518 579
518 581
519 522
519 528
519 565
519 571
519 572
519 574
519 576
519 577
519 590
520 521
520 532
520 548
520 550
520 554
520 581
521 540
521 541
521 542
521 544
521 559
521 560
521 567
521 570
521 573
521 581
522 528
522 544
522 565
522 571
522 572
522 573
522 574
522 575
522 576
522 577
522 590
524 526
525 527
525 574
525 577
526 559
526 561
526 562
526 563
527 562
527 574
528 544
528 552
528 559
528 564
528 565
528 566
528 567
528 569
528 570
528 571
528 572
528 573
528 574
528 576
528 577
528 590
529 530
529 536
529 553
529 584
530 533
530 534
532 539
532 540
532 547
532 548
532 549
532 550
532 553
532 554
532 579
532 581
532 584
533 534
534 545
534 600
536 543
536 549
536 552
538 539
538 540
538 544
538 552
538 557
538 560
538 565
538 566
538 567
538 569
538 570
538 571
538 572
538 575
539 540
539 541
539 544
539 547
539 548
539 554
539 559
539 560
539 567
539 569
539 570
539 579
539 581
540 541
540 542
540 544
540 547
540 548
540 549
540 550
540 552
540 554
540 557
540 559
540 560
540 566
540 567
540 569
540 570
540 573
540 579
540 581
541 542
541 544
541 581
542 544
542 552
542 560
542 566
542 567
542 570
542 573
542 574
542 581
543 598
544 549
544 552
544 554
544 557
544 558
544 559
544 560
544 561
544 562
544 566
544 567
544 569
544 570
544 571
544 573
544 574
544 581
547 548
547 549
547 550
547 551
547 552
547 554
547 557
547 560
547 567
547 570
547 579
547 581
547 584
548 549
548 550
548 551
548 552
548 553
548 554
548 557
548 567
548 584
549 550
549 552
549 553
549 554
549 557
549 560
549 570
549 584
550 553
550 554
550 557
550 570
550 581
550 583
550 584
551 552
551 554
552 554
552 557
552 559
552 560
552 566
552 567
552 569
552 570
552 571
552 573
552 574
552 581
553 554
553 584
554 557
554 567
554 570
554 573
554 579
554 581
554 584
556 557
556 560
556 561
556 570
556 575
557 560
557 561
557 562
557 567
557 569
557 570
557 572
557 575
558 559
558 560
558 561
558 562
558 563
558 569
558 570
558 571
559 560
559 562
559 567
559 569
559 570
559 573
559 581
560 561
560 562
560 566
560 567
560 569
560 570
560 571
560 573
560 574
560 575
560 581
561 562
561 563
561 570
561 571
561 575
562 567
562 569
562 570
562 571
562 573
562 574
562 581
563 570
563 571
563 575
564 566
564 571
564 574
564 577
564 590
565 566
565 571
565 572
565 574
565 575
565 576
565 577
565 588
565 589
565 590
565 592
565 593
566 567
566 569
566 570
566 571
566 572
566 573
566 574
566 590
567 569
567 570
567 571
567 572
567 573
567 574
567 579
567 581
568 572
568 588
568 592
569 570
569 571
569 572
569 573
569 574
569 581
570 571
570 572
570 573
570 574
570 581
571 572
571 573
571 574
571 576
571 577
571 590
572 573
572 574
572 576
572 577
572 590
572 592
572 593
573 574
573 581
574 577
574 590
575 576
576 577
576 588
576 590
576 592
576 593
577 590
577 592
579 581
580 600
583 584
585 586
586 587
588 589
588 590
588 591
588 592
588 593
588 595
589 590
589 592
590 592
590 593
591 592
591 593
592 593
594 595
594 596
594 597
594 598
594 599
594 600
595 597
596 597
596 598
596 599
597 598
597 599
597 600
598 599
