600 7193

1 93
1 95
1 104
1 105
1 107
1 108
1 109
1 113
1 116
1 117
1 118
1 122
1 123
1 126
1 154
1 187
1 191
1 192
1 193
1 194
1 196
1 198
1 199
1 201
1 203
1 212
1 214
1 215
1 218
1 219
1 273
1 274
1 280
1 282
1 288
1 290
1 378
1 394
1 398
1 406
1 408
1 419
1 497
1 498
1 503
1 506
1 517
1 586
2 4
2 5
3 7
3 15
3 314
3 316
4 5
5 24
6 176
7 9
7 10
7 13
7 14
7 15
7 182
7 309
7 314
7 496
7 509
7 580
7 587
8 9
8 11
8 12
8 15
8 16
8 17
8 18
8 98
8 100
8 175
8 177
8 179
8 249
8 311
8 314
8 315
8 316
8 318
8 388
8 480
8 482
8 483
9 10
9 12
9 13
9 15
9 17
9 175
9 249
9 311
9 315
9 316
9 482
9 483
10 13
10 175
10 182
10 310
10 311
11 12
11 16
11 18
11 19
11 20
11 25
11 100
11 316
11 317
11 318
11 319
11 320
11 321
11 386
11 388
12 15
12 16
12 17
12 18
12 98
12 100
12 177
12 249
12 311
12 314
12 315
12 316
12 317
12 318
12 319
12 320
12 334
12 388
12 477
12 482
13 14
13 249
13 311
14 15
14 289
15 16
15 17
15 18
15 19
15 98
15 100
15 179
15 249
15 311
15 314
15 315
15 316
15 318
15 388
15 389
15 482
15 586
15 587
16 17
16 18
16 19
16 20
16 100
16 249
16 315
16 316
16 317
16 318
16 319
16 320
16 388
17 18
17 19
17 37
17 98
17 100
17 175
17 177
17 179
17 249
17 311
17 314
17 315
17 316
17 317
17 318
17 320
17 334
17 388
17 480
17 482
17 483
18 19
18 20
18 25
18 37
18 98
18 100
18 102
18 315
18 316
18 317
18 318
18 319
18 320
18 321
18 322
18 334
18 336
18 387
18 388
18 391
18 562
19 20
19 21
19 25
19 35
19 37
19 100
19 316
19 317
19 318
19 319
19 320
19 321
19 331
19 334
19 336
19 386
19 388
20 21
20 30
20 31
20 32
20 33
20 35
20 36
20 37
20 38
20 100
20 103
20 319
20 320
20 321
20 329
20 331
20 332
20 333
20 334
20 335
20 336
20 388
20 391
20 579
21 24
21 30
21 31
21 35
21 36
21 37
21 38
21 100
21 103
21 145
21 320
21 321
21 324
21 331
21 332
21 333
21 335
21 336
21 391
21 423
21 445
22 33
22 118
22 304
22 398
23 24
23 26
23 40
23 49
23 68
23 77
23 129
23 140
23 146
23 148
23 305
23 341
23 345
23 349
23 354
23 356
23 357
23 375
23 414
23 434
23 441
23 446
23 447
23 448
23 461
23 462
24 26
24 30
24 31
24 32
24 33
24 35
24 36
24 305
24 321
24 323
24 324
24 328
24 329
24 331
24 332
24 333
24 335
24 447
25 35
25 100
25 320
25 334
25 336
25 582
26 30
26 32
26 33
26 36
26 146
26 305
26 323
26 324
26 328
26 333
26 530
27 32
28 30
28 31
28 33
28 34
28 36
28 287
28 335
29 326
30 31
30 32
30 33
30 35
30 36
30 304
30 324
30 328
30 329
30 331
30 332
30 333
30 336
31 32
31 33
31 34
31 35
31 36
31 220
31 287
31 324
31 328
31 329
31 331
31 332
31 333
31 335
32 33
32 35
32 36
32 304
32 324
32 328
32 329
32 331
32 332
32 333
32 335
33 34
33 35
33 36
33 145
33 147
33 237
33 287
33 304
33 324
33 328
33 329
33 331
33 332
33 333
33 335
33 445
33 549
34 36
34 103
34 145
34 146
34 147
34 287
34 332
34 335
34 410
34 423
34 445
34 529
34 530
34 584
35 36
35 37
35 38
35 319
35 320
35 321
35 324
35 328
35 329
35 331
35 332
35 333
35 334
35 335
35 336
35 391
36 145
36 147
36 287
36 329
36 331
36 332
36 333
36 335
36 445
36 529
36 530
37 38
37 100
37 102
37 185
37 320
37 321
37 333
37 334
37 335
37 336
37 387
37 388
37 391
37 486
37 579
38 100
38 102
38 103
38 320
38 321
38 327
38 333
38 334
38 335
38 336
38 391
38 422
38 424
38 432
38 530
39 253
39 341
39 444
39 560
40 44
40 49
40 58
40 61
40 63
40 64
40 65
40 68
40 74
40 77
40 138
40 140
40 142
40 143
40 146
40 148
40 149
40 161
40 162
40 339
40 341
40 345
40 351
40 353
40 354
40 355
40 356
40 357
40 364
40 372
40 428
40 430
40 432
40 434
40 437
40 440
40 446
40 448
40 461
40 462
40 464
40 515
40 543
41 43
41 46
41 49
41 54
41 142
41 149
41 161
41 323
41 339
41 372
41 448
41 464
42 45
42 323
42 328
43 49
43 56
43 58
43 61
43 65
43 68
43 80
43 140
43 142
43 146
43 148
43 149
43 221
43 339
43 357
43 364
43 382
43 418
43 434
43 437
43 446
43 461
43 515
43 543
44 48
44 49
44 54
44 58
44 61
44 64
44 65
44 74
44 78
44 138
44 142
44 146
44 149
44 341
44 356
44 464
45 46
45 54
46 54
47 114
47 117
47 593
48 54
48 464
49 56
49 58
49 61
49 63
49 64
49 65
49 66
49 68
49 74
49 77
49 78
49 83
49 127
49 140
49 142
49 143
49 146
49 148
49 149
49 161
49 253
49 323
49 339
49 341
49 345
49 351
49 354
49 355
49 356
49 357
49 364
49 365
49 372
49 375
49 382
49 418
49 422
49 430
49 432
49 434
49 437
49 440
49 441
49 446
49 447
49 448
49 461
49 462
49 464
49 543
49 563
50 51
50 63
50 145
50 146
50 345
50 351
50 352
50 353
50 358
50 359
50 412
50 414
50 438
50 439
50 443
50 444
50 447
50 461
51 58
51 61
51 62
51 63
51 66
51 67
51 77
51 341
51 345
51 349
51 352
51 354
51 355
51 356
51 357
51 358
51 362
51 440
51 441
51 444
52 53
52 55
52 57
52 113
52 115
52 116
52 118
52 350
52 407
52 491
53 55
53 57
53 69
53 79
53 118
53 120
53 137
53 344
53 413
53 418
53 491
53 492
53 515
54 464
55 57
55 113
55 115
55 116
55 118
55 122
55 125
55 130
55 137
55 348
55 405
55 406
55 407
55 413
55 491
55 492
56 60
56 74
56 78
56 127
56 129
56 142
56 148
56 149
56 372
56 375
56 412
56 434
56 437
56 446
57 65
57 118
57 119
57 120
57 124
57 125
57 130
57 136
57 137
57 141
57 152
57 406
57 417
57 418
57 491
57 492
58 61
58 63
58 64
58 65
58 66
58 68
58 74
58 77
58 134
58 136
58 138
58 140
58 143
58 144
58 146
58 148
58 149
58 161
58 162
58 339
58 341
58 344
58 345
58 354
58 355
58 356
58 357
58 418
58 430
58 434
58 435
58 437
58 515
59 62
59 67
59 358
59 360
59 361
59 362
59 363
59 440
60 64
60 65
60 74
60 127
60 129
60 142
60 147
60 351
60 392
60 401
60 412
60 418
60 421
60 437
60 530
61 63
61 64
61 65
61 66
61 68
61 77
61 129
61 134
61 136
61 140
61 143
61 146
61 148
61 149
61 161
61 162
61 339
61 341
61 344
61 345
61 349
61 351
61 353
61 354
61 355
61 356
61 357
61 364
61 427
61 428
61 430
61 432
61 434
61 437
61 440
61 446
61 447
61 448
61 461
61 462
61 515
62 63
62 66
62 67
62 345
62 352
62 358
62 360
62 362
62 363
63 64
63 65
63 66
63 68
63 74
63 77
63 127
63 129
63 134
63 136
63 140
63 142
63 143
63 146
63 148
63 149
63 162
63 341
63 345
63 351
63 353
63 354
63 356
63 357
63 358
63 362
63 364
63 365
63 372
63 375
63 382
63 414
63 418
63 430
63 432
63 434
63 437
63 440
63 446
63 448
63 461
63 462
63 464
63 515
64 65
64 74
64 77
64 121
64 127
64 142
64 143
64 146
64 147
64 148
64 149
64 162
64 344
64 351
64 353
64 354
64 358
64 372
64 375
64 410
64 412
64 414
64 418
64 421
64 430
64 437
64 440
64 447
64 448
64 462
64 515
65 68
65 74
65 77
65 79
65 127
65 129
65 134
65 136
65 140
65 142
65 143
65 145
65 146
65 147
65 148
65 149
65 156
65 162
65 339
65 344
65 351
65 353
65 356
65 357
65 364
65 365
65 372
65 375
65 376
65 382
65 410
65 412
65 415
65 418
65 421
65 423
65 430
65 432
65 434
65 435
65 437
65 440
65 445
65 446
65 448
65 461
65 462
65 515
65 530
66 67
66 345
66 354
66 356
66 357
66 358
66 360
66 362
66 363
66 440
66 563
67 345
67 347
67 349
67 352
67 354
67 358
67 360
67 361
67 362
67 363
68 74
68 77
68 80
68 81
68 83
68 85
68 129
68 132
68 134
68 136
68 140
68 142
68 143
68 146
68 148
68 149
68 161
68 253
68 305
68 339
68 341
68 345
68 353
68 354
68 355
68 356
68 357
68 364
68 365
68 372
68 375
68 376
68 382
68 421
68 422
68 428
68 430
68 432
68 434
68 437
68 440
68 441
68 446
68 447
68 448
68 461
68 462
68 464
68 515
68 543
69 70
69 79
69 112
69 118
69 130
69 137
69 141
69 171
69 368
69 376
69 436
69 490
69 491
69 492
70 137
70 158
70 293
70 368
70 575
71 77
71 441
72 79
72 130
73 75
73 79
73 80
73 81
73 83
73 84
73 87
73 89
73 91
73 367
73 374
73 376
73 377
73 380
73 381
73 436
74 77
74 78
74 127
74 129
74 134
74 135
74 136
74 140
74 142
74 145
74 146
74 147
74 148
74 149
74 161
74 162
74 341
74 351
74 364
74 365
74 370
74 372
74 375
74 418
74 421
74 422
74 430
74 432
74 434
74 435
74 437
74 440
74 441
74 446
74 461
74 462
74 464
74 591
75 79
75 80
75 81
75 83
75 84
75 87
75 132
75 139
75 140
75 367
75 376
75 381
75 431
75 436
76 131
76 297
77 78
77 83
77 127
77 129
77 133
77 140
77 142
77 146
77 148
77 149
77 161
77 323
77 341
77 345
77 351
77 354
77 356
77 358
77 364
77 365
77 370
77 372
77 375
77 421
77 422
77 428
77 430
77 432
77 434
77 437
77 440
77 441
77 446
77 447
77 448
77 461
77 462
77 464
78 127
78 149
78 372
78 375
78 437
78 441
79 80
79 81
79 83
79 87
79 88
79 112
79 129
79 130
79 132
79 134
79 136
79 137
79 138
79 140
79 141
79 365
79 376
79 380
79 381
79 436
79 515
80 81
80 83
80 84
80 85
80 87
80 91
80 132
80 134
80 139
80 140
80 141
80 149
80 161
80 364
80 365
80 367
80 371
80 374
80 376
80 380
80 381
80 382
80 428
80 431
80 434
80 436
80 437
80 446
80 515
81 83
81 84
81 85
81 86
81 87
81 88
81 89
81 91
81 112
81 132
81 134
81 140
81 141
81 149
81 161
81 364
81 365
81 367
81 371
81 374
81 376
81 377
81 380
81 381
81 382
81 428
81 431
81 434
81 436
81 437
81 446
81 515
82 83
82 355
83 84
83 85
83 88
83 91
83 129
83 132
83 134
83 140
83 148
83 149
83 161
83 341
83 345
83 364
83 365
83 367
83 371
83 374
83 375
83 376
83 380
83 381
83 428
83 430
83 434
83 436
83 437
83 440
83 441
83 446
83 515
84 85
84 86
84 87
84 88
84 89
84 91
84 132
84 140
84 161
84 365
84 367
84 371
84 374
84 377
84 380
84 381
84 382
84 434
84 446
85 86
85 87
85 88
85 89
85 91
85 140
85 148
85 365
85 371
85 374
85 376
85 377
85 380
85 381
85 382
85 434
85 437
85 446
86 87
86 88
86 89
86 91
86 374
86 377
86 380
86 381
86 436
87 88
87 89
87 91
87 367
87 374
87 376
87 377
87 380
87 381
87 436
87 452
88 89
88 91
88 374
88 376
88 377
88 379
88 380
88 381
88 436
89 91
89 371
89 374
89 377
89 380
89 381
89 446
90 126
90 164
90 192
90 198
90 200
90 201
90 202
90 211
90 214
90 244
90 259
90 261
90 273
90 274
90 280
90 281
90 297
90 299
90 378
91 140
91 365
91 367
91 371
91 374
91 376
91 377
91 380
91 381
91 382
91 436
91 446
92 93
92 116
92 117
92 184
92 187
92 191
92 193
92 194
92 209
92 212
92 219
92 297
93 95
93 99
93 101
93 104
93 105
93 107
93 108
93 109
93 110
93 113
93 116
93 117
93 126
93 154
93 159
93 167
93 173
93 184
93 187
93 188
93 189
93 191
93 192
93 193
93 194
93 195
93 196
93 197
93 198
93 199
93 201
93 202
93 203
93 207
93 209
93 211
93 212
93 214
93 215
93 216
93 218
93 219
93 223
93 234
93 244
93 259
93 273
93 274
93 280
93 282
93 286
93 288
93 289
93 290
93 291
93 295
93 308
93 378
93 384
93 394
93 408
93 465
93 494
93 496
93 503
93 505
93 514
93 517
93 519
93 524
93 580
93 586
94 95
94 98
94 101
94 118
94 188
94 288
94 366
94 385
94 389
94 398
94 416
95 101
95 104
95 105
95 106
95 107
95 108
95 109
95 110
95 113
95 114
95 115
95 116
95 117
95 118
95 119
95 122
95 125
95 137
95 154
95 173
95 174
95 187
95 188
95 189
95 191
95 193
95 194
95 196
95 197
95 199
95 210
95 212
95 215
95 217
95 218
95 219
95 223
95 282
95 283
95 289
95 290
95 295
95 303
95 306
95 308
95 384
95 385
95 393
95 394
95 395
95 398
95 400
95 406
95 407
95 408
95 467
95 489
95 491
95 492
95 495
95 497
95 498
95 524
95 527
95 580
96 97
96 100
96 387
96 579
97 98
98 100
98 101
98 123
98 204
98 249
98 283
98 302
98 314
98 316
98 318
98 322
98 385
98 388
98 389
98 398
98 416
98 482
98 580
98 586
98 587
99 101
99 104
99 105
99 107
99 108
99 109
99 122
99 154
99 159
99 184
99 187
99 189
99 191
99 192
99 193
99 194
99 195
99 196
99 198
99 201
99 202
99 203
99 212
99 213
99 214
99 215
99 218
99 219
99 223
99 244
99 246
99 251
99 262
99 273
99 274
99 280
99 282
99 286
99 290
99 299
99 390
99 394
99 395
99 408
99 411
99 489
99 493
99 496
99 497
99 502
99 503
99 505
99 516
99 586
100 102
100 318
100 319
100 320
100 321
100 334
100 336
100 387
100 388
100 391
100 579
101 104
101 107
101 109
101 110
101 111
101 118
101 122
101 187
101 188
101 189
101 218
101 262
101 282
101 283
101 286
101 290
101 389
101 390
101 396
101 398
101 408
101 411
101 489
101 497
101 580
101 584
101 586
102 334
102 336
102 387
102 391
102 424
102 488
102 566
103 145
103 147
103 287
103 321
103 324
103 332
103 335
103 370
103 415
103 423
103 445
103 529
103 530
103 579
104 105
104 106
104 107
104 108
104 109
104 110
104 117
104 119
104 122
104 126
104 154
104 159
104 184
104 187
104 188
104 189
104 191
104 192
104 193
104 194
104 195
104 196
104 197
104 198
104 201
104 202
104 203
104 207
104 210
104 211
104 212
104 213
104 214
104 215
104 218
104 219
104 223
104 234
104 244
104 251
104 262
104 273
104 274
104 280
104 282
104 283
104 286
104 289
104 290
104 299
104 308
104 384
104 390
104 393
104 394
104 395
104 397
104 399
104 408
104 411
104 467
104 474
104 487
104 489
104 493
104 495
104 496
104 497
104 498
104 503
104 505
104 514
104 516
104 524
104 546
104 580
104 586
105 106
105 107
105 108
105 109
105 110
105 113
105 114
105 115
105 117
105 118
105 119
105 122
105 125
105 154
105 173
105 187
105 188
105 189
105 191
105 192
105 193
105 194
105 195
105 196
105 197
105 198
105 199
105 201
105 203
105 210
105 212
105 215
105 218
105 219
105 223
105 273
105 274
105 282
105 299
105 308
105 384
105 385
105 390
105 393
105 394
105 395
105 396
105 397
105 398
105 399
105 406
105 408
105 417
105 467
105 489
105 491
105 492
105 493
105 495
105 497
105 498
105 503
105 505
105 516
105 524
105 546
106 107
106 108
106 109
106 110
106 122
106 154
106 187
106 191
106 192
106 193
106 194
106 196
106 212
106 215
106 218
106 222
106 223
106 282
106 286
106 308
106 384
106 390
106 393
106 394
106 395
106 397
106 398
106 399
106 408
106 467
106 489
106 492
106 493
106 495
106 497
106 498
106 503
106 546
107 108
107 109
107 110
107 122
107 154
107 159
107 164
107 173
107 184
107 187
107 189
107 191
107 192
107 193
107 194
107 195
107 196
107 198
107 201
107 202
107 204
107 212
107 214
107 215
107 218
107 219
107 223
107 251
107 262
107 273
107 274
107 280
107 282
107 283
107 286
107 289
107 290
107 299
107 308
107 384
107 385
107 389
107 390
107 393
107 394
107 395
107 396
107 398
107 408
107 411
107 487
107 489
107 495
107 497
107 498
107 503
107 505
107 580
107 586
108 109
108 110
108 113
108 116
108 117
108 122
108 126
108 154
108 159
108 167
108 187
108 188
108 189
108 191
108 192
108 193
108 194
108 195
108 196
108 197
108 198
108 201
108 202
108 203
108 207
108 209
108 210
108 211
108 212
108 213
108 214
108 215
108 216
108 217
108 218
108 219
108 223
108 234
108 244
108 259
108 262
108 273
108 274
108 280
108 282
108 290
108 295
108 299
108 306
108 308
108 378
108 384
108 393
108 394
108 395
108 397
108 399
108 408
108 467
108 474
108 489
108 493
108 494
108 495
108 496
108 497
108 498
108 503
108 505
108 514
108 516
108 517
108 519
108 524
108 527
108 580
108 586
109 110
109 113
109 117
109 119
109 122
109 154
109 159
109 173
109 184
109 187
109 188
109 189
109 191
109 192
109 193
109 194
109 195
109 196
109 197
109 198
109 201
109 202
109 203
109 204
109 212
109 213
109 214
109 215
109 218
109 219
109 223
109 244
109 251
109 262
109 273
109 274
109 280
109 282
109 283
109 286
109 289
109 290
109 299
109 308
109 378
109 384
109 385
109 390
109 393
109 394
109 395
109 396
109 398
109 408
109 411
109 425
109 467
109 487
109 489
109 493
109 495
109 496
109 497
109 498
109 503
109 505
109 516
109 524
109 546
109 580
109 586
110 113
110 114
110 116
110 117
110 118
110 119
110 122
110 123
110 125
110 130
110 137
110 154
110 173
110 174
110 187
110 188
110 189
110 191
110 193
110 194
110 196
110 197
110 210
110 212
110 215
110 217
110 218
110 223
110 282
110 283
110 289
110 306
110 308
110 384
110 385
110 393
110 394
110 395
110 397
110 398
110 399
110 400
110 401
110 408
110 417
110 467
110 489
110 492
110 493
110 495
110 497
110 498
110 503
110 524
110 527
110 546
110 580
111 123
111 188
111 509
112 114
112 118
112 129
112 130
112 134
112 171
112 376
112 492
113 114
113 115
113 116
113 117
113 118
113 119
113 123
113 125
113 126
113 130
113 154
113 173
113 187
113 188
113 194
113 196
113 282
113 308
113 337
113 378
113 384
113 385
113 393
113 395
113 398
113 403
113 404
113 405
113 406
113 407
113 408
113 417
113 419
113 467
113 489
113 491
113 492
113 495
113 497
113 498
114 115
114 116
114 117
114 118
114 119
114 125
114 126
114 130
114 137
114 154
114 173
114 174
114 188
114 191
114 385
114 393
114 406
114 407
114 408
114 417
114 419
114 491
114 492
114 497
114 498
115 116
115 122
115 125
115 126
115 154
115 167
115 188
115 194
115 196
115 199
115 203
115 301
115 337
115 405
115 406
115 407
115 419
115 491
115 498
116 117
116 118
116 122
116 123
116 126
116 137
116 154
116 159
116 167
116 187
116 188
116 191
116 193
116 194
116 196
116 197
116 198
116 199
116 201
116 203
116 209
116 210
116 212
116 215
116 218
116 219
116 223
116 234
116 280
116 288
116 295
116 301
116 350
116 394
116 407
116 408
116 492
116 494
116 503
116 514
116 516
116 517
116 524
117 118
117 119
117 122
117 123
117 125
117 126
117 130
117 137
117 154
117 174
117 187
117 188
117 191
117 193
117 194
117 196
117 197
117 199
117 210
117 212
117 215
117 218
117 223
117 282
117 289
117 308
117 393
117 394
117 395
117 397
117 400
117 408
117 467
117 489
117 492
117 495
117 497
117 498
117 501
117 514
117 517
117 524
117 546
117 580
118 119
118 120
118 122
118 123
118 125
118 130
118 137
118 154
118 174
118 188
118 308
118 385
118 393
118 395
118 398
118 399
118 400
118 401
118 406
118 408
118 417
118 467
118 489
118 491
118 492
118 495
118 497
118 498
118 580
119 120
119 122
119 124
119 125
119 173
119 174
119 188
119 196
119 282
119 283
119 306
119 308
119 384
119 390
119 393
119 395
119 396
119 398
119 399
119 400
119 401
119 406
119 408
119 417
119 467
119 489
119 491
119 492
119 495
119 497
119 498
119 580
119 584
120 125
120 401
120 413
120 417
120 418
120 515
121 127
121 142
121 145
121 147
121 351
121 372
121 375
121 383
121 412
121 421
121 422
121 423
121 445
121 447
121 534
122 123
122 125
122 137
122 154
122 159
122 167
122 187
122 188
122 189
122 191
122 194
122 195
122 196
122 203
122 204
122 212
122 213
122 215
122 218
122 223
122 226
122 234
122 262
122 282
122 286
122 290
122 301
122 384
122 390
122 393
122 394
122 395
122 396
122 398
122 406
122 408
122 409
122 411
122 416
122 417
122 425
122 467
122 489
122 492
122 493
122 497
122 498
122 503
122 505
122 516
122 520
122 586
123 125
123 188
123 194
123 195
123 196
123 204
123 218
123 233
123 288
123 398
123 408
123 409
123 416
123 417
123 467
123 489
123 497
123 498
123 586
124 125
124 306
125 152
125 196
125 233
125 282
125 308
125 384
125 393
125 395
125 398
125 399
125 406
125 407
125 408
125 417
125 419
125 467
125 489
125 491
125 492
125 495
125 497
125 498
125 545
126 154
126 159
126 167
126 187
126 188
126 191
126 192
126 193
126 194
126 196
126 197
126 198
126 199
126 201
126 202
126 203
126 212
126 214
126 215
126 218
126 219
126 234
126 273
126 280
126 282
126 378
126 394
126 407
126 419
126 498
126 503
126 506
126 516
126 517
126 524
126 546
127 129
127 135
127 136
127 140
127 142
127 143
127 145
127 146
127 147
127 148
127 149
127 162
127 344
127 351
127 364
127 365
127 370
127 372
127 375
127 410
127 412
127 415
127 418
127 421
127 422
127 423
127 430
127 432
127 434
127 435
127 437
127 445
127 447
127 448
127 458
127 461
127 462
127 515
127 530
127 591
128 131
128 298
128 300
129 134
129 135
129 136
129 140
129 142
129 143
129 145
129 146
129 147
129 148
129 149
129 162
129 341
129 344
129 345
129 351
129 353
129 354
129 355
129 356
129 357
129 364
129 365
129 370
129 375
129 376
129 412
129 418
129 421
129 422
129 423
129 426
129 428
129 430
129 432
129 434
129 435
129 437
129 438
129 439
129 444
129 445
129 446
129 447
129 448
129 458
129 461
129 462
129 515
129 591
130 137
130 376
130 377
130 379
130 385
130 393
130 395
130 397
130 401
130 406
130 408
130 417
130 436
130 467
130 491
130 492
130 546
131 261
131 272
131 279
131 281
131 296
131 298
131 300
131 303
132 134
132 139
132 140
132 149
132 161
132 253
132 364
132 365
132 367
132 370
132 376
132 381
132 382
132 428
132 431
132 432
132 434
132 435
132 437
132 446
132 462
133 323
133 327
133 372
134 136
134 140
134 143
134 148
134 149
134 161
134 162
134 341
134 344
134 345
134 353
134 354
134 355
134 356
134 357
134 364
134 365
134 367
134 373
134 376
134 421
134 428
134 430
134 431
134 432
134 434
134 437
134 446
134 461
134 462
134 515
135 421
135 435
135 591
136 140
136 142
136 143
136 145
136 146
136 148
136 149
136 152
136 156
136 161
136 162
136 339
136 344
136 357
136 364
136 376
136 410
136 415
136 418
136 421
136 423
136 428
136 432
136 434
136 435
136 436
136 437
136 442
136 446
136 458
136 461
136 462
136 464
136 515
137 154
137 159
137 167
137 366
137 379
137 384
137 385
137 393
137 395
137 397
137 400
137 406
137 408
137 436
137 456
137 491
137 492
137 497
137 501
137 517
138 139
138 149
139 368
139 436
140 142
140 143
140 146
140 148
140 149
140 161
140 162
140 253
140 339
140 341
140 344
140 345
140 351
140 353
140 354
140 355
140 356
140 357
140 364
140 365
140 367
140 372
140 373
140 374
140 375
140 376
140 382
140 418
140 421
140 428
140 430
140 431
140 432
140 434
140 435
140 437
140 440
140 441
140 446
140 448
140 454
140 461
140 462
140 464
140 515
140 543
141 157
141 376
141 436
141 452
142 143
142 145
142 146
142 147
142 148
142 149
142 162
142 323
142 339
142 351
142 364
142 370
142 372
142 375
142 410
142 412
142 415
142 418
142 421
142 422
142 423
142 428
142 430
142 432
142 434
142 435
142 437
142 438
142 440
142 441
142 445
142 446
142 447
142 448
142 458
142 461
142 462
142 464
142 515
142 530
142 591
143 145
143 146
143 147
143 148
143 149
143 156
143 161
143 162
143 225
143 339
143 344
143 351
143 353
143 357
143 372
143 375
143 410
143 412
143 415
143 418
143 421
143 423
143 430
143 432
143 434
143 435
143 437
143 443
143 445
143 448
143 461
143 462
143 464
143 515
143 530
144 146
144 339
144 341
145 146
145 147
145 148
145 162
145 225
145 330
145 332
145 335
145 344
145 351
145 364
145 370
145 372
145 375
145 410
145 412
145 415
145 418
145 421
145 422
145 423
145 432
145 434
145 435
145 437
145 438
145 443
145 445
145 447
145 448
145 461
145 462
145 529
145 530
145 534
146 147
146 148
146 149
146 156
146 161
146 162
146 339
146 341
146 344
146 351
146 353
146 356
146 357
146 364
146 372
146 375
146 410
146 412
146 414
146 415
146 418
146 421
146 422
146 423
146 426
146 428
146 430
146 432
146 434
146 435
146 437
146 439
146 443
146 445
146 446
146 447
146 448
146 461
146 462
146 464
146 515
146 530
147 149
147 162
147 165
147 225
147 287
147 351
147 375
147 410
147 412
147 415
147 418
147 421
147 422
147 423
147 432
147 434
147 435
147 437
147 443
147 445
147 447
147 448
147 462
147 529
147 530
147 534
148 149
148 156
148 161
148 162
148 253
148 339
148 341
148 344
148 345
148 351
148 353
148 354
148 356
148 357
148 364
148 365
148 372
148 375
148 382
148 412
148 418
148 421
148 422
148 423
148 426
148 428
148 430
148 432
148 434
148 435
148 437
148 438
148 440
148 444
148 446
148 447
148 448
148 454
148 461
148 462
148 464
148 515
148 530
148 543
148 591
149 156
149 161
149 162
149 339
149 341
149 345
149 351
149 353
149 354
149 356
149 357
149 364
149 365
149 370
149 372
149 375
149 376
149 382
149 410
149 412
149 418
149 421
149 422
149 423
149 428
149 430
149 432
149 434
149 435
149 437
149 440
149 441
149 446
149 447
149 448
149 461
149 462
149 464
149 515
149 530
149 543
150 374
151 200
151 279
152 357
152 418
152 491
153 155
153 267
154 159
154 167
154 187
154 188
154 189
154 191
154 192
154 193
154 194
154 196
154 197
154 198
154 199
154 201
154 203
154 207
154 209
154 210
154 211
154 212
154 214
154 215
154 216
154 218
154 219
154 223
154 234
154 273
154 274
154 280
154 282
154 286
154 290
154 308
154 384
154 393
154 394
154 395
154 397
154 399
154 408
154 419
154 460
154 467
154 474
154 492
154 493
154 494
154 495
154 496
154 497
154 498
154 501
154 503
154 505
154 506
154 514
154 516
154 517
154 519
154 524
154 527
154 546
154 580
155 156
155 454
155 468
156 161
156 339
156 418
156 437
156 446
156 449
156 464
156 515
156 543
157 171
157 515
159 167
159 187
159 191
159 192
159 193
159 194
159 195
159 197
159 198
159 201
159 202
159 203
159 204
159 210
159 212
159 214
159 215
159 218
159 219
159 223
159 273
159 274
159 280
159 282
159 286
159 288
159 290
159 291
159 394
159 425
159 456
159 465
159 474
159 494
159 496
159 503
159 505
159 514
159 516
159 517
159 524
159 586
160 425
160 456
161 253
161 339
161 341
161 345
161 354
161 356
161 357
161 362
161 364
161 372
161 375
161 382
161 428
161 432
161 434
161 437
161 440
161 441
161 446
161 448
161 461
161 462
161 464
161 543
162 341
162 344
162 351
162 353
162 354
162 356
162 357
162 364
162 370
162 375
162 412
162 418
162 421
162 422
162 423
162 426
162 427
162 428
162 430
162 432
162 434
162 435
162 437
162 438
162 440
162 446
162 447
162 454
162 461
162 462
162 515
162 530
163 272
163 464
163 466
163 468
163 590
164 184
164 192
164 193
164 198
164 200
164 201
164 202
164 212
164 214
164 215
164 219
164 246
164 259
164 260
164 261
164 273
164 274
164 279
164 280
164 281
164 294
164 296
164 299
164 300
166 478
167 187
167 191
167 193
167 194
167 195
167 196
167 197
167 198
167 199
167 201
167 203
167 209
167 210
167 212
167 214
167 215
167 216
167 218
167 219
167 223
167 234
167 273
167 274
167 280
167 290
167 394
167 419
167 474
167 494
167 496
167 501
167 503
167 505
167 514
167 516
167 517
167 519
167 524
167 527
168 247
168 550
168 551
168 556
169 499
170 250
170 252
170 476
170 540
170 549
170 554
170 555
170 556
170 560
171 452
171 453
171 490
171 525
172 248
172 250
172 426
172 544
172 556
172 558
172 560
172 561
173 174
173 188
173 191
173 289
173 303
173 308
173 378
173 384
173 385
173 390
173 393
173 398
173 406
173 408
173 489
173 497
173 580
174 182
174 188
174 217
174 289
174 306
174 308
174 504
174 580
175 176
175 177
175 179
175 181
175 311
175 315
175 480
175 482
175 483
176 177
176 179
176 311
176 470
176 480
176 482
177 179
177 249
177 311
177 315
177 480
177 482
177 483
177 484
178 183
178 255
178 269
178 277
178 278
178 311
178 480
178 566
178 569
178 574
178 594
179 311
179 315
179 316
179 480
179 482
179 483
179 485
179 580
180 257
181 307
181 311
183 319
183 480
184 187
184 191
184 192
184 193
184 202
184 214
184 282
186 492
187 188
187 189
187 191
187 192
187 193
187 194
187 195
187 196
187 197
187 198
187 199
187 201
187 202
187 203
187 207
187 209
187 210
187 211
187 212
187 214
187 215
187 216
187 218
187 219
187 223
187 234
187 244
187 259
187 273
187 274
187 280
187 282
187 286
187 289
187 290
187 295
187 308
187 384
187 393
187 394
187 395
187 408
187 467
187 474
187 489
187 493
187 494
187 495
187 496
187 497
187 498
187 501
187 503
187 505
187 514
187 516
187 517
187 519
187 524
187 527
187 546
187 580
187 586
188 189
188 191
188 194
188 196
188 197
188 199
188 201
188 210
188 212
188 215
188 217
188 218
188 282
188 283
188 289
188 295
188 303
188 306
188 308
188 384
188 385
188 393
188 394
188 398
188 408
188 467
188 489
188 492
188 495
188 497
188 498
188 501
188 514
188 527
188 580
188 586
189 191
189 192
189 193
189 194
189 195
189 196
189 197
189 203
189 210
189 212
189 213
189 215
189 218
189 223
189 224
189 230
189 234
189 236
189 244
189 251
189 262
189 273
189 282
189 283
189 285
189 286
189 290
189 291
189 308
189 384
189 394
189 397
189 399
189 408
189 411
189 467
189 489
189 493
189 494
189 496
189 497
189 503
189 505
189 511
189 516
189 517
189 519
189 520
189 527
189 546
189 580
189 581
190 208
191 192
191 193
191 194
191 195
191 196
191 197
191 198
191 199
191 201
191 202
191 203
191 207
191 209
191 210
191 211
191 212
191 214
191 215
191 216
191 218
191 219
191 223
191 234
191 273
191 274
191 280
191 282
191 289
191 295
191 308
191 384
191 393
191 394
191 395
191 397
191 408
191 467
191 474
191 489
191 493
191 494
191 495
191 496
191 497
191 498
191 503
191 505
191 514
191 516
191 517
191 524
191 580
191 586
192 193
192 194
192 196
192 197
192 198
192 200
192 201
192 202
192 203
192 207
192 209
192 210
192 211
192 212
192 213
192 214
192 215
192 216
192 218
192 219
192 223
192 234
192 239
192 244
192 259
192 261
192 262
192 271
192 273
192 274
192 280
192 281
192 282
192 289
192 295
192 299
192 394
192 474
192 493
192 494
192 496
192 503
192 514
192 516
192 517
192 519
192 524
192 586
193 194
193 195
193 196
193 197
193 198
193 199
193 201
193 202
193 203
193 207
193 209
193 210
193 211
193 212
193 214
193 215
193 218
193 219
193 223
193 234
193 244
193 259
193 273
193 274
193 280
193 282
193 286
193 288
193 289
193 290
193 299
193 394
193 408
193 503
193 505
193 516
193 517
193 524
193 586
194 195
194 196
194 197
194 198
194 199
194 201
194 202
194 203
194 204
194 207
194 209
194 211
194 212
194 213
194 214
194 215
194 218
194 219
194 223
194 234
194 244
194 259
194 273
194 274
194 280
194 282
194 288
194 289
194 295
194 301
194 378
194 394
194 398
194 408
194 411
194 467
194 474
194 494
194 497
194 498
194 503
194 505
194 514
194 516
194 517
194 524
194 586
195 196
195 198
195 202
195 203
195 204
195 212
195 213
195 214
195 215
195 218
195 219
195 223
195 234
195 235
195 236
195 251
195 273
195 274
195 280
195 282
195 286
195 290
195 291
195 394
195 411
195 497
195 498
195 503
195 505
195 516
195 586
196 197
196 198
196 199
196 201
196 202
196 203
196 204
196 212
196 213
196 214
196 215
196 218
196 219
196 223
196 234
196 251
196 273
196 274
196 280
196 282
196 283
196 286
196 289
196 290
196 308
196 384
196 393
196 394
196 395
196 398
196 406
196 408
196 411
196 417
196 419
196 467
196 474
196 487
196 489
196 493
196 495
196 497
196 498
196 503
196 505
196 506
196 516
196 524
196 586
197 198
197 203
197 207
197 209
197 210
197 211
197 212
197 215
197 216
197 217
197 218
197 219
197 223
197 230
197 234
197 271
197 273
197 280
197 282
197 295
197 306
197 308
197 393
197 394
197 395
197 397
197 399
197 400
197 408
197 460
197 467
197 474
197 493
197 494
197 496
197 498
197 501
197 503
197 513
197 514
197 516
197 517
197 519
197 521
197 524
197 525
197 527
197 580
198 199
198 200
198 201
198 202
198 203
198 204
198 207
198 209
198 210
198 211
198 212
198 213
198 214
198 215
198 216
198 218
198 219
198 223
198 234
198 239
198 244
198 259
198 261
198 273
198 274
198 280
198 281
198 282
198 289
198 295
198 297
198 299
198 378
198 394
198 465
198 474
198 494
198 496
198 503
198 505
198 514
198 516
198 517
198 519
198 524
198 527
198 586
199 200
199 201
199 202
199 212
199 214
199 215
199 219
199 273
199 274
199 280
199 295
199 378
200 201
200 202
200 211
200 212
200 213
200 214
200 219
200 244
200 246
200 259
200 260
200 261
200 262
200 268
200 269
200 273
200 274
200 279
200 280
200 281
200 295
200 296
200 297
200 298
200 299
200 300
200 502
200 519
201 202
201 203
201 204
201 207
201 211
201 212
201 214
201 215
201 219
201 244
201 259
201 273
201 274
201 280
201 282
201 289
201 295
201 297
201 299
201 378
201 394
201 503
201 586
202 203
202 207
202 211
202 212
202 213
202 214
202 215
202 218
202 219
202 234
202 244
202 251
202 259
202 262
202 273
202 274
202 280
202 281
202 282
202 295
202 299
202 394
202 411
202 465
202 494
202 496
202 502
202 503
202 505
202 516
202 517
202 519
202 585
202 586
203 210
203 211
203 212
203 213
203 214
203 215
203 218
203 219
203 223
203 234
203 235
203 236
203 239
203 244
203 251
203 259
203 262
203 273
203 274
203 280
203 282
203 285
203 286
203 290
203 291
203 394
203 419
203 493
203 494
203 496
203 503
203 505
203 506
203 511
203 516
203 517
203 519
203 524
203 527
203 528
204 215
204 390
204 396
204 398
204 408
204 416
204 417
204 425
204 489
204 497
204 586
205 419
205 433
205 436
205 460
205 501
205 506
206 208
206 209
206 229
206 231
206 256
206 265
206 507
206 512
206 541
207 208
207 209
207 210
207 211
207 212
207 214
207 215
207 216
207 219
207 229
207 230
207 234
207 239
207 244
207 259
207 271
207 273
207 274
207 280
207 295
207 297
207 394
207 503
207 509
207 514
207 516
207 519
207 524
208 209
208 211
208 216
208 217
208 229
208 230
208 231
208 259
208 263
208 265
208 268
208 271
208 281
208 295
208 509
208 512
208 541
208 600
209 210
209 211
209 212
209 215
209 216
209 217
209 218
209 219
209 223
209 230
209 231
209 234
209 239
209 259
209 271
209 273
209 274
209 280
209 281
209 295
209 494
209 503
209 509
209 512
209 513
209 514
209 516
209 517
209 519
209 524
209 527
210 211
210 212
210 215
210 216
210 217
210 218
210 219
210 223
210 230
210 234
210 271
210 273
210 280
210 295
210 306
210 308
210 394
210 397
210 399
210 400
210 460
210 474
210 493
210 494
210 496
210 503
210 509
210 513
210 514
210 516
210 517
210 519
210 521
210 524
210 527
211 212
211 213
211 214
211 215
211 216
211 219
211 222
211 223
211 229
211 230
211 231
211 234
211 239
211 244
211 259
211 261
211 262
211 271
211 273
211 274
211 280
211 281
211 295
211 297
211 299
211 394
211 474
211 493
211 494
211 496
211 503
211 512
211 513
211 514
211 516
211 517
211 519
211 524
211 527
211 528
211 533
211 600
212 213
212 214
212 215
212 216
212 218
212 219
212 222
212 223
212 234
212 239
212 244
212 259
212 261
212 262
212 273
212 274
212 280
212 282
212 289
212 290
212 295
212 299
212 394
212 408
212 474
212 493
212 494
212 496
212 498
212 503
212 505
212 514
212 516
212 517
212 519
212 524
212 527
213 214
213 215
213 218
213 223
213 224
213 229
213 230
213 234
213 236
213 243
213 244
213 245
213 246
213 251
213 262
213 266
213 273
213 274
213 282
213 286
213 299
213 394
213 411
213 493
213 496
213 502
213 503
213 505
213 511
213 516
213 517
213 519
213 520
213 527
213 528
213 542
214 215
214 218
214 219
214 234
214 244
214 259
214 261
214 262
214 273
214 274
214 280
214 281
214 282
214 297
214 299
214 394
214 465
214 474
214 494
214 496
214 503
214 505
214 516
214 517
214 519
214 524
214 586
215 218
215 219
215 223
215 234
215 251
215 259
215 273
215 274
215 280
215 282
215 286
215 288
215 289
215 290
215 394
215 408
215 465
215 474
215 493
215 494
215 496
215 498
215 503
215 505
215 506
215 514
215 516
215 517
215 519
215 524
215 527
215 586
216 217
216 219
216 259
216 271
216 273
216 274
216 280
216 281
216 295
216 299
216 394
216 503
216 509
216 512
216 513
216 514
216 516
216 517
216 519
216 524
216 525
216 527
217 218
217 219
217 223
217 273
217 295
217 306
217 308
217 507
217 509
217 512
217 516
217 519
217 524
217 525
217 527
218 219
218 223
218 234
218 251
218 273
218 274
218 280
218 282
218 286
218 290
218 308
218 384
218 393
218 394
218 395
218 399
218 408
218 419
218 467
218 474
218 492
218 493
218 494
218 496
218 497
218 498
218 503
218 505
218 511
218 514
218 516
218 517
218 519
218 524
218 527
219 222
219 223
219 234
219 244
219 259
219 261
219 273
219 274
219 280
219 281
219 282
219 289
219 295
219 297
219 299
219 394
219 465
219 474
219 494
219 496
219 503
219 505
219 514
219 516
219 517
219 519
219 524
219 527
220 237
220 286
220 287
221 437
221 530
222 223
222 226
222 239
222 261
222 262
222 267
222 273
222 274
222 516
222 524
222 533
222 536
223 234
223 251
223 273
223 274
223 280
223 282
223 286
223 290
223 308
223 384
223 393
223 394
223 395
223 397
223 399
223 408
223 467
223 474
223 493
223 494
223 496
223 498
223 503
223 505
223 511
223 514
223 516
223 517
223 519
223 524
223 527
224 234
224 243
224 245
224 251
224 399
224 476
224 511
224 520
224 531
224 532
225 287
225 410
225 412
225 415
225 443
225 445
225 529
225 530
225 534
225 579
226 535
227 254
228 229
228 238
228 240
228 243
228 244
228 245
228 246
228 258
228 262
228 266
228 270
228 476
228 520
228 531
228 547
228 549
228 550
228 553
229 230
229 231
229 234
229 239
229 241
229 243
229 244
229 256
229 259
229 262
229 263
229 265
229 266
229 273
229 295
229 511
229 512
229 513
229 516
229 519
229 520
229 527
229 528
229 532
229 539
229 541
229 542
229 551
229 600
230 231
230 234
230 241
230 244
230 271
230 273
230 295
230 493
230 496
230 509
230 511
230 513
230 516
230 519
230 520
230 521
230 527
230 528
230 532
230 539
230 542
230 551
230 600
231 239
231 243
231 256
231 259
231 263
231 265
231 267
231 512
231 513
231 519
231 528
231 542
231 600
232 252
232 254
232 263
232 265
232 267
232 268
232 468
232 512
232 518
232 541
232 565
232 570
232 571
232 592
232 596
233 241
233 545
234 236
234 239
234 244
234 251
234 259
234 271
234 273
234 274
234 280
234 282
234 286
234 291
234 394
234 411
234 472
234 474
234 493
234 494
234 496
234 503
234 505
234 511
234 513
234 516
234 517
234 519
234 520
234 521
234 524
234 527
234 528
234 542
235 236
235 285
235 286
235 505
236 238
236 240
236 244
236 245
236 247
236 251
236 284
236 285
236 286
236 291
236 505
236 547
236 583
237 238
237 245
237 287
237 540
237 547
237 549
237 553
238 240
238 243
238 245
238 247
238 285
238 286
238 547
238 549
238 550
238 553
238 554
239 240
239 243
239 244
239 259
239 262
239 271
239 273
239 274
239 299
239 503
239 516
239 517
239 519
239 524
239 532
239 548
239 551
240 243
240 244
240 245
240 247
240 258
240 531
240 547
240 549
240 550
240 553
240 554
241 256
242 253
242 254
242 420
242 422
242 424
242 426
242 438
242 439
242 446
242 447
242 448
242 457
242 461
242 462
242 463
242 552
242 569
242 571
242 574
243 244
243 245
243 246
243 260
243 262
243 266
243 520
243 531
243 532
243 542
244 246
244 251
244 259
244 260
244 262
244 266
244 273
244 274
244 280
244 282
244 295
244 299
244 394
244 493
244 496
244 502
244 503
244 511
244 516
244 519
244 520
244 527
245 246
245 251
245 266
245 476
245 520
245 531
245 540
245 547
245 549
245 554
245 555
246 259
246 260
246 261
246 262
246 266
246 269
246 272
246 273
246 274
246 296
246 298
246 299
246 300
246 502
247 556
248 250
248 252
248 253
248 254
248 463
248 469
248 478
248 544
248 556
248 557
248 558
248 560
248 561
248 570
248 573
249 314
249 315
249 316
249 388
249 389
249 482
249 587
250 252
250 253
250 254
250 450
250 463
250 469
250 478
250 543
250 544
250 552
250 555
250 557
250 558
250 560
250 561
250 563
250 565
250 569
250 570
250 571
250 573
250 576
251 273
251 282
251 283
251 286
251 290
251 291
251 411
251 493
251 496
251 503
251 505
251 511
251 519
251 520
251 587
252 253
252 254
252 255
252 256
252 264
252 268
252 450
252 488
252 552
252 555
252 558
252 560
252 561
252 563
252 565
252 566
252 568
252 569
252 570
252 571
252 573
252 574
252 576
252 590
252 592
252 594
253 254
253 341
253 345
253 364
253 375
253 422
253 424
253 426
253 428
253 430
253 431
253 432
253 434
253 438
253 439
253 446
253 447
253 448
253 454
253 457
253 461
253 462
253 463
253 464
253 469
253 488
253 543
253 544
253 558
253 560
253 561
253 568
253 569
253 573
253 576
254 450
254 454
254 463
254 468
254 469
254 543
254 552
254 558
254 560
254 561
254 569
254 570
254 571
254 574
254 576
255 256
255 263
255 265
255 268
255 269
255 270
255 450
255 510
255 518
255 541
255 552
255 565
255 566
255 569
255 571
255 572
255 573
255 574
255 592
255 594
256 263
256 265
256 270
256 507
256 508
256 541
256 551
256 567
256 573
257 448
258 266
258 547
258 549
259 260
259 261
259 262
259 271
259 273
259 274
259 280
259 281
259 294
259 295
259 296
259 297
259 298
259 299
259 300
259 465
259 494
259 496
259 503
259 509
259 514
259 516
259 517
259 519
259 524
259 528
260 261
260 262
260 267
260 272
260 294
260 296
260 298
260 299
260 300
260 502
261 262
261 267
261 272
261 273
261 274
261 279
261 281
261 294
261 296
261 298
261 299
261 300
261 502
262 266
262 267
262 273
262 274
262 295
262 296
262 298
262 299
262 300
262 394
262 493
262 502
262 516
262 519
262 520
263 264
263 265
263 267
263 268
263 269
263 270
263 298
263 300
263 510
263 512
263 518
263 539
263 541
263 565
263 592
263 594
263 595
263 597
263 600
264 268
264 450
264 565
264 566
264 569
264 570
264 571
264 592
264 594
264 595
264 596
264 598
264 599
265 267
265 268
265 269
265 270
265 510
265 512
265 518
265 539
265 541
265 592
265 597
265 600
266 270
266 476
266 520
266 531
266 538
266 562
266 595
267 268
267 270
267 273
267 299
267 519
267 600
268 269
268 270
268 278
268 565
268 570
268 574
268 590
268 592
268 594
269 270
269 272
269 278
269 296
269 298
269 300
269 518
269 539
269 541
269 552
269 565
269 574
269 592
269 594
269 597
270 296
270 298
270 300
270 518
270 539
270 541
270 565
270 574
270 592
270 594
270 595
270 597
270 600
271 273
271 280
271 295
271 509
271 512
271 524
272 278
272 296
272 298
272 299
272 300
273 274
273 280
273 281
273 282
273 295
273 297
273 298
273 299
273 394
273 474
273 493
273 494
273 496
273 503
273 509
273 513
273 514
273 516
273 517
273 519
273 524
273 527
273 528
274 280
274 281
274 282
274 295
274 296
274 297
274 298
274 299
274 300
274 394
274 465
274 494
274 502
274 503
274 514
274 516
274 517
274 519
274 524
275 277
275 473
275 575
276 455
277 278
277 473
278 279
278 296
278 298
278 300
278 574
278 577
278 592
279 281
279 294
279 296
279 298
279 300
280 281
280 282
280 295
280 299
280 394
280 465
280 474
280 494
280 496
280 503
280 505
280 514
280 516
280 517
280 519
280 524
280 527
280 528
280 586
281 296
281 297
281 298
281 299
281 300
282 283
282 285
282 286
282 290
282 291
282 308
282 384
282 390
282 393
282 394
282 395
282 396
282 408
282 411
282 467
282 487
282 489
282 493
282 495
282 496
282 497
282 498
282 503
282 505
282 511
282 516
282 546
282 580
282 583
282 586
283 286
283 289
283 290
283 291
283 389
283 396
283 408
283 411
283 467
283 487
283 489
283 495
283 497
283 505
283 511
283 580
283 581
283 583
283 584
283 586
283 587
284 285
284 291
284 314
284 316
285 286
285 290
285 291
285 301
285 505
285 547
285 582
285 583
286 290
286 291
286 301
286 384
286 394
286 396
286 408
286 411
286 487
286 489
286 493
286 497
286 503
286 505
286 511
286 546
286 547
286 582
286 583
286 584
287 332
287 529
287 549
287 584
288 290
288 408
288 586
289 295
289 580
289 586
290 291
290 384
290 396
290 408
290 411
290 487
290 489
290 493
290 497
290 503
290 505
290 546
290 580
290 586
290 587
291 314
291 487
291 496
291 505
291 511
291 580
291 586
291 587
292 313
292 582
294 296
294 297
294 298
294 300
294 338
295 297
295 298
295 299
295 300
295 494
295 496
295 503
295 509
295 514
295 517
295 519
295 524
295 527
296 298
296 299
296 300
298 299
298 300
299 300
299 394
299 502
299 516
299 519
299 524
301 304
301 553
301 583
302 304
302 321
302 322
302 329
302 388
302 389
302 586
303 306
303 308
304 324
304 329
305 323
305 324
305 330
305 530
306 308
306 309
306 384
306 393
306 399
306 400
306 525
306 527
308 309
308 384
308 393
308 394
308 395
308 397
308 399
308 400
308 408
308 467
308 489
308 492
308 495
308 497
308 498
308 524
308 525
308 527
311 315
311 316
311 318
311 480
311 482
311 483
312 331
312 333
314 315
314 316
314 318
314 586
314 587
315 316
315 317
315 318
315 388
315 482
316 317
316 318
316 319
316 320
316 388
317 318
317 319
317 320
317 331
317 334
317 336
317 386
317 388
318 319
318 320
318 334
318 388
319 320
319 321
319 331
319 334
319 336
319 386
319 388
320 321
320 331
320 333
320 334
320 336
320 386
320 388
320 391
321 322
321 329
321 331
321 335
321 336
321 386
321 388
321 389
321 391
321 579
322 336
322 389
323 324
323 327
323 328
323 330
323 335
323 372
323 375
323 422
323 441
323 447
323 448
323 530
324 326
324 328
324 329
324 331
324 332
324 333
324 335
325 582
327 335
328 329
328 330
328 331
328 333
328 335
329 331
329 332
329 333
329 335
330 332
331 333
331 334
331 335
331 336
332 333
332 335
332 529
332 584
333 334
333 335
333 336
334 335
334 336
334 388
334 391
334 481
334 486
334 488
335 336
335 529
335 530
336 386
336 388
336 391
337 340
337 405
337 406
337 407
337 491
339 341
339 356
339 364
339 372
339 382
339 428
339 432
339 434
339 437
339 446
339 447
339 448
339 454
339 461
339 462
339 464
339 530
339 543
340 347
341 344
341 345
341 351
341 352
341 353
341 354
341 355
341 356
341 357
341 362
341 364
341 365
341 375
341 428
341 430
341 432
341 434
341 437
341 440
341 441
341 444
341 446
341 447
341 448
341 461
341 462
342 343
342 346
342 347
343 346
343 347
344 345
344 348
344 349
344 351
344 353
344 354
344 355
344 356
344 357
344 359
344 364
344 373
344 375
344 412
344 413
344 421
344 423
344 428
344 430
344 431
344 432
344 434
344 435
344 437
344 447
344 461
344 462
345 349
345 351
345 352
345 353
345 354
345 355
345 356
345 357
345 358
345 362
345 363
345 364
345 365
345 375
345 428
345 430
345 432
345 434
345 437
345 438
345 440
345 441
345 444
345 446
345 447
345 448
345 461
345 462
346 347
346 349
347 349
347 352
348 413
349 351
349 352
349 353
349 354
349 355
349 356
349 357
349 414
349 447
350 355
351 353
351 354
351 356
351 358
351 359
351 364
351 365
351 372
351 375
351 412
351 414
351 418
351 421
351 422
351 423
351 426
351 430
351 432
351 434
351 437
351 438
351 439
351 440
351 444
351 445
351 447
351 448
351 461
351 462
352 354
352 355
353 354
353 356
353 358
353 359
353 364
353 375
353 412
353 414
353 421
353 426
353 428
353 430
353 432
353 434
353 437
353 440
353 447
353 462
354 355
354 356
354 357
354 358
354 362
354 363
354 364
354 375
354 414
354 428
354 430
354 432
354 434
354 437
354 440
354 441
354 446
354 448
354 461
354 462
355 356
355 357
355 430
355 434
356 357
356 358
356 362
356 364
356 365
356 372
356 375
356 428
356 430
356 432
356 434
356 437
356 438
356 440
356 441
356 444
356 446
356 447
356 448
356 461
356 462
357 364
357 418
357 430
357 434
357 437
357 446
357 448
357 454
357 461
357 462
357 515
358 359
358 360
358 361
358 362
358 363
358 372
358 414
358 434
358 440
359 361
359 414
359 440
359 447
360 361
360 362
360 363
361 362
361 363
361 414
362 363
362 440
362 444
362 446
363 414
363 440
364 365
364 367
364 368
364 370
364 372
364 375
364 376
364 382
364 412
364 418
364 421
364 422
364 423
364 428
364 430
364 431
364 432
364 434
364 435
364 437
364 438
364 440
364 441
364 446
364 447
364 448
364 461
364 462
364 464
364 515
364 591
365 367
365 371
365 372
365 374
365 375
365 376
365 380
365 382
365 412
365 418
365 421
365 422
365 428
365 430
365 432
365 434
365 437
365 440
365 441
365 446
365 447
365 448
365 461
365 462
365 515
365 591
367 374
367 376
367 377
367 380
367 381
367 382
367 431
367 434
367 436
367 446
368 370
368 428
369 372
369 440
369 441
370 375
370 421
370 422
370 423
370 428
370 432
370 434
370 435
370 437
370 438
370 441
370 461
370 462
370 591
371 374
371 446
372 375
372 382
372 421
372 422
372 423
372 428
372 430
372 432
372 434
372 437
372 438
372 440
372 441
372 446
372 447
372 448
372 461
372 462
372 464
373 430
374 376
374 377
374 380
374 381
374 382
374 446
375 412
375 414
375 418
375 421
375 422
375 423
375 426
375 428
375 430
375 432
375 434
375 435
375 437
375 438
375 439
375 440
375 441
375 444
375 446
375 447
375 448
375 458
375 461
375 462
375 464
375 515
375 591
376 377
376 380
376 381
376 428
376 431
376 434
376 436
376 437
376 446
376 515
377 379
377 380
377 381
377 436
378 406
378 586
379 436
380 381
380 436
380 446
381 436
381 446
382 428
382 432
382 434
382 437
382 440
382 446
382 461
382 462
384 385
384 390
384 393
384 394
384 395
384 396
384 398
384 400
384 401
384 404
384 406
384 408
384 467
384 489
384 491
384 492
384 493
384 495
384 497
384 498
384 501
384 580
385 389
385 390
385 393
385 395
385 396
385 398
385 401
385 404
385 406
385 408
385 489
385 491
385 492
385 495
385 497
385 580
385 586
386 388
387 579
388 389
388 391
389 391
389 398
389 489
389 580
389 586
390 393
390 395
390 396
390 398
390 401
390 404
390 408
390 417
390 425
390 467
390 489
390 495
390 497
390 534
390 546
390 579
390 580
390 586
391 579
392 412
392 437
392 515
392 530
393 394
393 395
393 396
393 397
393 398
393 399
393 400
393 401
393 404
393 406
393 408
393 417
393 467
393 489
393 491
393 492
393 495
393 497
393 498
393 546
393 580
394 395
394 397
394 399
394 408
394 467
394 474
394 489
394 492
394 493
394 494
394 495
394 496
394 497
394 498
394 503
394 505
394 514
394 516
394 517
394 519
394 524
394 527
394 546
394 580
395 396
395 397
395 398
395 399
395 400
395 401
395 406
395 408
395 417
395 467
395 489
395 491
395 492
395 493
395 495
395 497
395 498
395 546
395 580
396 398
396 406
396 408
396 415
396 417
396 425
396 467
396 489
396 495
396 497
396 579
396 580
396 584
396 586
397 399
397 400
397 408
397 467
397 492
397 493
397 495
397 498
397 503
397 514
397 516
397 524
397 527
397 533
397 546
398 406
398 408
398 416
398 417
398 489
398 491
398 492
398 495
398 497
398 580
398 586
399 400
399 408
399 467
399 489
399 492
399 493
399 495
399 498
399 516
399 520
399 527
399 532
400 401
400 408
400 467
400 492
400 495
400 580
401 408
401 412
401 417
401 467
401 489
401 492
401 495
401 497
401 546
401 579
401 580
402 595
403 404
403 406
403 491
404 406
404 495
404 497
405 406
405 407
405 491
406 407
406 408
406 417
406 419
406 467
406 489
406 491
406 492
406 497
406 498
407 491
407 492
408 417
408 467
408 489
408 491
408 492
408 493
408 494
408 495
408 497
408 498
408 501
408 503
408 514
408 517
408 546
408 580
408 586
410 412
410 415
410 418
410 421
410 423
410 435
410 437
410 445
410 448
410 462
410 529
410 530
410 534
411 487
411 489
411 493
411 505
411 511
411 520
411 586
412 418
412 421
412 422
412 423
412 430
412 432
412 434
412 435
412 437
412 439
412 443
412 445
412 447
412 461
412 462
412 515
412 530
412 534
412 579
412 591
413 418
414 440
414 447
414 461
414 462
415 417
415 418
415 421
415 423
415 435
415 437
415 442
415 445
415 529
415 530
415 534
415 535
416 417
416 497
416 586
417 418
417 425
417 442
417 467
417 489
417 495
417 497
417 498
418 421
418 422
418 423
418 430
418 434
418 435
418 437
418 443
418 445
418 446
418 462
418 515
418 591
419 425
419 497
419 498
419 506
420 424
420 450
420 457
420 488
420 565
420 566
420 569
420 574
420 577
420 590
420 592
420 594
420 598
420 599
421 422
421 423
421 426
421 428
421 430
421 432
421 434
421 435
421 437
421 438
421 439
421 445
421 447
421 448
421 458
421 461
421 462
421 464
421 515
421 530
421 591
422 423
422 424
422 426
422 428
422 430
422 432
422 434
422 435
422 437
422 438
422 439
422 441
422 445
422 446
422 447
422 448
422 461
422 462
422 464
422 530
422 591
423 428
423 430
423 432
423 434
423 435
423 437
423 438
423 439
423 445
423 447
423 448
423 458
423 461
423 462
423 464
423 515
423 530
424 432
424 438
424 447
424 448
424 457
424 461
424 462
424 466
424 488
424 569
424 577
425 497
425 505
425 586
426 427
426 428
426 430
426 432
426 434
426 438
426 439
426 446
426 447
426 461
426 462
426 561
427 443
428 430
428 431
428 432
428 434
428 435
428 437
428 438
428 440
428 441
428 446
428 447
428 448
428 454
428 458
428 461
428 462
428 464
429 430
430 431
430 432
430 434
430 435
430 437
430 438
430 439
430 440
430 446
430 447
430 448
430 461
430 462
430 515
431 432
431 434
431 435
431 446
432 434
432 435
432 437
432 438
432 440
432 441
432 446
432 447
432 448
432 458
432 461
432 462
432 464
432 515
432 530
432 543
432 591
434 435
434 437
434 438
434 440
434 441
434 446
434 447
434 448
434 461
434 462
434 464
434 515
434 530
434 543
434 591
435 437
435 445
435 447
435 458
435 461
435 462
435 515
435 530
437 438
437 440
437 441
437 445
437 446
437 447
437 448
437 458
437 461
437 462
437 464
437 515
437 530
437 591
438 439
438 440
438 441
438 446
438 447
438 448
438 461
438 462
438 591
439 443
439 444
439 447
439 461
439 462
440 441
440 446
440 448
440 461
440 462
441 446
441 447
441 448
441 461
441 462
443 445
443 447
443 534
443 545
444 447
445 447
445 462
445 529
445 530
445 534
445 579
446 447
446 448
446 454
446 461
446 462
446 464
446 515
446 543
446 591
447 448
447 457
447 461
447 462
447 464
447 530
447 591
448 461
448 462
448 464
448 466
448 543
450 510
450 518
450 541
450 552
450 561
450 565
450 566
450 569
450 570
450 571
450 573
450 574
450 576
450 577
450 590
450 592
450 594
450 598
450 599
451 490
452 453
452 460
452 525
453 454
453 471
454 461
454 462
454 463
454 515
454 543
455 501
456 458
456 501
457 461
457 466
457 488
457 569
457 577
457 590
458 515
459 488
459 569
460 493
460 494
460 496
460 501
460 503
460 506
460 513
460 514
460 517
460 521
460 524
460 527
460 528
461 462
461 464
461 515
461 543
461 591
462 464
462 515
462 530
462 543
462 591
463 469
463 544
463 558
463 561
464 543
465 494
465 496
465 503
465 514
465 517
465 528
466 468
466 574
466 577
466 590
467 489
467 492
467 493
467 495
467 497
467 498
467 505
467 545
467 546
467 580
467 581
468 543
468 571
468 574
468 576
468 577
468 592
469 478
469 561
470 482
470 483
472 528
473 522
473 575
474 493
474 494
474 501
474 503
474 514
474 516
474 517
474 524
475 521
476 499
476 511
476 520
476 531
476 538
476 540
476 542
476 547
476 549
476 550
476 554
476 556
476 562
477 562
478 544
478 556
478 557
478 558
478 560
478 561
479 538
480 482
480 483
480 566
481 486
481 488
481 568
481 569
482 483
482 484
483 485
484 486
486 559
487 505
487 586
488 560
488 561
488 565
488 566
488 568
488 569
488 570
488 573
488 592
488 594
489 492
489 495
489 497
489 498
489 505
489 546
489 580
489 583
489 584
489 586
489 587
490 501
491 492
491 497
492 495
492 497
492 501
492 580
493 494
493 496
493 498
493 503
493 505
493 511
493 513
493 514
493 516
493 517
493 519
493 520
493 521
493 524
493 527
493 533
493 542
493 580
494 496
494 501
494 503
494 509
494 511
494 513
494 514
494 516
494 517
494 519
494 524
494 527
494 528
495 497
495 498
495 546
495 580
496 503
496 505
496 509
496 511
496 513
496 514
496 516
496 517
496 519
496 520
496 524
496 527
496 528
496 542
497 498
497 505
497 546
497 580
497 584
497 586
498 503
498 505
498 506
498 546
499 528
499 562
500 575
501 503
501 506
501 514
501 517
501 580
502 519
502 520
503 505
503 506
503 511
503 513
503 514
503 516
503 517
503 519
503 524
503 527
503 528
505 511
505 517
505 519
505 546
505 583
505 586
506 517
507 508
507 509
507 512
508 512
508 564
508 573
509 512
509 513
509 519
509 527
509 528
510 512
510 518
510 523
510 539
510 541
510 552
510 571
510 594
510 597
510 600
511 513
511 516
511 517
511 519
511 520
511 521
511 526
511 527
511 528
511 542
511 581
512 513
512 528
512 541
512 600
513 516
513 517
513 519
513 524
513 527
513 528
513 542
513 600
514 516
514 517
514 521
514 524
515 543
515 591
516 517
516 519
516 520
516 524
516 525
516 527
516 528
516 533
516 542
517 519
517 524
517 527
517 528
518 539
518 541
518 552
518 571
518 574
518 594
518 595
518 597
518 600
519 520
519 524
519 527
519 528
519 532
519 542
519 600
520 527
520 531
520 532
520 542
520 562
520 600
521 528
521 542
524 525
524 527
524 528
525 527
526 562
527 528
527 532
527 533
528 542
529 530
529 534
529 540
529 549
529 579
529 584
530 534
530 579
531 532
531 534
531 540
531 547
531 549
531 553
531 554
531 555
531 596
531 599
532 539
532 542
532 553
532 554
532 597
532 600
534 540
534 549
534 579
534 584
537 559
538 555
538 560
538 562
538 565
538 566
538 568
538 573
538 588
538 594
538 595
539 541
539 567
539 595
539 597
539 600
540 547
540 549
540 553
540 554
540 555
540 556
540 560
541 552
541 565
541 567
541 571
541 572
541 573
541 594
541 595
541 597
541 600
542 547
542 550
542 554
543 558
543 561
543 576
544 556
544 557
544 559
544 560
544 561
544 567
544 572
544 573
545 581
546 580
546 586
547 549
547 550
547 553
547 554
547 556
548 550
548 551
548 554
549 553
549 554
549 555
550 551
550 553
550 554
550 555
550 556
551 554
552 565
552 567
552 569
552 571
552 572
552 573
552 574
552 594
553 554
554 555
554 556
554 559
554 560
554 562
554 573
555 560
555 565
555 570
555 576
555 592
555 596
556 558
556 560
556 561
557 558
557 560
557 561
558 560
558 561
558 570
559 573
560 561
560 563
560 565
560 568
560 569
560 570
560 573
560 576
561 568
561 570
561 573
561 576
562 595
563 570
565 566
565 567
565 569
565 570
565 571
565 573
565 574
565 576
565 577
565 590
565 592
565 594
565 595
565 596
565 599
566 567
566 568
566 569
566 571
566 572
566 573
566 574
566 577
566 592
566 594
566 595
566 597
567 568
567 572
567 573
567 594
567 595
568 573
568 594
569 570
569 571
569 572
569 573
569 574
569 577
569 592
569 594
570 571
570 573
570 574
570 576
570 590
570 592
570 596
570 599
571 573
571 574
571 576
571 577
571 590
571 592
571 594
571 597
572 573
572 594
572 595
573 574
573 576
573 594
573 595
574 577
574 590
574 592
574 594
576 592
577 578
577 590
577 592
577 594
579 584
580 586
580 587
582 583
583 584
586 587
589 598
590 592
590 599
592 594
592 596
592 599
594 595
594 596
594 597
594 598
595 597
596 597
596 598
596 599
596 600
597 600
598 599
