600 7194

1 2
1 3
1 4
1 12
1 16
1 18
1 19
1 20
1 21
1 22
1 37
1 98
1 100
1 108
1 110
1 184
1 291
1 292
1 301
1 302
1 303
1 317
1 321
1 322
1 389
1 487
1 553
1 586
2 3
2 4
2 5
2 8
2 12
2 18
2 19
2 20
2 21
2 22
2 23
2 24
2 25
2 28
2 30
2 32
2 35
2 36
2 37
2 38
2 50
2 51
2 67
2 98
2 100
2 108
2 110
2 184
2 204
2 221
2 290
2 291
2 292
2 301
2 302
2 303
2 305
2 320
2 321
2 322
2 323
2 327
2 328
2 329
2 330
2 331
2 332
2 333
2 334
2 335
2 361
2 388
2 389
2 487
2 529
2 553
2 582
2 586
3 5
3 6
3 7
3 12
3 16
3 19
3 37
3 302
3 303
3 304
3 305
3 308
3 319
3 322
3 324
3 326
4 5
4 12
4 18
4 19
4 20
4 21
4 22
4 23
4 24
4 28
4 30
4 32
4 35
4 36
4 37
4 38
4 94
4 98
4 100
4 108
4 110
4 184
4 221
4 290
4 291
4 292
4 301
4 302
4 305
4 317
4 320
4 321
4 322
4 323
4 325
4 327
4 328
4 329
4 330
4 331
4 332
4 333
4 334
4 335
4 339
4 386
4 387
4 388
4 389
4 415
4 460
4 487
4 532
4 534
4 553
4 580
4 582
4 586
4 595
4 599
4 600
5 16
5 19
5 20
5 21
5 24
5 28
5 29
5 30
5 35
5 37
5 38
5 100
5 108
5 290
5 291
5 302
5 304
5 305
5 319
5 322
5 324
5 326
5 327
5 328
5 329
5 330
5 334
5 335
5 389
6 303
7 10
7 13
7 14
7 15
7 16
7 304
7 306
7 308
7 312
7 313
7 315
7 324
8 11
8 12
8 20
8 21
8 37
8 38
8 93
8 94
8 98
8 100
8 204
8 214
8 302
8 317
8 319
8 320
8 321
8 361
8 389
8 470
8 487
9 10
9 13
9 15
9 310
9 313
9 314
9 315
9 316
10 13
10 216
10 217
10 306
10 308
10 309
10 310
10 313
10 315
10 523
10 524
10 525
10 526
11 21
11 92
11 93
11 94
11 98
11 102
11 204
11 212
11 301
11 321
11 336
11 386
11 389
11 395
11 470
11 487
11 500
11 519
11 530
11 586
12 14
12 15
12 16
12 19
12 37
12 67
12 184
12 301
12 302
12 303
12 304
12 305
12 311
12 315
12 317
12 319
12 322
12 354
12 361
12 363
12 389
12 487
12 586
13 15
13 17
13 217
13 308
13 310
13 313
13 314
13 315
13 316
14 15
14 16
14 17
14 304
14 308
14 312
14 318
15 16
15 17
15 307
15 308
15 310
15 313
15 314
15 315
15 316
15 318
16 19
16 302
16 303
16 304
16 305
16 307
16 308
16 312
16 315
16 317
16 319
16 324
16 586
17 304
17 312
17 316
17 318
18 19
18 20
18 21
18 22
18 35
18 36
18 37
18 38
18 98
18 100
18 301
18 302
18 317
18 320
18 321
18 322
18 332
18 333
18 334
18 335
18 387
18 388
18 389
18 485
18 487
18 539
18 540
18 553
18 580
18 582
18 586
18 595
19 20
19 21
19 22
19 28
19 29
19 30
19 31
19 35
19 36
19 37
19 38
19 67
19 100
19 108
19 110
19 184
19 290
19 291
19 292
19 301
19 302
19 303
19 304
19 305
19 319
19 320
19 321
19 322
19 323
19 324
19 327
19 328
19 329
19 330
19 332
19 333
19 334
19 335
19 361
19 389
19 479
19 549
19 553
19 582
19 584
19 586
20 21
20 22
20 23
20 24
20 25
20 26
20 28
20 30
20 32
20 35
20 36
20 37
20 38
20 50
20 98
20 100
20 108
20 110
20 184
20 220
20 221
20 284
20 290
20 292
20 302
20 320
20 321
20 322
20 323
20 325
20 327
20 328
20 329
20 330
20 331
20 332
20 333
20 334
20 335
20 336
20 351
20 387
20 388
20 389
20 487
20 529
20 530
20 534
20 536
20 549
20 553
20 582
20 586
21 22
21 24
21 32
21 35
21 36
21 37
21 38
21 93
21 94
21 98
21 100
21 108
21 110
21 184
21 221
21 292
21 302
21 305
21 320
21 321
21 322
21 327
21 329
21 330
21 333
21 334
21 335
21 336
21 388
21 389
21 395
21 479
21 487
21 530
21 553
21 582
21 586
22 23
22 25
22 28
22 32
22 35
22 36
22 37
22 38
22 100
22 108
22 110
22 145
22 221
22 292
22 301
22 302
22 305
22 320
22 321
22 322
22 323
22 325
22 327
22 329
22 332
22 333
22 335
22 372
22 386
22 387
22 388
22 389
22 460
22 487
22 529
22 530
22 532
22 534
22 553
22 582
22 586
23 25
23 26
23 27
23 28
23 30
23 31
23 36
23 220
23 221
23 294
23 322
23 323
23 327
23 328
23 329
23 330
23 331
23 332
23 335
23 351
23 352
23 360
23 361
23 529
23 553
23 582
24 25
24 26
24 27
24 28
24 29
24 30
24 32
24 35
24 36
24 37
24 38
24 221
24 305
24 320
24 321
24 323
24 324
24 326
24 327
24 328
24 329
24 330
24 331
24 332
24 333
24 334
24 335
24 388
24 389
24 530
25 28
25 30
25 31
25 32
25 35
25 36
25 38
25 221
25 284
25 292
25 321
25 323
25 327
25 328
25 329
25 330
25 332
25 333
25 335
25 529
25 582
25 584
26 27
26 28
26 29
26 30
26 31
26 32
26 35
26 36
26 38
26 207
26 220
26 221
26 284
26 320
26 323
26 327
26 328
26 329
26 330
26 331
26 332
26 333
26 334
26 335
26 530
26 553
26 582
27 28
27 29
27 30
27 31
27 32
27 35
27 36
27 38
27 220
27 284
27 320
27 323
27 327
27 328
27 329
27 330
27 331
27 332
27 333
27 334
27 335
27 553
28 29
28 30
28 31
28 32
28 35
28 36
28 37
28 38
28 221
28 290
28 292
28 302
28 305
28 320
28 322
28 323
28 324
28 327
28 328
28 329
28 330
28 331
28 332
28 333
28 334
28 335
28 389
28 529
28 553
28 582
29 30
29 31
29 32
29 35
29 36
29 38
29 108
29 206
29 220
29 221
29 290
29 304
29 305
29 322
29 323
29 324
29 326
29 327
29 328
29 329
29 330
29 332
29 334
29 335
30 31
30 32
30 33
30 35
30 36
30 38
30 100
30 206
30 220
30 221
30 284
30 290
30 292
30 302
30 320
30 322
30 323
30 327
30 328
30 329
30 330
30 331
30 332
30 333
30 334
30 335
30 387
30 530
30 540
30 553
30 582
30 583
30 584
31 32
31 33
31 35
31 36
31 284
31 285
31 290
31 291
31 292
31 297
31 322
31 323
31 325
31 327
31 328
31 329
31 330
31 331
31 332
31 333
31 368
31 488
31 549
31 553
31 567
31 568
31 579
31 582
31 583
31 584
31 585
31 586
32 35
32 36
32 37
32 38
32 100
32 206
32 221
32 284
32 292
32 302
32 320
32 321
32 322
32 323
32 327
32 328
32 329
32 330
32 331
32 332
32 333
32 334
32 335
32 387
32 388
32 389
32 530
32 540
32 553
32 582
32 584
32 591
33 34
33 236
33 237
33 238
33 239
33 285
33 286
33 287
33 328
33 330
33 332
33 489
33 535
33 540
33 547
33 548
33 549
33 551
33 554
33 579
33 583
33 584
33 585
33 594
34 148
34 153
34 236
34 238
34 244
34 250
34 285
34 286
34 287
34 299
34 462
34 489
34 521
34 538
34 547
34 551
34 558
34 584
34 585
35 36
35 37
35 38
35 98
35 100
35 108
35 110
35 206
35 220
35 221
35 284
35 290
35 292
35 302
35 305
35 320
35 321
35 322
35 323
35 327
35 328
35 329
35 330
35 331
35 332
35 333
35 334
35 335
35 387
35 388
35 389
35 505
35 517
35 529
35 530
35 540
35 549
35 553
35 580
35 582
35 584
35 595
36 37
36 38
36 50
36 98
36 100
36 108
36 110
36 184
36 209
36 220
36 221
36 225
36 284
36 290
36 292
36 302
36 305
36 320
36 321
36 322
36 323
36 325
36 327
36 328
36 329
36 330
36 331
36 332
36 333
36 334
36 335
36 336
36 351
36 352
36 360
36 361
36 386
36 387
36 388
36 389
36 397
36 487
36 488
36 529
36 530
36 534
36 549
36 553
36 582
36 583
36 584
36 586
37 38
37 93
37 94
37 98
37 100
37 108
37 110
37 184
37 292
37 301
37 302
37 305
37 317
37 320
37 321
37 322
37 327
37 329
37 332
37 333
37 334
37 335
37 387
37 388
37 389
37 395
37 487
37 530
37 553
37 580
38 94
38 98
38 100
38 108
38 110
38 184
38 220
38 221
38 284
38 290
38 292
38 302
38 305
38 320
38 321
38 322
38 323
38 327
38 328
38 329
38 330
38 331
38 332
38 333
38 334
38 335
38 336
38 387
38 388
38 389
38 395
38 397
38 487
38 529
38 530
38 553
38 580
38 582
39 42
39 44
39 68
39 69
39 75
39 79
39 82
39 83
39 86
39 87
39 88
39 89
39 112
39 113
39 115
39 126
39 128
39 129
39 130
39 131
39 132
39 134
39 136
39 137
39 138
39 139
39 140
39 150
39 155
39 158
39 159
39 337
39 338
39 340
39 341
39 342
39 357
39 367
39 371
39 373
39 376
39 377
39 378
39 379
39 380
39 381
39 403
39 405
39 406
39 409
39 422
39 428
39 430
39 431
39 436
39 446
39 451
39 456
40 149
41 60
41 69
41 70
41 71
41 73
41 79
41 80
41 81
41 83
41 85
41 86
41 89
41 91
41 338
41 339
41 342
41 374
41 377
41 378
41 382
41 405
42 44
42 45
42 46
42 47
42 48
42 54
42 55
42 56
42 68
42 69
42 75
42 87
42 112
42 115
42 116
42 117
42 118
42 126
42 129
42 137
42 139
42 149
42 150
42 340
42 341
42 347
42 350
42 357
42 379
42 407
42 409
42 410
42 423
42 437
42 442
42 446
42 448
43 296
44 45
44 46
44 47
44 48
44 54
44 55
44 56
44 57
44 58
44 60
44 61
44 63
44 65
44 68
44 69
44 70
44 73
44 75
44 79
44 82
44 83
44 115
44 116
44 117
44 118
44 124
44 126
44 129
44 137
44 138
44 139
44 140
44 149
44 150
44 158
44 293
44 340
44 341
44 347
44 357
44 371
44 373
44 407
44 409
44 418
44 423
44 428
44 430
44 434
44 437
44 442
44 446
44 448
44 456
45 46
45 47
45 48
45 54
45 55
45 56
45 58
45 60
46 48
46 54
46 56
46 58
46 75
47 48
47 54
47 55
47 56
47 58
47 60
47 63
47 69
47 116
47 117
47 118
47 129
47 139
47 149
47 150
47 293
47 341
47 350
47 357
47 446
47 453
48 49
48 54
48 55
48 56
48 57
48 58
48 60
48 61
48 65
48 68
48 75
48 82
48 87
48 115
48 116
48 117
48 118
48 124
48 126
48 129
48 137
48 139
48 140
48 149
48 150
48 267
48 341
48 347
48 357
48 380
48 407
48 418
48 437
48 446
48 448
49 57
49 58
49 83
49 84
49 87
49 124
49 140
49 380
49 405
49 446
50 51
50 108
50 335
50 345
50 348
50 351
50 352
50 353
50 361
50 529
50 536
50 544
51 59
51 62
51 198
51 202
51 214
51 345
51 351
51 352
51 353
51 354
51 360
51 361
51 544
52 57
52 63
52 65
52 109
52 114
52 115
52 116
52 119
52 120
52 123
52 124
52 131
52 140
52 141
52 155
52 190
52 191
52 210
52 350
52 357
52 399
52 416
52 425
52 440
52 453
52 492
53 60
53 64
53 71
53 77
53 143
53 145
53 294
53 372
53 375
53 420
53 443
53 531
53 538
53 551
53 591
54 56
54 58
54 60
54 117
54 118
55 56
55 57
55 60
55 63
55 64
55 65
55 69
55 70
55 75
55 82
55 116
55 117
55 118
55 120
55 121
55 128
55 129
55 131
55 137
55 138
55 139
55 145
55 150
55 155
55 293
55 341
55 350
55 357
55 373
55 375
55 401
55 409
55 410
55 411
55 412
55 413
55 418
55 440
55 442
55 443
55 445
55 446
55 447
55 453
55 454
56 60
56 75
56 112
56 117
56 118
56 129
56 130
56 139
56 379
57 58
57 63
57 65
57 68
57 84
57 115
57 116
57 117
57 124
57 126
57 128
57 129
57 137
57 140
57 141
57 150
57 155
57 267
57 341
57 347
57 350
57 357
57 407
57 418
57 425
57 437
57 446
57 448
57 453
57 456
58 60
58 61
58 66
58 116
58 124
58 137
58 140
58 149
58 150
58 293
58 341
58 357
58 358
58 418
58 446
58 448
58 466
59 62
59 67
59 352
59 360
59 361
59 362
60 63
60 64
60 68
60 69
60 70
60 71
60 73
60 77
60 81
60 118
60 128
60 129
60 137
60 138
60 139
60 145
60 341
60 357
60 358
60 359
60 373
60 374
60 375
60 428
60 430
60 431
60 434
60 440
60 443
60 445
60 447
60 450
60 453
60 454
60 510
61 66
61 72
61 345
61 354
61 356
61 363
62 67
62 122
62 351
62 352
62 360
62 361
62 362
62 567
63 64
63 65
63 115
63 116
63 117
63 120
63 121
63 124
63 128
63 129
63 131
63 140
63 141
63 150
63 155
63 341
63 350
63 357
63 358
63 373
63 401
63 412
63 424
63 440
63 442
63 446
63 453
64 119
64 120
64 121
64 123
64 131
64 145
64 190
64 208
64 210
64 358
64 373
64 375
64 399
64 401
64 412
64 413
64 414
64 416
64 417
64 440
64 443
64 445
64 447
64 450
64 453
64 510
64 512
64 513
64 514
64 534
65 68
65 79
65 82
65 115
65 116
65 117
65 124
65 126
65 128
65 129
65 131
65 134
65 137
65 138
65 140
65 141
65 150
65 155
65 267
65 341
65 350
65 357
65 411
65 430
65 437
65 440
65 442
65 446
65 453
65 454
66 67
66 293
66 356
66 359
66 362
66 363
67 108
67 184
67 290
67 291
67 301
67 302
67 317
67 319
67 322
67 351
67 352
67 360
67 361
67 362
67 363
67 389
67 487
67 579
67 586
67 596
68 69
68 70
68 71
68 74
68 75
68 79
68 81
68 82
68 83
68 112
68 116
68 117
68 126
68 128
68 129
68 131
68 132
68 133
68 134
68 137
68 138
68 139
68 140
68 150
68 155
68 158
68 162
68 186
68 341
68 357
68 366
68 367
68 371
68 373
68 404
68 409
68 428
68 430
68 431
68 434
68 437
68 443
68 446
68 450
68 456
68 462
69 70
69 71
69 72
69 73
69 74
69 77
69 79
69 81
69 85
69 112
69 126
69 128
69 129
69 131
69 133
69 134
69 135
69 137
69 138
69 140
69 191
69 210
69 294
69 350
69 364
69 366
69 367
69 369
69 371
69 373
69 374
69 375
69 420
69 422
69 428
69 430
69 431
69 433
69 434
69 436
69 440
69 442
69 443
69 445
69 450
69 453
69 454
69 510
70 71
70 72
70 73
70 74
70 75
70 76
70 77
70 78
70 79
70 81
70 82
70 116
70 127
70 128
70 129
70 131
70 135
70 137
70 138
70 139
70 145
70 210
70 293
70 341
70 356
70 366
70 368
70 369
70 370
70 371
70 372
70 373
70 375
70 386
70 420
70 421
70 422
70 428
70 430
70 431
70 434
70 436
70 440
70 442
70 443
70 447
70 450
70 453
70 454
70 510
70 512
70 541
70 599
70 600
71 72
71 74
71 76
71 77
71 79
71 81
71 129
71 133
71 210
71 294
71 297
71 364
71 365
71 366
71 370
71 373
71 375
71 386
71 420
71 422
71 428
71 429
71 430
71 434
71 439
71 450
71 510
72 74
72 77
72 79
72 82
72 127
72 294
72 356
72 366
72 368
72 370
72 375
72 421
73 79
73 80
73 81
73 83
73 85
73 124
73 134
73 137
73 293
73 339
73 341
73 374
73 418
73 428
73 430
73 431
73 440
74 75
74 76
74 77
74 78
74 79
74 82
74 112
74 127
74 128
74 129
74 131
74 366
74 367
74 369
74 370
74 371
74 373
74 375
74 420
74 421
74 422
74 443
74 450
74 451
74 462
74 512
74 539
75 79
75 82
75 83
75 87
75 117
75 129
75 139
75 158
75 341
75 371
75 407
75 409
75 421
75 422
75 430
75 446
76 77
76 127
76 128
76 297
76 300
76 364
76 370
76 420
76 450
76 539
76 589
76 595
76 596
76 597
76 598
76 599
76 600
77 82
77 99
77 127
77 128
77 129
77 145
77 366
77 370
77 371
77 372
77 375
77 387
77 420
77 421
77 422
77 443
77 447
77 450
77 591
77 595
77 599
78 79
78 82
78 129
78 131
78 366
78 367
78 369
78 370
78 371
78 375
78 420
78 422
78 462
79 80
79 81
79 82
79 83
79 84
79 86
79 89
79 112
79 126
79 128
79 129
79 131
79 132
79 134
79 135
79 137
79 138
79 139
79 140
79 158
79 338
79 357
79 367
79 371
79 373
79 376
79 377
79 378
79 379
79 380
79 422
79 428
79 430
79 431
79 446
80 84
80 86
80 89
80 91
80 140
80 150
80 338
80 340
80 341
80 347
80 350
80 357
80 377
80 378
80 380
80 381
80 382
80 407
80 446
81 84
81 99
81 133
81 294
81 339
81 374
81 434
81 541
81 590
81 591
81 593
81 600
82 83
82 128
82 129
82 139
82 371
82 422
82 446
83 86
83 87
83 88
83 89
83 91
83 115
83 129
83 158
83 159
83 337
83 338
83 340
83 341
83 342
83 357
83 377
83 378
83 380
83 381
83 382
83 403
83 405
83 406
83 422
83 430
83 446
83 456
84 86
84 87
84 115
84 124
84 126
84 380
85 140
85 141
85 338
85 350
86 87
86 88
86 89
86 91
86 337
86 338
86 342
86 377
86 378
86 380
86 381
86 382
86 403
86 405
87 88
87 89
87 91
87 113
87 115
87 117
87 126
87 130
87 136
87 160
87 337
87 338
87 357
87 377
87 378
87 380
87 381
87 403
87 405
87 406
87 446
87 456
87 458
87 491
88 89
88 91
88 130
88 337
88 338
88 342
88 377
88 378
88 380
88 381
88 382
88 403
88 405
88 406
89 91
89 337
89 338
89 342
89 377
89 378
89 380
89 381
89 382
89 403
89 405
89 422
90 191
91 337
91 338
91 342
91 377
91 378
91 380
91 381
91 382
91 405
92 93
92 187
92 205
92 465
92 500
92 503
92 516
93 94
93 98
93 102
93 104
93 187
93 192
93 193
93 204
93 207
93 301
93 317
93 321
93 384
93 389
93 393
93 395
93 402
93 487
93 495
93 500
93 519
94 95
94 96
94 100
94 102
94 103
94 104
94 105
94 106
94 110
94 187
94 188
94 189
94 192
94 193
94 196
94 204
94 209
94 211
94 212
94 221
94 222
94 273
94 274
94 301
94 302
94 317
94 320
94 321
94 336
94 389
94 392
94 393
94 395
94 402
94 460
94 487
94 495
94 500
94 519
94 530
94 532
94 533
94 553
94 586
95 96
95 103
95 105
95 106
95 109
95 123
95 154
95 189
95 193
95 196
95 199
95 208
95 209
95 210
95 212
95 213
95 222
95 223
95 224
95 273
95 384
95 385
95 392
95 393
95 394
95 399
95 400
95 416
95 417
95 494
95 496
95 497
95 503
95 533
96 97
96 99
96 193
96 208
96 209
96 210
96 212
96 221
96 263
96 325
96 336
96 386
96 387
96 392
96 393
96 394
96 402
96 494
96 496
96 502
96 513
96 530
96 533
96 534
96 541
96 553
96 595
97 99
97 128
97 208
97 210
97 336
97 376
97 386
97 394
97 399
97 419
97 421
97 423
97 450
97 501
97 533
97 541
97 595
98 110
98 184
98 204
98 301
98 302
98 320
98 321
98 322
98 325
98 333
98 335
98 336
98 386
98 387
98 388
98 389
98 402
98 469
98 487
98 530
98 553
98 580
98 595
99 128
99 145
99 325
99 376
99 386
99 387
99 420
99 421
99 450
99 532
99 534
99 541
99 553
99 591
99 595
99 597
99 599
99 600
100 108
100 110
100 221
100 225
100 283
100 290
100 292
100 302
100 320
100 321
100 322
100 325
100 327
100 328
100 329
100 330
100 333
100 334
100 335
100 336
100 387
100 388
100 389
100 395
100 479
100 481
100 483
100 487
100 488
100 530
100 532
100 553
100 582
100 583
100 586
101 103
101 227
102 103
102 104
102 106
102 180
102 189
102 192
102 196
102 469
103 104
103 105
103 106
103 122
103 154
103 189
103 192
103 196
103 200
103 212
103 213
103 214
103 222
103 223
103 224
103 245
103 273
103 395
103 533
104 105
104 106
104 122
104 187
104 188
104 189
104 192
104 193
104 196
104 200
104 211
104 212
104 214
104 215
104 221
104 222
104 223
104 224
104 245
104 273
104 274
104 393
104 395
104 495
105 106
105 109
105 111
105 154
105 189
105 192
105 193
105 196
105 210
105 212
105 214
105 221
105 222
105 223
105 224
105 393
105 394
105 395
105 397
105 399
105 416
105 417
105 496
105 497
105 503
105 533
106 154
106 189
106 192
106 196
106 213
106 222
106 223
106 224
106 273
106 392
106 393
106 533
107 246
108 110
108 184
108 220
108 221
108 243
108 290
108 291
108 292
108 302
108 305
108 319
108 320
108 321
108 322
108 327
108 329
108 330
108 332
108 333
108 334
108 335
108 351
108 360
108 361
108 388
108 389
108 395
108 487
108 529
108 549
108 553
108 586
109 111
109 114
109 116
109 119
109 120
109 131
109 141
109 154
109 190
109 191
109 193
109 194
109 210
109 350
109 394
109 396
109 398
109 399
109 401
109 408
109 410
109 413
109 416
109 417
109 419
109 435
109 445
109 451
109 453
109 454
109 461
109 490
109 492
109 494
109 496
109 501
109 510
109 514
109 533
110 184
110 221
110 292
110 302
110 320
110 321
110 322
110 329
110 333
110 334
110 335
110 388
110 389
110 395
110 397
110 487
110 516
110 530
110 549
110 553
110 586
111 120
111 154
111 192
111 193
111 210
111 385
111 393
111 394
111 397
111 398
111 399
111 400
111 408
111 416
111 494
111 496
112 113
112 114
112 115
112 116
112 117
112 126
112 127
112 128
112 129
112 130
112 131
112 132
112 134
112 137
112 191
112 357
112 364
112 367
112 371
112 373
112 379
112 396
112 404
112 406
112 409
112 411
112 423
112 424
112 425
112 428
112 430
112 434
112 446
112 450
112 451
112 456
112 491
112 510
113 114
113 115
113 126
113 130
113 131
113 136
113 137
113 141
113 191
113 357
113 367
113 379
113 406
113 407
113 408
113 410
113 411
113 423
113 432
113 446
113 451
113 456
113 490
113 491
113 492
114 115
114 120
114 126
114 130
114 131
114 137
114 141
114 190
114 191
114 194
114 210
114 350
114 367
114 396
114 398
114 404
114 406
114 408
114 409
114 410
114 411
114 425
114 432
114 435
114 451
114 454
114 461
114 490
114 491
114 492
114 514
115 116
115 117
115 118
115 120
115 124
115 126
115 129
115 130
115 131
115 134
115 136
115 137
115 138
115 139
115 140
115 141
115 150
115 160
115 191
115 341
115 350
115 357
115 380
115 406
115 407
115 409
115 410
115 411
115 423
115 430
115 432
115 442
115 446
115 456
115 458
115 491
115 492
116 117
116 120
116 124
116 126
116 128
116 129
116 131
116 137
116 138
116 139
116 140
116 149
116 150
116 155
116 191
116 194
116 341
116 347
116 350
116 357
116 371
116 373
116 407
116 409
116 410
116 411
116 418
116 425
116 428
116 430
116 434
116 435
116 437
116 440
116 442
116 446
116 448
116 453
116 454
116 456
116 492
117 118
117 120
117 124
117 126
117 129
117 137
117 139
117 150
117 155
117 191
117 341
117 347
117 350
117 357
117 407
117 409
117 410
117 411
117 437
117 442
117 446
117 448
117 453
117 456
118 120
118 129
118 350
118 410
118 411
118 446
119 120
119 121
119 123
119 145
119 208
119 222
119 223
119 224
119 225
119 245
119 246
119 399
119 412
119 413
119 416
119 417
119 534
120 121
120 126
120 129
120 131
120 141
120 190
120 191
120 210
120 350
120 357
120 394
120 396
120 398
120 399
120 401
120 407
120 408
120 409
120 410
120 411
120 412
120 413
120 416
120 417
120 442
120 446
120 451
120 453
120 454
120 490
120 492
120 510
120 514
121 131
121 156
121 190
121 350
121 396
121 399
121 401
121 409
121 410
121 411
121 412
121 413
121 414
121 453
121 510
122 125
122 154
122 189
122 192
122 195
122 196
122 199
122 200
122 211
122 212
122 213
122 214
122 215
122 219
122 222
122 224
122 245
122 273
122 274
122 281
122 306
123 125
123 154
123 157
123 190
123 196
123 199
123 208
123 222
123 223
123 224
123 225
123 245
123 399
123 416
123 417
123 440
123 497
123 520
124 126
124 140
124 150
124 341
124 347
124 350
124 357
124 418
124 446
124 448
124 453
124 456
125 154
125 157
125 161
125 192
125 195
125 196
125 199
125 212
125 214
125 222
125 223
125 224
125 233
125 273
125 391
125 467
125 503
125 520
125 533
126 128
126 129
126 130
126 131
126 132
126 134
126 137
126 138
126 139
126 140
126 150
126 191
126 341
126 350
126 357
126 367
126 373
126 376
126 379
126 406
126 407
126 409
126 410
126 423
126 424
126 425
126 428
126 430
126 431
126 432
126 434
126 435
126 442
126 446
126 453
126 454
126 455
126 456
126 461
127 128
127 129
127 146
127 366
127 375
127 386
127 387
127 420
127 421
127 450
127 539
127 541
127 588
127 595
127 599
127 600
128 129
128 131
128 145
128 262
128 341
128 357
128 371
128 373
128 375
128 376
128 420
128 421
128 422
128 424
128 430
128 434
128 443
128 446
128 450
128 510
128 539
128 541
128 597
128 599
128 600
129 131
129 134
129 137
129 138
129 139
129 150
129 341
129 350
129 357
129 371
129 373
129 375
129 379
129 396
129 407
129 409
129 410
129 411
129 420
129 421
129 422
129 423
129 424
129 428
129 430
129 434
129 436
129 440
129 442
129 443
129 446
129 450
129 451
129 454
129 456
129 510
129 600
130 337
130 367
130 379
130 380
130 403
130 404
130 406
130 423
130 456
130 491
131 134
131 137
131 138
131 139
131 140
131 141
131 150
131 155
131 156
131 190
131 191
131 208
131 210
131 350
131 357
131 367
131 371
131 373
131 375
131 394
131 396
131 398
131 399
131 401
131 407
131 408
131 409
131 410
131 411
131 412
131 413
131 414
131 416
131 417
131 419
131 422
131 423
131 424
131 425
131 428
131 430
131 431
131 435
131 436
131 440
131 442
131 443
131 445
131 446
131 447
131 450
131 451
131 453
131 454
131 490
131 510
131 512
131 514
132 134
132 137
132 158
132 160
132 186
132 253
132 426
132 428
132 430
132 434
132 437
132 455
132 456
132 462
133 294
133 364
133 366
133 373
133 420
133 428
133 430
133 434
133 443
133 450
134 137
134 138
134 139
134 140
134 141
134 150
134 155
134 158
134 190
134 341
134 350
134 357
134 367
134 371
134 373
134 428
134 429
134 430
134 431
134 433
134 434
134 436
134 440
134 442
134 443
134 445
134 446
134 447
134 454
134 456
135 137
135 210
135 367
135 369
135 430
135 501
136 138
136 149
136 150
136 156
136 159
136 161
136 337
136 340
136 341
136 380
136 381
136 405
136 432
136 437
136 446
136 456
136 458
137 138
137 139
137 140
137 141
137 149
137 150
137 155
137 158
137 191
137 341
137 350
137 357
137 367
137 371
137 373
137 409
137 425
137 428
137 430
137 431
137 432
137 434
137 435
137 436
137 437
137 440
137 442
137 443
137 445
137 446
137 447
137 453
137 454
137 455
137 456
137 461
137 501
138 139
138 140
138 150
138 155
138 158
138 159
138 162
138 341
138 350
138 357
138 367
138 371
138 373
138 428
138 430
138 431
138 432
138 434
138 435
138 436
138 437
138 440
138 442
138 443
138 445
138 446
138 447
138 453
138 454
138 456
138 467
139 140
139 149
139 150
139 158
139 341
139 357
139 371
139 373
139 379
139 407
139 423
139 428
139 430
139 431
139 432
139 434
139 436
139 440
139 442
139 443
139 446
139 447
139 456
139 462
140 141
140 149
140 150
140 152
140 155
140 341
140 347
140 350
140 357
140 373
140 380
140 430
140 431
140 434
140 437
140 440
140 446
140 448
141 155
141 156
141 157
141 190
141 350
141 357
141 383
141 396
141 399
141 417
141 425
141 431
141 435
141 440
141 442
141 445
141 446
141 453
141 454
141 461
141 490
141 492
141 514
142 225
143 246
143 344
143 452
144 441
145 225
145 323
145 358
145 366
145 372
145 375
145 412
145 416
145 418
145 440
145 443
145 445
145 447
145 450
145 453
145 510
145 534
145 541
145 591
146 596
146 597
146 600
147 571
148 152
148 153
148 156
148 161
148 162
148 232
148 233
148 250
148 253
148 254
148 275
148 437
148 462
148 464
148 521
148 543
148 544
149 150
149 156
149 340
149 341
149 344
149 347
149 350
149 357
149 430
149 431
149 437
149 440
149 442
149 446
149 456
150 155
150 159
150 267
150 340
150 341
150 347
150 350
150 357
150 407
150 409
150 418
150 430
150 437
150 440
150 442
150 446
150 448
150 453
151 198
151 272
152 232
152 267
153 232
153 233
153 234
153 236
153 238
153 244
153 248
153 250
153 271
153 272
153 285
153 286
153 489
153 517
153 521
153 545
153 547
153 552
153 585
154 157
154 163
154 189
154 192
154 193
154 196
154 197
154 199
154 212
154 214
154 215
154 219
154 222
154 223
154 224
154 273
154 274
154 416
154 417
154 438
154 496
154 497
154 501
154 503
154 520
154 533
155 156
155 157
155 267
155 341
155 350
155 357
155 373
155 407
155 409
155 410
155 411
155 430
155 437
155 440
155 442
155 446
155 453
155 454
156 157
156 190
156 350
156 440
156 442
157 161
157 164
157 224
157 350
157 417
157 442
157 453
157 461
157 467
157 515
157 520
157 545
158 159
158 186
158 341
158 371
158 373
158 428
158 430
158 431
158 436
158 437
158 440
158 442
158 455
158 456
159 160
159 161
159 341
159 377
159 430
159 437
159 446
159 456
159 458
160 277
160 380
160 456
160 458
160 575
160 576
161 163
161 199
161 233
161 467
162 232
162 253
162 367
162 371
162 437
162 462
163 197
163 199
163 211
163 219
163 233
163 234
163 254
163 273
163 274
163 281
163 286
163 515
163 578
164 214
165 166
165 167
165 168
165 170
165 171
165 471
165 475
165 476
165 478
165 479
166 167
166 168
166 170
166 171
166 172
166 247
166 471
166 475
166 476
166 477
166 478
166 479
166 556
166 557
166 560
167 168
167 247
167 475
168 170
168 172
168 247
168 471
168 475
168 476
168 478
168 556
169 261
169 264
169 295
169 300
169 589
169 597
170 172
170 180
170 230
170 247
170 282
170 471
170 475
170 476
170 477
170 478
170 479
170 556
171 475
171 479
172 234
172 247
172 248
172 250
172 252
172 282
172 283
172 475
172 476
172 478
172 479
172 556
172 557
172 560
172 561
173 321
174 470
175 176
175 177
175 178
175 179
175 180
175 181
175 288
175 289
175 480
175 481
175 482
175 484
175 486
176 177
176 178
176 179
176 183
176 249
176 259
176 325
176 365
176 484
176 566
176 567
177 178
177 179
177 180
177 181
177 182
177 183
177 288
177 289
177 480
177 481
177 482
177 483
177 484
177 485
177 486
177 487
177 488
177 566
177 567
177 586
178 179
178 180
178 183
178 255
178 257
178 283
178 288
178 476
178 480
178 481
178 482
178 483
178 484
178 486
178 488
178 538
178 566
178 567
178 581
179 180
179 182
179 183
179 256
179 288
179 289
179 298
179 483
179 484
179 486
179 487
179 566
179 586
180 181
180 288
180 289
180 484
180 486
181 480
181 483
181 485
182 209
182 289
182 385
182 415
182 487
182 507
182 519
183 283
183 288
183 289
183 290
183 325
183 476
183 477
183 479
183 481
183 483
183 484
183 486
183 488
183 538
183 556
183 558
183 560
183 566
183 567
183 583
183 585
183 586
184 301
184 302
184 317
184 321
184 322
184 389
184 483
184 487
184 586
185 257
185 426
185 488
185 517
185 568
186 253
186 367
186 427
186 428
186 434
186 437
186 543
187 188
187 192
187 207
187 395
187 500
187 509
188 189
188 192
188 200
188 207
188 228
188 239
188 265
188 280
188 384
188 402
188 509
189 192
189 195
189 196
189 197
189 200
189 211
189 212
189 213
189 214
189 215
189 219
189 222
189 223
189 224
189 230
189 239
189 245
189 273
189 274
189 392
189 395
189 495
190 208
190 210
190 350
190 373
190 394
190 396
190 398
190 399
190 401
190 408
190 409
190 410
190 411
190 412
190 413
190 416
190 417
190 419
190 422
190 424
190 435
190 436
190 439
190 440
190 442
190 445
190 451
190 454
190 490
190 494
190 496
190 497
190 510
190 512
190 514
191 194
191 210
191 350
191 394
191 396
191 398
191 408
191 410
191 425
191 428
191 434
191 453
191 454
191 492
191 501
192 193
192 195
192 196
192 197
192 200
192 209
192 211
192 212
192 214
192 215
192 221
192 222
192 223
192 224
192 245
192 273
192 274
192 393
192 395
192 460
192 495
192 503
192 532
192 533
193 204
193 209
193 210
193 212
193 214
193 222
193 384
193 393
193 394
193 460
193 494
193 495
193 496
193 503
193 519
193 532
193 533
194 210
194 398
194 408
194 492
195 196
195 199
195 200
195 211
195 212
195 213
195 215
195 222
195 223
195 224
195 228
195 233
195 234
195 240
195 244
195 245
195 273
195 274
195 498
195 520
195 545
196 197
196 199
196 211
196 212
196 213
196 214
196 215
196 218
196 219
196 222
196 223
196 224
196 230
196 245
196 251
196 273
196 274
196 417
196 497
196 503
196 520
197 211
197 213
197 214
197 215
197 218
197 219
197 222
197 230
197 273
197 274
197 280
197 281
197 497
197 515
197 527
198 200
198 202
198 203
198 216
198 219
198 272
198 280
198 281
198 457
199 200
199 209
199 211
199 212
199 222
199 224
199 281
199 417
199 496
199 497
199 503
199 520
200 202
200 213
200 215
200 219
200 273
200 274
200 281
201 277
201 296
202 214
204 214
204 321
204 389
204 487
204 519
204 553
205 227
205 537
206 207
206 229
206 260
206 265
206 290
206 331
206 508
206 517
206 518
206 528
206 540
206 551
206 564
207 211
207 219
207 239
207 265
207 274
207 280
207 402
207 516
207 518
207 528
208 209
208 210
208 262
208 375
208 394
208 396
208 399
208 401
208 412
208 416
208 417
208 419
208 435
208 439
208 440
208 445
208 450
208 494
208 496
208 510
208 512
208 513
208 514
208 534
208 541
209 211
209 212
209 222
209 231
209 265
209 325
209 372
209 391
209 392
209 394
209 460
209 493
209 494
209 495
209 496
209 512
209 513
209 519
209 520
209 533
210 364
210 365
210 373
210 375
210 394
210 396
210 398
210 399
210 401
210 408
210 413
210 416
210 417
210 425
210 429
210 435
210 436
210 445
210 447
210 450
210 451
210 490
210 494
210 496
210 501
210 510
210 512
210 513
210 514
210 533
211 212
211 213
211 215
211 219
211 222
211 223
211 230
211 231
211 239
211 245
211 265
211 273
211 274
211 280
211 395
211 460
211 493
211 495
211 551
212 214
212 215
212 221
212 222
212 223
212 224
212 273
212 274
212 280
212 392
212 393
212 395
212 460
212 494
212 495
212 496
212 497
212 503
212 519
212 520
212 533
213 215
213 219
213 223
213 224
213 228
213 230
213 233
213 234
213 236
213 239
213 240
213 243
213 248
213 273
213 274
213 282
213 391
213 392
213 489
213 511
213 518
214 215
214 219
214 223
214 224
214 273
215 219
215 222
215 230
215 239
215 273
215 274
215 280
215 281
215 516
216 217
216 276
216 278
216 457
216 458
216 522
216 523
216 524
216 525
216 526
217 251
217 276
217 278
217 310
217 313
217 457
217 522
217 523
217 524
217 525
217 526
217 562
218 224
218 233
218 234
218 251
218 273
218 515
218 520
218 545
219 239
219 240
219 273
219 274
219 280
219 281
219 516
220 221
220 225
220 226
220 239
220 243
220 284
220 287
220 323
220 328
220 329
220 330
220 332
220 333
220 334
220 335
220 352
220 529
220 535
220 548
220 549
220 551
220 553
220 555
220 584
221 222
221 223
221 225
221 245
221 246
221 284
221 290
221 302
221 320
221 321
221 322
221 323
221 325
221 327
221 328
221 329
221 330
221 331
221 332
221 333
221 334
221 335
221 336
221 388
221 389
221 395
221 397
221 529
221 530
221 532
221 533
221 534
221 553
221 582
221 583
222 223
222 224
222 225
222 230
222 244
222 245
222 273
222 274
222 417
222 460
222 493
222 495
222 496
222 497
222 503
222 515
222 520
222 532
222 533
222 546
222 551
222 553
223 224
223 245
223 273
223 391
223 392
223 397
223 417
223 520
223 533
224 225
224 233
224 245
224 273
224 391
224 416
224 417
224 497
224 520
224 533
225 244
225 245
225 246
225 348
225 416
225 445
225 533
225 534
226 239
226 243
226 244
226 287
226 535
226 555
227 242
227 284
227 344
227 346
227 537
228 240
228 243
228 260
228 263
228 265
228 282
228 295
228 531
229 231
229 259
229 260
229 261
229 265
229 268
229 271
229 295
229 508
229 509
229 518
229 531
229 540
229 542
229 554
229 564
229 565
229 579
230 231
230 234
230 239
230 273
230 283
230 391
230 392
230 395
230 477
230 489
230 493
230 495
230 511
230 518
231 265
231 271
231 274
231 493
231 508
231 511
231 518
231 531
231 542
231 564
232 233
232 234
232 236
232 238
232 241
232 242
232 244
232 250
232 252
232 253
232 254
232 275
232 344
232 462
232 463
232 521
232 544
232 545
232 552
232 561
232 563
233 234
233 238
233 240
233 241
233 242
233 244
233 248
233 250
233 252
233 254
233 273
233 285
233 286
233 391
233 463
233 520
233 521
233 544
233 545
233 547
233 551
233 558
234 236
234 238
234 240
234 241
234 244
234 248
234 250
234 252
234 254
234 282
234 285
234 286
234 391
234 463
234 489
234 511
234 521
234 538
234 544
234 545
234 547
234 551
234 556
234 557
234 558
234 564
234 585
235 236
235 239
235 241
235 286
235 547
235 548
235 551
236 237
236 238
236 239
236 240
236 241
236 247
236 248
236 250
236 252
236 279
236 282
236 285
236 286
236 489
236 538
236 547
236 548
236 551
236 585
237 238
237 239
237 240
237 243
237 282
237 286
237 287
237 328
237 516
237 528
237 535
237 547
237 548
237 549
237 551
237 554
237 584
237 594
238 239
238 240
238 241
238 243
238 247
238 248
238 250
238 252
238 268
238 279
238 282
238 285
238 286
238 287
238 528
238 536
238 538
238 544
238 547
238 548
238 549
238 551
238 554
238 561
238 573
238 584
238 594
239 240
239 241
239 243
239 273
239 274
239 286
239 287
239 395
239 516
239 528
239 535
239 546
239 547
239 548
239 549
239 551
239 555
240 242
240 243
240 247
240 248
240 252
240 268
240 273
240 282
240 286
240 528
240 547
240 548
240 549
240 554
241 242
241 244
241 248
241 250
241 252
241 286
241 287
241 348
241 441
241 452
241 463
241 544
241 545
241 547
241 551
241 552
241 555
241 557
241 558
241 585
242 344
243 261
243 265
243 268
243 287
243 528
243 531
243 547
243 548
243 549
243 551
243 554
243 555
244 246
244 250
244 285
244 286
244 287
244 348
244 463
244 467
244 521
244 531
244 538
244 545
244 547
244 551
244 555
244 557
244 558
244 583
244 584
244 585
245 246
245 273
245 532
245 534
246 397
246 534
247 248
247 250
247 252
247 266
247 282
247 476
247 477
247 478
247 479
247 547
247 556
247 557
247 560
248 250
248 252
248 266
248 282
248 286
248 476
248 479
248 538
248 547
248 548
248 552
248 556
248 557
248 558
248 560
248 561
248 585
249 365
249 420
249 477
249 489
250 252
250 253
250 266
250 286
250 521
250 538
250 544
250 547
250 548
250 551
250 552
250 556
250 557
250 558
250 560
250 561
250 563
250 585
252 266
252 282
252 286
252 547
252 548
252 556
252 557
252 560
252 561
252 570
252 585
253 275
253 449
253 462
253 464
253 521
253 543
253 544
253 552
253 558
253 561
253 563
253 573
254 271
254 463
254 521
254 544
255 256
255 257
255 268
255 528
255 565
255 570
255 573
255 581
256 261
256 298
256 387
256 517
256 540
256 565
256 566
256 579
256 581
256 594
256 595
256 598
257 258
257 488
257 538
257 566
257 567
257 568
257 579
257 594
258 259
258 260
258 298
258 488
258 538
258 579
258 589
258 591
259 260
259 261
259 271
259 294
259 295
259 297
259 508
259 517
259 531
259 538
259 540
259 542
259 564
259 565
259 566
259 579
259 589
259 590
259 591
259 594
260 298
260 517
260 531
260 538
260 540
260 551
260 555
260 564
260 589
260 591
260 594
261 295
261 300
261 387
261 505
261 540
261 565
261 579
261 589
261 592
261 594
261 595
261 596
261 597
262 263
262 298
262 299
262 300
262 589
263 265
263 298
263 300
263 387
263 505
263 541
263 553
264 295
264 298
264 300
264 595
264 597
264 600
265 274
265 280
265 295
265 493
265 531
266 267
266 282
266 560
267 437
267 446
268 269
268 270
268 271
268 272
268 279
268 282
268 528
268 565
268 569
268 570
268 572
268 573
268 581
268 594
269 270
269 271
269 272
269 275
269 277
269 279
269 296
269 522
269 569
269 570
269 572
269 573
269 575
269 576
269 594
270 271
270 272
270 509
270 565
270 570
270 572
270 573
271 272
271 282
271 508
271 518
271 542
271 555
271 561
271 564
271 565
271 573
272 279
272 296
273 274
273 280
273 281
273 392
273 495
273 497
273 503
273 520
273 527
274 280
274 281
274 493
274 495
274 527
275 277
275 278
275 279
275 455
275 457
275 459
275 468
275 522
275 575
275 576
275 577
276 277
276 278
276 279
276 457
276 458
276 522
276 523
276 524
276 525
276 526
276 575
276 576
276 577
277 278
277 455
277 457
277 458
277 522
277 523
277 525
277 526
277 575
277 576
278 457
278 522
278 523
278 524
278 525
278 526
278 575
278 577
279 281
279 522
279 548
279 575
279 576
279 577
280 281
280 524
281 578
282 286
282 489
282 511
282 547
282 556
282 560
282 561
282 570
282 581
283 480
283 481
283 483
283 486
283 489
283 511
283 538
283 559
283 566
283 567
283 581
284 287
284 320
284 321
284 328
284 329
284 330
284 331
284 332
284 333
284 334
284 335
284 470
284 530
284 536
284 548
285 286
285 287
285 291
285 368
285 489
285 547
285 558
285 567
285 583
285 584
285 585
286 287
286 368
286 489
286 511
286 535
286 546
286 547
286 551
286 584
286 585
286 587
287 291
287 328
287 330
287 351
287 368
287 529
287 535
287 536
287 547
287 548
287 549
287 551
287 555
287 584
288 289
288 481
288 484
288 486
288 558
289 290
289 291
289 415
289 481
289 483
289 484
289 486
289 487
289 586
290 291
290 292
290 302
290 321
290 322
290 323
290 325
290 327
290 328
290 329
290 330
290 331
290 332
290 335
290 351
290 361
290 363
290 389
290 487
290 538
290 549
290 551
290 553
290 584
290 586
291 292
291 301
291 302
291 305
291 322
291 327
291 330
291 551
291 558
291 582
291 583
291 584
291 585
291 586
291 587
292 301
292 302
292 320
292 321
292 322
292 327
292 331
292 332
292 333
292 354
292 363
292 387
292 389
292 487
292 540
292 549
292 553
292 579
292 582
292 583
292 584
292 586
294 297
294 364
294 366
294 420
294 426
294 427
294 538
294 552
294 588
294 589
294 590
294 591
295 296
295 298
295 300
295 565
296 299
297 364
297 387
297 420
297 540
297 579
297 588
297 594
297 595
297 598
297 600
298 299
298 300
298 387
298 483
298 488
298 566
298 579
298 589
298 595
298 596
298 597
299 300
299 596
300 387
300 579
300 589
300 595
300 596
300 598
300 600
301 302
301 303
301 305
301 317
301 322
301 386
301 389
301 487
301 532
301 580
301 586
302 303
302 304
302 305
302 317
302 320
302 321
302 322
302 323
302 324
302 327
302 328
302 329
302 330
302 332
302 335
302 387
302 388
302 389
302 415
302 487
302 532
302 553
302 580
302 582
302 586
302 599
303 304
303 305
303 307
303 308
303 315
303 317
303 319
303 361
304 305
304 306
304 308
304 312
304 318
304 319
304 322
304 324
305 322
305 323
305 324
305 326
305 327
305 328
305 329
305 330
305 389
305 532
305 553
306 308
306 309
307 315
308 312
308 313
308 315
308 316
308 318
308 324
310 313
310 314
310 315
310 316
311 354
311 356
312 318
313 314
313 315
313 316
314 315
314 316
315 316
315 317
316 318
317 319
317 322
317 389
317 487
317 580
317 586
317 596
319 361
320 321
320 322
320 323
320 327
320 328
320 329
320 330
320 331
320 332
320 333
320 334
320 335
320 336
320 387
320 388
320 389
320 395
320 397
320 487
320 530
320 553
320 580
320 582
321 322
321 328
321 329
321 330
321 331
321 332
321 333
321 334
321 335
321 336
321 387
321 388
321 389
321 395
321 397
321 460
321 479
321 487
321 516
321 518
321 519
321 529
321 530
321 536
321 549
321 553
321 586
322 323
322 325
322 327
322 328
322 329
322 330
322 331
322 332
322 333
322 334
322 335
322 339
322 386
322 387
322 388
322 389
322 415
322 487
322 529
322 530
322 532
322 534
322 553
322 580
322 582
322 586
322 595
322 599
323 325
323 327
323 328
323 329
323 330
323 331
323 332
323 333
323 335
323 345
323 386
323 529
323 534
323 553
324 326
325 330
325 332
325 335
325 336
325 365
325 372
325 386
325 387
325 389
325 415
325 420
325 487
325 530
325 533
325 534
325 553
325 582
325 583
325 586
325 598
326 329
327 328
327 329
327 330
327 331
327 332
327 333
327 334
327 335
327 389
327 553
327 582
327 583
327 586
328 329
328 330
328 331
328 332
328 333
328 334
328 335
328 351
328 529
328 530
328 549
328 553
328 567
328 582
328 583
328 584
329 330
329 331
329 332
329 333
329 334
329 335
329 388
329 389
329 529
329 530
329 553
329 582
330 331
330 332
330 333
330 334
330 335
330 351
330 352
330 361
330 395
330 488
330 529
330 530
330 549
330 553
330 567
330 582
330 583
330 584
330 586
331 332
331 333
331 334
331 335
331 387
331 388
331 389
331 530
331 540
331 549
331 553
331 582
331 584
332 333
332 334
332 335
332 386
332 387
332 388
332 389
332 529
332 530
332 535
332 549
332 553
332 582
332 583
332 584
333 334
333 335
333 336
333 387
333 388
333 389
333 529
333 530
333 553
333 582
334 335
334 388
334 389
334 530
334 553
334 582
335 336
335 388
335 389
335 395
335 397
335 529
335 530
335 534
335 549
335 553
335 582
336 386
336 388
336 389
336 391
336 392
336 393
336 395
336 397
336 402
336 460
336 477
336 495
336 530
336 533
336 534
336 553
337 338
337 340
337 342
337 377
337 378
337 379
337 380
337 381
337 382
337 403
337 405
337 406
337 422
337 446
337 458
337 491
338 342
338 377
338 378
338 380
338 381
338 382
338 403
338 405
339 363
339 374
339 505
339 595
339 600
340 341
340 342
340 343
340 347
340 349
340 380
340 381
340 403
340 405
340 406
340 407
340 409
340 422
340 437
340 446
341 347
341 350
341 357
341 371
341 376
341 407
341 409
341 410
341 418
341 428
341 430
341 431
341 436
341 437
341 440
341 442
341 444
341 446
341 447
341 448
341 453
341 456
342 377
342 378
342 380
342 381
342 382
342 403
342 405
342 422
343 346
343 349
343 380
344 346
344 348
344 353
345 352
345 363
346 349
347 349
347 350
347 357
347 380
347 407
347 418
347 437
347 446
347 448
348 353
348 372
350 357
350 373
350 396
350 399
350 401
350 407
350 409
350 410
350 411
350 416
350 417
350 418
350 424
350 425
350 430
350 435
350 436
350 440
350 442
350 445
350 446
350 453
350 454
350 461
350 490
350 492
350 510
350 514
351 352
351 353
351 354
351 360
351 361
351 362
351 363
351 516
351 528
351 536
351 549
351 568
352 360
352 361
353 354
353 359
353 361
353 363
354 355
354 356
354 361
354 363
354 575
355 356
356 359
356 363
357 371
357 373
357 376
357 379
357 380
357 407
357 409
357 410
357 411
357 418
357 423
357 424
357 425
357 430
357 431
357 437
357 440
357 442
357 446
357 448
357 453
357 456
357 492
358 359
358 362
358 412
359 363
359 372
359 447
360 361
360 362
360 529
361 362
361 363
361 529
362 363
364 365
364 366
364 370
364 373
364 375
364 420
364 426
364 427
364 428
364 429
364 434
364 439
364 443
364 445
364 450
364 510
364 513
364 588
365 366
365 429
365 445
365 533
366 368
366 369
366 370
366 371
366 372
366 373
366 375
366 420
366 426
366 427
366 428
366 429
366 433
366 434
366 439
366 443
366 445
366 447
366 450
366 462
366 510
366 588
366 591
367 369
367 371
367 373
367 379
367 427
367 428
367 429
367 430
367 431
367 434
367 436
367 454
368 369
368 370
368 371
368 372
368 462
368 583
368 584
369 371
369 372
369 373
369 375
369 421
369 422
369 423
369 431
369 433
369 443
369 447
369 462
370 371
370 372
370 373
370 375
370 412
370 420
370 427
370 428
370 429
370 436
370 439
370 450
370 510
370 512
370 598
371 373
371 375
371 379
371 409
371 411
371 421
371 422
371 423
371 424
371 428
371 430
371 431
371 433
371 434
371 436
371 440
371 442
371 443
371 446
371 447
371 450
371 462
372 375
372 412
372 443
372 447
372 462
372 494
373 375
373 379
373 404
373 409
373 412
373 422
373 424
373 425
373 428
373 430
373 431
373 433
373 434
373 435
373 436
373 439
373 440
373 442
373 443
373 445
373 446
373 447
373 450
373 451
373 453
373 454
373 462
373 510
373 512
373 514
374 376
374 418
374 434
374 448
375 386
375 394
375 396
375 399
375 401
375 412
375 413
375 416
375 420
375 421
375 422
375 428
375 429
375 430
375 433
375 436
375 439
375 440
375 443
375 445
375 447
375 450
375 453
375 454
375 494
375 496
375 510
375 512
375 513
375 514
375 534
376 379
376 421
376 422
376 430
376 595
377 378
377 380
377 381
377 382
377 405
377 422
377 446
378 380
378 381
378 382
378 403
378 405
378 422
379 380
379 403
379 404
379 405
379 406
379 407
379 422
379 423
379 424
379 431
379 433
379 436
379 446
380 381
380 382
380 403
380 405
380 406
380 446
380 458
380 491
381 382
381 403
381 405
381 458
382 405
384 385
384 393
384 394
384 400
384 419
384 494
384 501
384 509
385 386
385 393
385 394
385 400
385 402
385 485
385 494
385 496
385 500
385 509
385 512
386 387
386 394
386 420
386 421
386 450
386 510
386 512
386 513
386 530
386 532
386 533
386 534
386 541
386 553
386 586
386 595
386 599
386 600
387 388
387 389
387 483
387 487
387 505
387 517
387 539
387 540
387 541
387 553
387 566
387 568
387 579
387 580
387 586
387 594
387 595
387 596
387 597
387 598
387 599
387 600
388 389
388 485
388 530
388 580
389 395
389 487
389 519
389 530
389 532
389 553
389 580
389 586
390 500
391 392
391 472
391 477
391 479
391 489
391 493
391 495
391 511
391 518
391 520
391 533
391 546
391 547
391 556
391 557
391 583
392 393
392 395
392 397
392 495
392 497
392 503
392 533
393 394
393 395
393 397
393 400
393 460
393 494
393 495
393 496
393 500
393 503
393 513
393 530
393 532
393 533
394 396
394 398
394 399
394 400
394 401
394 408
394 412
394 413
394 416
394 417
394 419
394 425
394 435
394 445
394 450
394 451
394 454
394 461
394 490
394 494
394 496
394 497
394 501
394 503
394 510
394 512
394 513
394 514
394 533
395 397
395 479
395 495
395 500
395 530
395 553
395 586
396 398
396 399
396 400
396 401
396 408
396 409
396 410
396 411
396 412
396 413
396 416
396 417
396 419
396 422
396 424
396 425
396 435
396 436
396 442
396 445
396 450
396 451
396 453
396 454
396 490
396 492
396 494
396 496
396 501
396 510
396 512
396 513
396 514
397 400
397 416
397 530
397 533
398 399
398 400
398 401
398 408
398 410
398 411
398 413
398 416
398 490
398 514
399 400
399 401
399 408
399 412
399 413
399 416
399 417
399 425
399 435
399 440
399 445
399 450
399 451
399 453
399 454
399 461
399 490
399 494
399 496
399 510
399 512
399 513
399 514
399 533
399 534
400 401
400 408
400 414
400 490
400 494
400 496
400 512
400 513
400 514
401 408
401 411
401 412
401 413
401 414
401 416
401 417
401 419
401 425
401 435
401 440
401 445
401 450
401 451
401 453
401 454
401 490
401 494
401 496
401 510
401 512
401 513
401 514
402 500
402 507
402 509
402 519
402 530
402 595
403 405
403 406
403 422
403 423
403 458
403 491
404 406
404 424
404 450
404 451
404 491
404 510
405 406
406 407
406 409
406 423
406 424
406 446
406 451
406 491
407 408
407 409
407 410
407 411
407 423
407 424
407 442
407 446
407 491
407 492
408 409
408 410
408 411
408 419
408 424
408 425
408 451
408 490
408 491
408 492
408 494
408 510
408 514
409 410
409 411
409 422
409 424
409 430
409 437
409 442
409 443
409 446
409 451
409 490
409 491
409 492
410 411
410 446
410 490
410 491
410 492
411 412
411 413
411 414
411 424
411 442
411 443
411 446
411 451
411 453
411 454
411 490
411 510
411 514
412 413
412 414
412 416
412 428
412 435
412 436
412 439
412 440
412 442
412 443
412 445
412 447
412 450
412 453
412 454
412 461
412 494
412 510
412 512
412 513
412 514
413 414
413 416
413 417
413 435
413 436
413 440
413 442
413 443
413 445
413 447
413 451
413 453
413 454
413 461
413 490
413 496
413 510
413 512
413 514
414 490
414 510
414 512
414 514
415 418
415 487
415 494
415 539
415 541
416 417
416 435
416 436
416 440
416 442
416 445
416 453
416 454
416 461
416 490
416 494
416 496
416 497
416 501
416 510
416 512
416 513
416 514
416 520
416 533
416 534
417 419
417 435
417 436
417 438
417 440
417 442
417 445
417 453
417 454
417 461
417 467
417 490
417 494
417 496
417 497
417 501
417 503
417 510
417 512
417 513
417 514
417 515
417 520
417 533
418 434
418 437
418 442
418 446
418 448
418 453
418 534
418 600
419 435
419 436
419 474
419 490
419 494
419 496
419 501
419 504
419 512
420 422
420 443
420 450
420 510
420 512
420 513
420 539
420 588
420 589
420 591
420 595
420 597
420 598
420 599
420 600
421 422
421 423
421 450
421 539
421 595
421 599
422 423
422 424
422 428
422 430
422 431
422 433
422 436
422 440
422 443
422 447
422 450
422 451
422 454
422 490
422 510
423 424
423 425
423 431
423 446
423 450
423 491
424 425
424 443
424 446
424 450
424 451
424 490
424 491
424 492
424 510
424 514
425 435
425 450
425 453
425 461
425 490
425 492
425 501
425 510
425 512
425 514
425 541
426 427
426 429
426 577
426 588
427 428
427 429
427 434
427 439
427 482
427 510
427 513
427 514
427 588
428 429
428 430
428 431
428 432
428 434
428 435
428 436
428 437
428 439
428 440
428 442
428 443
428 445
428 447
428 450
428 453
428 454
428 455
428 456
428 461
428 462
428 510
428 512
429 436
429 439
429 445
429 454
429 510
429 514
429 588
430 431
430 432
430 434
430 435
430 436
430 437
430 440
430 442
430 443
430 444
430 445
430 446
430 447
430 453
430 454
430 455
430 456
431 432
431 433
431 434
431 435
431 436
431 440
431 442
431 445
431 447
431 453
431 454
431 461
431 467
432 435
432 436
432 442
432 453
432 454
432 455
432 456
432 458
432 461
432 501
432 504
433 436
433 440
433 444
433 445
433 447
433 451
433 490
433 510
433 514
434 436
434 437
434 439
434 440
434 442
434 443
434 445
434 447
434 450
434 453
434 454
434 462
434 510
434 588
434 600
435 436
435 438
435 440
435 442
435 445
435 447
435 453
435 454
435 455
435 461
435 467
435 473
435 474
435 490
435 494
435 496
435 501
435 504
435 510
435 512
435 513
435 514
436 439
436 440
436 442
436 443
436 445
436 447
436 451
436 453
436 454
436 461
436 490
436 501
436 510
436 512
436 514
437 442
437 446
437 448
437 453
437 456
437 543
438 440
438 445
438 452
438 537
439 440
439 443
439 445
439 450
439 453
439 454
439 462
439 510
439 512
439 513
439 514
439 552
440 442
440 443
440 445
440 446
440 447
440 453
440 454
440 461
440 467
440 490
440 510
440 512
440 514
442 443
442 445
442 446
442 447
442 453
442 454
442 456
442 461
442 467
442 510
442 514
443 445
443 447
443 450
443 453
443 454
443 462
443 467
443 510
443 512
443 513
443 514
443 558
445 447
445 450
445 452
445 453
445 454
445 461
445 467
445 494
445 496
445 510
445 512
445 513
445 514
445 520
445 533
445 534
446 448
446 453
446 456
446 492
447 453
447 454
447 461
447 467
447 510
448 453
449 459
449 468
449 517
449 569
449 571
449 572
449 573
449 574
449 592
449 594
450 451
450 510
450 512
450 513
450 514
450 539
450 541
450 599
450 600
451 490
451 491
451 492
451 510
451 512
451 514
452 454
452 463
452 467
452 515
452 551
453 454
453 461
453 467
453 510
453 514
453 534
454 456
454 461
454 490
454 501
454 510
454 512
454 514
455 456
455 457
455 458
455 464
455 465
455 575
455 576
456 458
456 504
456 523
457 458
457 459
457 522
457 523
457 524
457 525
457 526
457 575
457 576
457 577
457 578
458 522
458 525
458 576
459 468
459 499
459 517
459 574
459 575
459 592
459 594
460 493
460 495
460 503
460 519
460 533
461 467
461 474
461 496
461 501
461 514
461 515
461 520
461 578
462 543
462 558
463 464
463 465
463 521
463 544
463 545
463 551
463 552
463 563
464 543
465 503
465 515
465 524
465 537
465 578
467 497
467 515
467 520
467 521
467 545
467 558
468 517
468 565
468 571
468 572
468 573
468 574
468 592
468 594
469 471
469 475
471 472
471 475
471 476
471 477
471 478
471 479
472 476
472 477
472 479
472 556
472 557
472 558
472 560
473 474
473 501
473 504
474 504
475 476
475 478
475 479
475 556
476 477
476 478
476 479
476 486
476 511
476 556
476 557
476 560
476 561
477 479
477 489
477 556
477 557
477 558
477 560
478 479
478 556
478 560
479 481
479 489
479 511
479 556
479 557
479 558
479 560
480 481
480 483
480 484
480 485
480 486
480 566
481 483
481 484
481 485
481 486
481 487
481 488
481 566
481 567
481 586
482 484
482 488
482 566
482 567
483 484
483 485
483 486
483 487
483 488
483 566
483 567
483 568
483 586
484 486
484 566
484 567
484 586
485 507
485 566
485 567
485 580
486 559
486 566
486 586
487 488
487 519
487 553
487 580
487 586
488 517
488 538
488 566
488 567
488 568
488 583
488 586
489 493
489 495
489 511
489 518
489 521
489 531
489 538
489 546
489 547
489 549
489 551
489 556
489 558
489 583
489 584
489 585
489 587
490 492
490 494
490 510
490 512
490 514
491 492
493 495
493 503
493 513
493 515
493 518
493 519
493 520
493 527
493 531
493 533
493 535
493 542
493 546
493 551
493 553
493 555
493 584
494 496
494 497
494 501
494 504
494 510
494 512
494 513
494 514
495 496
495 503
495 519
495 532
495 533
495 546
496 497
496 501
496 503
496 510
496 512
496 513
496 514
496 520
496 533
497 503
497 515
497 520
497 527
497 533
498 520
499 500
499 505
499 595
499 600
500 502
500 507
500 519
500 530
501 503
501 504
501 512
501 513
501 514
502 504
503 515
503 519
503 520
503 527
503 533
503 578
504 512
505 539
505 553
505 590
505 595
505 597
505 600
506 578
508 518
508 531
508 540
508 542
508 564
508 591
510 512
510 513
510 514
511 518
511 521
511 538
511 542
511 547
511 551
511 556
511 558
511 560
511 561
511 564
512 513
512 514
512 541
513 514
513 533
513 541
515 520
515 527
515 545
515 578
516 518
516 519
516 528
516 548
516 549
516 554
517 528
517 540
517 565
517 568
517 573
517 579
517 594
518 519
518 521
518 527
518 528
518 531
518 540
518 542
518 551
518 564
519 553
520 527
520 533
520 545
521 531
521 536
521 538
521 544
521 545
521 547
521 551
521 552
521 558
521 560
521 561
521 563
521 564
521 591
522 523
522 524
522 525
522 526
522 562
522 575
522 576
522 577
523 524
523 525
523 526
523 562
524 525
524 526
524 577
524 578
525 526
525 562
525 575
525 576
525 577
526 562
526 576
527 578
528 548
528 549
528 569
528 570
528 572
528 573
528 594
529 530
529 535
529 536
529 549
529 553
529 584
530 533
530 534
530 553
531 535
531 538
531 540
531 542
531 545
531 547
531 551
531 555
531 564
531 584
531 589
531 591
532 533
532 534
532 553
532 599
533 534
533 553
534 541
534 553
535 536
535 547
535 548
535 549
535 551
535 553
535 555
535 584
536 544
536 547
536 549
536 558
536 584
538 540
538 547
538 551
538 552
538 555
538 556
538 557
538 558
538 560
538 561
538 564
538 566
538 567
538 583
538 585
538 589
538 591
539 541
539 580
539 595
539 596
539 597
539 598
539 599
539 600
540 542
540 564
540 565
540 566
540 573
540 579
540 581
540 589
540 591
540 594
540 595
540 598
541 590
541 595
541 600
542 564
542 565
542 579
542 581
542 591
543 544
544 545
544 551
544 552
544 558
544 561
544 563
544 564
545 551
545 558
545 564
546 547
546 551
546 583
546 584
547 548
547 549
547 551
547 556
547 557
547 558
547 560
547 561
547 583
547 584
547 585
547 587
548 549
548 550
548 551
548 552
548 554
548 555
548 560
548 561
548 569
548 573
548 584
549 551
549 553
549 554
549 579
549 584
549 587
549 594
551 555
551 557
551 558
551 561
551 564
551 583
551 584
551 585
551 587
551 591
552 561
552 573
552 583
552 585
553 582
553 584
553 586
553 595
554 565
554 573
554 594
556 557
556 558
556 560
556 561
557 558
557 560
557 561
557 585
558 560
558 561
558 564
558 583
558 585
558 587
560 561
560 570
560 573
561 563
561 569
561 570
561 572
561 573
562 577
564 589
564 591
565 570
565 572
565 573
565 579
565 581
565 592
565 594
566 567
566 568
566 579
566 581
566 586
567 568
567 581
567 582
567 583
567 586
568 573
568 579
568 594
569 570
569 571
569 572
569 573
569 574
569 575
569 592
569 594
570 572
570 573
570 581
570 594
571 572
571 573
571 592
572 573
572 575
572 592
572 594
573 581
573 594
574 575
574 577
575 576
575 577
576 577
579 580
579 581
579 584
579 586
579 589
579 594
579 595
579 596
579 597
579 598
580 595
580 596
580 598
580 599
581 594
582 583
582 584
582 585
582 586
583 584
583 585
583 586
584 585
584 587
586 587
588 589
588 590
588 591
588 597
588 598
588 600
589 590
589 591
589 592
589 594
589 597
590 591
590 592
590 597
591 593
592 594
592 596
592 597
594 597
595 596
595 597
595 598
595 599
595 600
596 597
596 598
596 599
596 600
597 598
597 599
597 600
598 599
598 600
599 600
