600 7189

1 2
1 4
1 5
1 11
1 12
1 16
1 18
1 19
1 20
1 21
1 22
1 23
1 24
1 25
1 29
1 32
1 93
1 94
1 98
1 105
1 120
1 290
1 301
1 302
1 312
1 318
1 320
1 321
1 322
1 323
1 324
1 325
1 328
1 329
1 331
1 339
1 347
1 385
1 386
1 388
1 389
1 390
1 391
1 398
1 579
1 584
2 4
2 5
2 11
2 12
2 16
2 19
2 20
2 22
2 24
2 29
2 32
2 93
2 94
2 98
2 102
2 301
2 302
2 303
2 304
2 312
2 317
2 318
2 319
2 320
2 321
2 322
2 324
2 331
2 347
2 385
2 386
2 388
2 389
2 390
2 398
3 5
3 7
3 12
3 14
3 15
3 16
3 17
3 19
3 29
3 304
3 308
3 312
3 313
3 316
3 318
3 319
4 5
4 8
4 11
4 12
4 16
4 18
4 19
4 20
4 21
4 22
4 23
4 24
4 25
4 29
4 30
4 31
4 32
4 36
4 37
4 94
4 98
4 101
4 102
4 105
4 107
4 111
4 120
4 290
4 301
4 302
4 305
4 312
4 317
4 318
4 319
4 320
4 321
4 322
4 323
4 324
4 325
4 326
4 328
4 329
4 330
4 331
4 339
4 347
4 385
4 386
4 388
4 389
4 390
4 391
4 395
4 398
4 579
4 582
4 583
4 584
5 11
5 12
5 16
5 18
5 19
5 20
5 21
5 22
5 23
5 24
5 25
5 28
5 29
5 30
5 32
5 36
5 94
5 98
5 101
5 102
5 105
5 107
5 111
5 120
5 301
5 302
5 304
5 305
5 308
5 312
5 317
5 318
5 319
5 320
5 321
5 322
5 323
5 324
5 325
5 326
5 327
5 328
5 329
5 331
5 385
5 386
5 388
5 389
5 390
5 391
5 398
5 579
6 301
6 303
7 9
7 12
7 14
7 15
7 304
7 308
7 315
7 316
7 319
8 12
8 13
8 14
8 15
8 16
8 17
8 19
8 311
8 312
8 313
8 316
8 318
8 319
8 331
9 13
9 15
9 216
9 276
9 310
9 311
9 314
9 315
9 316
9 524
10 306
10 384
11 18
11 20
11 21
11 22
11 23
11 24
11 27
11 28
11 29
11 30
11 31
11 32
11 35
11 36
11 37
11 38
11 93
11 94
11 97
11 98
11 101
11 102
11 103
11 105
11 106
11 107
11 110
11 111
11 120
11 284
11 285
11 286
11 287
11 290
11 301
11 302
11 305
11 317
11 320
11 321
11 322
11 323
11 324
11 325
11 326
11 327
11 328
11 329
11 330
11 336
11 339
11 347
11 384
11 385
11 386
11 388
11 389
11 390
11 391
11 393
11 395
11 396
11 398
11 411
11 413
11 419
11 489
11 495
11 505
11 529
11 579
11 582
11 583
11 584
12 14
12 15
12 16
12 17
12 19
12 29
12 303
12 304
12 308
12 311
12 312
12 313
12 316
12 317
12 318
12 319
12 331
13 15
13 171
13 216
13 217
13 276
13 310
13 311
13 313
13 314
13 315
13 316
13 522
14 15
14 16
14 17
14 19
14 29
14 304
14 311
14 312
14 313
14 316
14 318
14 319
14 331
15 16
15 17
15 304
15 311
15 312
15 313
15 315
15 316
15 318
15 319
16 17
16 19
16 24
16 29
16 98
16 303
16 304
16 308
16 312
16 316
16 317
16 318
16 319
16 331
17 19
17 29
17 311
17 312
17 313
17 318
17 331
18 20
18 21
18 22
18 37
18 93
18 94
18 97
18 98
18 101
18 102
18 105
18 107
18 110
18 111
18 120
18 290
18 301
18 302
18 305
18 317
18 320
18 321
18 322
18 323
18 324
18 325
18 339
18 385
18 386
18 388
18 389
18 390
18 391
18 398
18 415
18 419
18 505
18 579
18 580
18 584
19 20
19 22
19 23
19 24
19 29
19 32
19 98
19 304
19 312
19 318
19 319
19 320
19 323
19 324
19 328
19 329
19 331
20 21
20 22
20 23
20 24
20 25
20 26
20 27
20 28
20 29
20 30
20 31
20 32
20 33
20 35
20 36
20 37
20 38
20 94
20 97
20 98
20 101
20 102
20 103
20 105
20 106
20 107
20 111
20 120
20 184
20 220
20 284
20 285
20 286
20 287
20 290
20 301
20 302
20 305
20 317
20 320
20 321
20 322
20 323
20 324
20 325
20 326
20 327
20 328
20 329
20 330
20 332
20 333
20 334
20 335
20 336
20 339
20 343
20 347
20 384
20 385
20 386
20 388
20 389
20 390
20 391
20 395
20 398
20 411
20 412
20 413
20 489
20 495
20 505
20 529
20 579
20 582
20 583
20 584
21 22
21 23
21 24
21 26
21 27
21 28
21 30
21 31
21 32
21 33
21 34
21 35
21 36
21 37
21 38
21 94
21 97
21 98
21 100
21 101
21 102
21 103
21 104
21 105
21 106
21 107
21 108
21 110
21 111
21 119
21 120
21 121
21 184
21 220
21 237
21 262
21 282
21 284
21 285
21 286
21 287
21 290
21 301
21 302
21 305
21 320
21 321
21 322
21 323
21 324
21 325
21 326
21 327
21 328
21 329
21 330
21 332
21 333
21 334
21 335
21 336
21 339
21 347
21 384
21 385
21 386
21 387
21 388
21 389
21 390
21 391
21 393
21 395
21 396
21 398
21 399
21 400
21 411
21 412
21 413
21 417
21 419
21 489
21 505
21 529
21 530
21 549
21 579
21 582
21 583
21 584
21 597
22 23
22 24
22 25
22 26
22 27
22 28
22 29
22 30
22 31
22 32
22 33
22 34
22 35
22 36
22 37
22 38
22 94
22 97
22 98
22 101
22 102
22 103
22 105
22 106
22 107
22 111
22 119
22 120
22 184
22 220
22 237
22 284
22 285
22 286
22 287
22 290
22 301
22 302
22 305
22 317
22 320
22 321
22 322
22 323
22 324
22 325
22 326
22 327
22 328
22 329
22 330
22 332
22 335
22 336
22 339
22 385
22 386
22 388
22 389
22 390
22 391
22 395
22 398
22 413
22 489
22 529
22 579
22 582
22 583
22 584
23 24
23 25
23 26
23 27
23 28
23 30
23 31
23 32
23 33
23 34
23 35
23 36
23 37
23 38
23 94
23 97
23 98
23 101
23 107
23 111
23 119
23 120
23 220
23 284
23 285
23 286
23 287
23 302
23 305
23 320
23 321
23 322
23 323
23 324
23 325
23 326
23 327
23 328
23 329
23 330
23 331
23 332
23 333
23 335
23 339
23 386
23 387
23 388
23 389
23 390
23 391
23 395
23 396
23 398
23 401
23 411
23 412
23 529
23 579
23 582
23 583
23 584
24 26
24 27
24 28
24 29
24 30
24 31
24 32
24 36
24 93
24 94
24 97
24 98
24 101
24 102
24 105
24 111
24 120
24 285
24 290
24 301
24 302
24 305
24 308
24 312
24 320
24 321
24 322
24 323
24 324
24 325
24 326
24 328
24 329
24 331
24 332
24 347
24 385
24 386
24 389
24 390
24 398
24 413
24 579
25 28
25 98
25 111
25 120
25 288
25 292
25 302
25 305
25 321
25 322
25 323
25 325
26 27
26 28
26 30
26 31
26 32
26 33
26 34
26 35
26 36
26 38
26 101
26 107
26 119
26 121
26 184
26 220
26 221
26 223
26 284
26 285
26 286
26 287
26 323
26 327
26 328
26 329
26 330
26 331
26 332
26 335
26 390
26 401
26 412
26 443
26 529
26 530
26 582
26 583
26 584
27 28
27 30
27 31
27 32
27 33
27 34
27 35
27 36
27 37
27 38
27 97
27 101
27 102
27 106
27 107
27 119
27 121
27 220
27 221
27 223
27 237
27 262
27 284
27 285
27 286
27 287
27 301
27 302
27 305
27 320
27 321
27 322
27 323
27 326
27 327
27 328
27 329
27 330
27 332
27 333
27 334
27 335
27 336
27 387
27 389
27 390
27 391
27 395
27 398
27 399
27 401
27 411
27 412
27 413
27 443
27 529
27 530
27 549
27 579
27 582
27 583
27 584
28 30
28 31
28 32
28 33
28 34
28 35
28 36
28 37
28 38
28 94
28 97
28 98
28 101
28 102
28 103
28 104
28 105
28 106
28 107
28 108
28 111
28 119
28 120
28 184
28 220
28 223
28 237
28 284
28 285
28 286
28 287
28 305
28 320
28 321
28 322
28 323
28 324
28 325
28 326
28 327
28 328
28 329
28 330
28 332
28 333
28 335
28 387
28 388
28 389
28 390
28 391
28 395
28 396
28 398
28 411
28 412
28 413
28 489
28 529
28 549
28 579
28 583
28 584
29 32
29 93
29 94
29 98
29 120
29 301
29 304
29 308
29 312
29 318
29 319
29 323
29 324
29 326
29 331
29 347
29 385
29 390
30 31
30 32
30 33
30 34
30 35
30 36
30 37
30 38
30 94
30 97
30 98
30 101
30 102
30 103
30 105
30 106
30 107
30 111
30 119
30 120
30 121
30 184
30 220
30 237
30 262
30 284
30 285
30 286
30 287
30 290
30 301
30 302
30 305
30 320
30 321
30 322
30 323
30 324
30 325
30 326
30 327
30 328
30 329
30 330
30 332
30 333
30 335
30 336
30 339
30 347
30 386
30 387
30 388
30 389
30 390
30 391
30 395
30 396
30 398
30 399
30 400
30 401
30 411
30 412
30 413
30 489
30 529
30 530
30 549
30 579
30 582
30 583
30 584
31 32
31 33
31 34
31 35
31 36
31 37
31 38
31 94
31 97
31 98
31 100
31 101
31 102
31 103
31 105
31 106
31 107
31 111
31 119
31 120
31 121
31 184
31 220
31 221
31 223
31 225
31 237
31 262
31 284
31 285
31 286
31 287
31 290
31 301
31 302
31 305
31 320
31 321
31 322
31 323
31 324
31 325
31 326
31 327
31 328
31 329
31 330
31 332
31 333
31 335
31 336
31 339
31 387
31 388
31 389
31 390
31 391
31 395
31 396
31 398
31 399
31 400
31 401
31 411
31 412
31 413
31 443
31 489
31 529
31 530
31 549
31 579
31 582
31 583
31 584
31 595
32 33
32 34
32 35
32 36
32 37
32 38
32 94
32 97
32 98
32 101
32 102
32 104
32 105
32 106
32 107
32 111
32 119
32 120
32 121
32 220
32 284
32 285
32 286
32 287
32 301
32 302
32 305
32 320
32 321
32 322
32 323
32 324
32 326
32 327
32 328
32 329
32 330
32 331
32 332
32 333
32 335
32 339
32 340
32 347
32 385
32 386
32 387
32 388
32 389
32 390
32 391
32 395
32 396
32 398
32 411
32 412
32 413
32 529
32 579
32 582
32 583
32 584
33 34
33 35
33 36
33 37
33 38
33 100
33 101
33 102
33 103
33 107
33 119
33 121
33 184
33 220
33 225
33 237
33 262
33 284
33 285
33 286
33 287
33 305
33 320
33 321
33 322
33 323
33 326
33 327
33 328
33 329
33 330
33 332
33 333
33 335
33 336
33 339
33 391
33 412
33 529
33 549
33 582
33 583
33 584
34 35
34 36
34 37
34 38
34 97
34 100
34 101
34 119
34 121
34 220
34 262
34 284
34 285
34 286
34 287
34 305
34 320
34 323
34 328
34 329
34 330
34 332
34 333
34 335
34 336
34 412
34 529
34 582
34 583
34 584
35 36
35 37
35 38
35 97
35 98
35 100
35 101
35 102
35 103
35 105
35 106
35 107
35 111
35 119
35 120
35 143
35 184
35 220
35 237
35 262
35 284
35 285
35 286
35 287
35 302
35 305
35 320
35 321
35 322
35 323
35 326
35 327
35 328
35 329
35 330
35 332
35 333
35 334
35 335
35 336
35 339
35 387
35 388
35 389
35 390
35 391
35 395
35 398
35 412
35 489
35 529
35 530
35 549
35 579
35 582
35 583
35 584
36 37
36 38
36 97
36 98
36 101
36 102
36 103
36 105
36 106
36 107
36 111
36 119
36 120
36 121
36 184
36 220
36 237
36 262
36 284
36 285
36 286
36 287
36 302
36 305
36 320
36 321
36 322
36 323
36 324
36 325
36 326
36 327
36 328
36 329
36 330
36 332
36 333
36 334
36 335
36 336
36 339
36 387
36 388
36 389
36 390
36 391
36 395
36 398
36 411
36 412
36 413
36 529
36 530
36 549
36 579
36 582
36 583
36 584
37 38
37 97
37 98
37 101
37 102
37 103
37 107
37 111
37 120
37 220
37 284
37 286
37 287
37 290
37 302
37 305
37 320
37 321
37 322
37 323
37 325
37 328
37 329
37 330
37 332
37 333
37 335
37 336
37 339
37 385
37 386
37 388
37 389
37 390
37 391
37 412
37 417
37 529
37 582
37 583
37 584
37 597
38 97
38 101
38 106
38 111
38 119
38 220
38 221
38 223
38 262
38 284
38 285
38 286
38 287
38 305
38 320
38 321
38 322
38 323
38 328
38 329
38 330
38 332
38 333
38 335
38 336
38 389
38 390
38 391
38 392
38 395
38 399
38 401
38 412
38 529
38 530
38 548
38 582
38 583
38 584
38 597
39 87
39 88
39 405
40 65
40 137
40 341
40 350
40 351
40 352
40 353
40 355
40 357
40 358
40 359
40 496
41 85
41 304
41 378
42 46
42 47
42 115
42 116
42 117
42 126
42 340
42 344
42 406
42 425
42 492
43 134
43 140
43 150
43 374
43 422
43 430
43 436
43 448
44 49
44 51
44 57
44 58
44 60
44 61
44 63
44 65
44 80
44 139
44 341
44 345
44 350
44 352
44 354
44 355
44 356
44 357
44 358
44 416
44 431
45 47
45 48
45 304
46 48
47 48
47 54
47 349
47 369
48 54
49 51
49 57
49 58
49 60
49 61
49 63
49 65
49 66
49 78
49 80
49 81
49 126
49 129
49 137
49 138
49 139
49 140
49 141
49 150
49 341
49 345
49 350
49 352
49 353
49 354
49 355
49 374
49 379
49 380
49 382
49 431
49 436
49 440
50 99
50 121
50 125
50 131
50 146
50 147
50 157
50 401
50 412
50 418
50 445
50 545
51 61
51 62
51 63
51 65
51 66
51 67
51 80
51 341
51 345
51 352
51 354
51 355
51 356
51 358
51 360
51 363
52 123
52 124
53 58
53 60
53 61
53 150
53 354
55 64
55 94
55 95
55 104
55 105
55 108
55 110
55 113
55 115
55 116
55 117
55 118
55 120
55 124
55 125
55 340
55 344
55 348
55 387
55 393
55 396
55 398
55 400
55 406
55 409
55 410
55 411
55 413
55 419
56 61
56 345
56 373
57 58
57 59
57 60
57 61
57 64
57 65
57 115
57 118
57 137
57 150
57 341
57 348
57 350
57 357
57 418
57 440
58 60
58 61
58 65
58 84
58 139
58 140
58 150
58 341
58 345
58 350
58 352
58 353
58 354
58 355
58 356
58 374
58 379
58 382
58 431
58 440
59 60
59 63
59 64
59 65
59 66
59 112
59 118
59 129
59 348
59 350
59 357
59 414
59 418
59 491
60 61
60 63
60 64
60 65
60 66
60 118
60 129
60 137
60 341
60 348
60 350
60 351
60 352
60 353
60 354
60 355
60 357
60 359
60 414
60 416
60 421
60 436
60 440
60 491
61 63
61 65
61 66
61 80
61 84
61 137
61 139
61 140
61 150
61 341
61 345
61 350
61 352
61 353
61 354
61 355
61 356
61 358
61 359
61 374
61 379
61 382
61 421
61 430
61 431
61 433
61 436
61 440
62 63
62 66
62 67
62 80
62 300
62 352
62 358
62 360
63 65
63 66
63 67
63 80
63 81
63 129
63 137
63 139
63 140
63 341
63 350
63 352
63 353
63 354
63 357
63 358
63 359
63 361
63 421
63 431
63 440
64 112
64 113
64 114
64 116
64 118
64 124
64 125
64 126
64 129
64 147
64 348
64 350
64 400
64 402
64 407
64 410
64 414
64 418
64 491
65 66
65 78
65 80
65 118
65 126
65 129
65 137
65 139
65 150
65 341
65 345
65 350
65 351
65 352
65 353
65 354
65 355
65 356
65 357
65 358
65 374
65 421
65 431
65 436
65 440
66 67
66 79
66 80
66 126
66 129
66 137
66 140
66 341
66 345
66 350
66 352
66 353
66 354
66 358
66 363
66 421
66 440
67 358
67 360
67 363
68 69
68 70
68 74
68 78
68 81
68 129
68 293
68 350
69 70
69 71
69 77
69 81
69 365
69 500
70 71
70 74
70 77
70 112
70 365
71 72
71 74
71 77
71 82
71 297
71 364
71 365
71 368
71 593
72 74
72 77
72 364
73 75
73 376
74 77
74 82
74 375
75 79
75 83
75 367
75 371
75 403
75 433
75 434
76 199
77 82
77 364
77 365
77 368
77 372
77 375
77 593
78 82
78 117
78 139
78 350
79 80
79 83
79 84
79 127
79 129
79 134
79 140
79 354
79 367
79 371
79 374
79 376
79 403
79 421
79 422
79 428
79 430
79 432
79 433
79 434
79 436
79 440
79 448
80 84
80 127
80 129
80 134
80 140
80 353
80 354
80 356
80 374
80 421
80 422
80 430
80 431
80 432
80 433
80 434
80 436
80 440
81 350
81 351
81 352
81 353
81 359
81 361
82 129
82 135
82 365
82 375
83 84
83 85
83 86
83 87
83 129
83 130
83 367
83 371
83 374
83 376
83 377
83 378
83 380
83 381
83 382
83 403
83 422
83 428
83 430
83 434
83 436
83 440
83 446
83 448
84 140
84 353
84 354
84 356
84 371
84 374
84 376
84 377
84 382
84 422
84 430
84 431
84 433
84 436
85 86
85 87
85 377
85 378
86 87
86 89
86 91
86 130
86 374
86 376
86 377
86 378
86 380
86 381
86 382
87 126
87 130
87 377
87 379
87 380
87 381
87 405
88 337
88 381
89 91
89 377
89 381
89 382
90 116
90 126
90 467
91 377
91 381
91 382
92 95
92 96
92 99
92 112
92 114
92 115
92 181
92 184
92 188
92 210
92 396
92 400
92 401
92 402
92 407
92 411
92 412
92 443
92 451
92 487
92 491
92 502
92 503
92 580
92 586
92 595
93 94
93 95
93 98
93 101
93 104
93 105
93 108
93 111
93 120
93 184
93 187
93 301
93 384
93 385
93 387
93 390
93 393
93 394
93 395
93 396
93 398
93 400
93 406
93 411
93 413
93 419
93 487
93 489
93 495
93 499
93 579
93 580
94 95
94 97
94 98
94 100
94 101
94 102
94 103
94 104
94 105
94 106
94 107
94 108
94 110
94 111
94 119
94 120
94 121
94 184
94 284
94 285
94 286
94 290
94 301
94 302
94 305
94 320
94 321
94 322
94 323
94 324
94 326
94 327
94 328
94 329
94 330
94 331
94 384
94 385
94 386
94 387
94 388
94 389
94 390
94 391
94 393
94 395
94 396
94 398
94 400
94 401
94 410
94 411
94 412
94 413
94 419
94 487
94 489
94 495
94 505
94 529
94 579
94 580
94 582
94 583
94 584
95 96
95 99
95 100
95 101
95 104
95 105
95 107
95 108
95 109
95 110
95 113
95 114
95 115
95 119
95 120
95 184
95 187
95 188
95 194
95 201
95 204
95 282
95 289
95 344
95 384
95 387
95 393
95 394
95 395
95 396
95 398
95 400
95 401
95 402
95 406
95 408
95 410
95 411
95 412
95 413
95 419
95 425
95 443
95 487
95 489
95 491
95 499
95 505
95 529
95 579
95 580
95 581
95 584
95 586
96 97
96 99
96 100
96 104
96 108
96 112
96 113
96 114
96 115
96 119
96 121
96 184
96 187
96 188
96 201
96 262
96 289
96 387
96 394
96 396
96 400
96 401
96 402
96 406
96 407
96 411
96 412
96 443
96 451
96 487
96 491
96 499
96 502
96 503
96 529
96 580
96 581
96 586
96 587
96 595
97 98
97 100
97 101
97 102
97 105
97 106
97 111
97 119
97 120
97 184
97 220
97 282
97 284
97 285
97 286
97 287
97 290
97 301
97 302
97 305
97 320
97 321
97 322
97 323
97 329
97 330
97 332
97 335
97 336
97 385
97 387
97 389
97 390
97 391
97 395
97 396
97 398
97 400
97 401
97 411
97 412
97 413
97 489
97 502
97 504
97 505
97 529
97 530
97 579
97 580
97 582
97 583
97 584
97 595
98 101
98 102
98 103
98 104
98 105
98 106
98 107
98 110
98 111
98 120
98 287
98 290
98 301
98 302
98 305
98 317
98 320
98 321
98 322
98 323
98 324
98 325
98 326
98 327
98 328
98 329
98 330
98 332
98 339
98 347
98 384
98 385
98 386
98 388
98 389
98 390
98 391
98 393
98 395
98 396
98 398
98 411
98 413
98 419
98 489
98 505
98 529
98 579
98 584
99 104
99 112
99 113
99 114
99 115
99 147
99 188
99 194
99 201
99 262
99 335
99 348
99 387
99 394
99 401
99 402
99 407
99 412
99 443
99 491
99 595
100 101
100 104
100 106
100 107
100 108
100 110
100 119
100 121
100 184
100 188
100 220
100 223
100 224
100 225
100 237
100 262
100 282
100 284
100 285
100 286
100 287
100 289
100 290
100 291
100 328
100 330
100 332
100 333
100 335
100 384
100 387
100 395
100 399
100 400
100 401
100 402
100 412
100 443
100 487
100 489
100 529
100 540
100 547
100 579
100 580
100 581
100 582
100 583
100 584
100 586
100 587
101 102
101 103
101 104
101 105
101 106
101 107
101 108
101 110
101 111
101 119
101 120
101 121
101 184
101 220
101 223
101 237
101 282
101 284
101 285
101 286
101 287
101 290
101 301
101 302
101 305
101 320
101 321
101 322
101 323
101 324
101 325
101 326
101 327
101 328
101 329
101 330
101 332
101 333
101 335
101 336
101 339
101 384
101 385
101 386
101 387
101 388
101 389
101 390
101 391
101 393
101 395
101 396
101 398
101 399
101 400
101 411
101 412
101 413
101 419
101 487
101 489
101 495
101 505
101 529
101 549
101 579
101 580
101 582
101 583
101 584
102 103
102 105
102 106
102 107
102 111
102 120
102 184
102 220
102 237
102 282
102 284
102 285
102 286
102 287
102 290
102 291
102 301
102 302
102 305
102 317
102 320
102 321
102 322
102 323
102 324
102 326
102 327
102 328
102 329
102 330
102 334
102 336
102 385
102 386
102 388
102 389
102 390
102 391
102 398
102 489
102 529
102 579
102 582
102 583
102 584
103 104
103 105
103 106
103 107
103 111
103 120
103 237
103 284
103 287
103 301
103 302
103 305
103 320
103 321
103 322
103 324
103 327
103 329
103 330
103 333
103 334
103 384
103 385
103 386
103 388
103 389
103 390
103 391
103 395
103 398
103 489
103 495
103 547
103 549
103 579
104 105
104 106
104 107
104 108
104 109
104 110
104 111
104 113
104 115
104 116
104 119
104 120
104 184
104 187
104 188
104 194
104 201
104 204
104 220
104 223
104 224
104 237
104 282
104 284
104 286
104 301
104 327
104 328
104 329
104 330
104 332
104 333
104 335
104 340
104 344
104 384
104 387
104 390
104 393
104 394
104 395
104 396
104 398
104 400
104 406
104 408
104 409
104 410
104 411
104 412
104 413
104 419
104 487
104 489
104 495
104 499
104 505
104 529
104 547
104 579
104 584
104 586
105 106
105 107
105 108
105 110
105 111
105 119
105 120
105 184
105 220
105 237
105 282
105 284
105 285
105 286
105 287
105 301
105 302
105 305
105 320
105 321
105 322
105 323
105 324
105 325
105 326
105 327
105 328
105 329
105 330
105 332
105 339
105 384
105 385
105 386
105 387
105 388
105 389
105 390
105 391
105 393
105 394
105 395
105 396
105 398
105 400
105 411
105 412
105 413
105 419
105 487
105 489
105 495
105 505
105 529
105 579
105 583
105 584
106 111
106 119
106 184
106 220
106 221
106 223
106 236
106 237
106 282
106 284
106 285
106 286
106 287
106 291
106 301
106 302
106 305
106 320
106 321
106 322
106 323
106 324
106 327
106 329
106 330
106 333
106 334
106 335
106 336
106 384
106 385
106 386
106 387
106 388
106 389
106 390
106 391
106 393
106 395
106 398
106 399
106 411
106 489
106 495
106 529
106 530
106 547
106 579
106 582
106 583
106 584
107 108
107 110
107 111
107 119
107 120
107 184
107 220
107 237
107 282
107 284
107 286
107 287
107 301
107 302
107 305
107 320
107 321
107 322
107 323
107 324
107 325
107 326
107 327
107 328
107 329
107 330
107 332
107 335
107 339
107 384
107 385
107 386
107 388
107 389
107 390
107 391
107 393
107 395
107 396
107 398
107 411
107 412
107 413
107 419
107 489
107 505
107 529
107 579
107 583
107 584
108 109
108 110
108 111
108 115
108 119
108 120
108 121
108 124
108 184
108 188
108 201
108 220
108 224
108 237
108 262
108 282
108 286
108 301
108 327
108 328
108 330
108 332
108 387
108 391
108 393
108 394
108 395
108 396
108 398
108 400
108 410
108 411
108 412
108 413
108 419
108 487
108 489
108 505
108 529
108 579
108 580
108 583
108 584
108 586
109 114
109 115
109 116
109 117
109 187
109 188
109 191
109 192
109 193
109 194
109 198
109 201
109 202
109 204
109 224
109 240
109 344
109 384
109 387
109 393
109 394
109 396
109 408
109 409
109 410
109 411
109 419
109 425
109 487
109 489
109 493
109 494
109 495
109 496
109 499
109 501
109 516
109 540
109 547
109 579
110 111
110 119
110 120
110 124
110 184
110 282
110 301
110 384
110 385
110 387
110 390
110 391
110 393
110 395
110 396
110 398
110 400
110 411
110 413
110 419
110 487
110 489
110 505
110 579
110 580
111 120
111 184
111 237
111 284
111 286
111 287
111 290
111 301
111 302
111 305
111 320
111 321
111 322
111 323
111 324
111 325
111 326
111 327
111 328
111 329
111 330
111 332
111 339
111 384
111 385
111 386
111 388
111 389
111 390
111 391
111 393
111 395
111 398
111 411
111 413
111 419
111 489
111 505
111 529
111 579
111 583
111 584
112 113
112 114
112 115
112 118
112 126
112 129
112 149
112 210
112 348
112 396
112 402
112 404
112 406
112 407
112 408
112 418
112 423
112 425
112 438
112 451
112 459
112 491
112 492
112 499
112 503
112 595
113 114
113 115
113 116
113 117
113 118
113 124
113 125
113 126
113 188
113 191
113 194
113 204
113 210
113 344
113 348
113 394
113 396
113 400
113 402
113 406
113 408
113 410
113 418
113 425
114 115
114 116
114 118
114 121
114 125
114 126
114 149
114 157
114 187
114 188
114 190
114 191
114 194
114 198
114 201
114 204
114 210
114 348
114 394
114 396
114 400
114 401
114 402
114 406
114 407
114 408
114 410
114 411
114 412
114 418
114 425
114 451
114 459
114 487
114 491
114 492
114 499
114 503
114 581
114 586
114 595
115 116
115 117
115 118
115 125
115 126
115 187
115 188
115 191
115 194
115 204
115 210
115 340
115 344
115 348
115 387
115 394
115 396
115 400
115 402
115 406
115 407
115 408
115 409
115 410
115 418
115 425
115 492
116 117
116 118
116 187
116 191
116 194
116 204
116 340
116 344
116 348
116 393
116 394
116 396
116 406
116 408
116 409
116 410
116 425
116 492
117 118
117 126
117 340
117 344
117 348
117 350
117 408
117 409
117 410
117 425
118 126
118 129
118 348
118 350
118 407
118 418
119 120
119 121
119 125
119 147
119 184
119 188
119 196
119 220
119 223
119 224
119 225
119 237
119 262
119 282
119 284
119 285
119 286
119 287
119 290
119 291
119 301
119 323
119 327
119 328
119 329
119 330
119 332
119 335
119 384
119 387
119 391
119 393
119 395
119 396
119 398
119 399
119 400
119 401
119 411
119 412
119 413
119 443
119 445
119 487
119 489
119 520
119 529
119 530
119 534
119 549
119 579
119 580
119 581
119 582
119 583
119 584
119 586
120 121
120 125
120 184
120 282
120 284
120 286
120 287
120 290
120 301
120 302
120 305
120 320
120 321
120 322
120 323
120 324
120 325
120 326
120 327
120 328
120 329
120 330
120 332
120 339
120 347
120 384
120 385
120 386
120 387
120 388
120 389
120 390
120 391
120 393
120 395
120 396
120 398
120 400
120 410
120 411
120 412
120 413
120 417
120 419
120 487
120 489
120 505
120 529
120 579
120 583
120 584
121 125
121 147
121 157
121 184
121 220
121 233
121 262
121 285
121 286
121 287
121 290
121 328
121 329
121 330
121 332
121 335
121 400
121 401
121 412
121 417
121 443
121 445
121 467
121 487
121 504
121 529
121 580
121 582
121 583
121 584
122 195
123 124
123 391
124 125
124 410
124 417
125 147
125 157
125 262
125 400
125 401
125 412
125 414
125 417
125 418
125 467
126 129
126 137
126 191
126 348
126 350
126 380
126 418
126 425
126 492
126 503
127 140
127 152
127 300
127 352
127 353
127 359
127 372
127 421
127 430
128 208
128 211
128 212
128 214
128 215
128 218
128 219
128 230
128 246
128 255
128 259
128 260
128 263
128 264
128 265
128 266
128 267
128 268
128 269
128 270
128 273
128 274
128 279
128 281
129 134
129 135
129 136
129 137
129 140
129 149
129 351
129 353
129 359
129 404
129 407
129 414
129 418
129 421
129 422
129 423
129 428
129 430
129 435
129 436
129 440
129 451
129 491
130 374
130 376
130 377
130 380
130 403
130 404
130 423
130 428
131 157
131 190
131 210
131 420
131 599
132 423
132 424
132 442
133 134
133 432
133 457
134 136
134 140
134 146
134 148
134 149
134 156
134 161
134 185
134 186
134 403
134 421
134 422
134 426
134 428
134 430
134 432
134 435
134 437
134 440
134 448
134 457
135 149
135 421
135 422
135 430
135 440
136 140
136 148
136 159
136 372
136 421
136 422
136 428
136 430
136 432
136 433
136 437
136 440
136 456
136 458
137 149
137 150
137 341
137 350
137 354
137 355
137 374
137 418
137 428
137 436
137 440
138 139
139 341
139 355
139 379
139 380
139 431
140 141
140 150
140 152
140 353
140 354
140 359
140 372
140 374
140 421
140 422
140 428
140 430
140 431
140 432
140 433
140 434
140 435
140 436
140 440
141 199
142 543
144 260
144 294
145 157
145 445
146 156
146 157
146 422
146 437
146 545
147 400
147 401
147 402
147 411
147 412
147 414
147 491
147 504
147 595
148 156
148 161
148 437
149 150
149 201
149 403
149 404
149 406
149 407
149 414
149 418
149 421
149 422
149 423
149 430
149 440
149 451
149 491
150 350
150 354
150 374
150 416
150 421
150 430
150 431
150 436
150 440
150 446
151 272
152 160
152 199
153 163
153 232
153 233
153 267
154 155
154 452
154 454
154 463
154 490
154 521
154 543
154 557
155 156
155 163
155 233
155 248
155 254
155 449
155 454
155 463
155 464
155 468
155 557
156 157
156 161
156 163
156 437
156 449
156 456
156 464
156 515
156 545
157 190
157 210
157 418
157 445
157 467
157 534
157 545
157 599
158 441
158 524
159 275
159 277
159 456
159 458
160 199
160 269
160 277
160 300
161 185
161 275
161 432
161 437
162 257
162 462
163 232
163 233
163 248
163 250
163 254
163 463
163 464
164 523
165 166
165 173
165 176
165 178
165 180
165 183
165 218
165 252
165 255
165 475
165 476
165 477
165 479
165 481
165 488
165 566
166 566
167 171
167 217
167 251
167 276
167 522
168 478
168 479
169 577
170 247
170 256
170 288
170 469
170 478
170 562
170 569
171 216
171 217
171 251
171 276
171 311
171 313
171 314
171 522
172 197
172 475
172 476
172 479
173 175
173 177
173 178
173 180
173 183
173 192
173 197
173 202
173 218
173 477
173 479
173 480
173 481
173 482
173 488
173 527
173 566
174 217
175 176
175 177
175 178
175 179
175 180
175 183
175 288
175 477
175 479
175 480
175 481
175 482
175 483
175 484
175 540
176 177
176 178
176 180
176 183
176 476
176 477
176 479
176 480
176 481
176 482
176 566
177 178
177 179
177 180
177 183
177 288
177 475
177 476
177 477
177 479
177 480
177 481
177 482
177 483
177 484
177 527
177 585
178 179
178 180
178 183
178 218
178 256
178 288
178 469
178 475
178 477
178 479
178 480
178 481
178 482
178 483
178 484
178 527
178 541
178 566
179 289
179 482
179 483
179 484
179 540
180 183
180 218
180 255
180 258
180 475
180 476
180 477
180 479
180 480
180 481
180 482
180 488
180 527
180 566
180 569
182 206
183 218
183 246
183 252
183 255
183 258
183 476
183 477
183 479
183 480
183 481
183 486
183 488
183 566
183 569
184 188
184 201
184 220
184 223
184 225
184 237
184 262
184 282
184 284
184 285
184 286
184 287
184 289
184 291
184 301
184 327
184 328
184 330
184 332
184 335
184 339
184 384
184 387
184 390
184 391
184 393
184 394
184 395
184 396
184 398
184 399
184 400
184 401
184 411
184 412
184 413
184 419
184 443
184 487
184 489
184 502
184 505
184 529
184 547
184 579
184 580
184 583
184 584
184 586
185 227
185 426
185 587
186 275
186 432
186 455
187 188
187 191
187 193
187 194
187 198
187 204
187 384
187 387
187 393
187 394
187 408
187 425
187 487
187 489
187 493
187 494
187 495
187 496
187 498
187 499
187 540
187 547
187 581
187 586
188 191
188 194
188 198
188 204
188 210
188 224
188 289
188 394
188 483
188 487
188 497
188 498
188 499
188 520
188 540
188 581
188 586
189 192
189 193
189 197
189 200
189 202
189 207
189 211
189 212
189 213
189 214
189 218
189 222
189 228
189 229
189 230
189 231
189 244
189 245
189 246
189 266
189 271
189 274
189 281
189 295
189 493
189 511
189 516
189 527
189 532
189 541
189 542
189 547
190 210
191 193
191 194
191 198
191 204
191 210
191 394
191 408
191 425
191 492
191 493
191 494
191 498
191 499
191 501
191 503
191 516
191 540
191 581
192 193
192 200
192 202
192 207
192 211
192 212
192 213
192 214
192 218
192 222
192 224
192 228
192 230
192 236
192 245
192 246
192 255
192 259
192 263
192 266
192 273
192 274
192 281
192 295
192 493
192 532
192 547
193 194
193 202
193 204
193 211
193 212
193 222
193 223
193 493
193 494
193 496
193 498
193 501
193 516
193 532
193 533
193 547
193 553
194 198
194 204
194 210
194 344
194 348
194 387
194 393
194 394
194 396
194 406
194 408
194 409
194 410
194 425
194 483
194 496
194 499
194 501
195 196
195 233
195 234
196 213
196 224
196 234
196 263
197 202
197 207
197 209
197 211
197 212
197 214
197 218
197 222
197 229
197 230
197 266
197 274
197 475
197 477
197 493
197 494
197 501
197 512
197 516
197 519
197 525
197 527
198 204
198 210
198 459
198 499
198 509
200 202
200 203
200 207
200 214
200 228
200 281
200 295
201 262
201 330
201 332
201 387
201 393
201 394
201 396
201 400
201 402
201 410
201 411
201 412
201 419
201 487
201 491
201 499
201 502
201 529
201 584
202 207
202 211
202 212
202 213
202 214
202 218
202 222
202 224
202 228
202 229
202 230
202 240
202 244
202 245
202 246
202 255
202 258
202 266
202 274
202 281
202 295
202 477
202 516
202 527
202 532
202 547
202 553
202 554
203 249
203 535
204 210
204 387
204 393
204 394
204 408
204 425
204 487
204 498
204 499
204 501
204 540
204 581
205 279
206 208
206 209
206 231
206 265
206 271
206 512
207 211
207 212
207 213
207 214
207 218
207 222
207 228
207 229
207 230
207 244
207 266
207 271
207 274
207 493
207 516
207 527
208 209
208 211
208 213
208 214
208 218
208 219
208 230
208 231
208 234
208 246
208 259
208 263
208 264
208 265
208 266
208 267
208 268
208 270
208 273
208 274
208 512
209 211
209 212
209 213
209 216
209 230
209 231
209 265
209 274
209 485
209 512
209 513
209 516
209 525
210 451
210 490
210 492
210 498
210 503
210 520
210 540
210 581
211 212
211 213
211 214
211 218
211 222
211 229
211 230
211 231
211 234
211 244
211 245
211 246
211 255
211 259
211 263
211 265
211 266
211 273
211 274
211 281
211 493
211 511
211 512
211 516
211 527
211 532
211 541
211 542
212 214
212 218
212 230
212 265
212 266
212 274
212 281
212 295
212 493
212 494
212 501
212 516
212 527
213 214
213 222
213 224
213 228
213 229
213 230
213 231
213 234
213 236
213 244
213 245
213 246
213 266
213 271
213 274
213 511
213 512
213 532
213 541
213 542
213 547
213 555
214 215
214 218
214 230
214 246
214 255
214 259
214 263
214 264
214 265
214 266
214 268
214 270
214 271
214 273
214 274
214 279
214 281
214 295
215 218
215 219
215 246
215 255
215 259
215 263
215 265
215 267
215 268
215 269
215 270
215 273
215 277
215 279
215 281
216 231
216 276
216 314
216 512
216 524
217 251
217 276
217 278
217 311
217 314
217 522
217 524
217 577
218 230
218 246
218 255
218 259
218 263
218 265
218 266
218 268
218 269
218 270
218 273
218 274
218 281
218 477
218 481
218 527
218 566
219 230
219 234
219 265
219 266
219 267
219 268
219 270
219 273
219 274
220 221
220 223
220 224
220 225
220 237
220 238
220 262
220 282
220 284
220 285
220 286
220 287
220 289
220 290
220 291
220 301
220 302
220 305
220 320
220 321
220 322
220 323
220 327
220 328
220 329
220 330
220 332
220 333
220 335
220 336
220 339
220 387
220 389
220 390
220 391
220 395
220 396
220 398
220 399
220 401
220 411
220 412
220 413
220 443
220 487
220 489
220 529
220 530
220 534
220 540
220 547
220 548
220 549
220 550
220 579
220 582
220 583
220 584
220 586
220 595
221 223
221 225
221 227
221 239
221 242
221 284
221 285
221 286
221 287
221 335
221 395
221 397
221 399
221 401
221 529
221 530
221 533
221 534
221 536
221 548
221 551
221 583
222 224
222 228
222 229
222 230
222 240
222 241
222 244
222 245
222 246
222 256
222 266
222 295
222 479
222 493
222 511
222 516
222 527
222 531
222 532
222 533
222 538
222 541
222 542
222 547
222 553
222 554
222 555
222 562
222 567
222 573
223 224
223 225
223 237
223 262
223 282
223 284
223 285
223 286
223 287
223 330
223 333
223 335
223 384
223 387
223 395
223 397
223 399
223 401
223 411
223 412
223 443
223 487
223 489
223 520
223 529
223 530
223 531
223 533
223 534
223 547
223 549
223 581
223 583
223 584
224 225
224 228
224 234
224 236
224 237
224 240
224 244
224 245
224 246
224 282
224 284
224 286
224 291
224 489
224 511
224 520
224 531
224 532
224 547
224 549
224 553
224 554
224 555
224 581
225 237
225 238
225 245
225 262
225 284
225 285
225 286
225 287
225 291
225 330
225 335
225 399
225 412
225 443
225 520
225 529
225 530
225 531
225 534
225 547
225 549
225 583
225 584
226 227
226 236
226 246
226 444
226 535
226 537
227 236
227 238
227 239
227 261
227 299
227 426
227 427
227 530
227 535
227 536
227 537
227 548
228 229
228 236
228 237
228 244
228 245
228 246
228 266
228 282
228 532
228 538
228 540
228 541
228 547
228 553
228 554
229 230
229 231
229 234
229 244
229 245
229 256
229 265
229 266
229 271
229 295
229 511
229 512
229 532
229 538
229 541
229 542
229 553
229 554
229 562
229 567
230 231
230 234
230 259
230 264
230 265
230 266
230 271
230 273
230 274
230 281
230 295
230 493
230 507
230 511
230 512
230 516
230 525
230 527
230 532
230 541
230 542
231 234
231 244
231 264
231 265
231 266
231 271
231 485
231 507
231 508
231 511
231 512
231 541
231 542
232 267
232 268
232 272
232 277
232 576
233 254
233 545
234 244
234 245
234 246
234 265
234 266
234 271
234 512
235 472
236 237
236 238
236 241
236 244
236 245
236 246
236 282
236 284
236 285
236 289
236 291
236 489
236 535
236 547
236 583
237 238
237 240
237 245
237 246
237 282
237 284
237 285
237 286
237 287
237 291
237 301
237 305
237 321
237 327
237 329
237 330
237 332
237 333
237 335
237 384
237 387
237 389
237 390
237 391
237 395
237 398
237 489
237 495
237 529
237 547
237 549
237 582
237 583
237 584
238 239
238 245
238 246
238 250
238 252
238 285
238 287
238 291
238 488
238 550
238 560
238 582
238 583
239 242
239 397
239 530
239 536
239 548
239 551
240 244
240 245
240 256
240 476
240 479
240 520
240 531
240 532
240 533
240 538
240 539
240 540
240 541
240 547
240 549
240 553
240 554
240 555
240 562
240 567
240 573
241 244
241 337
241 495
242 397
242 530
242 548
242 551
242 552
243 256
244 245
244 246
244 266
244 271
244 294
244 295
244 532
244 538
244 541
244 542
244 547
244 553
244 554
244 555
244 567
244 573
245 246
245 259
245 263
245 266
245 291
245 480
245 511
245 531
245 532
245 533
245 538
245 539
245 541
245 542
245 547
245 549
245 553
245 554
245 555
245 562
245 566
245 573
246 255
246 258
246 259
246 263
246 266
246 268
246 270
246 273
246 480
246 531
246 532
246 541
246 547
246 553
246 566
247 250
247 252
247 266
247 269
247 478
247 488
247 556
247 561
247 569
248 250
248 252
248 254
248 463
248 557
248 560
250 252
250 254
250 488
250 550
250 556
250 560
250 561
250 569
251 276
251 278
251 314
251 522
251 577
252 258
252 268
252 269
252 488
252 560
252 561
252 566
252 569
252 570
253 254
253 463
254 463
254 557
254 558
254 560
254 563
255 258
255 259
255 263
255 265
255 266
255 268
255 269
255 270
255 273
255 274
255 279
255 281
255 566
256 288
256 479
256 481
256 541
256 542
256 554
256 562
256 567
257 568
257 592
257 596
257 598
258 266
258 273
258 279
258 294
258 477
258 488
259 263
259 264
259 265
259 266
259 268
259 270
259 273
259 281
260 265
260 268
260 269
260 272
260 273
260 279
260 294
261 300
261 427
262 286
262 287
262 328
262 330
262 332
262 333
262 335
262 395
262 400
262 401
262 412
262 443
262 529
262 580
262 584
263 264
263 265
263 266
263 268
263 270
263 273
263 281
264 265
264 270
264 273
264 450
265 266
265 267
265 268
265 269
265 270
265 271
265 273
265 274
265 279
265 281
265 294
265 512
266 268
266 269
266 270
266 271
266 273
266 274
266 279
266 281
266 295
266 541
267 268
267 270
267 273
268 269
268 270
268 272
268 273
268 279
268 570
269 270
269 271
269 272
269 273
269 277
269 279
269 281
270 272
270 273
270 274
270 279
270 281
271 273
271 274
271 279
271 281
271 294
272 277
272 278
272 279
273 274
273 279
273 281
273 294
274 281
274 294
274 295
275 432
275 442
275 455
275 456
275 464
275 575
276 278
276 280
276 310
276 314
276 522
276 524
277 278
277 279
278 522
278 577
279 281
279 294
280 314
281 294
281 295
282 284
282 285
282 286
282 287
282 289
282 291
282 301
282 384
282 387
282 395
282 398
282 487
282 489
282 495
282 529
282 540
282 547
282 579
282 580
282 581
282 583
282 584
282 586
283 307
283 511
284 285
284 286
284 287
284 289
284 291
284 301
284 302
284 305
284 320
284 321
284 322
284 323
284 327
284 328
284 329
284 330
284 332
284 333
284 335
284 336
284 385
284 386
284 387
284 389
284 390
284 391
284 395
284 398
284 443
284 489
284 529
284 530
284 547
284 582
284 583
284 584
285 286
285 287
285 290
285 291
285 301
285 302
285 305
285 320
285 321
285 322
285 323
285 327
285 328
285 329
285 330
285 332
285 333
285 334
285 335
285 336
285 384
285 385
285 386
285 387
285 389
285 390
285 391
285 395
285 398
285 399
285 411
285 412
285 443
285 489
285 529
285 530
285 534
285 549
285 550
285 579
285 582
285 583
285 584
286 287
286 289
286 290
286 291
286 301
286 302
286 305
286 320
286 321
286 322
286 323
286 327
286 328
286 329
286 330
286 332
286 333
286 335
286 336
286 339
286 384
286 385
286 387
286 389
286 390
286 391
286 395
286 398
286 399
286 401
286 411
286 412
286 443
286 487
286 489
286 505
286 529
286 530
286 534
286 547
286 549
286 550
286 579
286 582
286 583
286 584
286 586
286 587
286 597
287 290
287 291
287 302
287 305
287 320
287 321
287 322
287 323
287 327
287 328
287 329
287 330
287 332
287 333
287 334
287 335
287 336
287 339
287 388
287 389
287 390
287 391
287 395
287 398
287 399
287 412
287 413
287 489
287 529
287 530
287 534
287 548
287 549
287 550
287 582
287 583
287 584
287 597
288 484
288 585
289 291
289 443
289 487
289 502
289 529
289 547
289 565
289 583
289 584
289 586
289 587
290 302
290 305
290 320
290 322
290 323
290 325
290 329
290 336
290 389
290 391
290 395
290 400
290 412
290 415
290 417
290 447
290 487
290 504
290 529
290 580
290 582
290 583
290 584
290 586
291 480
291 489
291 547
291 550
291 582
291 583
291 584
292 336
295 532
295 533
295 553
296 298
296 299
296 370
296 458
296 565
296 590
296 592
296 596
296 598
297 364
297 370
297 427
297 565
297 588
297 590
297 592
297 593
298 299
298 300
298 598
299 370
299 426
299 432
299 457
299 502
299 536
299 592
299 596
299 598
301 302
301 303
301 305
301 312
301 317
301 320
301 321
301 322
301 323
301 324
301 326
301 327
301 328
301 329
301 330
301 340
301 384
301 385
301 386
301 387
301 388
301 389
301 390
301 391
301 393
301 395
301 396
301 398
301 400
301 411
301 412
301 413
301 419
301 487
301 489
301 495
301 505
301 529
301 579
301 582
301 583
301 584
302 305
302 317
302 320
302 321
302 322
302 323
302 324
302 325
302 326
302 327
302 328
302 329
302 330
302 332
302 336
302 339
302 343
302 347
302 384
302 385
302 386
302 388
302 389
302 390
302 391
302 395
302 398
302 411
302 413
302 489
302 495
302 505
302 529
302 579
302 582
302 583
302 584
303 304
303 312
303 317
303 318
303 319
303 385
304 308
304 312
304 316
304 317
304 318
304 319
304 342
305 320
305 321
305 322
305 323
305 324
305 325
305 326
305 327
305 328
305 329
305 330
305 332
305 333
305 334
305 335
305 336
305 339
305 384
305 385
305 386
305 387
305 388
305 389
305 390
305 391
305 395
305 398
305 411
305 413
305 489
305 529
305 549
305 579
305 582
305 583
305 584
306 309
308 312
308 317
308 319
308 324
310 314
310 522
311 313
311 314
311 316
311 318
311 515
312 313
312 316
312 317
312 318
312 319
312 324
312 331
312 342
313 314
313 316
313 318
314 315
314 316
314 522
315 316
316 318
316 319
317 319
317 320
317 321
317 322
317 324
317 385
317 386
317 388
317 389
317 390
317 391
318 319
318 331
319 342
319 386
320 321
320 322
320 323
320 324
320 325
320 326
320 327
320 328
320 329
320 330
320 332
320 333
320 334
320 335
320 336
320 339
320 347
320 385
320 386
320 388
320 389
320 390
320 391
320 398
320 529
320 579
320 582
320 583
320 584
320 597
321 322
321 323
321 324
321 325
321 326
321 327
321 328
321 329
321 330
321 332
321 333
321 334
321 335
321 336
321 339
321 347
321 384
321 385
321 386
321 388
321 389
321 390
321 391
321 395
321 398
321 413
321 489
321 495
321 529
321 549
321 579
321 582
321 583
321 584
322 323
322 324
322 325
322 326
322 327
322 328
322 329
322 330
322 332
322 333
322 334
322 335
322 336
322 339
322 384
322 385
322 386
322 388
322 389
322 390
322 391
322 395
322 398
322 411
322 413
322 489
322 495
322 529
322 579
322 582
322 583
322 584
323 324
323 325
323 326
323 327
323 328
323 329
323 330
323 331
323 332
323 333
323 335
323 336
323 339
323 385
323 386
323 387
323 388
323 389
323 390
323 391
323 395
323 396
323 398
323 399
323 400
323 401
323 411
323 412
323 413
323 417
323 529
323 549
323 579
323 582
323 583
323 584
324 325
324 326
324 327
324 328
324 329
324 330
324 332
324 339
324 385
324 386
324 387
324 388
324 389
324 390
324 391
324 398
324 413
324 529
324 579
325 326
325 329
325 330
325 332
325 339
325 388
325 389
325 390
325 391
325 395
325 398
325 413
325 505
325 529
325 579
325 584
326 328
326 329
326 330
326 332
326 339
326 385
326 386
326 387
326 388
326 389
326 390
326 391
326 393
326 398
326 413
326 419
326 529
326 579
327 328
327 329
327 330
327 332
327 333
327 334
327 335
327 387
327 388
327 389
327 390
327 391
327 393
327 395
327 398
327 411
327 489
327 495
327 529
327 547
327 549
327 579
327 583
327 584
328 329
328 330
328 332
328 333
328 335
328 339
328 347
328 387
328 388
328 389
328 390
328 391
328 395
328 396
328 398
328 399
328 400
328 401
328 411
328 412
328 413
328 443
328 489
328 529
328 549
328 579
328 582
328 583
328 584
329 330
329 332
329 333
329 335
329 339
329 385
329 386
329 387
329 388
329 389
329 390
329 391
329 393
329 395
329 396
329 398
329 411
329 412
329 413
329 489
329 529
329 530
329 549
329 579
329 582
329 583
329 584
330 332
330 333
330 335
330 336
330 339
330 387
330 388
330 389
330 390
330 391
330 393
330 395
330 396
330 398
330 399
330 400
330 401
330 411
330 412
330 413
330 443
330 489
330 529
330 530
330 534
330 549
330 579
330 582
330 583
330 584
330 595
331 467
332 333
332 335
332 336
332 339
332 387
332 389
332 390
332 391
332 395
332 396
332 398
332 399
332 400
332 401
332 411
332 412
332 413
332 417
332 529
332 549
332 579
332 582
332 583
332 584
332 595
333 334
333 335
333 336
333 387
333 390
333 391
333 395
333 398
333 489
333 529
333 549
333 579
333 582
333 583
333 584
334 389
334 390
334 582
335 336
335 387
335 390
335 391
335 395
335 396
335 398
335 399
335 401
335 411
335 412
335 443
335 489
335 529
335 530
335 534
335 540
335 549
335 579
335 582
335 583
335 584
335 595
336 385
336 389
336 391
336 392
336 529
336 582
336 583
336 584
336 597
337 338
337 340
337 344
337 409
339 343
339 347
339 385
339 386
339 388
339 389
339 390
339 391
339 395
339 398
339 412
339 413
339 415
339 417
339 505
339 529
339 584
339 597
340 344
340 387
340 393
340 396
340 398
340 406
340 407
340 409
340 410
340 411
340 413
340 579
341 345
341 350
341 351
341 352
341 353
341 354
341 355
341 356
341 357
341 358
341 359
341 416
341 421
341 431
341 440
342 343
342 346
343 346
343 386
343 389
343 391
343 596
344 348
344 387
344 393
344 394
344 396
344 398
344 400
344 406
344 407
344 408
344 409
344 410
344 411
344 413
344 419
344 425
344 492
344 579
345 352
345 353
345 354
345 355
345 356
345 358
345 382
347 385
347 386
347 388
347 389
347 390
347 391
347 417
348 350
348 351
348 402
348 407
348 408
348 409
348 410
348 414
348 418
348 491
348 506
349 474
350 352
350 353
350 354
350 357
350 358
350 416
350 436
350 440
351 352
351 353
351 355
351 357
351 358
351 359
351 361
351 407
351 414
351 421
351 491
352 353
352 354
352 355
352 356
352 357
352 358
352 359
352 360
352 361
352 363
352 431
353 354
353 355
353 356
353 357
353 358
353 359
353 361
353 372
353 375
353 421
353 430
353 431
353 433
353 436
353 440
354 355
354 356
354 358
354 359
354 374
354 379
354 382
354 430
354 431
354 433
354 436
354 440
355 356
355 380
355 382
355 501
356 358
356 431
357 358
357 359
357 414
357 416
357 421
357 440
358 359
358 360
358 361
358 363
358 431
359 360
359 361
359 372
359 421
359 433
360 361
360 362
360 363
361 363
362 363
364 365
364 370
364 593
365 368
365 593
366 564
367 371
367 374
367 376
367 377
367 378
367 382
367 422
367 428
367 430
367 448
368 593
370 435
370 456
370 457
370 458
370 565
370 578
370 590
370 592
370 593
370 596
370 598
371 374
371 376
371 382
371 422
371 428
371 430
371 432
371 433
371 434
371 456
372 375
372 414
372 421
372 430
372 432
372 447
373 431
374 376
374 377
374 379
374 382
374 403
374 421
374 422
374 428
374 430
374 431
374 433
374 434
374 435
374 436
374 440
374 446
374 448
375 407
375 436
376 377
376 382
376 403
376 422
376 428
376 430
376 433
376 436
376 440
376 446
376 448
377 378
377 379
377 380
377 381
377 382
377 405
379 380
379 405
379 436
380 381
380 382
380 405
381 382
381 405
382 431
383 580
384 385
384 386
384 387
384 388
384 389
384 390
384 391
384 393
384 394
384 395
384 396
384 398
384 399
384 400
384 411
384 413
384 419
384 487
384 489
384 495
384 505
384 529
384 579
384 580
384 583
384 586
385 386
385 388
385 389
385 390
385 391
385 395
385 398
385 411
385 413
385 489
385 495
385 579
385 582
385 583
386 388
386 389
386 390
386 391
386 395
386 398
386 413
386 489
386 579
386 582
387 390
387 393
387 394
387 395
387 396
387 398
387 400
387 401
387 402
387 406
387 408
387 410
387 411
387 412
387 413
387 419
387 487
387 489
387 495
387 529
387 540
387 549
387 579
387 583
387 584
387 586
387 595
388 389
388 390
388 391
388 395
388 398
388 489
388 495
388 579
388 582
388 584
389 390
389 391
389 395
389 398
389 413
389 489
389 495
389 505
389 529
389 579
389 582
389 583
389 584
390 391
390 393
390 395
390 396
390 398
390 411
390 413
390 419
390 489
390 495
390 505
390 529
390 549
390 579
390 582
390 583
390 584
391 395
391 398
391 413
391 417
391 489
391 505
391 529
391 579
391 582
391 583
391 584
391 597
392 426
392 596
392 597
393 394
393 395
393 396
393 398
393 400
393 401
393 402
393 406
393 408
393 409
393 410
393 411
393 412
393 413
393 419
393 425
393 487
393 489
393 495
393 499
393 505
393 529
393 579
393 580
393 584
393 586
394 395
394 396
394 398
394 402
394 406
394 408
394 410
394 411
394 419
394 425
394 483
394 487
394 489
394 492
394 495
394 496
394 499
394 501
394 505
394 520
394 540
394 579
394 586
395 396
395 398
395 399
395 400
395 401
395 411
395 412
395 413
395 419
395 487
395 489
395 495
395 505
395 529
395 530
395 579
395 580
395 582
395 583
395 584
395 586
395 595
396 398
396 399
396 400
396 401
396 402
396 404
396 406
396 407
396 408
396 410
396 411
396 412
396 413
396 414
396 419
396 425
396 487
396 489
396 491
396 492
396 495
396 499
396 505
396 529
396 579
396 580
396 584
396 586
396 595
397 399
397 439
397 490
397 496
397 530
397 533
397 536
397 548
397 551
398 400
398 406
398 410
398 411
398 412
398 413
398 419
398 487
398 489
398 495
398 505
398 529
398 579
398 583
398 584
399 401
399 411
399 412
399 443
399 445
399 487
399 489
399 520
399 529
399 530
399 531
399 533
399 534
399 540
399 548
399 549
399 551
399 583
399 584
399 595
400 401
400 402
400 406
400 410
400 411
400 412
400 413
400 414
400 417
400 418
400 419
400 487
400 491
400 504
400 529
400 579
400 580
400 584
400 586
401 402
401 411
401 412
401 413
401 443
401 445
401 467
401 487
401 491
401 504
401 520
401 529
401 530
401 534
401 579
401 580
401 581
401 583
401 584
401 595
402 406
402 407
402 408
402 410
402 411
402 412
402 414
402 418
402 419
402 425
402 451
402 487
402 491
402 492
402 503
402 504
402 580
402 586
402 595
403 404
403 422
403 428
403 430
403 433
403 434
403 435
403 436
403 437
403 440
403 446
403 448
404 406
404 423
404 451
404 459
404 491
404 492
404 499
406 407
406 408
406 410
406 411
406 418
406 419
406 425
406 451
406 459
406 491
406 492
406 499
406 579
407 408
407 418
407 440
407 451
407 491
407 492
407 503
407 595
408 409
408 410
408 411
408 419
408 425
408 492
408 494
408 496
408 498
408 499
408 501
408 503
408 516
409 410
410 411
410 413
410 414
410 419
410 425
410 487
410 492
410 579
411 412
411 413
411 419
411 487
411 489
411 491
411 495
411 502
411 505
411 529
411 530
411 579
411 580
411 583
411 584
411 586
411 595
412 413
412 414
412 417
412 419
412 443
412 445
412 447
412 467
412 487
412 491
412 504
412 529
412 530
412 534
412 579
412 580
412 582
412 583
412 584
412 586
412 595
413 417
413 419
413 487
413 489
413 505
413 529
413 579
413 583
413 584
414 417
414 419
414 421
414 491
415 417
415 419
415 447
415 504
415 505
415 580
415 586
416 436
416 440
417 467
417 504
417 584
418 423
418 440
418 451
418 491
418 492
419 425
419 487
419 489
419 491
419 504
419 505
419 529
419 579
419 580
419 586
420 435
420 439
420 445
420 456
420 457
420 458
420 545
420 565
420 572
420 577
420 578
420 590
420 592
420 598
420 599
420 600
421 422
421 428
421 430
421 432
421 433
421 435
421 436
421 440
421 446
421 491
422 423
422 428
422 430
422 432
422 433
422 434
422 435
422 436
422 437
422 440
422 446
422 447
422 448
422 457
422 594
423 424
423 428
423 432
423 434
423 435
423 448
423 451
423 456
423 457
423 458
423 491
424 470
424 591
425 492
425 493
425 494
425 496
425 498
425 499
425 501
425 503
425 516
425 519
426 430
426 432
426 435
426 437
426 448
426 457
426 458
426 596
427 429
427 536
427 565
427 590
427 592
428 430
428 432
428 433
428 434
428 435
428 436
428 437
428 440
428 446
428 448
428 456
428 458
429 535
430 431
430 432
430 433
430 435
430 436
430 437
430 440
430 446
430 448
431 433
431 436
431 440
432 433
432 434
432 435
432 436
432 437
432 440
432 442
432 446
432 448
432 455
432 456
432 457
432 458
432 473
433 434
433 435
433 436
433 440
433 446
434 435
434 440
434 448
434 456
435 440
435 448
435 456
435 457
435 458
435 590
435 592
435 594
436 440
436 446
437 446
437 448
437 456
437 458
437 545
439 450
439 510
439 518
439 572
439 598
439 600
440 446
440 448
440 491
442 449
442 455
442 456
442 460
442 464
442 515
443 445
443 487
443 529
443 530
443 534
443 583
443 584
443 586
443 599
445 454
445 467
445 490
445 530
445 534
445 545
445 548
445 599
446 448
447 457
447 491
447 502
447 504
447 596
448 456
448 457
448 515
448 594
449 454
449 455
449 456
449 463
449 464
449 467
449 468
449 515
449 518
450 510
450 517
450 518
450 528
451 459
451 490
451 491
451 492
451 503
452 453
452 454
452 463
452 468
452 490
452 498
452 510
452 512
452 513
452 514
452 518
452 520
452 521
452 525
452 527
452 528
452 542
452 543
452 544
452 559
452 573
453 454
453 468
453 518
453 521
453 528
453 531
453 541
453 543
453 544
453 566
453 570
453 573
454 463
454 464
454 468
454 510
454 515
454 518
454 521
454 543
454 545
454 557
454 572
455 456
455 458
455 464
455 515
455 524
455 575
456 458
456 464
456 515
457 458
457 502
457 578
457 590
457 594
458 592
458 593
459 491
459 499
459 503
461 466
463 464
463 468
463 490
463 510
463 515
463 521
463 552
463 557
463 563
463 572
464 467
464 515
464 523
464 545
465 493
465 494
465 501
465 507
465 513
465 516
465 517
465 519
465 524
465 525
465 528
466 500
467 490
467 504
467 515
467 521
467 545
468 510
468 515
468 518
468 521
468 526
468 544
468 552
468 557
469 479
469 481
469 559
469 560
471 475
471 477
471 479
471 559
472 477
475 476
475 477
475 479
475 481
475 527
475 559
475 567
476 477
476 479
476 481
476 488
476 549
476 554
476 566
477 479
477 481
477 488
477 527
477 566
478 556
479 481
479 484
479 488
479 495
479 527
479 532
479 540
479 541
479 553
479 554
479 555
479 559
479 560
479 566
479 567
479 569
479 573
480 481
480 482
480 483
480 484
480 566
481 482
481 483
481 484
481 527
481 553
481 566
481 567
482 483
482 484
482 540
483 484
483 540
484 540
484 569
484 585
485 498
485 512
485 513
485 516
485 521
485 525
485 544
485 567
487 489
487 491
487 504
487 505
487 529
487 579
487 580
487 581
487 583
487 584
487 586
488 550
488 560
488 561
488 566
488 569
489 495
489 505
489 529
489 540
489 547
489 549
489 562
489 579
489 582
489 583
489 584
489 586
490 492
490 503
490 510
490 514
490 515
490 521
490 543
491 503
491 504
491 580
491 586
491 595
492 503
493 494
493 496
493 498
493 499
493 501
493 507
493 511
493 512
493 513
493 516
493 517
493 519
493 525
493 527
493 532
493 533
493 542
493 553
494 496
494 498
494 499
494 501
494 513
494 514
494 516
494 517
494 519
494 525
494 533
495 505
495 547
495 562
495 579
496 498
496 499
496 501
496 516
496 517
496 519
496 532
496 533
497 498
497 503
498 501
498 512
498 514
498 516
498 519
498 520
498 521
498 525
498 527
498 540
498 542
498 573
498 581
499 501
499 519
500 502
501 514
501 516
501 519
501 525
501 527
502 504
502 505
502 529
502 565
502 586
502 587
502 596
503 514
504 580
504 596
505 529
505 579
505 580
505 584
505 586
506 585
507 508
507 512
507 513
507 517
507 524
508 510
508 511
508 512
508 542
509 586
510 512
510 513
510 514
510 518
510 521
510 526
510 552
511 512
511 516
511 532
511 533
511 541
511 542
511 547
511 553
511 554
511 567
511 573
512 513
512 516
512 517
512 521
512 525
512 528
512 541
512 542
512 544
512 567
512 573
513 514
513 516
513 517
513 525
513 526
514 521
514 525
514 526
514 544
515 543
515 545
516 519
516 525
516 527
516 532
516 542
516 567
517 519
517 525
518 521
519 527
519 532
519 573
520 521
520 531
520 532
520 533
520 534
520 540
520 542
520 547
520 549
520 551
520 553
520 554
520 555
520 567
520 573
520 581
521 525
521 531
521 542
521 544
521 552
521 555
521 557
521 573
521 581
522 524
522 577
524 526
525 526
525 544
527 528
527 532
527 541
527 542
527 554
527 567
527 573
528 573
529 530
529 534
529 540
529 549
529 579
529 580
529 582
529 583
529 584
529 586
529 595
529 597
530 533
530 534
530 536
530 548
530 551
530 582
530 583
530 584
530 595
530 599
531 532
531 533
531 534
531 539
531 540
531 541
531 542
531 547
531 549
531 553
531 554
531 555
531 561
531 566
531 573
532 533
532 538
532 539
532 540
532 541
532 542
532 547
532 549
532 553
532 554
532 555
532 562
532 566
532 567
532 573
533 542
533 547
533 551
533 553
533 554
533 555
533 573
534 540
534 548
534 549
534 551
534 555
534 583
534 584
534 595
534 599
534 600
535 537
536 548
538 539
538 541
538 542
538 547
538 553
538 554
538 555
538 562
538 567
538 569
538 573
538 588
539 540
539 547
539 549
539 553
539 554
539 555
539 566
539 573
540 542
540 547
540 549
540 553
540 554
540 555
540 567
540 573
540 581
541 542
541 547
541 553
541 554
541 555
541 566
541 567
541 573
542 553
542 554
542 555
542 567
542 573
542 581
543 544
546 585
547 549
547 553
547 554
547 555
547 562
547 573
548 550
548 551
548 599
549 553
549 554
549 555
549 583
549 584
550 582
550 583
551 552
553 554
553 555
553 562
553 566
553 567
553 573
554 555
554 562
554 566
554 567
554 569
554 573
555 561
555 562
555 566
555 567
555 573
556 558
556 560
556 561
557 560
559 560
559 573
560 561
560 569
561 566
561 569
561 570
562 569
564 589
565 588
565 590
565 592
565 593
565 598
565 599
566 570
566 571
567 573
570 571
570 573
571 574
571 600
576 577
576 578
577 578
578 590
578 592
579 580
579 583
579 584
579 586
580 584
580 586
580 587
581 586
582 583
582 584
582 587
583 584
583 586
583 587
584 586
584 595
584 597
586 587
588 600
589 590
589 597
589 598
589 599
589 600
590 592
590 598
592 596
592 598
594 595
594 597
596 597
596 598
599 600
