600 7195

1 2
1 3
1 4
1 5
1 12
1 14
1 16
1 17
1 18
1 19
1 20
1 21
1 26
1 29
1 37
1 38
1 93
1 94
1 98
1 103
1 107
1 287
1 290
1 301
1 302
1 303
1 304
1 305
1 312
1 317
1 318
1 319
1 320
1 321
1 324
1 336
1 384
1 386
1 389
1 391
1 398
1 583
1 586
2 3
2 4
2 5
2 9
2 11
2 12
2 14
2 16
2 17
2 18
2 19
2 20
2 21
2 26
2 29
2 36
2 37
2 38
2 59
2 75
2 81
2 93
2 94
2 97
2 98
2 102
2 103
2 107
2 108
2 111
2 175
2 184
2 301
2 302
2 303
2 304
2 311
2 312
2 317
2 318
2 319
2 320
2 321
2 324
2 328
2 335
2 336
2 384
2 385
2 386
2 389
2 398
3 4
3 5
3 7
3 12
3 14
3 16
3 17
3 18
3 19
3 20
3 21
3 23
3 26
3 29
3 30
3 36
3 37
3 38
3 93
3 94
3 98
3 107
3 301
3 302
3 303
3 304
3 308
3 312
3 317
3 318
3 319
3 320
3 321
3 323
3 324
3 328
3 330
3 332
3 336
3 384
3 389
3 391
3 398
3 411
3 529
3 582
4 5
4 12
4 14
4 16
4 17
4 18
4 19
4 20
4 21
4 22
4 23
4 26
4 29
4 30
4 36
4 37
4 38
4 94
4 98
4 107
4 145
4 287
4 301
4 302
4 303
4 304
4 305
4 312
4 317
4 318
4 319
4 320
4 321
4 322
4 323
4 324
4 327
4 328
4 336
4 389
4 398
4 445
5 7
5 12
5 14
5 16
5 17
5 18
5 19
5 20
5 21
5 23
5 24
5 26
5 29
5 30
5 36
5 37
5 38
5 93
5 94
5 98
5 107
5 301
5 302
5 303
5 304
5 305
5 308
5 312
5 317
5 318
5 319
5 320
5 321
5 323
5 324
5 326
5 327
5 328
5 329
5 330
5 336
5 384
5 389
5 391
5 396
5 398
5 411
5 443
5 445
5 487
5 529
5 534
6 309
7 24
7 237
7 308
7 324
7 553
8 11
8 55
8 108
8 118
8 135
8 175
8 368
8 400
9 12
9 14
9 19
9 20
9 26
9 29
9 94
9 107
9 108
9 312
9 317
9 384
9 389
10 527
11 18
11 20
11 21
11 37
11 94
11 98
11 102
11 111
11 175
11 301
11 302
11 311
11 317
11 321
11 369
11 386
11 389
11 398
11 400
12 14
12 15
12 16
12 17
12 18
12 19
12 20
12 21
12 29
12 37
12 93
12 94
12 98
12 100
12 107
12 108
12 301
12 303
12 304
12 305
12 308
12 311
12 312
12 315
12 316
12 317
12 318
12 319
12 320
12 321
12 324
12 336
12 369
12 384
12 385
12 389
12 391
12 445
13 264
14 16
14 17
14 18
14 19
14 20
14 21
14 26
14 29
14 36
14 37
14 38
14 93
14 94
14 98
14 103
14 107
14 108
14 301
14 303
14 304
14 308
14 312
14 315
14 317
14 318
14 319
14 320
14 321
14 323
14 324
14 328
14 329
14 330
14 332
14 336
14 384
14 389
14 396
14 398
14 411
14 443
14 445
14 487
15 16
15 18
15 94
15 100
15 137
15 304
15 315
15 316
15 317
15 319
15 384
16 17
16 18
16 19
16 20
16 21
16 29
16 93
16 94
16 107
16 149
16 301
16 303
16 304
16 308
16 311
16 312
16 315
16 316
16 317
16 318
16 319
16 320
16 321
16 324
16 336
16 384
16 385
16 389
16 390
16 391
16 396
16 397
16 411
16 412
16 445
16 529
16 530
16 534
17 18
17 19
17 20
17 21
17 26
17 29
17 36
17 37
17 38
17 94
17 98
17 107
17 301
17 302
17 303
17 304
17 312
17 317
17 318
17 319
17 320
17 321
17 323
17 324
17 328
17 329
17 330
17 332
17 335
17 336
17 389
18 19
18 20
18 21
18 26
18 29
18 37
18 93
18 94
18 98
18 102
18 107
18 145
18 184
18 301
18 302
18 303
18 304
18 305
18 308
18 311
18 312
18 315
18 316
18 317
18 318
18 319
18 320
18 321
18 324
18 336
18 369
18 384
18 385
18 386
18 389
18 391
18 394
18 398
18 482
18 487
18 582
19 20
19 21
19 26
19 29
19 36
19 37
19 38
19 93
19 94
19 98
19 107
19 301
19 303
19 304
19 308
19 311
19 312
19 315
19 316
19 317
19 318
19 319
19 320
19 321
19 323
19 324
19 328
19 336
19 369
19 384
19 389
19 391
19 396
19 398
19 411
19 445
19 487
19 529
19 534
19 582
20 21
20 26
20 29
20 36
20 37
20 93
20 94
20 98
20 100
20 102
20 103
20 107
20 108
20 175
20 184
20 301
20 302
20 303
20 304
20 305
20 308
20 311
20 312
20 315
20 317
20 318
20 319
20 320
20 321
20 324
20 326
20 328
20 336
20 369
20 384
20 385
20 386
20 389
20 391
20 394
20 398
20 411
20 582
21 29
21 36
21 37
21 38
21 93
21 94
21 98
21 100
21 102
21 107
21 108
21 111
21 175
21 301
21 302
21 304
21 305
21 308
21 311
21 312
21 317
21 318
21 319
21 320
21 321
21 324
21 326
21 330
21 335
21 336
21 369
21 384
21 385
21 386
21 389
21 391
21 394
21 398
21 400
21 411
21 504
22 23
22 24
22 25
22 287
22 322
22 327
22 445
23 26
23 28
23 29
23 30
23 31
23 36
23 38
23 107
23 145
23 301
23 304
23 305
23 312
23 318
23 319
23 320
23 323
23 327
23 328
23 336
23 412
23 415
23 438
23 443
23 445
23 534
24 29
24 38
24 107
24 304
24 305
24 308
24 312
24 324
24 326
24 327
24 391
24 396
25 34
25 284
25 322
25 325
26 29
26 30
26 38
26 94
26 97
26 103
26 107
26 184
26 301
26 312
26 317
26 318
26 319
26 320
26 321
26 328
26 389
26 398
26 529
27 432
27 490
27 514
28 30
28 31
28 32
28 33
28 38
28 246
28 284
28 302
28 322
28 327
28 329
28 330
29 30
29 36
29 37
29 38
29 93
29 94
29 98
29 102
29 103
29 107
29 301
29 302
29 303
29 304
29 308
29 312
29 315
29 317
29 318
29 319
29 320
29 321
29 323
29 324
29 326
29 327
29 328
29 329
29 330
29 332
29 335
29 336
29 384
29 385
29 389
29 391
29 394
29 398
29 411
29 415
29 443
29 445
29 487
30 31
30 32
30 34
30 36
30 38
30 103
30 287
30 302
30 312
30 318
30 320
30 322
30 323
30 324
30 327
30 328
30 329
30 330
30 332
30 335
30 336
30 412
30 415
30 432
30 443
30 444
30 445
30 455
30 456
30 465
30 576
31 36
31 38
31 103
31 145
31 301
31 302
31 305
31 322
31 330
31 415
31 443
31 445
31 466
31 534
32 33
32 35
32 38
32 237
32 323
32 327
32 329
32 330
32 331
32 332
32 333
32 334
32 335
33 35
33 38
33 237
33 329
33 330
33 332
33 333
33 335
33 565
33 597
33 600
34 180
34 286
34 287
34 302
34 303
34 305
34 322
34 412
34 438
34 444
34 445
34 447
34 534
34 584
35 331
35 333
35 334
36 37
36 38
36 81
36 94
36 103
36 107
36 301
36 302
36 304
36 312
36 318
36 319
36 320
36 321
36 323
36 324
36 327
36 328
36 329
36 330
36 332
36 335
36 336
36 389
36 415
36 443
36 445
36 446
36 534
37 38
37 94
37 98
37 145
37 301
37 302
37 303
37 304
37 305
37 312
37 317
37 318
37 320
37 321
37 323
37 324
37 326
37 328
37 329
37 330
37 334
37 335
37 336
37 389
37 398
38 98
38 103
38 221
38 301
38 302
38 304
38 305
38 308
38 312
38 318
38 320
38 321
38 322
38 323
38 324
38 327
38 328
38 329
38 330
38 332
38 335
38 336
38 398
38 445
38 464
38 529
39 41
39 42
39 47
39 49
39 52
39 53
39 56
39 79
39 82
39 88
39 93
39 94
39 95
39 107
39 115
39 118
39 123
39 126
39 130
39 149
39 150
39 204
39 348
39 357
39 375
39 409
39 410
39 415
39 416
40 150
40 337
41 43
41 45
41 46
41 48
41 49
41 77
41 78
41 80
41 81
41 82
41 127
41 150
41 338
41 339
41 342
41 343
41 347
41 372
41 374
41 378
41 380
41 427
41 458
41 590
41 591
41 592
42 45
42 47
42 48
42 52
42 53
42 56
42 76
42 95
42 116
42 118
42 340
42 342
42 344
42 346
42 347
42 350
42 351
42 352
42 363
43 48
43 71
43 77
43 80
43 90
43 151
43 335
43 338
43 339
43 343
43 398
43 590
44 49
44 57
44 58
44 63
44 64
44 65
44 82
44 113
44 126
44 140
44 141
44 152
44 199
44 204
44 341
44 348
44 357
44 358
44 375
44 379
44 431
44 434
44 435
44 436
44 440
44 446
45 46
45 48
45 50
45 53
45 54
45 341
45 342
45 344
45 347
45 353
45 359
45 372
45 441
46 48
46 51
46 54
46 66
46 67
46 295
46 342
46 343
46 344
46 345
46 346
46 347
46 349
46 352
46 353
46 360
46 362
46 363
46 588
46 589
46 590
46 591
46 592
47 52
47 55
47 56
47 60
47 79
47 88
47 95
47 108
47 110
47 112
47 113
47 115
47 116
47 117
47 118
47 120
47 126
47 137
47 194
47 200
47 204
47 281
47 348
47 351
48 51
48 54
48 61
48 62
48 66
48 67
48 71
48 340
48 342
48 343
48 344
48 345
48 346
48 347
48 349
48 351
48 352
48 353
48 354
48 360
48 362
48 363
48 588
49 58
49 68
49 79
49 82
49 83
49 85
49 126
49 127
49 129
49 130
49 134
49 140
49 141
49 148
49 149
49 150
49 152
49 159
49 160
49 191
49 204
49 339
49 341
49 348
49 357
49 358
49 364
49 374
49 375
49 376
49 403
49 410
49 415
49 420
49 421
49 422
49 423
49 428
49 430
49 431
49 432
49 434
49 435
49 436
49 437
49 446
49 447
49 448
49 456
50 51
50 54
50 58
50 61
50 66
50 345
50 351
50 352
50 358
50 362
50 363
51 54
51 61
51 62
51 66
51 67
51 297
51 345
51 352
51 360
51 362
51 363
52 53
52 55
52 95
52 96
52 115
52 116
52 117
52 118
52 123
52 124
52 194
52 350
52 506
53 55
53 57
53 64
53 65
53 95
53 118
53 124
53 344
53 348
53 350
53 357
53 413
54 61
54 62
54 66
54 67
54 342
54 343
54 344
54 345
54 346
54 347
54 352
54 353
54 354
54 360
54 362
54 363
55 60
55 95
55 108
55 110
55 116
55 117
55 118
55 120
55 348
55 413
56 60
56 77
56 84
56 151
56 340
56 348
56 351
56 394
57 65
57 124
57 350
57 357
57 433
58 61
58 66
58 115
58 127
58 130
58 341
58 345
58 348
58 354
58 356
58 357
58 358
58 362
58 363
58 413
58 447
59 75
59 335
59 336
60 64
60 79
60 150
60 341
60 348
60 359
60 411
60 413
60 414
61 62
61 66
61 67
61 76
61 342
61 345
61 351
61 352
61 353
61 354
61 356
61 360
61 362
61 363
62 66
62 67
62 345
62 351
62 352
62 358
62 360
62 362
62 363
63 64
63 79
63 113
63 117
63 126
63 141
63 143
63 149
63 152
63 341
63 357
63 416
63 418
63 423
63 434
63 440
64 79
64 82
64 83
64 116
64 117
64 129
64 141
64 341
64 348
64 357
64 359
64 375
64 379
64 413
65 150
65 199
65 357
66 67
66 76
66 297
66 342
66 343
66 345
66 347
66 351
66 352
66 360
66 362
66 363
67 293
67 342
67 343
67 345
67 346
67 347
67 349
67 351
67 352
67 360
67 361
67 362
67 363
67 588
68 75
68 79
68 80
68 83
68 112
68 127
68 129
68 132
68 136
68 140
68 141
68 148
68 154
68 158
68 159
68 161
68 162
68 186
68 191
68 197
68 339
68 364
68 374
68 376
68 403
68 404
68 420
68 421
68 422
68 423
68 425
68 427
68 428
68 430
68 434
68 435
68 437
68 446
68 448
68 456
68 459
68 460
68 501
68 591
68 599
69 71
69 75
69 76
69 77
69 79
69 80
69 82
69 127
69 129
69 297
69 348
69 351
69 353
69 372
69 375
69 385
69 413
70 72
70 73
70 75
70 77
70 111
70 135
70 343
70 365
70 366
70 368
70 370
70 373
70 427
70 429
70 591
70 593
71 72
71 76
71 77
71 90
71 135
71 151
71 294
71 297
71 340
71 345
71 351
71 363
71 372
71 386
71 398
71 400
71 427
72 73
72 74
72 75
72 77
72 80
72 129
72 133
72 135
72 365
72 370
72 589
72 591
72 593
73 75
73 80
73 132
73 135
73 137
73 175
73 188
73 365
73 370
73 373
73 427
73 459
73 591
73 593
74 75
74 77
75 78
75 79
75 80
75 81
75 129
75 135
75 140
75 186
75 371
75 373
75 420
75 427
75 459
75 589
75 591
75 592
76 77
76 90
76 95
76 96
76 122
76 151
76 294
76 297
76 340
76 345
76 351
76 362
76 363
76 400
77 78
77 80
77 84
77 90
77 129
77 135
77 151
77 281
77 343
77 351
77 365
77 370
77 372
77 374
77 400
77 591
77 593
78 97
78 103
78 111
78 372
79 81
79 82
79 83
79 88
79 109
79 112
79 113
79 115
79 116
79 117
79 118
79 123
79 126
79 127
79 129
79 130
79 137
79 140
79 141
79 149
79 150
79 191
79 194
79 199
79 201
79 204
79 281
79 348
79 357
79 375
79 376
79 379
79 403
79 410
79 413
79 420
79 421
79 422
79 423
79 434
79 436
79 459
80 82
80 112
80 126
80 127
80 129
80 132
80 133
80 150
80 186
80 281
80 338
80 370
80 374
80 402
80 422
80 427
80 459
80 590
80 591
80 592
81 84
81 338
81 339
81 371
81 415
81 459
82 83
82 93
82 112
82 113
82 115
82 116
82 117
82 123
82 126
82 127
82 129
82 130
82 134
82 140
82 141
82 149
82 150
82 194
82 199
82 281
82 341
82 348
82 357
82 372
82 375
82 410
82 413
82 421
82 422
82 430
82 432
82 434
82 459
82 461
82 506
83 85
83 88
83 112
83 113
83 114
83 115
83 116
83 117
83 126
83 127
83 129
83 130
83 140
83 141
83 149
83 191
83 192
83 201
83 204
83 348
83 364
83 375
83 403
83 409
83 410
83 413
83 414
83 420
83 421
83 422
83 423
83 434
83 435
83 459
84 86
84 87
84 89
84 377
85 88
85 126
85 130
85 149
85 191
85 403
85 410
85 412
85 416
85 421
85 423
85 432
85 447
85 456
85 491
86 87
86 89
86 377
86 378
86 381
86 473
87 89
87 377
87 381
87 382
88 112
88 113
88 114
88 115
88 116
88 117
88 118
88 126
88 130
88 137
88 149
88 191
88 194
88 403
88 404
88 406
88 407
88 409
88 410
88 423
88 436
88 491
89 91
89 337
89 338
89 377
89 380
89 381
89 405
89 469
89 473
90 95
90 122
90 150
90 151
90 164
90 272
90 294
90 337
90 340
90 409
91 338
92 93
92 95
92 100
92 101
92 108
92 109
92 110
92 120
92 171
92 175
92 187
92 193
92 198
92 200
92 201
92 202
93 94
93 95
93 100
93 107
93 108
93 109
93 175
93 303
93 304
93 317
93 318
93 319
93 320
93 321
93 348
93 384
93 385
93 388
93 389
93 391
93 409
93 411
93 413
93 487
94 95
94 98
94 100
94 102
94 107
94 108
94 175
94 184
94 301
94 302
94 303
94 304
94 311
94 312
94 315
94 316
94 317
94 318
94 319
94 320
94 321
94 324
94 336
94 369
94 384
94 385
94 386
94 388
94 389
94 391
94 394
94 398
94 411
94 487
94 504
95 96
95 108
95 118
95 151
95 175
95 340
95 350
95 385
95 402
96 97
96 295
97 99
97 246
97 385
97 398
97 400
97 488
97 589
98 184
98 301
98 302
98 303
98 304
98 305
98 312
98 317
98 318
98 320
98 321
98 324
98 326
98 336
98 384
98 386
98 389
98 398
98 487
98 586
98 595
99 282
99 298
99 300
100 101
100 107
100 108
100 109
100 110
100 137
100 175
100 187
100 198
100 304
100 317
100 375
100 384
100 385
100 391
100 400
100 413
101 104
101 105
101 108
101 110
101 187
101 198
101 202
101 212
101 390
102 111
102 301
102 311
102 321
102 389
102 391
102 398
102 557
103 287
103 312
103 320
103 323
103 328
103 329
103 335
103 336
103 398
103 412
103 443
103 445
103 534
104 105
104 106
104 189
104 191
104 192
104 193
104 198
104 202
104 204
104 211
104 212
104 214
104 215
104 226
104 227
104 235
104 390
104 530
104 535
104 536
105 106
105 189
105 191
105 192
105 211
105 212
105 223
105 390
105 397
105 530
105 536
106 119
106 189
106 192
106 211
106 212
106 222
106 223
106 244
106 390
106 530
106 535
106 536
107 108
107 109
107 301
107 303
107 304
107 312
107 315
107 317
107 318
107 319
107 320
107 321
107 328
107 348
107 384
107 389
107 391
107 392
107 394
107 396
107 397
107 398
107 410
107 411
107 413
107 415
107 416
107 445
107 487
107 504
108 109
108 110
108 111
108 118
108 120
108 123
108 137
108 171
108 175
108 187
108 198
108 200
108 201
108 317
108 384
108 398
108 400
108 411
108 413
108 504
109 110
109 113
109 114
109 115
109 117
109 120
109 123
109 126
109 171
109 187
109 191
109 193
109 198
109 201
109 204
109 212
109 348
109 375
109 392
109 395
109 396
109 397
109 407
109 408
109 409
109 410
109 411
109 413
109 416
109 417
109 419
109 490
109 492
110 118
110 120
110 123
110 187
110 196
110 198
110 212
110 395
110 397
110 401
110 417
110 506
111 175
111 321
111 342
111 368
111 371
111 372
111 394
111 398
111 400
112 113
112 114
112 115
112 117
112 126
112 129
112 130
112 132
112 140
112 141
112 150
112 152
112 154
112 191
112 194
112 197
112 199
112 281
112 374
112 379
112 403
112 404
112 410
112 422
112 423
112 424
112 434
112 435
112 436
112 451
112 459
112 461
112 490
112 491
112 492
113 114
113 115
113 116
113 117
113 120
113 126
113 129
113 130
113 141
113 150
113 152
113 187
113 191
113 193
113 194
113 199
113 201
113 281
113 282
113 357
113 379
113 393
113 395
113 397
113 404
113 406
113 407
113 408
113 409
113 410
113 413
113 416
113 417
113 418
113 423
113 434
113 435
113 436
113 451
113 461
113 490
113 491
113 492
114 115
114 117
114 126
114 130
114 132
114 141
114 152
114 154
114 187
114 191
114 193
114 197
114 198
114 199
114 201
114 202
114 212
114 395
114 404
114 408
114 410
114 417
114 419
114 422
114 423
114 435
114 451
114 461
114 490
114 491
114 492
114 497
114 501
114 514
115 116
115 117
115 118
115 123
115 126
115 130
115 152
115 187
115 191
115 193
115 194
115 199
115 201
115 204
115 212
115 348
115 357
115 395
115 407
115 408
115 409
115 410
115 490
115 492
116 117
116 118
116 130
116 191
116 194
116 348
116 407
116 409
116 410
116 413
117 118
117 120
117 123
117 126
117 129
117 137
117 141
117 149
117 191
117 194
117 199
117 282
117 348
117 375
117 395
117 396
117 397
117 399
117 407
117 408
117 409
117 410
117 411
117 413
117 416
117 417
117 423
117 451
117 461
117 490
117 491
117 492
118 120
118 123
118 137
118 194
118 348
118 413
119 120
119 128
119 190
119 196
119 223
119 225
119 244
119 245
119 273
119 282
119 383
119 399
120 123
120 195
120 196
120 282
120 395
120 397
120 401
120 413
120 417
121 210
122 151
122 164
122 178
122 261
122 271
122 272
122 274
122 280
122 294
122 573
123 124
123 125
123 126
123 127
123 129
123 141
123 148
123 149
123 159
123 195
123 196
123 204
123 289
123 348
123 375
123 413
123 415
123 416
123 417
123 418
123 446
124 506
125 152
125 153
125 195
125 196
126 127
126 129
126 130
126 140
126 141
126 149
126 150
126 152
126 191
126 199
126 200
126 201
126 204
126 281
126 348
126 357
126 379
126 409
126 410
126 416
126 419
126 422
126 446
126 459
127 129
127 130
127 140
127 141
127 148
127 149
127 152
127 204
127 341
127 364
127 370
127 374
127 420
127 421
127 422
127 427
127 446
127 459
127 590
127 591
128 131
128 190
128 208
128 218
128 228
128 262
128 263
128 264
128 267
128 270
128 271
128 273
128 278
128 298
128 453
128 564
128 566
129 130
129 132
129 134
129 140
129 141
129 149
129 150
129 199
129 281
129 348
129 364
129 374
129 375
129 413
129 420
129 421
129 422
129 423
129 430
129 434
129 459
129 461
130 141
130 149
130 191
130 199
130 201
130 204
130 403
130 410
130 421
130 422
130 423
131 155
131 179
131 190
131 216
131 425
131 449
131 450
131 453
131 599
132 133
132 134
132 140
132 141
132 186
132 199
132 281
132 364
132 370
132 374
132 404
132 420
132 422
132 428
132 430
132 432
132 434
132 435
132 446
132 451
132 460
132 461
133 309
133 365
133 370
133 371
133 429
134 140
134 161
134 370
134 375
134 376
134 422
134 429
134 430
134 459
134 500
134 590
135 343
135 349
135 365
135 366
135 368
135 370
135 373
135 400
135 427
135 429
135 589
135 591
135 593
136 140
136 143
136 148
136 149
136 154
136 158
136 159
136 161
136 163
136 197
136 253
136 275
136 364
136 420
136 428
136 430
136 434
136 437
136 439
136 446
136 448
136 449
136 452
136 454
136 456
136 462
136 464
137 138
137 139
137 199
137 376
138 149
138 357
138 418
138 431
138 438
140 141
140 143
140 148
140 149
140 152
140 159
140 161
140 197
140 339
140 364
140 373
140 374
140 375
140 376
140 403
140 412
140 418
140 420
140 421
140 422
140 423
140 425
140 428
140 430
140 431
140 432
140 434
140 435
140 436
140 437
140 443
140 445
140 446
140 448
140 454
140 456
140 459
140 460
140 461
141 149
141 152
141 197
141 199
141 364
141 375
141 376
141 418
141 420
141 421
141 422
141 423
141 428
141 430
141 434
141 435
141 436
141 446
141 451
141 459
141 461
142 457
143 147
143 148
143 149
143 225
143 412
143 418
143 420
143 421
143 422
143 423
143 424
143 428
143 431
143 432
143 434
143 437
143 439
143 440
143 443
143 445
143 446
143 449
143 454
143 534
144 347
145 301
145 302
145 304
145 305
145 321
145 336
145 389
145 438
145 445
145 458
145 534
146 289
146 421
147 357
147 418
147 440
147 454
148 152
148 153
148 155
148 157
148 158
148 159
148 162
148 163
148 191
148 195
148 197
148 204
148 339
148 364
148 403
148 420
148 422
148 425
148 428
148 430
148 437
148 446
148 448
148 454
148 459
148 462
148 464
148 599
149 150
149 160
149 357
149 364
149 375
149 403
149 410
149 412
149 416
149 417
149 418
149 420
149 421
149 422
149 423
149 424
149 428
149 430
149 431
149 432
149 434
149 435
149 437
149 438
149 439
149 440
149 443
149 445
149 446
149 456
149 460
149 461
149 534
150 151
150 160
150 199
150 281
150 337
150 338
150 341
150 348
150 357
150 375
150 379
150 380
150 402
150 410
150 415
150 422
150 428
150 431
150 446
150 448
151 164
151 272
151 337
151 340
151 372
151 402
152 159
152 191
152 204
152 357
152 358
152 374
152 418
152 423
152 428
152 434
152 435
152 436
152 437
152 446
153 155
153 156
153 157
153 163
153 233
154 196
154 197
154 364
154 404
154 423
154 424
154 430
154 435
154 451
154 454
154 460
154 490
154 501
155 156
155 163
155 253
155 272
155 277
155 425
155 448
155 449
155 450
155 454
155 457
155 466
155 468
155 543
155 565
155 578
155 598
155 599
156 163
156 233
156 248
156 254
157 158
157 159
157 163
157 197
157 515
158 159
158 163
158 197
158 277
158 339
158 428
158 437
158 442
158 446
158 448
158 454
158 464
159 163
159 191
159 195
159 197
159 204
159 339
159 364
159 403
159 419
159 422
159 428
159 430
159 437
159 442
159 446
159 448
159 454
159 456
159 464
160 279
160 364
160 428
160 432
160 446
160 448
160 456
160 461
161 374
161 420
161 422
161 430
161 437
161 448
161 458
161 459
161 466
161 500
162 197
162 335
162 420
162 459
162 599
163 197
163 253
163 254
163 277
163 327
163 425
163 437
163 448
163 449
163 454
163 464
163 466
163 468
163 543
163 598
163 599
164 176
164 179
164 272
164 274
164 279
164 280
165 249
165 264
166 167
166 168
166 170
166 177
166 251
166 522
167 170
167 189
167 251
167 276
167 473
167 522
167 551
167 556
168 170
168 172
168 177
168 183
168 189
168 207
168 224
168 226
168 227
168 230
168 232
168 235
168 236
168 238
168 239
168 241
168 242
168 243
168 247
168 248
168 250
168 252
168 256
168 266
168 269
168 288
168 307
168 475
168 476
168 478
168 522
168 538
168 546
168 547
168 548
168 551
168 554
168 556
168 557
168 561
168 563
168 570
168 572
168 585
169 173
169 178
169 185
169 261
169 264
169 267
169 270
169 278
169 280
169 453
169 472
169 476
169 477
169 586
170 172
170 177
170 183
170 189
170 207
170 226
170 227
170 230
170 232
170 235
170 236
170 238
170 239
170 240
170 241
170 243
170 247
170 248
170 251
170 252
170 255
170 258
170 266
170 268
170 269
170 276
170 285
170 313
170 314
170 475
170 476
170 478
170 535
170 536
170 546
170 547
170 548
170 550
170 554
170 556
170 557
170 570
170 572
170 588
171 193
171 201
171 202
171 203
171 212
171 495
172 222
172 226
172 227
172 235
172 236
172 238
172 240
172 241
172 247
172 314
172 325
172 478
172 546
172 547
172 549
172 550
172 554
172 556
172 561
172 575
173 174
173 477
174 217
175 184
175 200
175 311
175 321
175 384
175 385
175 386
175 398
175 400
176 216
176 485
176 509
176 524
176 573
177 188
177 207
177 234
177 400
178 183
178 252
178 255
178 258
178 260
178 261
178 263
178 264
178 267
178 270
178 271
178 272
178 274
178 278
178 280
178 453
178 476
178 541
178 543
178 560
178 564
178 566
178 567
179 272
179 426
179 457
179 466
179 468
179 480
179 564
179 566
179 574
179 578
180 301
180 302
180 303
181 198
181 370
181 506
182 206
182 207
182 209
182 213
182 216
182 229
182 230
182 234
182 256
182 263
182 265
182 269
182 270
182 271
182 283
182 509
182 541
182 542
182 544
182 573
183 207
183 224
183 226
183 229
183 232
183 236
183 238
183 239
183 240
183 241
183 243
183 245
183 247
183 249
183 250
183 252
183 255
183 256
183 257
183 258
183 259
183 261
183 262
183 263
183 264
183 265
183 266
183 267
183 268
183 269
183 270
183 271
183 274
183 280
183 476
183 488
183 538
183 544
183 547
183 548
183 550
183 554
183 556
183 558
183 560
183 561
183 564
183 566
183 568
183 569
183 570
183 571
183 572
183 573
183 600
184 301
184 321
184 389
184 398
185 453
186 402
186 427
186 480
187 193
187 198
187 199
187 200
187 201
187 202
187 203
187 212
187 407
188 207
188 295
188 591
189 207
189 211
189 226
189 227
189 230
189 231
189 232
189 235
189 236
189 238
189 239
189 240
189 241
189 243
189 245
189 247
189 251
189 269
189 276
189 285
189 293
189 475
189 535
189 536
189 548
189 551
189 556
190 208
190 210
190 218
190 450
191 192
191 193
191 197
191 201
191 202
191 204
191 212
191 403
191 408
191 419
191 422
191 435
191 442
191 490
191 492
191 494
191 514
192 193
192 201
192 202
192 203
192 204
192 211
192 212
192 214
192 215
193 201
193 202
193 203
193 204
193 212
193 214
193 408
193 490
193 492
193 494
194 404
194 461
194 491
194 506
195 196
195 204
195 212
196 213
196 282
196 395
196 399
196 401
196 417
196 451
196 467
196 490
197 277
197 364
197 376
197 403
197 404
197 419
197 420
197 422
197 425
197 428
197 430
197 435
197 437
197 446
197 448
197 451
197 454
197 459
197 500
197 501
197 599
198 200
198 201
198 202
198 203
198 212
199 200
199 201
199 281
199 357
199 375
199 434
199 435
199 451
199 461
200 201
200 202
200 204
200 281
201 202
201 203
201 204
201 212
201 348
201 357
201 396
201 407
201 408
201 409
201 413
201 416
202 203
202 204
202 211
202 212
202 214
203 204
203 211
203 212
203 214
203 219
203 494
203 495
204 212
204 215
204 357
205 506
206 207
206 209
206 216
206 230
206 234
206 256
206 259
206 265
206 283
206 493
206 495
206 509
206 511
206 513
206 521
206 542
206 567
207 209
207 213
207 226
207 229
207 230
207 232
207 234
207 236
207 239
207 243
207 247
207 251
207 255
207 256
207 258
207 259
207 262
207 265
207 269
207 270
207 276
207 283
207 293
207 509
207 544
207 548
207 551
207 556
207 573
208 210
208 218
208 224
208 229
208 231
208 243
208 245
208 250
208 252
208 255
208 258
208 259
208 262
208 263
208 264
208 265
208 268
208 270
208 271
208 273
208 513
208 528
208 538
208 541
208 560
208 564
208 566
208 600
209 210
209 216
209 230
209 231
209 234
209 256
209 265
209 269
209 271
209 283
209 493
209 509
210 211
210 231
211 212
211 214
211 230
211 231
211 259
212 214
212 494
213 228
213 229
213 230
213 231
213 233
213 234
213 256
213 262
213 263
213 265
213 270
213 271
213 273
213 283
213 298
213 493
213 509
213 518
213 520
213 521
213 533
213 540
213 541
213 542
213 567
213 573
213 581
214 215
214 273
215 219
216 270
216 278
218 231
218 268
218 273
220 221
220 222
220 225
220 237
220 238
220 240
220 241
220 244
220 245
220 284
220 286
220 287
220 299
220 529
220 530
220 535
220 536
220 547
220 549
220 550
220 552
220 553
220 584
221 222
221 225
221 227
221 237
221 238
221 240
221 244
221 286
221 287
221 292
221 322
221 325
221 327
221 336
221 439
221 445
221 529
221 530
221 535
221 536
221 549
221 553
221 584
222 223
222 224
222 226
222 227
222 229
222 230
222 235
222 236
222 238
222 239
222 240
222 244
222 247
222 285
222 286
222 292
222 325
222 478
222 535
222 536
222 540
222 546
222 547
222 548
222 549
222 550
222 551
222 553
222 556
222 557
222 584
223 392
223 533
223 587
224 226
224 229
224 230
224 231
224 232
224 233
224 236
224 238
224 239
224 240
224 241
224 243
224 244
224 245
224 247
224 250
224 252
224 255
224 256
224 258
224 262
224 263
224 264
224 265
224 266
224 268
224 269
224 271
224 273
224 286
224 476
224 532
224 538
224 547
224 548
224 550
224 554
224 560
224 561
224 572
224 600
225 244
225 287
225 412
225 418
225 424
225 439
225 443
225 445
225 534
226 227
226 230
226 232
226 235
226 236
226 238
226 239
226 240
226 241
226 244
226 245
226 247
226 269
226 285
226 286
226 288
226 313
226 314
226 475
226 478
226 535
226 536
226 546
226 547
226 548
226 549
226 550
226 551
226 553
226 554
226 556
226 557
226 561
226 563
226 572
227 235
227 236
227 238
227 239
227 240
227 241
227 244
227 247
227 286
227 530
227 535
227 536
227 546
227 547
227 549
227 551
227 554
227 556
227 557
227 584
228 229
228 256
228 262
228 263
228 264
228 267
228 270
228 273
228 278
228 282
228 283
228 383
228 387
228 498
228 513
228 518
228 520
228 533
228 540
228 541
228 542
228 555
228 573
228 580
228 581
229 230
229 231
229 232
229 233
229 234
229 238
229 239
229 240
229 243
229 245
229 247
229 250
229 252
229 255
229 256
229 258
229 262
229 263
229 264
229 265
229 267
229 268
229 269
229 270
229 271
229 273
229 283
229 298
229 476
229 493
229 509
229 511
229 513
229 518
229 521
229 528
229 533
229 538
229 540
229 541
229 542
229 544
229 548
229 550
229 554
229 560
229 561
229 567
229 572
229 573
229 581
230 231
230 232
230 233
230 234
230 235
230 236
230 238
230 239
230 240
230 241
230 243
230 245
230 247
230 248
230 255
230 256
230 258
230 259
230 262
230 265
230 268
230 269
230 276
230 293
230 536
230 546
230 548
230 550
230 554
230 556
231 238
231 239
231 240
231 241
231 243
231 245
231 247
231 255
231 256
231 258
231 259
231 262
231 263
231 265
231 268
231 269
231 550
231 554
231 556
231 560
232 233
232 234
232 235
232 236
232 238
232 239
232 243
232 247
232 248
232 250
232 252
232 254
232 255
232 256
232 258
232 262
232 265
232 268
232 269
232 271
232 276
232 544
232 547
232 548
232 550
232 556
232 557
232 561
232 563
232 572
233 234
233 236
233 239
233 248
233 250
233 254
233 262
233 265
233 269
233 271
233 273
233 285
233 543
233 557
233 561
233 563
234 239
234 248
234 256
234 262
234 265
234 269
234 271
234 283
234 493
234 509
234 521
234 544
235 236
235 238
235 239
235 240
235 241
235 244
235 247
235 248
235 254
235 284
235 285
235 286
235 478
235 535
235 536
235 546
235 547
235 548
235 549
235 551
235 553
235 554
235 556
235 557
235 563
236 238
236 239
236 240
236 241
236 243
236 244
236 245
236 247
236 248
236 250
236 252
236 254
236 268
236 269
236 284
236 285
236 286
236 288
236 313
236 314
236 475
236 478
236 535
236 536
236 539
236 546
236 547
236 548
236 549
236 550
236 551
236 554
236 556
236 557
236 563
237 238
237 240
237 275
237 284
237 286
237 287
237 324
237 334
237 529
237 547
237 549
237 553
237 583
237 584
238 239
238 240
238 241
238 243
238 244
238 245
238 247
238 248
238 250
238 252
238 254
238 255
238 258
238 262
238 266
238 268
238 269
238 284
238 285
238 286
238 299
238 475
238 476
238 478
238 529
238 535
238 536
238 546
238 547
238 548
238 549
238 550
238 551
238 552
238 553
238 554
238 556
238 557
238 558
238 561
238 563
238 583
238 584
239 240
239 241
239 243
239 245
239 247
239 248
239 250
239 251
239 252
239 255
239 256
239 258
239 259
239 262
239 265
239 266
239 268
239 269
239 276
239 285
239 293
239 313
239 475
239 476
239 478
239 535
239 536
239 546
239 547
239 548
239 549
239 550
239 551
239 554
239 556
239 557
239 561
239 563
239 572
239 588
240 241
240 243
240 244
240 245
240 247
240 248
240 250
240 255
240 258
240 262
240 266
240 268
240 284
240 285
240 286
240 299
240 475
240 478
240 529
240 530
240 535
240 536
240 546
240 547
240 548
240 549
240 550
240 553
240 554
240 556
240 557
240 561
240 584
241 242
241 243
241 244
241 245
241 247
241 248
241 249
241 250
241 251
241 252
241 255
241 266
241 268
241 269
241 285
241 475
241 478
241 535
241 536
241 547
241 550
241 552
241 554
241 556
241 557
241 558
241 560
241 561
241 570
241 572
242 475
242 478
242 552
242 570
243 245
243 247
243 250
243 252
243 255
243 256
243 258
243 259
243 261
243 262
243 263
243 264
243 265
243 266
243 267
243 268
243 269
243 270
243 274
243 293
243 476
243 478
243 528
243 538
243 541
243 544
243 548
243 550
243 554
243 556
243 560
243 561
243 564
243 566
243 569
243 570
243 571
243 572
243 600
244 245
244 247
244 250
244 284
244 285
244 286
244 478
244 529
244 535
244 536
244 547
244 549
244 550
244 552
244 554
244 556
244 557
244 558
244 561
244 584
245 247
245 250
245 252
245 255
245 258
245 262
245 263
245 265
245 268
245 273
245 286
245 299
245 532
245 535
245 536
245 538
245 547
245 550
245 554
245 560
245 561
245 564
245 600
246 296
246 299
246 300
246 302
246 488
246 564
246 594
246 600
247 248
247 250
247 252
247 255
247 256
247 258
247 259
247 262
247 265
247 266
247 268
247 269
247 276
247 284
247 285
247 286
247 299
247 475
247 476
247 478
247 535
247 536
247 538
247 546
247 547
247 548
247 549
247 550
247 553
247 554
247 556
247 557
247 560
247 561
247 563
247 570
247 572
248 249
248 250
248 254
248 265
248 268
248 269
248 284
248 285
248 475
248 478
248 547
248 551
248 556
248 557
248 558
248 561
248 563
249 250
249 254
249 256
249 258
249 261
249 263
249 265
249 270
249 475
249 558
249 561
250 252
250 253
250 254
250 255
250 256
250 258
250 262
250 263
250 264
250 265
250 268
250 269
250 270
250 271
250 273
250 275
250 463
250 476
250 478
250 543
250 544
250 552
250 556
250 558
250 560
250 561
250 563
250 564
250 566
250 569
250 570
250 572
250 575
250 600
251 266
251 276
251 475
251 556
251 559
252 255
252 256
252 258
252 259
252 261
252 262
252 263
252 264
252 265
252 266
252 267
252 268
252 269
252 270
252 271
252 274
252 280
252 457
252 476
252 538
252 543
252 544
252 550
252 554
252 556
252 560
252 561
252 564
252 566
252 569
252 570
252 571
252 572
252 600
253 254
253 449
253 450
253 454
253 457
253 462
253 466
253 468
253 480
253 543
253 565
253 578
253 598
253 599
254 265
254 275
254 277
254 563
255 256
255 257
255 258
255 259
255 261
255 262
255 263
255 264
255 265
255 266
255 267
255 268
255 269
255 270
255 271
255 274
255 278
255 280
255 298
255 476
255 528
255 538
255 541
255 542
255 544
255 548
255 550
255 554
255 556
255 560
255 561
255 564
255 566
255 567
255 568
255 570
255 572
255 573
255 600
256 258
256 259
256 261
256 262
256 263
256 265
256 267
256 268
256 269
256 270
256 271
256 283
256 475
256 476
256 493
256 509
256 511
256 513
256 518
256 521
256 541
256 542
256 544
256 548
256 550
256 554
256 558
256 560
256 561
256 562
256 567
256 572
256 573
257 293
257 476
257 539
257 547
257 548
257 588
258 259
258 260
258 261
258 262
258 263
258 264
258 265
258 266
258 267
258 268
258 269
258 270
258 271
258 274
258 278
258 280
258 294
258 299
258 476
258 518
258 528
258 538
258 541
258 542
258 544
258 548
258 550
258 554
258 556
258 558
258 560
258 561
258 564
258 566
258 567
258 570
258 572
258 573
259 261
259 262
259 263
259 265
259 267
259 268
259 269
259 270
259 274
259 293
259 294
259 511
259 542
259 550
259 554
259 560
259 567
260 261
260 263
260 264
260 267
260 270
260 274
260 280
261 262
261 263
261 264
261 266
261 267
261 268
261 270
261 274
261 278
261 280
261 294
261 296
261 472
261 475
261 476
261 538
261 541
261 560
261 561
261 566
261 567
261 573
262 263
262 264
262 265
262 266
262 267
262 268
262 269
262 270
262 271
262 273
262 274
262 278
262 280
262 298
262 299
262 476
262 518
262 521
262 538
262 540
262 541
262 542
262 544
262 548
262 550
262 554
262 560
262 561
262 567
262 572
262 573
262 581
263 264
263 265
263 266
263 267
263 268
263 269
263 270
263 271
263 273
263 274
263 278
263 280
263 453
263 463
263 476
263 513
263 518
263 521
263 528
263 538
263 541
263 542
263 544
263 550
263 558
263 560
263 561
263 564
263 566
263 567
263 570
263 572
263 573
263 600
264 266
264 267
264 268
264 270
264 271
264 278
264 280
264 453
264 476
264 513
264 516
264 518
264 528
264 531
264 538
264 541
264 542
264 544
264 560
264 561
264 564
264 566
264 567
264 570
264 573
264 574
264 600
265 267
265 268
265 269
265 270
265 271
265 493
265 513
265 521
265 541
265 542
265 544
265 548
265 556
265 560
265 561
265 567
265 572
266 267
266 268
266 269
266 270
266 274
266 280
266 475
266 476
266 479
266 538
266 547
266 548
266 550
266 554
266 556
266 560
266 570
266 572
266 588
267 268
267 269
267 270
267 271
267 272
267 274
267 278
267 280
267 294
267 453
267 476
267 516
267 518
267 528
267 538
267 541
267 542
267 544
267 560
267 564
267 566
267 570
267 573
268 269
268 270
268 271
268 273
268 274
268 278
268 280
268 453
268 476
268 478
268 528
268 538
268 541
268 544
268 548
268 550
268 554
268 556
268 558
268 560
268 561
268 564
268 566
268 570
268 572
268 575
268 600
269 270
269 271
269 276
269 293
269 313
269 475
269 476
269 544
269 547
269 548
269 550
269 551
269 554
269 556
269 557
269 560
269 561
269 563
269 569
269 570
269 571
269 572
270 271
270 273
270 274
270 278
270 280
270 294
270 453
270 476
270 518
270 528
270 541
270 542
270 544
270 560
270 566
270 567
270 573
271 272
271 273
271 274
271 468
271 521
271 543
271 544
271 560
271 561
271 564
271 566
271 572
271 573
271 574
272 274
272 280
273 278
273 510
274 278
274 279
274 280
274 294
274 296
274 476
274 573
274 588
276 314
276 556
277 449
277 575
278 280
278 516
278 517
278 528
278 541
279 281
279 427
279 588
280 294
280 296
280 476
280 541
280 544
280 566
280 573
281 374
281 459
282 383
282 395
282 397
282 399
282 401
282 417
282 424
282 451
282 461
282 485
282 579
283 493
283 509
283 533
283 544
283 573
284 285
284 286
284 478
284 529
284 547
284 549
284 552
284 556
284 557
284 583
284 584
285 286
285 478
285 535
285 536
285 546
285 547
285 548
285 549
285 551
285 553
285 554
285 556
285 557
285 582
285 583
285 584
286 287
286 299
286 325
286 529
286 530
286 532
286 535
286 536
286 539
286 546
286 547
286 548
286 549
286 550
286 553
286 554
286 556
286 557
286 561
286 583
286 584
287 303
287 324
287 327
287 412
287 439
287 443
287 445
287 529
287 530
287 534
287 584
288 476
288 547
288 556
288 557
288 585
289 370
289 429
289 458
289 591
290 482
290 534
290 582
290 586
291 463
291 561
293 295
293 297
293 343
293 346
293 352
293 588
294 297
294 345
294 363
294 511
294 542
294 573
295 296
295 298
295 300
295 342
295 343
295 346
295 588
295 591
296 298
296 299
296 300
296 564
296 588
297 345
297 352
297 362
297 363
298 299
298 300
298 538
298 588
299 300
299 529
299 547
299 553
299 554
299 584
299 588
300 588
300 591
300 592
300 594
300 596
301 302
301 303
301 304
301 305
301 311
301 312
301 317
301 318
301 319
301 320
301 321
301 324
301 328
301 336
301 369
301 384
301 385
301 386
301 389
301 394
301 398
301 582
301 586
302 303
302 304
302 305
302 317
302 320
302 321
302 322
302 324
302 329
302 335
302 336
302 386
302 389
302 398
302 586
303 304
303 311
303 312
303 315
303 316
303 317
303 318
303 319
303 320
303 321
303 324
303 336
303 384
303 385
303 388
303 389
303 445
303 529
303 534
303 584
304 305
304 308
304 311
304 312
304 315
304 316
304 317
304 318
304 319
304 320
304 321
304 323
304 324
304 328
304 336
304 369
304 384
304 385
304 389
304 391
304 396
304 397
304 411
304 412
304 438
304 443
304 445
304 487
304 529
304 534
304 587
305 321
305 324
305 326
305 336
305 386
305 389
305 391
306 373
307 475
308 312
308 318
308 319
308 323
308 324
308 326
308 329
308 336
308 390
308 391
308 392
309 371
310 383
311 315
311 316
311 317
311 319
311 320
311 321
311 385
311 386
311 389
312 317
312 318
312 319
312 320
312 321
312 323
312 324
312 326
312 327
312 328
312 329
312 330
312 332
312 335
312 336
312 384
312 389
312 394
312 398
312 411
312 415
312 443
312 445
312 487
313 314
313 547
313 556
313 569
313 572
314 547
314 556
315 316
315 317
315 318
315 319
315 385
315 389
316 317
316 319
316 384
316 389
316 526
317 318
317 319
317 320
317 321
317 324
317 336
317 369
317 384
317 385
317 386
317 388
317 389
317 391
317 398
317 411
317 487
317 595
318 319
318 320
318 321
318 323
318 324
318 327
318 328
318 330
318 332
318 336
318 384
318 385
318 389
318 411
318 443
318 445
318 487
318 529
318 534
319 320
319 321
319 324
319 328
319 336
319 384
319 385
319 389
319 391
319 396
319 397
319 411
319 438
319 445
319 487
319 529
319 534
320 321
320 323
320 324
320 328
320 330
320 332
320 336
320 384
320 385
320 389
320 398
320 445
320 529
321 324
321 326
321 329
321 336
321 369
321 384
321 385
321 386
321 389
321 391
321 394
321 398
322 325
322 327
322 336
322 444
323 324
323 327
323 328
323 329
323 330
323 332
323 335
323 336
323 443
324 326
324 327
324 328
324 329
324 330
324 332
324 335
324 336
324 389
324 443
324 529
324 584
325 478
326 329
326 394
326 398
326 504
327 328
327 329
327 330
327 332
327 336
327 442
327 443
327 445
328 329
328 330
328 332
328 335
328 336
328 389
328 415
328 529
329 330
329 332
329 333
329 335
329 336
330 332
330 335
330 336
330 415
330 443
330 599
331 333
331 339
332 335
332 336
332 529
333 334
333 335
334 336
335 336
335 398
336 385
336 389
336 398
336 438
336 443
336 444
336 445
336 529
337 379
337 380
337 404
337 405
337 406
337 407
337 409
337 410
337 469
337 470
337 491
337 526
338 339
338 354
338 356
338 372
338 374
338 377
338 378
338 380
338 381
338 405
338 425
338 448
338 459
338 466
338 500
338 590
338 592
339 364
339 380
339 403
339 415
339 420
339 422
339 425
339 428
339 437
339 446
339 448
339 454
339 500
339 592
340 344
340 347
340 350
340 363
341 348
341 353
341 356
341 357
341 358
341 359
341 375
341 409
341 413
341 414
341 422
341 431
341 446
341 447
342 343
342 344
342 346
342 347
342 349
342 352
342 354
342 360
342 362
342 363
342 588
343 345
343 346
343 347
343 352
343 360
343 362
343 363
343 588
343 591
343 593
344 346
344 347
344 350
344 363
345 346
345 349
345 351
345 352
345 360
345 362
345 363
345 588
346 347
346 349
346 352
346 360
346 362
346 363
346 588
347 352
347 362
347 363
347 522
348 350
348 353
348 357
348 359
348 372
348 375
348 396
348 407
348 408
348 409
348 410
348 411
348 413
348 414
348 416
348 422
348 431
349 354
349 363
349 368
349 400
350 409
350 413
350 416
350 431
351 352
351 360
351 361
351 362
351 363
351 414
352 360
352 362
352 363
353 354
353 356
353 359
353 371
353 372
353 441
354 356
354 359
354 363
355 448
356 590
357 358
357 375
357 379
357 407
357 408
357 413
357 416
357 417
357 418
357 419
357 423
357 428
357 431
357 432
357 434
357 435
357 436
357 440
357 446
358 362
358 435
359 413
360 361
360 362
360 363
361 414
362 363
364 370
364 373
364 374
364 376
364 403
364 404
364 412
364 419
364 420
364 421
364 422
364 423
364 428
364 429
364 430
364 431
364 432
364 434
364 435
364 436
364 437
364 443
364 446
364 456
364 460
364 461
364 491
364 501
365 366
365 368
365 370
365 429
365 502
365 591
365 593
366 368
366 370
366 429
366 488
366 571
366 593
366 596
367 372
367 373
367 376
368 370
368 371
368 372
368 400
369 389
369 582
370 374
370 420
370 422
370 427
370 429
370 506
370 591
370 593
371 372
371 373
371 375
372 373
372 375
372 376
372 400
372 402
373 376
373 430
373 434
374 379
374 380
374 422
374 430
374 434
374 446
375 376
375 409
375 410
375 412
375 413
375 421
375 422
375 430
375 431
375 434
376 379
376 403
376 404
376 420
376 421
376 422
376 428
376 430
376 431
376 434
376 435
376 436
376 446
376 456
376 500
376 501
377 378
377 381
378 380
378 405
379 380
379 403
379 421
379 422
379 428
379 430
379 431
379 434
379 435
379 436
379 446
379 461
379 491
380 381
380 403
380 404
380 405
380 461
380 469
381 382
381 405
383 399
384 385
384 386
384 388
384 389
384 391
384 394
384 396
384 398
384 411
384 487
384 504
385 386
385 389
385 398
385 402
385 595
386 389
386 398
386 400
386 402
386 595
387 395
387 397
387 399
387 496
387 498
387 510
387 517
387 518
387 519
387 520
387 524
387 533
387 540
387 541
387 545
387 579
387 580
387 581
388 389
388 487
389 391
389 394
389 398
389 411
389 487
389 582
389 586
389 595
390 391
390 392
390 393
390 395
390 396
390 397
390 406
390 410
390 412
390 416
390 417
390 423
390 443
390 460
390 489
390 501
390 529
390 530
391 392
391 394
391 396
391 397
391 398
391 411
391 489
391 583
391 586
392 393
392 395
392 396
392 397
392 399
392 408
392 411
392 416
392 417
392 492
392 530
392 587
393 395
393 396
393 397
393 399
393 401
393 406
393 407
393 408
393 417
393 451
393 467
393 474
393 485
393 489
393 490
393 492
393 493
393 494
393 495
393 496
393 497
393 498
393 501
393 503
393 510
393 514
393 520
393 523
393 525
393 533
393 579
394 398
394 411
394 504
395 396
395 397
395 399
395 401
395 407
395 408
395 410
395 411
395 416
395 417
395 419
395 451
395 467
395 485
395 489
395 490
395 491
395 492
395 494
395 495
395 496
395 497
395 498
395 510
395 514
395 520
395 523
395 524
395 525
395 533
395 579
395 581
396 397
396 406
396 407
396 408
396 409
396 410
396 411
396 413
396 416
396 417
396 419
396 442
396 455
396 490
396 491
396 492
396 494
396 496
396 504
396 514
396 525
396 579
397 399
397 401
397 407
397 408
397 409
397 410
397 411
397 412
397 413
397 416
397 417
397 418
397 419
397 423
397 490
397 492
397 494
397 530
397 534
397 579
397 587
398 400
398 411
398 595
399 401
399 408
399 412
399 416
399 417
399 418
399 423
399 451
399 467
399 490
399 491
399 492
399 497
399 510
399 534
399 545
399 579
400 402
400 562
400 589
401 416
401 417
401 451
401 485
401 498
401 523
401 579
402 595
403 404
403 406
403 407
403 410
403 412
403 418
403 419
403 420
403 421
403 422
403 423
403 428
403 430
403 431
403 432
403 434
403 435
403 436
403 437
403 446
403 448
403 455
403 456
403 460
403 461
403 491
403 492
403 501
404 406
404 407
404 410
404 419
404 420
404 422
404 423
404 428
404 430
404 432
404 434
404 435
404 436
404 451
404 456
404 460
404 461
404 484
404 490
404 491
404 492
404 500
404 501
406 407
406 408
406 409
406 410
406 411
406 419
406 423
406 435
406 455
406 460
406 491
406 492
406 504
406 525
406 526
407 408
407 409
407 410
407 411
407 413
407 416
407 417
407 419
407 423
407 431
407 435
407 436
407 490
407 491
407 492
407 494
407 514
407 526
407 579
408 409
408 410
408 411
408 413
408 416
408 417
408 418
408 419
408 423
408 431
408 435
408 442
408 451
408 455
408 474
408 490
408 491
408 492
408 494
408 496
408 497
408 514
408 523
408 579
409 410
409 411
409 413
409 416
409 419
409 492
409 494
410 411
410 412
410 413
410 416
410 417
410 418
410 419
410 421
410 422
410 423
410 431
410 435
410 451
410 461
410 490
410 491
410 492
411 413
411 416
411 419
411 504
412 415
412 416
412 417
412 418
412 420
412 421
412 422
412 423
412 430
412 431
412 432
412 434
412 437
412 438
412 439
412 440
412 443
412 445
412 446
412 456
412 460
412 534
413 414
413 416
413 431
415 419
415 420
415 422
415 425
415 431
415 432
415 442
415 443
415 445
415 446
415 448
415 456
415 500
415 504
416 417
416 418
416 419
416 421
416 423
416 431
416 435
416 442
416 451
416 490
416 492
417 418
417 419
417 423
417 424
417 431
417 432
417 435
417 439
417 451
417 461
417 467
417 490
417 491
417 492
417 497
417 501
417 514
417 534
417 579
418 419
418 421
418 422
418 423
418 424
418 428
418 430
418 431
418 432
418 434
418 435
418 436
418 437
418 439
418 440
418 442
418 443
418 445
418 446
418 451
418 454
418 460
418 461
418 490
418 492
418 534
419 421
419 422
419 423
419 428
419 430
419 431
419 432
419 434
419 435
419 436
419 437
419 442
419 446
419 451
419 454
419 455
419 456
419 460
419 461
419 490
419 491
419 492
419 494
419 497
419 501
419 504
419 514
420 421
420 422
420 423
420 425
420 428
420 430
420 431
420 432
420 434
420 435
420 437
420 443
420 446
420 448
420 454
420 458
420 459
420 461
420 500
420 591
420 599
421 422
421 423
421 428
421 430
421 431
421 432
421 434
421 435
421 437
421 438
421 439
421 443
421 444
421 445
421 446
421 447
421 456
421 458
421 460
421 461
421 534
422 423
422 425
422 428
422 430
422 431
422 432
422 434
422 435
422 436
422 437
422 442
422 443
422 446
422 448
422 451
422 454
422 456
422 459
422 460
422 461
422 500
422 501
422 599
423 424
423 428
423 430
423 431
423 432
423 434
423 435
423 436
423 437
423 439
423 440
423 443
423 445
423 446
423 451
423 454
423 460
423 461
423 490
423 491
423 492
423 501
423 534
424 434
424 439
424 440
424 443
424 451
424 454
424 460
424 461
424 534
425 428
425 437
425 448
425 449
425 450
425 454
425 457
425 459
425 466
425 500
425 565
425 578
425 590
425 592
425 598
425 599
426 460
427 588
427 589
427 590
427 591
427 592
427 593
428 430
428 431
428 432
428 434
428 435
428 436
428 437
428 439
428 440
428 442
428 443
428 446
428 448
428 449
428 451
428 452
428 454
428 456
428 460
428 461
428 464
428 491
428 501
428 599
429 430
429 458
429 593
430 431
430 432
430 434
430 435
430 436
430 437
430 439
430 443
430 445
430 446
430 448
430 451
430 454
430 456
430 458
430 460
430 461
430 491
430 500
430 501
431 432
431 434
431 435
431 436
431 437
431 440
431 442
431 446
431 454
431 456
431 461
431 491
431 492
431 501
432 434
432 435
432 437
432 439
432 443
432 444
432 445
432 446
432 447
432 448
432 451
432 454
432 455
432 456
432 460
432 461
432 465
432 491
432 492
434 435
434 436
434 437
434 439
434 440
434 446
434 451
434 454
434 456
434 460
434 461
434 491
434 492
434 501
435 436
435 437
435 446
435 451
435 454
435 455
435 456
435 460
435 461
435 490
435 491
435 492
435 501
435 514
436 491
437 438
437 439
437 440
437 443
437 445
437 446
437 448
437 452
437 454
437 456
437 458
437 462
437 464
437 599
438 443
438 444
438 445
439 440
439 443
439 445
439 451
439 452
439 454
439 460
439 461
439 462
439 534
440 443
440 445
440 446
440 454
440 460
442 446
442 455
442 456
442 492
442 504
442 515
443 445
443 446
443 454
443 456
443 458
443 460
443 461
443 462
443 529
443 530
443 534
444 447
445 446
445 447
445 456
445 458
445 460
445 529
445 530
445 534
446 448
446 454
446 456
446 460
446 461
446 462
446 464
448 449
448 454
448 459
448 466
448 500
448 578
448 590
448 592
448 599
449 450
449 452
449 453
449 454
449 457
449 466
449 467
449 468
449 480
449 510
449 543
449 565
449 574
449 577
449 578
449 599
450 454
450 457
450 467
450 468
450 510
450 565
450 578
450 599
451 454
451 460
451 461
451 467
451 490
451 491
451 492
451 497
451 501
451 514
452 453
452 454
452 460
452 464
452 466
452 543
452 578
452 599
453 457
453 510
453 516
453 517
453 518
453 528
453 541
453 543
453 544
453 560
453 564
453 566
453 569
453 570
453 571
453 574
453 577
453 578
453 600
454 460
454 461
454 462
454 464
454 467
454 480
454 501
454 599
455 456
455 461
455 465
455 490
455 491
455 492
455 576
456 458
456 461
456 465
456 576
457 466
457 468
457 483
457 488
457 543
457 564
457 565
457 566
457 569
457 570
457 571
457 574
457 577
457 578
457 592
457 594
457 596
457 597
457 598
457 599
457 600
458 591
458 593
459 466
459 500
459 589
459 590
459 591
459 592
459 598
459 599
460 461
460 462
460 491
460 501
461 465
461 490
461 491
461 492
461 501
461 576
462 464
463 468
463 513
463 543
463 558
463 560
463 561
465 502
465 505
465 519
465 525
465 527
465 531
465 576
465 577
466 468
466 480
466 500
466 565
466 569
466 574
466 578
466 590
466 592
466 594
466 598
466 599
466 600
467 468
467 490
467 492
467 496
467 497
467 498
467 510
467 514
467 515
467 533
467 545
468 480
468 543
468 565
468 574
468 575
468 578
468 598
468 599
468 600
470 471
470 485
470 498
470 580
471 475
472 477
472 555
472 559
472 580
472 586
473 499
473 522
473 537
474 485
474 490
474 492
474 493
474 494
474 495
474 496
474 497
474 503
474 507
474 511
474 513
474 514
474 515
474 520
474 523
474 524
474 525
474 527
475 476
475 478
475 535
475 536
475 546
475 547
475 548
475 549
475 550
475 551
475 554
475 556
475 557
475 558
475 559
475 561
475 585
476 478
476 528
476 532
476 538
476 541
476 544
476 547
476 548
476 550
476 554
476 556
476 557
476 558
476 560
476 561
476 564
476 566
476 569
476 570
476 571
476 572
476 573
476 582
476 585
476 586
476 600
477 510
478 535
478 536
478 549
478 550
478 551
478 552
478 554
478 556
478 557
478 558
478 560
478 561
478 570
478 572
479 508
479 531
479 535
479 550
479 554
479 568
479 570
480 578
480 599
481 524
481 555
481 566
481 577
481 586
483 578
485 490
485 497
485 498
485 507
485 510
485 518
485 523
485 524
485 580
486 488
486 532
486 571
486 597
488 532
488 564
488 565
488 569
488 570
488 571
488 578
488 589
488 591
488 592
488 593
488 594
488 596
488 597
488 600
489 493
489 494
489 495
489 496
489 503
489 507
489 511
489 512
489 513
489 520
489 525
489 527
489 533
489 540
489 549
489 553
489 555
489 579
489 581
490 491
490 492
490 494
490 496
490 497
490 501
490 510
490 514
490 523
490 525
490 579
491 492
491 497
491 501
491 514
491 525
491 576
492 494
492 496
492 497
492 501
492 514
492 523
492 525
492 579
493 494
493 495
493 496
493 498
493 503
493 507
493 509
493 511
493 513
493 518
493 520
493 521
493 523
493 524
493 533
493 540
493 541
493 542
493 555
493 567
493 573
493 581
494 495
494 496
494 497
494 503
494 513
494 514
494 515
494 520
494 523
494 525
494 533
494 579
495 496
495 497
495 503
495 507
495 509
495 511
495 513
495 514
495 518
495 520
495 521
495 523
495 533
495 542
495 555
495 567
496 497
496 503
496 507
496 510
496 513
496 514
496 515
496 519
496 520
496 523
496 524
496 525
496 527
496 533
497 498
497 501
497 510
497 514
497 523
498 503
498 509
498 510
498 518
498 520
498 524
498 555
498 579
498 580
498 581
499 503
499 504
499 519
499 537
499 555
499 579
500 502
500 506
500 592
501 514
501 537
502 505
502 517
502 519
502 531
502 571
502 574
502 596
503 507
503 509
503 511
503 513
503 518
503 519
503 520
503 521
503 522
503 524
503 525
503 527
503 533
503 540
503 542
503 555
503 579
503 580
503 581
505 508
505 516
505 517
505 519
505 528
505 531
505 570
505 571
505 574
505 577
505 600
506 537
507 511
507 513
507 518
507 520
507 521
507 524
507 541
507 542
507 567
507 580
507 581
508 517
508 528
508 531
508 538
508 567
509 511
509 513
509 517
509 518
509 520
509 521
509 524
509 540
509 541
509 542
509 544
509 555
509 562
509 567
509 573
509 581
510 512
510 513
510 514
510 518
510 523
510 541
510 545
511 513
511 516
511 518
511 520
511 521
511 524
511 540
511 541
511 542
511 555
511 567
511 573
511 580
511 581
512 513
512 516
512 518
512 525
512 527
512 528
512 530
512 541
512 542
512 545
512 581
513 516
513 518
513 520
513 521
513 523
513 524
513 527
513 533
513 540
513 541
513 542
513 560
513 567
513 573
513 581
515 523
515 533
516 517
516 518
516 519
516 520
516 521
516 524
516 525
516 527
516 528
516 531
516 541
516 542
516 544
516 573
517 518
517 519
517 520
517 524
517 528
517 531
517 532
517 541
517 581
518 520
518 521
518 523
518 524
518 527
518 528
518 533
518 540
518 541
518 542
518 544
518 560
518 567
518 573
518 580
518 581
519 520
519 525
519 527
520 521
520 523
520 524
520 525
520 527
520 533
520 540
520 541
520 542
520 555
520 562
520 567
520 573
520 579
520 580
520 581
521 533
521 540
521 541
521 542
521 544
521 562
521 567
521 573
521 581
522 551
522 556
522 557
523 524
523 525
524 525
524 527
524 541
524 567
524 573
524 577
524 580
525 527
525 576
526 559
527 576
528 531
528 538
528 541
528 542
528 544
528 550
528 554
528 560
528 561
528 564
528 566
528 570
528 571
528 572
528 573
528 574
528 600
529 530
529 534
529 535
529 536
529 547
529 549
529 553
529 583
529 584
530 534
530 535
530 536
530 549
530 553
530 584
530 587
531 532
531 564
531 586
532 538
532 539
532 547
532 554
532 564
532 565
532 571
532 596
532 597
532 600
533 540
533 541
533 542
533 545
533 579
533 581
535 536
535 547
535 548
535 549
535 550
535 551
535 553
535 554
535 556
535 557
535 584
536 546
536 547
536 548
536 549
536 550
536 551
536 552
536 553
536 554
536 556
536 557
536 584
537 551
538 541
538 544
538 550
538 554
538 560
538 561
538 564
538 566
538 567
538 568
538 569
538 570
538 571
538 572
538 573
538 585
538 600
539 540
539 547
539 548
539 549
539 550
539 553
539 554
539 597
540 541
540 542
540 548
540 549
540 550
540 553
540 555
540 559
540 579
540 580
540 581
541 542
541 544
541 545
541 560
541 567
541 573
541 580
541 581
542 544
542 560
542 567
542 573
542 580
542 581
543 544
543 558
543 560
543 563
543 564
543 566
543 569
543 574
543 575
543 578
543 600
544 560
544 561
544 564
544 566
544 567
544 569
544 570
544 571
544 572
544 573
544 574
544 600
546 547
546 548
546 549
546 550
546 553
546 554
546 556
546 557
547 548
547 549
547 550
547 553
547 554
547 556
547 557
547 561
547 563
547 572
547 583
547 584
547 588
547 597
548 549
548 550
548 551
548 553
548 554
548 556
548 557
548 562
548 581
548 583
549 550
549 551
549 553
549 554
549 556
549 557
549 582
549 583
549 584
550 553
550 554
550 556
550 557
550 560
550 561
550 570
550 572
550 581
550 584
551 553
551 554
551 555
551 556
551 557
553 554
553 556
553 557
553 581
553 582
553 583
553 584
554 556
554 557
554 560
554 561
554 570
554 572
554 584
554 588
555 579
555 580
555 581
555 586
556 557
556 561
556 563
556 572
556 583
556 588
557 558
557 561
557 563
557 582
557 583
557 584
558 560
558 561
558 572
559 562
559 580
560 561
560 564
560 566
560 570
560 572
560 585
560 600
561 570
561 572
561 585
562 573
563 575
564 565
564 566
564 569
564 570
564 571
564 572
564 574
564 578
564 594
564 596
564 597
564 598
564 600
565 569
565 574
565 578
565 590
565 591
565 592
565 594
565 596
565 597
565 598
565 599
565 600
566 568
566 569
566 570
566 571
566 572
566 573
566 574
566 578
566 585
566 600
567 573
567 580
567 581
568 570
569 570
569 571
569 572
569 574
569 578
569 589
569 594
569 596
569 597
569 598
569 600
570 571
570 572
570 574
570 575
570 600
571 572
571 573
571 574
571 578
571 600
572 573
572 600
574 577
574 578
574 598
574 600
575 600
577 578
578 589
578 594
578 598
578 599
578 600
579 580
579 581
580 581
582 583
582 584
582 586
583 584
583 586
588 591
589 590
589 591
589 592
589 593
589 594
589 596
589 598
590 591
590 592
590 593
590 596
590 598
591 592
591 593
591 594
591 596
591 598
592 593
592 594
592 596
592 597
592 598
592 599
593 596
593 598
594 596
594 597
594 598
594 599
594 600
595 597
596 597
596 598
596 600
597 598
597 600
598 599
598 600
