600 7191

1 2
1 4
1 5
1 11
1 22
1 93
1 94
1 95
1 98
1 101
1 104
1 105
1 109
1 184
1 189
1 203
1 282
1 290
1 291
1 301
1 302
1 305
1 321
1 322
1 384
1 389
1 390
1 393
1 400
1 442
1 586
2 4
2 5
2 20
2 24
2 92
2 93
2 95
2 101
2 105
2 109
2 117
2 118
2 159
2 184
2 187
2 188
2 189
2 194
2 291
2 301
2 302
2 304
2 305
2 321
2 356
2 384
2 390
2 396
2 398
2 411
3 18
4 5
4 11
4 20
4 21
4 22
4 23
4 24
4 27
4 30
4 93
4 94
4 95
4 98
4 100
4 101
4 102
4 104
4 105
4 107
4 109
4 118
4 189
4 290
4 302
4 304
4 305
4 321
4 322
4 323
4 324
4 336
4 386
4 389
4 390
4 391
4 393
4 504
5 11
5 12
5 20
5 21
5 22
5 23
5 24
5 26
5 27
5 30
5 31
5 93
5 94
5 95
5 98
5 100
5 101
5 102
5 104
5 105
5 109
5 290
5 304
5 305
5 317
5 320
5 321
5 322
5 323
5 324
5 327
5 335
5 336
5 386
5 389
5 391
5 393
5 400
6 265
7 308
8 328
9 13
9 314
10 447
11 12
11 18
11 20
11 22
11 23
11 93
11 94
11 95
11 98
11 100
11 101
11 102
11 104
11 105
11 118
11 302
11 304
11 305
11 317
11 321
11 322
11 336
11 339
11 384
11 386
11 389
11 390
11 391
11 392
12 16
12 20
12 21
12 23
12 24
12 27
12 30
12 93
12 98
12 100
12 102
12 305
12 317
12 319
12 320
12 321
12 323
12 324
12 336
12 384
12 389
12 391
12 392
12 393
12 396
12 400
13 314
14 17
14 29
14 229
14 234
14 265
15 349
16 19
16 24
16 94
16 100
16 306
16 315
16 317
16 318
16 319
16 392
18 48
18 94
18 98
18 102
18 334
18 389
18 523
19 24
19 318
19 319
20 21
20 23
20 24
20 27
20 28
20 29
20 30
20 31
20 32
20 33
20 95
20 100
20 101
20 102
20 103
20 304
20 305
20 312
20 319
20 320
20 321
20 323
20 324
20 326
20 328
20 329
20 332
20 335
20 336
20 339
20 391
20 530
21 23
21 24
21 27
21 28
21 30
21 31
21 32
21 33
21 37
21 100
21 101
21 102
21 103
21 304
21 305
21 319
21 320
21 321
21 323
21 324
21 326
21 327
21 328
21 329
21 335
21 336
22 23
22 26
22 27
22 28
22 30
22 31
22 33
22 34
22 93
22 97
22 98
22 100
22 101
22 104
22 105
22 106
22 107
22 108
22 109
22 110
22 117
22 118
22 136
22 189
22 191
22 201
22 203
22 302
22 305
22 321
22 322
22 323
22 327
22 330
22 335
22 384
22 386
22 389
22 390
22 391
22 393
22 395
22 396
22 398
22 400
22 495
23 24
23 26
23 27
23 28
23 30
23 31
23 32
23 33
23 34
23 36
23 38
23 100
23 102
23 103
23 106
23 109
23 136
23 189
23 237
23 287
23 304
23 305
23 321
23 322
23 323
23 324
23 325
23 327
23 328
23 329
23 330
23 332
23 335
23 336
23 391
23 392
23 395
23 397
23 398
23 400
23 442
23 529
23 530
23 549
23 582
23 584
24 27
24 30
24 95
24 100
24 102
24 304
24 305
24 319
24 324
24 326
24 336
25 28
26 27
26 28
26 30
26 31
26 33
26 34
26 36
26 38
26 103
26 105
26 106
26 109
26 110
26 136
26 148
26 237
26 287
26 323
26 324
26 327
26 328
26 329
26 330
26 332
26 335
26 336
26 391
26 398
26 400
27 28
27 30
27 31
27 32
27 33
27 34
27 36
27 100
27 102
27 103
27 106
27 237
27 287
27 305
27 323
27 324
27 327
27 328
27 329
27 330
27 332
27 335
27 336
27 391
27 392
27 529
27 530
27 549
27 584
28 30
28 31
28 32
28 33
28 34
28 36
28 53
28 100
28 103
28 106
28 237
28 284
28 287
28 320
28 323
28 324
28 327
28 328
28 329
28 330
28 332
28 335
28 336
28 398
28 529
28 530
28 549
28 582
29 32
29 308
29 312
29 326
29 360
29 363
30 31
30 32
30 33
30 34
30 36
30 100
30 102
30 103
30 106
30 189
30 237
30 284
30 287
30 305
30 320
30 321
30 323
30 324
30 325
30 327
30 328
30 329
30 330
30 332
30 335
30 336
30 397
30 400
30 406
30 529
30 530
30 549
30 582
30 584
31 32
31 33
31 34
31 36
31 100
31 102
31 103
31 105
31 106
31 136
31 137
31 141
31 204
31 237
31 287
31 305
31 323
31 324
31 327
31 328
31 329
31 330
31 332
31 335
31 336
31 391
31 395
31 397
31 398
31 400
31 529
31 530
31 549
31 582
32 33
32 34
32 36
32 38
32 100
32 103
32 106
32 200
32 220
32 221
32 237
32 284
32 285
32 286
32 287
32 312
32 323
32 324
32 326
32 327
32 328
32 329
32 330
32 332
32 335
32 336
32 397
32 530
32 549
32 582
32 584
33 34
33 36
33 38
33 100
33 102
33 103
33 106
33 141
33 199
33 221
33 237
33 284
33 286
33 287
33 323
33 324
33 327
33 328
33 329
33 330
33 332
33 333
33 335
33 336
33 397
33 400
33 405
33 406
33 410
33 529
33 530
33 549
33 582
33 584
34 36
34 38
34 103
34 106
34 221
34 237
34 284
34 286
34 287
34 323
34 324
34 325
34 327
34 328
34 329
34 330
34 332
34 335
34 398
34 405
34 406
34 410
34 529
34 549
34 582
34 584
35 36
35 38
35 220
35 221
35 237
35 285
35 329
35 331
35 332
35 333
35 549
36 38
36 103
36 106
36 220
36 221
36 226
36 237
36 284
36 285
36 287
36 323
36 324
36 327
36 328
36 329
36 330
36 332
36 333
36 335
36 336
36 397
36 529
36 530
36 533
36 549
36 553
36 582
36 584
37 102
37 320
37 334
37 336
38 103
38 106
38 220
38 221
38 223
38 237
38 287
38 323
38 325
38 327
38 329
38 331
38 332
38 333
38 334
38 335
38 336
38 529
38 530
38 549
38 582
39 42
39 47
39 89
39 115
39 116
39 404
39 407
40 56
40 57
40 59
40 60
40 63
40 64
40 65
40 67
40 78
40 81
40 82
40 83
40 112
40 113
40 120
40 129
40 130
40 134
40 137
40 138
40 140
40 141
40 143
40 149
40 152
40 157
40 161
40 329
40 332
40 333
40 341
40 353
40 358
40 364
40 375
40 381
40 413
40 414
40 421
40 422
40 423
40 425
40 428
40 430
40 431
40 434
40 437
40 440
40 441
41 68
41 84
41 85
41 337
41 338
41 340
41 346
41 448
42 45
42 47
42 115
42 116
42 407
43 61
43 90
43 142
43 338
43 342
43 382
43 390
43 448
44 49
44 58
44 60
44 61
44 66
44 68
44 78
44 79
44 82
44 84
44 140
44 144
44 341
44 345
44 353
44 354
44 359
44 441
45 54
46 48
46 54
46 342
46 343
46 346
46 557
47 56
47 63
47 111
47 113
47 114
47 115
47 116
47 124
47 348
47 357
47 362
47 404
47 407
47 410
47 413
47 492
48 54
48 343
48 346
48 347
48 349
48 527
49 68
49 81
49 83
49 84
49 134
49 140
49 142
49 143
49 144
49 149
49 150
49 151
49 152
49 161
49 242
49 337
49 338
49 344
49 365
49 372
49 374
49 382
49 430
49 432
49 434
49 437
49 441
49 446
49 448
50 78
51 62
51 63
51 352
51 360
52 57
52 106
52 107
52 108
52 110
52 116
52 117
52 120
52 122
52 124
52 125
52 134
52 136
52 137
52 141
52 148
52 150
52 152
52 154
52 155
52 157
52 159
52 161
52 192
52 193
52 194
52 196
52 198
52 199
52 200
52 201
52 203
52 204
52 207
52 211
52 223
52 261
52 281
52 344
52 350
52 357
52 393
52 394
52 395
52 396
52 398
52 399
52 400
52 401
52 404
52 407
52 408
52 410
52 416
52 417
52 418
52 423
52 430
52 434
52 435
52 437
52 446
52 454
52 456
52 492
52 501
52 515
52 535
53 65
53 344
53 348
53 405
53 409
53 410
53 484
53 529
54 346
54 511
54 560
55 56
55 57
55 58
55 60
55 63
55 64
55 65
55 83
55 112
55 113
55 114
55 115
55 116
55 117
55 119
55 120
55 121
55 124
55 125
55 129
55 130
55 132
55 134
55 137
55 138
55 140
55 141
55 143
55 145
55 149
55 150
55 152
55 155
55 157
55 161
55 207
55 341
55 344
55 348
55 357
55 358
55 372
55 375
55 398
55 401
55 404
55 407
55 410
55 412
55 413
55 414
55 429
55 430
55 434
55 440
56 57
56 60
56 63
56 64
56 65
56 113
56 117
56 120
56 124
56 137
56 341
56 344
56 348
56 353
56 358
56 375
56 413
56 429
56 430
56 492
57 58
57 60
57 63
57 64
57 65
57 97
57 99
57 107
57 110
57 112
57 113
57 114
57 116
57 117
57 119
57 120
57 121
57 122
57 124
57 125
57 129
57 130
57 131
57 134
57 136
57 137
57 140
57 141
57 143
57 148
57 149
57 150
57 152
57 154
57 155
57 157
57 161
57 199
57 201
57 207
57 211
57 282
57 344
57 348
57 350
57 357
57 375
57 394
57 396
57 398
57 400
57 401
57 404
57 407
57 408
57 410
57 412
57 413
57 416
57 419
57 423
57 429
57 430
57 434
57 437
57 440
57 446
57 515
58 60
58 61
58 63
58 64
58 65
58 66
58 146
58 182
59 60
59 64
59 67
59 78
59 112
59 143
59 145
59 146
59 341
59 351
59 355
59 358
59 359
59 361
59 412
59 413
59 414
59 441
59 443
59 445
59 447
60 61
60 63
60 64
60 65
60 67
60 78
60 82
60 83
60 112
60 113
60 117
60 119
60 120
60 121
60 129
60 135
60 140
60 143
60 145
60 146
60 157
60 161
60 207
60 341
60 344
60 345
60 348
60 353
60 354
60 355
60 358
60 359
60 364
60 372
60 375
60 412
60 413
60 414
60 421
60 422
60 430
60 440
60 441
61 67
61 84
61 345
61 353
61 354
61 355
61 359
61 441
61 447
62 352
62 360
63 64
63 65
63 66
63 113
63 115
63 120
63 124
63 125
63 137
63 139
63 140
63 157
63 341
63 348
63 357
63 358
63 362
63 401
63 404
63 407
63 410
63 412
63 413
63 414
63 430
63 440
64 65
64 67
64 75
64 82
64 83
64 111
64 112
64 113
64 119
64 120
64 121
64 129
64 140
64 143
64 145
64 146
64 157
64 207
64 341
64 348
64 351
64 358
64 359
64 375
64 412
64 413
64 414
64 422
64 430
64 441
64 443
65 83
65 112
65 113
65 114
65 117
65 119
65 120
65 121
65 124
65 125
65 129
65 130
65 136
65 137
65 138
65 139
65 140
65 141
65 143
65 148
65 149
65 150
65 152
65 155
65 157
65 161
65 207
65 341
65 344
65 348
65 357
65 358
65 372
65 375
65 394
65 398
65 401
65 410
65 412
65 413
65 414
65 430
65 434
65 446
66 67
66 75
66 341
66 354
66 362
67 75
67 78
67 84
67 341
67 345
67 351
67 353
67 354
67 358
67 359
67 361
67 414
67 441
68 69
68 79
68 82
68 84
68 140
68 144
68 337
68 338
68 376
68 592
69 70
69 71
69 72
69 74
69 77
69 81
69 82
69 83
69 135
69 140
69 142
69 143
69 144
69 355
69 364
69 365
69 368
69 370
69 372
69 382
69 421
69 424
69 428
69 439
69 451
69 592
69 593
70 72
70 77
70 368
70 596
71 72
71 74
71 77
72 74
72 77
72 99
72 118
72 133
72 135
72 142
72 368
72 372
72 439
73 137
74 77
74 78
75 341
75 358
75 414
76 127
76 175
76 261
76 296
76 297
76 420
76 592
76 594
77 297
77 368
77 370
77 490
77 565
77 592
77 593
78 79
78 82
78 143
78 333
78 341
78 441
79 81
79 84
79 127
79 140
79 337
79 338
79 345
79 373
79 374
79 376
80 81
80 84
80 85
80 90
80 138
80 140
80 371
80 374
80 380
80 381
80 382
80 431
81 83
81 84
81 91
81 138
81 140
81 337
81 338
81 365
81 371
81 374
81 376
81 381
81 382
81 428
81 431
81 432
81 434
81 448
81 460
81 530
82 83
82 112
82 129
82 133
82 135
82 143
82 341
82 345
82 353
82 358
82 364
82 372
82 375
82 376
82 413
82 421
82 422
82 428
82 429
83 112
83 120
83 121
83 122
83 124
83 129
83 130
83 132
83 133
83 134
83 135
83 137
83 138
83 140
83 141
83 143
83 152
83 154
83 161
83 197
83 207
83 287
83 337
83 341
83 344
83 348
83 358
83 364
83 365
83 370
83 372
83 374
83 375
83 376
83 382
83 413
83 414
83 421
83 422
83 425
83 428
83 429
83 430
83 431
83 434
83 441
83 451
83 460
84 85
84 89
84 91
84 140
84 337
84 338
84 345
84 359
84 374
84 377
84 380
84 381
84 382
85 517
85 561
86 87
86 89
86 91
86 377
86 380
86 381
86 483
87 89
87 91
87 377
87 380
87 381
87 405
87 483
88 405
89 91
89 337
89 374
89 377
89 380
89 381
89 405
90 338
90 342
90 372
90 374
90 382
90 439
91 337
91 374
91 377
91 380
91 381
91 382
91 405
92 93
92 107
92 108
92 109
92 111
92 114
92 117
92 125
92 184
92 187
92 189
92 191
92 192
92 193
92 194
92 199
92 200
92 201
92 207
92 211
92 212
92 301
92 310
92 384
92 393
92 394
92 396
92 398
92 401
92 408
92 491
92 492
93 94
93 95
93 98
93 101
93 104
93 105
93 107
93 108
93 109
93 110
93 117
93 118
93 136
93 184
93 187
93 188
93 189
93 191
93 194
93 201
93 282
93 291
93 301
93 302
93 304
93 305
93 321
93 322
93 323
93 384
93 386
93 389
93 390
93 391
93 393
93 394
93 396
93 398
93 400
93 411
93 415
93 442
93 504
94 95
94 98
94 100
94 101
94 104
94 305
94 321
94 322
94 386
94 389
94 390
94 391
94 392
95 96
95 98
95 101
95 104
95 105
95 107
95 109
95 118
95 184
95 188
95 189
95 301
95 302
95 304
95 305
95 321
95 322
95 386
95 389
95 390
95 391
95 504
96 99
96 101
96 104
96 118
96 188
96 302
96 322
96 390
96 504
97 99
97 104
97 105
97 107
97 108
97 117
97 118
97 123
97 125
97 136
97 282
97 290
97 350
97 385
97 386
97 393
97 394
97 398
97 400
97 402
97 495
98 100
98 101
98 102
98 104
98 105
98 118
98 189
98 203
98 290
98 302
98 305
98 317
98 321
98 322
98 323
98 336
98 339
98 386
98 389
98 390
98 391
98 393
98 400
99 101
99 105
99 107
99 109
99 110
99 114
99 117
99 118
99 120
99 123
99 125
99 133
99 135
99 141
99 150
99 152
99 188
99 189
99 192
99 201
99 205
99 282
99 390
99 393
99 394
99 396
99 398
99 401
99 402
99 446
99 504
100 102
100 103
100 304
100 305
100 312
100 317
100 319
100 320
100 321
100 322
100 323
100 324
100 327
100 328
100 329
100 334
100 335
100 336
100 386
100 389
100 391
100 392
101 104
101 105
101 107
101 109
101 118
101 184
101 188
101 189
101 203
101 282
101 290
101 301
101 302
101 304
101 305
101 321
101 322
101 323
101 324
101 339
101 384
101 386
101 389
101 390
101 391
101 393
101 398
101 400
101 411
101 415
101 442
101 504
102 304
102 305
102 319
102 320
102 321
102 322
102 323
102 324
102 328
102 329
102 334
102 335
102 336
102 389
102 391
102 392
103 105
103 106
103 109
103 220
103 221
103 237
103 287
103 305
103 323
103 324
103 327
103 328
103 329
103 330
103 332
103 333
103 335
103 336
103 391
103 397
103 529
103 530
103 582
104 105
104 107
104 109
104 118
104 123
104 188
104 189
104 290
104 302
104 305
104 321
104 322
104 386
104 389
104 390
104 391
104 393
104 398
105 106
105 107
105 109
105 110
105 117
105 118
105 123
105 125
105 130
105 136
105 150
105 159
105 189
105 201
105 203
105 282
105 290
105 298
105 301
105 302
105 305
105 321
105 322
105 323
105 339
105 384
105 386
105 389
105 390
105 391
105 393
105 394
105 395
105 398
105 400
105 411
105 446
105 456
105 504
106 109
106 110
106 119
106 121
106 131
106 134
106 141
106 148
106 154
106 155
106 159
106 161
106 189
106 191
106 192
106 193
106 194
106 198
106 199
106 200
106 201
106 202
106 207
106 211
106 212
106 220
106 221
106 222
106 223
106 224
106 225
106 226
106 237
106 281
106 282
106 287
106 323
106 327
106 329
106 330
106 332
106 333
106 335
106 336
106 384
106 390
106 392
106 395
106 396
106 397
106 399
106 408
106 437
106 456
106 469
106 501
106 504
106 529
106 530
106 533
106 535
106 549
106 582
107 108
107 109
107 110
107 113
107 114
107 117
107 118
107 123
107 126
107 184
107 188
107 189
107 191
107 192
107 194
107 201
107 204
107 211
107 323
107 327
107 350
107 384
107 385
107 386
107 393
107 394
107 396
107 398
107 400
107 401
107 402
107 408
107 410
107 495
108 109
108 111
108 113
108 114
108 116
108 117
108 123
108 124
108 189
108 191
108 192
108 193
108 194
108 199
108 201
108 211
108 323
108 350
108 384
108 393
108 394
108 396
108 398
108 400
108 401
108 407
108 408
108 410
108 492
108 495
109 110
109 111
109 112
109 114
109 117
109 118
109 119
109 121
109 125
109 136
109 148
109 159
109 184
109 187
109 188
109 189
109 191
109 192
109 193
109 194
109 196
109 200
109 201
109 203
109 207
109 211
109 212
109 282
109 287
109 301
109 302
109 305
109 323
109 327
109 384
109 386
109 390
109 393
109 394
109 395
109 396
109 397
109 398
109 399
109 400
109 401
109 402
109 408
109 411
109 415
109 442
109 456
109 504
110 112
110 114
110 117
110 118
110 119
110 120
110 121
110 125
110 130
110 131
110 133
110 136
110 141
110 148
110 150
110 152
110 154
110 155
110 157
110 158
110 159
110 161
110 165
110 187
110 189
110 191
110 192
110 193
110 194
110 196
110 198
110 199
110 200
110 201
110 207
110 211
110 212
110 223
110 224
110 225
110 226
110 281
110 282
110 287
110 301
110 327
110 357
110 375
110 384
110 386
110 390
110 393
110 394
110 395
110 396
110 397
110 398
110 399
110 400
110 401
110 408
110 437
110 442
110 446
110 456
110 504
110 515
110 582
111 112
111 113
111 114
111 116
111 117
111 119
111 120
111 121
111 131
111 133
111 154
111 180
111 187
111 190
111 191
111 193
111 194
111 199
111 200
111 201
111 207
111 210
111 211
111 212
111 223
111 224
111 348
111 384
111 401
111 404
111 408
111 413
111 423
111 451
111 490
111 491
111 492
112 113
112 114
112 117
112 118
112 119
112 120
112 121
112 122
112 125
112 129
112 130
112 131
112 132
112 133
112 134
112 135
112 137
112 141
112 143
112 145
112 148
112 149
112 150
112 152
112 154
112 155
112 157
112 161
112 187
112 198
112 199
112 201
112 207
112 211
112 212
112 282
112 301
112 348
112 358
112 364
112 372
112 375
112 384
112 394
112 396
112 399
112 401
112 404
112 408
112 412
112 413
112 414
112 421
112 422
112 423
112 425
112 428
112 429
112 430
112 437
112 440
112 445
112 446
112 451
112 454
112 469
112 491
112 492
113 114
113 115
113 116
113 117
113 120
113 121
113 124
113 125
113 126
113 130
113 135
113 137
113 139
113 141
113 143
113 149
113 150
113 157
113 199
113 201
113 211
113 348
113 357
113 358
113 375
113 385
113 394
113 396
113 398
113 401
113 403
113 404
113 407
113 408
113 409
113 410
113 412
113 413
113 423
113 428
113 429
113 440
114 115
114 116
114 117
114 119
114 120
114 121
114 124
114 125
114 130
114 131
114 132
114 133
114 135
114 137
114 141
114 150
114 154
114 157
114 180
114 190
114 191
114 192
114 193
114 194
114 196
114 199
114 201
114 207
114 210
114 211
114 212
114 357
114 368
114 384
114 393
114 394
114 396
114 398
114 400
114 401
114 404
114 407
114 408
114 410
114 412
114 413
114 423
114 429
114 491
114 492
115 116
115 124
115 348
115 403
115 404
115 407
115 410
116 117
116 120
116 124
116 180
116 191
116 193
116 194
116 199
116 211
116 348
116 350
116 357
116 394
116 396
116 403
116 404
116 407
116 408
116 409
116 410
116 413
116 423
116 492
117 118
117 119
117 120
117 121
117 123
117 124
117 125
117 126
117 130
117 131
117 133
117 135
117 136
117 137
117 141
117 148
117 150
117 157
117 180
117 189
117 191
117 194
117 196
117 199
117 201
117 207
117 211
117 282
117 301
117 350
117 357
117 368
117 384
117 386
117 393
117 394
117 396
117 398
117 400
117 401
117 404
117 407
117 408
117 409
117 410
117 413
117 416
117 423
117 446
117 492
118 126
118 130
118 188
118 189
118 282
118 298
118 301
118 302
118 321
118 339
118 372
118 384
118 386
118 390
118 391
118 393
118 394
118 398
118 411
118 504
119 120
119 121
119 125
119 129
119 131
119 133
119 134
119 135
119 141
119 143
119 145
119 147
119 148
119 149
119 150
119 152
119 153
119 154
119 155
119 156
119 157
119 159
119 161
119 162
119 165
119 187
119 194
119 196
119 197
119 198
119 199
119 201
119 207
119 211
119 212
119 223
119 224
119 225
119 233
119 267
119 281
119 282
119 364
119 375
119 384
119 395
119 399
119 401
119 412
119 413
119 421
119 422
119 423
119 437
119 443
119 445
119 446
119 454
119 462
119 515
119 534
120 121
120 122
120 124
120 125
120 129
120 130
120 131
120 133
120 134
120 135
120 137
120 141
120 143
120 145
120 148
120 149
120 150
120 152
120 154
120 155
120 157
120 161
120 180
120 194
120 196
120 199
120 201
120 207
120 211
120 212
120 225
120 282
120 341
120 348
120 357
120 358
120 375
120 384
120 394
120 398
120 399
120 401
120 404
120 407
120 408
120 410
120 412
120 413
120 414
120 422
120 423
120 430
120 440
120 443
120 445
120 515
121 125
121 129
121 130
121 131
121 132
121 133
121 135
121 141
121 143
121 145
121 147
121 148
121 154
121 155
121 157
121 161
121 180
121 187
121 194
121 196
121 199
121 201
121 207
121 210
121 211
121 212
121 223
121 224
121 225
121 282
121 348
121 364
121 375
121 384
121 399
121 401
121 412
121 413
121 422
121 423
121 443
121 445
121 451
122 129
122 130
122 131
122 132
122 134
122 137
122 140
122 141
122 154
122 155
122 157
122 161
122 165
122 190
122 197
122 198
122 261
122 281
122 296
122 344
122 348
122 357
122 364
122 365
122 370
122 395
122 401
122 413
122 422
122 425
122 434
122 451
122 454
122 460
122 515
123 125
123 196
123 201
123 204
123 282
123 290
123 298
123 350
123 357
123 393
123 398
123 400
123 401
123 416
123 417
123 418
123 495
124 125
124 129
124 130
124 134
124 137
124 139
124 140
124 141
124 148
124 149
124 150
124 152
124 154
124 155
124 157
124 196
124 199
124 201
124 211
124 348
124 350
124 357
124 394
124 398
124 400
124 401
124 404
124 406
124 407
124 408
124 410
124 413
124 416
124 423
124 429
124 430
124 434
124 438
124 446
124 492
125 131
125 133
125 134
125 136
125 137
125 141
125 143
125 145
125 147
125 148
125 149
125 150
125 152
125 153
125 154
125 155
125 157
125 159
125 161
125 162
125 196
125 199
125 201
125 205
125 207
125 211
125 225
125 267
125 282
125 350
125 357
125 394
125 395
125 396
125 398
125 399
125 400
125 401
125 404
125 408
125 412
125 413
125 416
125 417
125 418
125 423
125 437
125 440
125 445
125 446
125 506
125 515
125 534
126 130
126 386
126 391
126 393
126 394
126 398
126 400
126 495
127 297
127 338
127 370
127 373
127 374
127 592
128 183
128 215
128 219
128 259
128 261
128 264
128 277
128 279
128 300
128 450
129 130
129 131
129 132
129 133
129 134
129 135
129 137
129 140
129 141
129 143
129 145
129 149
129 150
129 152
129 154
129 155
129 157
129 161
129 165
129 197
129 198
129 199
129 207
129 267
129 281
129 296
129 341
129 348
129 358
129 364
129 365
129 370
129 372
129 375
129 376
129 401
129 412
129 413
129 414
129 421
129 422
129 423
129 424
129 425
129 428
129 429
129 430
129 431
129 434
129 437
129 446
129 451
129 460
129 491
130 132
130 135
130 137
130 138
130 140
130 141
130 150
130 152
130 287
130 358
130 364
130 365
130 368
130 372
130 375
130 398
130 422
130 425
130 428
130 446
131 132
131 133
131 134
131 135
131 136
131 141
131 143
131 145
131 147
131 148
131 149
131 150
131 153
131 154
131 155
131 157
131 161
131 165
131 187
131 190
131 194
131 196
131 197
131 198
131 199
131 201
131 207
131 210
131 211
131 212
131 223
131 267
131 281
131 282
131 296
131 364
131 384
131 395
131 399
131 401
131 408
131 412
131 413
131 421
131 422
131 423
131 424
131 428
131 430
131 434
131 435
131 437
131 443
131 445
131 451
131 454
131 461
131 490
131 491
131 506
131 515
131 534
131 535
132 133
132 134
132 135
132 137
132 140
132 141
132 143
132 150
132 154
132 165
132 190
132 197
132 199
132 201
132 207
132 364
132 365
132 368
132 370
132 372
132 375
132 422
132 425
132 428
132 429
132 431
132 434
132 446
132 451
132 491
132 535
133 134
133 135
133 141
133 143
133 145
133 150
133 154
133 157
133 161
133 165
133 180
133 194
133 198
133 199
133 201
133 207
133 211
133 212
133 225
133 364
133 365
133 375
133 421
133 422
133 428
133 429
133 451
133 491
133 492
134 136
134 137
134 138
134 140
134 141
134 142
134 143
134 148
134 149
134 150
134 151
134 152
134 154
134 155
134 157
134 159
134 161
134 162
134 197
134 198
134 199
134 201
134 207
134 223
134 242
134 267
134 281
134 337
134 341
134 344
134 348
134 357
134 358
134 364
134 365
134 375
134 395
134 401
134 404
134 407
134 408
134 413
134 421
134 422
134 423
134 425
134 428
134 429
134 430
134 431
134 432
134 434
134 435
134 437
134 440
134 446
134 448
134 451
134 454
134 460
134 461
134 462
134 491
134 492
134 501
134 506
134 515
134 535
135 141
135 143
135 180
135 201
135 207
135 296
135 364
135 368
135 375
135 394
135 421
135 422
135 425
135 428
135 429
136 137
136 141
136 148
136 149
136 150
136 152
136 153
136 155
136 156
136 157
136 158
136 159
136 161
136 163
136 199
136 201
136 282
136 290
136 328
136 357
136 393
136 394
136 395
136 396
136 398
136 399
136 400
136 401
136 418
136 430
136 432
136 437
136 442
136 446
136 454
136 458
136 464
136 466
136 506
136 515
136 543
137 138
137 139
137 140
137 141
137 143
137 148
137 149
137 150
137 152
137 154
137 157
137 199
137 328
137 332
137 341
137 344
137 348
137 350
137 357
137 358
137 365
137 367
137 375
137 398
137 400
137 401
137 404
137 406
137 407
137 410
137 413
137 422
137 425
137 428
137 429
137 430
137 431
137 434
137 446
138 140
138 141
138 143
138 149
138 341
138 358
138 371
138 428
138 431
138 434
138 441
140 141
140 143
140 149
140 152
140 157
140 161
140 197
140 337
140 341
140 344
140 348
140 358
140 364
140 365
140 372
140 374
140 375
140 376
140 382
140 413
140 414
140 428
140 429
140 430
140 431
140 432
140 434
140 441
140 448
140 460
141 143
141 148
141 149
141 150
141 152
141 154
141 155
141 157
141 159
141 161
141 165
141 190
141 196
141 197
141 198
141 199
141 201
141 205
141 207
141 211
141 223
141 267
141 281
141 282
141 287
141 328
141 332
141 348
141 357
141 358
141 364
141 365
141 368
141 372
141 375
141 384
141 394
141 395
141 396
141 398
141 399
141 400
141 401
141 404
141 407
141 412
141 413
141 422
141 423
141 425
141 428
141 429
141 430
141 431
141 434
141 437
141 445
141 446
141 451
141 491
141 492
141 506
141 515
142 143
142 144
142 152
142 161
142 162
142 242
142 296
142 421
142 432
142 435
142 437
142 439
142 448
142 504
142 565
143 145
143 146
143 148
143 149
143 150
143 152
143 154
143 155
143 157
143 161
143 162
143 197
143 198
143 207
143 225
143 242
143 267
143 296
143 341
143 348
143 358
143 364
143 365
143 368
143 372
143 375
143 412
143 413
143 414
143 421
143 422
143 423
143 424
143 428
143 429
143 430
143 431
143 434
143 437
143 440
143 441
143 443
143 445
143 446
143 451
143 462
144 439
144 504
145 146
145 147
145 149
145 152
145 153
145 155
145 156
145 157
145 161
145 162
145 207
145 225
145 233
145 267
145 358
145 399
145 412
145 413
145 414
145 440
145 441
145 443
145 445
145 462
145 534
146 162
146 355
146 359
146 412
146 414
146 441
146 443
146 445
147 149
147 153
147 162
147 399
147 412
147 443
147 445
147 506
147 534
148 149
148 150
148 152
148 153
148 154
148 155
148 156
148 157
148 158
148 159
148 161
148 162
148 163
148 196
148 198
148 199
148 200
148 201
148 207
148 211
148 223
148 225
148 267
148 281
148 282
148 287
148 327
148 357
148 384
148 394
148 395
148 396
148 397
148 398
148 399
148 400
148 401
148 402
148 404
148 408
148 410
148 416
148 417
148 418
148 423
148 429
148 430
148 431
148 434
148 437
148 440
148 442
148 446
148 454
148 456
148 458
148 464
148 466
148 515
148 535
149 150
149 152
149 153
149 154
149 155
149 157
149 161
149 162
149 199
149 201
149 205
149 242
149 267
149 357
149 358
149 399
149 401
149 412
149 418
149 430
149 431
149 432
149 434
149 437
149 438
149 443
149 445
149 446
149 506
149 515
149 534
149 543
150 152
150 153
150 154
150 155
150 156
150 157
150 158
150 159
150 161
150 162
150 196
150 199
150 201
150 205
150 207
150 242
150 267
150 282
150 350
150 357
150 394
150 395
150 396
150 398
150 399
150 400
150 401
150 404
150 408
150 416
150 417
150 418
150 429
150 430
150 432
150 434
150 437
150 440
150 442
150 446
150 454
150 456
150 466
150 504
150 506
150 515
150 534
151 161
151 430
151 431
151 432
151 434
151 437
151 448
151 460
151 466
152 153
152 154
152 155
152 156
152 157
152 161
152 162
152 198
152 201
152 205
152 207
152 225
152 228
152 242
152 267
152 281
152 282
152 296
152 357
152 358
152 364
152 372
152 399
152 401
152 418
152 421
152 422
152 428
152 430
152 431
152 432
152 434
152 437
152 440
152 446
152 448
152 454
152 466
152 515
152 534
153 155
153 156
153 157
153 158
153 159
153 161
153 162
153 163
153 196
153 225
153 232
153 233
153 267
153 282
153 399
153 412
153 417
153 418
153 437
153 440
153 443
153 445
153 446
153 464
153 515
153 534
153 543
153 545
154 155
154 157
154 159
154 161
154 165
154 190
154 192
154 193
154 194
154 196
154 197
154 198
154 199
154 200
154 201
154 207
154 211
154 212
154 223
154 226
154 267
154 281
154 332
154 333
154 348
154 357
154 358
154 364
154 365
154 375
154 395
154 396
154 397
154 399
154 401
154 404
154 407
154 408
154 413
154 422
154 423
154 425
154 428
154 429
154 430
154 431
154 434
154 435
154 437
154 446
154 451
154 454
154 460
154 461
154 491
154 492
154 501
154 515
154 535
155 156
155 157
155 158
155 159
155 161
155 162
155 163
155 196
155 197
155 198
155 199
155 200
155 201
155 207
155 211
155 223
155 225
155 226
155 233
155 267
155 281
155 282
155 348
155 357
155 384
155 395
155 397
155 398
155 399
155 400
155 401
155 404
155 408
155 412
155 413
155 416
155 417
155 418
155 423
155 430
155 431
155 434
155 437
155 442
155 443
155 445
155 446
155 454
155 458
155 466
155 506
155 515
155 534
155 535
156 157
156 158
156 161
156 162
156 233
156 267
156 430
156 432
156 437
156 446
156 454
156 462
156 466
156 506
156 515
156 545
157 161
157 162
157 196
157 199
157 201
157 207
157 225
157 233
157 267
157 281
157 282
157 357
157 399
157 401
157 404
157 412
157 413
157 418
157 423
157 428
157 430
157 431
157 432
157 434
157 437
157 440
157 443
157 445
157 446
157 454
157 462
157 515
157 534
158 159
158 161
158 162
158 163
158 282
158 399
158 437
158 442
158 446
158 454
158 456
158 462
158 464
158 466
158 515
158 543
159 161
159 162
159 163
159 189
159 192
159 193
159 194
159 196
159 198
159 199
159 200
159 201
159 203
159 207
159 211
159 223
159 225
159 281
159 282
159 290
159 384
159 390
159 393
159 394
159 395
159 396
159 397
159 398
159 399
159 400
159 401
159 402
159 408
159 415
159 418
159 435
159 437
159 442
159 446
159 454
159 456
159 458
159 462
159 464
159 504
159 515
160 194
160 200
160 223
160 224
160 225
161 162
161 197
161 198
161 207
161 242
161 267
161 281
161 282
161 358
161 364
161 399
161 412
161 421
161 428
161 430
161 431
161 432
161 434
161 437
161 440
161 441
161 443
161 445
161 446
161 448
161 454
161 460
161 462
161 466
161 506
161 515
161 534
162 163
162 372
162 421
162 437
162 440
162 445
162 446
162 454
162 462
162 543
163 174
163 196
163 225
163 233
163 267
163 437
163 440
163 462
163 464
164 200
164 219
164 279
164 281
164 320
165 190
165 193
165 197
165 198
165 200
165 223
165 261
165 277
165 281
165 296
165 365
165 535
166 168
166 265
166 542
167 276
167 473
168 172
168 229
168 235
168 236
168 239
168 248
168 250
168 252
168 265
168 475
168 478
168 513
168 542
168 548
168 551
168 556
168 557
168 560
168 561
168 569
168 581
169 173
169 240
169 479
170 172
170 178
170 229
170 234
170 236
170 238
170 239
170 243
170 247
170 248
170 250
170 252
170 255
170 258
170 263
170 265
170 268
170 270
170 476
170 479
170 481
170 488
170 538
170 540
170 542
170 548
170 550
170 556
170 557
170 566
170 567
170 570
170 573
171 212
171 271
172 229
172 231
172 234
172 236
172 238
172 239
172 243
172 247
172 248
172 250
172 252
172 258
172 265
172 268
172 478
172 485
172 511
172 520
172 542
172 547
172 551
172 556
172 557
172 560
173 477
173 479
174 249
175 176
175 261
177 179
177 486
178 183
178 215
178 238
178 247
178 255
178 258
178 260
178 263
178 268
178 270
178 274
178 294
178 488
178 566
180 194
180 207
181 255
183 215
183 257
183 260
183 293
183 294
183 300
183 589
184 187
184 188
184 189
184 194
184 291
184 301
184 302
184 384
184 390
184 393
184 398
184 415
184 442
184 489
184 586
185 469
186 297
186 370
186 426
186 427
186 565
186 592
186 594
187 189
187 191
187 192
187 193
187 194
187 207
187 211
187 212
187 226
187 301
187 311
187 384
187 390
187 395
187 397
187 399
187 411
187 451
187 454
187 489
187 490
187 494
187 496
187 501
187 514
187 515
188 189
188 301
188 302
188 390
188 394
188 402
188 504
188 586
189 191
189 192
189 193
189 194
189 200
189 201
189 203
189 211
189 212
189 282
189 287
189 291
189 301
189 302
189 323
189 325
189 327
189 384
189 389
189 390
189 393
189 394
189 395
189 396
189 397
189 398
189 400
189 408
189 415
189 442
189 456
189 489
189 504
190 191
190 193
190 210
190 211
190 212
190 219
190 259
190 280
190 365
190 370
190 424
190 451
190 490
190 491
190 492
190 535
191 192
191 193
191 194
191 196
191 199
191 200
191 201
191 210
191 211
191 212
191 350
191 384
191 393
191 394
191 395
191 396
191 408
191 491
191 492
191 501
191 504
192 193
192 194
192 196
192 199
192 200
192 201
192 211
192 212
192 226
192 310
192 384
192 390
192 393
192 394
192 395
192 396
192 397
192 398
192 408
192 415
192 435
192 442
192 456
192 492
192 501
192 504
193 194
193 196
193 199
193 200
193 201
193 202
193 207
193 210
193 211
193 212
193 222
193 223
193 224
193 226
193 327
193 350
193 384
193 394
193 395
193 396
193 397
193 404
193 408
193 410
193 491
193 492
193 501
193 535
193 582
194 196
194 199
194 200
194 201
194 207
194 210
194 211
194 212
194 223
194 224
194 301
194 350
194 357
194 384
194 393
194 394
194 395
194 396
194 398
194 399
194 400
194 401
194 402
194 404
194 408
194 410
194 491
194 492
194 501
195 214
195 215
195 218
195 260
195 273
195 274
195 278
195 300
196 199
196 200
196 201
196 205
196 207
196 211
196 212
196 223
196 224
196 225
196 233
196 267
196 282
196 327
196 350
196 357
196 395
196 399
196 400
196 401
196 404
196 408
196 417
196 418
196 423
196 442
196 515
196 580
197 198
197 223
197 267
197 281
197 348
197 358
197 364
197 365
197 375
197 376
197 413
197 422
197 425
197 430
197 431
197 434
197 451
197 460
197 535
198 199
198 200
198 201
198 207
198 223
198 261
198 267
198 281
198 296
198 364
198 365
198 399
198 421
198 422
198 424
198 425
198 430
198 434
198 435
198 437
198 446
198 451
198 454
198 456
198 459
198 460
198 491
198 501
198 535
199 200
199 201
199 205
199 207
199 210
199 211
199 212
199 223
199 225
199 267
199 281
199 327
199 329
199 332
199 350
199 357
199 384
199 394
199 395
199 396
199 398
199 399
199 400
199 401
199 404
199 407
199 408
199 410
199 412
199 413
199 417
199 422
199 423
199 430
199 434
199 491
199 492
199 515
200 201
200 202
200 203
200 207
200 211
200 212
200 214
200 223
200 224
200 226
200 280
200 281
200 384
200 395
200 396
200 397
200 399
200 404
200 408
200 456
200 491
200 492
200 501
200 535
200 582
201 203
201 205
201 207
201 211
201 212
201 223
201 225
201 282
201 327
201 350
201 357
201 384
201 393
201 394
201 395
201 396
201 398
201 399
201 400
201 401
201 402
201 404
201 407
201 408
201 410
201 415
201 416
201 417
201 418
201 422
201 423
201 429
201 435
201 437
201 442
201 446
201 456
201 491
201 492
201 501
201 504
201 515
202 211
202 212
202 214
202 216
202 218
202 219
202 222
202 223
202 329
202 395
202 397
202 408
202 410
202 535
203 204
203 298
203 339
203 393
203 395
203 400
203 415
203 456
203 499
203 504
204 323
204 393
204 395
204 400
205 282
205 395
205 399
205 401
205 417
205 418
205 446
205 456
205 504
205 506
205 534
206 209
206 259
206 490
206 493
206 494
206 509
206 514
207 211
207 212
207 223
207 224
207 225
207 226
207 233
207 267
207 281
207 282
207 301
207 348
207 357
207 364
207 375
207 384
207 394
207 395
207 396
207 399
207 401
207 402
207 408
207 412
207 413
207 421
207 422
207 423
207 424
207 428
207 437
207 443
207 445
207 446
207 451
207 454
207 461
207 462
207 490
207 491
207 492
207 496
207 501
207 515
207 534
207 535
208 209
208 231
208 255
208 256
208 263
208 264
208 265
208 269
208 270
208 273
208 274
208 512
208 541
208 542
209 217
209 229
209 231
209 255
209 256
209 265
209 271
209 273
209 274
210 211
210 212
210 219
210 384
210 451
210 490
210 491
210 492
211 212
211 223
211 224
211 350
211 357
211 384
211 393
211 394
211 395
211 396
211 397
211 398
211 399
211 400
211 401
211 404
211 407
211 408
211 409
211 410
211 413
211 423
211 491
211 492
211 501
211 504
211 515
211 535
212 223
212 224
212 226
212 384
212 395
212 396
212 397
212 399
212 408
212 423
212 451
212 490
212 491
212 492
212 496
212 501
212 535
213 230
213 234
213 236
213 245
213 266
213 273
213 285
213 286
213 547
214 218
214 230
214 273
215 218
215 257
215 260
215 264
215 268
215 270
215 272
215 273
215 274
215 278
215 279
215 300
215 479
215 589
216 218
216 219
216 317
216 525
217 251
217 271
218 219
218 229
218 230
218 240
218 251
218 273
218 274
219 279
219 280
220 221
220 222
220 223
220 226
220 237
220 240
220 287
220 329
220 330
220 332
220 333
220 335
220 392
220 397
220 405
220 529
220 530
220 533
220 535
220 549
220 553
220 582
220 584
221 222
221 223
221 226
221 237
221 285
221 287
221 329
221 330
221 331
221 332
221 333
221 335
221 397
221 529
221 530
221 533
221 535
221 549
221 553
221 582
221 584
222 223
222 226
222 237
222 240
222 285
222 286
222 287
222 397
222 494
222 529
222 530
222 533
222 535
222 549
222 553
222 582
222 584
223 224
223 225
223 226
223 233
223 237
223 267
223 281
223 287
223 327
223 329
223 348
223 395
223 397
223 399
223 408
223 410
223 423
223 492
223 533
223 535
223 580
223 582
224 225
224 230
224 233
224 246
224 266
224 285
224 423
224 580
224 582
224 583
225 233
225 246
225 267
225 327
225 399
225 423
226 287
226 392
226 395
226 397
226 494
226 496
226 501
226 529
226 530
226 533
226 535
226 553
226 582
227 513
227 532
227 536
227 551
229 230
229 231
229 234
229 236
229 238
229 239
229 243
229 245
229 247
229 248
229 250
229 252
229 258
229 263
229 265
229 268
229 270
229 274
229 485
229 511
229 540
229 542
229 547
229 548
229 557
229 560
229 567
229 581
230 234
230 245
230 266
230 285
230 286
230 547
230 583
231 236
231 238
231 239
231 248
231 252
231 255
231 256
231 258
231 263
231 265
231 271
231 273
231 274
231 513
231 542
231 560
231 567
232 233
232 267
232 272
233 267
233 423
233 580
234 235
234 236
234 239
234 243
234 245
234 247
234 248
234 250
234 252
234 266
234 271
234 547
235 236
235 239
235 547
236 238
236 239
236 241
236 243
236 245
236 247
236 248
236 250
236 252
236 258
236 263
236 265
236 268
236 542
236 547
236 557
236 560
237 240
237 284
237 285
237 286
237 287
237 327
237 328
237 329
237 330
237 331
237 332
237 333
237 335
237 397
237 405
237 529
237 530
237 549
237 553
237 582
237 584
238 239
238 240
238 241
238 243
238 245
238 247
238 248
238 250
238 252
238 255
238 258
238 260
238 263
238 264
238 265
238 268
238 270
238 274
238 294
238 538
238 540
238 542
238 547
238 548
238 550
239 241
239 243
239 245
239 247
239 248
239 250
239 252
239 258
239 263
239 265
239 268
239 511
239 540
239 542
239 547
239 548
239 550
239 551
239 556
239 557
239 560
239 581
240 241
240 245
240 264
240 286
240 294
240 300
240 479
240 549
240 553
240 554
240 584
242 295
242 432
242 434
242 437
242 438
242 446
242 448
242 466
242 534
243 245
243 247
243 248
243 250
243 252
243 254
243 258
243 268
243 270
243 479
243 538
243 542
243 547
243 550
243 570
244 266
244 285
245 246
245 479
245 532
245 547
247 248
247 250
247 252
247 258
247 268
247 270
247 479
247 481
247 542
247 556
247 566
247 567
247 570
248 250
248 252
248 254
248 258
248 263
248 265
248 268
248 478
248 538
248 542
248 547
248 548
248 550
248 556
248 557
248 560
248 567
248 570
250 252
250 254
250 265
250 268
250 478
250 542
250 547
250 556
250 557
250 560
250 567
250 569
250 570
250 581
251 254
251 266
252 255
252 258
252 263
252 265
252 268
252 269
252 270
252 478
252 521
252 538
252 540
252 542
252 547
252 548
252 556
252 557
252 560
252 567
252 569
252 570
252 573
253 254
253 463
253 563
254 463
255 256
255 258
255 263
255 265
255 268
255 269
255 270
255 274
255 512
255 541
255 542
255 566
255 567
255 573
256 258
256 265
256 274
256 507
256 508
256 512
256 513
256 517
256 542
256 562
256 567
256 572
257 260
257 264
257 293
257 294
257 300
257 488
257 588
257 589
258 263
258 265
258 268
258 270
258 274
258 294
258 478
258 488
258 508
258 512
258 538
258 540
258 541
258 542
258 548
258 550
258 556
258 564
258 566
258 567
258 569
258 570
258 573
259 261
259 262
259 280
259 294
259 297
259 592
260 263
260 274
260 278
260 279
260 293
260 294
260 300
260 590
261 277
261 279
261 281
261 296
261 297
261 300
261 420
261 588
262 294
262 476
263 264
263 265
263 268
263 269
263 270
263 274
263 512
263 540
263 541
263 542
263 548
263 564
263 566
263 567
263 573
264 293
264 294
264 300
264 510
264 512
264 527
264 541
264 554
264 564
265 268
265 269
265 270
265 273
265 274
265 485
265 513
265 521
265 540
265 542
265 548
265 557
265 560
265 567
265 569
265 573
266 271
266 285
267 272
267 281
267 399
267 412
267 423
267 430
267 431
267 437
267 445
267 446
267 543
268 269
268 270
268 274
268 278
268 479
268 488
268 538
268 540
268 542
268 548
268 556
268 566
268 567
268 570
268 573
269 270
269 274
269 567
269 573
270 274
270 541
270 566
270 567
270 573
270 574
272 277
272 279
273 274
274 278
275 543
275 575
276 288
276 522
277 279
277 281
277 420
277 589
278 279
279 280
279 281
279 420
281 296
281 395
281 399
281 401
281 422
281 424
281 434
281 437
281 454
281 456
281 459
281 460
281 515
282 290
282 301
282 302
282 384
282 389
282 390
282 393
282 395
282 398
282 399
282 400
282 401
282 402
282 411
282 418
282 437
282 442
282 446
282 454
282 456
282 504
282 515
283 489
283 580
284 285
284 286
284 327
284 329
284 332
284 333
284 549
284 582
284 583
284 584
285 286
285 329
285 533
285 546
285 549
285 582
285 583
285 584
286 329
286 332
286 533
286 549
286 582
286 583
286 584
287 323
287 327
287 328
287 329
287 330
287 332
287 333
287 335
287 336
287 384
287 392
287 395
287 397
287 398
287 405
287 425
287 529
287 530
287 533
287 535
287 549
287 553
287 582
289 291
289 489
290 302
290 305
290 321
290 322
290 389
290 390
290 393
290 400
290 442
290 458
290 464
291 302
291 489
291 586
292 587
293 294
293 299
293 300
293 476
293 564
293 588
294 300
294 476
294 488
294 550
294 554
294 564
294 588
294 590
295 298
295 420
295 457
295 459
295 594
295 595
295 596
296 297
296 298
296 364
296 365
296 366
296 370
296 421
296 422
296 424
296 425
296 426
296 429
296 451
296 459
296 565
296 592
296 594
296 596
296 598
297 299
297 338
297 365
297 366
297 370
297 426
297 451
297 565
297 592
297 593
297 594
297 598
298 456
298 504
298 595
298 596
300 568
300 588
300 589
300 590
301 302
301 384
301 390
301 392
301 394
301 396
301 398
301 402
301 408
301 411
301 435
301 446
301 454
301 461
301 469
301 496
301 501
301 504
302 305
302 321
302 322
302 389
302 390
302 393
302 411
302 415
302 504
302 576
302 586
303 304
304 305
304 321
304 324
304 326
304 336
304 384
304 411
305 320
305 321
305 322
305 323
305 324
305 335
305 336
305 389
305 390
305 391
305 411
307 599
308 447
309 507
309 513
309 517
309 562
309 572
312 318
312 319
312 324
312 334
312 336
313 561
314 411
315 319
315 326
316 592
317 319
317 336
317 384
317 385
317 386
317 388
317 389
317 398
317 400
318 334
318 388
318 477
319 320
319 324
319 326
319 336
320 321
320 324
320 326
320 328
320 336
321 322
321 323
321 324
321 335
321 336
321 339
321 386
321 389
321 390
321 391
321 393
321 398
322 323
322 325
322 339
322 389
322 390
322 391
322 393
322 415
322 587
323 324
323 325
323 327
323 328
323 329
323 330
323 332
323 335
323 336
323 384
323 386
323 389
323 391
323 393
323 395
323 397
323 398
323 400
323 529
323 549
323 584
324 325
324 326
324 327
324 328
324 329
324 330
324 332
324 335
324 336
324 582
325 327
325 329
325 415
325 582
327 328
327 329
327 330
327 332
327 335
327 336
327 395
327 398
327 400
327 549
327 582
328 329
328 330
328 332
328 335
328 336
328 398
328 400
328 549
328 582
329 330
329 332
329 333
329 335
329 336
329 397
329 529
329 530
329 549
329 582
329 584
330 332
330 335
330 336
330 391
330 529
330 530
330 549
330 582
330 584
331 332
331 333
331 428
332 333
332 335
332 336
332 397
332 406
332 410
332 529
332 530
332 549
332 582
332 584
333 335
333 365
333 428
333 429
333 431
333 529
333 530
333 549
334 335
334 336
335 336
335 386
335 391
335 529
335 530
335 549
335 582
336 386
336 389
336 391
336 530
337 338
337 365
337 374
337 376
337 377
337 381
337 382
337 431
337 434
337 448
337 460
338 339
338 374
338 376
338 382
338 448
338 592
338 593
339 386
339 389
339 390
339 391
339 393
339 398
339 411
339 415
339 432
339 448
339 504
340 347
341 344
341 345
341 348
341 351
341 353
341 358
341 359
341 364
341 375
341 413
341 414
341 422
341 430
341 431
341 434
341 440
341 441
342 343
343 497
343 587
344 348
344 358
344 364
344 375
344 376
344 398
344 410
344 413
344 422
344 429
344 430
344 434
344 492
345 353
345 354
345 355
345 358
345 359
345 441
346 347
346 349
347 349
348 357
348 358
348 364
348 365
348 375
348 376
348 401
348 404
348 407
348 410
348 413
348 414
348 422
348 429
348 430
348 434
348 440
348 491
348 492
349 356
350 357
350 393
350 394
350 395
350 396
350 398
350 400
350 401
350 406
350 407
350 408
350 410
350 416
350 417
350 418
350 419
350 446
350 492
350 495
350 515
351 352
351 358
351 359
351 360
351 361
351 363
351 412
351 413
351 414
351 441
352 360
352 363
353 354
353 355
353 358
353 359
353 364
353 441
354 355
354 358
354 359
355 359
355 372
355 382
355 447
356 411
357 362
357 394
357 396
357 398
357 399
357 400
357 401
357 404
357 407
357 408
357 410
357 413
357 416
357 418
357 419
357 423
357 430
357 434
357 437
357 446
357 492
357 515
357 580
358 359
358 364
358 365
358 375
358 412
358 413
358 414
358 421
358 422
358 430
358 431
358 434
358 440
358 441
359 361
359 414
359 441
359 447
360 363
361 414
361 430
362 403
362 410
362 492
364 365
364 370
364 372
364 374
364 375
364 376
364 413
364 414
364 421
364 422
364 424
364 425
364 428
364 429
364 430
364 431
364 434
364 437
364 451
364 460
364 490
364 491
364 501
365 368
365 370
365 372
365 374
365 375
365 376
365 421
365 422
365 424
365 425
365 426
365 428
365 429
365 430
365 431
365 434
365 451
365 460
365 491
365 592
366 368
366 429
366 598
367 371
367 407
367 434
368 369
368 370
368 372
368 428
368 429
368 593
369 370
369 371
369 373
369 433
370 372
370 373
370 376
370 422
370 426
370 451
370 592
370 593
371 374
371 376
371 381
371 431
372 374
372 375
372 382
372 411
372 413
372 421
372 422
372 425
374 376
374 380
374 381
374 382
374 428
374 431
374 434
374 448
374 460
375 376
375 413
375 414
375 422
375 425
375 428
375 429
375 430
376 422
376 425
376 428
376 429
376 434
377 380
377 381
377 405
378 379
378 403
380 381
380 405
381 382
381 405
382 448
383 433
384 390
384 393
384 394
384 395
384 396
384 397
384 398
384 399
384 400
384 401
384 408
384 411
384 435
384 442
384 454
384 461
384 491
384 492
384 501
384 504
385 386
385 394
385 402
385 408
385 410
385 419
386 388
386 389
386 391
386 393
386 398
386 400
386 504
387 480
387 540
387 570
387 579
387 595
388 389
388 580
389 390
389 391
389 392
389 393
389 400
390 391
390 392
390 393
390 395
390 397
390 402
390 411
390 415
390 442
390 456
390 489
390 501
390 504
390 578
391 392
391 393
391 398
392 395
392 397
392 489
392 494
392 496
392 514
392 529
392 530
392 533
393 394
393 395
393 396
393 398
393 400
393 401
393 408
393 410
393 415
393 416
393 442
393 495
393 504
394 395
394 396
394 398
394 400
394 401
394 402
394 404
394 407
394 408
394 409
394 410
394 416
394 419
394 423
394 429
394 435
394 446
394 492
394 495
394 504
394 515
395 396
395 397
395 398
395 399
395 400
395 401
395 408
395 415
395 417
395 435
395 437
395 442
395 446
395 454
395 455
395 456
395 458
395 464
395 501
395 504
395 515
395 529
395 530
395 535
395 582
396 397
396 398
396 400
396 401
396 402
396 407
396 408
396 409
396 410
396 411
396 415
396 416
396 419
396 435
396 442
396 446
396 491
396 492
396 495
396 501
396 504
396 515
397 399
397 415
397 442
397 456
397 489
397 494
397 496
397 501
397 504
397 529
397 530
397 533
397 535
397 549
397 553
397 582
397 584
398 400
398 401
398 407
398 408
398 410
398 416
398 419
398 446
398 495
398 504
399 401
399 408
399 412
399 417
399 418
399 437
399 442
399 443
399 445
399 454
399 456
399 458
399 462
399 464
399 506
399 515
399 534
399 535
400 401
400 406
400 407
400 408
400 410
400 416
400 417
400 419
400 442
400 495
400 515
401 404
401 407
401 408
401 410
401 412
401 413
401 416
401 417
401 418
401 419
401 423
401 445
401 446
401 454
401 491
401 492
401 506
401 515
401 534
402 408
402 416
402 418
402 419
402 423
402 437
402 446
402 504
403 404
403 407
403 410
403 419
403 423
403 436
403 492
404 406
404 407
404 408
404 410
404 413
404 422
404 423
404 430
404 440
404 491
404 492
405 530
406 407
406 410
407 408
407 409
407 410
407 413
407 416
407 423
407 429
407 430
407 434
407 491
407 492
408 409
408 410
408 416
408 417
408 418
408 419
408 423
408 435
408 442
408 446
408 454
408 491
408 492
408 496
408 501
408 504
408 515
409 410
409 416
409 419
410 413
410 416
410 419
410 423
410 429
410 492
411 435
411 451
411 454
411 461
411 504
411 524
412 413
412 414
412 441
412 443
412 445
412 506
412 534
413 414
413 421
413 422
413 423
413 429
413 430
413 434
413 440
413 451
413 491
413 492
414 422
414 431
414 441
415 442
415 456
415 489
415 501
415 504
416 417
416 418
416 419
416 446
416 495
416 515
417 418
417 442
417 456
417 458
417 515
418 437
418 442
418 446
418 454
418 456
418 458
418 466
418 515
418 534
420 457
420 466
420 468
420 502
420 505
420 554
420 577
420 590
420 594
420 596
420 599
420 600
421 422
421 424
421 425
421 428
421 429
421 430
421 451
421 454
421 491
422 423
422 425
422 428
422 429
422 430
422 431
422 434
422 451
422 491
422 492
423 428
423 491
423 492
424 428
424 451
424 454
424 459
424 461
424 490
424 524
424 565
424 594
425 434
425 451
426 451
426 565
426 592
426 598
428 429
428 430
428 431
428 434
428 446
429 434
429 491
429 492
430 431
430 432
430 434
430 435
430 437
430 440
430 446
430 448
430 451
430 454
430 460
430 491
430 492
431 432
431 434
431 437
431 441
431 460
432 434
432 435
432 437
432 446
432 448
432 454
432 458
432 460
432 466
434 435
434 437
434 446
434 448
434 451
434 460
434 491
435 437
435 446
435 448
435 451
435 454
435 456
435 461
435 474
435 490
435 491
435 492
435 496
435 501
435 504
435 578
437 440
437 446
437 448
437 454
437 456
437 458
437 462
437 464
437 466
437 515
437 534
437 543
439 443
439 444
439 565
440 446
440 462
441 443
442 454
442 455
442 456
442 458
442 464
442 489
442 504
442 515
443 445
443 462
443 506
443 526
443 534
443 545
445 506
445 515
445 534
445 545
446 448
446 454
446 456
446 466
446 504
446 515
448 449
448 460
449 459
449 466
449 468
450 453
450 465
450 467
450 503
450 505
450 510
450 527
450 552
450 571
450 578
450 599
450 600
451 454
451 460
451 461
451 490
451 491
451 492
451 501
451 524
451 535
451 565
451 592
452 458
452 465
452 467
452 497
452 503
452 505
452 510
452 516
452 518
452 525
452 527
452 528
452 531
452 555
452 600
453 454
453 458
453 526
453 543
453 544
453 545
453 571
454 456
454 458
454 461
454 464
454 466
454 490
454 491
454 496
454 501
454 515
454 526
454 535
454 578
455 456
455 464
455 466
455 531
455 576
455 578
456 459
456 464
456 466
456 499
456 500
456 501
456 504
456 515
456 534
456 535
456 576
456 578
456 599
457 459
457 468
457 476
457 480
457 499
457 500
457 502
457 539
457 577
457 595
457 596
457 597
458 464
458 465
458 466
458 515
458 525
458 526
458 576
458 578
459 499
459 500
459 501
459 565
459 578
459 594
459 596
459 599
460 535
461 490
461 491
461 492
461 496
461 501
461 526
463 465
463 544
463 563
464 466
464 515
464 543
464 576
465 467
465 470
465 494
465 497
465 498
465 503
465 505
465 510
465 512
465 513
465 514
465 516
465 517
465 518
465 519
465 520
465 525
465 527
465 528
465 531
465 536
465 551
465 552
465 555
465 561
465 562
465 576
465 600
466 599
467 489
467 497
467 498
467 516
467 518
467 519
467 520
467 521
467 531
467 551
467 555
467 600
468 498
468 502
468 505
468 532
468 539
468 540
468 541
468 554
468 574
468 577
470 490
470 514
470 536
470 552
471 473
472 473
473 476
473 499
474 494
474 496
474 501
474 514
475 551
475 557
475 560
475 561
475 562
475 569
476 488
476 502
476 528
476 538
476 540
476 554
476 556
476 564
476 570
477 479
478 486
478 513
478 521
478 538
478 540
478 542
478 548
478 556
478 557
478 560
478 561
478 567
478 569
478 570
478 572
478 573
478 574
480 481
480 570
482 503
482 528
485 508
485 511
485 512
485 513
485 542
485 556
485 557
485 567
485 569
485 573
487 586
488 502
488 538
488 539
488 540
488 541
488 550
488 554
488 556
488 564
488 566
488 568
488 570
488 574
489 494
489 496
489 516
489 518
489 519
489 531
489 533
489 586
490 491
490 492
490 494
490 496
490 501
490 514
490 524
490 526
490 565
491 492
491 501
491 535
492 501
493 494
493 496
493 503
493 509
493 511
493 513
493 514
493 516
493 519
494 496
494 497
494 501
494 503
494 509
494 510
494 514
494 516
494 519
494 531
494 533
494 535
494 537
494 578
496 501
496 509
496 514
496 519
496 531
496 537
496 565
496 578
496 579
497 503
497 505
497 510
497 511
497 513
497 514
497 516
497 517
497 518
497 519
497 520
497 527
497 528
497 531
497 532
497 536
497 537
497 551
497 552
497 554
497 555
497 561
497 571
497 578
497 600
498 520
498 521
498 532
498 539
498 541
498 555
498 574
499 500
499 501
499 502
499 503
499 505
499 531
499 546
499 565
499 578
499 596
499 599
500 501
500 502
500 503
500 504
500 505
500 565
500 578
500 594
500 596
500 599
501 504
501 533
501 535
501 565
501 578
502 503
502 505
502 528
502 539
502 554
502 577
502 590
502 595
502 596
502 599
502 600
503 505
503 510
503 513
503 514
503 516
503 519
503 520
503 527
503 528
503 531
503 532
503 551
503 554
503 578
503 599
503 600
504 578
505 510
505 516
505 527
505 528
505 531
505 539
505 541
505 554
505 564
505 576
505 577
505 578
505 590
505 599
505 600
506 534
507 508
507 512
507 513
507 517
507 519
507 520
507 521
507 561
507 562
507 569
507 571
507 572
507 573
507 574
508 510
508 511
508 512
508 513
508 528
508 540
508 541
508 542
508 548
508 564
508 567
508 569
508 572
508 573
508 585
509 514
509 517
509 518
509 519
509 526
509 537
510 511
510 512
510 513
510 514
510 516
510 517
510 519
510 520
510 527
510 528
510 532
510 541
510 551
510 554
510 564
510 571
510 572
510 600
511 512
511 513
511 516
511 519
511 520
511 521
511 528
511 532
511 540
511 541
511 542
511 551
511 554
511 555
511 556
511 557
511 560
511 569
511 574
511 581
511 585
512 513
512 516
512 517
512 520
512 521
512 527
512 528
512 532
512 538
512 539
512 540
512 541
512 542
512 551
512 554
512 557
512 560
512 562
512 564
512 566
512 567
512 569
512 571
512 572
512 573
512 574
513 514
513 516
513 517
513 518
513 519
513 520
513 521
513 523
513 527
513 528
513 537
513 540
513 541
513 542
513 551
513 556
513 557
513 560
513 561
513 562
513 569
513 571
513 572
513 573
513 574
513 581
513 585
514 516
514 517
514 519
514 524
514 527
514 528
514 537
514 565
514 578
515 525
515 534
515 545
516 519
516 520
516 527
516 528
516 531
516 532
516 551
516 554
516 555
516 600
517 518
517 519
517 520
517 521
517 523
517 524
517 537
517 551
517 552
517 561
517 562
517 569
517 571
517 572
517 573
518 519
518 520
518 521
518 545
518 551
518 555
518 561
518 562
518 571
518 572
519 520
519 521
519 523
519 528
519 537
519 551
519 561
519 562
519 569
519 571
519 572
519 581
520 521
520 527
520 528
520 532
520 539
520 540
520 541
520 542
520 551
520 554
520 555
520 557
520 560
520 561
520 562
520 569
520 571
520 572
520 574
520 581
520 600
521 532
521 538
521 539
521 540
521 541
521 542
521 548
521 551
521 555
521 556
521 557
521 560
521 561
521 562
521 567
521 569
521 570
521 571
521 572
521 573
521 574
521 581
522 528
523 562
524 526
524 565
524 571
524 578
524 592
525 526
525 527
526 545
527 528
527 536
527 564
527 600
528 531
528 537
528 551
528 554
528 561
528 564
528 569
528 572
528 600
529 530
529 533
529 535
529 549
529 553
529 582
529 584
530 533
530 535
530 549
530 553
530 582
530 584
531 536
531 565
531 576
531 578
531 596
531 599
531 600
532 539
532 542
532 550
532 551
532 553
532 554
532 555
533 535
533 546
533 549
533 553
533 582
533 583
533 584
535 553
535 582
536 551
536 552
536 555
536 600
537 551
537 561
537 565
537 579
538 539
538 540
538 541
538 542
538 548
538 550
538 554
538 556
538 564
538 566
538 567
538 568
538 569
538 570
538 573
538 574
539 540
539 541
539 542
539 548
539 550
539 554
539 569
539 570
539 574
539 577
539 590
539 595
539 597
539 600
540 541
540 542
540 548
540 554
540 556
540 557
540 560
540 566
540 567
540 569
540 570
540 572
540 573
540 574
541 542
541 548
541 552
541 554
541 562
541 564
541 566
541 567
541 569
541 572
541 573
541 574
542 548
542 551
542 554
542 556
542 557
542 560
542 562
542 564
542 566
542 567
542 569
542 570
542 572
542 573
542 574
542 581
543 544
543 559
544 552
546 553
546 583
546 584
547 550
547 581
548 556
548 557
548 566
548 567
548 569
548 570
548 572
548 573
548 574
549 553
549 582
549 583
549 584
550 554
550 570
551 552
551 554
551 555
551 556
551 557
551 560
551 561
551 562
551 569
551 572
551 585
551 600
552 571
552 574
552 600
553 554
553 584
554 564
554 590
554 595
554 600
555 558
555 560
555 561
556 557
556 560
556 567
556 569
556 570
556 572
556 573
556 581
557 560
557 561
557 562
557 567
557 569
557 570
557 572
558 560
558 561
558 562
560 561
560 562
560 567
560 569
560 572
560 581
561 562
561 569
561 572
562 567
562 569
562 571
562 572
564 566
564 574
564 590
565 578
565 592
565 594
565 596
565 600
566 567
566 573
566 574
567 569
567 570
567 572
567 573
567 574
568 588
569 570
569 571
569 572
569 573
569 574
570 573
570 574
570 581
571 572
571 573
571 574
572 573
572 574
573 574
574 577
576 577
576 578
576 599
576 600
577 578
577 595
577 596
577 599
577 600
578 596
578 599
578 600
582 584
583 584
588 589
588 590
591 592
592 594
592 596
592 598
594 596
595 596
595 597
595 599
596 599
596 600
599 600
