600 7190

1 2
1 4
1 20
1 25
1 101
1 202
1 220
1 236
1 237
1 238
1 244
1 245
1 254
1 290
1 291
1 301
1 302
1 305
1 319
1 321
1 325
1 335
1 529
1 547
1 551
1 583
1 585
1 586
2 53
2 168
2 176
2 189
2 236
2 238
2 241
2 244
2 245
2 285
2 286
2 301
2 480
2 547
2 583
2 585
3 6
3 8
3 9
3 12
3 13
3 14
3 15
3 17
3 19
3 86
3 91
3 94
3 204
3 309
3 310
3 313
3 314
3 315
3 316
3 319
3 384
3 476
3 526
3 559
4 5
4 20
4 21
4 22
4 25
4 38
4 90
4 100
4 101
4 103
4 105
4 107
4 220
4 221
4 290
4 296
4 302
4 304
4 305
4 317
4 319
4 320
4 321
4 322
4 326
4 333
4 335
4 389
4 529
4 530
5 20
5 21
5 23
5 24
5 28
5 29
5 30
5 31
5 32
5 35
5 38
5 93
5 98
5 100
5 101
5 103
5 104
5 105
5 107
5 220
5 221
5 228
5 235
5 282
5 287
5 303
5 304
5 308
5 317
5 320
5 321
5 323
5 324
5 326
5 327
5 328
5 329
5 332
5 333
5 335
5 389
5 390
5 391
5 447
5 452
5 529
5 530
5 555
5 558
6 8
6 9
6 13
6 15
6 91
6 94
6 218
6 309
6 310
6 311
6 313
6 314
6 316
6 526
6 559
7 12
7 16
7 20
7 43
7 303
7 305
7 315
7 319
8 9
8 10
8 13
8 15
8 17
8 46
8 48
8 82
8 94
8 184
8 230
8 309
8 310
8 311
8 313
8 314
8 316
8 487
8 559
9 13
9 14
9 15
9 17
9 94
9 149
9 195
9 204
9 309
9 310
9 313
9 314
9 316
9 559
10 13
10 17
10 46
10 66
10 75
10 78
10 79
10 80
10 82
10 122
10 138
10 150
10 203
10 233
10 309
10 310
10 313
10 314
10 316
10 364
10 419
10 431
10 440
10 487
10 506
11 60
11 348
11 418
11 433
11 460
12 13
12 14
12 15
12 16
12 18
12 19
12 20
12 87
12 94
12 100
12 102
12 311
12 313
12 314
12 315
12 316
12 318
12 319
12 526
13 14
13 15
13 17
13 19
13 94
13 307
13 309
13 310
13 311
13 313
13 314
13 315
13 316
13 383
13 386
13 476
13 487
13 526
13 559
14 15
14 20
14 29
14 94
14 100
14 149
14 170
14 204
14 309
14 313
14 460
14 476
14 579
15 16
15 17
15 19
15 94
15 309
15 310
15 311
15 313
15 314
15 315
15 316
15 318
15 319
15 386
15 476
15 487
15 526
15 559
16 18
16 19
16 100
16 217
16 236
16 239
16 249
16 315
16 317
16 318
16 319
16 547
16 551
16 585
17 19
17 184
17 217
17 274
17 309
17 310
17 311
17 313
17 314
17 316
17 318
17 474
17 476
17 487
17 526
17 559
18 19
18 20
18 37
18 87
18 100
18 102
18 106
18 315
18 316
18 319
18 380
18 381
19 20
19 43
19 86
19 87
19 100
19 102
19 274
19 290
19 311
19 313
19 314
19 315
19 316
19 318
19 319
19 392
19 476
20 21
20 22
20 38
20 41
20 43
20 84
20 87
20 90
20 98
20 100
20 102
20 103
20 105
20 106
20 220
20 290
20 302
20 305
20 315
20 317
20 319
20 320
20 321
20 323
20 324
20 326
20 333
20 335
20 380
20 381
20 583
21 23
21 25
21 26
21 28
21 30
21 32
21 35
21 36
21 37
21 38
21 90
21 98
21 100
21 101
21 102
21 103
21 105
21 106
21 107
21 189
21 220
21 221
21 228
21 282
21 303
21 304
21 305
21 306
21 308
21 312
21 317
21 318
21 320
21 321
21 322
21 323
21 324
21 326
21 329
21 332
21 333
21 335
21 336
21 389
21 390
21 391
21 463
21 530
21 540
21 557
21 558
22 23
22 33
22 38
22 90
22 220
22 290
22 302
22 305
22 320
22 322
22 323
22 326
22 332
22 335
22 380
22 381
22 405
23 24
23 27
23 28
23 30
23 31
23 32
23 33
23 35
23 36
23 38
23 98
23 103
23 107
23 221
23 282
23 284
23 304
23 308
23 320
23 321
23 323
23 324
23 326
23 327
23 328
23 329
23 332
23 333
23 335
23 336
23 353
23 359
23 391
23 396
23 496
23 530
24 27
24 29
24 30
24 98
24 323
24 324
24 326
24 329
24 330
24 332
24 374
24 418
24 423
24 448
25 26
25 28
25 30
25 31
25 35
25 37
25 103
25 105
25 125
25 220
25 221
25 237
25 254
25 283
25 284
25 321
25 325
25 326
25 327
25 328
25 335
25 558
25 584
26 28
26 30
26 31
26 35
26 37
26 101
26 145
26 174
26 192
26 220
26 221
26 222
26 237
26 275
26 287
26 323
26 325
26 327
26 328
26 329
26 335
26 471
26 475
26 551
26 555
26 558
26 584
27 28
27 29
27 30
27 31
27 32
27 35
27 36
27 38
27 96
27 98
27 103
27 145
27 160
27 188
27 221
27 228
27 282
27 295
27 306
27 308
27 312
27 321
27 329
27 332
27 333
27 334
27 336
27 351
27 391
27 395
27 396
27 407
27 423
27 434
27 445
27 454
27 466
27 475
27 496
27 530
27 534
27 543
28 30
28 31
28 32
28 35
28 36
28 38
28 49
28 100
28 101
28 102
28 103
28 105
28 107
28 145
28 221
28 235
28 282
28 284
28 308
28 320
28 321
28 323
28 324
28 325
28 326
28 327
28 328
28 329
28 330
28 332
28 333
28 335
28 336
28 389
28 390
28 391
28 396
28 530
29 30
29 32
29 38
29 61
29 95
29 98
29 100
29 101
29 103
29 116
29 120
29 194
29 221
29 282
29 308
29 323
29 324
29 326
29 329
29 330
29 332
29 333
29 374
29 385
29 390
29 391
29 395
29 396
29 398
29 406
29 421
29 422
29 423
29 448
29 454
29 466
29 520
29 530
29 543
29 545
29 579
30 31
30 32
30 35
30 36
30 38
30 49
30 98
30 100
30 101
30 103
30 105
30 107
30 167
30 221
30 235
30 282
30 284
30 308
30 320
30 321
30 323
30 324
30 325
30 326
30 327
30 328
30 329
30 330
30 332
30 333
30 335
30 336
30 339
30 353
30 374
30 391
30 395
30 396
30 412
30 418
30 423
30 445
30 448
30 466
30 467
30 520
30 530
31 32
31 35
31 36
31 49
31 101
31 107
31 111
31 145
31 220
31 221
31 235
31 282
31 284
31 287
31 321
31 323
31 324
31 325
31 327
31 328
31 329
31 330
31 332
31 333
31 335
31 336
31 391
31 394
31 396
31 432
31 445
31 448
31 475
31 530
32 35
32 36
32 38
32 95
32 96
32 97
32 98
32 100
32 101
32 103
32 105
32 107
32 145
32 221
32 228
32 282
32 304
32 306
32 308
32 312
32 320
32 321
32 323
32 324
32 326
32 329
32 331
32 332
32 333
32 335
32 336
32 390
32 391
32 393
32 395
32 396
32 398
32 421
32 453
32 454
32 466
32 488
32 496
32 520
32 530
32 534
32 543
32 545
32 579
32 595
33 34
33 323
33 329
33 332
33 335
33 380
33 381
33 405
34 298
34 505
35 36
35 37
35 38
35 98
35 100
35 101
35 102
35 103
35 106
35 107
35 145
35 220
35 221
35 282
35 306
35 308
35 312
35 317
35 320
35 321
35 323
35 324
35 326
35 327
35 328
35 329
35 331
35 332
35 333
35 335
35 336
35 389
35 390
35 391
35 396
35 530
35 546
35 595
35 596
36 38
36 60
36 96
36 101
36 103
36 107
36 167
36 188
36 221
36 228
36 256
36 282
36 295
36 300
36 304
36 306
36 308
36 312
36 321
36 327
36 329
36 331
36 332
36 336
36 353
36 359
36 390
36 391
36 394
36 395
36 396
36 432
36 445
36 454
36 466
36 467
36 475
36 496
36 530
36 543
36 596
37 101
37 102
37 103
37 189
37 221
37 236
37 283
37 317
37 320
37 321
37 333
37 335
37 336
37 389
37 391
37 513
37 551
38 90
38 95
38 97
38 98
38 100
38 101
38 102
38 103
38 105
38 106
38 107
38 221
38 228
38 282
38 300
38 304
38 305
38 306
38 308
38 312
38 317
38 320
38 321
38 323
38 324
38 326
38 329
38 331
38 332
38 333
38 334
38 335
38 336
38 337
38 385
38 391
38 395
38 396
38 496
38 530
38 595
39 47
39 55
39 71
39 89
39 115
39 116
39 118
39 144
39 348
39 410
40 145
40 146
40 149
40 151
40 444
41 43
41 78
41 84
41 86
41 87
41 88
41 89
41 90
41 305
41 338
41 380
41 381
41 392
41 405
41 474
41 477
42 47
42 52
42 54
42 64
42 117
42 118
42 398
42 409
42 410
43 75
43 84
43 86
43 87
43 88
43 90
43 91
43 302
43 305
43 315
43 380
43 381
43 537
44 49
44 51
44 66
44 78
44 79
44 80
44 82
44 126
44 130
44 140
44 141
44 148
44 150
44 151
44 154
44 164
44 195
44 196
44 201
44 234
44 341
44 344
44 345
44 350
44 352
44 369
44 370
44 374
44 402
44 417
44 418
44 419
44 423
44 434
44 435
44 437
44 440
44 448
44 456
44 498
44 504
44 520
45 46
45 48
45 91
45 176
45 246
45 343
45 347
45 387
45 523
46 48
46 52
46 54
46 78
46 82
46 314
46 316
46 343
46 347
47 52
47 54
47 55
47 64
47 81
47 83
47 92
47 115
47 117
47 118
47 123
47 129
47 148
47 195
47 341
47 342
47 344
47 345
47 348
47 350
47 352
47 357
47 375
47 400
47 402
47 407
47 409
47 410
47 420
47 421
47 422
47 446
48 54
48 57
48 78
48 82
48 311
48 314
48 316
48 343
48 347
48 437
48 523
49 51
49 59
49 80
49 140
49 145
49 151
49 164
49 196
49 329
49 341
49 351
49 374
49 412
49 418
49 434
49 448
49 456
50 274
51 62
51 66
51 140
51 195
51 341
51 345
51 352
51 440
51 473
52 54
52 123
52 344
52 347
52 350
52 357
52 402
54 124
54 148
54 195
54 342
54 343
54 347
54 349
54 350
54 357
54 402
54 409
54 437
54 446
55 118
55 121
55 144
55 149
55 348
55 413
55 446
55 531
56 60
56 121
56 160
56 312
56 331
56 393
56 409
56 413
56 421
56 453
56 490
56 534
56 539
56 543
56 545
56 563
56 598
57 65
57 125
57 171
57 184
57 369
57 383
57 480
57 487
58 61
58 66
58 78
58 79
58 129
58 141
58 197
58 341
58 345
58 356
58 357
58 362
58 374
58 384
58 418
58 431
58 460
59 62
59 63
59 64
59 76
59 96
59 111
59 145
59 151
59 186
59 346
59 351
59 358
59 361
59 394
59 412
59 413
59 414
59 427
59 470
59 471
59 475
59 534
60 64
60 96
60 308
60 344
60 348
60 351
60 353
60 354
60 359
60 412
60 413
60 420
60 445
60 496
61 83
61 112
61 115
61 116
61 129
61 130
61 141
61 170
61 194
61 341
61 345
61 355
61 356
61 362
61 420
61 435
61 460
61 466
62 63
62 74
62 124
62 275
62 358
62 360
62 440
62 473
63 358
63 491
64 96
64 111
64 117
64 121
64 188
64 340
64 344
64 351
64 353
64 398
64 399
64 400
64 407
64 412
64 413
64 414
64 418
64 420
64 445
64 496
64 534
65 125
65 136
65 158
65 171
65 361
66 67
66 73
66 78
66 79
66 80
66 82
66 92
66 122
66 129
66 130
66 132
66 138
66 141
66 171
66 341
66 345
66 360
66 363
66 367
66 369
66 374
66 384
66 414
66 419
66 431
66 448
66 474
66 487
67 73
67 79
67 125
67 132
67 136
67 171
67 205
67 227
67 254
67 276
67 360
67 474
68 69
68 70
68 75
68 79
68 82
68 84
68 85
68 127
68 129
68 136
68 138
68 139
68 158
68 185
68 203
68 205
68 206
68 232
68 233
68 276
68 281
68 294
68 297
68 364
68 429
68 458
68 459
68 502
68 506
68 522
68 537
69 70
69 72
69 82
69 83
69 85
69 88
69 91
69 115
69 127
69 129
69 204
69 206
69 297
70 71
70 72
70 84
70 88
70 91
70 135
70 203
70 291
70 297
70 366
70 582
71 76
71 77
71 143
71 296
71 299
71 439
71 481
71 494
71 531
71 598
72 88
72 91
72 127
72 134
72 135
72 163
72 182
72 242
72 429
72 438
72 465
72 505
73 74
73 75
73 79
73 80
73 93
73 122
73 125
73 132
73 136
73 139
73 171
73 202
73 217
73 227
73 233
73 254
73 272
73 274
73 275
73 276
73 279
73 301
73 325
73 360
73 367
73 369
73 383
73 440
73 462
73 474
73 487
73 504
73 506
73 536
73 576
73 586
74 79
74 137
74 184
74 227
74 301
74 325
74 360
74 367
74 369
74 447
74 474
74 487
74 504
74 576
74 584
75 78
75 79
75 82
75 84
75 85
75 87
75 122
75 136
75 138
75 139
75 158
75 184
75 185
75 203
75 205
75 232
75 233
75 276
75 281
75 285
75 290
75 294
75 297
75 311
75 314
75 383
75 458
75 480
75 502
75 506
75 522
75 537
75 586
76 77
76 108
76 137
76 145
76 207
76 225
76 228
76 253
76 287
76 303
76 393
76 394
76 398
76 427
76 510
76 542
76 543
76 555
76 575
76 598
76 599
77 137
78 79
78 80
78 82
78 87
78 89
78 129
78 138
78 150
78 233
78 369
78 370
78 431
79 80
79 82
79 83
79 89
79 92
79 122
79 126
79 129
79 130
79 132
79 140
79 141
79 171
79 184
79 198
79 201
79 227
79 233
79 276
79 341
79 364
79 367
79 369
79 370
79 384
79 402
79 440
79 447
79 474
79 477
79 487
79 504
79 506
79 576
80 82
80 126
80 129
80 136
80 140
80 141
80 148
80 150
80 154
80 171
80 201
80 227
80 341
80 364
80 367
80 369
80 370
80 373
80 374
80 419
80 431
80 437
80 440
80 448
80 474
80 504
80 506
81 83
81 116
81 126
81 131
81 140
81 141
81 164
81 194
81 195
81 201
81 298
81 340
81 341
81 352
81 364
81 365
81 370
81 374
81 375
81 407
81 420
81 421
81 422
81 423
81 424
81 425
81 434
81 435
81 448
81 451
81 466
82 83
82 89
82 115
82 126
82 127
82 129
82 138
82 140
82 141
82 148
82 150
82 195
82 203
82 204
82 298
82 314
82 341
82 345
82 352
82 364
82 365
82 370
82 376
82 419
82 431
82 435
82 437
82 440
82 442
82 477
82 487
82 506
83 84
83 88
83 89
83 92
83 112
83 115
83 126
83 129
83 140
83 141
83 148
83 150
83 152
83 195
83 197
83 204
83 298
83 345
83 352
83 355
83 364
83 365
83 370
83 375
83 419
83 420
83 422
83 425
83 431
83 435
83 442
83 460
84 86
84 87
84 88
84 91
84 122
84 126
84 197
84 203
84 205
84 290
84 380
84 381
84 506
84 524
84 537
85 127
85 139
85 184
85 190
85 205
85 206
85 216
85 261
85 276
85 278
85 279
85 280
85 281
85 294
85 297
85 383
85 459
85 508
85 522
86 87
86 88
86 91
86 94
86 216
86 311
86 314
86 315
86 316
86 380
86 381
86 476
87 88
87 91
87 203
87 205
87 290
87 305
87 315
87 378
87 380
87 381
87 506
87 537
88 91
88 115
88 127
88 135
88 182
88 203
88 204
88 242
88 365
88 405
88 429
88 441
88 442
88 505
88 524
89 115
89 118
89 126
89 129
89 130
89 141
89 474
89 477
90 95
90 100
90 103
90 118
90 220
90 221
90 302
90 305
90 317
90 320
90 322
90 333
90 335
90 338
90 380
90 381
90 389
90 405
91 94
91 135
91 203
91 204
91 314
91 381
92 112
92 115
92 117
92 129
92 130
92 141
92 201
92 345
92 363
92 402
92 492
93 101
93 104
93 130
93 167
93 201
93 227
93 501
93 555
94 204
94 309
94 310
94 313
94 314
94 316
94 476
94 559
95 96
95 97
95 98
95 99
95 128
95 131
95 144
95 223
95 228
95 282
95 306
95 308
95 312
95 331
95 337
95 348
95 385
95 393
95 395
95 396
95 397
95 421
95 451
95 453
95 454
95 490
95 530
95 534
95 543
95 595
96 97
96 98
96 107
96 108
96 116
96 167
96 187
96 188
96 194
96 228
96 256
96 282
96 295
96 300
96 303
96 304
96 306
96 308
96 312
96 331
96 336
96 340
96 351
96 353
96 359
96 393
96 394
96 395
96 396
96 397
96 398
96 399
96 401
96 407
96 412
96 421
96 423
96 450
96 452
96 453
96 454
96 466
96 467
96 496
96 520
96 530
96 534
96 543
96 545
96 599
97 98
97 99
97 306
97 308
97 312
97 331
97 336
97 396
97 397
97 496
97 530
97 544
97 596
98 100
98 101
98 102
98 103
98 221
98 282
98 306
98 308
98 312
98 317
98 320
98 332
98 333
98 336
98 337
98 377
98 385
98 391
98 395
98 396
98 421
98 496
98 520
98 530
98 543
99 119
99 143
99 147
99 168
99 179
99 212
99 223
99 225
99 246
99 262
99 299
99 306
99 312
99 439
99 531
99 534
99 553
99 554
99 581
99 588
99 599
100 101
100 102
100 103
100 105
100 106
100 220
100 221
100 249
100 305
100 315
100 317
100 318
100 319
100 320
100 321
100 323
100 324
100 326
100 332
100 333
100 335
100 380
100 389
100 390
100 391
101 103
101 104
101 105
101 107
101 189
101 220
101 221
101 228
101 237
101 256
101 282
101 287
101 303
101 304
101 305
101 306
101 308
101 317
101 320
101 321
101 324
101 326
101 327
101 328
101 329
101 333
101 335
101 336
101 385
101 389
101 390
101 391
101 394
101 395
101 396
101 452
101 501
101 521
101 529
101 530
101 555
101 557
101 558
102 103
102 105
102 106
102 221
102 283
102 315
102 317
102 318
102 319
102 320
102 321
102 324
102 326
102 333
102 334
102 380
102 389
102 391
102 392
103 105
103 106
103 107
103 221
103 228
103 282
103 300
103 304
103 305
103 306
103 308
103 312
103 317
103 320
103 321
103 323
103 324
103 326
103 329
103 332
103 333
103 335
103 336
103 385
103 389
103 390
103 391
103 395
103 452
103 530
104 107
104 108
104 109
104 111
104 167
104 188
104 189
104 192
104 200
104 207
104 215
104 221
104 222
104 237
104 282
104 287
104 303
104 321
104 327
104 389
104 390
104 391
104 393
104 394
104 398
104 452
104 489
104 493
104 501
104 513
104 521
104 530
104 542
104 551
104 555
104 565
105 106
105 107
105 110
105 119
105 120
105 196
105 221
105 282
105 305
105 308
105 317
105 320
105 321
105 324
105 326
105 327
105 333
105 389
105 390
105 391
105 395
105 396
105 401
105 529
105 530
106 221
106 320
106 321
106 326
106 333
106 389
106 391
107 221
107 228
107 256
107 282
107 303
107 304
107 306
107 308
107 312
107 317
107 321
107 324
107 327
107 329
107 332
107 333
107 336
107 359
107 385
107 389
107 390
107 391
107 394
107 395
107 396
107 398
107 463
107 496
107 521
107 530
107 542
108 110
108 111
108 114
108 116
108 117
108 119
108 131
108 187
108 188
108 191
108 194
108 201
108 225
108 282
108 340
108 390
108 393
108 394
108 395
108 396
108 397
108 398
108 399
108 406
108 407
108 408
108 409
108 417
108 423
108 450
108 451
108 454
108 466
108 467
108 489
108 491
108 492
108 495
108 496
108 501
108 519
108 520
108 521
108 530
108 534
108 543
108 580
109 191
109 193
109 200
109 426
109 489
109 493
109 513
109 518
109 521
109 525
109 551
109 565
109 584
110 111
110 116
110 117
110 119
110 120
110 121
110 223
110 282
110 391
110 395
110 397
110 398
110 399
110 400
110 401
110 417
110 424
110 470
110 534
110 580
111 112
111 116
111 117
111 130
111 167
111 171
111 188
111 192
111 196
111 201
111 327
111 340
111 361
111 394
111 398
111 400
111 414
111 417
111 423
111 445
111 467
111 471
111 489
111 491
111 492
111 521
111 580
112 113
112 114
112 116
112 117
112 130
112 141
112 187
112 191
112 194
112 197
112 198
112 201
112 402
112 423
112 467
112 492
113 114
113 117
113 130
113 191
113 197
113 201
113 384
114 116
114 118
114 119
114 128
114 131
114 191
114 197
114 198
114 201
114 451
115 116
115 117
115 118
115 126
115 129
115 131
115 140
115 141
115 148
115 152
115 194
115 195
115 197
115 201
115 204
115 345
115 352
115 355
115 364
115 365
115 375
115 402
115 404
115 419
115 420
115 422
115 435
115 442
115 497
116 117
116 118
116 120
116 128
116 130
116 131
116 141
116 154
116 187
116 188
116 191
116 194
116 196
116 198
116 201
116 234
116 340
116 390
116 395
116 396
116 397
116 398
116 399
116 402
116 406
116 407
116 408
116 417
116 420
116 423
116 424
116 451
116 454
116 466
116 467
116 492
116 504
116 534
116 543
116 579
116 580
117 118
117 119
117 120
117 121
117 130
117 188
117 191
117 194
117 196
117 201
117 234
117 398
117 399
117 400
117 402
117 407
117 417
117 418
117 423
117 424
117 467
117 580
118 119
118 120
118 188
118 194
118 223
118 410
119 120
119 121
119 188
119 222
119 223
119 228
119 282
119 303
119 306
119 395
119 397
119 399
119 401
119 412
119 529
119 530
119 531
119 534
120 121
120 188
120 196
120 395
120 398
120 399
120 400
120 401
120 413
120 417
120 424
120 580
121 124
121 145
121 151
121 223
121 228
121 395
121 397
121 398
121 399
121 400
121 401
121 413
121 470
121 534
122 126
122 138
122 141
122 153
122 201
122 202
122 203
122 204
122 272
122 274
122 281
122 384
122 415
122 416
122 419
122 431
122 435
122 448
122 458
122 462
122 474
122 497
122 500
122 502
122 504
122 506
123 130
123 148
123 149
123 169
123 173
123 195
123 196
123 341
123 345
123 350
123 357
123 402
123 407
123 417
123 418
123 434
123 437
123 442
123 443
123 460
123 497
123 520
124 149
124 151
124 195
124 347
124 349
124 350
124 437
124 580
125 162
125 171
125 196
125 254
125 325
125 369
125 529
126 129
126 140
126 141
126 148
126 153
126 154
126 164
126 194
126 197
126 198
126 199
126 201
126 204
126 364
126 365
126 370
126 374
126 406
126 419
126 422
126 423
126 431
126 434
126 435
126 437
126 440
126 448
126 466
126 474
126 498
126 500
126 504
126 524
126 576
127 190
127 205
127 206
127 297
128 131
128 191
128 208
128 395
128 396
128 424
128 450
128 451
128 453
128 454
128 466
128 490
128 494
128 496
128 499
128 510
128 519
128 524
128 543
128 599
129 140
129 141
129 148
129 150
129 197
129 201
129 204
129 341
129 345
129 352
129 364
129 365
129 370
129 375
129 384
129 402
129 419
129 422
129 431
129 435
129 442
130 141
130 166
130 167
130 187
130 194
130 196
130 198
130 201
130 341
130 345
130 402
130 414
130 417
130 418
130 423
130 445
130 448
130 466
130 467
130 473
131 140
131 155
131 191
131 194
131 198
131 219
131 395
131 404
131 407
131 420
131 421
131 422
131 423
131 424
131 434
131 436
131 450
131 451
131 453
131 454
131 466
131 520
131 543
132 136
132 141
132 158
132 162
132 171
132 202
132 254
132 271
132 272
132 275
132 276
132 277
132 281
132 369
132 440
132 459
132 462
132 468
132 504
132 506
132 574
133 134
133 135
133 372
133 429
134 138
134 140
134 148
134 150
134 161
134 163
134 164
134 185
134 199
134 204
134 364
134 371
134 372
134 404
134 428
134 429
134 431
134 435
134 438
134 442
134 455
134 461
134 464
134 505
135 242
135 291
135 429
135 455
135 484
136 138
136 139
136 158
136 185
136 202
136 203
136 205
136 232
136 233
136 254
136 272
136 276
136 364
136 431
136 458
136 462
136 502
136 506
136 537
137 159
137 160
137 200
137 234
137 430
137 432
137 447
137 456
137 473
137 575
137 576
138 139
138 150
138 158
138 185
138 199
138 203
138 205
138 232
138 233
138 276
138 281
138 364
138 419
138 429
138 431
138 455
138 458
138 502
138 506
138 522
138 537
138 582
139 158
139 184
139 185
139 202
139 203
139 205
139 232
139 233
139 276
139 278
139 279
139 281
139 285
139 294
139 297
139 383
139 458
139 480
139 487
139 502
139 506
139 522
139 537
139 586
140 141
140 148
140 150
140 152
140 154
140 164
140 194
140 195
140 201
140 298
140 341
140 345
140 352
140 364
140 365
140 368
140 370
140 374
140 375
140 402
140 404
140 406
140 407
140 419
140 420
140 421
140 422
140 423
140 431
140 434
140 435
140 436
140 437
140 440
140 448
140 466
140 497
140 504
141 148
141 150
141 153
141 154
141 164
141 194
141 196
141 197
141 198
141 199
141 201
141 202
141 281
141 341
141 345
141 364
141 369
141 370
141 374
141 402
141 403
141 406
141 408
141 419
141 423
141 431
141 434
141 435
141 437
141 440
141 448
141 456
141 459
141 466
141 474
141 497
141 498
141 504
141 524
141 576
142 144
142 299
142 355
142 439
142 441
142 443
142 453
142 490
142 494
142 531
142 563
143 146
143 223
143 333
143 439
143 531
143 579
144 149
144 182
144 299
144 334
144 337
144 348
144 349
144 355
144 420
144 421
144 422
144 425
144 439
144 441
144 443
144 531
144 595
145 146
145 151
145 160
145 221
145 225
145 287
145 312
145 331
145 332
145 333
145 336
145 394
145 427
145 470
145 471
145 475
145 488
145 530
145 534
145 542
145 543
145 596
146 151
146 159
146 248
146 286
146 444
146 553
146 579
147 412
147 484
148 149
148 150
148 152
148 164
148 195
148 204
148 341
148 345
148 350
148 357
148 364
148 368
148 375
148 402
148 404
148 407
148 410
148 419
148 421
148 422
148 431
148 434
148 435
148 436
148 437
148 442
148 446
148 448
148 460
148 464
148 497
149 156
149 159
149 169
149 195
149 204
149 349
149 350
149 352
149 402
149 421
149 425
149 437
149 443
149 446
149 579
150 158
150 195
150 197
150 199
150 204
150 341
150 345
150 364
150 375
150 410
150 419
150 431
150 435
150 437
150 440
150 442
150 446
150 506
151 159
151 160
151 164
151 344
151 346
151 350
151 358
151 421
151 427
151 434
151 437
151 470
151 534
152 153
152 155
152 298
152 348
152 375
152 422
152 442
152 448
152 449
152 464
152 497
153 154
153 272
153 419
153 423
153 435
153 448
153 449
153 461
153 466
153 497
153 498
153 506
154 194
154 196
154 197
154 198
154 201
154 437
154 498
154 504
155 163
155 348
155 420
155 421
155 453
155 520
157 214
157 218
157 231
157 239
157 243
157 247
157 260
157 263
157 265
157 268
157 270
157 273
157 279
157 294
157 515
157 516
157 525
157 532
157 547
157 550
157 551
157 555
157 564
157 570
158 161
158 175
158 185
158 199
158 202
158 203
158 205
158 232
158 233
158 276
158 281
158 297
158 364
158 429
158 431
158 455
158 458
158 462
158 480
158 502
158 506
158 522
158 537
159 160
159 425
159 430
159 446
159 456
159 465
160 253
160 295
160 351
160 368
160 409
160 413
160 421
160 427
160 430
160 434
160 453
160 454
160 543
160 575
160 596
160 598
161 199
161 281
161 576
162 254
162 271
162 414
162 462
162 467
162 468
162 536
162 574
163 461
163 464
164 195
164 341
164 351
164 352
164 365
164 368
164 374
164 375
164 406
164 407
164 421
164 422
164 423
164 434
164 435
164 436
164 437
164 448
164 456
164 520
165 177
165 178
165 183
165 242
165 248
165 255
165 258
165 439
165 481
165 490
165 494
165 514
165 528
165 541
165 556
165 561
165 563
165 566
165 572
165 575
165 578
166 414
167 171
167 187
167 188
167 196
167 201
167 235
167 256
167 295
167 327
167 394
167 414
167 417
167 432
167 445
167 452
167 466
167 467
167 471
167 473
167 521
167 543
167 580
168 176
168 179
168 189
168 207
168 211
168 212
168 222
168 237
168 238
168 240
168 244
168 245
168 246
168 249
168 251
168 286
168 288
168 293
168 301
168 478
168 482
168 485
168 493
168 511
168 513
168 532
168 533
168 542
168 547
168 549
168 553
168 554
168 565
168 568
168 581
168 585
168 588
169 170
169 195
169 402
169 476
169 576
170 460
170 476
170 524
171 184
171 196
171 202
171 233
171 272
171 276
171 367
171 369
171 383
171 414
171 474
171 477
171 487
171 504
172 183
172 248
172 478
172 556
172 561
172 568
172 588
173 309
174 217
174 237
174 275
174 325
174 327
174 470
174 471
174 475
175 176
175 289
175 480
175 483
175 484
176 179
176 190
176 209
176 210
176 231
176 245
176 246
176 278
176 288
176 311
176 480
176 482
176 483
176 485
176 523
176 525
176 577
176 593
177 178
177 179
177 469
177 481
177 482
177 483
177 485
177 566
177 575
178 242
178 258
178 481
178 483
178 484
178 552
178 568
179 222
179 246
179 293
179 480
179 481
179 482
179 483
179 485
179 553
179 566
179 568
180 502
181 255
181 262
181 399
181 563
181 566
181 575
181 599
182 404
182 425
182 438
182 465
182 505
183 248
183 255
183 257
183 266
183 293
183 478
183 481
183 541
183 556
183 560
183 561
183 563
183 566
183 568
183 572
183 581
183 588
184 230
184 276
184 278
184 279
184 280
184 294
184 301
184 311
184 314
184 316
184 383
184 477
184 480
184 482
184 483
184 485
184 487
184 523
185 203
185 205
185 232
185 281
185 429
185 449
185 455
185 458
185 484
185 502
185 506
186 255
186 470
186 512
187 194
187 353
187 354
187 396
187 407
187 408
187 417
187 423
187 445
187 454
187 466
187 467
187 491
187 492
187 520
187 521
187 580
188 221
188 228
188 282
188 295
188 300
188 303
188 304
188 306
188 308
188 340
188 395
188 398
188 399
188 400
188 401
188 406
188 412
188 417
188 418
188 423
188 450
188 451
188 452
188 454
188 466
188 467
188 530
188 534
189 207
189 211
189 222
189 236
189 237
189 239
189 243
189 273
189 283
189 287
189 301
189 489
189 493
189 511
189 513
189 517
189 542
189 547
189 551
189 565
189 581
190 206
190 208
190 209
190 210
190 281
190 577
191 194
191 197
191 198
191 199
191 201
191 234
191 396
191 408
191 435
191 451
191 492
191 498
192 220
192 222
192 227
192 237
192 287
192 303
192 328
192 394
192 471
192 489
192 493
192 529
192 530
192 536
192 555
193 211
193 225
194 196
194 198
194 201
194 235
194 340
194 370
194 395
194 396
194 397
194 398
194 399
194 402
194 406
194 407
194 408
194 410
194 417
194 418
194 420
194 423
194 424
194 447
194 448
194 451
194 454
194 466
194 467
194 492
194 504
194 543
194 580
195 204
195 309
195 341
195 345
195 350
195 352
195 357
195 375
195 402
195 407
195 418
195 419
195 422
195 425
195 434
195 437
195 442
195 443
195 446
195 460
195 497
196 198
196 201
196 234
196 235
196 395
196 417
196 418
196 423
196 452
196 467
196 498
196 504
196 520
196 580
197 198
197 199
197 201
197 204
197 232
197 384
197 419
197 431
197 442
197 498
197 506
198 199
198 200
198 201
198 202
198 234
198 274
198 281
198 435
198 466
198 501
198 504
198 521
199 201
199 204
199 232
199 281
199 364
199 419
199 431
199 435
199 459
199 498
199 502
199 505
199 506
200 201
200 202
200 207
200 215
200 216
200 217
200 227
200 234
200 270
200 274
200 280
200 287
200 390
200 426
200 432
200 447
200 489
200 499
200 500
200 501
200 504
200 516
200 519
200 521
200 525
200 536
200 551
200 555
200 576
200 584
201 202
201 227
201 234
201 274
201 341
201 345
201 370
201 374
201 402
201 408
201 417
201 418
201 419
201 423
201 435
201 440
201 447
201 448
201 466
201 467
201 474
201 492
201 498
201 500
201 501
201 504
201 521
202 203
202 205
202 227
202 232
202 233
202 254
202 272
202 274
202 276
202 281
202 301
202 367
202 369
202 459
202 462
202 502
202 504
202 506
202 537
203 204
203 205
203 232
203 233
203 276
203 281
203 297
203 314
203 384
203 429
203 431
203 455
203 458
203 502
203 506
203 522
203 537
203 586
204 309
204 384
204 419
204 435
204 437
204 438
204 442
204 460
204 497
204 498
204 505
204 524
205 232
205 233
205 254
205 272
205 276
205 285
205 297
205 429
205 458
205 502
205 506
205 522
205 537
206 216
207 211
207 243
207 287
207 389
207 390
207 394
207 489
207 493
207 511
207 513
207 514
207 518
207 542
207 551
207 555
208 209
208 211
208 212
208 259
208 263
208 265
208 450
208 490
208 494
208 499
208 510
208 512
208 514
208 538
208 541
208 567
208 599
208 600
209 210
209 211
209 229
209 231
209 245
209 258
209 261
209 263
209 265
209 273
209 278
209 288
209 485
209 512
209 538
209 549
209 567
209 577
209 600
210 480
210 485
210 577
211 212
211 222
211 224
211 241
211 243
211 244
211 245
211 246
211 260
211 263
211 265
211 273
211 296
211 493
211 510
211 511
211 512
211 513
211 514
211 516
211 517
211 518
211 532
211 533
211 542
211 549
211 551
211 553
211 554
211 564
211 581
212 240
212 244
212 255
212 263
212 265
212 296
212 439
212 494
212 510
212 512
212 514
212 518
212 538
212 540
212 541
212 553
212 566
212 568
212 570
212 581
212 588
212 599
212 600
213 215
213 216
213 218
213 273
213 527
214 216
214 218
214 231
214 242
214 263
214 265
214 268
214 273
214 439
214 457
214 494
214 499
214 503
214 514
214 515
214 516
214 518
214 528
214 538
214 548
214 552
214 572
214 578
215 216
215 217
215 218
215 223
215 274
215 447
215 489
215 501
215 504
215 516
215 519
215 525
215 527
215 536
216 234
216 274
216 279
216 280
216 476
216 525
216 576
217 251
217 273
217 301
217 311
217 487
217 489
217 493
217 525
217 532
217 533
217 536
217 551
217 555
217 565
217 584
217 585
218 273
218 515
218 516
218 527
218 564
219 425
219 428
219 435
219 436
219 453
219 456
219 465
219 500
219 505
219 519
219 524
220 221
220 222
220 284
220 301
220 302
220 305
220 317
220 323
220 324
220 325
220 326
220 328
220 332
220 333
220 335
220 389
220 529
220 530
220 583
221 223
221 228
221 235
221 282
221 283
221 287
221 303
221 304
221 305
221 306
221 308
221 312
221 317
221 320
221 321
221 323
221 324
221 326
221 327
221 328
221 329
221 332
221 333
221 334
221 335
221 336
221 389
221 390
221 391
221 395
221 396
221 529
221 530
221 546
221 595
222 223
222 237
222 240
222 243
222 245
222 246
222 251
222 287
222 303
222 317
222 335
222 389
222 493
222 511
222 517
222 529
222 530
222 532
222 533
222 553
223 225
223 228
223 246
223 282
223 299
223 306
223 312
223 387
223 389
223 395
223 397
223 399
223 424
223 439
223 509
223 530
223 531
223 533
223 534
223 553
223 579
223 581
224 246
224 490
224 532
225 299
225 312
225 331
225 394
225 397
225 399
225 427
225 510
225 530
225 534
225 553
225 596
226 238
226 245
226 249
226 315
226 533
226 535
226 549
227 301
227 360
227 367
227 369
227 447
227 474
227 489
227 504
227 536
228 255
228 256
228 262
228 282
228 287
228 295
228 300
228 303
228 304
228 306
228 308
228 312
228 317
228 385
228 390
228 391
228 393
228 395
228 399
228 401
228 450
228 451
228 475
228 478
228 496
228 510
228 530
228 534
228 540
228 542
228 543
228 545
228 558
228 581
228 598
228 599
229 238
229 240
229 252
229 258
229 263
229 265
229 266
229 512
229 540
229 541
229 549
229 554
229 560
229 567
229 569
229 570
229 581
229 588
230 231
231 247
231 250
231 258
231 261
231 263
231 265
231 273
231 278
231 279
231 288
231 294
231 311
231 480
231 549
231 552
231 567
231 570
232 233
232 276
232 281
232 297
232 458
232 502
232 506
232 522
232 537
233 236
233 272
233 276
233 281
233 285
233 294
233 297
233 301
233 367
233 369
233 383
233 458
233 462
233 487
233 502
233 506
233 522
233 537
233 586
234 498
234 504
234 579
234 580
235 282
235 287
235 325
235 327
235 328
235 332
235 447
235 466
235 467
235 530
235 543
235 546
236 237
236 238
236 250
236 285
236 289
236 301
236 513
236 547
236 551
236 585
237 238
237 239
237 243
237 275
237 286
237 287
237 301
237 325
237 327
237 471
237 493
237 513
237 529
237 540
237 542
237 547
237 551
237 555
237 557
237 558
237 565
237 584
237 585
238 239
238 240
238 241
238 245
238 247
238 258
238 273
238 285
238 288
238 540
238 547
238 549
239 240
239 243
239 245
239 247
239 248
239 263
239 265
239 266
239 268
239 273
239 286
239 293
239 387
239 493
239 513
239 514
239 515
239 518
239 525
239 532
239 533
239 540
239 542
239 547
239 548
239 549
239 550
239 551
239 553
239 554
239 555
239 558
239 560
239 562
239 564
239 566
239 570
239 581
240 243
240 245
240 246
240 248
240 255
240 263
240 265
240 266
240 286
240 293
240 335
240 478
240 512
240 513
240 532
240 533
240 540
240 541
240 542
240 547
240 549
240 550
240 553
240 554
240 560
240 566
240 568
240 570
240 581
240 588
240 600
241 244
241 245
241 247
241 273
241 285
241 311
241 480
241 482
241 483
241 486
241 532
241 533
241 547
241 549
241 550
241 552
241 585
242 438
242 548
242 552
242 556
242 578
243 245
243 246
243 247
243 255
243 260
243 263
243 265
243 266
243 268
243 270
243 273
243 287
243 293
243 303
243 493
243 512
243 513
243 514
243 515
243 516
243 525
243 532
243 533
243 542
243 547
243 551
243 553
243 554
243 555
243 558
243 564
243 566
243 570
243 573
243 575
243 581
244 245
244 293
244 296
244 301
244 302
244 469
244 480
244 484
244 486
244 547
244 552
244 568
244 585
244 586
244 588
245 246
245 247
245 258
245 263
245 265
245 273
245 288
245 293
245 480
245 485
245 532
245 533
245 547
245 549
245 550
245 552
245 553
246 299
246 387
246 439
246 532
246 533
246 549
246 550
246 553
246 554
246 581
247 252
247 258
247 263
247 265
247 268
247 273
247 293
247 311
247 479
247 547
247 548
247 549
247 550
247 552
247 556
247 559
247 560
247 562
247 566
247 567
247 570
248 252
248 255
248 258
248 266
248 293
248 478
248 481
248 488
248 512
248 539
248 540
248 541
248 542
248 548
248 550
248 556
248 560
248 561
248 563
248 566
248 569
248 570
248 572
248 575
248 581
249 315
249 317
249 319
249 387
249 389
249 478
249 548
249 549
249 583
250 252
250 254
250 258
250 278
250 285
250 294
250 522
250 569
250 570
251 287
251 303
251 317
251 389
251 493
251 513
251 551
251 555
251 557
251 562
252 258
252 263
252 265
252 266
252 268
252 269
252 560
252 561
252 569
252 570
253 255
253 264
253 270
253 275
253 427
253 491
253 539
253 543
253 575
254 261
254 271
254 272
254 557
255 257
255 263
255 264
255 265
255 266
255 268
255 293
255 427
255 475
255 478
255 488
255 510
255 512
255 514
255 515
255 540
255 541
255 542
255 553
255 558
255 560
255 563
255 566
255 568
255 570
255 575
255 581
255 599
256 270
256 271
256 359
256 394
256 450
256 467
256 496
256 521
256 542
256 557
256 573
256 591
256 599
257 266
257 295
258 261
258 263
258 265
258 266
258 268
258 273
258 278
258 538
258 540
258 541
258 549
258 550
258 552
258 560
258 561
258 567
258 568
258 569
258 570
258 572
258 578
258 600
259 260
259 261
259 265
259 426
259 513
259 573
260 261
260 265
260 268
260 273
260 513
260 547
260 564
260 590
261 265
261 273
261 278
261 279
261 288
261 294
261 485
261 513
261 567
261 590
261 591
262 299
262 509
262 554
262 563
262 566
262 581
262 598
263 265
263 266
263 268
263 269
263 273
263 512
263 513
263 514
263 515
263 532
263 538
263 540
263 541
263 548
263 549
263 550
263 552
263 553
263 554
263 560
263 561
263 564
263 566
263 567
263 569
263 570
263 572
263 578
263 581
263 590
263 600
264 266
264 270
264 295
264 453
264 510
264 512
264 514
264 515
264 539
264 541
264 564
264 571
264 575
264 589
264 599
264 600
265 266
265 268
265 269
265 270
265 273
265 278
265 512
265 513
265 514
265 515
265 532
265 538
265 540
265 541
265 549
265 550
265 552
265 553
265 554
265 557
265 560
265 564
265 566
265 567
265 569
265 570
265 572
265 578
265 581
265 590
265 600
266 268
266 269
266 270
266 512
266 514
266 515
266 538
266 539
266 540
266 541
266 542
266 554
266 558
266 560
266 561
266 564
266 566
266 569
266 570
266 572
266 573
266 581
266 600
267 269
267 571
268 269
268 270
268 273
268 463
268 494
268 510
268 512
268 513
268 514
268 515
268 518
268 528
268 538
268 539
268 540
268 541
268 542
268 557
268 560
268 561
268 564
268 566
268 567
268 569
268 570
268 572
268 573
268 578
268 591
268 600
269 270
269 541
269 561
269 569
269 570
269 571
269 572
270 271
270 463
270 499
270 513
270 514
270 515
270 521
270 539
270 542
270 555
270 557
270 558
270 564
270 570
270 573
270 574
271 272
271 468
271 557
271 574
272 274
272 367
272 462
272 468
272 506
272 574
273 278
273 279
273 288
273 294
273 493
273 512
273 513
273 514
273 515
273 518
273 525
273 532
273 533
273 547
273 549
273 550
273 551
273 552
273 564
273 567
273 570
273 581
273 590
274 415
274 474
274 476
274 504
275 277
275 325
275 360
275 440
275 468
275 473
275 558
275 584
276 278
276 279
276 280
276 281
276 285
276 290
276 294
276 297
276 301
276 311
276 369
276 383
276 474
276 477
276 480
276 487
276 502
276 506
276 522
276 537
276 586
277 468
278 279
278 280
278 294
278 297
278 480
278 483
278 485
278 508
278 522
278 552
278 567
278 577
278 586
279 280
279 281
279 294
279 297
279 301
279 383
279 480
279 485
279 487
279 522
280 281
280 459
281 294
281 297
281 426
281 458
281 459
281 502
281 506
281 522
281 576
282 287
282 295
282 300
282 303
282 304
282 306
282 308
282 312
282 317
282 320
282 321
282 332
282 333
282 336
282 385
282 390
282 391
282 395
282 396
282 399
282 401
282 412
282 445
282 452
282 453
282 454
282 466
282 496
282 520
282 530
282 534
282 543
282 599
283 389
284 323
284 325
284 326
284 327
284 328
284 529
285 290
285 294
285 301
285 458
285 480
285 486
285 522
285 537
285 547
285 586
285 587
286 293
286 478
286 553
286 584
287 303
287 304
287 325
287 327
287 390
287 394
287 398
287 399
287 427
287 452
287 471
287 475
287 489
287 493
287 513
287 529
287 530
287 533
287 536
287 542
287 551
287 555
287 558
287 584
288 289
288 301
288 480
288 485
288 547
288 549
288 567
288 585
288 590
289 301
289 480
289 483
289 487
289 585
290 291
290 302
290 305
290 319
290 322
290 381
290 458
290 480
290 484
290 486
290 522
290 523
290 537
290 583
290 586
290 587
291 302
291 582
291 583
291 586
291 587
292 366
292 583
293 478
293 481
293 482
293 550
293 553
293 554
293 560
293 566
293 568
293 575
293 588
294 297
294 480
294 508
294 522
294 537
294 547
294 586
295 300
295 303
295 304
295 306
295 308
295 312
295 351
295 452
295 453
295 454
295 466
295 496
295 520
295 534
295 543
295 545
296 302
296 303
296 304
296 305
296 306
296 387
296 494
296 514
296 518
296 528
296 568
296 581
296 588
296 593
297 383
297 480
297 508
297 522
297 537
297 586
297 593
298 364
298 370
299 387
299 439
299 481
299 490
299 494
299 514
299 516
299 528
299 533
299 550
299 553
299 554
299 566
299 572
299 600
300 303
300 304
300 306
300 308
300 359
300 401
300 470
300 475
300 496
300 530
300 540
300 588
300 599
301 325
301 383
301 480
301 493
301 522
301 525
301 547
301 551
301 565
301 584
301 585
301 586
302 305
302 319
302 322
302 335
302 381
302 583
303 304
303 306
303 308
303 312
303 317
303 385
303 390
303 391
303 393
303 394
303 395
303 398
303 399
303 530
303 542
303 543
303 599
304 306
304 308
304 312
304 317
304 320
304 321
304 324
304 385
304 390
304 391
304 393
304 395
304 396
304 496
304 529
304 530
304 540
304 599
305 317
305 319
305 320
305 321
305 322
305 324
305 335
305 380
305 381
305 529
306 308
306 312
306 317
306 320
306 321
306 331
306 333
306 336
306 385
306 387
306 390
306 391
306 393
306 395
306 396
306 397
306 399
306 453
306 454
306 478
306 490
306 494
306 496
306 510
306 514
306 530
306 534
306 540
306 541
306 542
306 543
306 545
306 566
306 581
306 588
306 595
306 598
306 599
307 310
308 312
308 317
308 320
308 321
308 324
308 329
308 332
308 333
308 336
308 385
308 390
308 391
308 393
308 395
308 396
308 398
308 454
308 496
308 520
308 530
308 543
308 545
309 310
309 313
309 314
309 316
309 526
309 559
310 311
310 313
310 314
310 316
310 487
310 526
310 559
311 314
311 315
311 316
311 319
311 383
311 386
311 480
311 483
311 487
311 523
311 525
311 559
311 586
312 320
312 331
312 333
312 336
312 337
312 348
312 385
312 390
312 391
312 393
312 395
312 396
312 397
312 421
312 453
312 454
312 490
312 494
312 496
312 510
312 520
312 530
312 534
312 543
312 545
312 595
312 596
312 597
312 598
312 599
313 314
313 315
313 316
313 318
313 319
313 476
313 526
313 559
314 315
314 316
314 383
314 386
314 476
314 487
314 526
314 559
315 316
315 317
315 318
315 319
315 320
315 381
315 548
316 383
316 487
316 526
316 559
317 319
317 320
317 321
317 324
317 333
317 335
317 336
317 385
317 389
317 390
317 391
317 529
317 530
317 542
317 557
317 581
318 319
318 320
318 321
318 526
319 320
319 321
319 326
319 386
319 389
319 583
320 321
320 322
320 323
320 324
320 326
320 329
320 332
320 333
320 334
320 335
320 336
320 380
320 385
320 389
320 390
320 391
320 530
321 323
321 324
321 326
321 327
321 329
321 332
321 333
321 335
321 336
321 385
321 389
321 390
321 391
321 396
321 530
321 551
322 323
322 335
322 338
322 405
322 587
322 595
323 324
323 326
323 327
323 328
323 329
323 330
323 332
323 333
323 335
323 336
323 339
323 380
323 389
323 391
324 326
324 328
324 329
324 330
324 332
324 333
324 335
324 385
324 389
324 390
324 391
325 327
325 328
325 471
325 558
325 584
326 329
326 332
326 333
326 335
326 391
327 328
327 329
327 332
327 391
327 432
327 471
327 475
327 530
327 555
327 558
327 584
328 329
328 330
328 332
328 333
328 335
328 336
328 389
328 391
328 447
328 474
328 504
328 530
329 330
329 332
329 333
329 335
329 336
329 339
329 374
329 391
329 396
329 423
329 432
329 445
329 448
329 466
329 530
330 332
330 418
331 336
331 391
331 393
331 396
331 453
331 490
331 494
331 496
331 510
331 530
331 534
331 541
331 571
331 595
331 596
331 597
331 599
331 600
332 333
332 335
332 336
332 337
332 377
332 391
332 396
332 530
332 546
333 334
333 335
333 336
333 380
333 389
333 390
333 391
333 530
333 546
334 472
335 336
335 389
335 391
335 529
335 530
335 546
336 337
336 340
336 377
336 391
336 395
336 396
336 496
336 530
336 595
336 596
337 348
337 365
337 368
337 375
337 377
337 405
337 406
337 407
337 421
337 422
337 425
337 434
337 436
337 453
337 454
337 466
337 520
337 595
337 596
338 380
338 382
338 405
339 370
339 374
339 377
339 379
339 380
339 415
339 416
339 448
340 351
340 374
340 375
340 394
340 395
340 396
340 397
340 398
340 399
340 400
340 406
340 407
340 408
340 409
340 410
340 417
340 418
340 421
340 422
340 423
340 434
340 436
340 448
340 451
340 454
340 466
340 467
340 491
340 492
340 520
341 345
341 350
341 352
341 356
341 357
341 364
341 368
341 370
341 374
341 375
341 402
341 407
341 414
341 418
341 419
341 422
341 423
341 431
341 434
341 435
341 437
341 440
341 447
341 448
341 473
342 343
342 344
342 346
342 347
342 349
342 350
342 409
342 411
342 421
342 446
343 347
343 349
343 410
344 346
344 347
344 348
344 351
344 353
344 357
344 368
344 375
344 410
344 412
344 413
344 418
344 421
344 422
344 446
344 448
345 352
345 363
345 402
345 418
345 423
345 431
345 435
345 442
345 460
346 347
346 349
346 350
346 409
346 413
346 427
346 470
347 349
347 350
347 409
347 410
347 437
348 349
348 375
348 407
348 410
348 420
348 421
348 422
348 425
348 434
348 441
348 446
348 453
348 454
348 464
348 520
348 579
348 595
349 350
349 409
349 411
349 421
349 425
349 437
349 446
350 357
350 398
350 402
350 407
350 409
350 414
350 417
350 434
350 437
350 440
350 491
350 580
351 353
351 359
351 368
351 407
351 412
351 413
351 418
351 421
351 423
351 434
351 454
351 466
351 520
352 365
352 420
352 421
352 422
352 425
352 437
352 443
352 446
352 460
353 354
353 359
353 445
353 466
353 467
353 496
354 363
354 492
355 362
355 420
355 422
355 441
355 442
355 443
355 460
356 362
356 447
357 375
357 400
357 402
357 407
357 414
357 417
357 418
357 431
357 497
358 360
358 361
359 396
359 496
360 536
361 414
362 384
362 442
362 460
363 414
364 365
364 370
364 373
364 375
364 376
364 419
364 429
364 431
364 435
364 440
364 442
364 459
364 506
365 368
365 370
365 375
365 376
365 403
365 406
365 420
365 421
365 422
365 424
365 425
365 434
365 435
365 524
367 369
367 370
367 373
367 374
367 376
367 440
367 462
367 474
367 487
367 504
367 506
368 370
368 374
368 375
368 407
368 421
368 422
368 423
368 425
368 434
368 435
368 436
368 437
368 448
368 466
369 370
369 440
369 474
369 487
369 504
369 576
370 373
370 374
370 375
370 376
370 406
370 410
370 422
370 423
370 431
370 434
370 435
370 437
370 440
370 448
370 466
370 474
370 504
371 372
371 382
371 428
371 431
371 433
371 442
371 449
371 455
371 464
372 373
372 375
372 376
372 382
372 410
372 422
372 428
372 429
372 431
372 433
372 435
372 442
372 455
372 458
372 461
372 464
373 374
373 375
373 376
373 419
373 431
373 434
373 435
373 436
373 448
373 459
373 462
374 375
374 376
374 406
374 407
374 418
374 419
374 422
374 423
374 431
374 432
374 434
374 435
374 436
374 440
374 448
374 456
374 462
374 466
374 504
375 376
375 403
375 406
375 407
375 409
375 410
375 418
375 419
375 420
375 421
375 422
375 423
375 425
375 428
375 431
375 434
375 435
375 436
375 442
375 448
375 461
375 464
376 403
376 419
376 429
376 431
376 435
376 462
376 506
377 380
377 382
377 405
377 422
377 448
379 380
379 382
379 472
380 381
380 382
380 405
381 382
381 405
381 537
382 433
383 474
383 480
383 487
383 522
383 537
383 585
383 586
384 419
384 487
385 389
385 390
385 391
385 393
385 395
385 545
386 525
386 526
387 439
387 481
387 490
387 514
387 516
387 532
387 533
387 541
387 548
387 550
387 553
387 554
387 562
387 564
387 566
387 581
387 600
388 401
389 390
389 391
389 392
389 530
390 391
390 393
390 394
390 395
390 396
390 398
390 452
390 454
390 489
390 492
390 496
390 501
390 519
390 521
390 530
390 543
390 555
391 395
391 396
391 401
391 496
391 530
393 394
393 395
393 397
393 398
393 399
393 409
393 427
393 454
393 489
393 490
393 491
393 492
393 496
393 510
393 521
393 542
393 543
393 545
393 599
394 395
394 396
394 398
394 399
394 427
394 450
394 452
394 454
394 467
394 471
394 489
394 491
394 492
394 493
394 496
394 501
394 521
394 530
394 542
394 543
394 555
394 580
395 396
395 397
395 398
395 399
395 400
395 401
395 406
395 407
395 408
395 412
395 417
395 421
395 423
395 450
395 451
395 452
395 453
395 454
395 466
395 467
395 496
395 520
395 521
395 530
395 534
395 543
395 579
395 580
395 599
396 397
396 398
396 406
396 407
396 408
396 421
396 423
396 450
396 451
396 454
396 466
396 467
396 492
396 496
396 501
396 519
396 520
396 521
396 530
396 543
396 544
396 579
396 596
397 399
397 406
397 407
397 408
397 410
397 412
397 451
397 454
397 495
397 509
397 530
397 534
397 579
398 399
398 400
398 407
398 409
398 417
398 452
398 454
398 467
398 489
398 491
398 492
398 496
398 521
398 534
398 543
398 580
399 400
399 401
399 409
399 417
399 424
399 450
399 451
399 454
399 467
399 489
399 491
399 496
399 509
399 534
399 543
399 580
399 599
400 401
400 407
400 414
400 417
400 418
400 423
400 454
400 580
401 412
401 450
401 470
401 471
401 530
401 534
402 407
402 417
402 418
402 419
402 423
402 435
402 437
402 448
402 492
402 497
402 504
402 580
403 404
403 406
403 419
403 423
403 435
403 436
404 408
404 419
404 435
404 465
405 441
405 595
406 407
406 408
406 410
406 417
406 418
406 419
406 421
406 422
406 423
406 424
406 425
406 434
406 435
406 436
406 448
406 450
406 451
406 453
406 454
406 456
406 466
406 498
406 504
406 520
407 408
407 409
407 410
407 417
407 418
407 419
407 420
407 421
407 422
407 423
407 424
407 425
407 430
407 434
407 435
407 436
407 437
407 448
407 453
407 454
407 460
407 466
407 491
407 492
407 497
407 520
407 534
407 543
408 410
408 417
408 419
408 423
408 435
408 436
408 454
408 466
408 467
408 491
408 492
408 495
408 497
408 498
408 500
408 504
408 519
408 520
408 521
409 410
409 421
409 425
409 443
409 454
409 491
409 534
409 543
409 545
410 418
410 419
410 420
410 421
410 422
410 423
410 434
410 435
410 437
410 442
410 448
412 413
412 418
412 520
412 530
412 534
413 470
413 534
413 598
414 417
414 467
414 470
414 471
414 473
414 491
414 580
415 416
415 448
415 500
416 419
416 497
417 418
417 423
417 434
417 437
417 445
417 448
417 452
417 454
417 466
417 467
417 491
417 492
417 497
417 498
417 520
417 521
417 543
417 580
418 419
418 422
418 423
418 431
418 434
418 437
418 445
418 448
418 454
418 466
418 497
418 498
418 520
419 423
419 425
419 431
419 434
419 435
419 436
419 437
419 440
419 442
419 448
419 459
419 460
419 462
419 497
419 498
419 500
419 504
419 505
419 506
420 421
420 422
420 423
420 424
420 434
420 442
420 446
420 451
420 454
420 460
420 520
420 579
420 598
421 422
421 423
421 424
421 425
421 434
421 436
421 437
421 443
421 446
421 451
421 453
421 454
421 466
421 520
421 534
421 543
421 579
421 595
421 596
422 423
422 425
422 431
422 434
422 435
422 436
422 437
422 442
422 446
422 448
422 454
422 460
422 464
422 466
423 424
423 431
423 434
423 435
423 436
423 440
423 448
423 451
423 454
423 466
423 467
423 492
423 497
423 498
423 504
423 520
423 543
424 425
424 434
424 451
424 454
424 466
424 534
424 543
425 430
425 434
425 435
425 436
425 437
425 438
425 442
425 443
425 453
425 454
425 465
425 505
427 475
427 488
427 491
427 542
427 543
427 575
428 429
428 436
428 438
428 442
428 449
428 455
428 461
428 464
428 465
428 505
428 544
429 455
429 458
429 502
429 506
429 537
430 432
430 434
430 436
430 453
430 454
430 456
431 435
431 442
431 448
431 449
431 458
431 460
431 461
431 462
431 497
431 502
431 506
432 434
432 456
432 466
432 501
434 435
434 436
434 437
434 448
434 453
434 454
434 456
434 466
434 491
434 492
434 520
434 543
435 436
435 437
435 442
435 448
435 449
435 456
435 460
435 461
435 466
435 492
435 497
435 498
435 500
435 504
435 505
435 506
435 524
436 448
436 453
436 454
436 456
436 466
436 492
436 520
437 440
437 442
437 446
437 448
437 460
437 497
437 504
438 441
438 442
438 446
438 465
438 469
438 505
439 481
439 494
439 514
439 531
439 538
439 550
439 553
439 554
439 556
439 566
439 572
439 600
440 447
440 456
440 462
440 504
441 505
441 524
442 446
442 449
442 460
442 461
442 464
442 497
442 505
443 531
443 543
444 516
444 527
444 575
445 466
445 467
445 496
447 473
447 504
447 536
447 584
448 460
448 466
448 474
448 497
448 504
449 461
449 502
450 451
450 453
450 454
450 467
450 496
450 510
450 534
450 543
450 598
450 599
451 454
451 466
451 490
451 543
451 599
452 454
452 456
452 467
452 501
452 520
452 521
452 543
453 454
453 466
453 490
453 494
453 496
453 510
453 519
453 520
453 534
453 543
453 563
453 589
453 596
453 598
453 599
454 456
454 466
454 467
454 491
454 492
454 496
454 501
454 519
454 520
454 521
454 530
454 534
454 543
454 579
454 596
455 458
455 484
455 502
456 466
456 504
456 520
457 538
458 462
458 484
458 502
458 506
458 522
458 537
459 502
459 506
460 497
460 524
461 464
462 506
463 515
463 539
463 544
463 558
463 570
463 573
465 505
465 516
465 519
465 528
465 544
466 467
466 492
466 496
466 500
466 504
466 519
466 520
466 521
466 543
467 492
467 496
467 521
467 543
467 580
468 471
468 574
469 484
469 486
470 471
470 475
470 534
471 475
471 493
471 511
471 542
472 479
473 558
474 476
474 477
474 504
474 576
475 478
475 542
475 558
476 524
477 523
478 540
478 541
478 542
478 553
478 560
478 561
478 566
478 568
478 581
478 588
479 548
479 560
479 562
479 575
480 482
480 483
480 484
480 485
480 486
480 487
480 522
480 523
480 537
480 552
480 577
480 585
480 586
481 482
481 486
481 494
481 514
481 527
481 528
481 548
481 550
481 552
481 553
481 554
481 563
481 566
481 575
482 483
482 485
482 486
482 523
482 525
482 533
482 585
483 485
483 486
483 487
483 522
483 523
483 525
483 552
483 577
483 585
484 486
484 522
485 523
485 525
485 567
485 577
486 522
486 523
486 552
486 585
486 587
487 576
487 586
488 566
489 491
489 492
489 493
489 495
489 501
489 511
489 513
489 521
489 555
489 565
489 580
490 494
490 499
490 510
490 512
490 514
490 516
490 528
490 541
490 544
490 554
490 563
490 571
490 572
490 594
490 597
490 599
490 600
491 492
491 521
491 543
491 580
492 501
492 521
492 543
492 580
493 495
493 511
493 512
493 513
493 514
493 517
493 518
493 532
493 533
493 540
493 542
493 547
493 551
493 553
493 555
493 564
493 565
493 581
493 585
493 588
493 590
494 510
494 512
494 514
494 516
494 519
494 527
494 528
494 538
494 541
494 544
494 550
494 554
494 561
494 563
494 566
494 572
494 581
494 597
494 599
494 600
496 510
496 520
496 530
496 534
496 543
496 544
496 599
497 498
497 504
498 504
498 520
498 579
499 501
499 503
499 510
499 514
499 515
499 516
499 517
499 518
499 519
499 527
499 528
499 564
499 573
500 501
500 502
500 504
500 505
500 519
500 524
501 515
501 516
501 518
501 519
501 521
501 527
502 505
502 506
502 522
502 537
503 515
503 516
503 517
503 528
503 578
504 576
505 524
506 522
506 537
507 508
508 522
508 567
508 586
510 512
510 513
510 514
510 515
510 516
510 519
510 528
510 539
510 541
510 543
510 553
510 554
510 563
510 566
510 572
510 575
510 578
510 581
510 597
510 599
510 600
511 512
511 513
511 532
511 533
511 542
511 547
511 564
511 565
511 581
511 585
511 588
511 590
512 513
512 514
512 515
512 532
512 538
512 539
512 540
512 541
512 542
512 553
512 554
512 560
512 561
512 564
512 566
512 567
512 569
512 570
512 572
512 573
512 575
512 578
512 581
512 588
512 590
512 597
512 599
512 600
513 514
513 515
513 518
513 532
513 540
513 541
513 542
513 547
513 551
513 553
513 555
513 557
513 558
513 564
513 565
513 567
513 570
513 573
513 581
513 585
513 588
513 590
514 515
514 516
514 518
514 527
514 528
514 532
514 538
514 539
514 540
514 541
514 542
514 548
514 550
514 553
514 554
514 560
514 561
514 562
514 563
514 564
514 566
514 570
514 571
514 572
514 573
514 575
514 578
514 581
514 597
514 599
514 600
515 516
515 518
515 519
515 521
515 527
515 528
515 541
515 551
515 555
515 558
515 560
515 564
515 570
515 573
515 575
516 517
516 518
516 519
516 525
516 527
516 528
516 564
517 533
517 553
518 519
518 527
518 528
518 551
518 564
518 573
518 585
519 521
519 527
519 528
519 579
520 530
520 534
520 543
520 579
521 543
521 573
521 580
522 537
522 586
522 587
523 577
525 551
525 555
525 576
525 584
527 528
527 562
527 564
528 541
528 550
528 563
528 566
528 572
528 573
528 578
528 600
529 530
530 534
530 543
530 546
532 533
532 547
532 549
532 550
532 553
532 554
532 555
532 564
533 547
533 549
533 550
533 553
533 554
533 581
533 585
534 543
534 579
534 598
534 599
536 551
536 555
536 584
537 586
538 540
538 541
538 548
538 550
538 554
538 560
538 561
538 564
538 566
538 567
538 569
538 570
538 572
538 575
538 581
538 588
538 600
539 540
539 541
539 560
539 561
539 566
539 569
539 570
539 571
539 572
539 573
539 597
539 599
539 600
540 541
540 542
540 549
540 553
540 557
540 560
540 561
540 567
540 568
540 569
540 570
540 581
540 588
540 590
540 600
541 542
541 548
541 550
541 553
541 554
541 556
541 560
541 561
541 562
541 563
541 564
541 566
541 569
541 570
541 571
541 572
541 573
541 578
541 581
541 588
541 597
541 599
541 600
542 547
542 551
542 553
542 555
542 557
542 558
542 564
542 565
542 566
542 570
542 573
542 575
542 581
542 588
542 590
543 545
543 579
543 580
547 549
547 551
547 552
547 555
547 558
547 564
547 583
547 585
548 550
548 552
548 553
548 554
548 556
548 560
548 561
548 562
548 564
548 569
548 570
548 572
549 550
549 552
549 567
549 568
549 570
549 581
550 552
550 553
550 554
550 556
550 560
550 561
550 562
550 566
550 568
550 569
550 570
550 572
550 581
550 600
551 555
551 557
551 558
551 564
551 565
551 573
551 584
551 585
552 578
553 554
553 560
553 562
553 564
553 566
553 568
553 581
553 588
553 600
554 562
554 563
554 564
554 566
554 569
554 572
554 581
554 588
554 600
555 557
555 558
555 564
555 565
555 584
556 560
556 561
556 562
556 572
557 558
557 567
557 570
557 590
557 591
558 560
558 564
558 570
558 584
560 561
560 562
560 564
560 566
560 567
560 569
560 570
560 572
560 575
560 581
560 600
561 563
561 566
561 569
561 570
561 571
561 572
561 578
561 597
561 600
562 572
563 566
563 572
563 575
563 598
563 599
564 566
564 567
564 570
564 573
564 575
564 581
564 590
565 590
566 568
566 569
566 570
566 572
566 575
566 581
566 599
566 600
567 569
567 570
567 590
567 591
568 588
569 570
569 571
569 572
569 578
569 581
569 600
570 572
570 573
570 578
570 581
570 590
570 591
570 600
571 572
571 589
571 597
571 600
572 578
572 600
575 598
578 600
581 588
581 599
581 600
583 585
583 586
585 586
588 600
590 591
592 594
592 597
594 595
594 596
594 597
595 596
595 597
596 597
597 600
598 599
599 600
