600 7188

1 2
1 4
1 21
1 22
1 23
1 25
1 26
1 30
1 31
1 34
1 98
1 100
1 101
1 103
1 106
1 184
1 220
1 284
1 285
1 287
1 290
1 292
1 305
1 320
1 322
1 323
1 325
1 327
1 329
1 330
1 332
1 390
1 392
1 487
1 529
1 582
1 583
1 584
1 586
2 4
2 5
2 11
2 18
2 20
2 21
2 22
2 25
2 31
2 35
2 37
2 38
2 94
2 98
2 100
2 101
2 103
2 120
2 284
2 292
2 302
2 304
2 305
2 308
2 317
2 319
2 320
2 321
2 322
2 324
2 325
2 327
2 336
2 388
2 390
2 392
2 398
2 400
2 401
2 582
2 584
3 5
3 7
3 304
4 5
4 6
4 11
4 17
4 18
4 19
4 20
4 21
4 22
4 23
4 25
4 26
4 28
4 30
4 31
4 33
4 34
4 35
4 36
4 37
4 38
4 94
4 98
4 100
4 101
4 103
4 120
4 122
4 128
4 237
4 284
4 287
4 292
4 302
4 304
4 305
4 308
4 312
4 317
4 318
4 319
4 320
4 321
4 322
4 323
4 324
4 325
4 327
4 328
4 329
4 330
4 332
4 333
4 334
4 335
4 336
4 388
4 392
4 400
4 401
4 413
4 415
4 582
4 583
4 584
4 588
5 11
5 14
5 18
5 19
5 20
5 21
5 24
5 29
5 37
5 94
5 103
5 302
5 304
5 305
5 308
5 317
5 319
5 320
5 321
5 322
5 324
5 326
5 329
5 336
5 392
5 400
6 20
6 21
6 37
6 103
6 302
6 305
6 320
6 400
7 10
7 376
8 12
8 15
8 16
8 315
9 310
10 187
10 364
10 376
11 14
11 18
11 19
11 20
11 21
11 37
11 94
11 97
11 98
11 103
11 120
11 302
11 303
11 304
11 305
11 311
11 315
11 317
11 319
11 320
11 321
11 322
11 324
11 326
11 336
11 388
11 400
11 413
12 15
12 16
12 303
12 304
12 310
12 315
13 313
14 19
14 54
14 304
14 305
14 312
14 313
14 319
14 322
14 324
14 388
15 16
15 313
15 314
15 315
15 316
16 18
16 303
16 304
16 310
16 311
16 315
16 316
16 317
16 319
17 19
17 26
17 28
17 34
17 37
17 305
17 312
17 318
17 320
17 322
17 323
17 324
17 327
17 329
18 19
18 20
18 21
18 94
18 98
18 100
18 103
18 120
18 302
18 303
18 304
18 305
18 311
18 315
18 317
18 319
18 320
18 321
18 322
18 388
18 398
18 400
19 20
19 21
19 37
19 103
19 302
19 304
19 305
19 308
19 311
19 312
19 313
19 315
19 316
19 317
19 318
19 319
19 320
19 321
19 322
19 324
19 326
19 336
19 388
19 400
20 21
20 22
20 29
20 35
20 37
20 94
20 98
20 101
20 103
20 120
20 122
20 302
20 304
20 305
20 308
20 311
20 315
20 317
20 318
20 319
20 320
20 321
20 322
20 324
20 326
20 327
20 329
20 336
20 400
20 415
21 22
21 24
21 25
21 28
21 29
21 30
21 31
21 32
21 33
21 34
21 35
21 36
21 37
21 38
21 94
21 98
21 100
21 101
21 103
21 120
21 122
21 128
21 284
21 292
21 302
21 304
21 305
21 308
21 312
21 317
21 318
21 319
21 320
21 321
21 322
21 323
21 324
21 326
21 327
21 328
21 329
21 330
21 332
21 333
21 334
21 335
21 336
21 388
21 392
21 400
21 413
21 415
21 582
21 584
22 23
22 24
22 25
22 26
22 27
22 28
22 30
22 31
22 32
22 33
22 34
22 35
22 36
22 37
22 38
22 98
22 101
22 103
22 122
22 147
22 184
22 237
22 284
22 285
22 287
22 292
22 305
22 312
22 318
22 320
22 322
22 323
22 324
22 325
22 327
22 328
22 329
22 330
22 331
22 332
22 333
22 334
22 335
22 336
22 337
22 339
22 392
22 415
22 582
22 583
22 584
23 24
23 25
23 26
23 27
23 28
23 30
23 31
23 32
23 33
23 34
23 35
23 36
23 37
23 38
23 237
23 284
23 285
23 287
23 292
23 318
23 320
23 323
23 327
23 328
23 329
23 330
23 331
23 332
23 333
23 334
23 335
23 336
23 337
23 582
23 583
23 584
24 26
24 27
24 28
24 29
24 30
24 31
24 32
24 33
24 34
24 36
24 37
24 38
24 287
24 305
24 320
24 323
24 324
24 326
24 327
24 328
24 329
24 330
24 332
24 333
24 334
24 335
24 336
25 26
25 28
25 30
25 31
25 32
25 33
25 34
25 36
25 37
25 38
25 64
25 98
25 123
25 147
25 184
25 237
25 284
25 285
25 287
25 292
25 305
25 312
25 320
25 322
25 323
25 324
25 325
25 327
25 328
25 329
25 330
25 332
25 333
25 334
25 335
25 336
25 337
25 338
25 392
25 401
25 582
25 583
25 584
26 27
26 28
26 30
26 31
26 32
26 33
26 34
26 36
26 37
26 38
26 237
26 284
26 285
26 287
26 312
26 318
26 320
26 323
26 324
26 327
26 328
26 329
26 330
26 331
26 332
26 333
26 334
26 335
26 336
26 582
26 583
26 584
27 28
27 30
27 31
27 32
27 33
27 34
27 35
27 36
27 38
27 287
27 323
27 327
27 328
27 329
27 330
27 331
27 332
27 333
27 334
27 335
27 337
27 339
27 425
28 30
28 31
28 32
28 33
28 34
28 35
28 36
28 37
28 38
28 122
28 237
28 284
28 285
28 287
28 292
28 312
28 318
28 320
28 323
28 324
28 327
28 328
28 329
28 330
28 331
28 332
28 333
28 334
28 335
28 336
28 337
28 415
28 582
28 583
28 584
29 305
29 308
29 313
29 320
29 324
29 326
29 329
30 31
30 32
30 33
30 34
30 35
30 36
30 37
30 38
30 122
30 237
30 284
30 287
30 318
30 320
30 323
30 327
30 328
30 329
30 330
30 331
30 332
30 333
30 334
30 335
30 336
30 337
30 339
30 415
30 582
30 583
30 584
30 600
31 32
31 33
31 34
31 35
31 36
31 37
31 38
31 122
31 123
31 147
31 184
31 237
31 284
31 285
31 287
31 292
31 305
31 312
31 318
31 320
31 323
31 324
31 327
31 328
31 329
31 330
31 331
31 332
31 333
31 334
31 335
31 336
31 337
31 413
31 415
31 582
31 583
31 584
32 33
32 34
32 35
32 36
32 37
32 38
32 122
32 237
32 284
32 287
32 320
32 323
32 327
32 328
32 329
32 330
32 331
32 332
32 333
32 334
32 335
32 336
32 337
32 339
32 415
32 582
32 583
32 584
33 34
33 35
33 36
33 37
33 38
33 122
33 237
33 284
33 285
33 287
33 312
33 320
33 323
33 324
33 327
33 328
33 329
33 330
33 331
33 332
33 333
33 334
33 335
33 336
33 415
33 582
33 583
33 584
34 35
34 36
34 37
34 38
34 103
34 122
34 123
34 147
34 237
34 284
34 285
34 287
34 292
34 305
34 312
34 318
34 320
34 323
34 324
34 327
34 328
34 329
34 330
34 331
34 332
34 333
34 334
34 335
34 336
34 337
34 413
34 415
34 497
34 582
34 583
34 584
35 36
35 37
35 38
35 103
35 122
35 292
35 302
35 305
35 318
35 320
35 323
35 327
35 328
35 329
35 330
35 331
35 332
35 333
35 334
35 335
35 336
35 339
35 415
36 37
36 38
36 122
36 147
36 237
36 284
36 287
36 292
36 320
36 323
36 324
36 327
36 328
36 329
36 330
36 331
36 332
36 333
36 334
36 335
36 336
36 337
36 339
36 413
36 415
36 419
36 497
36 582
36 583
36 584
37 38
37 98
37 103
37 122
37 183
37 284
37 302
37 305
37 312
37 317
37 318
37 319
37 320
37 321
37 322
37 323
37 324
37 326
37 327
37 328
37 329
37 330
37 332
37 333
37 334
37 335
37 336
37 400
37 415
37 582
37 584
38 122
38 123
38 237
38 284
38 285
38 287
38 292
38 305
38 312
38 320
38 323
38 324
38 325
38 327
38 328
38 329
38 330
38 332
38 333
38 334
38 335
38 336
38 337
38 344
38 348
38 413
38 415
38 497
38 582
38 583
38 584
39 41
39 42
39 78
39 82
39 83
39 88
39 92
39 95
39 104
39 105
39 106
39 110
39 113
39 115
39 116
39 117
39 118
39 126
39 130
39 137
39 138
39 187
39 194
39 201
39 204
39 213
39 229
39 234
39 282
39 283
39 298
39 340
39 354
39 359
39 362
39 363
39 365
39 375
39 376
39 384
39 385
39 389
39 391
39 395
39 397
39 399
39 404
39 406
39 407
39 409
39 410
39 421
39 422
39 423
39 424
39 459
39 460
39 491
39 498
39 501
39 502
39 505
39 529
39 595
40 41
40 138
40 338
40 440
41 42
41 53
41 61
41 78
41 82
41 83
41 88
41 113
41 115
41 137
41 138
41 144
41 187
41 201
41 229
41 282
41 283
41 338
41 363
41 375
41 376
41 384
41 404
41 406
41 422
41 440
42 45
42 47
42 53
42 104
42 110
42 113
42 115
42 116
42 117
42 118
42 130
42 187
42 194
42 201
42 204
42 223
42 234
42 340
42 384
42 391
42 395
42 397
42 399
42 404
42 407
42 409
42 422
42 498
43 48
43 67
44 51
44 65
44 354
44 360
45 46
45 47
45 54
47 95
47 104
47 105
47 110
47 116
47 117
47 118
47 188
47 201
47 280
47 409
48 51
48 62
48 63
48 66
48 67
48 347
48 349
48 350
48 358
48 360
49 57
49 59
49 61
49 65
49 70
49 79
49 80
49 82
49 84
49 89
49 90
49 124
49 125
49 134
49 138
49 141
49 149
49 150
49 152
49 345
49 353
49 354
49 359
49 364
49 371
49 373
49 374
49 405
49 406
49 418
49 421
49 423
49 428
49 429
49 430
49 431
49 432
49 434
49 435
49 440
49 446
49 448
49 498
50 119
50 125
50 129
50 146
50 155
50 157
50 196
50 225
50 228
50 351
50 412
50 418
50 421
50 423
50 432
50 437
50 439
50 444
50 445
50 447
50 462
50 467
50 490
50 510
50 534
50 579
51 62
51 63
51 65
51 66
51 67
51 349
51 352
51 357
51 358
51 360
52 357
53 55
53 60
53 99
53 138
53 228
53 229
53 282
53 337
53 353
53 359
53 386
53 389
53 397
53 399
53 406
53 412
53 421
53 423
53 529
53 580
54 56
54 61
55 93
55 96
55 98
55 99
55 101
55 106
55 110
55 118
55 119
55 120
55 121
55 184
55 228
55 229
55 282
55 337
55 348
55 386
55 388
55 389
55 390
55 391
55 397
55 401
55 412
55 580
56 59
56 60
56 64
56 89
56 123
56 147
56 228
56 344
56 346
56 348
56 351
56 353
56 359
56 413
56 417
56 418
56 497
56 579
56 580
57 65
57 70
57 80
57 84
57 89
57 124
57 149
57 150
57 345
57 367
57 373
57 374
57 418
57 429
57 430
57 431
57 436
57 440
57 446
57 448
58 61
58 66
58 126
58 345
58 354
58 355
58 356
58 362
58 363
59 60
59 61
59 64
59 80
59 82
59 89
59 121
59 123
59 125
59 146
59 149
59 225
59 228
59 229
59 345
59 351
59 353
59 359
59 361
59 386
59 401
59 412
59 418
59 421
59 423
59 431
59 434
59 440
59 447
59 579
59 580
60 61
60 64
60 80
60 82
60 89
60 123
60 125
60 138
60 140
60 141
60 146
60 149
60 228
60 229
60 348
60 351
60 353
60 359
60 361
60 364
60 386
60 412
60 418
60 421
60 423
60 431
60 434
60 440
60 444
60 579
60 580
61 65
61 75
61 78
61 82
61 135
61 138
61 345
61 351
61 353
61 354
61 359
61 361
61 363
61 373
61 430
61 431
61 434
61 440
61 587
62 63
62 65
62 66
62 67
62 73
62 347
62 352
62 357
62 358
62 360
62 369
63 65
63 67
63 73
63 349
63 350
63 352
63 357
63 358
63 360
64 97
64 119
64 121
64 123
64 125
64 147
64 195
64 225
64 228
64 284
64 337
64 344
64 348
64 351
64 353
64 359
64 386
64 388
64 401
64 412
64 413
64 414
64 418
64 497
64 579
64 580
64 582
64 584
65 66
65 67
65 345
65 354
65 357
65 360
65 363
65 430
65 440
66 67
66 347
66 354
66 355
66 356
66 357
66 360
66 362
66 363
67 73
67 347
67 349
67 350
67 357
67 358
67 360
67 363
68 140
69 71
69 72
69 77
69 365
69 422
70 135
70 149
70 375
70 429
71 72
71 77
71 127
71 397
71 422
71 491
71 530
72 77
72 127
72 403
73 85
73 86
73 87
73 357
73 360
73 367
73 371
73 377
73 381
74 363
75 79
75 82
75 126
75 132
75 363
75 371
75 373
75 430
75 440
76 153
76 160
76 190
76 198
76 212
76 255
76 257
76 259
76 260
76 261
76 268
76 269
76 272
76 273
76 278
76 279
76 281
76 294
76 296
76 297
76 300
76 500
77 127
77 372
77 420
77 422
78 79
78 82
78 83
78 88
78 132
78 135
78 137
78 345
78 354
78 359
78 363
78 364
78 365
78 372
78 373
78 375
78 376
78 378
78 422
78 431
78 440
79 80
79 82
79 83
79 84
79 85
79 86
79 88
79 126
79 132
79 135
79 139
79 345
79 364
79 371
79 373
79 374
79 378
79 429
79 430
79 434
80 81
80 82
80 83
80 84
80 88
80 89
80 124
80 125
80 132
80 134
80 135
80 138
80 140
80 141
80 146
80 149
80 150
80 228
80 351
80 353
80 359
80 361
80 364
80 373
80 418
80 421
80 423
80 428
80 429
80 430
80 431
80 432
80 434
80 435
80 437
80 440
80 444
80 446
80 447
80 448
80 467
80 498
81 83
81 126
81 132
81 141
81 149
81 434
82 83
82 88
82 89
82 92
82 99
82 113
82 126
82 129
82 130
82 132
82 133
82 134
82 135
82 138
82 141
82 144
82 149
82 199
82 201
82 228
82 229
82 282
82 283
82 298
82 359
82 361
82 363
82 364
82 365
82 372
82 373
82 375
82 376
82 378
82 387
82 399
82 403
82 404
82 421
82 422
82 423
82 424
82 428
82 429
82 430
82 431
82 434
82 435
82 440
82 451
82 490
82 498
83 88
83 92
83 93
83 99
83 110
83 113
83 126
83 129
83 130
83 132
83 133
83 134
83 135
83 138
83 141
83 149
83 187
83 199
83 201
83 229
83 283
83 298
83 301
83 359
83 363
83 364
83 365
83 372
83 373
83 375
83 376
83 378
83 399
83 404
83 421
83 422
83 423
83 424
83 429
83 431
83 434
83 440
83 490
83 498
84 86
84 87
84 126
84 139
84 141
84 150
84 367
84 371
84 373
84 430
85 86
85 87
85 357
85 367
85 371
85 377
86 87
86 139
86 367
86 371
86 373
86 374
86 377
86 380
86 381
86 436
87 139
87 367
87 371
87 377
87 379
87 380
87 381
87 436
88 89
88 113
88 126
88 130
88 132
88 134
88 135
88 138
88 141
88 229
88 283
88 340
88 359
88 364
88 365
88 373
88 376
88 378
88 399
88 404
88 421
88 422
88 423
88 429
88 430
88 431
88 434
88 498
89 90
89 123
89 125
89 134
89 138
89 140
89 141
89 146
89 149
89 150
89 228
89 337
89 353
89 359
89 364
89 373
89 405
89 406
89 417
89 418
89 419
89 421
89 423
89 428
89 429
89 430
89 431
89 432
89 434
89 435
89 437
89 440
89 446
89 447
89 448
89 498
89 579
90 150
90 338
90 367
90 371
90 380
90 405
90 430
91 380
92 93
92 95
92 96
92 104
92 105
92 106
92 110
92 112
92 113
92 115
92 117
92 118
92 130
92 133
92 187
92 188
92 194
92 200
92 201
92 213
92 223
92 234
92 264
92 298
92 301
92 362
92 368
92 384
92 385
92 387
92 389
92 390
92 391
92 393
92 395
92 397
92 399
92 404
92 422
92 424
92 459
92 498
92 502
92 503
92 505
92 519
92 581
92 595
93 95
93 96
93 99
93 100
93 101
93 104
93 106
93 110
93 118
93 213
93 229
93 282
93 290
93 301
93 384
93 386
93 389
93 390
93 391
93 392
93 397
93 398
93 399
93 404
93 422
93 502
93 504
93 529
93 581
94 97
94 98
94 103
94 302
94 303
94 304
94 305
94 311
94 317
94 319
94 320
94 321
94 322
94 388
94 392
94 398
94 400
95 96
95 104
95 105
95 106
95 108
95 110
95 113
95 115
95 116
95 117
95 118
95 130
95 187
95 188
95 189
95 191
95 194
95 197
95 200
95 201
95 202
95 203
95 204
95 207
95 213
95 219
95 234
95 274
95 280
95 282
95 283
95 298
95 301
95 347
95 362
95 384
95 385
95 389
95 390
95 391
95 393
95 395
95 397
95 399
95 402
95 404
95 408
95 409
95 410
95 422
95 501
95 502
95 503
95 505
95 506
95 519
95 595
96 99
96 100
96 101
96 106
96 301
96 386
96 389
96 390
96 391
96 392
96 397
96 398
96 404
96 422
96 424
96 502
96 504
96 581
97 98
97 228
97 317
97 386
97 388
97 401
97 413
97 580
98 100
98 101
98 103
98 120
98 184
98 284
98 304
98 305
98 317
98 319
98 320
98 322
98 324
98 329
98 336
98 386
98 388
98 389
98 390
98 392
98 401
98 413
98 487
98 504
98 584
99 101
99 112
99 119
99 125
99 127
99 129
99 130
99 138
99 144
99 146
99 152
99 196
99 199
99 228
99 262
99 282
99 386
99 387
99 389
99 390
99 397
99 399
99 403
99 404
99 412
99 421
99 423
99 424
99 435
99 444
99 447
99 451
99 456
99 458
99 490
99 498
99 502
99 504
99 534
99 579
99 580
99 581
100 101
100 102
100 103
100 106
100 119
100 120
100 121
100 184
100 287
100 290
100 301
100 302
100 304
100 305
100 321
100 322
100 389
100 390
100 391
100 392
100 398
100 504
100 529
100 584
101 103
101 106
101 119
101 120
101 121
101 127
101 128
101 129
101 147
101 184
101 195
101 287
101 292
101 304
101 305
101 321
101 322
101 325
101 387
101 389
101 390
101 391
101 392
101 398
101 401
101 412
101 424
101 490
101 502
101 504
101 529
101 530
101 534
101 580
101 581
101 584
101 600
102 106
102 287
103 120
103 121
103 122
103 184
103 292
103 302
103 304
103 305
103 317
103 319
103 320
103 321
103 322
103 324
103 327
103 329
103 332
103 333
103 336
103 388
103 390
103 392
103 398
103 400
103 401
103 413
103 415
103 584
104 105
104 106
104 108
104 109
104 110
104 113
104 115
104 116
104 117
104 118
104 130
104 187
104 188
104 189
104 191
104 194
104 197
104 200
104 201
104 202
104 203
104 204
104 207
104 213
104 215
104 219
104 223
104 234
104 274
104 280
104 283
104 298
104 301
104 347
104 362
104 368
104 384
104 385
104 391
104 393
104 394
104 395
104 397
104 399
104 402
104 404
104 408
104 409
104 410
104 465
104 489
104 501
104 502
104 503
104 505
104 519
104 529
104 595
105 106
105 108
105 109
105 110
105 113
105 115
105 116
105 117
105 118
105 130
105 187
105 188
105 189
105 191
105 192
105 194
105 197
105 200
105 201
105 202
105 203
105 204
105 207
105 213
105 214
105 215
105 219
105 223
105 234
105 274
105 280
105 283
105 295
105 298
105 347
105 384
105 385
105 391
105 393
105 394
105 395
105 397
105 402
105 407
105 408
105 409
105 410
105 465
105 489
105 501
105 502
105 503
105 505
105 517
105 519
105 594
105 595
106 110
106 113
106 117
106 118
106 119
106 121
106 187
106 194
106 213
106 220
106 229
106 282
106 283
106 287
106 290
106 301
106 384
106 389
106 390
106 391
106 392
106 397
106 399
106 401
106 404
106 409
106 412
106 529
106 581
107 108
107 192
108 109
108 116
108 117
108 118
108 154
108 188
108 189
108 191
108 192
108 193
108 194
108 197
108 198
108 200
108 202
108 203
108 207
108 214
108 215
108 216
108 217
108 219
108 223
108 244
108 273
108 274
108 280
108 295
108 385
108 393
108 394
108 395
108 396
108 402
108 408
108 411
108 495
108 501
108 503
108 505
108 517
108 519
108 527
108 594
108 595
109 111
109 114
109 115
109 116
109 117
109 154
109 188
109 189
109 191
109 192
109 193
109 194
109 197
109 198
109 200
109 202
109 203
109 207
109 214
109 215
109 216
109 217
109 219
109 223
109 233
109 273
109 274
109 276
109 280
109 295
109 393
109 394
109 395
109 396
109 402
109 408
109 465
109 495
109 501
109 503
109 505
109 517
109 519
109 524
109 527
109 594
109 595
110 113
110 115
110 116
110 117
110 118
110 119
110 130
110 187
110 188
110 189
110 194
110 201
110 204
110 207
110 213
110 223
110 229
110 234
110 282
110 283
110 290
110 298
110 301
110 340
110 376
110 384
110 385
110 389
110 390
110 391
110 393
110 395
110 397
110 399
110 404
110 409
110 422
110 424
110 459
110 489
110 498
110 501
110 502
110 505
110 529
110 581
110 595
111 206
111 210
111 211
111 212
111 231
111 233
111 479
111 493
111 495
111 511
111 513
111 518
111 544
111 551
112 113
112 115
112 119
112 129
112 130
112 146
112 154
112 196
112 199
112 264
112 298
112 340
112 387
112 403
112 404
112 412
112 421
112 423
112 424
112 444
112 447
112 451
112 459
112 490
112 491
112 492
112 498
112 502
112 510
112 516
112 534
112 581
113 115
113 116
113 117
113 118
113 130
113 137
113 154
113 187
113 188
113 194
113 197
113 200
113 201
113 202
113 203
113 204
113 207
113 213
113 219
113 223
113 234
113 264
113 280
113 283
113 298
113 301
113 340
113 372
113 376
113 384
113 385
113 387
113 391
113 393
113 394
113 395
113 397
113 399
113 402
113 403
113 404
113 407
113 408
113 409
113 410
113 422
113 423
113 424
113 450
113 451
113 459
113 460
113 465
113 491
113 492
113 498
113 501
113 502
113 503
113 505
113 506
113 516
113 519
113 528
113 595
114 154
114 191
114 197
114 203
114 207
114 219
114 276
114 394
114 396
114 408
114 460
114 491
114 516
114 524
115 116
115 117
115 118
115 130
115 137
115 167
115 187
115 188
115 194
115 197
115 200
115 201
115 202
115 203
115 204
115 207
115 213
115 219
115 223
115 234
115 283
115 298
115 340
115 384
115 385
115 387
115 393
115 394
115 395
115 397
115 399
115 402
115 404
115 407
115 408
115 409
115 410
115 422
115 424
115 459
115 460
115 465
115 491
115 498
115 501
115 502
115 503
115 505
115 516
115 519
115 528
115 595
116 117
116 118
116 130
116 154
116 187
116 188
116 189
116 191
116 192
116 194
116 197
116 200
116 201
116 202
116 203
116 204
116 207
116 213
116 214
116 215
116 216
116 219
116 223
116 234
116 274
116 280
116 283
116 298
116 340
116 347
116 384
116 385
116 393
116 394
116 395
116 396
116 402
116 407
116 408
116 409
116 410
116 460
116 465
116 489
116 501
116 502
116 503
116 505
116 516
116 517
116 519
116 524
116 527
116 528
116 594
116 595
117 118
117 130
117 137
117 187
117 188
117 189
117 191
117 194
117 197
117 200
117 201
117 202
117 203
117 204
117 207
117 213
117 215
117 219
117 223
117 234
117 274
117 280
117 283
117 298
117 340
117 362
117 384
117 385
117 391
117 393
117 395
117 399
117 402
117 404
117 407
117 408
117 409
117 410
117 459
117 460
117 465
117 501
117 502
117 503
117 505
117 506
117 524
117 595
118 130
118 154
118 187
118 188
118 189
118 191
118 194
118 197
118 200
118 201
118 202
118 203
118 204
118 207
118 213
118 219
118 223
118 234
118 280
118 282
118 283
118 298
118 340
118 376
118 384
118 385
118 389
118 391
118 393
118 395
118 397
118 399
118 402
118 404
118 407
118 408
118 409
118 410
118 411
118 422
118 459
118 460
118 498
118 501
118 502
118 503
118 505
118 516
118 519
118 529
118 595
119 120
119 121
119 125
119 129
119 146
119 147
119 184
119 195
119 196
119 225
119 228
119 229
119 387
119 389
119 390
119 392
119 397
119 399
119 401
119 412
119 419
119 421
119 423
119 424
119 444
119 447
119 490
119 529
119 534
119 579
119 580
119 581
119 584
120 121
120 304
120 317
120 320
120 321
120 388
120 392
120 398
120 400
120 401
120 413
120 588
121 123
121 147
121 184
121 195
121 196
121 225
121 228
121 292
121 348
121 386
121 388
121 389
121 392
121 401
121 412
121 413
121 419
121 447
121 497
121 534
121 579
121 580
121 581
121 584
122 195
122 257
122 320
122 327
122 328
122 329
122 330
122 332
122 333
122 334
122 335
122 336
122 339
122 400
122 415
122 441
122 442
122 497
123 147
123 195
123 284
123 332
123 335
123 337
123 344
123 348
123 353
123 382
123 401
123 412
123 413
123 414
123 417
123 418
123 419
123 497
123 579
123 583
123 584
124 150
124 364
124 373
124 418
124 430
124 431
124 446
124 448
125 134
125 140
125 141
125 146
125 147
125 148
125 149
125 150
125 152
125 195
125 196
125 225
125 228
125 351
125 359
125 361
125 412
125 418
125 421
125 423
125 430
125 431
125 432
125 434
125 435
125 437
125 440
125 442
125 444
125 447
125 448
125 456
125 458
125 461
125 467
125 510
125 534
125 579
126 132
126 135
126 141
126 149
126 187
126 354
126 356
126 362
126 363
126 365
126 368
126 373
126 374
126 376
126 399
126 430
126 434
126 498
127 128
127 129
127 130
127 264
127 298
127 403
127 404
127 422
127 424
127 451
127 490
127 502
127 504
128 129
128 131
128 142
128 264
128 302
128 321
128 424
128 451
128 490
128 510
128 600
129 130
129 132
129 133
129 141
129 146
129 199
129 228
129 264
129 387
129 403
129 404
129 421
129 422
129 423
129 424
129 434
129 444
129 451
129 456
129 458
129 490
129 510
129 534
130 132
130 154
130 187
130 194
130 197
130 199
130 200
130 201
130 204
130 213
130 223
130 234
130 264
130 280
130 283
130 298
130 340
130 376
130 384
130 387
130 391
130 393
130 395
130 397
130 399
130 403
130 404
130 407
130 421
130 422
130 423
130 424
130 435
130 450
130 451
130 459
130 460
130 490
130 491
130 492
130 498
130 501
130 502
130 505
130 516
130 529
130 590
131 160
131 198
131 264
131 279
131 281
131 296
131 300
131 420
131 450
132 134
132 135
132 137
132 138
132 141
132 149
132 199
132 298
132 364
132 372
132 373
132 421
132 423
132 428
132 429
132 430
132 431
132 434
132 440
132 451
133 264
133 365
133 372
133 375
133 404
133 421
133 422
133 424
134 135
134 136
134 138
134 140
134 141
134 146
134 149
134 161
134 186
134 199
134 359
134 364
134 373
134 418
134 421
134 423
134 428
134 429
134 430
134 431
134 432
134 434
134 435
134 440
134 448
134 451
134 458
135 138
135 149
135 229
135 359
135 361
135 365
135 373
135 421
135 429
135 430
135 431
135 434
135 440
136 138
136 148
136 152
136 159
136 161
136 164
136 199
136 428
136 432
136 455
136 456
136 458
136 466
137 138
137 187
137 194
137 201
137 204
137 371
137 373
137 376
137 384
137 402
137 427
137 428
137 430
137 433
137 460
137 501
137 528
138 149
138 150
138 152
138 199
138 282
138 359
138 361
138 373
138 404
138 406
138 418
138 421
138 423
138 428
138 430
138 431
138 434
138 440
138 458
139 367
139 371
139 373
139 377
139 380
139 381
139 436
139 470
140 141
140 148
140 149
140 150
140 152
140 161
140 359
140 418
140 428
140 430
140 431
140 432
140 434
140 437
140 440
140 448
140 458
141 146
141 149
141 150
141 152
141 196
141 228
141 351
141 353
141 359
141 364
141 373
141 387
141 399
141 412
141 418
141 421
141 423
141 428
141 429
141 430
141 431
141 432
141 434
141 435
141 437
141 440
141 444
141 447
141 448
141 456
141 458
141 461
141 467
141 490
141 498
142 600
143 481
144 147
144 149
144 228
144 325
144 387
144 399
144 403
144 406
144 412
144 418
144 421
144 422
144 423
144 424
144 431
144 444
144 447
144 490
144 498
144 529
145 225
145 229
145 246
145 351
145 399
145 444
145 447
145 534
146 149
146 150
146 155
146 195
146 196
146 225
146 228
146 351
146 387
146 412
146 418
146 421
146 423
146 432
146 434
146 435
146 437
146 439
146 443
146 444
146 445
146 447
146 456
146 467
146 490
146 494
146 510
146 534
146 545
146 579
147 184
147 195
147 196
147 225
147 228
147 284
147 287
147 292
147 330
147 332
147 335
147 337
147 344
147 348
147 392
147 401
147 406
147 412
147 413
147 414
147 418
147 419
147 423
147 444
147 447
147 497
147 534
147 579
147 580
147 583
147 584
148 155
148 161
148 253
148 277
148 432
148 437
148 449
148 456
148 464
148 578
149 150
149 152
149 228
149 229
149 351
149 353
149 359
149 361
149 373
149 374
149 418
149 421
149 423
149 428
149 429
149 430
149 431
149 432
149 434
149 435
149 437
149 440
149 448
149 458
150 152
150 364
150 373
150 382
150 417
150 418
150 428
150 429
150 430
150 431
150 432
150 434
150 435
150 437
150 440
150 444
150 446
150 448
151 199
151 466
152 228
152 418
152 428
152 430
152 431
152 432
152 434
152 435
152 437
152 440
152 442
152 448
152 456
152 458
152 461
152 466
153 160
153 190
153 255
153 260
153 261
153 268
153 269
153 270
153 271
153 272
153 277
153 278
153 279
153 281
153 296
153 297
153 438
153 449
153 468
153 500
154 188
154 191
154 197
154 202
154 207
154 216
154 218
154 219
154 223
154 234
154 280
154 298
154 393
154 394
154 396
154 411
154 454
154 460
154 491
154 501
154 502
154 516
154 519
154 527
155 157
155 163
155 196
155 253
155 445
155 453
155 462
155 463
155 464
155 467
156 233
156 234
156 545
157 225
157 439
157 445
157 453
157 463
157 512
157 535
157 545
158 159
158 161
158 432
158 464
159 199
159 275
159 458
160 260
160 261
160 272
160 277
160 278
160 279
160 281
160 296
160 449
160 457
160 500
160 568
160 578
161 186
161 199
161 277
161 279
161 428
161 432
161 456
161 458
162 462
163 250
163 252
163 253
163 254
163 463
163 464
164 199
164 200
164 205
164 215
164 274
164 280
165 403
166 242
166 471
167 197
167 207
167 217
167 276
167 473
168 170
168 172
168 211
168 239
168 242
168 247
168 250
168 252
168 255
168 256
168 269
168 471
168 508
168 556
168 560
168 563
168 566
168 567
168 569
168 572
168 573
169 170
169 190
169 232
169 238
169 242
169 243
169 252
169 255
169 256
169 260
169 266
169 268
169 269
169 270
169 271
169 297
169 508
169 566
169 567
169 569
169 572
169 573
170 172
170 211
170 232
170 238
170 239
170 242
170 243
170 247
170 250
170 252
170 255
170 256
170 258
170 265
170 269
170 508
170 548
170 554
170 556
170 569
170 571
170 572
170 573
171 574
172 242
172 248
172 250
172 252
172 253
172 478
172 556
172 560
172 563
172 569
172 573
173 247
173 295
173 472
174 249
174 251
174 526
174 562
175 177
175 181
175 480
175 482
175 483
175 585
176 178
176 182
176 183
176 190
176 255
176 256
176 257
176 266
176 267
176 297
176 336
176 438
176 485
176 507
176 508
176 512
176 566
176 567
176 569
176 573
176 592
177 288
177 585
178 183
178 190
178 255
178 256
178 257
178 260
178 261
178 266
178 271
178 277
178 336
178 438
178 449
178 457
178 468
178 480
178 500
178 512
178 566
178 567
178 569
178 578
179 508
179 585
180 449
182 206
182 209
182 211
182 212
182 231
182 256
182 259
182 297
182 485
182 507
182 508
182 509
182 513
182 522
182 571
182 598
183 255
183 256
183 257
183 260
183 266
183 277
183 336
183 449
183 457
183 500
183 566
183 569
183 578
184 282
184 284
184 287
184 289
184 290
184 292
184 330
184 344
184 348
184 388
184 389
184 390
184 392
184 401
184 487
184 529
184 583
184 584
185 426
186 428
186 432
186 451
186 456
186 458
186 510
187 188
187 189
187 191
187 194
187 197
187 200
187 201
187 202
187 203
187 204
187 207
187 213
187 219
187 223
187 234
187 280
187 283
187 298
187 301
187 340
187 343
187 347
187 356
187 362
187 376
187 384
187 385
187 391
187 393
187 394
187 395
187 397
187 399
187 402
187 404
187 407
187 408
187 409
187 410
187 422
187 459
187 460
187 489
187 491
187 498
187 501
187 502
187 503
187 505
187 506
187 516
187 519
187 595
188 189
188 191
188 192
188 194
188 197
188 198
188 200
188 201
188 202
188 203
188 204
188 207
188 214
188 215
188 216
188 219
188 223
188 234
188 274
188 280
188 295
188 298
188 384
188 385
188 393
188 394
188 395
188 396
188 402
188 408
188 409
188 410
188 459
188 460
188 501
188 503
188 505
188 506
188 517
188 519
188 524
188 527
188 528
188 594
188 595
189 191
189 194
189 201
189 202
189 203
189 207
189 214
189 215
189 219
189 223
189 230
189 283
189 295
189 391
189 393
189 395
189 402
189 489
189 501
189 503
189 505
189 517
189 527
189 594
189 595
190 242
190 250
190 252
190 255
190 256
190 259
190 260
190 261
190 266
190 267
190 268
190 269
190 270
190 271
190 277
190 278
190 279
190 297
190 314
190 438
190 449
190 468
190 485
190 500
190 512
190 567
190 569
190 573
190 574
190 577
190 578
190 592
191 192
191 193
191 194
191 197
191 198
191 200
191 201
191 202
191 203
191 207
191 210
191 214
191 215
191 216
191 217
191 219
191 273
191 274
191 276
191 280
191 295
191 385
191 393
191 394
191 395
191 396
191 402
191 408
191 460
191 465
191 501
191 503
191 505
191 509
191 517
191 519
191 524
191 527
191 528
191 594
191 595
192 193
192 202
192 203
192 214
192 215
192 216
192 223
192 273
192 274
192 393
192 503
192 517
192 527
192 594
193 202
193 212
193 214
193 215
193 216
193 273
194 197
194 200
194 201
194 202
194 203
194 204
194 207
194 213
194 215
194 219
194 223
194 234
194 274
194 280
194 283
194 298
194 340
194 347
194 384
194 385
194 391
194 393
194 394
194 395
194 396
194 397
194 399
194 402
194 404
194 407
194 408
194 409
194 410
194 459
194 460
194 465
194 489
194 491
194 498
194 501
194 502
194 503
194 505
194 516
194 517
194 519
194 524
194 595
195 196
195 228
195 418
195 437
195 442
195 444
195 447
195 448
195 456
195 458
195 490
195 497
195 510
195 579
196 225
196 228
196 351
196 399
196 401
196 412
196 418
196 423
196 432
196 437
196 439
196 444
196 445
196 447
196 456
196 467
196 490
196 510
196 534
196 579
196 581
197 200
197 201
197 202
197 203
197 204
197 207
197 213
197 215
197 216
197 218
197 219
197 223
197 234
197 276
197 280
197 343
197 385
197 393
197 394
197 395
197 396
197 402
197 408
197 459
197 460
197 465
197 501
197 503
197 516
197 517
197 524
197 527
197 595
198 200
198 202
198 203
198 207
198 214
198 215
198 216
198 219
198 272
198 273
198 274
198 278
198 280
198 281
198 295
198 296
198 300
198 402
198 420
198 450
198 503
198 594
199 264
199 298
199 404
199 421
199 423
199 424
199 450
199 451
199 456
199 458
199 490
199 510
200 201
200 202
200 203
200 207
200 213
200 215
200 216
200 219
200 223
200 234
200 274
200 280
200 298
200 368
200 384
200 385
200 393
200 395
200 402
200 408
200 409
200 420
200 501
200 502
200 503
200 505
200 524
201 202
201 203
201 204
201 207
201 213
201 219
201 223
201 234
201 274
201 280
201 283
201 298
201 340
201 362
201 368
201 376
201 384
201 385
201 391
201 393
201 395
201 397
201 399
201 402
201 404
201 407
201 408
201 409
201 410
201 422
201 424
201 450
201 459
201 460
201 465
201 491
201 501
201 502
201 503
201 505
201 506
201 516
201 595
202 203
202 207
202 213
202 214
202 215
202 216
202 217
202 219
202 223
202 234
202 273
202 274
202 280
202 295
202 385
202 393
202 394
202 395
202 396
202 402
202 408
202 409
202 465
202 501
202 503
202 505
202 517
202 519
202 524
202 527
202 528
202 594
202 595
203 204
203 207
203 213
203 214
203 215
203 216
203 219
203 223
203 234
203 274
203 276
203 280
203 295
203 298
203 347
203 384
203 385
203 393
203 394
203 395
203 402
203 408
203 409
203 410
203 465
203 501
203 503
203 505
203 506
203 517
203 519
203 524
203 527
203 528
203 594
203 595
204 207
204 213
204 219
204 223
204 280
204 283
204 298
204 340
204 376
204 384
204 395
204 397
204 399
204 404
204 407
204 408
204 409
204 459
204 460
204 498
204 501
204 505
204 516
206 209
206 211
206 212
206 231
206 233
206 493
206 495
206 507
206 511
206 513
206 518
206 522
206 540
206 542
206 565
206 571
207 214
207 215
207 216
207 217
207 219
207 223
207 274
207 276
207 280
207 295
207 298
207 340
207 384
207 385
207 393
207 394
207 395
207 396
207 402
207 407
207 408
207 409
207 410
207 459
207 460
207 465
207 491
207 501
207 503
207 505
207 509
207 516
207 517
207 519
207 524
207 527
207 528
207 594
207 595
208 494
208 590
208 593
209 212
209 231
209 259
209 273
209 297
209 493
209 495
209 507
209 509
209 513
209 518
209 540
209 565
210 214
210 215
210 216
210 217
210 273
210 276
210 314
210 509
210 522
210 565
210 577
210 594
211 212
211 224
211 231
211 232
211 233
211 236
211 238
211 239
211 240
211 242
211 243
211 245
211 247
211 256
211 265
211 269
211 297
211 493
211 507
211 508
211 511
211 513
211 542
211 548
211 556
211 567
211 571
211 572
211 573
211 598
212 224
212 231
212 259
212 265
212 273
212 278
212 297
212 493
212 495
212 513
212 518
212 522
212 571
213 219
213 223
213 234
213 298
213 301
213 362
213 384
213 390
213 391
213 393
213 395
213 397
213 399
213 404
213 498
213 501
213 502
213 503
213 505
213 581
214 215
214 216
214 217
214 219
214 273
214 274
214 280
214 295
214 393
214 394
214 402
214 517
214 527
214 528
214 594
214 595
215 216
215 217
215 219
215 273
215 274
215 276
215 280
215 295
215 393
215 394
215 402
215 408
215 465
215 501
215 503
215 505
215 517
215 524
215 527
215 594
216 217
216 218
216 219
216 273
216 274
216 276
216 280
216 295
216 394
216 402
216 408
216 465
216 501
216 509
216 517
216 522
216 524
216 527
216 594
217 218
217 219
217 251
217 276
217 394
217 396
217 509
217 517
217 526
217 527
218 234
218 455
218 527
219 223
219 234
219 274
219 276
219 280
219 295
219 298
219 384
219 385
219 393
219 394
219 395
219 396
219 402
219 407
219 408
219 409
219 410
219 460
219 465
219 501
219 503
219 505
219 516
219 517
219 524
219 527
219 528
219 594
219 595
220 221
220 226
220 235
220 237
220 285
220 287
220 290
220 391
220 392
220 397
220 412
220 529
220 530
220 546
220 547
220 549
220 581
220 583
220 584
221 222
221 226
221 227
221 530
221 535
221 549
222 226
222 227
222 240
222 493
222 495
222 511
222 532
222 533
222 535
222 540
222 542
222 544
222 548
222 549
222 551
222 552
222 553
222 555
223 234
223 384
223 391
223 393
223 394
223 395
223 396
223 397
223 399
223 408
223 489
223 501
223 503
223 505
223 516
223 519
224 231
224 233
224 236
224 240
224 245
224 265
224 493
224 495
224 511
224 513
224 532
225 228
225 351
225 401
225 412
225 439
225 444
225 445
225 447
225 531
225 534
225 545
226 227
226 439
226 443
226 530
226 533
226 535
226 545
227 394
227 479
227 530
227 533
227 536
227 551
227 555
228 229
228 262
228 282
228 351
228 359
228 386
228 389
228 399
228 401
228 403
228 406
228 412
228 418
228 421
228 423
228 432
228 434
228 437
228 440
228 444
228 447
228 490
228 534
228 579
228 580
228 581
229 230
229 282
229 283
229 290
229 353
229 359
229 376
229 389
229 391
229 397
229 399
229 404
229 406
229 412
229 421
229 422
229 423
229 440
229 447
229 489
229 498
229 529
229 580
229 581
230 246
230 489
231 238
231 240
231 245
231 265
231 493
231 495
231 507
231 508
231 511
231 513
231 522
231 542
231 556
231 571
231 598
232 238
232 239
232 243
232 247
232 256
232 258
232 269
232 571
233 276
233 479
233 493
233 517
233 524
234 301
234 393
234 395
234 501
234 502
234 503
236 238
236 239
236 240
236 243
236 245
236 258
236 265
236 285
236 286
236 532
236 542
236 547
236 548
236 549
236 553
236 554
237 240
237 284
237 285
237 286
237 287
237 292
237 323
237 327
237 328
237 329
237 330
237 332
237 333
237 334
237 335
237 549
237 582
237 583
237 584
238 239
238 240
238 243
238 245
238 256
238 258
238 265
238 269
238 286
238 542
238 547
238 548
238 549
238 550
238 553
238 554
238 572
238 573
239 240
239 242
239 243
239 247
239 256
239 258
239 265
239 269
239 538
239 542
239 548
239 550
239 554
239 572
239 573
240 245
240 265
240 286
240 511
240 532
240 542
240 544
240 547
240 548
240 549
240 551
240 553
240 554
240 555
240 572
241 244
241 295
241 479
241 552
241 597
242 248
242 250
242 252
242 255
242 256
242 269
242 271
242 297
242 438
242 468
242 541
242 548
242 554
242 556
242 563
242 566
242 567
242 569
242 570
242 572
242 573
243 245
243 255
243 256
243 265
243 269
243 508
243 550
243 554
243 567
243 572
243 573
244 295
244 552
244 595
245 256
245 265
245 269
245 511
245 513
245 532
245 542
245 554
246 549
247 508
247 556
247 571
248 250
248 252
248 254
248 478
248 556
248 557
248 561
249 526
249 562
250 252
250 253
250 254
250 255
250 256
250 266
250 268
250 269
250 271
250 277
250 468
250 478
250 556
250 558
250 560
250 563
250 567
250 569
250 573
251 526
251 562
252 253
252 254
252 255
252 256
252 266
252 267
252 269
252 271
252 277
252 468
252 478
252 512
252 541
252 548
252 554
252 556
252 560
252 563
252 566
252 567
252 569
252 570
252 572
252 573
253 271
253 277
253 462
253 463
253 478
253 558
253 563
253 569
253 578
254 478
254 556
255 256
255 257
255 260
255 261
255 266
255 268
255 269
255 270
255 271
255 277
255 278
255 279
255 297
255 438
255 449
255 457
255 468
255 485
255 500
255 508
255 566
255 567
255 569
255 573
255 578
256 258
256 260
256 265
256 266
256 269
256 271
256 297
256 336
256 438
256 468
256 507
256 508
256 542
256 548
256 554
256 566
256 567
256 569
256 572
256 573
257 260
257 261
257 279
257 334
257 336
257 438
257 457
257 500
257 566
257 568
257 569
257 578
258 265
258 269
258 312
258 538
258 572
259 261
259 268
259 278
259 296
259 297
259 300
259 485
259 508
259 577
259 592
259 598
260 261
260 266
260 268
260 269
260 270
260 271
260 272
260 277
260 278
260 279
260 281
260 294
260 296
260 297
260 438
260 449
260 457
260 468
260 500
260 566
260 569
260 573
260 578
261 266
261 268
261 271
261 277
261 278
261 279
261 281
261 294
261 296
261 297
261 300
261 438
261 449
261 457
261 500
261 512
261 566
261 578
262 421
262 423
262 444
263 541
264 293
264 298
264 424
264 451
264 459
264 490
264 502
264 590
264 600
265 269
265 511
265 513
265 542
265 548
265 554
265 567
265 572
265 573
265 598
266 267
266 268
266 269
266 270
266 271
266 277
266 278
266 279
266 297
266 438
266 449
266 468
266 485
266 500
266 512
266 563
266 567
266 569
266 573
266 578
267 268
267 270
267 271
267 297
267 438
267 449
267 468
267 512
267 567
267 569
267 573
267 574
267 575
267 592
268 269
268 270
268 271
268 272
268 277
268 278
268 279
268 281
268 296
268 297
268 314
268 449
268 468
268 508
268 569
268 577
269 270
269 271
269 272
269 278
269 297
269 438
269 468
269 508
269 567
269 569
269 571
269 572
269 573
270 271
270 272
270 277
270 278
270 279
270 281
270 297
270 468
270 569
270 577
271 272
271 277
271 278
271 279
271 297
271 438
271 449
271 468
271 500
271 512
271 563
271 567
271 569
271 573
271 578
272 277
272 278
272 279
272 281
272 296
272 297
272 468
273 295
273 296
273 527
274 280
274 385
274 408
274 501
274 502
274 503
274 505
276 522
276 524
277 278
277 279
277 281
277 449
277 457
277 468
277 500
277 569
277 574
277 578
278 279
278 281
278 296
278 297
278 300
278 468
278 485
278 577
279 281
279 296
279 297
279 449
279 457
279 468
279 485
279 500
279 569
279 578
280 298
280 384
280 385
280 402
280 408
280 420
280 450
280 459
280 460
280 501
280 503
280 505
280 506
280 524
280 595
281 294
281 296
281 297
281 300
281 500
282 283
282 290
282 337
282 359
282 384
282 386
282 389
282 390
282 391
282 397
282 399
282 404
282 406
282 409
282 419
282 422
282 529
282 580
282 581
283 340
283 376
283 384
283 385
283 389
283 391
283 397
283 399
283 404
283 406
283 407
283 409
283 410
283 459
283 489
283 491
283 498
283 501
283 505
283 529
283 546
283 595
284 285
284 287
284 292
284 305
284 312
284 320
284 323
284 324
284 325
284 327
284 328
284 329
284 330
284 332
284 333
284 334
284 335
284 336
284 337
284 344
284 413
284 582
284 583
284 584
285 286
285 287
285 292
285 323
285 325
285 327
285 328
285 330
285 332
285 547
285 549
285 582
285 583
285 584
286 547
286 549
286 583
286 584
287 290
287 292
287 323
287 327
287 328
287 329
287 330
287 331
287 332
287 333
287 335
287 337
287 391
287 419
287 529
287 582
287 583
287 584
287 600
288 585
289 290
290 292
290 389
290 390
290 391
290 392
290 399
290 401
290 487
290 529
290 581
290 583
290 584
290 586
291 587
292 305
292 320
292 322
292 323
292 325
292 327
292 328
292 330
292 332
292 335
292 392
292 401
292 582
292 583
292 584
293 299
294 296
294 300
294 568
294 588
295 402
295 594
295 595
296 297
296 300
296 500
297 438
297 468
297 485
297 508
297 567
297 573
297 577
297 598
298 301
298 368
298 384
298 385
298 387
298 403
298 404
298 424
298 450
298 451
298 459
298 460
298 490
298 491
298 501
298 502
298 503
298 516
298 590
298 595
300 488
301 384
301 387
301 390
301 391
301 393
301 398
301 404
301 411
301 422
301 424
301 502
301 519
301 581
301 590
301 599
302 304
302 305
302 308
302 311
302 315
302 317
302 318
302 319
302 320
302 321
302 322
302 400
303 304
303 311
303 315
303 317
303 319
303 321
303 398
304 305
304 308
304 311
304 315
304 317
304 319
304 320
304 321
304 322
304 326
304 388
304 400
305 308
305 312
305 317
305 318
305 319
305 320
305 321
305 322
305 323
305 324
305 325
305 326
305 327
305 328
305 329
305 330
305 332
305 333
305 334
305 336
305 392
305 400
305 582
305 584
306 309
306 310
307 315
308 319
308 320
308 321
308 322
308 324
308 326
308 392
311 315
311 316
311 317
311 319
311 321
311 400
312 318
312 320
312 322
312 323
312 324
312 327
312 328
312 329
312 330
312 332
312 336
312 582
312 583
312 584
313 315
313 316
313 326
314 316
315 316
315 317
315 319
315 321
315 400
316 317
316 319
316 468
317 319
317 320
317 321
317 322
317 336
317 388
317 400
317 413
318 320
318 322
318 323
318 324
318 327
318 328
318 329
318 331
318 332
318 334
319 320
319 321
319 322
319 326
319 400
320 321
320 322
320 323
320 324
320 326
320 327
320 328
320 329
320 330
320 332
320 333
320 334
320 335
320 336
320 388
320 392
320 400
320 413
320 415
320 582
320 583
320 584
321 322
321 390
321 392
321 398
321 400
322 324
322 325
322 390
322 392
322 400
322 401
322 584
322 586
323 324
323 327
323 328
323 329
323 330
323 332
323 333
323 334
323 335
323 336
323 582
323 583
323 584
324 326
324 327
324 328
324 329
324 330
324 332
324 334
324 335
324 336
324 388
324 413
324 582
324 583
324 584
325 392
325 547
325 582
325 583
325 584
326 329
326 336
327 328
327 329
327 330
327 331
327 332
327 333
327 334
327 335
327 336
327 337
327 415
327 582
327 583
327 584
328 329
328 330
328 331
328 332
328 333
328 334
328 335
328 336
328 337
328 582
328 583
328 584
329 330
329 331
329 332
329 333
329 334
329 335
329 336
329 337
329 415
329 582
329 583
329 584
330 331
330 332
330 333
330 334
330 335
330 336
330 337
330 415
330 582
330 583
330 584
331 332
331 333
331 334
331 335
331 339
331 600
332 333
332 334
332 335
332 336
332 337
332 413
332 415
332 497
332 582
332 583
332 584
333 334
333 335
333 336
333 339
333 413
333 415
333 497
333 582
333 584
334 335
334 336
334 415
334 441
334 582
334 583
334 584
335 336
335 337
335 339
335 413
335 415
335 497
335 579
335 582
335 583
335 584
336 388
336 400
336 413
336 415
336 441
336 582
336 584
337 338
337 344
337 348
337 353
337 386
337 389
337 401
337 403
337 405
337 406
337 412
337 418
337 419
337 423
337 425
337 529
337 579
337 580
337 583
337 584
338 341
338 405
338 406
338 419
339 382
339 383
339 415
339 425
340 384
340 385
340 387
340 394
340 395
340 397
340 399
340 402
340 404
340 406
340 407
340 409
340 410
340 422
340 423
340 424
340 459
340 460
340 491
340 492
340 498
340 501
340 516
340 595
342 343
342 347
342 362
343 347
343 402
344 346
344 348
344 353
344 388
344 401
344 413
344 419
344 497
344 583
345 354
345 355
345 361
345 362
345 363
345 365
345 430
345 431
345 433
345 440
345 587
347 350
347 384
347 385
347 409
347 501
347 505
348 353
348 386
348 388
348 401
348 413
348 414
348 497
349 350
349 357
349 358
349 360
350 358
350 360
351 353
351 359
351 361
351 406
351 412
351 418
351 421
351 423
351 431
351 434
351 440
351 444
351 447
351 534
352 360
352 521
352 544
353 354
353 359
353 364
353 373
353 406
353 417
353 418
353 419
353 421
353 429
353 430
353 431
353 434
353 440
353 446
353 448
354 356
354 359
354 362
354 363
354 365
354 375
354 376
354 440
355 357
356 362
356 368
356 374
356 376
356 459
357 358
357 360
357 367
357 377
357 522
358 360
359 361
359 364
359 373
359 406
359 412
359 418
359 421
359 423
359 429
359 430
359 431
359 434
359 440
359 580
361 363
361 421
361 431
361 440
362 363
362 365
362 368
362 374
362 375
362 376
362 404
363 365
363 369
363 372
363 376
364 365
364 372
364 373
364 418
364 421
364 423
364 428
364 429
364 430
364 431
364 434
364 440
365 372
365 375
365 376
365 378
365 422
365 429
366 372
367 371
367 377
367 380
367 381
367 436
368 420
368 477
368 599
370 420
371 373
371 377
371 380
371 381
371 430
371 436
372 375
372 376
372 421
372 422
372 424
372 429
372 450
373 374
373 376
373 378
373 418
373 428
373 429
373 430
373 431
373 433
373 434
373 435
373 436
373 440
373 446
373 448
374 378
374 430
374 434
374 435
374 436
374 448
375 376
375 421
375 422
375 429
376 378
376 384
376 391
376 404
376 422
376 429
377 379
377 380
377 381
377 436
379 380
379 381
379 405
379 436
380 381
380 436
381 436
382 417
382 418
382 448
382 497
382 579
384 385
384 389
384 391
384 393
384 394
384 395
384 397
384 399
384 402
384 404
384 407
384 408
384 409
384 410
384 411
384 422
384 424
384 459
384 489
384 491
384 498
384 501
384 502
384 503
384 505
384 506
384 516
384 519
384 529
384 581
384 595
385 391
385 393
385 394
385 395
385 402
385 404
385 407
385 408
385 409
385 410
385 411
385 460
385 465
385 501
385 502
385 503
385 505
385 506
385 519
385 524
385 528
385 595
386 388
386 389
386 401
386 406
386 579
386 580
387 397
387 399
387 403
387 404
387 406
387 407
387 412
387 421
387 423
387 424
387 425
387 435
387 439
387 443
387 444
387 447
387 451
387 459
387 467
387 490
387 491
387 492
387 494
387 498
387 502
387 516
387 529
387 530
387 534
387 579
387 581
387 590
388 389
388 401
388 413
388 580
389 390
389 391
389 392
389 397
389 399
389 401
389 404
389 406
389 409
389 412
389 422
389 423
389 424
389 498
389 504
389 529
389 579
389 580
389 581
390 391
390 392
390 397
390 398
390 399
390 401
390 404
390 412
390 424
390 502
390 504
390 529
390 534
390 581
391 392
391 393
391 395
391 397
391 399
391 404
391 409
391 422
391 489
391 498
391 502
391 505
391 529
391 546
391 581
392 397
392 401
392 412
392 487
392 529
392 530
392 581
392 583
392 584
392 586
393 394
393 395
393 396
393 397
393 402
393 407
393 408
393 409
393 410
393 411
393 460
393 465
393 489
393 496
393 501
393 502
393 503
393 505
393 516
393 517
393 519
393 520
393 527
393 528
393 594
393 595
394 395
394 396
394 402
394 407
394 408
394 410
394 411
394 460
394 465
394 473
394 491
394 492
394 495
394 496
394 501
394 503
394 505
394 509
394 516
394 517
394 519
394 520
394 524
394 527
394 528
394 594
394 595
395 396
395 397
395 402
395 407
395 408
395 409
395 410
395 411
395 465
395 489
395 491
395 501
395 502
395 503
395 505
395 516
395 517
395 519
395 524
395 594
395 595
396 402
396 407
396 408
396 410
396 411
396 454
396 460
396 465
396 473
396 491
396 492
396 495
396 496
396 501
396 503
396 505
396 509
396 516
396 517
396 519
396 520
396 521
396 524
396 527
396 528
396 594
396 595
397 399
397 403
397 404
397 406
397 407
397 409
397 410
397 412
397 421
397 422
397 423
397 424
397 489
397 491
397 498
397 502
397 505
397 516
397 529
397 530
397 534
397 546
397 581
398 411
398 502
398 504
398 519
399 403
399 404
399 406
399 407
399 409
399 412
399 421
399 422
399 423
399 424
399 435
399 447
399 459
399 489
399 490
399 491
399 498
399 502
399 529
399 534
399 546
399 581
400 415
401 406
401 412
401 413
401 444
401 447
401 497
401 534
401 579
401 580
401 581
401 584
402 407
402 408
402 409
402 410
402 459
402 460
402 465
402 473
402 491
402 501
402 503
402 505
402 506
402 509
402 516
402 517
402 519
402 524
402 527
402 528
402 594
402 595
403 404
403 406
403 407
403 421
403 423
403 424
403 425
403 435
403 442
403 444
403 447
403 448
403 451
403 458
403 467
403 490
403 491
403 498
403 504
403 510
403 529
404 406
404 407
404 409
404 421
404 422
404 423
404 424
404 431
404 451
404 459
404 490
404 491
404 498
404 502
404 529
404 581
406 407
406 412
406 418
406 419
406 421
406 423
406 431
406 440
406 444
406 447
406 498
406 529
406 579
406 580
406 581
407 408
407 409
407 410
407 425
407 459
407 460
407 465
407 491
407 492
407 498
407 501
407 502
407 503
407 505
407 516
407 517
407 519
407 524
407 595
408 409
408 410
408 460
408 465
408 473
408 501
408 503
408 505
408 516
408 517
408 519
408 524
408 527
408 528
408 594
408 595
409 410
409 465
409 501
409 502
409 503
409 505
409 506
409 529
409 595
410 459
410 460
410 465
410 491
410 501
410 503
410 505
410 516
410 517
410 519
410 524
410 595
411 496
411 516
411 519
411 527
411 595
412 418
412 421
412 423
412 435
412 439
412 443
412 444
412 445
412 447
412 467
412 490
412 498
412 529
412 534
412 579
412 580
412 581
412 584
413 414
413 497
413 579
413 582
414 497
416 585
417 418
417 437
417 446
417 467
417 497
418 419
418 421
418 423
418 428
418 430
418 431
418 432
418 434
418 435
418 437
418 440
418 442
418 444
418 446
418 447
418 448
418 456
418 458
418 461
418 467
418 497
418 510
418 579
419 529
419 579
419 580
419 584
420 450
420 599
421 422
421 423
421 424
421 429
421 430
421 431
421 434
421 435
421 440
421 444
421 447
421 448
421 451
421 490
421 498
421 529
421 534
421 580
421 581
422 423
422 424
422 498
423 424
423 430
423 431
423 432
423 434
423 435
423 439
423 440
423 444
423 447
423 448
423 451
423 458
423 467
423 490
423 498
423 510
423 529
423 534
423 579
423 580
423 581
424 450
424 451
424 459
424 490
424 491
424 492
424 498
424 502
424 516
424 529
424 581
425 435
425 442
425 458
425 461
425 466
425 467
425 490
425 516
426 462
428 430
428 431
428 432
428 434
428 435
428 440
428 448
428 458
428 461
428 466
429 430
429 431
429 434
429 440
429 446
430 431
430 432
430 434
430 435
430 440
430 446
430 448
430 458
431 432
431 434
431 435
431 440
431 446
431 448
431 458
432 434
432 435
432 437
432 442
432 448
432 456
432 458
432 461
432 464
432 467
434 435
434 437
434 440
434 444
434 447
434 448
434 456
434 458
434 461
434 490
434 498
435 437
435 442
435 447
435 448
435 451
435 456
435 458
435 461
435 467
435 490
435 498
435 510
435 579
436 446
437 442
437 447
437 448
437 456
437 458
437 461
437 464
437 467
437 497
437 579
438 449
438 468
438 485
438 512
438 541
438 566
438 567
438 569
438 573
438 578
438 592
439 443
439 444
439 445
439 447
439 453
439 462
439 467
439 490
439 492
439 494
439 514
439 525
439 530
439 531
439 533
439 534
439 535
439 536
439 543
439 545
440 444
440 446
440 448
440 498
442 448
442 456
442 458
442 461
442 466
442 467
442 510
442 579
443 444
443 445
443 447
443 494
443 535
443 543
443 545
443 581
443 593
444 445
444 447
444 467
444 490
444 498
444 534
444 579
444 581
445 447
445 453
445 467
445 514
445 525
445 531
445 533
445 534
445 535
445 536
445 543
445 545
445 553
445 555
446 448
447 467
447 490
447 498
447 529
447 534
447 543
447 545
447 579
447 580
447 581
448 458
448 461
448 466
448 579
449 468
449 500
449 569
449 578
450 459
451 456
451 458
451 459
451 461
451 490
451 491
451 492
451 510
452 453
452 454
452 467
452 492
452 514
452 515
452 525
452 543
453 463
453 467
453 514
453 515
453 525
453 535
453 543
453 545
453 593
454 455
454 467
454 492
454 516
454 525
456 458
456 461
456 466
456 490
456 510
457 500
457 512
457 541
457 566
457 569
457 578
457 596
458 461
458 466
458 490
458 510
459 460
459 491
459 492
459 498
459 501
459 502
459 503
459 506
459 516
459 595
460 465
460 491
460 492
460 498
460 501
460 503
460 509
460 516
460 517
460 519
460 524
460 527
460 528
460 595
461 466
461 490
461 510
462 463
463 464
463 512
463 514
463 515
463 558
463 560
463 593
465 491
465 501
465 503
465 505
465 516
465 517
465 524
465 527
465 528
465 594
465 595
467 490
467 492
467 498
467 514
467 525
467 534
467 543
467 545
468 500
468 508
468 567
468 569
468 573
468 578
469 486
470 474
473 501
473 509
473 517
473 524
473 527
473 528
473 594
475 523
475 548
476 488
477 591
478 556
478 557
478 558
478 563
479 493
479 495
479 511
479 544
479 551
480 483
480 541
480 566
480 585
481 554
482 483
484 547
485 507
485 512
485 562
485 567
485 573
485 574
485 577
485 592
486 512
487 586
489 496
489 520
489 521
489 546
489 595
490 491
490 492
490 498
490 510
490 529
490 534
490 590
490 600
491 492
491 498
491 501
491 502
491 516
491 519
491 528
491 595
492 498
492 514
492 516
492 525
492 533
492 543
493 495
493 496
493 509
493 511
493 513
493 518
493 520
493 521
493 522
493 525
493 532
493 533
493 537
493 540
493 542
493 544
493 551
493 552
493 553
493 555
493 565
494 496
494 514
494 515
494 593
495 496
495 509
495 511
495 513
495 517
495 518
495 520
495 521
495 527
495 532
495 537
495 540
495 542
495 551
495 552
495 565
495 594
496 511
496 517
496 520
496 521
496 525
496 527
496 533
496 540
496 543
496 552
496 564
496 595
497 579
498 516
498 529
498 534
498 546
498 581
499 503
499 597
500 512
500 566
500 568
500 569
500 578
501 502
501 503
501 505
501 506
501 516
501 517
501 519
501 524
501 527
501 528
501 594
501 595
502 503
502 504
502 505
502 516
502 519
502 529
502 581
502 595
503 505
503 516
503 517
503 519
503 524
503 527
503 528
503 594
503 595
505 506
505 516
505 517
505 519
505 524
505 528
505 594
505 595
506 595
507 508
507 513
507 518
507 542
507 562
507 565
507 567
507 572
507 573
507 592
507 598
508 556
508 566
508 567
508 569
508 571
508 572
508 573
508 592
508 598
509 513
509 517
509 522
509 524
509 527
509 565
509 594
509 595
510 579
511 513
511 518
511 520
511 521
511 532
511 540
511 542
511 544
511 548
511 549
511 551
511 552
511 553
511 555
511 564
512 514
512 515
512 539
512 541
512 560
512 562
512 563
512 566
512 567
512 569
512 570
512 573
512 578
512 592
513 518
513 522
513 532
513 540
513 542
513 565
513 571
513 598
514 515
514 525
514 531
514 540
514 593
515 574
515 592
515 593
516 517
516 519
516 524
516 527
516 528
516 595
517 519
517 520
517 521
517 524
517 527
517 528
517 594
517 595
518 531
518 532
518 540
518 542
518 544
518 551
518 552
518 553
518 555
518 570
519 527
519 528
519 595
520 521
520 525
520 527
520 532
520 533
520 543
521 525
521 532
521 533
521 540
521 543
521 544
521 545
521 551
521 552
521 553
522 524
522 527
522 565
522 594
524 527
524 528
524 594
524 595
525 533
525 540
525 543
525 545
525 552
525 593
526 562
527 528
527 565
527 594
527 595
528 576
528 594
528 595
529 534
529 546
529 581
529 583
529 584
530 533
530 535
530 536
530 549
530 551
530 553
530 555
530 581
531 535
531 539
531 540
531 541
531 549
531 553
531 555
532 533
532 542
532 544
532 547
532 549
532 551
532 553
533 535
533 536
533 537
533 540
533 543
533 545
533 549
533 551
533 552
533 553
533 555
534 545
534 579
534 580
534 581
535 536
535 543
535 545
535 549
535 551
535 553
535 555
536 537
536 551
536 552
536 553
536 555
536 557
537 540
537 551
537 552
538 548
538 550
538 554
538 566
539 540
539 541
539 555
539 596
540 542
540 544
540 551
540 552
540 553
540 555
541 548
541 554
541 555
541 560
541 566
541 567
541 569
541 570
541 572
541 573
541 578
541 592
541 596
542 544
542 548
542 549
542 551
542 553
542 554
542 555
542 556
542 567
542 572
542 573
543 544
543 545
543 593
544 545
544 548
544 549
544 551
544 552
544 553
544 555
544 557
545 553
547 548
547 549
547 553
547 554
547 583
548 549
548 550
548 551
548 552
548 553
548 554
548 555
548 556
548 560
548 567
548 572
548 573
549 551
549 553
549 554
549 555
549 583
550 554
550 572
550 585
551 552
551 553
551 555
551 557
552 553
552 555
553 554
553 555
553 557
554 555
554 566
554 567
554 572
554 573
555 557
556 557
556 560
556 569
556 573
557 560
558 575
559 560
560 563
560 569
560 570
560 573
562 592
563 569
563 570
563 573
563 578
564 565
564 593
566 567
566 569
566 572
566 573
566 578
566 592
566 596
567 569
567 572
567 573
567 578
567 592
569 572
569 573
569 578
570 572
570 573
571 598
572 573
573 578
573 592
573 598
574 577
574 578
574 592
577 592
577 598
578 592
579 580
580 581
582 583
582 584
583 584
589 596
591 599
592 598
594 595
596 600
599 600
