600 7188

1 2
1 4
1 5
1 16
1 18
1 19
1 20
1 21
1 22
1 23
1 24
1 25
1 28
1 30
1 31
1 32
1 33
1 34
1 35
1 36
1 37
1 38
1 98
1 129
1 131
1 137
1 140
1 142
1 162
1 184
1 220
1 221
1 301
1 302
1 303
1 304
1 305
1 317
1 319
1 320
1 321
1 322
1 323
1 324
1 332
1 333
1 334
1 335
1 336
1 394
1 415
1 418
1 439
1 443
1 445
1 446
1 448
1 449
1 462
2 3
2 4
2 5
2 11
2 20
2 36
2 38
2 92
2 93
2 94
2 95
2 98
2 112
2 129
2 131
2 142
2 184
2 220
2 221
2 301
2 302
2 303
2 304
2 305
2 317
2 321
2 323
2 335
2 385
2 397
2 423
2 424
2 439
2 443
2 445
2 449
2 534
3 5
3 6
3 7
3 11
3 12
3 16
3 93
3 94
3 98
3 303
4 5
4 12
4 16
4 18
4 19
4 20
4 21
4 22
4 23
4 24
4 25
4 28
4 30
4 31
4 32
4 33
4 34
4 35
4 36
4 37
4 38
4 73
4 93
4 94
4 98
4 129
4 142
4 143
4 144
4 146
4 205
4 220
4 221
4 301
4 302
4 303
4 304
4 305
4 317
4 319
4 320
4 321
4 322
4 323
4 324
4 329
4 332
4 333
4 335
4 336
4 403
4 415
4 439
4 443
4 445
5 11
5 12
5 16
5 20
5 21
5 22
5 23
5 24
5 28
5 34
5 35
5 36
5 38
5 93
5 94
5 98
5 112
5 131
5 184
5 220
5 221
5 301
5 302
5 303
5 304
5 305
5 308
5 317
5 321
5 322
5 323
5 328
5 332
5 333
5 335
5 403
5 423
5 443
5 445
5 534
7 296
7 306
7 308
8 12
8 14
8 15
8 16
8 17
8 19
8 312
8 315
8 316
8 318
8 319
8 320
8 331
8 367
9 307
10 14
10 309
10 310
11 12
11 93
11 94
11 97
11 98
11 301
11 303
11 317
11 386
12 16
12 18
12 19
12 24
12 37
12 38
12 93
12 94
12 98
12 301
12 302
12 303
12 304
12 305
12 315
12 317
12 336
13 310
14 15
14 17
14 29
14 309
14 312
14 313
14 315
14 318
15 16
15 17
15 19
15 313
15 314
15 315
15 316
15 318
16 17
16 18
16 19
16 20
16 21
16 23
16 24
16 35
16 37
16 38
16 98
16 303
16 304
16 308
16 313
16 315
16 317
16 318
16 319
16 320
16 331
16 333
16 334
16 335
17 19
17 37
17 174
17 312
17 316
17 318
17 319
17 320
17 331
17 334
18 19
18 20
18 37
18 98
18 314
18 315
18 317
18 318
18 320
18 336
18 479
19 20
19 21
19 22
19 23
19 24
19 25
19 28
19 30
19 32
19 35
19 37
19 38
19 132
19 304
19 305
19 312
19 315
19 318
19 319
19 320
19 322
19 324
19 329
19 331
19 333
19 334
19 335
19 336
20 21
20 22
20 23
20 24
20 25
20 28
20 30
20 32
20 33
20 34
20 35
20 36
20 37
20 38
20 93
20 95
20 96
20 98
20 100
20 101
20 103
20 106
20 109
20 119
20 120
20 220
20 221
20 225
20 287
20 290
20 301
20 302
20 303
20 304
20 305
20 317
20 318
20 319
20 320
20 321
20 322
20 324
20 332
20 333
20 334
20 335
20 336
20 389
20 393
20 394
20 397
20 399
20 400
20 443
20 445
20 530
20 534
21 22
21 23
21 24
21 25
21 26
21 27
21 28
21 29
21 30
21 31
21 32
21 33
21 34
21 35
21 36
21 37
21 38
21 98
21 100
21 101
21 103
21 109
21 142
21 220
21 221
21 222
21 287
21 301
21 302
21 303
21 304
21 305
21 312
21 317
21 318
21 319
21 320
21 321
21 322
21 324
21 326
21 329
21 331
21 332
21 333
21 334
21 335
21 336
21 389
21 393
21 394
21 415
21 443
21 530
22 23
22 24
22 25
22 26
22 27
22 28
22 30
22 31
22 32
22 33
22 34
22 35
22 36
22 37
22 38
22 68
22 98
22 109
22 129
22 137
22 140
22 142
22 149
22 162
22 220
22 221
22 287
22 301
22 302
22 304
22 305
22 319
22 320
22 321
22 322
22 323
22 324
22 327
22 328
22 329
22 332
22 333
22 334
22 335
22 336
22 366
22 370
22 394
22 398
22 401
22 415
22 418
22 422
22 434
22 437
22 439
22 440
22 443
22 446
22 448
22 449
22 458
22 462
22 506
23 24
23 25
23 26
23 27
23 28
23 29
23 30
23 31
23 32
23 33
23 34
23 35
23 37
23 38
23 98
23 100
23 132
23 134
23 137
23 142
23 162
23 220
23 221
23 284
23 287
23 301
23 302
23 304
23 305
23 317
23 318
23 319
23 320
23 321
23 322
23 323
23 324
23 326
23 328
23 329
23 331
23 332
23 333
23 334
23 335
23 336
23 378
23 394
23 397
23 401
23 403
23 415
23 439
23 443
23 533
24 25
24 26
24 27
24 28
24 29
24 30
24 31
24 32
24 33
24 34
24 35
24 36
24 37
24 38
24 98
24 109
24 137
24 142
24 220
24 221
24 284
24 287
24 301
24 302
24 304
24 305
24 318
24 319
24 320
24 321
24 322
24 323
24 324
24 325
24 326
24 328
24 329
24 331
24 332
24 333
24 334
24 335
24 378
24 393
24 394
24 397
24 401
24 403
24 439
24 443
24 530
24 533
25 26
25 27
25 28
25 30
25 31
25 32
25 33
25 34
25 35
25 37
25 38
25 98
25 137
25 142
25 220
25 284
25 287
25 302
25 304
25 305
25 319
25 320
25 321
25 322
25 323
25 324
25 325
25 326
25 327
25 328
25 329
25 332
25 333
25 334
25 335
25 336
25 378
25 393
25 394
25 422
25 437
25 439
25 443
25 448
25 458
25 530
25 533
26 27
26 28
26 29
26 30
26 31
26 32
26 33
26 220
26 312
26 320
26 322
26 324
26 326
26 328
26 329
26 331
26 332
26 393
26 419
26 504
27 29
27 30
27 31
27 33
27 109
27 220
27 287
27 305
27 312
27 322
27 324
27 326
27 329
27 332
27 336
27 366
27 393
27 394
27 415
27 419
27 456
27 458
27 504
27 529
27 530
27 584
28 30
28 31
28 32
28 33
28 34
28 35
28 36
28 37
28 38
28 109
28 220
28 221
28 284
28 301
28 302
28 304
28 305
28 318
28 319
28 320
28 321
28 322
28 323
28 324
28 327
28 328
28 329
28 331
28 332
28 333
28 334
28 335
28 336
28 398
28 401
28 403
28 415
28 443
28 445
29 30
29 220
29 237
29 312
29 318
29 319
29 322
29 324
29 325
29 326
29 329
29 331
29 378
29 390
29 391
29 419
29 495
29 496
29 529
29 530
29 555
29 584
30 31
30 32
30 33
30 34
30 35
30 38
30 68
30 109
30 134
30 137
30 143
30 220
30 221
30 287
30 301
30 302
30 304
30 305
30 319
30 320
30 321
30 322
30 324
30 326
30 328
30 329
30 331
30 332
30 333
30 335
30 336
30 365
30 378
30 384
30 393
30 394
30 401
30 403
30 415
30 419
30 429
30 443
30 504
30 506
30 530
31 32
31 33
31 34
31 35
31 36
31 38
31 109
31 137
31 140
31 142
31 143
31 149
31 220
31 221
31 287
31 302
31 304
31 305
31 320
31 321
31 322
31 323
31 324
31 327
31 328
31 329
31 332
31 333
31 335
31 336
31 393
31 394
31 398
31 401
31 403
31 415
31 440
31 443
31 445
31 446
31 448
31 506
31 582
32 33
32 34
32 35
32 132
32 134
32 140
32 142
32 162
32 301
32 302
32 303
32 304
32 305
32 319
32 320
32 322
32 324
32 329
32 331
32 332
32 333
32 334
32 335
32 336
32 443
33 34
33 35
33 36
33 37
33 38
33 109
33 137
33 142
33 143
33 149
33 184
33 220
33 221
33 222
33 284
33 287
33 301
33 302
33 304
33 305
33 320
33 321
33 322
33 323
33 324
33 326
33 327
33 328
33 329
33 332
33 333
33 334
33 335
33 336
33 378
33 393
33 394
33 397
33 398
33 399
33 401
33 403
33 415
33 439
33 443
33 448
33 456
33 458
33 462
33 504
33 506
33 530
33 582
34 35
34 36
34 38
34 98
34 109
34 143
34 220
34 221
34 284
34 287
34 301
34 302
34 304
34 305
34 320
34 321
34 322
34 323
34 324
34 327
34 328
34 329
34 332
34 333
34 335
34 336
34 393
34 394
34 401
34 403
34 443
34 445
34 530
35 36
35 37
35 38
35 98
35 109
35 140
35 142
35 162
35 220
35 221
35 284
35 301
35 302
35 303
35 304
35 305
35 318
35 319
35 320
35 321
35 322
35 323
35 324
35 327
35 328
35 331
35 332
35 333
35 334
35 335
35 336
35 403
35 443
35 445
35 448
36 38
36 93
36 94
36 95
36 98
36 103
36 109
36 120
36 131
36 143
36 184
36 220
36 221
36 287
36 301
36 302
36 303
36 304
36 305
36 321
36 322
36 323
36 327
36 328
36 332
36 333
36 335
36 385
36 394
36 398
36 403
36 424
36 443
36 445
36 534
37 38
37 98
37 142
37 217
37 221
37 302
37 304
37 305
37 315
37 317
37 318
37 319
37 320
37 321
37 322
37 323
37 324
37 333
37 334
37 335
37 336
37 394
38 94
38 98
38 100
38 103
38 109
38 120
38 142
38 143
38 144
38 184
38 220
38 221
38 287
38 301
38 302
38 303
38 304
38 305
38 317
38 319
38 320
38 321
38 322
38 323
38 324
38 327
38 332
38 333
38 334
38 335
38 336
38 389
38 393
38 394
38 398
38 400
38 401
38 415
38 439
38 443
38 445
38 534
39 41
39 42
39 45
39 46
39 48
39 88
39 115
39 338
39 339
39 347
40 44
40 49
40 52
40 55
40 56
40 57
40 58
40 60
40 61
40 64
40 65
40 67
40 68
40 74
40 75
40 78
40 82
40 118
40 124
40 140
40 147
40 149
40 150
40 339
40 341
40 345
40 348
40 350
40 353
40 354
40 356
40 357
40 359
40 362
40 369
40 372
40 411
40 413
40 414
40 416
40 418
40 420
40 430
40 434
40 438
40 440
40 444
40 448
40 506
41 43
41 44
41 48
41 56
41 60
41 81
41 84
41 87
41 88
41 89
41 90
41 338
41 339
41 367
41 380
41 381
42 43
42 45
42 46
42 47
42 48
42 54
42 115
42 118
42 337
42 340
42 342
42 343
42 346
42 347
42 409
42 410
43 44
43 46
43 47
43 48
43 52
43 53
43 54
43 55
43 56
43 57
43 58
43 60
43 61
43 82
43 113
43 115
43 117
43 118
43 122
43 127
43 341
43 349
43 354
43 356
43 382
43 420
44 47
44 48
44 49
44 52
44 53
44 54
44 55
44 56
44 57
44 58
44 60
44 61
44 64
44 67
44 118
44 124
44 150
44 339
44 341
44 344
44 345
44 346
44 348
44 349
44 350
44 353
44 354
44 356
44 359
44 363
44 382
44 413
44 430
44 444
44 447
45 46
45 47
45 48
45 54
45 337
45 340
45 342
45 343
45 346
45 347
45 410
46 47
46 48
46 54
46 115
46 118
46 337
46 342
46 343
46 346
46 347
47 48
47 52
47 53
47 54
47 56
47 115
47 117
47 118
47 337
47 340
47 342
47 343
47 344
47 346
47 347
47 349
47 409
47 410
48 54
48 56
48 115
48 118
48 337
48 340
48 342
48 343
48 344
48 346
48 347
48 349
48 409
48 410
49 50
49 52
49 55
49 57
49 58
49 59
49 60
49 61
49 64
49 65
49 82
49 121
49 123
49 124
49 125
49 129
49 140
49 147
49 149
49 150
49 151
49 195
49 341
49 345
49 348
49 350
49 354
49 356
49 357
49 372
49 375
49 413
49 414
49 416
49 417
49 418
49 420
49 422
49 430
49 432
49 438
49 439
49 440
49 444
49 446
49 447
49 448
49 449
49 497
50 51
50 52
50 55
50 57
50 59
50 60
50 64
50 65
50 76
50 121
50 123
50 124
50 125
50 147
50 195
50 345
50 350
50 351
50 352
50 357
50 358
50 360
50 362
50 398
50 412
50 414
50 416
50 417
50 418
50 420
50 438
50 443
50 447
50 497
51 58
51 59
51 60
51 62
51 63
51 65
51 66
51 67
51 78
51 152
51 345
51 351
51 352
51 356
51 357
51 358
51 360
51 362
51 363
51 414
51 438
51 447
52 53
52 55
52 56
52 57
52 58
52 60
52 64
52 82
52 113
52 116
52 117
52 118
52 121
52 123
52 124
52 125
52 147
52 149
52 150
52 195
52 341
52 345
52 348
52 350
52 354
52 356
52 357
52 372
52 396
52 398
52 409
52 411
52 413
52 414
52 416
52 417
52 418
52 420
52 430
52 432
52 438
52 440
52 444
52 448
52 497
53 55
53 56
53 57
53 58
53 59
53 60
53 64
53 65
53 66
53 82
53 113
53 117
53 118
53 124
53 147
53 152
53 341
53 345
53 348
53 350
53 354
53 356
53 357
53 358
53 362
53 363
53 372
53 411
53 413
53 414
53 416
53 420
53 438
53 447
54 56
54 115
54 118
54 337
54 340
54 342
54 343
54 344
54 346
54 347
54 349
55 56
55 57
55 58
55 60
55 61
55 64
55 91
55 118
55 121
55 123
55 124
55 129
55 137
55 143
55 144
55 146
55 147
55 149
55 150
55 195
55 205
55 339
55 341
55 345
55 348
55 350
55 353
55 354
55 356
55 357
55 359
55 372
55 396
55 398
55 401
55 411
55 413
55 414
55 415
55 416
55 417
55 418
55 420
55 430
55 438
55 439
55 440
55 443
55 444
55 445
55 446
55 447
55 448
55 497
55 506
56 57
56 58
56 60
56 61
56 64
56 67
56 82
56 118
56 338
56 339
56 341
56 342
56 344
56 345
56 346
56 347
56 348
56 349
56 350
56 353
56 354
56 356
56 359
56 409
56 413
56 414
56 444
57 58
57 59
57 60
57 61
57 64
57 65
57 66
57 67
57 82
57 113
57 116
57 117
57 118
57 121
57 123
57 124
57 125
57 147
57 149
57 150
57 152
57 195
57 341
57 345
57 348
57 350
57 353
57 354
57 356
57 357
57 362
57 363
57 372
57 411
57 412
57 413
57 414
57 416
57 417
57 418
57 420
57 430
57 438
57 440
57 444
57 447
57 497
58 60
58 61
58 64
58 65
58 66
58 67
58 91
58 118
58 124
58 339
58 341
58 344
58 345
58 348
58 349
58 350
58 353
58 354
58 356
58 357
58 359
58 362
58 363
58 372
58 413
58 444
58 447
59 62
59 63
59 64
59 65
59 66
59 67
59 78
59 146
59 147
59 152
59 345
59 350
59 351
59 352
59 357
59 358
59 360
59 361
59 362
59 363
59 412
59 414
59 438
59 447
60 61
60 64
60 65
60 66
60 67
60 68
60 74
60 75
60 78
60 82
60 91
60 118
60 121
60 123
60 124
60 129
60 140
60 144
60 147
60 149
60 150
60 339
60 341
60 345
60 348
60 350
60 353
60 354
60 356
60 357
60 359
60 362
60 363
60 372
60 396
60 411
60 413
60 414
60 415
60 416
60 417
60 418
60 420
60 430
60 434
60 438
60 440
60 441
60 444
60 447
60 448
60 497
61 64
61 66
61 67
61 75
61 80
61 81
61 87
61 89
61 90
61 91
61 124
61 129
61 140
61 339
61 341
61 345
61 353
61 354
61 356
61 359
61 363
61 374
61 425
61 444
61 447
62 63
62 65
62 66
62 67
62 351
62 352
62 358
62 360
62 362
62 447
63 65
63 66
63 67
63 78
63 152
63 345
63 351
63 352
63 357
63 358
63 360
63 362
63 363
63 438
63 447
64 65
64 66
64 67
64 68
64 78
64 82
64 117
64 118
64 121
64 123
64 124
64 129
64 140
64 144
64 146
64 147
64 149
64 150
64 152
64 205
64 339
64 341
64 345
64 348
64 350
64 351
64 353
64 354
64 356
64 357
64 358
64 359
64 361
64 362
64 363
64 372
64 396
64 398
64 401
64 405
64 411
64 412
64 413
64 414
64 416
64 417
64 418
64 420
64 430
64 434
64 435
64 438
64 440
64 441
64 443
64 444
64 447
64 448
64 497
64 506
65 66
65 67
65 78
65 82
65 147
65 152
65 345
65 350
65 351
65 352
65 356
65 357
65 358
65 360
65 361
65 362
65 363
65 372
65 414
65 438
65 447
66 67
66 78
66 152
66 345
66 351
66 352
66 353
66 354
66 356
66 357
66 358
66 359
66 362
66 363
66 438
66 447
67 74
67 75
67 78
67 152
67 341
67 345
67 351
67 352
67 353
67 354
67 356
67 357
67 358
67 359
67 362
67 363
67 372
67 414
67 438
67 447
68 70
68 72
68 75
68 79
68 82
68 124
68 129
68 132
68 134
68 137
68 140
68 142
68 149
68 162
68 339
68 350
68 359
68 364
68 365
68 366
68 367
68 368
68 372
68 381
68 411
68 413
68 414
68 415
68 418
68 428
68 434
68 438
68 439
68 440
68 446
68 448
69 70
69 72
69 79
69 143
69 365
69 411
69 429
70 72
70 74
70 79
70 135
70 365
70 366
70 429
70 433
71 297
71 373
71 592
72 74
72 75
72 78
72 79
72 135
72 359
72 364
73 79
73 80
73 81
73 304
73 367
74 75
74 78
74 79
74 146
74 353
74 359
74 372
74 413
75 78
75 79
75 80
75 91
75 134
75 135
75 140
75 339
75 353
75 359
75 364
75 367
75 372
75 440
76 129
76 261
76 370
76 439
76 590
77 370
78 82
78 152
78 345
78 350
78 352
78 357
78 358
78 359
78 360
78 362
78 372
78 414
78 438
79 81
79 130
79 135
79 339
79 367
79 373
79 413
79 434
80 81
80 84
80 86
80 87
80 88
80 89
80 90
80 91
80 130
80 140
80 339
80 353
80 354
80 359
80 367
80 374
80 380
80 381
80 415
81 83
81 84
81 85
81 86
81 87
81 88
81 89
81 90
81 91
81 130
81 338
81 339
81 353
81 367
81 374
81 377
81 380
81 381
81 425
82 113
82 117
82 121
82 123
82 124
82 129
82 137
82 140
82 147
82 149
82 150
82 339
82 341
82 345
82 350
82 356
82 357
82 359
82 368
82 369
82 372
82 375
82 405
82 406
82 411
82 413
82 414
82 416
82 417
82 418
82 420
82 430
82 434
82 438
82 440
82 448
83 84
83 85
83 86
83 87
83 89
83 91
83 112
83 121
83 129
83 130
83 131
83 304
83 374
83 377
83 380
84 85
84 86
84 87
84 88
84 89
84 90
84 91
84 130
84 338
84 367
84 374
84 377
84 380
84 381
84 425
85 86
85 87
85 88
85 89
85 374
85 377
85 380
85 381
86 87
86 88
86 89
86 90
86 338
86 367
86 373
86 374
86 376
86 377
86 380
86 381
87 88
87 89
87 90
87 91
87 130
87 339
87 367
87 374
87 377
87 380
87 381
87 425
88 89
88 90
88 126
88 130
88 338
88 339
88 367
88 377
88 380
88 381
89 90
89 91
89 130
89 338
89 339
89 353
89 354
89 359
89 367
89 371
89 374
89 377
89 380
89 381
89 425
90 367
90 380
90 381
90 425
91 124
91 129
91 302
91 353
91 354
91 359
91 374
91 380
91 415
91 425
91 444
92 93
92 95
92 96
92 101
92 105
92 110
92 112
92 114
92 141
92 184
92 190
92 191
92 378
92 386
93 94
93 95
93 98
93 105
93 146
93 221
93 299
93 301
93 303
93 304
93 317
93 385
93 386
93 445
94 95
94 98
94 131
94 301
94 303
94 304
94 317
94 385
94 386
95 96
95 100
95 101
95 103
95 105
95 106
95 109
95 110
95 112
95 114
95 116
95 119
95 120
95 131
95 141
95 184
95 188
95 190
95 191
95 194
95 201
95 221
95 317
95 321
95 383
95 385
95 386
95 389
95 445
95 487
96 97
96 100
96 101
96 103
96 105
96 106
96 107
96 109
96 110
96 112
96 114
96 116
96 119
96 120
96 131
96 187
96 188
96 191
96 194
96 201
96 213
96 221
96 224
96 225
96 321
96 385
96 389
96 394
96 399
97 98
97 99
97 100
97 101
97 106
97 188
97 221
97 317
97 386
97 402
97 531
98 100
98 142
98 220
98 221
98 287
98 298
98 301
98 302
98 303
98 304
98 305
98 317
98 320
98 321
98 322
98 323
98 324
98 334
98 335
98 336
98 385
98 389
98 394
98 443
98 445
98 487
99 101
99 188
99 189
99 232
99 233
99 235
99 236
99 245
99 246
99 262
99 273
99 283
99 387
99 478
99 538
99 543
99 547
99 579
99 583
100 101
100 102
100 103
100 105
100 106
100 110
100 119
100 188
100 213
100 220
100 221
100 222
100 223
100 224
100 225
100 282
100 287
100 304
100 305
100 317
100 321
100 326
100 389
100 391
100 394
100 399
100 530
101 102
101 103
101 105
101 106
101 107
101 109
101 110
101 119
101 120
101 187
101 188
101 193
101 194
101 213
101 220
101 221
101 224
101 287
101 321
101 389
101 531
102 157
102 187
102 188
102 207
102 223
102 283
102 309
102 313
102 387
102 390
102 391
102 489
102 511
102 549
102 579
102 581
103 105
103 106
103 107
103 109
103 110
103 119
103 120
103 187
103 188
103 194
103 200
103 201
103 213
103 220
103 221
103 287
103 321
103 389
103 390
103 391
103 393
103 394
103 399
103 504
103 530
103 531
104 105
104 108
104 110
104 191
104 212
104 224
104 389
104 395
104 397
104 451
104 460
104 501
104 532
105 106
105 107
105 109
105 110
105 114
105 119
105 120
105 131
105 184
105 187
105 188
105 191
105 194
105 213
105 220
105 221
105 224
105 225
105 321
105 389
105 390
105 391
105 393
105 395
105 397
105 399
105 514
105 520
105 530
105 532
105 533
105 534
106 107
106 109
106 110
106 119
106 120
106 188
106 194
106 201
106 220
106 221
106 224
106 225
106 287
106 317
106 321
106 385
106 388
106 389
106 390
106 391
106 393
106 394
106 395
106 399
106 400
106 402
106 408
106 504
106 514
106 520
106 530
106 531
106 534
106 555
106 580
106 584
107 109
107 110
107 116
107 119
107 120
107 121
107 191
107 194
107 196
107 199
107 201
107 213
107 220
107 221
107 224
107 225
107 321
107 332
107 389
107 393
107 395
107 397
107 399
107 412
107 504
107 519
107 520
107 530
107 534
108 110
108 154
108 190
108 192
108 212
108 222
108 224
108 395
108 397
108 451
108 460
108 490
108 495
108 501
108 532
108 533
108 551
109 110
109 112
109 116
109 119
109 120
109 121
109 130
109 131
109 137
109 143
109 150
109 191
109 194
109 220
109 221
109 225
109 287
109 301
109 302
109 304
109 305
109 321
109 322
109 323
109 324
109 327
109 328
109 330
109 332
109 335
109 384
109 385
109 393
109 394
109 398
109 399
109 400
109 401
109 403
109 408
109 415
109 419
109 423
109 443
109 445
109 504
109 530
109 534
110 111
110 119
110 120
110 188
110 191
110 194
110 199
110 200
110 201
110 212
110 213
110 220
110 221
110 222
110 223
110 224
110 225
110 282
110 287
110 321
110 378
110 389
110 390
110 391
110 393
110 395
110 397
110 399
110 408
110 451
110 490
110 491
110 492
110 494
110 501
110 514
110 519
110 520
110 530
110 531
110 532
110 533
110 534
111 212
111 495
111 532
112 113
112 114
112 116
112 119
112 120
112 121
112 129
112 130
112 131
112 137
112 141
112 142
112 184
112 190
112 191
112 195
112 196
112 199
112 201
112 378
112 385
112 403
112 415
112 418
112 420
112 422
112 423
112 424
112 439
112 445
112 449
112 534
113 114
113 116
113 117
113 126
113 141
113 195
113 405
114 116
114 119
114 120
114 126
114 131
114 141
114 190
114 191
114 194
114 195
114 196
114 199
114 205
114 378
114 389
114 399
114 406
114 407
114 445
114 467
115 118
115 347
115 349
116 117
116 119
116 120
116 121
116 123
116 124
116 126
116 130
116 131
116 137
116 141
116 143
116 144
116 150
116 191
116 194
116 195
116 196
116 199
116 201
116 321
116 385
116 398
116 399
116 401
116 406
116 407
116 408
116 411
116 412
116 415
116 416
116 417
116 418
116 432
116 435
116 443
116 492
116 497
116 506
117 118
117 120
117 121
117 123
117 124
117 195
117 350
117 396
117 409
117 411
117 416
117 417
117 418
117 420
117 497
118 341
118 345
118 346
118 347
118 348
118 349
118 350
118 356
118 357
118 362
118 396
118 409
118 410
118 411
118 413
118 414
118 416
118 420
119 120
119 131
119 188
119 191
119 194
119 195
119 196
119 199
119 201
119 213
119 220
119 221
119 222
119 224
119 225
119 287
119 321
119 389
119 391
119 393
119 395
119 397
119 398
119 399
119 401
119 412
119 467
119 492
119 520
119 530
119 533
119 534
120 121
120 131
120 191
120 194
120 195
120 201
120 213
120 220
120 221
120 224
120 225
120 321
120 327
120 332
120 335
120 389
120 393
120 394
120 398
120 399
120 400
120 401
120 408
120 412
120 443
120 445
120 492
120 534
121 123
121 124
121 125
121 129
121 131
121 137
121 142
121 147
121 149
121 150
121 195
121 205
121 348
121 350
121 398
121 401
121 411
121 412
121 413
121 414
121 415
121 416
121 417
121 418
121 420
121 422
121 423
121 424
121 439
121 440
121 443
121 445
121 448
121 449
121 497
121 534
122 195
122 274
123 124
123 125
123 129
123 147
123 149
123 150
123 195
123 350
123 413
123 415
123 416
123 417
123 418
123 420
123 437
123 440
123 443
123 444
123 446
123 447
123 449
123 497
124 125
124 129
124 137
124 140
124 144
124 147
124 149
124 150
124 195
124 205
124 341
124 345
124 348
124 350
124 354
124 356
124 357
124 372
124 398
124 411
124 412
124 413
124 414
124 415
124 416
124 417
124 418
124 420
124 430
124 432
124 433
124 434
124 438
124 439
124 440
124 443
124 444
124 446
124 447
124 448
124 449
124 477
124 497
124 506
125 131
125 147
125 148
125 150
125 155
125 195
125 196
125 416
125 417
125 418
125 420
125 448
125 449
125 466
125 497
126 141
126 339
126 396
126 406
126 407
126 408
126 435
128 164
128 208
128 264
129 131
129 137
129 140
129 142
129 149
129 150
129 162
129 302
129 304
129 305
129 323
129 335
129 370
129 374
129 415
129 418
129 420
129 422
129 424
129 434
129 439
129 443
129 446
129 448
129 449
130 131
130 137
130 221
130 304
130 367
130 403
130 415
130 423
131 141
131 142
131 162
131 184
131 190
131 191
131 195
131 225
131 301
131 304
131 385
131 403
131 418
131 420
131 422
131 423
131 424
131 439
131 445
131 449
131 467
131 534
132 133
132 134
132 140
132 162
132 319
132 331
132 364
132 367
132 428
133 142
133 428
133 439
134 135
134 136
134 140
134 162
134 364
134 428
135 433
136 139
136 140
136 148
136 149
136 150
136 159
136 161
136 162
136 437
136 440
136 442
136 446
136 456
136 464
136 466
137 139
137 140
137 141
137 142
137 149
137 150
137 162
137 205
137 302
137 305
137 322
137 324
137 332
137 375
137 378
137 394
137 415
137 418
137 422
137 428
137 430
137 434
137 437
137 439
137 440
137 443
137 446
137 448
137 449
137 456
137 506
138 139
140 142
140 147
140 149
140 150
140 162
140 305
140 364
140 413
140 415
140 418
140 422
140 428
140 434
140 437
140 439
140 440
140 446
140 448
140 449
140 506
141 159
141 190
141 191
141 194
141 195
141 196
141 199
141 435
141 506
142 149
142 162
142 184
142 186
142 220
142 253
142 302
142 304
142 305
142 320
142 321
142 322
142 323
142 324
142 325
142 332
142 334
142 335
142 375
142 393
142 394
142 397
142 398
142 415
142 418
142 422
142 423
142 424
142 428
142 437
142 439
142 443
142 446
142 448
142 449
142 456
142 462
142 487
142 530
143 144
143 146
143 301
143 302
143 304
143 305
143 322
143 327
143 330
143 332
143 335
143 385
143 398
143 400
143 401
143 443
143 445
143 506
143 582
144 146
144 150
144 205
144 302
144 305
144 327
144 417
144 418
144 430
144 439
144 443
144 447
144 487
144 497
144 506
145 445
146 147
146 205
146 327
146 351
146 401
146 412
146 417
146 443
146 445
146 447
147 149
147 150
147 152
147 195
147 341
147 345
147 350
147 351
147 357
147 358
147 362
147 372
147 401
147 411
147 412
147 413
147 414
147 416
147 417
147 418
147 420
147 438
147 440
147 443
147 447
147 448
147 497
148 150
148 159
148 163
148 186
148 253
148 291
148 292
148 428
148 437
148 439
148 442
148 446
148 449
148 455
148 456
148 462
148 463
148 464
148 465
148 466
148 471
148 575
148 576
149 150
149 162
149 205
149 305
149 323
149 332
149 341
149 350
149 357
149 366
149 368
149 369
149 370
149 372
149 375
149 411
149 413
149 414
149 415
149 416
149 417
149 418
149 422
149 428
149 430
149 432
149 433
149 434
149 435
149 437
149 438
149 439
149 440
149 442
149 443
149 446
149 448
149 449
149 456
149 461
149 462
149 497
149 506
150 160
150 195
150 205
150 341
150 350
150 370
150 398
150 411
150 413
150 415
150 416
150 417
150 418
150 420
150 422
150 430
150 432
150 435
150 437
150 439
150 440
150 442
150 443
150 444
150 446
150 448
150 449
150 456
150 461
150 462
150 497
150 506
151 446
152 345
152 350
152 351
152 352
152 356
152 357
152 358
152 360
152 361
152 362
152 363
152 372
152 412
152 413
152 414
152 438
152 447
153 271
153 272
154 155
154 157
154 191
154 196
154 212
154 213
154 224
154 460
154 467
154 501
154 520
155 163
155 196
155 267
155 452
156 157
156 197
156 206
156 214
156 218
156 229
156 232
156 233
156 234
156 268
156 269
156 271
156 515
156 521
156 525
156 527
156 528
156 560
156 569
156 570
156 571
156 572
156 573
157 188
157 189
157 193
157 202
157 203
157 207
157 212
157 213
157 223
157 232
157 233
157 234
157 245
157 271
157 273
157 283
157 489
157 518
157 569
157 570
158 163
158 219
158 258
158 275
158 277
158 465
159 161
159 163
159 194
159 199
159 200
159 201
159 432
159 435
159 442
159 446
159 455
159 456
159 462
159 464
159 471
159 499
160 432
160 458
160 478
160 599
161 162
161 219
161 277
161 442
161 446
161 465
161 466
162 305
162 324
162 364
162 415
162 418
162 428
162 439
162 440
162 446
162 448
162 449
162 462
162 506
163 167
163 250
163 253
163 254
163 290
163 291
163 442
163 455
163 456
163 462
163 463
163 464
163 471
163 475
163 478
163 556
164 215
164 218
164 264
164 266
164 272
165 172
165 248
165 556
166 168
166 170
166 472
167 168
167 172
167 199
167 235
167 236
167 285
167 547
167 579
167 583
167 584
168 170
168 172
168 236
168 472
168 475
168 476
168 546
168 547
168 579
169 470
169 471
169 472
169 477
169 523
169 559
170 172
170 252
170 256
170 269
170 387
170 476
170 535
170 538
170 539
170 544
170 546
170 547
170 560
170 567
170 595
171 193
171 198
171 202
171 203
171 233
171 234
171 245
171 268
171 276
171 472
171 476
172 226
172 235
172 236
172 238
172 239
172 248
172 250
172 285
172 291
172 535
172 546
172 547
172 556
172 579
173 217
173 477
173 479
173 523
173 526
173 559
174 175
174 177
174 180
174 217
174 251
174 523
174 526
175 176
175 177
175 179
175 180
175 182
175 288
175 470
175 480
175 481
175 482
175 483
175 484
175 485
175 523
175 526
175 559
175 562
176 177
176 179
176 182
176 216
176 256
176 479
176 480
176 482
176 483
176 485
176 523
176 526
176 585
177 179
177 180
177 182
177 470
177 480
177 482
177 484
177 523
177 526
178 208
178 228
178 231
178 255
178 256
178 264
178 265
178 266
178 269
178 270
178 278
178 280
178 566
179 182
179 249
179 480
179 482
179 483
179 526
180 217
180 480
180 481
180 500
180 523
180 526
180 576
181 288
182 216
182 480
182 482
182 526
183 227
183 250
183 255
183 258
183 279
183 508
184 190
184 220
184 287
184 301
184 302
184 303
184 304
184 305
184 321
184 330
184 335
184 385
184 397
184 399
184 424
184 439
184 443
184 487
185 242
185 578
186 253
186 291
186 292
186 375
186 426
186 439
186 442
186 455
186 462
186 473
186 487
186 522
186 575
186 576
187 188
187 390
188 193
188 194
188 201
188 207
188 213
188 224
188 273
188 283
188 389
188 531
189 193
189 202
189 203
189 207
189 211
189 214
189 229
189 230
189 232
189 233
189 234
189 235
189 238
189 240
189 245
189 281
189 387
189 489
189 493
189 502
189 503
189 509
189 511
189 515
189 516
189 518
189 535
189 547
189 548
189 549
189 550
189 553
189 554
189 579
189 581
190 191
190 210
190 212
190 378
190 467
191 194
191 196
191 199
191 201
191 212
191 213
191 224
191 378
191 389
191 395
191 397
191 399
191 406
191 407
191 408
191 421
191 423
191 467
191 492
191 520
192 193
192 202
192 203
192 211
192 212
192 215
192 460
192 501
193 194
193 198
193 200
193 202
193 203
193 204
193 207
193 212
193 214
193 233
193 245
193 246
193 276
194 199
194 200
194 201
194 213
194 224
194 273
194 389
194 399
194 407
194 408
195 196
195 201
195 213
195 416
195 417
195 418
195 420
195 445
195 497
195 534
196 199
196 201
196 213
196 224
196 467
196 520
197 198
197 234
197 271
197 525
198 202
198 203
198 214
198 233
198 234
198 268
198 276
198 279
198 281
199 201
199 213
199 407
199 435
200 202
200 204
200 459
200 499
200 502
200 504
200 505
201 213
201 399
202 203
202 204
202 214
202 215
202 233
202 234
202 268
202 276
202 281
202 493
202 502
202 503
202 528
203 211
203 214
203 215
203 233
203 234
203 245
203 268
203 276
203 281
203 516
205 378
205 401
205 417
205 418
205 429
205 430
205 439
205 440
205 443
205 445
205 446
205 448
205 497
205 506
206 207
206 230
206 231
206 234
206 515
206 525
206 542
207 211
207 214
207 232
207 233
207 234
207 245
207 273
207 387
207 489
207 493
207 509
207 511
207 515
207 518
207 521
207 540
207 542
207 543
207 545
207 548
207 554
207 569
207 579
207 581
208 209
208 215
208 216
208 230
208 231
208 255
208 263
208 264
208 265
208 266
208 268
208 270
208 278
208 280
208 541
208 542
208 566
208 567
208 573
209 211
209 215
209 230
209 231
209 234
209 263
209 265
209 270
209 515
209 525
209 541
209 542
209 573
210 212
211 214
211 215
211 229
211 230
211 231
211 234
211 265
211 489
211 493
211 503
211 509
211 511
211 515
211 516
211 517
211 518
211 521
211 528
211 540
211 541
211 542
211 545
211 548
211 554
211 573
211 581
212 224
212 532
213 224
213 225
213 273
213 389
213 399
213 520
214 215
214 228
214 230
214 231
214 232
214 233
214 234
214 246
214 259
214 262
214 263
214 265
214 268
214 269
214 270
214 271
214 276
214 281
214 295
214 489
214 493
214 515
214 516
214 518
214 521
214 525
214 528
214 540
214 541
214 542
214 554
214 571
214 572
214 573
215 216
215 218
215 231
215 234
215 263
215 264
215 265
215 266
215 268
215 270
215 271
215 278
215 281
215 516
215 517
215 542
215 573
216 228
216 229
216 230
216 231
216 233
216 234
216 252
216 255
216 256
216 263
216 264
216 265
216 266
216 268
216 270
216 278
216 280
216 485
216 524
216 566
216 567
217 251
217 334
217 473
217 523
217 526
217 562
218 266
218 267
218 268
218 271
218 527
219 250
219 254
219 268
219 277
219 279
219 281
219 465
219 528
220 221
220 222
220 224
220 225
220 237
220 284
220 286
220 287
220 301
220 302
220 304
220 305
220 317
220 319
220 320
220 321
220 322
220 323
220 324
220 326
220 328
220 329
220 332
220 333
220 335
220 378
220 389
220 391
220 393
220 394
220 395
220 397
220 398
220 399
220 401
220 415
220 439
220 443
220 504
220 529
220 530
220 533
220 534
220 555
220 584
221 225
221 287
221 301
221 302
221 304
221 305
221 317
221 318
221 319
221 320
221 321
221 322
221 324
221 332
221 335
221 336
221 389
221 393
221 394
221 398
221 399
221 400
221 401
221 415
221 443
221 445
221 530
221 534
221 582
222 223
222 224
222 237
222 240
222 241
222 244
222 245
222 284
222 287
222 326
222 332
222 390
222 391
222 395
222 397
222 495
222 496
222 529
222 530
222 532
222 533
222 549
222 551
222 553
222 555
222 583
222 584
223 224
223 245
223 389
223 391
223 392
223 489
223 518
223 532
223 533
223 549
224 225
224 321
224 389
224 391
224 393
224 395
224 397
224 399
224 467
224 498
224 520
224 532
224 533
224 534
224 551
225 321
225 389
225 393
225 397
225 399
225 533
225 534
226 228
226 229
226 236
226 238
226 239
226 243
226 248
226 269
226 387
226 535
226 540
226 546
226 547
226 550
226 554
226 556
226 579
227 229
227 235
227 475
227 478
227 508
227 546
227 550
227 556
227 565
227 587
227 599
228 229
228 230
228 231
228 233
228 238
228 239
228 243
228 252
228 255
228 256
228 262
228 263
228 265
228 266
228 268
228 269
228 270
228 535
228 540
228 544
228 550
228 560
228 566
228 567
228 571
228 572
228 573
229 230
229 231
229 232
229 233
229 234
229 252
229 255
229 256
229 262
229 265
229 266
229 268
229 269
229 270
229 387
229 489
229 507
229 511
229 515
229 516
229 521
229 524
229 525
229 528
229 535
229 540
229 541
229 542
229 544
229 545
229 548
229 550
229 554
229 560
229 566
229 567
229 569
229 571
229 572
229 573
229 579
229 581
230 231
230 232
230 233
230 234
230 252
230 255
230 256
230 265
230 266
230 268
230 269
230 270
230 387
230 489
230 493
230 511
230 515
230 516
230 517
230 518
230 521
230 525
230 528
230 535
230 540
230 541
230 542
230 544
230 545
230 548
230 550
230 554
230 566
230 567
230 571
230 572
230 573
230 579
230 581
231 232
231 233
231 234
231 252
231 255
231 256
231 263
231 265
231 266
231 268
231 269
231 270
231 278
231 280
231 507
231 511
231 515
231 516
231 524
231 525
231 540
231 541
231 542
231 544
231 548
231 550
231 554
231 566
231 567
231 571
231 572
231 573
231 581
232 233
232 234
232 245
232 252
232 262
232 268
232 269
232 273
232 283
232 387
232 489
232 511
232 515
232 521
232 525
232 528
232 538
232 539
232 540
232 543
232 544
232 545
232 548
232 550
232 560
232 569
232 570
232 571
232 572
232 573
232 579
232 581
233 234
233 252
233 256
233 262
233 265
233 268
233 269
233 387
233 489
233 511
233 515
233 521
233 525
233 528
233 543
233 544
233 548
233 569
233 570
233 571
233 572
233 573
233 581
234 263
234 265
234 268
234 269
234 270
234 271
234 489
234 511
234 515
234 516
234 517
234 518
234 521
234 525
234 528
234 540
234 542
234 548
234 569
234 570
234 571
234 572
234 573
234 581
235 236
235 238
235 239
235 245
235 283
235 285
235 286
235 290
235 387
235 459
235 475
235 478
235 499
235 529
235 535
235 539
235 543
235 546
235 547
235 556
235 579
235 580
235 583
235 584
236 237
236 238
236 239
236 283
236 285
236 286
236 387
236 459
236 478
236 499
236 529
236 535
236 538
236 539
236 543
236 546
236 547
236 549
236 550
236 556
236 579
236 580
236 583
236 584
237 238
237 240
237 241
237 282
237 285
237 286
237 326
237 390
237 391
237 495
237 496
237 502
237 529
237 530
237 549
237 553
237 583
237 584
238 239
238 240
238 243
238 245
238 248
238 262
238 269
238 285
238 286
238 387
238 489
238 493
238 529
238 535
238 538
238 539
238 540
238 543
238 546
238 547
238 548
238 549
238 550
238 553
238 554
238 556
238 579
238 581
238 583
238 595
239 240
239 243
239 248
239 250
239 269
239 285
239 286
239 387
239 493
239 535
239 538
239 539
239 540
239 543
239 546
239 547
239 548
239 549
239 550
239 553
239 554
239 556
239 579
239 581
239 595
240 241
240 243
240 244
240 245
240 285
240 489
240 493
240 495
240 502
240 505
240 529
240 549
240 553
240 554
240 583
240 584
241 244
241 282
241 285
241 286
241 391
241 494
241 495
241 501
241 514
241 529
241 549
241 551
241 552
241 553
241 555
241 558
241 583
241 584
242 578
243 535
244 246
244 388
244 529
244 553
244 555
245 246
245 262
245 273
245 283
245 489
245 543
245 549
245 553
245 579
246 262
246 273
246 524
247 248
247 252
247 256
247 269
247 278
247 556
247 557
248 250
248 266
248 269
248 272
248 535
248 556
248 558
248 560
248 561
248 574
249 470
249 480
249 482
250 252
250 254
250 268
250 272
250 276
250 277
250 279
250 281
250 463
250 556
250 558
250 560
250 561
250 571
250 574
251 526
251 562
252 255
252 256
252 265
252 266
252 268
252 269
252 270
252 525
252 544
252 560
252 567
252 571
252 572
253 275
253 290
253 291
253 292
253 426
253 439
253 442
253 455
253 456
253 459
253 462
253 466
253 473
253 487
253 499
253 556
253 575
253 576
254 277
254 463
254 464
254 465
254 528
254 556
254 558
254 561
255 256
255 263
255 265
255 266
255 269
255 270
255 278
255 279
255 280
255 566
255 567
255 573
256 265
256 266
256 269
256 270
256 278
256 387
256 511
256 540
256 544
256 550
256 566
256 567
256 572
257 258
257 294
258 259
258 293
259 260
259 281
259 295
259 509
260 264
260 294
262 268
262 269
262 387
262 535
262 540
262 544
262 571
262 581
263 264
263 265
263 266
263 268
263 270
263 278
263 566
263 573
264 265
264 266
264 270
264 280
265 266
265 268
265 269
265 270
265 278
265 280
265 515
265 516
265 517
265 525
265 540
265 541
265 542
265 566
265 567
265 572
265 573
266 268
266 269
266 270
266 272
266 278
266 280
266 566
266 573
267 274
268 269
268 270
268 271
268 276
268 279
268 281
268 515
268 517
268 521
268 525
268 528
268 540
268 543
268 544
268 560
268 569
268 570
268 571
268 572
268 573
269 270
269 387
269 511
269 515
269 521
269 535
269 538
269 540
269 543
269 544
269 548
269 550
269 560
269 566
269 567
269 571
269 572
269 573
269 574
269 581
270 272
270 278
270 280
270 540
270 542
270 544
270 566
270 567
270 571
270 572
270 573
270 574
271 272
271 515
271 521
271 525
271 527
271 542
271 569
272 281
272 574
273 283
273 543
273 561
273 569
273 570
275 276
275 277
275 281
275 426
275 455
275 463
275 465
275 473
275 496
275 499
275 501
275 558
275 575
276 277
276 279
276 281
276 528
277 278
277 279
277 281
277 465
277 466
277 576
278 279
278 280
278 485
278 522
278 524
278 566
278 577
279 281
279 574
280 524
280 566
282 286
282 549
282 583
283 569
283 579
283 580
283 581
284 287
284 332
284 333
284 334
284 378
284 490
284 533
285 286
285 287
285 455
285 459
285 499
285 529
285 530
285 539
285 547
285 549
285 553
285 556
285 579
285 580
285 583
285 584
286 287
286 290
286 326
286 391
286 459
286 499
286 529
286 530
286 547
286 549
286 580
286 582
286 583
286 584
287 290
287 305
287 317
287 321
287 322
287 323
287 324
287 326
287 327
287 328
287 329
287 332
287 335
287 389
287 393
287 394
287 397
287 399
287 443
287 458
287 487
287 529
287 530
287 531
287 533
287 555
287 582
287 583
287 584
289 312
290 394
290 459
290 462
290 475
290 478
290 487
290 556
291 292
291 459
291 499
291 556
292 325
292 428
292 455
292 575
292 596
293 294
293 365
294 364
294 365
294 591
295 536
298 300
300 301
301 302
301 303
301 304
301 305
301 317
301 321
301 322
301 324
301 332
301 333
301 335
301 385
301 443
301 445
302 303
302 304
302 305
302 317
302 319
302 320
302 321
302 322
302 323
302 324
302 332
302 333
302 334
302 335
302 336
302 370
302 385
302 394
302 398
302 415
302 439
302 443
302 487
303 304
303 305
303 315
303 317
303 322
303 335
304 305
304 308
304 315
304 317
304 319
304 320
304 321
304 322
304 323
304 324
304 332
304 333
304 335
304 394
304 401
304 415
304 443
304 445
305 317
305 318
305 319
305 320
305 321
305 322
305 323
305 324
305 327
305 328
305 329
305 332
305 333
305 334
305 335
305 336
305 370
305 394
305 398
305 401
305 415
305 439
305 443
305 445
305 446
305 448
305 458
305 462
305 487
305 506
305 530
306 308
307 310
307 311
307 316
309 313
309 390
309 518
310 311
310 313
310 314
310 315
310 316
311 314
311 315
311 316
311 318
312 318
312 319
312 320
312 324
312 326
312 329
312 331
313 314
313 315
313 316
313 318
314 315
314 316
314 318
315 316
315 317
315 318
315 319
315 320
316 318
317 318
317 319
317 320
317 321
317 322
317 324
317 335
317 336
317 389
317 393
317 394
317 487
317 530
318 319
318 320
318 322
318 324
318 326
318 329
318 331
318 333
318 334
318 336
319 320
319 321
319 322
319 324
319 329
319 331
319 332
319 333
319 334
319 335
319 336
320 321
320 322
320 324
320 329
320 331
320 332
320 333
320 334
320 335
320 336
321 322
321 323
321 324
321 329
321 332
321 333
321 335
321 389
321 393
321 394
321 397
321 398
321 399
321 400
321 401
321 415
321 443
321 445
321 530
321 533
321 534
322 323
322 324
322 325
322 326
322 327
322 328
322 329
322 332
322 333
322 334
322 335
322 336
322 393
322 394
322 398
322 401
322 415
322 439
322 443
322 445
322 458
322 487
322 506
322 530
322 582
323 324
323 327
323 328
323 332
323 333
323 335
323 370
323 394
323 398
323 417
323 418
323 422
323 424
323 432
323 439
323 443
323 445
323 448
323 449
324 326
324 328
324 329
324 331
324 332
324 333
324 334
324 335
324 336
324 393
324 394
324 398
324 401
324 415
324 437
324 439
324 443
324 448
324 456
324 462
324 504
324 530
325 328
325 393
325 514
325 533
326 329
326 331
326 332
326 378
326 389
326 390
326 391
326 393
326 394
326 419
326 455
326 456
326 499
326 504
326 529
326 530
326 533
326 549
326 553
326 555
326 583
326 584
327 328
327 332
327 333
327 335
327 370
327 385
327 398
327 412
327 416
327 417
327 418
327 443
327 445
327 497
327 582
328 329
328 332
328 333
328 335
328 393
328 398
328 401
328 403
328 423
328 443
329 331
329 332
329 333
329 378
329 393
329 394
329 419
329 462
329 529
329 530
329 584
330 332
330 408
331 333
331 334
332 333
332 334
332 335
332 336
332 384
332 393
332 394
332 395
332 397
332 398
332 399
332 400
332 401
332 403
332 408
332 415
332 423
332 439
332 443
332 445
332 448
332 492
332 504
332 506
332 530
332 533
332 582
333 334
333 335
333 336
333 401
333 443
334 335
334 336
334 533
335 336
335 393
335 394
335 398
335 400
335 401
335 403
335 415
335 443
335 445
335 530
336 394
336 400
337 340
337 342
337 343
337 344
337 346
337 347
337 349
337 409
337 410
338 339
338 342
338 367
338 371
338 373
338 380
338 381
339 341
339 348
339 350
339 353
339 354
339 355
339 356
339 359
339 367
339 372
339 374
339 380
339 381
339 396
339 411
339 413
339 430
339 434
339 440
339 441
340 342
340 343
340 344
340 346
340 347
340 409
340 410
341 345
341 348
341 349
341 350
341 353
341 354
341 355
341 356
341 357
341 359
341 363
341 372
341 396
341 411
341 413
341 414
341 416
341 418
341 430
341 434
341 438
341 440
341 441
341 444
341 448
341 506
342 343
342 344
342 346
342 347
342 349
342 382
342 409
342 410
343 344
343 346
343 347
343 349
343 409
343 410
344 346
344 347
344 348
344 349
344 354
344 382
344 409
344 410
344 444
344 599
345 348
345 349
345 350
345 351
345 352
345 353
345 354
345 356
345 357
345 358
345 359
345 362
345 363
345 372
345 413
345 414
345 438
345 444
345 447
345 537
346 347
346 349
346 382
346 409
346 410
347 349
347 409
347 410
348 350
348 353
348 354
348 356
348 357
348 359
348 372
348 396
348 398
348 409
348 410
348 411
348 413
348 414
348 416
348 418
348 420
348 430
348 432
348 434
348 440
348 441
348 444
348 497
348 506
349 353
349 354
349 355
349 356
349 382
350 356
350 357
350 358
350 359
350 362
350 368
350 372
350 396
350 405
350 411
350 412
350 413
350 414
350 416
350 417
350 418
350 420
350 430
350 434
350 435
350 438
350 440
350 447
350 448
350 497
351 352
351 357
351 358
351 360
351 361
351 362
351 363
351 412
351 414
351 438
351 447
352 358
352 360
352 361
352 362
352 363
352 447
353 354
353 356
353 357
353 359
353 362
353 363
353 372
353 374
353 413
353 444
353 447
354 356
354 357
354 359
354 362
354 363
354 374
354 413
354 420
354 430
354 438
354 444
354 447
355 359
355 425
356 357
356 358
356 359
356 362
356 363
356 372
356 411
356 413
356 414
356 430
356 438
356 440
356 444
356 447
357 358
357 359
357 361
357 362
357 363
357 372
357 396
357 411
357 412
357 413
357 414
357 416
357 417
357 418
357 420
357 430
357 434
357 435
357 438
357 440
357 447
357 497
358 360
358 361
358 362
358 363
358 372
358 412
358 414
358 438
358 447
359 362
359 363
359 372
359 374
359 413
359 414
359 434
359 438
360 361
360 412
361 362
361 363
361 372
361 405
361 411
361 412
361 413
361 414
361 421
361 438
362 363
362 372
362 413
362 414
362 438
362 447
363 414
363 438
363 447
364 365
364 368
364 428
364 434
364 439
364 448
365 366
365 429
366 368
366 375
366 430
366 437
366 440
366 446
366 456
367 371
367 373
367 374
367 380
367 381
367 425
368 369
368 370
368 372
368 375
368 411
368 428
368 440
368 448
369 372
369 440
370 398
370 416
370 418
370 422
370 430
370 432
370 439
370 448
370 449
370 461
370 598
371 380
372 411
372 413
372 414
372 416
372 420
372 434
372 438
372 440
373 376
373 380
374 377
374 380
375 406
375 414
375 418
375 422
375 426
375 432
375 434
375 438
375 439
375 440
375 448
377 380
377 381
378 384
378 393
378 395
378 397
378 403
378 421
378 423
378 429
378 439
378 451
378 455
378 467
378 490
378 496
378 514
378 530
379 436
379 480
380 381
380 425
381 415
382 599
384 393
384 407
384 408
384 419
384 492
384 494
384 514
384 530
385 386
385 394
385 398
385 402
385 487
386 402
386 594
387 489
387 493
387 509
387 511
387 521
387 535
387 538
387 539
387 540
387 543
387 544
387 545
387 546
387 547
387 548
387 549
387 550
387 554
387 569
387 571
387 572
387 579
387 580
387 581
387 583
387 595
388 402
388 555
388 580
388 584
388 595
388 596
388 597
389 391
389 393
389 394
389 395
389 397
389 399
389 400
389 401
389 520
389 530
389 531
389 532
389 533
389 534
390 391
390 395
390 489
390 493
390 494
390 495
390 496
390 499
390 501
390 502
390 505
390 519
390 529
390 530
390 531
390 549
390 551
390 553
390 555
390 579
390 583
390 584
391 392
391 393
391 395
391 397
391 399
391 489
391 490
391 494
391 495
391 496
391 501
391 502
391 505
391 514
391 519
391 520
391 529
391 530
391 531
391 532
391 533
391 549
391 551
391 553
391 555
391 580
391 583
391 584
392 489
392 495
392 496
392 516
392 517
392 533
392 549
392 553
393 394
393 395
393 397
393 398
393 399
393 400
393 401
393 408
393 415
393 419
393 439
393 443
393 490
393 492
393 494
393 504
393 514
393 519
393 520
393 530
393 533
393 534
393 584
394 398
394 400
394 402
394 408
394 415
394 419
394 439
394 443
394 456
394 458
394 459
394 487
394 499
394 504
394 514
394 530
394 531
394 555
394 584
395 397
395 399
395 408
395 412
395 451
395 460
395 467
395 490
395 491
395 492
395 494
395 495
395 496
395 498
395 501
395 513
395 514
395 520
395 530
395 532
395 533
395 534
395 551
396 398
396 401
396 406
396 407
396 408
396 409
396 410
396 411
396 413
396 414
396 416
396 417
396 418
396 420
396 430
396 434
396 435
396 440
396 441
396 492
396 497
397 399
397 401
397 403
397 412
397 443
397 451
397 467
397 490
397 491
397 492
397 494
397 498
397 501
397 514
397 519
397 520
397 530
397 532
397 533
397 534
397 551
398 399
398 400
398 401
398 406
398 407
398 408
398 411
398 412
398 413
398 414
398 415
398 416
398 417
398 418
398 422
398 423
398 424
398 432
398 434
398 439
398 440
398 443
398 445
398 448
398 492
398 497
398 534
399 401
399 407
399 412
399 417
399 443
399 451
399 467
399 491
399 492
399 498
399 514
399 520
399 530
399 532
399 533
399 534
400 401
400 443
400 445
400 534
401 403
401 406
401 407
401 408
401 411
401 412
401 413
401 415
401 416
401 417
401 418
401 423
401 443
401 445
401 492
401 497
401 534
402 487
402 584
402 586
402 595
402 597
403 423
403 424
403 433
403 443
403 445
403 506
403 534
404 407
404 435
404 492
405 406
405 407
405 411
405 412
405 414
405 435
405 438
406 407
406 408
406 409
406 410
406 411
406 412
406 414
406 417
406 421
406 423
406 435
406 491
406 492
406 514
407 408
407 409
407 410
407 411
407 412
407 417
407 421
407 423
407 435
407 491
407 492
407 504
407 513
407 514
408 410
408 419
408 421
408 423
408 435
408 491
408 492
408 494
408 504
408 513
408 514
408 530
409 410
409 411
409 413
409 414
409 416
410 411
410 413
410 414
410 492
411 412
411 413
411 414
411 416
411 417
411 418
411 420
411 430
411 432
411 434
411 435
411 438
411 440
411 448
411 497
411 506
412 413
412 414
412 416
412 417
412 418
412 423
412 435
412 438
412 440
412 443
412 445
412 447
412 467
412 492
412 497
412 534
413 414
413 416
413 417
413 418
413 420
413 430
413 434
413 435
413 438
413 440
413 441
413 444
413 447
413 448
413 497
413 506
414 416
414 417
414 418
414 420
414 434
414 435
414 438
414 440
414 441
414 447
415 416
415 417
415 418
415 422
415 423
415 428
415 434
415 437
415 439
415 440
415 443
415 446
415 448
415 449
415 456
415 462
415 497
415 504
416 417
416 418
416 420
416 430
416 432
416 435
416 438
416 440
416 443
416 444
416 448
416 449
416 497
417 418
417 420
417 422
417 432
417 435
417 438
417 439
417 440
417 442
417 443
417 445
417 446
417 448
417 449
417 467
417 492
417 497
417 534
418 420
418 422
418 424
418 430
418 432
418 434
418 435
418 437
418 438
418 439
418 440
418 442
418 443
418 444
418 446
418 448
418 449
418 456
418 461
418 462
418 497
418 506
419 456
419 502
419 504
419 505
419 514
419 519
419 530
420 422
420 424
420 432
420 449
420 497
420 599
421 423
421 431
421 434
421 435
421 451
421 492
422 423
422 424
422 430
422 432
422 434
422 437
422 439
422 440
422 442
422 443
422 448
422 449
422 456
422 461
422 462
423 424
423 445
423 492
423 534
424 439
424 449
424 467
426 427
426 455
426 462
426 575
426 576
428 434
428 437
428 439
428 448
428 449
428 456
428 466
428 575
428 576
428 578
429 430
429 433
429 434
429 435
429 506
430 432
430 434
430 435
430 438
430 440
430 441
430 444
430 446
430 448
430 458
430 506
432 434
432 435
432 439
432 440
432 441
432 443
432 444
432 446
432 448
432 449
432 456
432 458
432 461
432 462
432 487
432 497
432 599
433 434
433 446
433 506
434 438
434 440
434 441
434 448
434 506
435 438
435 440
435 467
435 492
435 504
435 506
436 484
437 439
437 440
437 442
437 446
437 448
437 455
437 456
437 462
437 464
437 497
437 504
437 576
438 440
438 447
438 448
439 440
439 442
439 443
439 446
439 448
439 449
439 456
439 462
439 497
440 443
440 444
440 446
440 447
440 448
440 449
440 461
440 497
440 506
442 446
442 448
442 449
442 455
442 456
442 462
442 464
442 465
442 466
442 473
442 519
442 530
443 445
443 446
443 448
443 497
443 506
443 534
443 582
444 497
445 467
445 534
446 448
446 449
446 456
446 462
446 497
446 506
448 449
448 456
448 461
448 462
448 466
448 497
448 506
449 456
449 461
449 462
449 466
449 497
449 576
450 510
450 512
450 600
451 460
451 467
451 490
451 491
451 492
451 494
451 498
451 514
451 533
452 453
453 527
454 460
454 515
454 518
454 521
454 527
454 545
455 456
455 462
455 463
455 464
455 465
455 473
455 474
455 496
455 499
455 501
455 502
455 504
455 514
455 519
455 530
455 575
456 459
456 462
456 464
456 466
456 499
456 504
456 530
457 577
458 487
459 499
459 502
459 505
459 539
459 556
459 584
460 494
460 495
460 501
460 520
460 551
460 558
462 464
462 465
462 466
462 471
462 487
462 576
463 464
463 465
463 474
463 528
463 558
463 561
464 465
465 466
465 528
465 558
466 468
466 576
467 492
467 498
467 520
467 534
469 523
469 559
470 477
470 480
470 483
470 485
470 523
470 526
470 559
471 473
472 476
472 477
473 523
473 575
473 576
474 505
474 575
475 478
475 556
477 523
477 559
478 556
478 561
478 587
478 588
478 593
479 480
479 481
479 482
479 483
479 526
479 559
480 481
480 482
480 483
480 484
480 485
480 523
480 526
480 559
480 585
481 485
481 523
481 526
481 559
482 483
482 526
482 585
483 485
483 523
483 526
483 559
483 585
485 523
485 526
485 559
485 577
486 488
486 552
486 589
487 530
487 586
489 493
489 495
489 502
489 503
489 505
489 509
489 511
489 515
489 516
489 518
489 521
489 535
489 539
489 540
489 541
489 542
489 543
489 545
489 546
489 547
489 548
489 549
489 550
489 553
489 554
489 564
489 569
489 579
489 581
489 583
489 595
490 491
490 492
490 494
490 495
490 496
490 501
490 514
490 519
490 530
490 532
490 533
491 492
491 494
491 498
491 513
491 514
491 520
491 532
492 494
492 504
492 513
492 514
492 520
492 530
492 534
493 495
493 496
493 500
493 502
493 503
493 509
493 511
493 515
493 516
493 517
493 518
493 521
493 535
493 540
493 541
493 542
493 545
493 548
493 549
493 550
493 552
493 553
493 554
493 564
493 573
493 579
493 581
494 495
494 496
494 501
494 513
494 514
494 519
494 520
494 532
494 533
494 549
494 551
494 552
494 555
495 496
495 500
495 501
495 502
495 503
495 505
495 516
495 519
495 529
495 530
495 532
495 533
495 549
495 551
495 553
495 555
496 500
496 501
496 502
496 503
496 505
496 514
496 519
496 530
496 533
496 549
496 551
496 553
496 555
498 520
498 532
498 533
498 534
499 502
499 504
499 505
499 530
499 556
499 583
499 584
500 501
500 502
500 519
501 503
501 514
501 519
501 520
501 532
501 533
501 551
501 552
501 563
502 503
502 504
502 505
502 519
502 530
502 584
503 505
503 515
503 516
503 517
503 519
503 528
504 505
504 514
504 519
504 530
504 584
505 519
507 509
507 511
507 522
507 540
507 550
507 567
507 581
509 511
509 516
509 518
509 535
509 540
509 541
509 542
509 548
509 550
509 553
509 554
509 564
509 581
510 512
511 515
511 516
511 518
511 521
511 535
511 538
511 539
511 540
511 541
511 542
511 544
511 545
511 546
511 547
511 548
511 549
511 550
511 554
511 564
511 569
511 572
511 573
511 579
511 581
511 595
512 513
512 541
512 542
512 564
513 514
514 519
514 520
514 529
514 530
514 555
514 584
515 516
515 517
515 518
515 521
515 525
515 527
515 528
515 535
515 540
515 541
515 542
515 543
515 544
515 545
515 548
515 550
515 554
515 564
515 569
515 570
515 572
515 573
515 581
516 517
516 518
516 521
516 528
516 540
516 541
516 542
516 545
516 548
516 549
516 550
516 553
516 554
516 564
516 572
516 573
516 581
517 518
517 542
517 573
518 521
518 525
518 532
518 540
518 541
518 542
518 543
518 545
518 548
518 549
518 550
518 554
518 564
518 569
518 570
518 572
518 573
518 579
518 581
519 520
519 530
519 533
520 530
520 532
520 533
520 551
521 525
521 527
521 528
521 535
521 538
521 539
521 540
521 541
521 542
521 543
521 544
521 545
521 546
521 548
521 550
521 554
521 560
521 564
521 569
521 570
521 571
521 572
521 573
521 579
521 581
522 557
522 575
522 576
523 526
523 559
523 562
523 576
523 577
524 542
524 557
524 567
524 572
524 573
525 527
525 541
525 542
525 560
525 569
525 570
525 571
525 572
525 573
526 559
526 562
527 541
527 558
527 573
528 569
528 570
528 572
528 573
529 530
529 531
529 547
529 549
529 551
529 553
529 555
529 556
529 580
529 583
529 584
530 531
530 533
530 534
530 551
530 555
530 583
530 584
531 532
531 539
531 543
531 547
531 551
531 555
531 579
531 580
531 583
531 584
531 597
532 533
532 551
532 555
533 534
533 551
535 536
535 538
535 539
535 540
535 542
535 543
535 544
535 545
535 546
535 547
535 548
535 549
535 550
535 554
535 560
535 569
535 571
535 579
535 581
535 595
536 560
536 571
538 539
538 540
538 543
538 544
538 546
538 547
538 548
538 550
538 554
538 560
538 567
538 571
538 572
538 579
538 581
538 595
539 540
539 543
539 544
539 546
539 547
539 548
539 549
539 550
539 554
539 556
539 560
539 564
539 569
539 571
539 579
539 581
539 583
539 584
539 595
539 597
540 541
540 542
540 544
540 545
540 547
540 548
540 549
540 550
540 554
540 564
540 567
540 569
540 571
540 572
540 573
540 579
540 581
541 542
541 545
541 548
541 550
541 554
541 564
541 567
541 572
541 573
541 581
542 545
542 548
542 550
542 554
542 564
542 567
542 569
542 572
542 573
542 581
543 544
543 545
543 546
543 547
543 548
543 549
543 550
543 560
543 561
543 569
543 570
543 571
543 572
543 579
543 581
543 583
544 545
544 547
544 548
544 550
544 560
544 567
544 569
544 571
544 572
544 573
544 579
544 581
545 546
545 547
545 548
545 549
545 550
545 554
545 561
545 564
545 569
545 570
545 572
545 573
545 579
545 581
546 547
546 550
546 556
546 561
546 569
546 571
546 579
546 581
546 583
546 595
547 548
547 549
547 550
547 554
547 569
547 571
547 579
547 580
547 581
547 583
547 584
547 595
548 549
548 550
548 553
548 554
548 560
548 564
548 567
548 569
548 570
548 571
548 572
548 573
548 579
548 581
549 551
549 552
549 553
549 554
549 555
549 564
549 569
549 579
549 581
549 583
549 584
550 554
550 567
550 569
550 571
550 572
550 573
550 579
550 581
550 595
551 552
551 553
551 555
551 563
552 553
552 564
553 554
553 555
553 564
553 579
553 583
553 584
554 564
554 567
554 569
554 571
554 572
554 573
554 579
554 581
554 595
555 580
555 584
556 561
557 566
557 574
558 561
558 563
559 562
560 561
560 569
560 570
560 571
560 572
560 573
561 569
561 570
561 571
564 573
564 581
565 568
565 598
565 599
565 600
566 567
567 571
567 572
567 573
567 581
569 570
569 571
569 572
569 573
569 579
569 581
570 571
570 572
570 573
570 581
571 572
571 573
571 574
571 581
572 573
572 581
573 574
573 581
575 576
576 577
577 578
579 580
579 581
579 583
579 584
579 595
580 583
580 584
583 584
586 597
587 593
588 593
590 596
595 597
596 597
598 599
