600 7192

1 4
1 11
1 93
1 94
1 101
1 103
1 104
1 105
1 107
1 233
1 236
1 285
1 286
1 288
1 289
1 290
1 291
1 322
1 585
1 586
2 4
2 11
2 18
2 20
2 21
2 94
2 100
2 301
2 302
2 317
2 389
2 398
2 400
2 487
3 5
3 6
3 12
3 16
3 19
3 20
3 21
3 302
3 303
3 304
3 305
3 306
3 307
3 315
3 319
3 320
3 321
3 389
4 5
4 11
4 12
4 18
4 20
4 21
4 22
4 36
4 38
4 90
4 100
4 120
4 287
4 301
4 302
4 303
4 304
4 305
4 317
4 320
4 321
4 322
4 336
4 389
4 398
4 400
4 425
4 530
5 12
5 18
5 20
5 21
5 22
5 24
5 27
5 30
5 32
5 33
5 35
5 36
5 37
5 38
5 90
5 100
5 221
5 302
5 303
5 304
5 305
5 319
5 320
5 321
5 322
5 323
5 324
5 327
5 329
5 334
5 335
5 336
5 389
5 530
6 12
6 16
6 20
6 302
6 303
6 319
6 321
6 389
6 398
7 10
7 13
7 14
7 15
7 16
7 19
7 29
7 306
7 308
7 309
7 312
7 313
7 314
7 315
7 316
8 12
8 21
8 38
8 100
8 221
8 389
9 15
9 314
9 315
9 316
10 13
10 14
10 15
10 16
10 29
10 306
10 308
10 309
10 312
10 313
10 314
10 315
10 316
11 38
11 55
11 93
11 94
11 95
11 97
11 107
11 110
11 111
11 114
11 116
11 117
11 118
11 119
11 120
11 121
11 194
11 301
11 385
11 386
11 400
11 413
12 16
12 18
12 19
12 20
12 21
12 22
12 36
12 37
12 100
12 302
12 303
12 304
12 305
12 306
12 308
12 315
12 316
12 317
12 318
12 319
12 320
12 321
12 322
12 336
12 389
12 398
12 425
13 15
13 292
14 16
14 17
14 19
14 29
14 306
14 308
14 309
14 312
14 313
14 318
14 331
15 16
15 309
15 310
15 314
15 315
15 316
16 17
16 19
16 306
16 308
16 309
16 312
16 313
16 315
16 316
16 319
17 19
17 29
17 37
17 306
17 308
17 309
17 312
17 313
17 318
17 319
17 331
18 20
18 21
18 22
18 36
18 38
18 100
18 301
18 302
18 305
18 317
18 320
18 321
18 322
18 336
18 388
18 389
18 398
18 400
18 425
19 29
19 37
19 304
19 306
19 308
19 309
19 312
19 313
19 315
19 316
19 318
19 319
19 331
20 21
20 22
20 36
20 37
20 90
20 100
20 302
20 303
20 304
20 305
20 317
20 319
20 320
20 321
20 322
20 336
20 388
20 389
20 398
20 425
20 530
21 22
21 36
21 37
21 38
21 90
21 100
21 221
21 302
21 303
21 304
21 305
21 317
21 319
21 320
21 321
21 322
21 326
21 336
21 389
21 398
21 400
21 425
21 530
22 28
22 34
22 36
22 100
22 302
22 304
22 305
22 319
22 320
22 321
22 322
22 323
22 325
22 327
22 336
22 380
22 389
22 425
23 26
23 27
23 28
23 30
23 31
23 34
23 35
23 36
23 43
23 90
23 220
23 323
23 327
23 328
23 329
23 330
23 332
23 335
23 336
23 530
24 27
24 30
24 32
24 33
24 35
24 36
24 38
24 43
24 90
24 220
24 221
24 305
24 320
24 324
24 327
24 329
24 333
24 334
24 335
24 336
24 338
24 339
24 530
25 284
25 325
26 30
26 318
26 323
26 327
26 328
26 329
26 331
27 30
27 32
27 33
27 35
27 90
27 220
27 305
27 320
27 324
27 329
27 333
27 334
27 336
27 530
28 30
28 31
28 34
28 36
28 38
28 43
28 90
28 323
28 327
28 328
28 332
28 335
28 336
28 339
28 380
28 441
28 530
29 306
29 308
29 309
29 312
29 313
29 318
29 319
29 324
29 329
30 31
30 32
30 33
30 35
30 36
30 37
30 43
30 90
30 220
30 304
30 305
30 318
30 320
30 323
30 324
30 327
30 328
30 329
30 330
30 331
30 332
30 333
30 334
30 335
30 336
30 338
30 530
31 33
31 34
31 36
31 43
31 90
31 91
31 220
31 287
31 323
31 327
31 328
31 330
31 332
31 335
31 336
31 339
31 380
31 382
31 441
31 445
31 529
31 530
32 33
32 35
32 36
32 37
32 90
32 220
32 221
32 305
32 318
32 320
32 324
32 327
32 329
32 331
32 333
32 334
32 336
32 530
33 34
33 35
33 36
33 38
33 90
33 220
33 221
33 305
33 320
33 323
33 324
33 327
33 329
33 330
33 332
33 333
33 334
33 335
33 336
33 339
33 530
34 36
34 43
34 287
34 323
34 327
34 330
34 332
34 335
34 336
34 445
34 530
35 36
35 37
35 38
35 90
35 220
35 221
35 305
35 320
35 324
35 327
35 329
35 333
35 334
35 335
35 336
35 338
35 530
35 558
36 37
36 38
36 43
36 90
36 220
36 221
36 287
36 302
36 304
36 305
36 319
36 320
36 321
36 323
36 324
36 327
36 329
36 332
36 333
36 334
36 335
36 336
36 338
36 339
36 380
36 389
36 425
36 441
36 530
37 90
37 221
37 302
37 304
37 305
37 318
37 319
37 320
37 324
37 329
37 334
37 336
37 389
38 90
38 100
38 120
38 221
38 283
38 287
38 302
38 305
38 320
38 321
38 326
38 335
38 336
38 389
38 392
38 425
38 530
39 41
39 42
39 45
39 47
39 48
39 113
39 115
39 381
40 41
40 43
40 49
40 50
40 51
40 53
40 54
40 56
40 58
40 61
40 63
40 65
40 68
40 74
40 78
40 79
40 80
40 81
40 82
40 91
40 127
40 134
40 138
40 139
40 140
40 146
40 149
40 150
40 152
40 162
40 341
40 345
40 349
40 351
40 353
40 354
40 355
40 358
40 369
40 372
40 373
40 374
40 376
40 420
40 421
40 431
40 433
40 434
40 440
40 447
40 448
40 579
41 42
41 45
41 46
41 47
41 48
41 54
41 150
41 338
41 342
41 381
42 44
42 45
42 46
42 47
42 48
42 54
42 115
42 116
42 337
42 346
42 405
43 49
43 50
43 56
43 68
43 81
43 89
43 90
43 91
43 98
43 127
43 142
43 220
43 282
43 305
43 323
43 327
43 328
43 329
43 330
43 332
43 333
43 335
43 336
43 338
43 339
43 374
43 380
43 382
43 420
43 440
43 441
43 445
43 446
43 448
43 529
43 530
43 579
44 47
44 48
44 51
44 52
44 53
44 54
44 57
44 65
44 79
44 80
44 82
44 84
44 87
44 113
44 124
44 130
44 139
44 140
44 149
44 150
44 152
44 341
44 357
44 377
44 378
44 379
44 403
44 405
44 406
44 424
44 436
45 46
45 47
45 48
45 54
45 115
45 342
45 346
46 47
46 48
46 54
46 342
46 346
47 48
47 54
47 115
47 337
47 342
47 343
47 346
47 349
47 484
48 51
48 52
48 54
48 58
48 63
48 65
48 66
48 79
48 113
48 115
48 152
48 337
48 341
48 342
48 346
48 349
48 356
48 362
48 405
49 50
49 51
49 53
49 54
49 56
49 58
49 61
49 65
49 68
49 69
49 77
49 80
49 81
49 84
49 91
49 98
49 127
49 138
49 139
49 140
49 142
49 144
49 146
49 149
49 150
49 152
49 162
49 328
49 339
49 345
49 351
49 353
49 354
49 355
49 358
49 365
49 369
49 370
49 372
49 373
49 374
49 376
49 382
49 418
49 420
49 421
49 422
49 428
49 431
49 433
49 434
49 437
49 440
49 441
49 444
49 445
49 446
49 447
49 448
49 579
50 53
50 56
50 59
50 64
50 68
50 69
50 70
50 81
50 91
50 97
50 98
50 127
50 134
50 142
50 145
50 146
50 149
50 282
50 339
50 351
50 372
50 410
50 420
50 421
50 434
50 440
50 441
50 443
50 444
50 445
50 447
50 529
50 579
50 580
51 54
51 56
51 58
51 60
51 61
51 62
51 63
51 65
51 66
51 73
51 74
51 78
51 79
51 82
51 83
51 84
51 138
51 139
51 146
51 149
51 341
51 345
51 349
51 351
51 352
51 353
51 354
51 355
51 356
51 358
51 369
51 372
51 373
51 374
51 376
51 421
51 447
52 57
52 65
52 87
52 95
52 112
52 113
52 114
52 116
52 117
52 123
52 124
52 125
52 126
52 130
52 201
52 378
52 379
52 385
52 386
52 390
52 391
52 403
52 405
52 406
52 407
52 491
53 54
53 56
53 57
53 58
53 63
53 65
53 82
53 84
53 97
53 98
53 113
53 118
53 127
53 146
53 357
53 372
53 421
54 56
54 58
54 60
54 61
54 62
54 63
54 65
54 66
54 74
54 78
54 79
54 80
54 82
54 84
54 139
54 146
54 149
54 150
54 152
54 341
54 345
54 349
54 354
54 355
54 356
54 358
54 372
54 374
54 375
54 421
54 448
55 57
55 59
55 64
55 92
55 94
55 95
55 96
55 97
55 108
55 110
55 112
55 113
55 114
55 115
55 116
55 117
55 118
55 119
55 120
55 121
55 123
55 124
55 125
55 126
55 131
55 135
55 143
55 147
55 157
55 167
55 190
55 191
55 194
55 348
55 386
55 403
55 404
55 406
55 407
55 408
55 409
55 410
55 412
55 413
55 418
55 423
55 424
55 443
55 534
56 58
56 61
56 62
56 66
56 68
56 69
56 70
56 77
56 81
56 89
56 91
56 98
56 127
56 142
56 144
56 146
56 149
56 339
56 345
56 351
56 353
56 354
56 355
56 356
56 364
56 365
56 369
56 370
56 372
56 374
56 376
56 382
56 420
56 434
56 444
56 447
56 448
56 579
57 59
57 63
57 64
57 65
57 73
57 79
57 80
57 84
57 86
57 87
57 95
57 97
57 110
57 112
57 113
57 114
57 116
57 117
57 118
57 119
57 123
57 124
57 125
57 126
57 129
57 130
57 131
57 134
57 135
57 136
57 137
57 138
57 140
57 147
57 149
57 150
57 152
57 157
57 161
57 191
57 194
57 350
57 357
57 367
57 373
57 378
57 379
57 403
57 404
57 405
57 406
57 408
57 409
57 410
57 412
57 418
57 423
57 424
57 434
57 435
57 436
57 444
57 461
57 534
58 60
58 61
58 62
58 63
58 65
58 66
58 68
58 69
58 70
58 74
58 78
58 79
58 81
58 82
58 84
58 127
58 138
58 146
58 149
58 341
58 345
58 349
58 353
58 354
58 355
58 356
58 358
58 364
58 365
58 369
58 370
58 372
58 374
58 375
58 376
58 421
58 447
59 63
59 64
59 95
59 96
59 97
59 108
59 110
59 112
59 114
59 116
59 117
59 118
59 119
59 120
59 121
59 125
59 131
59 134
59 135
59 137
59 143
59 146
59 147
59 157
59 190
59 191
59 194
59 225
59 348
59 351
59 357
59 386
59 395
59 403
59 404
59 406
59 408
59 410
59 412
59 413
59 414
59 418
59 423
59 424
59 443
59 444
59 534
60 61
60 74
60 78
60 79
60 82
60 128
60 138
60 146
60 173
60 345
60 351
60 353
60 354
60 355
60 356
60 358
60 359
60 367
60 375
60 376
60 414
60 421
60 438
61 62
61 66
61 68
61 69
61 74
61 77
61 78
61 81
61 138
61 142
61 146
61 149
61 341
61 345
61 351
61 352
61 353
61 354
61 355
61 356
61 359
61 364
61 365
61 369
61 370
61 372
61 373
61 374
61 421
61 434
61 447
61 448
62 63
62 66
62 67
62 68
62 69
62 73
62 74
62 79
62 81
62 84
62 89
62 91
62 138
62 139
62 146
62 293
62 341
62 345
62 349
62 351
62 352
62 354
62 355
62 356
62 364
62 372
62 376
62 381
62 447
63 64
63 65
63 66
63 78
63 79
63 82
63 113
63 345
63 358
64 95
64 97
64 110
64 112
64 114
64 116
64 117
64 118
64 119
64 120
64 121
64 131
64 135
64 143
64 146
64 147
64 167
64 194
64 348
64 351
64 357
64 358
64 386
64 404
64 412
64 413
64 414
64 423
64 443
64 534
65 78
65 79
65 80
65 82
65 113
65 124
65 127
65 134
65 135
65 138
65 140
65 149
65 150
65 152
65 167
65 341
65 345
65 349
65 357
65 358
65 375
65 403
65 405
65 406
65 421
65 423
65 424
65 436
66 73
66 89
66 185
66 341
66 345
66 349
66 352
66 354
66 355
66 356
66 362
66 363
66 381
67 351
67 352
68 69
68 70
68 71
68 72
68 74
68 77
68 80
68 81
68 83
68 84
68 89
68 91
68 99
68 127
68 128
68 129
68 132
68 133
68 134
68 138
68 139
68 140
68 142
68 144
68 146
68 149
68 162
68 210
68 262
68 293
68 328
68 332
68 345
68 351
68 353
68 354
68 355
68 364
68 365
68 367
68 369
68 370
68 372
68 373
68 374
68 375
68 376
68 381
68 382
68 420
68 421
68 422
68 428
68 429
68 430
68 431
68 433
68 434
68 435
68 439
68 440
68 444
68 445
68 446
68 447
68 448
68 492
68 524
68 579
68 599
68 600
69 70
69 71
69 72
69 74
69 75
69 77
69 79
69 80
69 81
69 82
69 83
69 84
69 91
69 97
69 98
69 99
69 127
69 128
69 129
69 132
69 133
69 134
69 135
69 137
69 138
69 139
69 142
69 144
69 146
69 149
69 293
69 345
69 351
69 353
69 364
69 365
69 366
69 367
69 369
69 370
69 372
69 373
69 374
69 375
69 376
69 420
69 421
69 422
69 428
69 429
69 430
69 433
69 434
69 438
69 439
69 444
69 447
69 448
69 451
69 529
69 563
69 579
69 599
70 71
70 72
70 74
70 77
70 81
70 82
70 97
70 127
70 128
70 129
70 132
70 133
70 134
70 135
70 137
70 138
70 142
70 146
70 149
70 345
70 351
70 353
70 364
70 365
70 366
70 369
70 370
70 372
70 375
70 376
70 421
70 422
70 429
70 434
70 438
70 444
70 447
71 72
71 74
71 76
71 77
71 81
71 127
71 294
71 364
71 365
71 366
71 370
71 372
71 374
71 376
71 422
71 537
71 598
71 599
72 74
72 76
72 77
72 81
72 127
72 129
72 133
72 294
72 364
72 365
72 366
72 369
72 370
72 372
72 374
72 375
72 376
72 422
72 563
72 598
72 599
73 75
73 79
73 83
73 86
73 130
73 135
73 137
73 138
73 139
73 201
73 345
73 367
73 371
73 375
73 376
73 377
73 378
73 403
73 429
73 436
74 75
74 77
74 78
74 79
74 80
74 81
74 82
74 84
74 99
74 127
74 128
74 129
74 132
74 133
74 134
74 135
74 136
74 137
74 138
74 139
74 146
74 149
74 341
74 345
74 351
74 353
74 354
74 355
74 358
74 364
74 365
74 366
74 367
74 369
74 370
74 372
74 373
74 374
74 375
74 376
74 421
74 422
74 423
74 429
74 434
74 438
74 447
74 563
75 78
75 79
75 82
75 83
75 92
75 95
75 96
75 99
75 112
75 114
75 128
75 129
75 130
75 131
75 132
75 133
75 134
75 135
75 137
75 138
75 139
75 365
75 367
75 371
75 373
75 375
75 376
75 386
75 403
75 404
75 407
75 422
75 423
75 429
75 438
75 491
75 563
76 77
76 293
76 294
76 299
76 370
76 598
76 599
77 81
77 91
77 98
77 127
77 128
77 294
77 353
77 354
77 355
77 364
77 365
77 366
77 368
77 369
77 370
77 372
77 373
77 374
77 376
77 420
77 421
77 422
77 447
77 579
77 599
78 79
78 80
78 82
78 128
78 138
78 139
78 146
78 149
78 341
78 345
78 349
78 351
78 353
78 354
78 355
78 358
78 359
78 365
78 369
78 372
78 373
78 375
78 376
78 421
78 429
78 433
79 80
79 82
79 83
79 84
79 86
79 95
79 96
79 99
79 112
79 113
79 114
79 117
79 126
79 128
79 129
79 130
79 131
79 132
79 134
79 135
79 136
79 137
79 138
79 139
79 140
79 146
79 147
79 149
79 150
79 152
79 341
79 345
79 358
79 365
79 367
79 369
79 371
79 373
79 375
79 376
79 377
79 378
79 403
79 404
79 405
79 406
79 418
79 421
79 422
79 423
79 424
79 429
79 433
79 434
79 436
79 438
80 81
80 82
80 83
80 84
80 99
80 127
80 128
80 129
80 132
80 134
80 137
80 138
80 139
80 140
80 144
80 146
80 149
80 150
80 152
80 161
80 345
80 354
80 358
80 365
80 367
80 369
80 372
80 373
80 374
80 375
80 376
80 403
80 418
80 420
80 421
80 422
80 423
80 428
80 429
80 431
80 433
80 434
80 436
80 440
80 448
80 462
81 83
81 84
81 89
81 91
81 98
81 127
81 128
81 139
81 140
81 142
81 144
81 146
81 149
81 328
81 330
81 339
81 345
81 351
81 353
81 354
81 355
81 364
81 365
81 369
81 370
81 372
81 373
81 374
81 376
81 382
81 420
81 421
81 422
81 428
81 430
81 431
81 433
81 434
81 440
81 444
81 446
81 447
81 448
81 579
81 599
82 83
82 84
82 99
82 127
82 128
82 129
82 134
82 137
82 138
82 146
82 149
82 341
82 345
82 358
82 365
82 367
82 369
82 372
82 373
82 375
82 376
82 403
82 404
82 414
82 421
82 422
82 423
82 429
82 438
83 84
83 86
83 99
83 128
83 129
83 130
83 132
83 133
83 134
83 137
83 138
83 139
83 345
83 364
83 365
83 367
83 370
83 371
83 372
83 373
83 374
83 375
83 376
83 377
83 381
83 403
83 421
83 422
83 429
83 433
83 434
83 438
84 127
84 128
84 138
84 139
84 140
84 146
84 149
84 150
84 355
84 364
84 365
84 367
84 370
84 372
84 373
84 374
84 375
84 376
84 377
84 420
84 421
84 422
84 429
84 434
84 440
84 448
85 86
85 88
85 377
86 87
86 88
86 89
86 113
86 130
86 139
86 376
86 377
86 379
86 381
87 112
87 113
87 114
87 116
87 123
87 124
87 126
87 130
87 150
87 194
87 379
87 400
87 403
87 404
87 405
87 406
87 409
87 424
88 89
88 113
88 130
88 377
88 380
88 381
89 91
89 330
89 332
89 338
89 352
89 380
89 381
89 382
89 447
90 220
90 221
90 302
90 304
90 305
90 320
90 321
90 323
90 324
90 327
90 329
90 333
90 334
90 335
90 336
90 338
90 339
90 380
90 389
90 441
90 530
91 98
91 142
91 149
91 323
91 328
91 330
91 332
91 335
91 338
91 339
91 349
91 355
91 365
91 370
91 372
91 374
91 376
91 380
91 381
91 382
91 440
91 441
91 446
91 447
91 448
91 579
92 93
92 94
92 95
92 96
92 108
92 110
92 111
92 112
92 114
92 116
92 117
92 126
92 129
92 131
92 135
92 137
92 147
92 188
92 190
92 191
92 194
92 196
92 201
92 385
92 386
92 391
92 402
92 403
92 404
92 406
92 407
92 423
92 489
92 491
93 94
93 95
93 105
93 107
93 111
93 116
93 117
93 187
93 290
93 301
93 384
93 385
93 386
93 390
93 400
93 407
93 491
94 95
94 105
94 107
94 110
94 111
94 114
94 116
94 117
94 119
94 120
94 156
94 194
94 290
94 301
94 385
94 386
94 390
94 395
94 399
94 400
94 407
94 413
94 491
95 96
95 97
95 108
95 110
95 112
95 114
95 116
95 117
95 118
95 119
95 121
95 123
95 124
95 125
95 126
95 129
95 131
95 134
95 135
95 137
95 143
95 147
95 156
95 157
95 188
95 190
95 191
95 194
95 196
95 198
95 224
95 225
95 350
95 367
95 385
95 386
95 391
95 399
95 402
95 403
95 404
95 406
95 407
95 408
95 409
95 412
95 413
95 417
95 418
95 423
95 424
95 443
95 451
95 490
95 491
95 534
96 99
96 110
96 112
96 114
96 117
96 126
96 128
96 129
96 131
96 132
96 134
96 135
96 137
96 143
96 147
96 157
96 190
96 198
96 210
96 367
96 386
96 403
96 404
96 406
96 423
96 424
96 429
96 451
96 490
96 534
97 98
97 99
97 110
97 112
97 113
97 114
97 118
97 119
97 127
97 128
97 129
97 130
97 131
97 134
97 142
97 143
97 144
97 146
97 147
97 149
97 194
97 282
97 366
97 404
97 412
97 418
97 420
97 421
97 423
97 424
97 434
97 439
97 443
97 444
97 534
97 579
97 580
98 127
98 146
98 282
98 339
98 364
98 365
98 372
98 374
98 447
98 579
99 128
99 129
99 130
99 131
99 132
99 133
99 134
99 135
99 137
99 138
99 140
99 143
99 147
99 149
99 367
99 371
99 373
99 375
99 376
99 403
99 404
99 421
99 422
99 423
99 424
99 429
99 434
99 462
100 221
100 302
100 303
100 304
100 305
100 317
100 319
100 320
100 321
100 322
100 336
100 389
100 398
100 400
100 425
101 103
101 236
101 285
101 286
101 547
102 103
102 203
102 234
102 290
102 581
103 104
103 105
103 106
103 189
103 233
103 234
103 235
103 236
103 237
103 238
103 285
103 286
103 290
103 489
103 521
103 547
103 585
103 586
104 105
104 106
104 187
104 189
104 192
104 235
104 236
104 237
104 238
104 244
104 251
104 266
104 289
104 393
104 495
104 547
104 551
104 562
104 568
104 585
105 106
105 187
105 188
105 196
105 235
105 245
105 290
105 393
106 187
106 189
106 192
106 195
106 232
106 234
106 235
106 236
106 237
106 238
106 239
106 240
106 244
106 247
106 251
106 258
106 266
106 267
106 286
106 493
106 495
106 511
106 547
106 548
106 551
106 562
106 585
106 588
107 111
107 116
107 289
107 385
107 398
107 400
107 586
108 110
108 112
108 114
108 116
108 117
108 118
108 126
108 130
108 131
108 137
108 147
108 156
108 157
108 190
108 191
108 194
108 196
108 198
108 205
108 350
108 386
108 393
108 396
108 404
108 406
108 407
108 408
108 409
108 417
108 443
108 451
108 491
108 492
109 204
109 384
109 394
110 112
110 114
110 116
110 117
110 118
110 119
110 120
110 121
110 123
110 124
110 125
110 126
110 131
110 135
110 137
110 143
110 145
110 147
110 156
110 157
110 190
110 191
110 194
110 198
110 224
110 225
110 348
110 350
110 385
110 386
110 391
110 395
110 396
110 399
110 401
110 403
110 404
110 406
110 407
110 408
110 409
110 412
110 413
110 417
110 418
110 424
110 443
110 451
110 490
110 491
110 492
110 534
111 116
111 194
111 386
111 400
112 113
112 114
112 116
112 117
112 118
112 119
112 123
112 124
112 125
112 126
112 129
112 130
112 131
112 134
112 135
112 137
112 143
112 147
112 157
112 190
112 191
112 194
112 198
112 367
112 386
112 391
112 403
112 404
112 405
112 406
112 407
112 409
112 412
112 413
112 417
112 418
112 423
112 424
112 443
112 451
112 491
112 534
113 114
113 116
113 117
113 118
113 124
113 126
113 130
113 149
113 150
113 357
113 403
113 405
113 406
114 115
114 116
114 117
114 118
114 119
114 123
114 124
114 125
114 126
114 129
114 130
114 131
114 134
114 135
114 137
114 143
114 147
114 156
114 157
114 167
114 190
114 191
114 194
114 198
114 205
114 225
114 348
114 350
114 367
114 371
114 386
114 391
114 403
114 404
114 405
114 406
114 407
114 408
114 409
114 412
114 413
114 417
114 418
114 423
114 424
114 443
114 444
114 451
114 491
114 492
114 534
115 116
115 117
115 337
115 340
115 371
115 386
115 405
115 406
115 407
116 117
116 118
116 120
116 124
116 126
116 130
116 131
116 137
116 147
116 191
116 194
116 301
116 337
116 340
116 379
116 385
116 386
116 403
116 404
116 405
116 406
116 407
116 409
116 413
116 491
117 118
117 119
117 120
117 121
117 123
117 124
117 125
117 126
117 129
117 130
117 131
117 134
117 135
117 137
117 143
117 147
117 156
117 157
117 190
117 191
117 194
117 196
117 198
117 205
117 224
117 225
117 348
117 350
117 385
117 386
117 391
117 395
117 396
117 399
117 403
117 404
117 405
117 406
117 407
117 408
117 409
117 410
117 412
117 413
117 417
117 418
117 424
117 443
117 491
117 492
117 534
118 119
118 120
118 121
118 123
118 124
118 125
118 126
118 131
118 135
118 143
118 147
118 157
118 167
118 190
118 191
118 194
118 198
118 348
118 350
118 357
118 386
118 401
118 404
118 406
118 408
118 409
118 410
118 412
118 413
118 418
118 424
118 439
118 443
118 444
118 492
118 534
119 120
119 121
119 123
119 124
119 125
119 126
119 131
119 143
119 145
119 147
119 156
119 157
119 190
119 191
119 194
119 210
119 224
119 225
119 350
119 386
119 395
119 396
119 399
119 401
119 408
119 409
119 412
119 413
119 416
119 417
119 418
119 424
119 443
119 444
119 445
119 451
119 454
119 461
119 490
119 492
119 515
119 534
119 545
120 121
120 145
120 191
120 194
120 395
120 400
120 401
120 412
120 413
121 123
121 124
121 145
121 147
121 157
121 190
121 191
121 194
121 225
121 348
121 350
121 395
121 399
121 401
121 408
121 409
121 410
121 412
121 413
121 418
121 443
121 445
121 454
121 515
121 534
122 141
122 164
122 199
122 229
122 261
122 263
122 264
122 272
122 277
122 278
122 295
122 297
122 300
122 466
123 124
123 125
123 126
123 131
123 143
123 145
123 147
123 154
123 156
123 157
123 190
123 191
123 194
123 196
123 224
123 225
123 350
123 357
123 385
123 386
123 391
123 395
123 399
123 404
123 406
123 408
123 409
123 412
123 413
123 416
123 417
123 418
123 424
123 435
123 443
123 445
123 451
123 461
123 491
123 515
123 534
123 545
124 125
124 126
124 130
124 131
124 147
124 157
124 191
124 194
124 350
124 357
124 386
124 391
124 403
124 404
124 405
124 406
124 409
124 412
124 413
124 417
124 418
124 424
124 491
124 534
125 126
125 130
125 131
125 134
125 135
125 137
125 143
125 147
125 152
125 153
125 154
125 156
125 157
125 161
125 190
125 191
125 194
125 196
125 198
125 205
125 210
125 224
125 225
125 350
125 378
125 391
125 399
125 403
125 404
125 405
125 406
125 408
125 409
125 412
125 416
125 417
125 418
125 423
125 424
125 435
125 439
125 443
125 444
125 450
125 451
125 461
125 490
125 491
125 492
125 515
125 534
125 545
126 129
126 130
126 131
126 134
126 135
126 137
126 147
126 190
126 191
126 194
126 198
126 201
126 350
126 379
126 385
126 386
126 391
126 403
126 404
126 405
126 406
126 407
126 408
126 409
126 417
126 418
126 423
126 424
126 436
126 451
126 461
126 491
126 534
127 128
127 129
127 144
127 146
127 149
127 282
127 339
127 358
127 364
127 365
127 366
127 369
127 370
127 372
127 373
127 374
127 376
127 420
127 421
127 422
127 434
127 447
127 448
127 579
127 599
128 129
128 131
128 132
128 133
128 134
128 135
128 136
128 137
128 138
128 139
128 140
128 142
128 143
128 146
128 149
128 262
128 345
128 364
128 365
128 367
128 369
128 370
128 372
128 373
128 374
128 375
128 376
128 387
128 404
128 420
128 421
128 422
128 423
128 429
128 433
128 434
128 435
128 438
128 439
128 444
128 447
128 451
128 534
128 563
128 599
128 600
129 130
129 131
129 132
129 133
129 134
129 135
129 136
129 137
129 138
129 146
129 147
129 149
129 190
129 198
129 357
129 364
129 365
129 367
129 369
129 371
129 372
129 373
129 375
129 376
129 403
129 404
129 406
129 418
129 421
129 422
129 423
129 424
129 429
129 434
129 435
129 438
129 444
129 451
129 461
129 534
130 131
130 134
130 135
130 137
130 138
130 147
130 191
130 367
130 371
130 376
130 377
130 378
130 379
130 386
130 403
130 404
130 405
130 406
130 409
130 423
130 424
130 429
130 436
130 444
130 491
131 133
131 134
131 135
131 137
131 143
131 147
131 157
131 190
131 191
131 194
131 198
131 367
131 386
131 391
131 403
131 404
131 406
131 407
131 408
131 409
131 412
131 413
131 417
131 418
131 423
131 424
131 429
131 443
131 451
131 490
131 491
131 534
132 133
132 134
132 135
132 137
132 138
132 139
132 140
132 142
132 143
132 149
132 159
132 162
132 341
132 345
132 364
132 365
132 367
132 369
132 370
132 371
132 372
132 373
132 375
132 376
132 404
132 421
132 422
132 423
132 428
132 429
132 430
132 431
132 433
132 434
132 435
132 438
132 439
132 444
132 447
132 451
132 458
132 492
132 524
132 563
132 600
133 134
133 135
133 136
133 137
133 138
133 143
133 146
133 147
133 149
133 162
133 225
133 364
133 365
133 367
133 369
133 370
133 372
133 373
133 375
133 376
133 387
133 399
133 404
133 421
133 422
133 423
133 428
133 429
133 430
133 434
133 435
133 438
133 439
133 444
133 451
133 461
133 524
133 534
133 563
134 135
134 136
134 137
134 138
134 139
134 140
134 142
134 143
134 146
134 147
134 148
134 149
134 152
134 157
134 159
134 161
134 162
134 190
134 225
134 345
134 358
134 364
134 365
134 366
134 367
134 369
134 371
134 373
134 375
134 376
134 403
134 404
134 406
134 408
134 417
134 418
134 420
134 421
134 422
134 423
134 424
134 428
134 429
134 430
134 434
134 435
134 436
134 438
134 439
134 440
134 443
134 444
134 447
134 451
134 461
134 462
134 492
134 534
135 136
135 137
135 138
135 143
135 147
135 149
135 157
135 162
135 167
135 190
135 345
135 357
135 367
135 371
135 375
135 376
135 386
135 403
135 404
135 406
135 412
135 418
135 421
135 422
135 423
135 424
135 429
135 434
135 435
135 438
135 439
135 443
135 444
135 451
135 491
135 492
135 534
136 137
136 138
136 148
136 149
136 158
136 159
136 161
136 367
136 373
136 403
136 404
136 418
136 422
136 423
136 424
136 429
136 434
136 435
136 461
137 138
137 139
137 143
137 146
137 147
137 149
137 157
137 161
137 190
137 191
137 201
137 205
137 365
137 367
137 371
137 373
137 375
137 376
137 386
137 391
137 403
137 404
137 406
137 408
137 417
137 418
137 422
137 423
137 424
137 429
137 430
137 434
137 435
137 436
137 438
137 443
137 444
137 451
137 461
137 491
137 492
137 506
137 534
138 139
138 140
138 143
138 146
138 147
138 149
138 161
138 162
138 341
138 345
138 353
138 354
138 357
138 358
138 364
138 365
138 367
138 369
138 371
138 372
138 373
138 375
138 376
138 403
138 404
138 418
138 421
138 422
138 423
138 424
138 429
138 430
138 431
138 433
138 434
138 436
138 438
138 440
138 444
138 447
138 462
139 140
139 146
139 149
139 150
139 341
139 345
139 349
139 364
139 365
139 367
139 369
139 370
139 371
139 372
139 373
139 374
139 375
139 376
139 377
139 418
139 422
139 429
139 430
139 431
139 433
139 434
139 440
139 444
139 447
139 448
140 142
140 144
140 146
140 148
140 149
140 150
140 152
140 161
140 162
140 208
140 262
140 357
140 365
140 369
140 373
140 374
140 376
140 418
140 420
140 421
140 422
140 424
140 428
140 430
140 431
140 433
140 434
140 435
140 436
140 437
140 439
140 440
140 444
140 446
140 447
140 448
140 450
140 462
141 164
141 199
141 208
141 214
141 261
141 263
141 264
141 272
141 278
141 300
141 466
141 468
142 144
142 146
142 149
142 152
142 162
142 262
142 328
142 339
142 345
142 351
142 353
142 364
142 365
142 369
142 374
142 376
142 420
142 422
142 428
142 430
142 431
142 432
142 433
142 434
142 439
142 440
142 441
142 444
142 445
142 447
142 448
142 450
142 454
142 524
142 529
142 531
142 579
143 144
143 146
143 147
143 149
143 157
143 190
143 191
143 210
143 224
143 225
143 348
143 357
143 367
143 386
143 403
143 404
143 406
143 412
143 418
143 423
143 424
143 429
143 434
143 435
143 439
143 443
143 444
143 447
143 451
143 454
143 492
143 534
143 545
144 146
144 149
144 152
144 357
144 373
144 420
144 421
144 422
144 434
144 439
144 440
144 444
144 447
144 448
144 579
145 147
145 157
145 190
145 191
145 194
145 224
145 225
145 282
145 395
145 399
145 401
145 412
145 413
145 418
145 443
145 445
145 531
145 534
146 149
146 150
146 341
146 344
146 345
146 351
146 353
146 354
146 357
146 358
146 364
146 365
146 366
146 367
146 369
146 372
146 373
146 374
146 375
146 376
146 418
146 420
146 421
146 422
146 423
146 429
146 430
146 434
146 439
146 440
146 443
146 444
146 447
146 448
146 529
146 534
146 579
147 157
147 167
147 190
147 191
147 194
147 198
147 205
147 210
147 224
147 225
147 348
147 350
147 357
147 367
147 386
147 391
147 399
147 403
147 404
147 406
147 407
147 408
147 409
147 412
147 413
147 416
147 417
147 418
147 423
147 424
147 429
147 435
147 439
147 443
147 444
147 451
147 454
147 461
147 490
147 491
147 492
147 515
147 534
147 545
148 149
148 150
148 151
148 152
148 153
148 161
148 162
148 163
148 418
148 424
148 431
148 434
148 435
148 437
148 440
148 446
148 449
148 461
148 462
149 150
149 151
149 152
149 161
149 162
149 341
149 345
149 351
149 354
149 357
149 358
149 365
149 367
149 369
149 372
149 373
149 374
149 375
149 376
149 418
149 420
149 421
149 422
149 423
149 424
149 428
149 429
149 430
149 431
149 433
149 434
149 435
149 437
149 439
149 440
149 444
149 446
149 447
149 448
149 462
149 534
149 579
150 151
150 152
150 161
150 373
150 374
150 377
150 378
150 418
150 431
150 434
150 437
150 440
150 446
150 448
151 431
151 440
151 446
152 161
152 162
152 357
152 373
152 378
152 418
152 424
152 431
152 434
152 435
152 436
152 439
152 440
152 444
152 448
152 450
153 161
153 208
153 214
153 416
153 449
153 464
153 467
153 468
154 157
154 161
154 171
154 208
154 210
154 416
154 424
154 435
154 439
154 449
154 450
154 451
154 452
154 454
154 461
154 490
154 492
154 515
154 524
154 534
155 449
155 452
155 453
155 543
155 544
156 157
156 191
156 224
156 225
156 386
156 391
156 399
156 416
156 417
156 443
156 467
156 489
156 491
156 534
157 167
157 171
157 190
157 191
157 194
157 198
157 205
157 210
157 224
157 225
157 348
157 350
157 399
157 404
157 406
157 408
157 409
157 410
157 412
157 413
157 417
157 418
157 423
157 424
157 435
157 439
157 443
157 444
157 445
157 450
157 451
157 454
157 461
157 490
157 492
157 514
157 515
157 524
157 534
157 545
157 595
158 159
158 161
158 275
158 428
158 455
158 458
159 161
159 367
159 428
159 429
159 430
159 432
159 434
159 435
159 455
159 456
159 458
159 461
159 462
159 500
159 563
160 180
160 200
160 261
160 297
161 162
161 214
161 275
161 373
161 416
161 418
161 424
161 428
161 431
161 432
161 434
161 435
161 436
161 437
161 440
161 449
161 450
161 451
161 455
161 458
161 461
161 462
161 534
162 253
162 418
162 428
162 431
162 432
162 433
162 434
162 435
162 439
162 440
162 444
162 447
162 450
162 454
162 462
163 254
163 462
164 199
164 200
164 272
164 278
164 466
165 167
165 477
166 475
167 348
167 350
167 357
167 406
167 410
167 413
168 170
168 172
168 247
168 266
168 556
168 572
169 476
170 183
170 189
170 195
170 239
170 247
170 255
170 257
170 258
170 266
170 296
170 538
170 562
170 588
171 202
171 348
171 350
171 418
171 424
171 435
171 451
171 461
171 490
171 492
171 515
172 238
172 240
172 247
172 248
172 478
172 556
174 483
174 526
175 301
176 480
176 523
177 236
177 244
177 562
177 587
178 183
178 247
178 252
178 255
178 257
178 260
178 296
178 481
178 488
178 566
179 187
181 482
182 206
183 189
183 211
183 213
183 229
183 230
183 238
183 239
183 240
183 243
183 247
183 252
183 255
183 256
183 257
183 258
183 259
183 260
183 266
183 268
183 269
183 270
183 273
183 277
183 296
183 488
183 538
183 542
183 548
183 556
183 562
183 566
183 567
183 568
183 570
183 573
183 574
183 575
183 588
184 289
184 301
184 480
184 586
186 471
187 189
187 192
187 251
187 384
187 385
187 393
187 507
188 190
188 196
188 198
188 402
188 417
188 489
188 497
189 192
189 193
189 195
189 213
189 216
189 230
189 232
189 234
189 235
189 236
189 237
189 238
189 239
189 240
189 243
189 244
189 247
189 251
189 256
189 258
189 266
189 269
189 270
189 295
189 493
189 507
189 509
189 511
189 538
189 542
189 547
189 548
189 551
189 562
189 567
189 568
189 573
189 585
189 588
190 191
190 194
190 198
190 205
190 210
190 225
190 348
190 350
190 386
190 399
190 404
190 406
190 408
190 409
190 410
190 412
190 413
190 417
190 418
190 423
190 424
190 435
190 439
190 443
190 444
190 451
190 454
190 459
190 461
190 490
190 492
190 514
190 515
190 524
190 534
190 545
190 595
191 194
191 196
191 198
191 205
191 210
191 224
191 225
191 348
191 350
191 385
191 386
191 395
191 396
191 399
191 404
191 406
191 407
191 408
191 409
191 410
191 412
191 413
191 417
191 418
191 424
191 435
191 443
191 451
191 490
191 491
191 492
191 514
191 515
191 534
192 195
192 239
192 251
192 266
192 269
192 296
192 394
192 551
192 562
193 207
193 213
193 266
193 269
193 270
193 574
194 198
194 350
194 385
194 386
194 395
194 396
194 399
194 401
194 403
194 404
194 406
194 407
194 408
194 409
194 412
194 413
194 417
194 418
194 424
194 443
194 491
194 534
195 211
195 213
195 230
195 239
195 244
195 258
195 260
195 266
195 269
195 295
195 296
195 394
195 493
195 509
195 511
195 542
195 548
195 551
195 562
195 588
196 201
196 224
196 233
196 391
196 402
196 417
196 443
196 489
196 491
196 497
197 215
197 218
197 231
197 460
198 205
198 210
198 280
198 348
198 350
198 404
198 406
198 408
198 424
198 435
198 439
198 443
198 451
198 454
198 459
198 490
198 492
198 514
198 515
198 524
198 534
199 214
199 456
201 205
201 391
201 419
201 436
201 491
201 500
201 506
202 214
202 435
202 490
202 515
205 404
205 435
205 443
205 444
205 451
205 459
205 461
205 490
205 491
205 492
205 506
205 534
206 207
206 234
206 256
207 216
207 234
207 511
208 210
208 298
208 387
208 432
208 435
208 439
208 449
208 450
208 454
208 490
208 492
208 510
208 514
208 524
208 543
208 545
208 595
208 600
209 212
209 215
209 219
209 231
209 265
209 274
209 276
209 278
209 281
209 457
209 465
209 494
209 501
209 510
209 512
209 513
209 519
209 522
209 576
209 577
210 225
210 424
210 434
210 435
210 439
210 443
210 444
210 447
210 450
210 451
210 454
210 459
210 461
210 490
210 492
210 514
210 515
210 524
210 534
210 545
210 595
211 213
211 216
211 229
211 230
211 231
211 239
211 255
211 265
211 266
211 268
211 269
211 270
211 274
211 278
211 281
211 295
211 296
211 493
211 509
211 511
211 513
211 517
211 528
211 542
211 564
211 565
211 572
211 573
211 594
212 219
212 265
212 274
212 465
212 494
213 216
213 229
213 230
213 231
213 234
213 238
213 239
213 247
213 255
213 256
213 258
213 259
213 266
213 268
213 269
213 270
213 273
213 274
213 276
213 295
213 296
213 493
213 507
213 509
213 511
213 538
213 542
213 562
213 567
213 572
213 573
213 574
214 416
214 449
214 468
215 219
215 231
215 274
215 281
215 512
215 513
215 517
215 519
215 565
216 229
216 230
216 231
216 259
216 269
216 270
216 273
216 274
216 278
216 295
216 509
216 511
216 517
216 518
216 519
216 522
216 542
216 565
216 567
216 573
216 574
217 218
219 229
219 231
219 254
219 265
219 268
219 274
219 276
219 278
219 281
219 465
219 512
219 528
219 576
220 221
220 287
220 320
220 323
220 327
220 328
220 329
220 330
220 332
220 333
220 334
220 335
220 336
220 338
220 339
220 529
220 530
220 579
221 287
221 305
221 320
221 333
221 334
221 336
221 389
221 530
222 226
222 227
222 239
222 240
222 242
222 244
222 533
222 535
222 536
222 546
222 548
222 550
222 551
222 552
222 553
222 554
223 397
223 583
224 225
224 245
224 350
224 395
224 397
224 399
224 408
224 417
224 443
224 445
224 492
224 531
224 534
225 350
225 387
225 395
225 399
225 404
225 408
225 409
225 412
225 413
225 416
225 417
225 418
225 424
225 434
225 435
225 439
225 443
225 444
225 445
225 450
225 451
225 454
225 490
225 492
225 515
225 524
225 531
225 534
225 545
225 595
226 227
226 533
226 535
226 536
226 546
226 553
227 241
227 242
227 533
227 535
227 536
227 546
227 552
227 553
228 229
228 255
228 261
228 263
228 264
228 300
228 597
229 230
229 231
229 252
229 255
229 256
229 257
229 259
229 261
229 265
229 268
229 269
229 270
229 272
229 273
229 274
229 276
229 277
229 278
229 281
229 295
229 296
229 466
229 488
229 512
229 516
229 517
229 519
229 522
229 528
229 538
229 541
229 542
229 564
229 565
229 566
229 569
229 570
229 572
229 573
229 574
229 575
229 576
230 231
230 234
230 238
230 239
230 240
230 247
230 248
230 255
230 256
230 258
230 259
230 266
230 268
230 269
230 270
230 273
230 274
230 295
230 296
230 493
230 507
230 509
230 511
230 538
230 542
230 548
230 562
230 565
230 567
230 573
231 259
231 265
231 268
231 270
231 273
231 274
231 281
231 509
231 511
231 512
231 513
231 517
231 519
231 528
231 542
231 565
232 233
232 234
233 290
233 489
233 521
234 235
234 236
234 238
234 239
234 240
234 244
234 247
234 248
234 251
234 258
234 266
234 269
234 270
234 273
234 511
234 538
234 542
234 562
234 567
234 573
234 585
235 236
235 237
235 238
235 240
235 244
235 251
235 284
235 285
235 286
235 546
235 547
235 549
235 551
235 583
236 237
236 238
236 239
236 240
236 243
236 244
236 247
236 251
236 258
236 266
236 267
236 284
236 285
236 286
236 288
236 289
236 290
236 547
236 548
236 549
236 556
236 562
236 585
236 586
236 588
237 238
237 240
237 244
237 258
237 267
237 284
237 285
237 286
237 546
237 547
237 548
237 549
237 553
237 556
237 562
237 583
237 585
237 588
238 239
238 240
238 243
238 244
238 247
238 248
238 251
238 255
238 256
238 258
238 266
238 267
238 269
238 538
238 542
238 547
238 548
238 554
238 556
238 562
238 567
238 573
238 585
238 588
239 240
239 243
239 244
239 247
239 248
239 251
239 255
239 256
239 257
239 258
239 259
239 260
239 266
239 267
239 268
239 269
239 270
239 295
239 296
239 493
239 511
239 538
239 542
239 547
239 548
239 551
239 554
239 562
239 567
239 568
239 573
239 588
240 243
240 244
240 247
240 248
240 258
240 266
240 267
240 538
240 542
240 547
240 548
240 553
240 554
240 556
240 562
240 588
241 242
241 460
241 535
241 536
241 550
241 552
242 535
242 536
242 550
242 552
242 553
243 244
243 247
243 255
243 256
243 258
243 260
243 266
243 267
243 268
243 538
243 547
243 548
243 553
243 554
243 556
243 562
243 566
243 567
243 570
243 588
244 258
244 260
244 266
244 267
244 547
244 548
244 551
244 554
244 556
244 562
244 568
244 588
245 246
245 397
245 532
245 533
246 531
247 248
247 252
247 255
247 256
247 257
247 258
247 259
247 266
247 268
247 269
247 270
247 296
247 538
247 542
247 547
247 548
247 556
247 562
247 566
247 567
247 570
247 573
247 581
247 588
248 250
248 252
248 259
248 266
248 478
248 542
248 556
248 558
249 251
250 252
250 254
250 558
251 266
251 269
251 288
251 289
251 551
251 562
251 585
251 586
252 255
252 259
252 261
252 265
252 268
252 270
252 271
252 272
252 273
252 277
252 466
252 488
252 538
252 556
252 566
252 569
252 570
252 574
252 575
254 463
255 256
255 257
255 258
255 259
255 260
255 261
255 265
255 266
255 268
255 269
255 270
255 273
255 277
255 278
255 295
255 296
255 297
255 466
255 481
255 488
255 538
255 541
255 542
255 548
255 565
255 566
255 567
255 570
255 572
255 574
255 575
255 588
255 592
256 259
256 266
256 268
256 269
256 270
256 538
256 542
256 567
256 570
256 573
257 258
257 259
257 260
257 261
257 266
257 268
257 270
257 273
257 295
257 296
257 297
257 481
257 488
257 566
257 572
257 588
258 260
258 266
258 267
258 269
258 296
258 538
258 547
258 548
258 562
258 567
258 568
258 588
259 260
259 261
259 265
259 266
259 268
259 270
259 272
259 273
259 274
259 277
259 278
259 295
259 296
259 297
259 466
259 509
259 511
259 538
259 542
259 565
259 572
259 574
260 261
260 266
260 267
260 296
260 297
260 540
260 547
260 548
260 568
260 588
261 263
261 264
261 265
261 268
261 277
261 278
261 295
261 296
261 297
261 300
261 466
261 481
261 572
261 592
261 596
261 597
262 299
262 373
262 387
262 420
262 422
262 428
262 430
262 431
262 434
262 456
262 458
262 599
262 600
263 264
263 297
263 298
263 300
263 457
263 468
263 539
263 592
263 596
263 597
264 265
264 271
264 272
264 277
264 278
264 300
264 466
264 468
264 481
264 510
264 544
264 577
265 268
265 271
265 272
265 273
265 274
265 276
265 277
265 278
265 281
265 295
265 466
265 468
265 512
265 516
265 517
265 519
265 522
265 528
265 541
265 564
265 565
265 569
265 570
265 571
265 574
265 576
265 577
265 592
266 267
266 268
266 269
266 270
266 273
266 296
266 538
266 542
266 547
266 548
266 562
266 567
266 572
266 573
266 588
267 547
267 588
268 269
268 270
268 271
268 272
268 273
268 274
268 276
268 277
268 278
268 281
268 295
268 296
268 466
268 488
268 517
268 528
268 538
268 541
268 542
268 564
268 565
268 566
268 570
268 572
268 573
268 574
268 575
269 270
269 273
269 295
269 296
269 493
269 507
269 509
269 511
269 542
269 562
269 567
269 572
269 573
270 272
270 273
270 274
270 276
270 277
270 278
270 295
270 296
270 466
270 538
270 542
270 567
270 572
270 573
270 574
271 272
271 277
271 278
271 466
271 468
271 571
271 574
271 576
272 273
272 274
272 277
272 278
272 466
272 468
272 572
272 574
273 274
273 276
273 277
273 278
273 295
273 296
273 466
273 517
273 519
273 538
273 542
273 565
273 567
273 570
273 572
273 573
273 574
274 276
274 278
274 281
274 295
274 512
274 513
274 517
274 519
274 522
274 528
274 564
274 565
274 572
274 576
275 432
275 455
275 561
276 277
276 278
276 281
276 512
276 513
276 518
276 519
276 522
276 528
276 570
276 571
276 572
276 573
276 577
277 278
277 296
277 466
277 488
277 566
277 570
277 572
277 574
277 575
277 577
278 281
278 295
278 296
278 297
278 457
278 466
278 512
278 517
278 519
278 522
278 528
278 565
278 570
278 571
278 572
278 574
278 576
278 577
279 459
280 465
280 474
280 518
280 522
281 465
281 494
281 512
281 513
281 517
281 522
281 528
281 564
281 565
281 571
281 572
281 576
281 577
282 287
282 339
282 420
282 579
282 580
284 285
284 286
284 583
284 584
285 286
285 290
285 547
285 549
285 583
285 584
286 290
286 547
286 549
286 583
286 584
286 585
287 336
287 529
287 530
288 289
288 482
288 585
288 586
289 290
289 585
289 586
290 391
290 407
290 489
290 585
290 586
293 294
293 299
293 355
293 356
293 364
293 365
293 370
293 372
294 355
294 370
294 372
294 598
294 599
295 296
295 297
295 394
295 493
295 507
295 509
295 511
295 519
295 542
295 564
295 565
295 572
295 574
296 297
296 466
296 493
296 509
296 542
296 572
297 592
297 596
297 597
298 300
298 504
298 597
299 456
299 500
299 539
299 600
300 415
300 457
300 468
300 539
300 592
300 596
300 597
301 317
301 398
301 487
302 303
302 304
302 305
302 307
302 317
302 319
302 320
302 321
302 322
302 336
302 388
302 389
302 398
302 425
302 530
303 304
303 305
303 306
303 307
303 317
303 318
303 319
303 320
303 321
303 322
303 388
303 389
303 398
304 305
304 306
304 308
304 318
304 319
304 320
304 321
304 322
304 323
304 324
304 327
304 329
304 336
304 388
304 389
304 530
305 319
305 320
305 321
305 322
305 323
305 324
305 327
305 329
305 333
305 334
305 335
305 336
305 338
305 388
305 389
305 530
306 308
306 309
306 312
306 313
306 315
306 316
306 319
307 319
308 309
308 312
308 313
308 315
308 316
308 318
308 319
308 326
309 312
309 313
309 315
309 316
309 318
309 319
310 314
310 315
311 317
312 313
312 318
312 319
312 331
313 315
313 316
313 318
313 319
314 315
314 316
315 316
315 319
316 319
317 321
317 388
317 389
317 398
317 487
318 319
318 320
318 324
318 329
318 331
319 320
319 321
319 323
319 324
319 336
319 388
319 389
320 321
320 322
320 323
320 324
320 327
320 329
320 333
320 334
320 335
320 336
320 338
320 388
320 389
320 530
321 322
321 323
321 336
321 388
321 389
321 398
321 425
321 530
322 336
322 389
322 398
322 425
323 324
323 327
323 328
323 329
323 330
323 332
323 335
323 336
323 339
323 380
323 382
323 389
323 441
323 445
323 529
323 530
324 327
324 329
324 331
324 333
324 334
324 336
324 530
327 328
327 329
327 330
327 332
327 333
327 335
327 336
327 339
327 380
327 382
327 441
327 529
327 530
327 582
328 329
328 330
328 332
328 335
328 339
328 382
328 420
328 428
328 529
328 579
329 330
329 331
329 332
329 333
329 334
329 335
329 336
329 338
329 530
330 332
330 335
330 374
330 380
330 382
330 529
332 333
332 335
332 339
332 380
332 382
332 428
332 445
332 529
333 334
333 335
333 336
333 338
333 339
333 530
334 338
334 530
335 336
335 338
335 339
335 380
335 382
335 389
335 441
335 445
335 529
335 530
336 339
336 388
336 389
336 530
337 340
337 342
337 343
337 346
337 349
337 383
337 405
337 480
338 339
338 380
338 381
338 382
338 441
338 530
339 380
339 382
339 420
339 440
339 441
339 448
339 529
339 530
339 579
340 342
340 343
340 346
340 407
341 344
341 345
341 346
341 349
341 351
341 352
341 354
341 355
341 356
341 357
341 358
341 363
341 365
341 369
341 372
341 375
341 421
341 422
341 433
341 434
342 343
342 344
342 346
342 347
342 349
342 362
343 346
343 347
344 346
344 348
344 349
344 351
344 357
344 365
344 369
344 372
344 410
345 349
345 351
345 352
345 353
345 354
345 355
345 356
345 358
345 361
345 363
345 365
345 367
345 369
345 372
345 373
345 374
345 375
345 376
345 421
345 422
345 429
345 433
345 434
345 438
345 440
345 447
346 347
346 349
348 350
348 351
348 357
348 365
348 369
348 404
348 406
348 408
348 409
348 410
348 412
348 413
348 434
348 439
348 443
348 444
348 454
348 475
348 490
348 492
348 534
349 352
349 355
349 356
349 369
349 372
350 357
350 396
350 399
350 404
350 406
350 408
350 409
350 410
350 416
350 417
350 418
350 419
350 424
350 434
350 435
350 436
350 439
350 443
350 444
350 451
350 461
350 464
350 490
350 491
350 492
350 514
350 515
350 534
351 352
351 353
351 358
351 359
351 361
351 365
351 369
351 372
351 376
351 410
351 414
351 421
351 434
351 444
351 447
351 579
352 353
352 360
352 361
352 363
352 369
352 372
353 354
353 355
353 356
353 359
353 364
353 365
353 369
353 370
353 372
353 374
353 376
353 421
353 422
353 434
353 447
353 579
354 355
354 356
354 359
354 364
354 365
354 369
354 370
354 372
354 373
354 374
354 421
354 447
354 448
355 356
355 359
355 364
355 365
355 369
355 370
355 372
355 374
356 363
356 369
357 358
357 369
357 404
357 406
357 408
357 410
357 418
357 421
357 423
357 424
357 434
357 440
357 444
357 447
358 359
358 369
358 372
358 373
358 375
358 376
358 414
358 421
358 422
358 423
359 372
359 414
359 421
360 362
360 363
360 469
361 447
362 363
364 365
364 366
364 367
364 369
364 370
364 372
364 373
364 374
364 375
364 376
364 420
364 421
364 422
364 428
364 429
364 430
364 433
364 434
364 438
364 444
364 447
364 448
364 563
364 599
365 366
365 367
365 368
365 369
365 370
365 372
365 373
365 374
365 375
365 376
365 410
365 420
365 421
365 422
365 423
365 428
365 429
365 430
365 433
365 434
365 435
365 438
365 439
365 444
365 447
365 448
365 492
365 524
365 563
365 579
365 599
366 372
366 421
367 369
367 371
367 373
367 375
367 376
367 377
367 403
367 404
367 406
367 418
367 421
367 422
367 423
367 424
367 429
367 430
367 433
367 434
367 435
367 436
367 438
367 444
367 451
367 461
367 462
367 491
367 492
367 534
367 563
368 369
368 370
368 372
368 373
368 375
368 376
368 422
369 370
369 372
369 373
369 374
369 375
369 376
369 420
369 421
369 422
369 428
369 429
369 430
369 433
369 434
369 440
369 444
369 447
370 372
370 373
370 374
370 375
370 376
370 420
370 421
370 422
370 428
370 429
370 430
370 434
370 447
370 448
370 563
370 579
370 599
371 373
371 375
371 377
371 378
371 403
371 404
371 405
371 406
371 422
371 423
371 429
371 434
371 436
371 491
372 373
372 374
372 375
372 376
372 420
372 421
372 422
372 429
372 430
372 433
372 434
372 440
372 447
372 448
372 579
372 599
373 374
373 375
373 376
373 403
373 420
373 421
373 422
373 423
373 428
373 429
373 430
373 431
373 433
373 434
373 435
373 436
373 440
373 444
373 446
373 447
373 448
373 458
373 462
373 579
374 375
374 376
374 381
374 382
374 420
374 421
374 422
374 428
374 430
374 431
374 433
374 434
374 440
374 446
374 447
374 448
374 579
374 599
375 376
375 403
375 404
375 421
375 422
375 423
375 429
375 430
375 433
375 434
375 436
375 438
375 563
376 377
376 381
376 421
376 422
376 423
376 429
376 430
376 433
376 434
376 438
376 440
376 444
376 447
376 448
377 378
377 379
377 381
378 403
378 404
378 405
378 406
379 406
379 409
380 381
380 382
380 389
380 441
380 530
381 382
382 440
382 441
382 447
382 448
382 579
384 393
385 386
385 390
385 391
385 393
385 395
385 396
385 400
385 407
385 417
385 491
386 391
386 399
386 403
386 404
386 406
386 407
386 409
386 412
386 413
386 417
386 423
386 424
386 443
386 491
386 534
387 415
387 428
387 450
387 531
387 539
387 595
387 600
388 389
389 398
389 425
389 530
390 391
390 395
390 399
390 417
391 403
391 404
391 407
391 416
391 417
391 423
391 424
391 443
391 489
391 491
391 497
392 530
393 495
394 493
394 496
394 499
394 509
394 551
395 396
395 397
395 399
395 401
395 408
395 412
395 443
396 399
396 401
396 408
396 419
397 533
397 535
398 400
398 425
398 586
399 401
399 404
399 408
399 409
399 412
399 417
399 418
399 424
399 435
399 443
399 444
399 445
399 451
399 461
399 490
399 491
399 492
399 534
400 425
401 408
401 409
401 412
401 413
401 445
402 489
402 497
402 520
403 404
403 405
403 406
403 407
403 409
403 418
403 422
403 423
403 424
403 429
403 435
403 436
403 451
403 491
403 534
404 405
404 406
404 407
404 408
404 409
404 412
404 417
404 418
404 421
404 422
404 423
404 424
404 429
404 434
404 435
404 436
404 438
404 443
404 444
404 451
404 461
404 490
404 491
404 492
404 534
405 406
405 407
405 409
405 424
405 436
406 407
406 408
406 409
406 423
406 424
406 435
406 436
406 451
406 491
406 492
406 534
407 409
407 491
408 409
408 410
408 413
408 417
408 418
408 419
408 424
408 434
408 435
408 439
408 443
408 451
408 461
408 490
408 492
408 514
408 534
409 412
409 413
409 418
409 424
409 451
409 491
409 492
409 515
409 534
410 413
410 418
410 434
410 439
410 443
410 444
410 447
410 492
411 494
411 501
411 519
411 520
412 413
412 418
412 423
412 424
412 443
412 454
412 515
412 534
413 443
413 534
414 421
415 539
415 600
416 417
416 418
416 424
416 435
416 436
416 449
416 450
416 461
416 464
416 497
416 515
416 534
416 545
417 418
417 419
417 424
417 435
417 443
417 451
417 461
417 464
417 467
417 491
417 497
417 534
418 423
418 424
418 434
418 435
418 437
418 439
418 440
418 443
418 444
418 445
418 447
418 451
418 454
418 461
418 464
418 492
418 515
418 534
419 435
419 436
419 500
420 421
420 422
420 428
420 430
420 431
420 432
420 433
420 434
420 435
420 439
420 440
420 444
420 445
420 446
420 447
420 448
420 450
420 529
420 579
420 599
420 600
421 422
421 423
421 429
421 434
421 438
421 440
421 447
421 448
421 579
421 580
421 599
422 423
422 428
422 429
422 430
422 431
422 433
422 434
422 435
422 436
422 438
422 439
422 440
422 444
422 446
422 447
422 448
422 451
422 461
422 492
422 524
422 579
422 599
422 600
423 424
423 429
423 434
423 435
423 438
423 451
423 534
424 434
424 435
424 436
424 439
424 443
424 444
424 450
424 451
424 454
424 461
424 490
424 491
424 492
424 515
424 534
424 545
425 530
426 428
427 588
427 589
428 430
428 431
428 432
428 433
428 434
428 435
428 437
428 439
428 440
428 444
428 445
428 446
428 448
428 450
428 455
428 456
428 458
428 461
428 462
428 524
428 563
428 599
428 600
429 430
429 433
429 434
429 438
429 444
429 451
429 462
429 534
429 563
430 431
430 432
430 433
430 434
430 435
430 437
430 440
430 444
430 445
430 446
430 447
430 448
430 450
430 455
430 456
430 458
430 461
430 462
430 464
430 492
430 500
430 563
431 432
431 433
431 434
431 437
431 440
431 444
431 446
431 447
431 448
431 450
431 458
431 462
432 449
432 450
432 455
432 456
432 458
432 462
433 434
433 439
433 440
433 444
433 447
433 448
434 435
434 436
434 437
434 438
434 439
434 440
434 444
434 445
434 446
434 447
434 448
434 450
434 451
434 454
434 458
434 461
434 462
434 490
434 492
434 524
434 534
434 579
435 436
435 439
435 443
435 444
435 449
435 450
435 451
435 454
435 455
435 458
435 459
435 460
435 461
435 464
435 490
435 492
435 514
435 515
435 524
435 534
435 545
435 595
436 451
436 461
436 492
436 500
437 440
437 445
437 446
437 448
437 461
437 462
437 464
438 451
438 459
439 443
439 444
439 445
439 447
439 450
439 451
439 454
439 461
439 490
439 492
439 514
439 515
439 524
439 534
439 545
439 595
440 441
440 444
440 445
440 446
440 447
440 448
441 530
441 579
442 464
442 465
442 578
443 444
443 445
443 447
443 451
443 454
443 490
443 491
443 492
443 515
443 524
443 534
444 445
444 447
444 450
444 451
444 454
444 461
444 490
444 492
444 515
444 524
444 534
444 545
445 446
445 447
445 450
445 454
445 461
445 531
445 534
445 545
446 448
447 448
447 579
448 579
448 599
449 450
449 455
449 458
449 461
449 464
449 467
449 468
449 525
450 451
450 452
450 454
450 455
450 458
450 461
450 490
450 492
450 510
450 514
450 515
450 524
450 531
450 534
450 545
450 595
450 600
451 454
451 459
451 461
451 490
451 491
451 492
451 514
451 515
451 524
451 534
451 545
451 595
452 453
452 454
452 510
452 515
452 524
453 510
453 516
453 541
453 561
453 571
453 576
453 577
454 461
454 490
454 492
454 514
454 515
454 524
454 534
454 545
454 595
455 456
455 458
455 461
455 462
455 463
455 464
456 458
456 500
456 502
456 600
457 504
457 505
457 513
457 577
457 594
457 597
458 462
458 463
458 464
458 563
458 600
459 490
459 492
459 506
459 514
459 578
460 552
461 464
461 490
461 492
461 514
461 515
461 524
461 534
462 464
462 563
463 561
464 525
465 474
465 494
465 501
465 510
465 513
465 514
465 522
465 578
466 468
466 481
466 572
466 574
467 497
467 514
467 515
467 525
467 532
467 595
468 576
470 499
470 559
471 559
472 476
472 576
473 499
474 494
474 501
474 503
474 512
474 513
474 518
474 519
474 522
476 570
479 569
481 486
481 488
481 566
485 507
485 567
487 586
488 528
488 538
488 541
488 564
488 565
488 566
488 569
488 570
488 572
488 574
488 575
488 592
489 497
489 498
489 521
490 492
490 514
490 515
490 524
490 534
490 545
490 595
491 506
491 534
492 514
492 515
492 524
492 534
492 545
492 595
493 495
493 496
493 501
493 507
493 509
493 511
493 513
493 520
493 542
493 548
493 551
493 555
493 562
493 573
494 505
494 510
494 512
494 513
494 514
494 516
494 517
494 519
494 522
494 564
494 571
494 576
494 577
494 594
495 498
495 511
495 520
495 551
496 509
496 519
496 541
496 542
496 555
496 564
496 594
497 498
497 525
497 527
498 511
498 521
498 581
499 509
499 578
500 506
501 509
501 511
501 512
501 513
501 518
501 519
501 520
501 522
502 600
505 516
505 564
505 594
505 597
507 509
507 562
507 567
508 564
509 511
509 513
509 542
509 565
510 516
510 522
510 576
510 577
511 512
511 513
511 520
511 542
511 548
511 573
511 581
512 513
512 516
512 517
512 518
512 519
512 522
512 528
512 541
512 542
512 564
512 565
512 569
512 571
512 573
512 576
512 577
513 517
513 518
513 519
513 522
513 528
513 542
513 565
513 594
514 515
514 524
514 545
514 595
515 523
515 524
515 527
515 534
515 545
515 595
516 517
516 519
516 522
516 528
516 541
516 564
516 565
516 576
516 577
516 592
517 519
517 522
517 528
517 541
517 542
517 564
517 565
517 570
517 571
517 573
517 576
517 592
517 594
518 519
518 520
518 522
518 573
518 577
519 522
519 528
519 541
519 542
519 564
519 565
519 571
519 573
519 576
519 577
519 594
521 581
522 528
522 541
522 564
522 565
522 569
522 571
522 576
522 577
524 534
524 595
526 559
527 532
527 545
528 541
528 542
528 564
528 565
528 569
528 570
528 571
528 572
528 573
528 574
528 575
528 576
528 577
528 592
528 594
529 530
529 531
529 536
529 579
531 534
531 545
531 600
532 533
533 535
533 536
533 553
534 545
534 595
535 536
535 546
535 549
535 550
535 552
535 553
535 554
536 546
536 550
536 552
536 553
538 542
538 548
538 562
538 566
538 567
538 568
538 570
538 573
538 574
539 597
539 600
540 541
540 548
540 554
540 555
540 588
540 594
541 542
541 554
541 564
541 565
541 566
541 569
541 570
541 571
541 574
541 575
541 576
541 592
541 594
542 548
542 562
542 564
542 565
542 567
542 570
542 573
542 574
542 581
544 560
545 595
546 547
546 549
546 553
546 583
547 548
547 549
547 554
547 556
547 568
547 583
547 588
548 550
548 551
548 553
548 554
548 556
548 562
548 573
548 588
549 553
549 554
549 583
550 552
550 553
550 554
551 555
551 562
552 553
553 554
554 555
554 556
554 588
555 594
556 566
556 570
556 574
557 560
561 576
561 592
562 567
562 568
562 573
562 588
564 565
564 570
564 571
564 576
564 592
564 594
565 570
565 571
565 572
565 573
565 574
565 576
565 592
565 594
566 567
566 569
566 570
566 574
566 575
567 570
567 573
567 574
568 588
569 570
569 571
569 574
569 575
569 576
570 571
570 572
570 573
570 574
570 575
570 576
571 572
571 576
571 577
572 573
572 574
573 574
574 575
576 577
579 580
579 599
583 584
585 586
590 591
590 592
590 594
590 597
591 592
591 593
592 593
592 594
592 596
592 597
594 597
595 600
596 597
599 600
