600 7188

1 4
1 5
1 20
1 301
1 302
1 304
1 312
1 317
1 319
1 322
1 323
2 4
2 5
2 11
2 19
2 20
2 21
2 22
2 23
2 24
2 26
2 30
2 31
2 32
2 33
2 35
2 36
2 37
2 38
2 93
2 94
2 96
2 100
2 105
2 106
2 117
2 122
2 156
2 221
2 237
2 302
2 305
2 320
2 321
2 322
2 323
2 324
2 329
2 330
2 331
2 333
2 389
2 392
2 415
2 519
2 530
2 549
2 583
3 5
3 6
3 7
3 93
3 303
3 304
3 308
3 416
4 5
4 11
4 19
4 20
4 21
4 22
4 23
4 24
4 26
4 28
4 29
4 30
4 31
4 32
4 33
4 34
4 35
4 36
4 37
4 38
4 93
4 94
4 95
4 96
4 97
4 100
4 101
4 103
4 104
4 105
4 106
4 107
4 110
4 117
4 120
4 122
4 123
4 221
4 237
4 287
4 290
4 301
4 302
4 304
4 305
4 312
4 320
4 321
4 322
4 323
4 324
4 327
4 328
4 329
4 330
4 331
4 332
4 333
4 334
4 335
4 336
4 386
4 389
4 390
4 391
4 392
4 395
4 397
4 415
4 419
4 487
4 519
4 530
4 533
4 549
4 580
4 583
5 7
5 11
5 18
5 19
5 20
5 21
5 23
5 24
5 26
5 35
5 36
5 37
5 38
5 55
5 90
5 93
5 94
5 97
5 100
5 101
5 103
5 107
5 117
5 118
5 122
5 301
5 302
5 303
5 304
5 305
5 308
5 312
5 319
5 320
5 321
5 322
5 323
5 324
5 329
5 333
5 334
5 335
5 336
5 389
5 391
5 416
5 530
5 580
7 10
7 93
7 303
7 304
7 308
8 12
8 315
8 317
8 341
8 346
8 360
9 245
11 16
11 17
11 18
11 19
11 20
11 21
11 29
11 30
11 31
11 36
11 37
11 38
11 93
11 94
11 95
11 96
11 97
11 98
11 100
11 101
11 103
11 107
11 117
11 122
11 187
11 301
11 302
11 305
11 312
11 316
11 317
11 318
11 319
11 320
11 321
11 327
11 328
11 329
11 330
11 333
11 334
11 335
11 386
11 389
11 398
11 530
11 583
12 16
12 44
12 54
12 56
12 60
12 61
12 65
12 315
12 316
12 317
12 341
12 356
12 360
13 182
14 17
14 19
14 318
15 16
15 18
15 102
15 316
16 18
16 184
16 315
16 316
16 317
16 318
16 319
17 19
17 20
17 21
17 37
17 94
17 318
17 320
17 321
17 523
18 19
18 20
18 21
18 94
18 98
18 102
18 302
18 305
18 316
18 317
18 319
18 320
18 322
18 336
18 580
19 20
19 21
19 37
19 38
19 94
19 96
19 97
19 98
19 100
19 101
19 103
19 107
19 117
19 312
19 318
19 319
19 320
19 321
19 330
19 334
19 335
19 386
19 389
19 523
20 21
20 24
20 26
20 29
20 30
20 31
20 32
20 35
20 36
20 37
20 38
20 93
20 94
20 95
20 96
20 97
20 100
20 101
20 103
20 106
20 107
20 117
20 122
20 187
20 221
20 237
20 301
20 302
20 304
20 305
20 308
20 312
20 318
20 319
20 320
20 321
20 322
20 323
20 324
20 327
20 329
20 330
20 331
20 333
20 334
20 335
20 386
20 389
20 391
20 395
20 530
20 580
20 583
21 23
21 24
21 29
21 30
21 31
21 32
21 35
21 36
21 37
21 38
21 93
21 94
21 95
21 96
21 97
21 99
21 100
21 101
21 103
21 104
21 105
21 106
21 107
21 110
21 111
21 115
21 117
21 118
21 120
21 122
21 187
21 189
21 221
21 301
21 302
21 304
21 305
21 312
21 319
21 320
21 321
21 322
21 323
21 324
21 327
21 328
21 329
21 330
21 331
21 333
21 334
21 335
21 336
21 385
21 386
21 389
21 390
21 391
21 392
21 395
21 398
21 400
21 401
21 410
21 419
21 487
21 530
21 549
21 580
21 583
22 23
22 24
22 25
22 28
22 29
22 30
22 31
22 32
22 33
22 34
22 35
22 36
22 38
22 100
22 106
22 221
22 237
22 287
22 290
22 322
22 323
22 324
22 325
22 329
22 332
22 333
22 335
22 392
22 530
22 549
22 584
23 24
23 28
23 30
23 32
23 33
23 35
23 36
23 37
23 38
23 90
23 122
23 237
23 302
23 305
23 321
23 322
23 323
23 324
23 329
23 331
23 333
23 389
23 392
23 415
23 519
23 530
24 27
24 30
24 32
24 35
24 36
24 37
24 38
24 90
24 93
24 94
24 100
24 122
24 221
24 237
24 301
24 302
24 304
24 305
24 308
24 321
24 322
24 323
24 324
24 329
24 331
24 333
24 335
24 389
24 391
24 415
24 416
24 419
24 530
24 549
24 580
25 28
25 31
25 34
25 284
25 285
25 287
25 325
25 584
26 28
26 30
26 31
26 32
26 33
26 34
26 35
26 156
26 237
26 302
26 312
26 329
26 330
26 333
26 583
27 28
27 30
27 32
27 106
27 237
27 302
27 305
27 329
27 333
28 29
28 30
28 31
28 32
28 33
28 34
28 36
28 237
28 287
28 329
28 332
28 333
28 549
28 584
29 30
29 31
29 32
29 33
29 34
29 36
29 122
29 221
29 237
29 287
29 290
29 302
29 319
29 321
29 324
29 327
29 328
29 329
29 330
29 332
29 333
29 335
29 389
29 549
29 583
29 584
30 31
30 32
30 33
30 34
30 35
30 36
30 100
30 106
30 221
30 237
30 287
30 302
30 305
30 321
30 322
30 323
30 324
30 325
30 327
30 328
30 329
30 330
30 331
30 332
30 333
30 335
30 389
30 519
30 530
30 549
30 583
30 584
31 32
31 33
31 34
31 36
31 106
31 122
31 136
31 141
31 156
31 221
31 237
31 285
31 287
31 290
31 302
31 305
31 321
31 322
31 325
31 327
31 329
31 330
31 332
31 333
31 335
31 448
31 504
31 530
31 533
31 549
31 583
31 584
32 33
32 34
32 35
32 36
32 37
32 38
32 100
32 105
32 106
32 220
32 221
32 237
32 287
32 302
32 305
32 321
32 322
32 323
32 324
32 327
32 328
32 329
32 330
32 331
32 332
32 333
32 335
32 389
32 392
32 519
32 530
32 533
32 549
32 583
32 584
33 34
33 35
33 36
33 105
33 106
33 136
33 220
33 221
33 237
33 285
33 287
33 323
33 328
33 329
33 330
33 331
33 332
33 333
33 397
33 448
33 519
33 530
33 533
33 549
33 583
33 584
34 36
34 136
34 140
34 220
34 221
34 237
34 285
34 287
34 325
34 329
34 330
34 332
34 333
34 335
34 428
34 430
34 437
34 448
34 456
34 474
34 530
34 533
34 549
34 583
34 584
35 36
35 37
35 38
35 93
35 94
35 95
35 96
35 97
35 100
35 101
35 103
35 104
35 105
35 106
35 107
35 110
35 111
35 117
35 120
35 122
35 189
35 221
35 222
35 237
35 301
35 302
35 305
35 320
35 321
35 322
35 323
35 324
35 328
35 329
35 330
35 331
35 332
35 333
35 334
35 335
35 336
35 385
35 386
35 389
35 390
35 391
35 392
35 395
35 397
35 400
35 401
35 410
35 415
35 419
35 487
35 519
35 530
35 533
35 549
35 580
35 583
36 37
36 38
36 100
36 106
36 122
36 123
36 220
36 221
36 237
36 287
36 301
36 302
36 305
36 321
36 322
36 323
36 324
36 325
36 327
36 328
36 329
36 330
36 332
36 333
36 334
36 335
36 389
36 392
36 397
36 415
36 419
36 461
36 487
36 530
36 533
36 549
36 580
36 583
36 584
37 38
37 55
37 93
37 94
37 95
37 96
37 97
37 99
37 100
37 101
37 103
37 104
37 105
37 106
37 107
37 110
37 111
37 117
37 118
37 120
37 122
37 123
37 189
37 221
37 222
37 301
37 302
37 304
37 305
37 312
37 319
37 320
37 321
37 322
37 323
37 324
37 328
37 329
37 330
37 331
37 332
37 333
37 334
37 335
37 336
37 378
37 384
37 385
37 386
37 387
37 389
37 390
37 391
37 392
37 395
37 400
37 401
37 409
37 410
37 415
37 416
37 419
37 487
37 530
37 533
37 549
37 580
37 583
38 55
38 90
38 93
38 94
38 95
38 96
38 97
38 99
38 100
38 101
38 103
38 104
38 105
38 106
38 107
38 110
38 111
38 116
38 117
38 118
38 120
38 122
38 189
38 221
38 222
38 301
38 302
38 304
38 305
38 312
38 319
38 320
38 321
38 322
38 323
38 324
38 328
38 329
38 330
38 331
38 332
38 333
38 334
38 335
38 336
38 378
38 386
38 387
38 389
38 390
38 391
38 392
38 395
38 400
38 401
38 409
38 410
38 415
38 416
38 419
38 487
38 530
38 533
38 549
38 580
38 583
39 42
39 123
39 124
39 125
39 154
40 49
40 54
40 73
40 80
40 91
40 149
40 349
40 434
40 435
40 441
40 447
41 43
41 45
41 46
41 48
41 89
41 90
41 338
41 339
41 340
41 342
41 343
41 347
41 350
41 381
41 382
42 92
42 93
42 95
42 96
42 99
42 109
42 110
42 112
42 113
42 114
42 115
42 116
42 120
42 121
42 123
42 124
42 130
42 141
42 147
42 154
42 193
42 201
42 203
42 298
42 337
42 395
42 396
42 397
42 398
42 399
42 401
42 403
42 404
42 406
42 407
42 412
42 416
42 417
42 419
42 450
42 451
42 474
42 491
42 501
42 595
43 46
43 48
43 89
43 90
43 338
43 339
43 342
43 343
43 347
43 380
43 382
44 51
44 54
44 58
44 61
44 65
44 81
44 315
44 341
44 345
44 349
44 354
44 355
44 356
44 434
45 46
45 47
45 48
45 52
45 87
45 89
45 90
45 340
45 344
45 346
45 347
45 348
45 350
45 364
45 376
45 377
45 381
45 579
46 47
46 48
46 89
46 98
46 340
46 346
46 381
47 48
47 52
47 57
47 90
47 340
47 344
47 346
47 348
47 350
48 51
48 52
48 54
48 58
48 81
48 87
48 89
48 90
48 338
48 339
48 340
48 342
48 343
48 344
48 346
48 347
48 350
48 356
48 364
48 380
48 381
48 382
48 579
49 54
49 61
49 80
49 81
49 84
49 87
49 126
49 140
49 149
49 150
49 345
49 349
49 352
49 355
49 374
49 423
49 425
49 434
49 435
49 436
49 448
50 53
50 59
50 64
50 124
50 136
50 146
50 147
50 156
50 157
50 351
50 414
50 417
50 418
50 447
50 448
50 450
50 451
50 501
50 515
51 58
51 61
51 62
51 66
51 67
51 317
51 339
51 342
51 343
51 345
51 354
51 355
51 356
51 358
51 360
51 362
51 363
51 382
52 55
52 90
52 118
52 340
52 344
52 346
52 347
52 348
52 350
53 56
53 59
53 60
53 64
53 147
53 346
53 351
53 353
53 354
53 359
53 412
53 413
53 414
54 56
54 58
54 61
54 65
54 73
54 75
54 79
54 80
54 81
54 87
54 126
54 341
54 345
54 349
54 351
54 354
54 355
54 357
54 374
54 434
55 57
55 93
55 95
55 96
55 99
55 101
55 107
55 111
55 116
55 117
55 118
55 120
55 121
55 122
55 123
55 124
55 147
55 157
55 262
55 301
55 334
55 335
55 337
55 340
55 344
55 348
55 350
55 378
55 386
55 387
55 391
55 400
55 401
55 409
55 410
55 412
55 413
55 415
55 416
55 418
55 419
55 530
55 580
55 595
56 58
56 60
56 61
56 65
56 73
56 75
56 79
56 80
56 345
56 349
56 353
56 354
56 355
56 357
56 359
56 434
56 447
56 585
57 123
57 124
57 157
57 346
57 348
57 350
57 412
57 416
57 418
58 61
58 62
58 65
58 66
58 67
58 81
58 84
58 87
58 315
58 317
58 341
58 345
58 352
58 354
58 355
58 356
58 357
58 358
58 360
58 362
58 374
58 434
59 60
59 63
59 64
59 145
59 184
59 262
59 346
59 351
59 358
59 361
59 363
59 396
59 403
59 406
59 407
59 414
59 424
60 61
60 63
60 64
60 65
60 73
60 79
60 351
60 353
60 354
60 358
60 359
60 361
60 414
60 447
61 65
61 67
61 73
61 79
61 81
61 87
61 315
61 341
61 345
61 349
61 352
61 353
61 354
61 355
61 356
61 357
61 358
61 359
61 434
62 66
62 67
62 86
62 184
62 317
62 338
62 339
62 342
62 343
62 344
62 345
62 355
62 356
62 358
62 360
62 362
62 363
62 382
62 579
63 65
63 341
63 353
63 354
63 356
63 358
63 361
63 363
64 147
64 346
64 351
64 353
64 359
64 361
64 406
64 413
64 414
65 81
65 315
65 341
65 345
65 351
65 353
65 354
65 355
65 356
65 357
65 358
65 359
65 361
66 67
66 86
66 309
66 317
66 339
66 342
66 343
66 345
66 355
66 356
66 358
66 360
66 362
66 363
66 376
66 382
66 579
67 317
67 338
67 339
67 342
67 343
67 345
67 354
67 355
67 356
67 358
67 360
67 361
67 362
67 363
67 382
68 293
68 294
68 365
68 377
68 591
69 365
69 368
70 132
71 296
72 129
72 367
72 370
72 372
73 75
73 79
73 80
73 138
73 139
73 149
73 341
73 345
73 349
73 352
73 353
73 357
73 359
73 430
73 434
73 435
73 447
74 135
74 175
74 250
74 269
74 275
74 367
74 370
74 372
74 463
75 79
75 80
75 83
75 87
75 138
75 139
75 341
75 357
75 359
75 367
75 371
75 373
75 430
75 434
75 447
75 585
76 129
76 299
76 370
76 422
77 371
78 82
78 250
79 80
79 83
79 138
79 139
79 140
79 341
79 349
79 353
79 357
79 359
79 371
79 373
79 430
79 431
79 434
79 447
80 84
80 87
80 91
80 126
80 138
80 139
80 140
80 345
80 349
80 357
80 367
80 374
80 377
80 379
80 380
80 425
80 430
80 434
80 435
80 436
81 87
81 315
81 341
81 345
81 349
81 355
81 356
81 434
82 478
83 340
83 341
83 346
83 357
83 376
83 422
84 87
84 126
84 139
84 140
84 345
84 349
84 357
84 374
84 377
84 380
84 434
85 262
86 88
86 90
86 294
86 388
87 126
87 139
87 140
87 341
87 345
87 349
87 357
87 374
87 377
87 379
87 380
87 425
87 434
88 89
88 90
88 116
88 117
88 118
88 378
88 409
88 410
89 90
89 98
89 299
89 340
89 350
89 381
89 579
90 97
90 117
90 118
90 122
90 301
90 302
90 304
90 305
90 324
90 339
90 343
90 344
90 347
90 348
90 350
90 387
90 388
90 391
90 409
90 410
90 579
90 580
91 149
91 349
91 425
91 434
91 435
91 441
92 93
92 95
92 96
92 99
92 101
92 109
92 110
92 111
92 112
92 114
92 115
92 116
92 120
92 123
92 124
92 130
92 147
92 173
92 201
92 395
92 401
92 403
93 94
93 95
93 96
93 97
93 99
93 100
93 101
93 103
93 104
93 107
93 110
93 111
93 115
93 116
93 117
93 118
93 120
93 122
93 123
93 124
93 147
93 301
93 302
93 304
93 305
93 308
93 312
93 320
93 321
93 322
93 324
93 333
93 335
93 385
93 386
93 387
93 389
93 390
93 391
93 395
93 400
93 401
93 409
93 410
93 415
93 416
93 419
93 487
93 530
93 580
93 581
94 95
94 96
94 97
94 98
94 99
94 100
94 101
94 103
94 104
94 107
94 111
94 116
94 117
94 118
94 120
94 122
94 187
94 189
94 301
94 302
94 304
94 305
94 312
94 318
94 319
94 320
94 321
94 322
94 324
94 329
94 330
94 333
94 334
94 335
94 336
94 385
94 386
94 389
94 390
94 391
94 395
94 398
94 400
94 410
94 416
94 487
94 530
94 580
95 96
95 97
95 99
95 100
95 101
95 103
95 104
95 105
95 106
95 107
95 108
95 109
95 110
95 111
95 115
95 116
95 117
95 118
95 120
95 121
95 122
95 123
95 124
95 130
95 147
95 173
95 187
95 188
95 189
95 201
95 305
95 320
95 321
95 328
95 333
95 335
95 378
95 384
95 385
95 386
95 387
95 389
95 390
95 391
95 392
95 393
95 395
95 398
95 399
95 400
95 401
95 402
95 409
95 410
95 416
95 417
95 419
95 487
95 503
95 519
95 530
95 580
95 581
96 97
96 99
96 100
96 101
96 103
96 104
96 105
96 106
96 107
96 108
96 109
96 110
96 111
96 115
96 116
96 117
96 118
96 120
96 121
96 122
96 123
96 124
96 130
96 147
96 189
96 201
96 221
96 222
96 262
96 301
96 305
96 320
96 321
96 328
96 330
96 333
96 334
96 335
96 348
96 378
96 384
96 385
96 386
96 387
96 389
96 390
96 391
96 392
96 395
96 398
96 399
96 400
96 401
96 407
96 409
96 410
96 415
96 416
96 417
96 419
96 474
96 477
96 487
96 519
96 530
96 580
96 581
96 583
96 595
97 98
97 99
97 100
97 101
97 103
97 104
97 106
97 107
97 111
97 115
97 116
97 117
97 118
97 120
97 187
97 189
97 302
97 304
97 305
97 319
97 320
97 321
97 324
97 333
97 334
97 335
97 336
97 378
97 385
97 386
97 387
97 389
97 390
97 391
97 392
97 395
97 400
97 401
97 410
97 530
97 580
97 583
98 184
98 317
98 319
98 320
98 388
98 579
99 100
99 101
99 103
99 104
99 105
99 106
99 107
99 108
99 109
99 110
99 111
99 112
99 113
99 114
99 115
99 116
99 117
99 118
99 119
99 120
99 121
99 122
99 123
99 124
99 130
99 147
99 189
99 201
99 221
99 262
99 301
99 321
99 330
99 333
99 334
99 335
99 337
99 378
99 384
99 385
99 386
99 387
99 389
99 390
99 391
99 395
99 398
99 399
99 400
99 401
99 406
99 407
99 409
99 410
99 416
99 417
99 419
99 474
99 477
99 487
99 519
99 530
99 580
99 581
99 583
99 595
100 101
100 103
100 104
100 105
100 106
100 107
100 108
100 110
100 111
100 115
100 117
100 118
100 120
100 189
100 201
100 221
100 290
100 301
100 302
100 304
100 305
100 320
100 321
100 322
100 323
100 324
100 327
100 328
100 329
100 330
100 333
100 334
100 335
100 336
100 385
100 386
100 389
100 390
100 391
100 392
100 395
100 398
100 400
100 401
100 410
100 419
100 487
100 530
100 549
100 580
100 581
100 583
101 103
101 104
101 105
101 106
101 107
101 108
101 110
101 111
101 115
101 116
101 117
101 118
101 120
101 123
101 124
101 184
101 187
101 189
101 201
101 301
101 302
101 304
101 305
101 312
101 319
101 320
101 321
101 324
101 328
101 330
101 333
101 334
101 335
101 378
101 384
101 385
101 386
101 387
101 389
101 390
101 391
101 395
101 398
101 400
101 401
101 409
101 410
101 416
101 417
101 419
101 487
101 530
101 580
101 581
102 336
102 392
102 476
102 567
102 569
103 104
103 106
103 107
103 108
103 110
103 111
103 115
103 116
103 117
103 118
103 120
103 187
103 189
103 302
103 304
103 305
103 320
103 321
103 322
103 324
103 333
103 335
103 336
103 378
103 385
103 386
103 387
103 389
103 390
103 391
103 392
103 395
103 398
103 400
103 401
103 410
103 419
103 487
103 530
103 580
103 581
104 105
104 106
104 107
104 108
104 109
104 110
104 111
104 115
104 116
104 117
104 118
104 120
104 189
104 201
104 221
104 302
104 305
104 321
104 322
104 328
104 333
104 335
104 385
104 386
104 389
104 390
104 391
104 392
104 393
104 395
104 397
104 398
104 399
104 400
104 401
104 419
104 487
104 519
104 530
104 580
104 581
105 106
105 107
105 108
105 109
105 110
105 111
105 113
105 114
105 115
105 120
105 123
105 189
105 193
105 194
105 201
105 220
105 221
105 222
105 223
105 226
105 227
105 321
105 328
105 329
105 330
105 333
105 335
105 390
105 391
105 395
105 396
105 397
105 398
105 399
105 400
105 401
105 417
105 419
105 450
105 460
105 487
105 501
105 526
105 530
105 533
105 553
105 583
106 110
106 111
106 115
106 120
106 189
106 201
106 221
106 222
106 237
106 287
106 302
106 305
106 321
106 322
106 323
106 324
106 327
106 328
106 329
106 330
106 332
106 333
106 335
106 336
106 389
106 390
106 392
106 395
106 397
106 415
106 419
106 487
106 519
106 530
106 533
106 549
106 583
107 108
107 110
107 111
107 115
107 116
107 117
107 118
107 120
107 122
107 123
107 124
107 130
107 147
107 201
107 221
107 262
107 301
107 302
107 304
107 305
107 312
107 319
107 320
107 321
107 328
107 330
107 332
107 333
107 334
107 335
107 378
107 385
107 386
107 387
107 389
107 390
107 391
107 395
107 398
107 400
107 401
107 409
107 410
107 415
107 416
107 417
107 419
107 519
107 530
107 580
107 581
107 583
108 109
108 110
108 111
108 115
108 120
108 173
108 188
108 189
108 192
108 201
108 228
108 384
108 385
108 386
108 389
108 390
108 391
108 393
108 395
108 398
108 399
108 400
108 401
108 402
108 419
108 487
108 489
108 503
108 581
108 586
109 110
109 111
109 112
109 114
109 115
109 116
109 117
109 118
109 119
109 120
109 121
109 123
109 124
109 130
109 147
109 154
109 173
109 188
109 189
109 193
109 201
109 337
109 378
109 384
109 385
109 387
109 390
109 391
109 393
109 395
109 398
109 399
109 400
109 401
109 407
109 409
109 410
109 412
109 416
109 595
110 111
110 112
110 113
110 114
110 115
110 116
110 117
110 118
110 119
110 120
110 121
110 123
110 124
110 130
110 147
110 188
110 189
110 193
110 194
110 201
110 220
110 221
110 222
110 223
110 226
110 283
110 301
110 321
110 328
110 333
110 335
110 384
110 385
110 386
110 390
110 391
110 395
110 397
110 398
110 399
110 400
110 401
110 409
110 412
110 416
110 417
110 419
110 487
110 526
110 530
110 533
110 581
110 583
110 595
111 115
111 116
111 117
111 118
111 120
111 121
111 130
111 189
111 283
111 301
111 305
111 321
111 322
111 335
111 336
111 378
111 384
111 385
111 386
111 387
111 389
111 390
111 391
111 393
111 395
111 398
111 400
111 401
111 409
111 410
111 416
111 419
111 487
111 530
111 580
111 581
112 113
112 114
112 115
112 119
112 120
112 123
112 124
112 125
112 130
112 131
112 136
112 141
112 147
112 193
112 262
112 298
112 397
112 399
112 403
112 404
112 406
112 407
112 408
112 412
112 417
112 419
112 450
112 451
112 454
112 459
112 474
112 490
112 491
112 501
112 576
112 595
113 114
113 115
113 123
113 124
113 125
113 130
113 147
113 193
113 201
113 397
113 399
113 417
113 419
113 450
113 451
113 474
113 501
114 115
114 119
114 123
114 124
114 125
114 130
114 147
114 154
114 155
114 176
114 190
114 193
114 201
114 233
114 298
114 404
114 406
114 408
114 417
114 450
114 451
114 459
114 474
114 490
114 491
114 499
114 501
114 502
114 503
114 504
114 505
114 595
115 116
115 117
115 118
115 120
115 121
115 123
115 124
115 130
115 147
115 173
115 189
115 201
115 262
115 335
115 337
115 378
115 385
115 386
115 387
115 390
115 391
115 395
115 398
115 399
115 400
115 401
115 403
115 406
115 407
115 416
115 417
115 419
115 474
115 487
115 530
115 595
116 117
116 118
116 119
116 120
116 121
116 123
116 124
116 130
116 147
116 173
116 187
116 189
116 201
116 262
116 334
116 335
116 337
116 340
116 348
116 378
116 381
116 385
116 386
116 387
116 390
116 391
116 395
116 398
116 400
116 401
116 405
116 409
116 410
116 412
116 416
116 419
116 530
116 595
117 118
117 120
117 122
117 123
117 124
117 130
117 189
117 262
117 301
117 302
117 304
117 305
117 319
117 320
117 321
117 324
117 333
117 334
117 335
117 336
117 348
117 378
117 385
117 386
117 387
117 389
117 390
117 391
117 392
117 395
117 398
117 400
117 401
117 409
117 410
117 415
117 416
117 419
117 530
117 580
118 120
118 121
118 122
118 123
118 124
118 130
118 147
118 262
118 301
118 305
118 320
118 321
118 335
118 337
118 340
118 344
118 348
118 350
118 378
118 381
118 385
118 386
118 387
118 389
118 390
118 391
118 395
118 398
118 400
118 401
118 409
118 410
118 413
118 415
118 416
118 419
118 530
118 580
118 595
119 120
119 121
119 124
119 147
119 193
119 222
119 223
119 225
119 283
119 298
119 399
119 401
119 409
119 412
119 534
119 595
120 121
120 122
120 123
120 124
120 130
120 147
120 189
120 201
120 221
120 222
120 262
120 301
120 305
120 320
120 321
120 322
120 333
120 334
120 335
120 337
120 348
120 378
120 384
120 385
120 386
120 387
120 389
120 390
120 391
120 395
120 396
120 397
120 398
120 399
120 400
120 401
120 406
120 407
120 409
120 410
120 412
120 415
120 416
120 417
120 419
120 474
120 487
120 530
120 580
120 581
120 595
121 124
121 130
121 147
121 188
121 193
121 222
121 283
121 301
121 307
121 337
121 348
121 378
121 384
121 387
121 391
121 395
121 399
121 400
121 401
121 405
121 407
121 409
121 410
121 412
121 413
121 416
121 419
121 595
122 123
122 201
122 301
122 302
122 304
122 305
122 319
122 320
122 321
122 322
122 323
122 324
122 329
122 330
122 333
122 335
122 385
122 386
122 388
122 389
122 391
122 415
122 416
122 419
122 519
122 530
122 580
122 583
123 124
123 125
123 130
123 147
123 154
123 157
123 193
123 201
123 221
123 262
123 298
123 301
123 330
123 332
123 333
123 335
123 395
123 398
123 409
123 415
123 416
123 417
123 419
123 424
123 450
123 474
123 504
123 519
123 530
123 583
123 595
124 125
124 130
124 147
124 156
124 157
124 193
124 201
124 262
124 298
124 301
124 335
124 395
124 399
124 401
124 407
124 409
124 412
124 415
124 416
124 417
124 418
124 419
124 450
124 451
124 474
124 515
124 530
124 595
125 136
125 147
125 154
125 155
125 233
125 417
125 449
125 510
125 518
125 543
125 595
126 139
126 140
126 345
126 374
126 379
126 380
126 425
126 430
126 434
126 435
126 436
127 502
128 131
128 153
128 178
128 183
128 208
128 215
128 246
128 257
128 260
128 263
128 264
128 278
128 279
128 280
128 296
128 297
128 300
129 328
129 370
129 372
129 421
129 422
129 423
129 424
130 147
130 262
130 335
130 337
130 378
130 387
130 398
130 401
130 403
130 405
130 406
130 407
130 416
130 419
130 474
130 477
130 500
130 504
130 530
130 595
131 136
131 148
131 153
131 155
131 161
131 163
131 176
131 190
131 260
131 277
131 278
131 280
131 281
131 300
131 438
131 449
131 452
131 455
131 458
131 465
131 466
131 468
131 490
131 492
131 510
131 517
131 576
132 133
132 158
132 462
132 563
133 535
134 141
134 149
134 199
134 404
134 423
134 437
134 446
135 137
135 138
135 242
135 253
135 275
135 367
135 370
135 439
135 462
135 552
135 558
135 561
136 141
136 144
136 146
136 148
136 149
136 150
136 152
136 158
136 159
136 160
136 161
136 162
136 199
136 220
136 285
136 287
136 330
136 332
136 397
136 404
136 406
136 408
136 428
136 432
136 437
136 438
136 440
136 442
136 448
136 449
136 450
136 451
136 455
136 456
136 458
136 464
136 466
136 490
136 491
136 501
136 502
136 504
136 505
136 533
136 543
136 576
136 584
137 138
137 149
137 161
137 242
137 367
137 428
137 430
137 431
137 435
137 437
137 466
138 139
138 140
138 149
138 260
138 285
138 367
138 373
138 428
138 430
138 431
138 435
138 436
139 140
139 285
139 341
139 357
139 373
139 431
139 434
140 149
140 332
140 341
140 345
140 373
140 374
140 430
140 431
140 434
140 435
140 461
141 149
141 150
141 152
141 161
141 332
141 404
141 423
141 430
141 435
141 446
141 448
141 451
141 501
142 144
142 149
142 156
142 448
143 234
143 244
143 439
143 443
144 146
144 148
144 149
144 162
144 437
144 438
144 449
144 455
144 510
144 575
144 576
145 262
146 148
146 149
146 158
146 159
146 162
146 227
146 397
146 404
146 428
146 437
146 439
146 440
146 444
146 447
146 451
146 455
146 456
146 501
147 156
147 157
147 193
147 262
147 298
147 395
147 399
147 401
147 407
147 412
147 413
147 416
147 417
147 418
147 450
147 515
147 595
148 149
148 152
148 153
148 158
148 159
148 160
148 161
148 162
148 163
148 220
148 232
148 242
148 253
148 275
148 277
148 428
148 437
148 438
148 439
148 440
148 444
148 448
148 449
148 451
148 455
148 456
148 458
148 462
148 464
148 465
148 466
148 510
148 517
148 518
148 543
148 544
148 545
148 558
148 561
148 575
148 576
149 150
149 152
149 159
149 161
149 242
149 423
149 428
149 430
149 431
149 435
149 437
149 440
149 441
149 446
149 447
149 448
149 466
150 152
150 159
150 160
150 161
150 366
150 404
150 430
150 437
150 440
150 446
150 448
150 456
150 584
151 153
151 161
151 178
151 242
151 272
151 278
151 279
151 281
151 297
151 466
151 578
152 156
152 404
152 437
152 440
152 444
152 446
152 448
152 456
153 163
153 178
153 219
153 242
153 260
153 269
153 270
153 272
153 275
153 277
153 278
153 279
153 449
153 465
153 466
153 514
153 589
154 191
154 193
154 194
154 201
154 417
154 503
154 595
155 190
155 232
155 267
155 274
155 452
155 510
155 517
156 157
156 330
156 351
156 417
156 418
156 424
156 448
156 450
156 451
156 515
157 233
157 351
157 412
157 415
157 417
157 418
157 454
157 515
158 159
158 160
158 162
158 163
158 227
158 242
158 253
158 275
158 428
158 437
158 438
158 439
158 440
158 448
158 449
158 451
158 455
158 456
158 458
158 462
158 463
158 464
158 466
158 499
158 544
158 545
158 552
158 558
158 561
158 563
158 570
158 575
158 576
159 160
159 161
159 162
159 163
159 199
159 227
159 277
159 404
159 428
159 432
159 437
159 440
159 442
159 449
159 451
159 455
159 456
159 458
159 462
159 464
159 466
159 490
159 491
159 501
159 502
159 504
159 537
159 575
159 576
159 578
159 584
160 161
160 396
160 404
160 406
160 408
160 424
160 428
160 432
160 437
160 440
160 442
160 446
160 450
160 451
160 455
160 456
160 458
160 464
160 466
160 491
160 501
160 502
160 504
160 584
161 199
161 277
161 281
161 406
161 408
161 428
161 432
161 437
161 442
161 448
161 449
161 451
161 455
161 456
161 458
161 464
161 465
161 466
161 491
161 501
161 504
161 576
161 578
161 584
162 163
162 227
162 232
162 242
162 250
162 253
162 275
162 428
162 437
162 439
162 443
162 444
162 449
162 453
162 455
162 456
162 458
162 462
162 463
162 464
162 466
162 510
162 518
162 543
162 544
162 545
162 552
162 558
162 561
162 575
163 232
163 242
163 250
163 253
163 254
163 275
163 277
163 439
163 443
163 444
163 449
163 453
163 455
163 458
163 462
163 463
163 464
163 465
163 466
163 514
163 543
163 544
163 545
163 552
163 558
163 561
163 575
163 589
164 197
164 497
165 167
165 473
166 167
166 168
166 179
166 181
166 471
167 168
167 170
167 195
167 202
167 209
167 230
167 471
168 170
168 207
168 213
168 229
168 230
168 235
168 266
168 288
168 475
168 478
168 560
168 585
169 182
169 276
169 472
169 476
170 182
170 202
170 206
170 207
170 209
170 213
170 228
170 229
170 236
170 247
170 255
170 256
170 265
170 266
170 271
170 276
170 293
170 476
170 479
170 542
170 556
170 557
170 560
170 569
171 191
171 424
171 450
171 477
171 559
172 224
172 230
172 234
172 235
172 238
172 241
172 248
172 254
172 478
172 546
172 547
173 174
173 192
174 471
175 177
175 202
175 208
175 209
175 229
175 231
175 236
175 255
175 265
175 481
175 482
175 542
175 557
176 190
176 210
176 300
176 490
177 202
177 207
177 229
177 231
177 241
177 482
177 483
177 585
178 183
178 215
178 257
178 258
178 259
178 260
178 264
178 268
178 269
178 270
178 272
178 277
178 278
178 279
178 280
178 294
178 297
178 465
178 488
178 528
178 564
179 181
179 182
179 188
179 207
179 211
179 476
179 485
180 599
181 207
182 197
182 206
182 216
182 265
182 276
182 476
182 509
182 525
183 208
183 219
183 255
183 257
183 258
183 259
183 260
183 263
183 264
183 270
183 272
183 280
183 296
183 297
183 488
184 301
184 317
184 319
184 340
184 344
184 346
184 348
184 356
184 360
184 362
184 363
184 384
184 386
184 387
184 388
184 390
184 391
184 401
184 409
184 410
184 487
184 579
184 581
184 586
185 428
186 294
187 308
187 320
187 321
187 336
187 385
187 386
187 391
188 189
188 201
188 228
188 282
188 283
188 384
188 385
188 402
188 489
188 503
188 511
189 201
189 228
189 283
189 321
189 336
189 378
189 384
189 385
189 386
189 387
189 389
189 390
189 391
189 392
189 393
189 395
189 398
189 400
189 401
189 402
189 410
189 487
189 489
189 511
189 580
189 581
190 210
190 274
190 295
190 300
190 490
190 510
191 194
192 195
192 211
192 393
192 402
192 489
192 495
193 194
193 201
193 220
193 222
193 223
193 226
193 227
193 298
193 396
193 397
193 398
193 399
193 407
193 408
193 412
193 417
193 450
193 451
193 454
193 469
193 491
193 501
193 533
193 595
194 201
194 223
194 226
194 227
194 393
194 397
194 398
194 399
194 417
194 501
194 503
194 516
194 529
194 532
194 533
194 551
194 553
195 196
195 202
195 208
195 209
195 211
195 212
195 213
195 214
195 218
195 229
195 230
195 231
195 234
195 244
195 266
195 493
196 208
196 209
196 212
196 213
196 218
196 230
196 234
196 244
196 248
196 250
196 254
196 266
196 267
196 273
196 520
197 202
197 206
197 207
197 213
197 509
197 525
198 200
198 203
198 210
198 281
198 295
198 404
198 459
199 432
199 437
199 455
200 210
200 216
200 219
200 261
200 272
200 281
200 296
200 524
201 298
201 328
201 330
201 333
201 384
201 385
201 390
201 391
201 395
201 398
201 399
201 417
201 419
201 487
201 503
201 519
201 530
201 583
202 207
202 208
202 209
202 211
202 213
202 214
202 218
202 229
202 230
202 231
202 235
202 236
202 238
202 241
202 244
202 247
202 248
202 255
202 265
202 266
202 271
202 493
202 509
202 513
202 542
202 556
202 560
203 281
203 298
203 404
203 499
203 502
203 503
203 505
203 516
203 529
204 477
205 213
206 209
206 211
206 213
206 229
206 231
206 247
206 255
206 256
206 265
206 266
206 271
206 276
206 476
206 485
206 507
206 509
206 513
206 525
206 542
206 556
206 557
206 567
206 569
206 574
207 211
207 213
207 229
207 230
207 235
207 236
207 241
207 248
207 266
207 402
207 478
207 482
207 485
207 493
207 495
207 509
207 511
207 542
207 560
207 562
208 209
208 210
208 211
208 213
208 214
208 218
208 219
208 229
208 230
208 231
208 243
208 244
208 246
208 247
208 252
208 255
208 256
208 258
208 259
208 263
208 264
208 265
208 268
208 271
208 276
208 293
208 295
208 481
208 496
208 512
208 542
208 557
208 565
209 210
209 211
209 213
209 214
209 218
209 229
209 230
209 231
209 235
209 236
209 238
209 243
209 244
209 245
209 247
209 248
209 255
209 256
209 265
209 266
209 271
209 295
209 493
209 509
209 512
209 513
209 541
209 542
209 547
209 556
209 557
209 560
210 216
210 231
210 256
210 259
210 261
210 265
210 276
210 295
210 296
211 213
211 214
211 218
211 224
211 229
211 230
211 231
211 235
211 236
211 238
211 239
211 241
211 243
211 244
211 245
211 265
211 266
211 271
211 475
211 478
211 485
211 493
211 495
211 509
211 511
211 513
211 531
211 541
211 542
211 547
211 550
211 555
211 556
211 560
211 562
212 244
213 218
213 229
213 230
213 231
213 234
213 265
213 266
213 271
213 273
213 475
213 478
213 493
213 495
213 509
213 513
213 525
213 527
213 541
213 542
213 556
213 557
213 560
213 562
213 569
214 219
214 229
214 230
214 231
214 244
214 263
214 265
215 257
215 259
215 260
215 278
215 279
215 280
215 294
215 296
215 297
215 300
216 256
216 276
216 524
217 566
218 229
218 230
218 234
218 244
218 266
218 267
218 273
219 242
219 252
219 254
219 258
219 259
219 260
219 264
219 268
219 269
219 270
219 272
219 278
219 279
219 280
219 465
219 468
219 564
219 565
219 592
220 221
220 222
220 223
220 226
220 227
220 232
220 285
220 287
220 328
220 332
220 397
220 399
220 408
220 428
220 439
220 445
220 448
220 449
220 501
220 518
220 526
220 529
220 530
220 532
220 533
220 536
220 549
220 553
220 583
220 584
221 222
221 237
221 287
221 301
221 302
221 305
221 321
221 322
221 323
221 324
221 328
221 329
221 330
221 332
221 333
221 334
221 335
221 389
221 392
221 395
221 397
221 399
221 415
221 419
221 450
221 474
221 487
221 504
221 526
221 530
221 533
221 549
221 553
221 583
221 584
222 223
222 226
222 240
222 328
222 332
222 334
222 335
222 397
222 399
222 401
222 526
222 530
222 532
222 533
222 548
222 549
222 553
222 583
223 224
223 225
223 226
223 227
223 239
223 240
223 397
223 399
223 439
223 445
223 526
223 531
223 532
223 534
223 546
223 548
223 551
223 552
223 553
223 555
223 559
224 225
224 230
224 235
224 238
224 240
224 245
224 246
224 251
224 511
224 531
224 534
225 298
225 445
225 526
225 534
225 539
225 597
225 600
226 227
226 393
226 399
226 489
226 532
226 533
226 546
226 548
226 551
226 553
227 241
227 253
227 397
227 404
227 428
227 437
227 439
227 444
227 451
227 455
227 462
227 469
227 501
227 526
227 529
227 532
227 533
227 536
227 537
227 546
227 548
227 551
227 552
227 553
227 558
227 561
228 282
228 283
228 385
228 388
228 391
228 511
228 540
228 581
229 230
229 231
229 235
229 236
229 238
229 243
229 244
229 245
229 247
229 248
229 252
229 255
229 256
229 263
229 265
229 266
229 271
229 276
229 293
229 478
229 481
229 485
229 493
229 509
229 512
229 513
229 541
229 542
229 547
229 550
229 556
229 557
229 560
229 567
229 569
229 574
230 231
230 234
230 235
230 236
230 238
230 241
230 244
230 245
230 248
230 266
230 271
230 282
230 402
230 478
230 483
230 493
230 495
230 511
230 531
230 541
230 542
230 547
230 550
230 556
230 557
230 560
231 235
231 236
231 238
231 239
231 241
231 243
231 244
231 247
231 252
231 255
231 256
231 263
231 265
231 271
231 295
231 493
231 495
231 509
231 512
231 513
231 531
231 541
231 542
231 547
231 550
231 551
231 555
231 556
231 557
231 560
231 567
232 253
232 275
232 408
232 439
232 445
232 449
232 452
232 453
232 510
232 517
232 518
232 539
232 543
232 544
232 545
232 558
232 561
232 568
232 589
232 590
233 518
234 244
234 248
234 254
234 267
234 273
235 236
235 238
235 241
235 244
235 248
235 271
235 478
235 493
235 531
235 542
235 546
235 547
235 550
235 555
235 556
235 560
236 238
236 240
236 241
236 243
236 244
236 245
236 247
236 248
236 252
236 255
236 265
236 266
236 271
236 481
236 493
236 512
236 513
236 531
236 541
236 542
236 547
236 550
236 554
236 555
236 556
236 557
236 560
236 567
236 569
236 574
237 285
237 287
237 302
237 305
237 322
237 323
237 324
237 327
237 328
237 329
237 330
237 331
237 332
237 333
237 335
237 448
237 530
237 533
237 549
237 583
237 584
238 240
238 241
238 243
238 244
238 245
238 246
238 248
238 250
238 254
238 255
238 282
238 286
238 481
238 493
238 531
238 541
238 546
238 547
238 550
238 554
238 555
238 560
239 240
239 241
239 243
239 485
239 546
239 547
239 548
239 551
239 555
240 243
240 245
240 531
240 532
240 546
240 547
240 548
240 550
240 551
240 553
240 554
240 555
241 244
241 248
241 250
241 253
241 254
241 439
241 443
241 493
241 531
241 546
241 547
241 548
241 551
241 552
241 555
241 558
241 561
242 250
242 253
242 269
242 272
242 275
242 277
242 278
242 280
242 438
242 439
242 441
242 455
242 462
242 463
242 465
242 466
242 468
242 552
242 558
242 561
242 570
242 575
242 576
243 244
243 245
243 246
243 247
243 252
243 255
243 263
243 264
243 265
243 276
243 295
243 542
243 555
244 245
244 246
244 248
244 250
244 252
244 254
244 263
244 266
244 267
244 273
244 295
244 512
244 531
244 541
244 560
245 246
245 263
245 266
245 511
245 531
245 540
245 541
245 542
245 547
245 550
245 554
245 555
245 560
246 263
246 264
246 295
246 531
246 541
246 555
247 252
247 255
247 256
247 258
247 259
247 263
247 264
247 265
247 268
247 271
247 276
247 293
247 476
247 512
247 513
247 542
247 556
247 557
247 560
247 567
247 569
247 574
248 250
248 254
248 266
248 271
248 478
248 493
248 512
248 541
248 542
248 547
248 556
248 560
249 251
250 253
250 254
250 269
250 275
250 443
250 453
250 462
250 463
250 468
250 494
250 512
250 520
250 521
250 544
250 547
250 558
250 561
250 566
250 568
250 570
250 573
250 589
251 267
252 255
252 256
252 258
252 263
252 264
252 265
252 268
252 269
252 270
252 271
252 276
252 293
252 481
252 512
252 513
252 522
252 541
252 542
252 556
252 557
252 560
252 565
252 567
252 572
252 573
252 574
253 254
253 275
253 426
253 439
253 443
253 453
253 455
253 462
253 463
253 464
253 468
253 544
253 545
253 546
253 552
253 558
253 561
253 563
253 570
253 575
254 269
254 275
254 463
254 494
254 512
254 520
254 521
254 558
254 561
254 573
255 256
255 258
255 259
255 263
255 264
255 265
255 266
255 268
255 271
255 293
255 481
255 496
255 512
255 513
255 538
255 541
255 542
255 547
255 550
255 556
255 557
255 567
255 574
256 258
256 259
256 265
256 268
256 271
256 276
256 293
256 481
256 512
256 513
256 542
256 556
256 557
256 565
256 567
257 258
257 259
257 260
257 263
257 264
257 279
257 280
257 293
257 294
257 296
257 297
257 300
257 488
257 591
258 259
258 260
258 263
258 264
258 265
258 268
258 269
258 270
258 293
258 294
258 481
258 488
258 512
258 538
258 557
258 565
258 567
259 260
259 261
259 263
259 264
259 265
259 268
259 270
259 272
259 278
259 279
259 280
259 294
259 296
259 297
259 565
260 264
260 269
260 270
260 272
260 277
260 278
260 279
260 280
260 294
260 296
260 297
260 300
260 436
260 465
260 488
260 528
260 564
260 566
261 296
262 330
262 332
262 334
262 335
262 337
262 378
262 401
262 406
262 410
262 416
262 419
262 424
262 477
262 530
262 595
263 264
263 265
263 268
263 280
263 293
263 296
264 268
264 270
264 278
264 280
264 293
264 488
264 566
265 268
265 271
265 276
265 293
265 295
265 476
265 479
265 481
265 496
265 509
265 512
265 513
265 542
265 556
265 557
265 565
265 567
265 574
266 267
266 271
266 282
266 478
266 540
266 541
266 542
266 556
266 557
266 560
266 569
267 273
268 269
268 270
268 271
268 272
268 276
268 278
268 481
268 508
268 512
268 513
268 522
268 528
268 557
268 565
268 567
268 572
268 573
268 574
268 592
269 270
269 272
269 275
269 277
269 278
269 463
269 465
269 481
269 488
269 512
269 521
269 528
269 564
269 565
269 566
269 570
269 571
269 573
270 272
270 278
270 279
270 280
270 297
270 465
270 508
270 528
270 564
270 565
270 573
271 276
271 476
271 478
271 481
271 493
271 496
271 498
271 507
271 509
271 512
271 513
271 541
271 542
271 547
271 556
271 557
271 560
271 565
271 567
271 569
271 574
272 277
272 278
272 279
272 280
272 281
272 296
272 297
272 465
272 578
273 512
273 541
275 277
275 439
275 443
275 449
275 452
275 453
275 455
275 462
275 463
275 464
275 465
275 466
275 468
275 528
275 544
275 545
275 552
275 558
275 561
275 564
275 566
275 570
275 575
275 576
276 295
276 476
277 278
277 279
277 438
277 442
277 449
277 452
277 455
277 458
277 459
277 464
277 465
277 466
277 468
277 490
277 492
277 517
277 528
277 564
277 570
277 575
277 576
277 578
278 279
278 280
278 281
278 297
278 465
278 466
278 528
278 564
278 578
279 280
279 281
279 296
279 297
279 465
279 564
279 578
280 281
280 296
280 297
280 300
280 465
281 297
281 404
281 432
281 451
281 459
281 466
281 490
281 491
281 499
281 501
281 502
281 516
281 578
282 283
282 388
282 483
282 511
282 540
283 384
283 385
283 390
283 391
283 402
283 487
283 489
283 511
283 540
283 581
285 287
285 332
285 428
285 437
285 549
285 584
286 325
286 546
286 547
286 549
286 561
286 584
287 323
287 325
287 328
287 329
287 330
287 332
287 333
287 335
287 504
287 529
287 530
287 533
287 549
287 583
287 584
289 489
289 586
290 325
290 327
290 330
290 487
291 367
292 382
293 294
293 481
293 538
293 542
293 557
294 296
294 488
294 591
296 297
296 300
297 300
297 578
298 408
298 417
298 474
298 490
298 499
298 503
298 505
298 529
298 539
298 595
298 597
298 600
299 588
301 302
301 304
301 305
301 312
301 317
301 319
301 320
301 321
301 322
301 323
301 324
301 330
301 333
301 335
301 384
301 385
301 386
301 387
301 389
301 390
301 391
301 395
301 400
301 401
301 409
301 410
301 416
301 418
301 419
301 487
301 530
301 580
301 581
301 583
302 304
302 305
302 312
302 319
302 320
302 321
302 322
302 323
302 324
302 327
302 329
302 330
302 331
302 333
302 335
302 336
302 386
302 388
302 389
302 391
302 395
302 487
302 519
302 530
302 580
302 583
303 304
303 308
303 312
303 317
303 318
303 320
303 360
303 580
304 305
304 306
304 308
304 312
304 317
304 318
304 319
304 320
304 321
304 322
304 324
304 335
304 336
304 386
304 388
304 389
304 391
304 416
304 579
304 580
305 308
305 320
305 321
305 322
305 323
305 324
305 327
305 329
305 330
305 331
305 333
305 335
305 336
305 385
305 386
305 389
305 391
305 392
305 395
305 400
305 415
305 487
305 519
305 530
305 580
305 583
308 320
308 324
308 326
308 389
308 416
308 579
308 580
310 498
311 334
312 319
312 320
312 321
312 324
312 334
312 335
312 389
312 391
313 495
314 569
315 316
315 317
315 356
315 358
315 360
315 362
316 317
316 318
316 319
316 580
317 318
317 319
317 320
317 356
317 358
317 360
317 362
317 363
317 388
317 579
317 580
318 319
318 320
318 321
318 326
318 334
318 389
319 320
319 321
319 330
319 334
319 335
319 386
319 388
319 389
319 580
320 321
320 323
320 324
320 326
320 330
320 331
320 333
320 334
320 335
320 336
320 385
320 386
320 387
320 389
320 390
320 391
320 395
320 400
320 401
320 409
320 410
320 415
320 416
320 487
320 530
320 580
321 322
321 323
321 324
321 327
321 328
321 329
321 330
321 331
321 333
321 334
321 335
321 336
321 385
321 386
321 389
321 390
321 391
321 392
321 395
321 398
321 400
321 401
321 410
321 415
321 487
321 530
321 580
321 583
322 323
322 324
322 327
322 329
322 330
322 333
322 335
322 336
322 385
322 386
322 389
322 390
322 391
322 395
322 400
322 419
322 487
322 530
322 549
322 580
322 583
323 324
323 327
323 329
323 330
323 331
323 332
323 333
323 335
323 389
323 391
323 392
323 415
323 487
323 530
323 549
323 583
324 329
324 331
324 333
324 335
324 336
324 386
324 389
324 391
324 392
324 395
324 410
324 415
324 416
324 419
324 487
324 530
324 580
325 327
325 328
325 330
325 332
325 460
325 504
325 529
325 537
325 549
325 583
325 584
325 587
326 334
327 328
327 329
327 330
327 333
327 335
327 389
327 472
327 487
327 549
327 582
327 583
327 584
328 329
328 330
328 332
328 333
328 335
328 384
328 390
328 395
328 397
328 398
328 399
328 417
328 419
328 487
328 529
328 530
328 533
328 534
328 549
328 553
328 583
328 584
329 330
329 331
329 332
329 333
329 335
329 389
329 392
329 415
329 519
329 530
329 549
329 583
330 332
330 333
330 334
330 335
330 389
330 398
330 417
330 419
330 519
330 529
330 530
330 533
330 549
330 583
330 584
331 333
331 335
331 391
331 415
331 530
332 333
332 335
332 397
332 415
332 419
332 428
332 448
332 461
332 504
332 530
332 533
332 549
332 583
332 584
333 334
333 335
333 386
333 389
333 390
333 391
333 392
333 395
333 397
333 400
333 415
333 419
333 487
333 519
333 530
333 533
333 549
333 580
333 583
333 584
334 335
334 386
334 389
334 391
334 395
334 415
334 416
334 530
334 533
334 580
334 583
335 336
335 378
335 385
335 386
335 387
335 389
335 390
335 391
335 392
335 395
335 397
335 398
335 400
335 401
335 409
335 410
335 415
335 416
335 417
335 419
335 487
335 530
335 533
335 549
335 580
335 583
335 584
336 378
336 385
336 386
336 387
336 389
336 391
336 392
336 400
336 410
336 530
336 580
337 340
337 344
337 346
337 348
337 350
337 378
337 381
337 387
337 396
337 398
337 401
337 405
337 406
337 407
337 409
337 410
337 412
337 413
337 416
338 339
338 340
338 342
338 343
338 346
338 347
338 350
338 381
338 382
338 579
339 342
339 343
339 344
339 347
339 350
339 362
339 364
339 381
339 382
339 387
339 388
339 579
340 342
340 343
340 344
340 346
340 347
340 348
340 350
340 363
340 376
340 378
340 381
340 387
340 405
340 407
340 409
340 413
340 579
341 345
341 346
341 349
341 353
341 354
341 357
341 358
341 359
341 373
341 430
341 431
341 434
341 446
342 343
342 344
342 346
342 347
342 350
342 356
342 360
342 362
342 363
342 364
342 380
342 381
342 382
342 579
343 344
343 347
343 350
343 356
343 360
343 362
343 364
343 381
343 382
343 579
344 346
344 347
344 348
344 350
344 362
344 376
344 378
344 381
344 387
344 401
344 405
344 409
344 410
344 413
344 416
344 540
344 579
345 349
345 352
345 353
345 354
345 355
345 356
345 357
345 358
345 360
345 361
345 362
345 363
345 374
345 380
345 434
346 347
346 348
346 349
346 350
346 353
346 357
346 358
346 361
346 362
346 363
346 381
346 413
346 414
347 348
347 350
347 364
347 381
347 382
347 579
348 350
348 378
348 381
348 386
348 387
348 391
348 401
348 405
348 409
348 410
348 413
348 416
348 579
349 353
349 354
349 355
349 357
349 359
349 374
349 380
349 425
349 434
350 381
350 382
350 387
350 409
350 410
351 352
351 355
351 359
351 414
351 418
351 423
351 447
351 448
351 515
352 354
352 355
352 447
353 354
353 357
353 358
353 359
353 361
353 363
353 414
354 355
354 356
354 357
354 358
354 359
354 360
354 361
354 362
354 363
355 356
355 358
355 360
355 361
355 362
355 363
356 357
356 358
356 360
356 361
356 362
356 363
356 382
356 579
357 359
357 371
357 380
357 434
358 360
358 361
358 362
358 363
359 361
359 414
359 447
360 361
360 362
360 363
360 382
360 579
361 362
361 363
361 414
362 363
362 579
363 382
364 365
364 376
364 381
364 382
364 579
367 372
369 480
370 372
370 421
371 373
371 375
371 380
372 375
372 421
372 599
373 377
373 430
373 431
373 434
374 377
374 379
374 380
374 434
374 435
374 436
375 376
376 377
376 381
377 379
377 380
378 386
378 387
378 391
378 395
378 400
378 401
378 405
378 409
378 410
378 416
378 419
378 500
378 530
378 579
378 580
378 581
380 425
380 434
381 387
381 405
381 413
381 579
382 579
383 403
384 385
384 386
384 387
384 390
384 391
384 393
384 395
384 398
384 399
384 400
384 401
384 402
384 409
384 410
384 412
384 419
384 460
384 487
384 489
384 503
384 511
384 534
384 581
385 386
385 387
385 388
385 389
385 390
385 391
385 393
385 395
385 398
385 400
385 401
385 402
385 410
385 416
385 487
385 489
385 511
385 519
385 525
385 580
385 581
385 586
386 387
386 388
386 389
386 390
386 391
386 392
386 395
386 398
386 400
386 401
386 409
386 410
386 416
386 419
386 487
386 530
386 580
386 581
387 388
387 390
387 391
387 395
387 400
387 401
387 405
387 409
387 410
387 413
387 416
387 419
387 487
387 579
387 580
387 581
387 595
388 389
388 391
388 579
388 580
388 581
389 390
389 391
389 392
389 395
389 400
389 410
389 416
389 487
389 530
389 580
389 581
389 583
390 391
390 393
390 395
390 398
390 399
390 400
390 401
390 402
390 410
390 417
390 419
390 487
390 489
390 530
390 580
390 581
390 586
391 392
391 395
391 398
391 400
391 401
391 402
391 409
391 410
391 416
391 419
391 487
391 519
391 530
391 579
391 580
391 581
392 395
392 415
392 487
392 530
392 580
393 394
393 395
393 398
393 399
393 400
393 401
393 402
393 489
393 495
393 503
393 511
393 532
393 534
393 581
393 586
394 493
394 495
394 532
395 397
395 398
395 399
395 400
395 401
395 403
395 409
395 410
395 416
395 417
395 419
395 487
395 519
395 530
395 580
395 581
395 583
395 586
396 397
396 398
396 399
396 401
396 406
396 407
396 408
396 417
396 424
396 432
396 450
396 451
396 460
396 474
396 491
396 501
396 502
396 529
396 533
396 537
397 399
397 417
397 419
397 424
397 450
397 451
397 454
397 501
397 515
397 526
397 530
397 533
397 536
397 553
397 583
398 399
398 400
398 401
398 406
398 407
398 417
398 419
398 432
398 460
398 477
398 487
398 491
398 501
398 502
398 503
398 519
398 529
398 530
398 533
398 581
398 583
399 400
399 401
399 408
399 412
399 417
399 460
399 489
399 501
399 526
399 529
399 530
399 532
399 533
399 534
399 536
399 553
399 583
399 595
400 401
400 402
400 409
400 410
400 416
400 419
400 487
400 489
400 530
400 580
400 581
401 402
401 403
401 405
401 407
401 409
401 410
401 412
401 413
401 416
401 417
401 419
401 487
401 489
401 530
401 580
401 581
401 586
401 595
402 489
402 495
402 511
402 581
402 586
403 404
403 405
403 406
403 407
403 419
403 424
403 446
403 500
404 406
404 423
404 424
404 428
404 432
404 437
404 440
404 446
404 448
404 450
404 451
404 455
404 456
404 459
404 466
404 491
404 499
404 501
404 502
404 599
405 406
405 407
405 409
405 410
405 413
406 407
406 408
406 417
406 419
406 424
406 432
406 450
406 451
406 456
406 460
406 474
406 477
406 491
406 500
406 501
406 502
406 504
407 408
407 412
407 413
407 417
407 419
407 491
407 501
408 411
408 417
408 439
408 442
408 449
408 451
408 452
408 454
408 456
408 458
408 460
408 464
408 474
408 490
408 491
408 492
408 501
408 504
408 505
408 517
408 518
408 576
409 410
409 413
409 416
409 419
409 530
409 579
409 595
410 413
410 416
410 419
410 530
410 579
410 580
410 581
411 492
412 413
412 414
412 416
412 417
412 418
412 595
413 414
413 416
413 418
414 418
414 447
415 416
415 418
415 419
415 461
415 515
415 519
415 530
415 583
416 418
416 419
416 530
416 579
416 580
416 595
417 418
417 419
417 450
417 451
417 454
417 460
417 474
417 501
417 503
417 515
417 519
417 529
417 530
417 533
417 583
417 595
418 424
418 427
418 450
418 454
418 515
419 424
419 450
419 474
419 487
419 500
419 504
419 519
419 530
419 580
419 581
419 583
420 422
420 431
420 599
422 424
423 424
423 437
423 446
423 447
423 448
424 446
424 450
424 451
424 477
424 599
425 435
425 448
426 439
428 430
428 431
428 432
428 437
428 438
428 439
428 440
428 448
428 450
428 451
428 455
428 456
428 458
428 459
428 462
428 464
428 466
428 469
428 470
428 499
428 501
428 502
428 504
428 529
428 552
428 575
428 576
428 584
428 599
429 440
430 431
430 432
430 434
430 435
430 437
430 440
430 441
430 446
430 447
430 448
431 434
431 435
431 440
431 448
432 437
432 448
432 451
432 455
432 456
432 458
432 460
432 464
432 466
432 491
432 501
432 502
432 516
432 529
432 537
432 584
433 434
434 435
435 436
435 461
437 438
437 439
437 440
437 442
437 444
437 446
437 447
437 448
437 449
437 450
437 451
437 455
437 456
437 458
437 462
437 464
437 466
437 501
437 543
437 545
437 576
437 584
438 440
438 455
438 456
438 458
438 459
438 464
438 466
438 510
438 517
438 575
438 576
439 443
439 444
439 445
439 449
439 454
439 455
439 462
439 464
439 466
439 501
439 518
439 544
439 545
439 546
439 551
439 552
439 553
439 558
439 561
439 575
439 576
440 446
440 448
440 451
440 455
440 456
442 449
442 452
442 455
442 456
442 458
442 464
442 465
442 466
442 490
442 491
442 492
442 502
442 505
442 575
442 578
443 444
443 445
443 462
443 518
443 543
443 558
443 561
444 447
444 455
444 462
444 543
445 518
445 531
445 539
445 543
445 544
445 548
445 561
445 597
445 600
446 448
447 537
448 450
448 451
448 455
448 456
448 466
448 501
448 533
449 452
449 453
449 455
449 456
449 458
449 464
449 465
449 466
449 467
449 490
449 492
449 505
449 510
449 517
449 518
449 539
449 543
449 544
449 545
449 575
449 576
449 589
450 451
450 454
450 455
450 456
450 459
450 469
450 474
450 499
450 501
450 502
450 504
450 505
450 515
450 519
450 576
450 595
450 599
451 454
451 455
451 456
451 459
451 466
451 474
451 490
451 491
451 499
451 501
451 502
451 504
451 505
451 515
451 536
451 576
451 599
452 453
452 458
452 465
452 490
452 492
452 505
452 514
452 517
452 518
452 528
452 543
452 564
452 589
453 467
453 514
453 517
453 518
453 520
453 543
453 544
453 545
453 558
453 561
453 568
453 570
453 571
453 589
454 501
454 515
454 518
454 533
455 456
455 458
455 459
455 462
455 463
455 464
455 465
455 466
455 490
455 499
455 501
455 502
455 505
455 517
455 544
455 552
455 558
455 561
455 570
455 575
455 576
455 599
456 458
456 464
456 466
456 490
456 491
456 501
456 502
456 504
456 505
456 543
456 575
456 576
456 584
457 468
457 488
457 528
457 566
457 568
457 570
457 573
457 593
458 464
458 465
458 466
458 490
458 491
458 492
458 505
458 545
458 575
458 576
458 578
459 466
459 468
459 490
459 499
459 502
459 505
459 516
459 517
459 576
459 577
459 598
459 599
460 489
460 491
460 501
460 502
460 503
460 529
460 537
460 584
462 463
462 464
462 543
462 544
462 545
462 552
462 558
462 561
462 563
462 575
463 464
463 468
463 494
463 514
463 521
463 552
463 558
463 561
463 563
463 570
463 573
463 575
463 589
464 465
464 466
464 490
464 491
464 492
464 501
464 543
464 544
464 545
464 552
464 558
464 561
464 575
464 576
464 578
465 466
465 468
465 490
465 492
465 528
465 558
465 561
465 564
465 570
465 575
465 576
465 578
466 490
466 491
466 499
466 501
466 502
466 504
466 505
466 516
466 517
466 552
466 558
466 575
466 576
466 578
467 492
467 494
467 514
467 520
467 521
467 589
468 510
468 514
468 517
468 528
468 561
468 564
468 566
468 568
468 570
468 573
468 576
468 589
468 598
469 473
469 503
469 599
474 477
474 490
474 491
474 501
474 502
474 504
474 505
474 517
474 530
474 576
476 485
476 507
476 513
476 525
476 542
476 556
476 557
476 567
476 569
476 574
477 523
478 493
478 542
478 547
478 556
478 560
478 562
479 482
479 581
480 597
480 598
481 486
481 488
481 496
481 512
481 513
481 522
481 538
481 541
481 542
481 560
481 565
481 567
481 573
481 574
482 483
482 585
483 484
483 540
485 542
485 556
485 560
485 567
485 569
487 530
487 580
487 581
487 583
487 586
488 538
488 566
488 568
488 573
488 588
488 589
488 591
488 593
489 495
489 503
489 511
489 534
489 581
489 586
490 491
490 492
490 499
490 501
490 502
490 504
490 505
490 510
490 516
490 517
490 518
490 576
491 492
491 501
491 502
491 504
491 505
491 516
491 529
491 578
492 514
492 517
492 578
493 495
493 496
493 498
493 507
493 509
493 513
493 520
493 521
493 527
493 542
493 547
493 556
493 562
493 574
494 514
494 520
494 521
494 531
494 568
494 589
495 509
495 511
495 525
495 531
495 555
495 562
496 513
496 542
496 565
496 574
498 513
498 520
498 521
498 527
498 574
499 502
499 504
499 505
499 510
499 516
499 517
499 539
499 544
499 576
499 597
499 599
499 600
500 504
501 502
501 504
501 526
501 529
501 533
501 536
501 537
502 503
502 504
502 505
502 516
502 524
502 529
502 584
502 599
503 516
503 519
503 529
504 505
504 530
504 584
504 599
505 516
505 517
505 529
505 576
505 600
506 535
507 508
507 509
507 513
507 527
507 542
507 557
507 567
507 574
508 527
508 564
508 565
508 571
509 513
509 525
509 542
509 562
510 517
510 518
510 539
510 543
510 544
510 566
510 576
510 597
510 598
511 531
511 540
511 581
511 586
512 513
512 521
512 538
512 541
512 542
512 556
512 557
512 560
512 565
512 567
512 569
512 573
512 574
512 594
513 521
513 542
513 556
513 557
513 562
513 565
513 567
513 569
513 574
514 517
514 520
514 521
514 566
514 568
514 589
516 517
516 529
517 518
517 539
517 544
517 576
517 590
518 539
518 543
518 544
518 545
518 558
518 576
519 530
519 583
520 521
521 527
521 565
521 571
521 574
521 589
522 538
522 570
522 572
522 573
522 574
524 577
524 578
526 533
526 559
528 564
528 565
528 566
528 568
528 570
528 572
528 573
528 589
528 593
529 532
529 533
529 534
529 537
529 546
529 549
529 553
529 583
529 584
530 533
530 549
530 580
530 583
531 540
531 541
531 546
531 547
531 548
531 550
531 554
531 555
531 560
531 600
532 533
532 534
532 536
532 546
532 548
532 551
532 552
532 553
532 555
532 559
533 536
533 549
533 553
533 583
533 584
534 553
534 559
536 552
536 553
537 584
538 540
538 541
538 567
538 569
538 574
538 591
539 543
539 544
539 590
539 595
539 597
539 600
540 541
540 542
540 560
541 542
541 547
541 550
541 554
541 555
541 556
541 560
541 569
541 574
542 547
542 556
542 557
542 560
542 562
542 565
542 567
542 569
542 574
543 544
543 545
544 545
544 552
544 558
544 561
544 575
544 576
545 561
546 547
546 548
546 551
546 555
546 558
547 548
547 550
547 551
547 554
547 555
547 556
547 560
547 562
548 551
548 552
548 553
548 555
549 553
549 583
549 584
549 587
550 554
550 555
551 552
551 553
551 555
552 555
552 558
552 561
552 575
554 555
554 560
554 562
556 557
556 560
556 567
556 569
556 574
557 560
557 565
557 567
557 569
557 574
558 561
558 563
558 570
558 575
560 567
560 569
560 574
561 563
561 570
561 575
562 569
563 575
564 565
564 570
564 571
564 591
564 593
565 572
565 573
565 574
565 592
566 568
566 570
566 573
566 589
566 593
567 569
567 572
567 574
568 570
568 573
568 588
568 589
568 591
568 593
569 574
570 572
570 573
570 575
570 576
570 593
572 574
572 592
573 574
573 592
573 598
574 592
574 594
575 576
579 580
580 581
581 586
582 583
582 584
583 584
586 587
588 589
588 590
588 591
588 593
589 590
589 591
589 593
590 600
591 593
595 597
596 599
597 599
597 600
599 600
