600 7189

1 2
1 4
1 18
1 20
1 21
1 22
1 35
1 98
1 100
1 102
1 107
1 290
1 291
1 302
1 321
1 322
1 334
1 388
1 389
1 398
1 400
1 587
2 3
2 4
2 18
2 20
2 21
2 93
2 98
2 100
2 107
2 302
2 304
2 305
2 321
2 322
2 323
2 336
2 388
2 389
2 392
2 398
2 400
2 487
3 5
3 16
3 20
3 301
3 302
3 304
3 305
3 321
4 18
4 20
4 21
4 98
4 100
4 107
4 186
4 302
4 305
4 321
4 322
4 345
4 389
5 16
5 20
5 24
5 29
5 305
5 321
5 324
5 326
5 329
6 19
6 37
6 320
6 334
7 10
7 14
7 171
7 306
8 542
9 314
10 14
10 231
10 306
11 21
11 94
11 97
11 98
11 302
11 317
11 322
11 386
11 388
11 389
12 15
12 16
12 17
12 18
12 19
12 37
12 98
12 178
12 316
12 319
12 320
12 567
13 15
13 176
13 216
13 231
13 256
13 266
13 314
13 507
13 508
13 512
13 513
13 542
13 562
13 567
13 581
14 206
14 244
14 312
14 507
14 508
14 551
15 16
15 178
15 314
15 315
15 316
15 507
15 508
15 562
16 19
16 305
16 316
16 319
16 320
17 19
17 318
17 320
17 480
17 567
18 19
18 20
18 21
18 37
18 97
18 98
18 100
18 102
18 107
18 317
18 321
18 322
18 349
18 388
18 389
18 580
19 37
19 317
19 319
19 320
20 21
20 24
20 36
20 98
20 100
20 107
20 108
20 302
20 305
20 317
20 321
20 322
20 336
20 388
20 389
20 392
20 398
20 487
21 37
21 94
21 98
21 100
21 102
21 107
21 108
21 302
21 305
21 317
21 321
21 322
21 334
21 336
21 349
21 388
21 389
21 392
21 398
21 400
22 186
22 534
23 26
23 30
23 32
23 33
23 35
23 36
23 60
23 186
23 305
23 324
23 329
23 448
23 461
24 29
24 305
24 324
24 326
24 364
25 56
26 27
26 28
26 30
26 31
26 32
26 33
26 35
26 65
26 328
26 329
26 330
26 331
27 28
27 30
27 31
27 43
27 141
27 329
27 330
27 331
27 332
27 335
27 339
27 415
27 434
27 435
27 448
28 30
28 31
28 327
28 328
28 329
28 330
28 332
28 582
29 305
29 312
29 324
29 326
30 31
30 32
30 33
30 35
30 36
30 60
30 106
30 327
30 329
30 330
30 331
30 332
30 333
30 412
30 445
30 529
31 33
31 34
31 36
31 329
31 330
31 332
31 335
31 582
31 583
31 584
32 33
32 35
32 60
32 65
32 329
32 331
32 332
32 333
32 449
33 34
33 35
33 36
33 60
33 329
33 332
33 583
33 584
34 282
34 286
34 290
34 291
34 292
34 332
34 335
34 583
34 584
35 38
35 60
35 329
35 331
35 333
35 334
35 335
35 449
35 453
36 38
36 47
36 90
36 105
36 107
36 302
36 321
36 332
36 334
36 335
36 336
36 339
36 392
36 412
36 415
36 487
37 94
37 98
37 100
37 102
37 107
37 317
37 320
37 322
37 334
37 336
37 388
37 389
38 90
38 107
38 116
38 144
38 221
38 333
38 334
38 335
38 336
38 339
38 392
38 398
38 415
38 466
38 530
39 42
39 47
40 156
41 91
41 342
42 47
42 48
42 116
42 191
43 49
43 76
43 82
43 90
43 122
43 127
43 129
43 130
43 140
43 151
43 339
43 371
43 373
43 376
43 378
43 382
43 415
43 416
43 420
43 421
43 422
43 423
43 425
43 434
43 435
43 448
43 466
43 530
44 61
44 341
44 345
44 352
44 354
44 355
44 356
44 358
44 446
45 46
45 47
45 52
45 340
45 344
46 47
46 48
46 54
47 48
47 56
47 58
47 90
47 116
47 117
48 54
48 56
48 58
48 66
48 343
48 346
48 347
49 63
49 82
49 140
49 150
49 151
49 152
49 339
49 345
49 347
49 357
49 358
49 431
49 446
49 448
49 530
50 221
50 225
50 226
50 287
50 339
50 412
50 415
50 423
50 424
50 434
50 448
50 529
51 61
51 62
51 66
51 180
51 345
51 352
51 354
51 356
51 362
52 57
52 58
52 65
52 124
52 125
52 149
52 340
52 344
52 350
52 357
52 416
52 418
52 439
52 440
53 55
53 57
53 60
53 65
53 118
53 123
53 344
53 348
53 350
53 410
53 416
53 418
53 437
54 349
54 363
55 57
55 60
55 64
55 65
55 118
55 119
55 120
55 121
55 124
55 125
55 145
55 155
55 348
55 398
55 401
55 410
55 411
55 413
55 416
55 417
55 418
55 437
55 449
56 58
57 64
57 65
57 118
57 119
57 121
57 123
57 124
57 125
57 143
57 145
57 149
57 150
57 155
57 348
57 350
57 357
57 416
57 417
57 418
57 437
57 439
57 440
57 445
57 449
57 454
58 66
58 344
58 346
59 119
59 412
60 64
60 65
60 119
60 121
60 147
60 150
60 155
60 341
60 348
60 350
60 351
60 353
60 357
60 359
60 401
60 410
60 412
60 413
60 414
60 416
60 418
60 437
60 447
60 449
61 339
61 345
61 352
61 354
61 355
61 356
61 364
61 365
61 593
62 66
62 67
62 76
62 352
62 360
62 362
62 363
63 65
63 134
63 140
63 147
63 148
63 150
63 152
63 155
63 161
63 341
63 345
63 357
63 358
63 431
63 432
63 434
63 435
63 437
63 440
63 446
63 448
64 65
64 118
64 119
64 121
64 147
64 155
64 348
64 359
64 401
64 413
64 414
64 418
65 118
65 119
65 121
65 124
65 125
65 128
65 134
65 140
65 143
65 145
65 147
65 148
65 149
65 150
65 152
65 155
65 161
65 340
65 341
65 348
65 350
65 357
65 414
65 416
65 418
65 437
65 439
65 440
65 444
65 446
65 449
65 453
66 67
66 360
66 362
67 339
67 360
67 362
67 363
68 69
68 70
68 71
68 72
68 76
68 77
68 79
68 83
68 90
68 127
68 129
68 130
68 131
68 135
68 140
68 154
68 186
68 294
68 364
68 365
68 366
68 370
68 371
68 373
68 374
68 376
68 403
68 420
68 422
68 423
68 424
68 426
68 429
68 434
68 435
68 451
68 461
68 500
68 501
68 593
68 598
69 70
69 71
69 72
69 75
69 76
69 77
69 79
69 83
69 90
69 129
69 131
69 135
69 202
69 225
69 226
69 293
69 294
69 339
69 364
69 365
69 370
69 373
69 374
69 376
69 420
69 423
69 424
69 429
69 500
69 591
69 593
69 598
70 71
70 72
70 74
70 76
70 77
70 135
70 202
70 293
70 294
70 365
70 366
70 368
70 370
70 373
70 374
70 588
70 593
70 598
71 72
71 73
71 76
71 77
71 79
71 90
71 129
71 135
71 293
71 294
71 364
71 365
71 366
71 368
71 370
71 373
71 374
71 376
71 423
71 424
71 429
71 591
71 592
71 593
71 598
72 74
72 75
72 76
72 77
72 79
72 135
72 293
72 294
72 365
72 366
72 367
72 368
72 370
72 373
72 374
72 376
72 429
72 592
72 593
72 598
74 78
75 371
76 77
76 79
76 82
76 83
76 122
76 126
76 127
76 128
76 129
76 131
76 132
76 135
76 194
76 198
76 201
76 202
76 203
76 221
76 225
76 226
76 295
76 370
76 373
76 376
76 415
76 420
76 422
76 423
76 424
76 425
76 426
76 428
76 429
76 430
76 435
76 499
76 500
76 501
76 502
76 504
76 592
76 593
76 596
76 598
77 79
77 129
77 294
77 365
77 366
77 368
77 370
77 373
77 374
77 376
77 592
77 593
77 598
78 82
78 367
78 369
78 372
78 429
79 82
79 83
79 85
79 126
79 127
79 129
79 130
79 132
79 137
79 139
79 140
79 367
79 370
79 372
79 373
79 374
79 375
79 376
79 378
79 405
79 420
79 421
79 422
79 423
79 426
79 428
79 429
79 430
79 434
79 435
79 436
79 456
79 494
79 500
79 504
79 592
79 598
80 138
80 140
80 141
80 367
80 371
80 423
80 430
80 434
80 435
81 92
81 503
81 519
82 83
82 85
82 122
82 126
82 127
82 129
82 130
82 138
82 140
82 201
82 339
82 358
82 367
82 371
82 372
82 373
82 375
82 376
82 378
82 403
82 405
82 420
82 421
82 422
82 423
82 424
82 425
82 428
82 429
82 430
82 431
82 434
82 435
82 436
82 448
82 470
82 504
82 592
82 596
82 598
83 85
83 112
83 113
83 114
83 122
83 126
83 127
83 129
83 130
83 131
83 132
83 133
83 137
83 138
83 140
83 154
83 201
83 221
83 227
83 340
83 344
83 373
83 375
83 376
83 378
83 403
83 404
83 405
83 406
83 409
83 420
83 421
83 422
83 423
83 424
83 426
83 428
83 429
83 430
83 431
83 434
83 435
83 451
83 456
83 461
83 491
83 494
83 500
83 501
83 504
83 517
83 592
83 596
83 598
84 86
84 87
84 89
84 91
85 88
85 126
85 130
85 375
85 376
85 378
85 405
85 421
85 422
85 494
86 87
86 89
86 91
86 380
87 89
87 91
89 91
89 261
89 380
90 105
90 129
90 130
90 220
90 221
90 335
90 339
90 364
90 392
90 415
90 423
90 424
90 425
90 434
90 466
90 530
91 261
91 380
91 482
92 93
92 99
92 101
92 106
92 110
92 179
92 187
92 189
92 192
92 193
92 194
92 198
92 200
92 202
92 207
92 211
92 276
92 296
92 499
93 99
93 100
93 101
93 103
93 106
93 107
93 108
93 109
93 110
93 120
93 184
93 189
93 282
93 302
93 321
93 322
93 336
93 389
93 391
93 392
93 394
93 398
93 400
93 585
93 586
94 95
94 98
94 107
94 108
94 302
94 317
94 320
94 322
94 336
94 386
94 388
94 389
94 580
95 386
96 99
96 245
96 282
96 390
96 484
96 489
96 509
96 534
96 594
96 597
97 98
97 266
97 269
97 322
97 388
97 389
97 579
97 580
98 100
98 107
98 108
98 302
98 317
98 321
98 322
98 336
98 349
98 388
98 389
99 175
99 213
99 228
99 229
99 236
99 245
99 282
99 289
99 387
99 391
99 476
99 509
99 522
99 572
99 579
99 580
99 588
100 101
100 102
100 103
100 106
100 107
100 108
100 110
100 120
100 184
100 282
100 290
100 302
100 317
100 321
100 322
100 334
100 336
100 349
100 388
100 389
100 391
100 392
100 398
100 400
100 413
100 445
100 487
100 586
101 103
101 104
101 105
101 106
101 108
101 109
101 110
101 184
101 187
101 189
101 202
101 207
101 223
101 276
101 282
101 283
101 289
101 304
101 384
101 390
101 391
101 392
101 393
101 394
101 395
101 398
101 400
101 412
101 443
101 445
101 487
101 489
101 495
101 586
102 107
102 120
102 290
102 334
102 336
102 388
102 391
102 398
102 400
103 104
103 106
103 108
103 109
103 110
103 119
103 120
103 184
103 187
103 223
103 282
103 289
103 336
103 390
103 391
103 392
103 393
103 394
103 395
103 398
103 399
103 400
103 401
103 413
103 417
103 443
103 445
103 489
103 586
104 105
104 106
104 109
104 110
104 112
104 114
104 116
104 119
104 122
104 123
104 131
104 154
104 187
104 188
104 189
104 192
104 193
104 194
104 195
104 196
104 198
104 201
104 202
104 203
104 204
104 207
104 211
104 214
104 221
104 223
104 276
104 282
104 295
104 384
104 390
104 393
104 394
104 395
104 397
104 399
104 408
104 412
104 417
104 443
104 445
104 452
104 467
104 489
104 495
104 496
104 502
104 505
104 529
105 106
105 109
105 110
105 114
105 116
105 119
105 122
105 123
105 129
105 131
105 187
105 188
105 189
105 192
105 193
105 194
105 195
105 196
105 201
105 202
105 203
105 204
105 207
105 214
105 221
105 223
105 225
105 276
105 384
105 390
105 393
105 394
105 395
105 397
105 408
105 412
105 416
105 443
105 467
105 489
105 495
105 496
105 502
105 505
105 529
105 584
106 109
106 110
106 116
106 119
106 120
106 123
106 145
106 184
106 187
106 189
106 194
106 195
106 196
106 202
106 203
106 207
106 223
106 276
106 282
106 283
106 289
106 384
106 390
106 391
106 392
106 393
106 394
106 395
106 397
106 398
106 399
106 400
106 401
106 412
106 417
106 443
106 445
106 449
106 487
106 489
106 495
106 584
106 586
107 108
107 110
107 120
107 184
107 302
107 317
107 321
107 322
107 334
107 335
107 336
107 388
107 389
107 391
107 392
107 398
107 400
107 413
108 109
108 110
108 184
108 302
108 317
108 321
108 322
108 336
108 391
108 392
108 394
108 398
108 400
108 487
109 110
109 116
109 119
109 120
109 184
109 187
109 189
109 191
109 195
109 196
109 202
109 207
109 223
109 276
109 282
109 289
109 384
109 390
109 391
109 393
109 394
109 395
109 396
109 398
109 399
109 400
109 401
109 417
109 443
109 445
109 489
109 495
109 586
110 120
110 184
110 187
110 189
110 223
110 282
110 289
110 301
110 302
110 336
110 390
110 391
110 392
110 393
110 394
110 395
110 398
110 399
110 400
110 417
110 443
110 445
110 479
110 487
110 489
110 495
110 586
111 206
111 209
111 256
111 265
112 113
112 114
112 115
112 116
112 119
112 122
112 123
112 125
112 126
112 127
112 128
112 129
112 130
112 131
112 132
112 133
112 134
112 140
112 143
112 145
112 149
112 154
112 157
112 161
112 188
112 194
112 195
112 196
112 201
112 203
112 204
112 207
112 295
112 340
112 344
112 378
112 395
112 396
112 403
112 404
112 405
112 406
112 407
112 408
112 409
112 410
112 416
112 420
112 422
112 423
112 424
112 426
112 428
112 430
112 435
112 439
112 450
112 451
112 461
112 466
112 470
112 491
112 492
112 496
112 501
112 504
112 599
113 114
113 115
113 126
113 130
113 201
113 340
113 378
113 403
113 404
113 405
113 406
113 407
113 409
113 410
113 422
113 491
114 115
114 116
114 122
114 129
114 130
114 131
114 132
114 149
114 154
114 188
114 192
114 193
114 194
114 195
114 196
114 198
114 201
114 202
114 203
114 204
114 207
114 221
114 276
114 295
114 344
114 403
114 404
114 407
114 408
114 423
114 424
114 426
114 450
114 451
114 491
114 492
114 496
114 499
114 500
114 501
114 502
114 504
114 505
114 577
114 578
115 116
115 130
115 337
115 340
115 344
115 378
115 403
115 404
115 406
115 407
115 409
115 410
116 118
116 123
116 191
116 195
116 196
116 204
116 344
116 393
116 395
116 407
116 410
116 416
116 417
116 443
118 119
118 121
118 123
118 124
118 401
118 411
118 416
118 417
118 418
118 449
119 121
119 123
119 125
119 128
119 131
119 143
119 145
119 147
119 149
119 154
119 155
119 157
119 188
119 195
119 196
119 203
119 207
119 223
119 225
119 276
119 282
119 283
119 340
119 344
119 390
119 393
119 395
119 397
119 399
119 401
119 404
119 407
119 409
119 410
119 412
119 415
119 416
119 417
119 418
119 424
119 435
119 437
119 443
119 445
119 447
119 449
119 450
119 451
119 453
119 454
119 461
119 489
119 496
119 529
119 599
120 121
120 124
120 184
120 282
120 290
120 301
120 336
120 391
120 392
120 398
120 400
120 401
120 411
120 413
120 417
120 445
120 586
121 143
121 145
121 147
121 155
121 185
121 348
121 359
121 401
121 413
121 449
122 126
122 127
122 128
122 129
122 130
122 131
122 137
122 140
122 154
122 188
122 192
122 194
122 195
122 196
122 198
122 201
122 202
122 203
122 204
122 207
122 221
122 225
122 226
122 295
122 340
122 344
122 397
122 403
122 404
122 405
122 408
122 409
122 415
122 420
122 422
122 423
122 424
122 426
122 428
122 430
122 434
122 435
122 448
122 450
122 451
122 461
122 466
122 470
122 491
122 492
122 496
122 499
122 500
122 501
122 502
122 504
122 505
122 517
122 536
122 578
122 596
123 124
123 125
123 128
123 131
123 143
123 145
123 149
123 157
123 188
123 195
123 196
123 203
123 204
123 223
123 283
123 344
123 390
123 393
123 395
123 397
123 399
123 401
123 407
123 408
123 409
123 410
123 416
123 417
123 418
123 439
123 440
123 443
123 445
123 449
123 450
123 452
123 453
123 454
123 466
123 467
123 489
123 496
123 498
123 584
124 145
124 301
124 417
124 445
125 127
125 128
125 131
125 134
125 142
125 143
125 145
125 148
125 149
125 150
125 152
125 154
125 155
125 157
125 159
125 161
125 196
125 340
125 344
125 348
125 401
125 404
125 409
125 416
125 417
125 418
125 428
125 432
125 435
125 437
125 439
125 440
125 442
125 443
125 444
125 445
125 447
125 449
125 450
125 451
125 453
125 454
125 461
125 467
125 523
125 525
126 127
126 128
126 129
126 130
126 131
126 132
126 134
126 136
126 140
126 141
126 161
126 201
126 203
126 295
126 340
126 344
126 373
126 376
126 378
126 403
126 404
126 405
126 409
126 420
126 421
126 422
126 423
126 424
126 426
126 428
126 430
126 431
126 432
126 434
126 435
126 450
126 451
126 455
126 456
126 461
126 470
126 494
126 501
126 504
126 592
127 128
127 129
127 130
127 131
127 132
127 133
127 134
127 137
127 138
127 140
127 148
127 149
127 150
127 152
127 154
127 155
127 161
127 201
127 221
127 227
127 337
127 339
127 340
127 344
127 373
127 376
127 378
127 403
127 404
127 405
127 409
127 410
127 415
127 416
127 420
127 421
127 422
127 423
127 424
127 426
127 428
127 429
127 430
127 431
127 432
127 434
127 435
127 437
127 439
127 444
127 447
127 448
127 450
127 451
127 456
127 461
127 466
127 470
127 501
127 504
127 530
127 536
128 129
128 131
128 132
128 133
128 134
128 136
128 140
128 141
128 143
128 148
128 149
128 152
128 154
128 155
128 157
128 159
128 161
128 188
128 201
128 203
128 295
128 340
128 344
128 403
128 404
128 405
128 409
128 415
128 416
128 420
128 422
128 423
128 424
128 428
128 430
128 431
128 432
128 434
128 435
128 437
128 439
128 440
128 444
128 447
128 448
128 449
128 450
128 451
128 453
128 454
128 461
128 466
128 470
128 500
128 501
128 504
128 599
129 130
129 131
129 132
129 133
129 135
129 140
129 147
129 154
129 186
129 188
129 194
129 198
129 201
129 202
129 203
129 204
129 221
129 225
129 226
129 227
129 295
129 339
129 340
129 344
129 364
129 365
129 370
129 373
129 376
129 378
129 403
129 404
129 405
129 409
129 412
129 415
129 420
129 421
129 422
129 423
129 424
129 426
129 428
129 429
129 430
129 434
129 435
129 439
129 448
129 451
129 461
129 466
129 499
129 500
129 501
129 504
129 530
129 591
129 596
129 598
130 131
130 132
130 138
130 140
130 154
130 201
130 340
130 344
130 373
130 375
130 378
130 403
130 404
130 405
130 406
130 409
130 410
130 420
130 421
130 422
130 423
130 424
130 426
130 428
130 430
130 431
130 434
130 435
130 451
130 461
130 470
130 491
130 504
131 132
131 133
131 140
131 143
131 149
131 154
131 157
131 188
131 190
131 192
131 193
131 194
131 195
131 196
131 198
131 201
131 202
131 203
131 204
131 207
131 211
131 221
131 223
131 225
131 276
131 295
131 340
131 344
131 397
131 403
131 404
131 412
131 415
131 420
131 422
131 423
131 424
131 426
131 428
131 429
131 430
131 434
131 435
131 439
131 450
131 451
131 453
131 461
131 491
131 492
131 496
131 499
131 500
131 501
131 502
131 504
131 519
131 523
131 578
131 599
132 133
132 134
132 140
132 149
132 154
132 188
132 190
132 201
132 203
132 225
132 295
132 403
132 404
132 405
132 420
132 422
132 423
132 424
132 426
132 428
132 429
132 430
132 431
132 435
132 450
132 451
132 456
132 461
132 499
132 500
132 501
132 504
132 596
133 134
133 135
133 140
133 149
133 154
133 403
133 404
133 420
133 423
133 424
133 428
133 429
133 435
133 438
133 439
133 450
133 451
133 461
133 491
133 501
134 136
134 138
134 140
134 141
134 148
134 149
134 150
134 151
134 152
134 155
134 159
134 161
134 201
134 340
134 378
134 403
134 404
134 405
134 409
134 420
134 423
134 428
134 430
134 431
134 432
134 434
134 435
134 437
134 440
134 442
134 448
134 450
134 456
134 461
134 470
135 353
135 367
135 373
135 374
135 423
135 428
135 429
135 500
135 592
135 593
135 596
136 138
136 141
136 148
136 152
136 153
136 158
136 159
136 160
136 161
136 163
136 217
136 218
136 219
136 277
136 378
136 403
136 404
136 405
136 406
136 428
136 430
136 431
136 432
136 442
136 455
136 456
136 464
136 470
136 525
137 138
137 201
137 221
137 226
137 227
137 378
137 403
137 405
137 422
137 426
137 430
137 455
137 504
137 536
138 140
138 148
138 161
138 373
138 378
138 403
138 404
138 405
138 420
138 422
138 423
138 430
138 431
138 434
138 435
138 470
140 141
140 147
140 148
140 150
140 161
140 339
140 340
140 341
140 357
140 358
140 373
140 376
140 378
140 403
140 404
140 405
140 409
140 415
140 420
140 421
140 422
140 423
140 424
140 428
140 429
140 430
140 431
140 432
140 434
140 435
140 437
140 446
140 448
140 451
140 461
140 470
140 504
140 592
141 148
141 151
141 152
141 161
141 425
141 430
141 431
141 435
141 437
141 442
141 448
141 466
141 470
142 143
142 444
142 453
143 145
143 149
143 154
143 157
143 188
143 196
143 223
143 283
143 340
143 390
143 395
143 396
143 399
143 401
143 404
143 407
143 408
143 417
143 418
143 437
143 439
143 445
143 449
143 450
143 451
143 453
143 454
143 491
143 496
143 599
145 149
145 155
145 157
145 188
145 196
145 223
145 282
145 283
145 390
145 393
145 395
145 399
145 401
145 412
145 416
145 417
145 418
145 437
145 439
145 440
145 443
145 445
145 449
145 453
145 454
145 467
145 489
145 534
145 584
146 162
147 351
147 358
147 359
147 412
147 414
147 435
147 437
148 150
148 151
148 152
148 155
148 159
148 161
148 163
148 403
148 404
148 405
148 409
148 430
148 431
148 432
148 435
148 437
148 440
148 442
148 447
148 448
148 464
148 466
148 470
149 154
149 157
149 188
149 196
149 295
149 340
149 344
149 403
149 404
149 408
149 409
149 418
149 424
149 437
149 438
149 439
149 450
149 451
149 453
149 491
149 492
149 496
149 501
149 504
150 151
150 152
150 155
150 161
150 163
150 341
150 348
150 357
150 416
150 418
150 431
150 432
150 434
150 435
150 437
150 440
150 442
150 446
150 448
150 454
151 152
151 155
151 161
151 163
151 164
151 348
151 431
151 432
151 437
151 442
151 448
151 464
151 466
152 155
152 161
152 163
152 348
152 418
152 431
152 432
152 433
152 437
152 440
152 442
152 447
152 448
152 464
152 470
153 159
153 164
153 218
153 219
153 272
153 277
153 279
153 442
153 468
153 525
154 157
154 188
154 190
154 192
154 193
154 194
154 196
154 198
154 201
154 202
154 203
154 204
154 207
154 211
154 212
154 215
154 221
154 276
154 295
154 403
154 404
154 408
154 420
154 423
154 424
154 426
154 428
154 429
154 435
154 438
154 439
154 450
154 451
154 453
154 460
154 461
154 490
154 491
154 492
154 496
154 499
154 500
154 501
154 504
154 505
154 517
154 519
154 523
154 577
154 578
154 599
155 161
155 163
155 218
155 341
155 348
155 359
155 401
155 410
155 413
155 414
155 416
155 418
155 431
155 432
155 435
155 437
155 440
155 442
155 444
155 447
155 448
155 449
155 453
155 454
155 461
155 525
156 163
156 218
156 254
156 463
156 464
156 468
157 190
157 195
157 196
157 223
157 224
157 251
157 340
157 399
157 401
157 404
157 407
157 408
157 439
157 449
157 450
157 451
157 453
157 491
157 496
157 515
157 599
158 159
158 160
158 163
158 217
158 218
158 219
158 277
158 455
158 456
158 525
159 160
159 161
159 163
159 217
159 218
159 219
159 277
159 405
159 432
159 442
159 454
159 455
159 456
159 464
159 470
159 525
159 576
160 455
160 456
160 525
161 163
161 340
161 378
161 403
161 405
161 409
161 418
161 420
161 428
161 430
161 431
161 432
161 434
161 435
161 437
161 440
161 442
161 444
161 447
161 448
161 454
161 456
161 461
161 470
162 277
162 462
163 217
163 218
163 254
163 431
163 432
163 442
163 463
163 464
163 468
163 525
164 218
164 272
164 277
164 442
164 464
165 167
166 168
166 169
166 213
166 228
166 229
166 230
166 234
166 236
166 238
166 239
166 240
166 249
166 258
166 266
166 269
166 387
166 475
166 532
166 539
166 540
166 550
166 554
166 559
166 572
167 177
167 224
168 169
168 170
168 172
168 173
168 183
168 206
168 213
168 228
168 229
168 232
168 233
168 234
168 236
168 238
168 239
168 240
168 247
168 249
168 255
168 256
168 258
168 262
168 265
168 266
168 269
168 299
168 387
168 475
168 476
168 478
168 480
168 481
168 486
168 488
168 522
168 538
168 539
168 540
168 541
168 542
168 544
168 547
168 548
168 550
168 551
168 554
168 555
168 559
168 560
168 566
168 567
168 572
168 573
168 579
168 581
168 595
169 170
169 173
169 183
169 228
169 229
169 234
169 236
169 238
169 239
169 240
169 247
169 255
169 256
169 258
169 262
169 266
169 269
169 298
169 299
169 387
169 475
169 476
169 480
169 481
169 486
169 488
169 539
169 540
169 541
169 542
169 544
169 548
169 550
169 554
169 559
169 560
169 566
169 567
169 572
169 573
169 581
169 595
170 206
170 213
170 228
170 229
170 230
170 231
170 233
170 234
170 236
170 238
170 239
170 247
170 255
170 256
170 258
170 259
170 262
170 265
170 266
170 269
170 270
170 280
170 298
170 299
170 475
170 476
170 480
170 486
170 511
170 522
170 531
170 538
170 539
170 540
170 541
170 542
170 544
170 548
170 550
170 551
170 554
170 555
170 559
170 560
170 564
170 566
170 567
170 569
170 572
170 581
170 595
170 600
172 228
172 232
172 234
172 236
172 238
172 247
172 248
172 250
172 258
172 269
172 475
172 478
172 550
172 560
173 183
173 247
173 476
173 479
173 488
173 559
174 206
174 230
174 231
174 244
174 249
174 265
174 273
174 274
175 177
175 181
175 182
175 206
175 229
175 234
175 256
176 178
176 216
176 255
176 266
176 270
176 280
176 300
176 480
176 481
176 485
176 542
176 566
176 567
176 581
177 387
178 183
178 252
178 255
178 262
178 263
178 264
178 266
178 268
178 270
178 298
178 299
178 300
178 315
178 480
178 488
178 538
178 566
178 567
178 569
179 187
179 189
179 192
179 193
179 194
179 198
179 200
179 202
179 207
179 276
179 295
179 296
179 499
179 588
182 189
182 206
182 230
182 312
182 509
183 228
183 238
183 247
183 252
183 253
183 255
183 256
183 258
183 262
183 266
183 269
183 298
183 299
183 480
183 481
183 486
183 488
183 539
183 548
183 554
183 560
183 565
183 566
183 567
183 568
183 572
183 595
184 302
184 321
184 322
184 391
184 394
184 398
184 400
184 487
184 586
186 415
186 423
186 429
186 434
186 435
186 453
186 461
187 189
187 192
187 200
187 202
187 203
187 207
187 223
187 276
187 384
187 390
187 393
187 395
187 412
187 489
187 495
188 192
188 194
188 195
188 196
188 198
188 201
188 202
188 203
188 204
188 207
188 221
188 223
188 225
188 276
188 287
188 295
188 340
188 384
188 390
188 395
188 397
188 403
188 404
188 408
188 409
188 423
188 424
188 426
188 435
188 450
188 451
188 467
188 489
188 491
188 492
188 496
188 498
188 499
188 500
188 501
188 502
188 504
188 505
188 529
188 584
189 192
189 193
189 194
189 198
189 200
189 202
189 204
189 207
189 211
189 212
189 214
189 223
189 230
189 276
189 282
189 296
189 306
189 390
189 393
189 395
189 489
189 493
189 495
189 505
189 509
189 588
190 276
190 424
190 438
190 450
190 451
190 453
190 461
190 490
190 501
190 523
190 599
191 204
191 210
191 211
191 306
191 577
192 193
192 194
192 195
192 196
192 198
192 200
192 201
192 202
192 203
192 204
192 207
192 211
192 212
192 214
192 221
192 222
192 223
192 225
192 226
192 276
192 295
192 296
192 395
192 397
192 424
192 450
192 451
192 496
192 499
192 500
192 502
192 503
192 504
192 505
192 519
192 529
192 578
193 194
193 198
193 200
193 201
193 202
193 203
193 204
193 207
193 211
193 212
193 214
193 215
193 221
193 274
193 276
193 295
193 424
193 451
193 460
193 492
193 496
193 499
193 500
193 501
193 503
193 504
193 505
193 516
193 519
193 578
194 195
194 196
194 198
194 200
194 201
194 202
194 203
194 204
194 207
194 211
194 212
194 214
194 215
194 221
194 223
194 225
194 276
194 295
194 384
194 390
194 395
194 397
194 399
194 408
194 424
194 443
194 450
194 451
194 467
194 489
194 491
194 492
194 495
194 496
194 498
194 499
194 500
194 501
194 502
194 503
194 504
194 505
194 517
194 519
194 533
194 577
194 578
195 196
195 198
195 201
195 202
195 203
195 204
195 207
195 214
195 223
195 224
195 225
195 276
195 282
195 283
195 286
195 287
195 289
195 295
195 384
195 390
195 393
195 395
195 397
195 399
195 401
195 408
195 417
195 443
195 467
195 489
195 496
195 498
195 499
195 502
195 505
195 529
195 584
196 198
196 201
196 202
196 203
196 204
196 207
196 214
196 223
196 225
196 276
196 282
196 283
196 289
196 295
196 384
196 390
196 393
196 395
196 397
196 399
196 401
196 407
196 408
196 417
196 443
196 445
196 449
196 452
196 467
196 489
196 491
196 492
196 495
196 496
196 498
196 502
196 505
196 529
196 584
197 199
197 208
197 274
197 281
197 450
197 460
198 200
198 201
198 202
198 203
198 204
198 207
198 211
198 214
198 215
198 221
198 276
198 295
198 424
198 426
198 450
198 451
198 460
198 492
198 496
198 499
198 500
198 501
198 502
198 503
198 504
198 505
198 519
198 577
198 578
198 596
199 208
199 219
199 277
199 279
199 281
199 460
199 465
199 524
199 528
200 201
200 202
200 203
200 207
200 214
200 295
200 296
200 484
200 499
200 502
200 503
200 505
200 578
200 588
200 596
201 202
201 203
201 204
201 207
201 221
201 225
201 276
201 295
201 340
201 378
201 395
201 403
201 404
201 405
201 406
201 408
201 409
201 415
201 420
201 422
201 423
201 424
201 425
201 426
201 428
201 430
201 435
201 450
201 451
201 461
201 466
201 470
201 491
201 492
201 496
201 499
201 500
201 501
201 502
201 504
201 505
201 578
201 596
202 203
202 204
202 207
202 211
202 214
202 221
202 223
202 225
202 276
202 295
202 296
202 370
202 384
202 390
202 393
202 395
202 397
202 408
202 424
202 467
202 484
202 489
202 492
202 495
202 496
202 499
202 500
202 501
202 502
202 503
202 504
202 505
202 519
202 529
202 578
202 588
203 204
203 207
203 221
203 225
203 276
203 295
203 296
203 384
203 390
203 395
203 397
203 403
203 404
203 408
203 412
203 415
203 416
203 420
203 423
203 424
203 426
203 428
203 430
203 435
203 443
203 450
203 451
203 461
203 466
203 491
203 496
203 499
203 500
203 501
203 502
203 504
203 505
203 529
203 578
203 596
204 207
204 211
204 212
204 214
204 215
204 276
204 295
204 390
204 395
204 403
204 404
204 407
204 408
204 424
204 450
204 451
204 467
204 491
204 492
204 496
204 499
204 500
204 501
204 502
204 503
204 504
204 505
204 516
204 519
204 577
204 578
205 506
206 209
206 210
206 213
206 216
206 228
206 229
206 230
206 231
206 234
206 239
206 241
206 244
206 256
206 258
206 259
206 265
206 266
206 269
206 273
206 306
206 387
206 481
206 507
206 508
206 509
206 511
206 513
206 520
206 522
206 538
206 539
206 540
206 541
206 542
206 544
206 548
206 550
206 551
206 554
206 555
206 559
206 564
206 565
206 567
206 572
206 573
206 581
206 595
207 211
207 212
207 214
207 221
207 223
207 276
207 295
207 384
207 390
207 393
207 395
207 424
207 443
207 451
207 489
207 496
207 499
207 502
207 504
207 505
207 578
208 209
208 210
208 273
208 274
208 278
208 281
208 510
208 524
208 600
209 216
209 231
209 233
209 242
209 243
209 262
209 263
209 264
209 265
209 273
209 274
209 278
209 281
209 510
209 512
209 513
209 518
209 541
209 564
209 570
209 600
210 215
210 231
210 241
210 273
210 274
210 278
210 306
210 509
210 514
210 520
210 577
211 212
211 214
211 215
211 221
211 223
211 273
211 274
211 276
211 295
211 499
211 516
211 519
211 578
212 214
212 215
212 221
212 244
212 273
212 274
212 276
212 516
213 216
213 228
213 229
213 230
213 231
213 233
213 234
213 236
213 238
213 240
213 245
213 247
213 249
213 256
213 258
213 259
213 265
213 266
213 269
213 273
213 299
213 387
213 475
213 483
213 509
213 511
213 520
213 522
213 532
213 538
213 539
213 540
213 541
213 542
213 551
213 554
213 559
213 572
213 573
213 579
213 581
213 595
214 222
214 276
214 399
214 452
214 467
214 489
214 492
214 493
214 496
214 497
214 498
214 502
214 503
214 505
214 516
214 519
214 520
214 578
215 231
215 241
215 244
215 273
215 274
215 451
215 457
215 460
215 490
215 500
215 501
215 514
215 516
215 519
215 537
215 577
216 229
216 231
216 256
216 259
216 263
216 265
216 273
216 274
216 278
216 280
216 281
216 313
216 485
216 506
216 507
216 508
216 512
216 513
216 518
216 520
216 541
216 542
216 567
216 581
216 600
217 218
217 219
217 405
217 455
217 456
217 463
217 464
217 525
218 219
218 272
218 277
218 442
218 468
218 525
219 277
219 279
219 455
219 456
219 463
219 465
219 525
220 221
220 226
220 227
220 237
220 246
220 287
220 339
220 422
220 423
220 424
220 529
220 530
220 535
220 536
221 225
221 226
221 227
221 287
221 295
221 339
221 395
221 397
221 403
221 415
221 420
221 422
221 423
221 424
221 426
221 430
221 434
221 435
221 448
221 451
221 461
221 466
221 501
221 504
221 529
221 530
221 535
221 536
222 230
222 240
222 273
222 493
222 503
222 511
222 533
222 553
223 224
223 225
223 276
223 282
223 283
223 289
223 384
223 390
223 393
223 394
223 395
223 397
223 399
223 401
223 412
223 417
223 443
223 445
223 449
223 489
223 495
224 399
225 226
225 287
225 295
225 365
225 395
225 397
225 412
225 415
225 423
225 424
225 435
225 461
225 496
225 499
225 502
225 529
225 534
225 584
226 227
226 287
226 339
226 373
226 375
226 415
226 422
226 423
226 424
226 434
226 448
226 466
226 529
226 530
226 535
226 536
226 537
227 246
227 373
227 375
227 403
227 420
227 421
227 422
227 423
227 426
227 530
227 533
227 535
227 536
227 537
228 229
228 230
228 232
228 233
228 234
228 236
228 238
228 239
228 240
228 247
228 249
228 255
228 256
228 258
228 262
228 263
228 265
228 266
228 269
228 273
228 298
228 299
228 387
228 475
228 476
228 480
228 481
228 486
228 488
228 521
228 522
228 532
228 538
228 539
228 540
228 541
228 542
228 544
228 548
228 550
228 551
228 554
228 555
228 559
228 560
228 566
228 567
228 572
228 573
228 579
228 580
228 581
228 595
229 230
229 231
229 233
229 234
229 236
229 238
229 239
229 240
229 241
229 245
229 247
229 249
229 255
229 256
229 258
229 262
229 265
229 266
229 269
229 273
229 298
229 299
229 387
229 475
229 476
229 480
229 481
229 483
229 486
229 488
229 509
229 511
229 513
229 520
229 521
229 522
229 532
229 538
229 539
229 540
229 541
229 542
229 544
229 548
229 550
229 551
229 554
229 555
229 559
229 560
229 566
229 567
229 572
229 573
229 579
229 581
229 595
230 231
230 234
230 236
230 238
230 239
230 240
230 241
230 244
230 245
230 249
230 256
230 258
230 265
230 269
230 273
230 306
230 313
230 483
230 509
230 511
230 520
230 522
230 532
230 542
230 550
230 551
230 554
230 559
230 581
231 234
231 239
231 244
231 249
231 256
231 265
231 266
231 273
231 274
231 306
231 313
231 507
231 508
231 511
231 512
231 513
231 516
231 541
231 542
231 551
231 554
231 555
231 564
231 581
232 233
232 234
232 236
232 238
232 239
232 247
232 248
232 249
232 250
232 258
232 266
232 269
232 388
232 475
232 478
232 544
232 548
232 550
232 560
232 573
233 234
233 236
233 238
233 239
233 240
233 243
233 247
233 249
233 252
233 255
233 256
233 258
233 262
233 263
233 265
233 266
233 268
233 269
233 270
233 271
233 298
233 299
233 387
233 475
233 539
233 540
233 541
233 548
233 554
233 560
233 566
233 567
233 572
233 595
234 236
234 238
234 239
234 240
234 243
234 245
234 247
234 249
234 255
234 256
234 258
234 262
234 263
234 265
234 266
234 269
234 271
234 273
234 298
234 299
234 387
234 475
234 476
234 478
234 480
234 486
234 521
234 531
234 532
234 538
234 539
234 540
234 541
234 542
234 544
234 548
234 550
234 551
234 554
234 555
234 559
234 560
234 566
234 567
234 572
234 573
234 580
234 581
234 595
235 237
235 240
235 285
235 286
235 287
235 549
235 553
235 583
236 238
236 239
236 240
236 247
236 249
236 255
236 256
236 258
236 262
236 265
236 266
236 269
236 285
236 288
236 298
236 299
236 387
236 475
236 476
236 486
236 511
236 532
236 539
236 540
236 542
236 547
236 548
236 549
236 550
236 551
236 553
236 554
236 555
236 559
236 560
236 566
236 572
236 573
236 579
236 581
236 595
237 240
237 286
237 287
237 546
237 547
237 549
237 553
238 239
238 240
238 243
238 247
238 249
238 255
238 256
238 258
238 262
238 265
238 266
238 269
238 285
238 288
238 298
238 299
238 387
238 475
238 476
238 531
238 539
238 540
238 542
238 547
238 548
238 549
238 550
238 553
238 554
238 555
238 559
238 560
238 566
238 572
238 581
238 595
239 240
239 243
239 247
239 249
239 255
239 256
239 258
239 262
239 265
239 266
239 269
239 475
239 481
239 513
239 538
239 539
239 540
239 541
239 542
239 544
239 548
239 550
239 551
239 552
239 554
239 555
239 559
239 560
239 566
239 567
239 572
239 573
239 581
239 595
240 243
240 247
240 249
240 258
240 265
240 269
240 285
240 476
240 547
240 548
240 549
240 550
240 553
240 554
240 559
240 572
241 244
241 245
241 273
241 483
241 511
241 520
241 522
241 532
241 538
241 551
242 271
242 463
242 552
242 555
242 570
242 571
243 247
243 249
243 250
243 252
243 262
243 263
243 265
243 266
243 268
243 271
243 548
243 550
243 554
244 265
244 273
244 274
244 507
244 508
244 513
244 551
244 552
245 273
245 387
245 483
245 509
245 511
245 520
245 532
245 581
247 249
247 250
247 252
247 255
247 256
247 258
247 262
247 263
247 265
247 266
247 268
247 269
247 298
247 299
247 387
247 475
247 476
247 478
247 480
247 481
247 486
247 488
247 531
247 538
247 539
247 540
247 541
247 542
247 544
247 547
247 548
247 550
247 551
247 554
247 555
247 559
247 560
247 566
247 567
247 569
247 572
247 573
247 580
247 581
247 595
248 250
248 253
248 254
248 478
248 543
248 558
248 560
248 561
249 256
249 258
249 265
249 266
249 269
249 475
249 548
249 550
249 554
250 252
250 253
250 254
250 262
250 263
250 268
250 275
250 462
250 463
250 468
250 478
250 543
250 557
250 560
250 561
250 566
250 570
252 255
252 262
252 263
252 268
252 270
252 271
252 272
252 275
252 298
252 462
252 566
252 570
253 254
253 478
253 558
253 560
253 566
254 275
254 463
254 468
255 256
255 258
255 259
255 262
255 263
255 264
255 265
255 266
255 268
255 269
255 270
255 280
255 298
255 299
255 300
255 387
255 475
255 476
255 478
255 480
255 481
255 488
255 512
255 524
255 531
255 538
255 539
255 540
255 541
255 542
255 544
255 548
255 551
255 554
255 555
255 559
255 560
255 566
255 567
255 569
255 570
255 572
255 581
255 595
255 600
256 258
256 259
256 262
256 263
256 265
256 266
256 269
256 273
256 387
256 475
256 476
256 480
256 481
256 488
256 507
256 508
256 509
256 512
256 513
256 518
256 520
256 521
256 522
256 538
256 539
256 540
256 541
256 542
256 544
256 548
256 550
256 551
256 554
256 555
256 559
256 560
256 566
256 567
256 569
256 572
256 573
256 581
256 595
256 600
257 261
257 300
257 488
257 568
257 589
258 262
258 265
258 266
258 269
258 288
258 299
258 387
258 475
258 476
258 478
258 480
258 481
258 486
258 488
258 521
258 522
258 532
258 538
258 539
258 540
258 541
258 542
258 544
258 547
258 548
258 550
258 551
258 554
258 555
258 559
258 560
258 566
258 567
258 572
258 573
258 579
258 581
258 595
259 260
259 273
259 278
259 280
259 298
259 299
259 459
259 486
259 488
259 509
259 524
259 539
259 564
259 565
259 569
259 572
259 589
259 595
260 261
260 297
260 589
261 297
261 488
262 263
262 264
262 265
262 266
262 268
262 269
262 270
262 271
262 298
262 299
262 300
262 488
262 524
262 539
262 540
262 541
262 544
262 548
262 554
262 555
262 560
262 566
262 567
262 569
262 570
262 572
262 574
262 595
262 600
263 264
263 265
263 268
263 270
263 271
263 298
263 299
263 478
263 510
263 512
263 518
263 524
263 539
263 540
263 541
263 543
263 544
263 555
263 560
263 566
263 567
263 569
263 570
263 600
264 268
264 270
264 279
264 280
264 281
264 298
264 299
264 300
264 488
264 510
264 512
264 524
264 539
264 541
264 566
264 569
264 570
264 574
264 595
264 600
265 266
265 269
265 273
265 274
265 298
265 299
265 387
265 481
265 507
265 508
265 512
265 513
265 518
265 522
265 538
265 539
265 540
265 541
265 542
265 544
265 548
265 550
265 551
265 554
265 555
265 560
265 564
265 566
265 567
265 572
265 573
265 581
265 595
266 269
266 271
266 387
266 475
266 480
266 481
266 488
266 508
266 538
266 539
266 540
266 541
266 542
266 544
266 548
266 550
266 551
266 552
266 554
266 555
266 559
266 560
266 566
266 567
266 572
266 573
266 580
266 581
266 595
267 452
268 270
268 271
268 275
268 279
268 298
268 462
268 543
268 560
268 566
268 569
268 570
268 574
269 271
269 298
269 299
269 387
269 475
269 476
269 478
269 480
269 481
269 486
269 488
269 521
269 522
269 538
269 539
269 540
269 541
269 542
269 544
269 548
269 550
269 551
269 554
269 555
269 559
269 560
269 566
269 567
269 572
269 573
269 579
269 580
269 581
269 595
270 271
270 279
270 280
270 298
270 299
270 300
270 315
270 524
270 566
270 569
270 574
271 521
271 560
271 566
271 570
271 572
271 573
271 574
271 595
272 303
273 274
273 278
273 281
273 306
273 509
273 511
273 513
273 514
273 516
273 518
273 520
273 522
273 539
273 540
274 278
275 277
275 462
275 463
275 575
276 282
276 283
276 289
276 295
276 384
276 390
276 395
276 424
276 443
276 450
276 451
276 489
276 499
276 502
276 505
277 279
277 462
277 525
277 575
278 280
278 281
278 457
278 459
278 460
278 506
278 518
278 524
278 600
279 280
279 281
279 300
279 524
279 574
280 281
280 298
280 299
280 300
280 459
280 488
280 524
280 539
280 565
280 569
280 572
280 574
280 589
280 595
281 459
281 524
281 574
282 283
282 289
282 290
282 384
282 390
282 391
282 393
282 394
282 395
282 399
282 400
282 417
282 443
282 445
282 489
282 495
282 534
282 579
282 584
282 586
283 289
283 384
283 390
283 395
283 399
283 417
283 443
283 445
283 467
283 489
283 534
283 584
283 586
284 285
284 291
284 547
284 582
284 583
284 587
285 286
285 288
285 332
285 547
285 549
285 553
285 559
285 579
285 582
285 583
285 587
286 287
286 332
286 529
286 546
286 547
286 549
286 553
286 583
286 584
287 529
287 530
287 535
287 536
287 546
287 584
288 479
288 547
288 559
288 585
289 390
289 391
289 395
289 399
289 489
289 534
289 586
290 291
290 322
290 391
290 398
290 400
290 586
290 587
291 579
291 582
291 586
291 587
293 294
293 364
293 365
293 368
293 370
293 374
293 588
293 593
293 594
294 364
294 365
294 366
294 368
294 370
294 593
295 395
295 403
295 404
295 408
295 420
295 423
295 424
295 426
295 428
295 430
295 435
295 450
295 451
295 460
295 461
295 491
295 492
295 496
295 499
295 500
295 501
295 502
295 504
295 505
295 519
295 576
295 578
295 596
295 599
296 588
297 484
297 589
298 299
298 300
298 480
298 486
298 488
298 524
298 539
298 540
298 541
298 548
298 554
298 560
298 566
298 567
298 568
298 569
298 570
298 572
298 574
298 595
298 600
299 300
299 387
299 475
299 476
299 486
299 488
299 539
299 540
299 541
299 542
299 548
299 554
299 559
299 560
299 566
299 569
299 572
299 581
299 595
300 488
300 524
300 566
300 568
300 569
300 574
300 589
301 302
301 487
302 304
302 305
302 317
302 321
302 322
302 336
302 388
302 389
302 392
302 398
302 487
304 305
305 319
305 321
305 323
305 324
305 329
305 389
306 308
306 509
306 522
307 311
309 310
309 512
311 369
311 472
312 326
313 480
313 511
313 513
313 520
313 532
313 542
313 554
313 581
314 315
314 316
314 508
315 316
315 318
315 319
316 318
316 319
316 508
317 320
317 321
317 322
317 336
317 386
317 388
317 389
317 580
318 319
319 320
320 334
320 386
320 388
321 322
321 334
321 336
321 388
321 389
321 391
321 392
321 398
321 400
321 487
322 349
322 386
322 388
322 389
322 398
322 400
322 487
323 328
324 326
324 329
324 330
324 331
324 461
325 558
326 329
326 330
327 330
329 330
329 331
329 332
329 333
330 332
331 333
332 333
332 335
332 529
332 582
332 583
332 584
333 334
333 335
333 392
333 413
333 415
333 453
334 335
334 336
334 388
334 392
334 398
334 400
335 336
335 339
335 392
335 398
335 415
335 445
335 466
335 529
335 584
336 363
336 388
336 389
336 391
336 392
336 398
336 400
337 340
337 378
337 405
337 406
337 407
337 409
337 410
338 342
338 343
338 346
338 347
338 379
338 381
339 353
339 364
339 371
339 373
339 375
339 376
339 415
339 420
339 421
339 422
339 423
339 434
339 435
339 448
339 466
339 530
339 536
340 344
340 350
340 378
340 396
340 403
340 404
340 405
340 406
340 407
340 408
340 409
340 410
340 416
340 424
340 431
340 435
340 451
340 461
340 470
340 491
341 345
341 357
341 358
341 434
341 440
341 444
341 446
342 343
342 346
342 347
343 346
343 347
344 348
344 350
344 403
344 404
344 409
344 410
344 415
344 416
344 418
344 420
344 424
344 428
344 435
344 439
344 441
344 450
344 451
344 453
344 454
344 461
344 492
344 501
344 523
345 351
345 352
345 355
345 356
345 357
345 358
345 432
345 446
345 447
345 448
347 381
348 350
348 353
348 359
348 410
348 413
348 416
348 418
348 437
348 454
349 389
350 357
350 416
350 418
350 446
351 359
351 412
351 447
352 354
352 356
352 358
352 361
352 362
353 359
353 371
353 375
353 412
353 421
353 423
353 431
353 434
353 448
354 355
354 356
355 356
357 358
357 418
357 431
357 440
357 444
357 446
357 448
358 446
359 401
359 412
359 413
359 414
360 363
364 365
364 370
364 412
364 423
364 424
364 434
364 591
364 593
365 366
365 368
365 370
365 373
365 374
365 588
365 591
365 593
365 598
366 368
366 370
366 374
366 593
367 369
367 371
367 372
367 373
367 374
367 376
367 421
367 422
367 429
367 592
367 596
368 370
368 593
369 372
370 373
370 374
370 376
370 429
370 499
370 591
370 592
370 593
370 598
371 373
371 374
371 376
371 434
372 373
372 375
372 376
372 421
372 422
372 429
372 592
372 598
373 374
373 375
373 376
373 378
373 415
373 420
373 421
373 422
373 423
373 424
373 428
373 429
373 430
373 434
373 435
373 436
373 448
373 500
373 504
373 530
373 537
373 592
373 596
373 598
374 376
374 429
374 592
374 593
374 598
375 376
375 378
375 405
375 420
375 421
375 422
375 423
375 434
375 537
376 378
376 420
376 421
376 422
376 423
376 425
376 429
376 434
376 436
376 504
376 592
376 598
377 379
377 381
378 403
378 404
378 405
378 406
378 409
378 410
378 420
378 421
378 422
378 423
378 426
378 430
378 431
378 434
378 435
378 461
378 470
379 436
383 516
384 385
384 390
384 393
384 395
384 396
384 408
384 467
384 489
384 491
384 495
384 505
384 529
384 584
387 475
387 476
387 480
387 481
387 483
387 486
387 488
387 509
387 520
387 521
387 522
387 532
387 538
387 539
387 540
387 541
387 542
387 544
387 548
387 550
387 551
387 554
387 559
387 560
387 565
387 566
387 567
387 572
387 573
387 579
387 580
387 581
387 594
387 595
387 597
388 389
388 400
388 580
389 391
389 398
389 400
389 487
389 580
390 393
390 394
390 395
390 396
390 397
390 399
390 401
390 408
390 417
390 443
390 445
390 452
390 467
390 489
390 495
390 496
390 498
390 502
390 505
390 534
390 584
391 392
391 394
391 398
391 400
391 413
391 479
391 586
392 394
392 398
392 400
392 413
392 415
392 447
393 394
393 395
393 396
393 397
393 399
393 401
393 412
393 417
393 443
393 445
393 489
393 495
393 529
393 584
394 395
394 396
394 398
394 417
394 443
394 445
394 489
394 495
394 502
394 584
395 396
395 397
395 399
395 401
395 408
395 412
395 416
395 417
395 443
395 445
395 452
395 467
395 489
395 495
395 496
395 502
395 505
395 529
395 584
396 404
396 406
396 407
396 408
396 491
397 399
397 408
397 435
397 449
397 452
397 461
397 467
397 489
397 492
397 495
397 496
397 502
397 529
397 533
397 536
398 400
398 401
398 411
398 413
398 445
398 479
398 586
399 401
399 408
399 417
399 443
399 445
399 449
399 452
399 467
399 489
399 495
399 496
399 515
399 534
399 599
400 411
400 413
400 479
400 586
401 407
401 410
401 411
401 412
401 413
401 416
401 417
401 443
401 445
401 449
402 565
402 588
402 592
402 594
403 404
403 405
403 406
403 407
403 408
403 409
403 410
403 415
403 420
403 422
403 423
403 424
403 426
403 428
403 430
403 431
403 434
403 435
403 450
403 451
403 455
403 456
403 461
403 466
403 470
403 491
403 492
403 496
403 500
403 501
403 504
403 536
404 405
404 406
404 407
404 408
404 409
404 410
404 420
404 422
404 423
404 424
404 426
404 428
404 430
404 431
404 434
404 435
404 439
404 444
404 450
404 451
404 461
404 470
404 491
404 496
404 500
404 501
404 504
404 599
405 406
405 409
405 410
405 420
405 421
405 422
405 423
405 424
405 426
405 428
405 430
405 431
405 434
405 435
405 451
405 455
405 456
405 461
405 470
405 491
405 504
406 407
406 408
406 409
406 410
406 422
406 470
406 491
406 504
407 408
407 409
407 410
407 491
407 496
408 409
408 450
408 451
408 452
408 467
408 491
408 492
408 496
408 498
408 500
408 501
408 502
408 503
408 504
408 505
408 515
408 517
408 519
408 578
409 410
409 416
409 418
409 420
409 422
409 423
409 424
409 430
409 431
409 435
409 439
409 450
409 451
409 461
409 466
409 470
409 491
409 504
410 416
410 424
410 461
410 466
411 413
412 415
412 416
412 423
412 424
412 435
412 447
412 448
412 466
412 529
413 414
413 445
415 416
415 420
415 422
415 423
415 424
415 428
415 430
415 431
415 432
415 434
415 435
415 437
415 447
415 448
415 453
415 461
415 466
415 529
415 530
415 536
416 417
416 418
416 424
416 435
416 437
416 439
416 440
416 445
416 447
416 448
416 453
416 454
416 461
416 466
416 529
417 443
417 445
417 449
417 452
417 454
417 467
417 489
417 495
417 497
417 498
417 534
418 437
418 439
418 440
418 444
418 449
418 453
418 454
419 425
420 421
420 422
420 423
420 424
420 426
420 428
420 429
420 430
420 431
420 434
420 435
420 439
420 448
420 450
420 451
420 456
420 461
420 466
420 470
420 500
420 501
420 504
420 517
420 530
420 592
420 596
420 598
421 422
421 423
421 428
421 429
421 430
421 431
421 434
421 435
421 448
421 592
422 423
422 424
422 426
422 428
422 429
422 430
422 431
422 434
422 435
422 448
422 451
422 456
422 466
422 470
422 500
422 501
422 504
422 530
422 536
422 537
422 592
422 596
422 598
423 424
423 426
423 428
423 429
423 430
423 431
423 434
423 435
423 448
423 450
423 451
423 461
423 466
423 470
423 499
423 500
423 501
423 504
423 530
423 536
423 592
423 596
423 598
424 426
424 428
424 429
424 430
424 431
424 434
424 435
424 439
424 448
424 450
424 451
424 453
424 461
424 466
424 491
424 496
424 499
424 500
424 501
424 502
424 504
424 530
424 578
424 596
425 436
425 504
425 592
426 428
426 430
426 435
426 450
426 451
426 456
426 461
426 470
426 499
426 500
426 501
426 504
426 536
426 578
426 596
427 484
428 429
428 430
428 431
428 432
428 434
428 435
428 439
428 448
428 450
428 451
428 453
428 456
428 461
428 470
428 490
428 494
428 500
428 501
428 504
428 517
428 523
428 592
428 596
429 430
429 434
429 435
429 451
429 499
429 500
429 501
429 592
429 593
429 596
429 598
430 431
430 432
430 434
430 435
430 448
430 450
430 451
430 455
430 456
430 461
430 466
430 470
430 500
430 501
430 504
430 536
430 590
430 592
430 596
431 432
431 434
431 435
431 437
431 442
431 446
431 448
431 461
431 466
431 470
431 530
431 536
432 434
432 435
432 437
432 440
432 442
432 447
432 448
432 453
432 454
432 461
432 525
434 435
434 437
434 448
434 451
434 461
434 466
434 470
434 530
434 536
434 592
435 437
435 439
435 440
435 447
435 448
435 450
435 451
435 453
435 456
435 461
435 466
435 470
435 500
435 501
435 504
435 530
435 536
435 592
435 596
436 592
437 439
437 440
437 442
437 445
437 447
437 448
437 449
437 453
437 454
437 461
437 466
438 439
438 451
438 456
438 461
438 490
438 492
438 501
438 517
438 523
439 441
439 444
439 451
439 453
439 461
439 501
439 523
439 526
440 442
440 446
440 447
440 448
441 453
441 523
441 526
442 447
442 454
442 464
442 466
442 470
443 445
443 467
443 489
443 502
444 447
444 453
444 525
445 449
445 452
445 467
445 489
445 534
445 584
445 586
446 448
447 448
447 449
447 453
447 466
448 461
448 466
448 530
448 536
449 453
449 454
449 461
450 451
450 453
450 456
450 460
450 461
450 490
450 491
450 492
450 496
450 499
450 500
450 501
450 502
450 504
450 519
450 523
450 576
450 578
450 599
451 453
451 456
451 460
451 461
451 490
451 491
451 492
451 496
451 499
451 500
451 501
451 504
451 517
451 519
451 523
451 577
451 578
451 599
452 467
452 474
452 489
452 495
452 496
452 497
452 498
452 505
452 515
453 454
453 461
453 501
453 523
453 525
454 461
454 467
454 515
454 523
454 525
455 456
455 458
455 465
455 470
455 494
455 576
455 590
456 458
456 461
456 465
456 470
456 490
456 494
456 501
456 517
456 525
456 576
457 459
457 460
457 473
457 490
457 499
457 500
457 501
457 514
457 516
457 577
457 578
458 460
458 465
458 490
458 494
458 517
458 528
458 576
459 473
459 565
459 574
459 589
459 594
459 597
460 474
460 490
460 492
460 494
460 496
460 500
460 501
460 503
460 514
460 516
460 517
460 519
460 528
460 576
460 577
460 578
461 466
461 470
461 492
461 496
461 501
461 517
461 523
462 570
463 468
463 543
463 558
463 561
463 570
463 575
464 468
465 494
465 528
466 529
466 530
466 536
467 489
467 491
467 492
467 496
467 497
467 498
467 502
467 505
467 515
467 517
468 525
468 543
469 556
470 491
470 500
470 504
471 557
474 493
474 503
474 515
474 516
474 519
474 527
474 562
474 576
475 476
475 478
475 480
475 486
475 488
475 520
475 521
475 522
475 532
475 538
475 539
475 540
475 541
475 542
475 544
475 548
475 550
475 551
475 554
475 555
475 559
475 560
475 566
475 567
475 572
475 573
475 579
475 581
475 595
476 479
476 480
476 486
476 539
476 540
476 547
476 548
476 549
476 550
476 554
476 559
476 560
476 566
476 572
476 595
476 597
477 523
478 521
478 538
478 539
478 540
478 541
478 544
478 555
478 556
478 558
478 560
478 566
478 567
478 570
478 573
479 559
479 579
479 585
480 481
480 485
480 486
480 488
480 538
480 539
480 540
480 541
480 542
480 544
480 548
480 551
480 554
480 559
480 560
480 565
480 566
480 567
480 569
480 572
480 581
480 595
481 485
481 488
481 507
481 508
481 513
481 538
481 539
481 540
481 541
481 542
481 544
481 548
481 550
481 551
481 554
481 555
481 559
481 560
481 565
481 566
481 567
481 572
481 573
481 581
481 595
483 509
483 511
483 520
483 522
483 532
483 538
483 559
483 579
483 581
483 597
484 509
484 534
484 588
484 594
484 597
485 507
485 508
485 512
485 513
485 514
485 518
485 520
485 542
485 551
485 562
485 565
485 567
485 581
486 488
486 539
486 540
486 548
486 554
486 559
486 560
486 566
486 572
486 595
486 597
486 600
488 524
488 538
488 539
488 540
488 541
488 542
488 544
488 548
488 554
488 560
488 565
488 566
488 567
488 568
488 569
488 572
488 574
488 589
488 595
489 495
489 496
489 498
489 502
489 505
489 534
489 584
490 491
490 492
490 494
490 496
490 500
490 501
490 514
490 515
490 517
490 519
490 523
490 576
490 577
490 578
491 492
491 496
491 500
491 501
491 502
491 503
491 504
491 505
491 517
491 577
491 578
492 494
492 496
492 498
492 500
492 501
492 502
492 503
492 504
492 505
492 514
492 515
492 516
492 517
492 519
492 523
492 576
492 577
492 578
493 495
493 496
493 497
493 503
493 505
493 511
493 513
493 516
493 519
493 520
493 533
494 500
494 501
494 514
494 516
494 517
494 519
494 576
495 505
495 529
495 584
496 498
496 499
496 500
496 501
496 502
496 503
496 504
496 505
496 515
496 517
496 519
496 576
496 577
496 578
496 599
497 503
497 505
497 516
497 519
497 520
498 505
498 515
498 520
499 500
499 501
499 502
499 503
499 504
499 505
499 519
499 577
499 578
499 596
499 599
500 501
500 502
500 503
500 504
500 505
500 516
500 517
500 519
500 577
500 578
500 592
500 596
501 502
501 503
501 504
501 505
501 517
501 519
501 523
501 576
501 577
501 578
501 599
502 503
502 504
502 505
502 529
502 578
502 584
502 596
503 504
503 505
503 516
503 517
503 519
503 533
503 577
503 578
504 505
504 517
504 576
504 578
504 592
504 596
505 516
505 517
505 519
505 577
505 578
507 508
507 511
507 512
507 513
507 516
507 518
507 520
507 538
507 540
507 541
507 542
507 544
507 551
507 552
507 555
507 562
507 564
507 567
507 573
507 581
508 511
508 512
508 513
508 542
508 551
508 562
508 564
508 567
508 581
509 511
509 520
509 522
509 532
509 539
509 542
509 551
509 559
509 565
509 572
509 579
509 581
509 588
509 594
509 597
510 512
510 514
510 518
510 524
510 527
510 543
510 570
510 571
510 600
511 513
511 520
511 522
511 532
511 538
511 542
511 550
511 551
511 554
511 559
511 581
512 513
512 514
512 518
512 524
512 539
512 540
512 541
512 542
512 544
512 551
512 555
512 562
512 564
512 566
512 567
512 569
512 570
512 571
512 573
512 581
512 600
513 514
513 516
513 518
513 520
513 540
513 541
513 542
513 544
513 551
513 554
513 555
513 562
513 564
513 567
513 581
514 516
514 517
514 518
514 519
514 520
514 528
514 571
514 577
515 517
515 519
515 523
515 527
515 545
516 517
516 519
516 520
516 522
516 533
516 577
516 578
517 519
517 523
517 533
517 576
517 578
518 520
518 524
518 539
518 540
518 541
518 544
518 567
518 569
518 571
518 573
518 600
519 523
519 576
519 577
519 578
520 521
520 522
520 532
520 538
520 539
520 540
520 541
520 542
520 544
520 551
520 559
520 562
520 567
520 572
520 573
520 579
520 581
521 532
521 538
521 539
521 540
521 541
521 542
521 544
521 545
521 550
521 551
521 554
521 555
521 559
521 560
521 566
521 567
521 572
521 573
521 579
521 581
522 532
522 538
522 539
522 540
522 541
522 542
522 544
522 550
522 551
522 555
522 559
522 567
522 572
522 573
522 579
522 581
523 526
524 539
524 541
524 564
524 566
524 569
524 574
524 589
524 595
524 600
527 562
529 530
529 535
529 536
529 583
529 584
530 535
530 536
531 539
531 548
531 554
531 555
531 560
531 566
531 569
531 572
531 595
531 597
531 600
532 538
532 539
532 540
532 541
532 542
532 544
532 550
532 551
532 554
532 559
532 572
532 573
532 579
532 581
534 594
534 597
535 536
538 539
538 540
538 541
538 542
538 544
538 548
538 550
538 551
538 554
538 555
538 559
538 560
538 561
538 565
538 566
538 567
538 572
538 573
538 581
538 595
539 540
539 541
539 542
539 544
539 548
539 550
539 551
539 554
539 555
539 559
539 560
539 565
539 566
539 567
539 569
539 572
539 573
539 574
539 579
539 581
539 595
539 597
539 600
540 541
540 542
540 544
540 548
540 550
540 551
540 554
540 555
540 559
540 560
540 566
540 567
540 569
540 572
540 573
540 579
540 581
540 595
540 600
541 542
541 544
541 548
541 550
541 551
541 554
541 555
541 559
541 560
541 564
541 566
541 567
541 569
541 570
541 572
541 573
541 581
541 595
541 600
542 544
542 548
542 550
542 551
542 554
542 555
542 559
542 560
542 562
542 566
542 567
542 572
542 573
542 581
542 595
543 560
543 561
543 563
543 570
544 548
544 550
544 551
544 554
544 555
544 559
544 560
544 566
544 567
544 569
544 572
544 573
544 581
544 595
544 600
547 548
547 549
547 550
547 553
547 554
547 559
547 579
547 583
548 550
548 551
548 554
548 555
548 559
548 560
548 566
548 567
548 572
548 573
548 581
548 595
549 550
549 553
549 559
549 583
549 584
549 597
550 551
550 553
550 554
550 555
550 559
550 560
550 566
550 567
550 572
550 573
550 579
550 581
550 595
551 552
551 554
551 555
551 559
551 560
551 562
551 566
551 567
551 572
551 573
551 581
552 555
552 558
552 561
553 583
554 555
554 559
554 560
554 565
554 566
554 567
554 572
554 573
554 581
554 595
555 559
555 560
555 561
555 566
555 567
555 572
555 573
555 581
555 595
558 561
559 560
559 566
559 567
559 572
559 573
559 579
559 581
559 595
559 597
560 561
560 566
560 567
560 569
560 570
560 572
560 573
560 595
561 570
564 589
564 600
565 572
565 594
565 595
565 597
566 567
566 569
566 570
566 572
566 573
566 574
566 581
566 595
566 600
567 569
567 572
567 573
567 581
567 595
569 570
569 572
569 574
569 595
569 600
570 600
572 573
572 574
572 579
572 581
572 595
572 597
572 600
573 579
573 581
574 595
576 590
577 578
579 580
579 581
581 595
582 583
582 587
583 584
585 586
586 587
588 593
588 594
588 597
589 590
591 593
592 596
592 598
593 598
594 595
594 597
595 597
595 600
596 598
