600 3594

1 38
2 4
2 5
2 11
2 16
2 20
2 21
2 302
2 303
2 304
2 305
2 317
2 319
2 320
2 322
2 323
2 324
2 395
3 4
3 6
3 12
3 14
3 16
3 315
4 5
4 16
4 19
4 20
4 21
4 23
4 37
4 38
4 100
4 305
4 315
4 317
4 318
4 319
4 320
4 322
4 323
4 324
4 334
4 336
5 16
5 19
5 20
5 21
5 23
5 24
5 27
5 29
5 37
5 304
5 305
5 308
5 318
5 319
5 324
5 326
6 12
6 179
6 313
6 315
6 482
7 312
8 12
9 363
10 361
11 303
11 317
12 14
12 15
12 18
12 313
12 315
12 317
13 522
14 315
15 17
15 102
15 315
15 316
15 318
16 19
16 20
16 21
16 24
16 27
16 29
16 305
16 308
16 312
16 315
16 318
16 319
16 324
16 326
17 18
17 102
17 315
17 316
17 318
18 98
18 100
18 102
18 315
18 317
19 20
19 21
19 23
19 24
19 27
19 29
19 37
19 38
19 100
19 305
19 318
19 319
19 320
19 324
20 21
20 23
20 27
20 37
20 38
20 100
20 305
20 317
20 319
20 320
20 322
20 323
20 324
20 395
20 529
21 23
21 27
21 30
21 37
21 38
21 100
21 305
21 318
21 319
21 320
21 322
21 323
21 324
21 328
21 329
21 331
21 333
21 334
21 335
21 336
21 529
22 30
22 31
22 33
22 34
22 35
22 38
22 323
22 328
22 329
22 332
22 333
22 335
23 26
23 27
23 30
23 32
23 34
23 35
23 37
23 38
23 319
23 320
23 323
23 324
23 328
23 329
23 332
23 333
23 334
23 335
23 336
24 27
24 29
24 312
24 318
24 324
24 326
25 284
25 286
25 287
25 291
25 582
26 27
26 28
26 30
26 31
26 32
26 34
26 35
26 36
26 38
26 320
26 323
26 327
26 328
26 329
26 332
26 333
26 334
26 335
26 336
27 29
27 30
27 38
27 323
27 324
27 326
27 329
27 335
28 332
29 308
29 312
29 324
29 326
30 31
30 32
30 33
30 34
30 35
30 36
30 38
30 320
30 323
30 324
30 328
30 329
30 331
30 332
30 333
30 334
30 335
31 33
31 35
31 36
31 38
31 174
31 290
31 323
31 327
31 328
31 329
31 332
31 333
32 35
32 36
32 38
32 320
32 323
32 328
32 329
32 331
32 332
32 333
32 334
32 335
33 34
33 36
33 329
33 332
33 335
34 332
34 335
35 36
35 37
35 38
35 320
35 323
35 327
35 328
35 329
35 332
35 333
35 334
35 335
35 336
36 38
36 329
36 330
36 332
36 333
36 335
37 38
37 100
37 305
37 318
37 319
37 320
37 323
37 324
37 328
37 329
37 334
37 336
38 221
38 319
38 320
38 322
38 323
38 324
38 328
38 329
38 332
38 333
38 334
38 335
38 336
39 41
39 42
39 44
39 53
39 55
39 60
39 61
39 64
39 75
39 82
39 87
39 88
39 89
39 109
39 113
39 114
39 115
39 117
39 118
39 130
39 341
39 348
39 350
39 394
39 396
39 398
39 403
39 413
39 422
39 423
40 44
40 49
40 61
40 75
40 79
40 80
40 82
40 84
40 89
40 91
40 137
40 140
40 149
40 150
40 341
40 345
40 348
40 353
40 369
40 396
40 413
40 440
40 441
41 48
41 49
41 55
41 65
41 68
41 69
41 71
41 72
41 79
41 81
41 82
41 84
41 85
41 86
41 87
41 88
41 89
41 91
41 130
41 337
41 350
41 365
41 367
41 370
41 374
41 376
41 380
41 396
41 403
41 405
41 406
41 420
41 422
41 440
42 45
42 46
42 47
42 53
42 54
42 115
42 116
43 49
43 79
43 80
43 90
43 91
43 122
43 150
43 151
43 341
44 49
44 51
44 53
44 55
44 58
44 60
44 61
44 63
44 65
44 75
44 82
44 87
44 88
44 126
44 139
44 341
44 345
44 348
44 396
44 406
44 440
44 444
45 46
45 47
45 54
45 116
46 47
46 53
46 54
46 115
46 116
47 53
47 54
47 56
47 115
47 116
48 52
48 53
48 54
48 65
48 89
48 91
48 115
48 347
48 406
48 407
48 408
49 65
49 68
49 79
49 80
49 81
49 82
49 84
49 87
49 89
49 90
49 91
49 125
49 134
49 135
49 137
49 138
49 140
49 149
49 150
49 152
49 337
49 338
49 341
49 370
49 372
49 380
49 381
49 396
49 406
49 411
49 421
49 424
49 430
49 434
49 440
49 444
49 446
50 119
50 121
50 123
50 143
50 145
50 146
50 147
50 321
50 401
50 412
50 439
50 443
50 445
50 534
51 53
51 54
51 59
51 60
51 61
51 62
51 63
51 66
51 67
51 345
51 348
51 351
51 352
51 362
51 447
52 57
52 65
52 87
52 89
52 115
52 116
52 117
52 118
52 123
52 124
52 125
52 130
52 150
52 350
52 407
52 408
53 54
53 55
53 60
53 61
53 74
53 78
53 115
53 116
53 345
53 378
54 61
54 67
54 74
54 99
54 115
54 116
54 345
54 355
55 60
55 61
55 64
55 82
55 88
55 89
55 113
55 114
55 115
55 117
55 118
55 130
55 341
55 345
55 348
55 372
55 396
55 398
55 403
55 411
55 413
55 421
55 422
55 423
55 424
55 440
56 114
56 115
56 117
56 118
57 65
57 87
57 119
57 123
57 124
57 125
57 152
57 224
57 342
57 350
57 357
57 396
57 398
57 401
57 406
57 416
57 418
57 423
57 424
57 534
58 60
58 61
58 66
58 341
58 345
58 353
58 356
59 60
59 62
59 63
59 64
59 67
59 74
59 82
59 345
59 348
59 351
59 352
59 353
59 358
59 359
59 362
59 363
59 447
60 61
60 63
60 64
60 66
60 74
60 75
60 82
60 88
60 113
60 341
60 345
60 348
60 353
60 396
60 413
60 421
60 444
60 447
61 66
61 204
61 341
61 345
61 348
61 353
61 447
62 63
62 67
62 345
62 348
62 351
62 352
62 359
62 360
62 362
62 363
63 64
63 65
63 66
63 341
63 345
63 348
63 351
63 352
63 353
63 357
63 358
63 413
63 444
63 447
64 75
64 82
64 88
64 113
64 118
64 121
64 130
64 341
64 348
64 371
64 372
64 396
64 398
64 403
64 411
64 413
64 420
64 421
64 422
64 423
64 424
64 440
64 443
64 447
65 79
65 84
65 87
65 152
65 341
65 350
65 396
65 406
65 416
65 418
65 440
66 67
66 345
66 348
66 352
66 353
66 447
67 345
67 348
67 351
67 352
67 353
67 359
67 362
67 447
68 69
68 71
68 79
68 81
68 84
68 129
68 134
68 137
68 140
68 152
68 337
68 364
68 365
68 367
68 370
68 374
68 376
68 380
68 381
68 403
68 404
68 420
68 424
68 430
68 434
68 440
69 71
69 72
69 79
69 81
69 84
69 86
69 87
69 89
69 129
69 130
69 135
69 137
69 140
69 152
69 337
69 364
69 365
69 367
69 370
69 374
69 376
69 380
69 381
69 396
69 403
69 404
69 405
69 414
69 420
69 421
69 422
69 423
69 424
69 430
69 434
69 440
70 74
71 72
71 79
71 81
71 82
71 129
71 140
71 152
71 364
71 365
71 367
71 370
71 372
71 403
71 411
71 420
71 421
71 422
71 424
71 430
71 434
72 82
72 87
72 88
72 89
72 91
72 129
72 130
72 137
72 365
72 367
72 370
72 372
72 378
72 380
72 396
72 403
72 405
72 406
72 420
72 421
72 422
72 423
72 424
72 430
73 79
73 84
73 87
73 89
73 140
73 149
73 367
73 429
74 77
74 348
75 82
75 84
75 87
75 88
75 91
75 149
75 341
75 369
75 371
75 372
75 375
75 406
75 413
75 421
75 440
76 294
76 297
76 368
76 593
77 366
79 80
79 81
79 82
79 83
79 84
79 87
79 89
79 90
79 91
79 125
79 126
79 129
79 130
79 134
79 135
79 137
79 138
79 140
79 141
79 149
79 150
79 152
79 337
79 341
79 365
79 367
79 370
79 372
79 374
79 376
79 380
79 381
79 396
79 403
79 405
79 406
79 430
79 434
79 440
80 81
80 82
80 84
80 87
80 91
80 134
80 137
80 138
80 140
80 149
80 150
80 152
80 341
80 369
80 370
80 372
80 374
80 376
80 380
80 430
80 431
80 434
80 437
80 440
81 82
81 83
81 84
81 85
81 86
81 87
81 89
81 129
81 130
81 134
81 137
81 140
81 149
81 152
81 337
81 364
81 365
81 367
81 370
81 374
81 376
81 380
81 381
81 396
81 398
81 403
81 404
81 405
81 406
81 420
81 421
81 422
81 423
81 424
81 430
81 431
81 434
81 440
82 83
82 84
82 87
82 88
82 89
82 91
82 115
82 129
82 130
82 137
82 140
82 149
82 341
82 345
82 348
82 369
82 370
82 372
82 375
82 376
82 377
82 378
82 380
82 396
82 403
82 406
82 413
82 420
82 421
82 422
82 423
82 430
82 440
83 84
83 87
83 89
83 114
83 126
83 129
83 130
83 131
83 137
83 140
83 141
83 154
83 376
83 403
83 422
83 430
83 450
84 86
84 87
84 89
84 91
84 126
84 129
84 130
84 134
84 135
84 137
84 140
84 149
84 150
84 152
84 337
84 341
84 367
84 370
84 374
84 376
84 377
84 378
84 380
84 381
84 396
84 403
84 405
84 406
84 407
84 422
84 430
84 431
84 434
84 440
84 446
85 86
85 375
85 376
85 377
85 380
85 405
85 422
85 430
86 87
86 89
86 91
86 337
86 367
86 374
86 376
86 377
86 378
86 380
86 381
86 403
86 405
86 408
86 422
87 88
87 89
87 91
87 112
87 113
87 114
87 115
87 117
87 118
87 123
87 125
87 126
87 129
87 130
87 137
87 140
87 149
87 150
87 152
87 337
87 341
87 350
87 365
87 367
87 370
87 376
87 377
87 378
87 380
87 381
87 394
87 396
87 398
87 402
87 403
87 405
87 406
87 407
87 408
87 416
87 418
87 421
87 422
87 423
87 424
87 430
87 434
87 440
88 89
88 91
88 96
88 109
88 112
88 113
88 114
88 115
88 117
88 118
88 130
88 137
88 341
88 365
88 367
88 371
88 375
88 376
88 378
88 394
88 396
88 398
88 403
88 406
88 413
88 421
88 422
88 423
88 424
88 440
89 91
89 113
89 114
89 115
89 118
89 126
89 129
89 130
89 137
89 140
89 150
89 337
89 341
89 365
89 367
89 374
89 376
89 377
89 378
89 380
89 381
89 385
89 396
89 403
89 404
89 405
89 406
89 408
89 422
89 423
89 424
89 440
89 451
89 494
90 122
90 141
90 150
90 151
90 199
90 201
91 126
91 130
91 137
91 140
91 149
91 337
91 341
91 367
91 374
91 377
91 378
91 380
91 381
91 396
91 403
91 405
91 406
91 423
91 440
92 95
92 104
92 184
92 191
92 194
92 384
92 390
93 94
93 184
93 187
93 301
93 390
93 487
93 586
94 95
94 184
94 301
94 384
94 390
95 96
95 105
95 109
95 112
95 114
95 188
95 194
95 210
95 212
95 384
95 385
95 390
95 402
95 495
95 496
96 109
96 112
96 113
96 114
96 117
96 118
96 130
96 188
96 210
96 384
96 385
96 394
96 396
96 398
96 402
96 403
96 423
96 491
97 246
98 100
98 101
98 290
98 291
98 388
98 389
99 262
100 106
100 220
100 221
100 291
100 305
100 317
100 319
100 320
100 322
100 391
101 103
101 290
101 291
101 292
101 321
101 586
102 315
102 316
102 318
103 106
103 107
103 321
103 395
103 397
104 105
104 187
104 189
104 191
104 192
104 194
104 201
104 204
104 390
105 194
105 390
106 120
106 221
106 223
106 321
106 391
106 393
106 395
106 397
106 399
106 401
106 530
106 533
108 110
108 111
108 204
108 212
109 112
109 113
109 114
109 115
109 117
109 118
109 123
109 124
109 130
109 188
109 191
109 194
109 210
109 212
109 384
109 385
109 394
109 396
109 398
109 402
109 408
109 423
109 451
109 491
109 494
109 496
110 111
111 118
111 398
111 400
111 414
112 113
112 114
112 117
112 118
112 121
112 126
112 129
112 130
112 131
112 188
112 210
112 212
112 384
112 385
112 394
112 396
112 398
112 402
112 403
112 408
112 422
112 423
112 424
112 451
112 491
112 496
113 114
113 115
113 117
113 118
113 124
113 126
113 130
113 137
113 139
113 210
113 212
113 341
113 376
113 394
113 396
113 398
113 402
113 403
113 413
113 422
113 423
113 424
113 451
114 115
114 117
114 118
114 123
114 126
114 129
114 130
114 131
114 137
114 188
114 190
114 191
114 194
114 210
114 212
114 384
114 394
114 396
114 398
114 402
114 403
114 404
114 408
114 422
114 423
114 424
114 451
114 490
114 491
114 494
114 496
114 514
115 116
115 117
115 118
115 123
115 130
115 191
115 396
115 408
116 117
116 191
116 408
117 118
117 123
117 130
117 191
117 194
117 210
117 394
117 396
117 398
117 408
118 121
118 129
118 130
118 131
118 137
118 210
118 376
118 378
118 394
118 396
118 398
118 402
118 403
118 404
118 408
118 422
118 423
118 424
118 451
119 121
119 123
119 223
119 224
119 321
119 397
119 399
119 401
119 412
119 416
119 439
119 443
119 445
119 530
119 534
120 121
120 398
120 400
120 401
121 125
121 147
121 152
121 396
121 398
121 411
121 413
121 423
121 424
121 439
121 443
122 151
122 272
123 124
123 125
123 130
123 195
123 224
123 350
123 394
123 396
123 398
123 416
123 418
124 350
124 418
125 137
125 140
125 149
125 152
125 341
125 348
125 350
125 353
125 357
125 383
125 396
125 398
125 406
125 411
125 413
125 416
125 418
125 423
125 424
125 444
126 130
126 137
126 139
126 140
126 141
126 149
126 154
126 204
126 341
126 423
126 440
127 128
127 296
128 299
128 594
129 130
129 131
129 135
129 137
129 140
129 141
129 152
129 210
129 295
129 298
129 367
129 370
129 376
129 380
129 396
129 398
129 402
129 403
129 404
129 420
129 422
129 423
129 424
129 430
129 440
129 450
130 131
130 137
130 139
130 140
130 141
130 152
130 210
130 367
130 376
130 378
130 380
130 394
130 396
130 398
130 402
130 403
130 404
130 408
130 422
130 423
130 424
130 430
130 440
130 451
131 190
131 210
131 295
131 298
131 402
131 450
131 510
132 133
132 158
132 594
133 296
134 135
134 137
134 140
134 141
134 148
134 149
134 150
134 152
134 154
134 161
134 429
134 430
134 437
134 446
135 137
135 140
135 149
135 150
135 429
135 434
135 440
136 141
136 148
136 159
136 161
136 199
137 139
137 140
137 141
137 149
137 150
137 152
137 341
137 365
137 367
137 370
137 374
137 376
137 378
137 380
137 381
137 396
137 398
137 403
137 404
137 420
137 421
137 422
137 423
137 424
137 430
137 434
137 440
137 451
138 140
138 149
138 440
139 341
139 378
140 141
140 149
140 150
140 152
140 341
140 365
140 367
140 370
140 376
140 380
140 381
140 396
140 398
140 403
140 411
140 413
140 420
140 421
140 422
140 423
140 424
140 430
140 434
140 440
141 150
141 154
141 161
141 198
141 199
141 295
141 435
141 436
141 450
141 504
142 374
143 244
144 441
146 443
146 534
147 152
147 430
147 439
147 443
147 445
147 534
148 153
148 155
148 161
148 163
148 437
148 446
148 448
149 150
149 152
149 337
149 341
149 372
149 380
149 381
149 406
149 421
149 430
149 434
149 438
149 440
150 341
150 440
151 272
152 339
152 365
152 370
152 376
152 380
152 396
152 398
152 403
152 411
152 416
152 420
152 421
152 422
152 423
152 424
152 430
152 431
152 434
152 439
152 440
152 443
152 446
152 448
152 454
153 195
153 310
153 448
153 449
154 161
154 459
155 161
155 163
155 253
155 428
155 432
155 437
155 446
155 448
155 452
155 460
155 462
155 515
155 543
155 544
156 157
156 232
157 253
157 454
157 534
157 544
157 545
158 260
158 275
158 300
158 455
158 500
158 502
158 589
158 594
159 164
159 173
159 455
160 165
160 198
160 199
160 200
160 281
161 199
161 437
161 446
161 448
162 254
163 253
163 448
163 464
163 544
164 200
164 260
165 186
166 293
167 169
167 171
168 207
168 236
168 239
168 283
168 475
168 580
168 585
170 189
170 203
170 213
170 215
170 216
170 229
170 230
170 234
170 236
170 239
170 256
170 269
170 270
170 271
170 276
170 476
170 581
171 491
172 233
172 248
172 250
172 252
172 284
172 285
172 286
172 478
172 561
172 583
174 249
175 177
175 178
175 179
175 180
175 183
175 306
175 480
175 481
175 482
175 483
175 484
175 485
175 486
176 480
177 179
177 306
177 309
177 311
177 470
177 480
177 481
177 482
177 483
177 484
177 486
178 480
179 306
179 309
179 313
179 470
179 480
179 482
179 483
180 183
180 480
180 486
181 484
182 187
182 207
182 306
182 485
183 257
183 427
183 481
183 486
184 390
184 487
185 292
186 426
187 189
187 201
187 203
187 204
187 207
187 236
187 276
188 295
188 384
188 402
188 495
188 509
189 203
189 207
189 213
189 230
189 234
189 235
189 236
189 239
189 269
189 271
189 276
189 581
190 210
191 193
191 194
191 201
191 204
191 210
191 408
191 490
191 494
191 514
192 193
192 201
192 202
192 203
192 204
192 206
192 212
192 215
193 194
193 204
193 212
194 210
194 212
194 384
194 408
194 451
194 490
194 491
194 494
194 496
194 514
195 196
196 213
196 224
196 233
196 241
196 417
196 467
196 497
196 498
197 202
197 203
197 204
197 216
197 218
197 271
197 501
198 199
198 201
198 204
199 201
199 504
200 202
200 259
200 260
200 278
200 279
200 281
200 502
200 564
201 203
201 204
201 205
201 271
202 203
202 204
202 211
202 214
202 215
202 216
202 219
202 273
202 279
202 280
202 503
203 204
203 206
203 211
203 213
203 214
203 215
203 216
203 219
203 230
203 234
203 256
203 270
203 271
203 274
203 276
204 206
204 212
204 215
204 216
204 271
206 211
206 215
206 216
207 230
207 236
207 239
207 283
207 580
207 581
208 209
208 263
208 265
208 512
208 541
209 211
209 231
209 265
209 493
209 542
210 212
210 394
210 404
210 408
210 451
210 490
210 491
210 494
210 496
210 514
211 215
211 216
211 219
211 229
211 230
211 231
211 256
211 265
211 270
211 273
211 274
211 278
211 280
211 511
211 517
211 519
211 528
211 542
212 384
212 394
212 490
212 493
212 494
212 495
212 496
212 514
213 230
213 233
213 234
213 236
213 239
213 241
213 269
213 271
213 274
213 276
213 475
214 215
214 273
214 274
215 216
215 219
215 229
215 230
215 231
215 265
215 268
215 270
215 271
215 273
215 274
215 276
215 278
215 280
215 511
215 517
215 519
215 528
215 581
216 219
216 251
216 270
216 271
216 276
216 280
216 528
217 231
217 265
217 525
217 574
219 231
219 265
219 268
219 270
219 273
219 274
219 278
219 280
219 465
219 517
219 519
219 528
219 574
220 221
220 222
220 237
220 244
220 287
220 529
220 530
220 533
220 584
221 223
221 333
221 335
221 399
221 529
221 530
221 533
222 237
222 240
222 245
222 532
222 533
222 535
222 553
223 321
223 391
223 397
223 399
223 412
223 530
223 532
223 533
224 245
224 321
224 350
224 417
224 532
224 534
225 244
225 445
225 531
225 534
225 543
225 544
226 266
227 536
228 229
228 263
228 265
228 268
228 269
229 230
229 238
229 255
229 265
229 268
229 270
229 276
229 278
229 279
229 581
230 234
230 236
230 256
230 269
230 270
230 271
230 274
230 276
230 278
230 283
230 511
230 522
230 581
231 265
231 270
231 273
231 278
231 511
231 517
231 519
231 542
231 574
232 250
233 234
233 235
233 241
233 248
233 250
233 520
233 521
233 561
234 235
234 236
234 239
234 241
234 269
234 270
234 271
234 274
234 276
234 475
234 581
235 236
235 238
235 239
235 248
235 250
235 283
235 520
235 547
235 583
236 238
236 239
236 266
236 269
236 282
236 475
237 240
237 246
237 286
237 287
237 529
237 547
237 549
237 584
238 239
238 240
238 247
238 273
238 274
238 547
239 252
239 269
239 282
239 283
239 285
239 475
239 567
239 579
239 580
239 581
240 243
240 536
240 547
240 549
240 550
240 553
241 520
242 259
243 550
244 531
245 532
247 268
247 269
247 274
248 250
248 284
248 285
248 286
248 558
248 561
248 582
248 583
250 252
250 284
250 285
250 521
250 546
250 557
250 558
250 560
250 561
250 583
252 268
252 284
252 548
252 556
252 570
253 452
253 462
253 464
253 544
253 563
254 463
254 545
254 561
255 258
255 268
255 270
255 278
255 279
256 270
256 271
256 511
256 517
256 581
257 281
257 293
258 259
258 261
258 268
258 488
258 564
258 588
259 260
259 261
259 281
259 564
259 588
259 590
260 264
260 281
260 297
260 300
260 502
260 564
260 565
260 589
261 564
261 588
263 265
264 300
265 270
265 273
265 278
265 542
265 574
267 307
267 453
268 269
268 270
268 273
268 274
268 278
268 573
269 270
269 271
269 276
269 475
270 271
270 273
270 274
270 276
270 278
270 279
270 280
270 581
271 276
273 274
273 516
273 517
273 518
273 519
273 540
273 542
273 571
273 573
273 574
276 522
276 572
276 581
277 281
278 279
278 280
278 511
278 528
278 574
278 577
278 581
279 281
280 442
280 465
280 512
280 528
280 577
282 285
283 389
283 489
283 520
283 547
283 551
283 579
283 580
283 581
283 583
284 285
284 286
284 561
284 582
284 583
285 286
285 288
285 291
285 582
285 583
286 287
286 291
286 547
286 582
286 583
286 584
287 291
287 325
287 584
288 583
288 586
288 587
289 290
289 586
290 291
290 586
291 322
291 325
291 582
291 583
291 584
294 364
294 591
294 593
295 450
296 565
296 592
297 300
297 591
297 593
299 594
299 595
299 596
299 597
299 600
300 502
300 565
300 568
300 589
301 384
301 386
301 586
304 305
304 308
305 319
305 320
305 322
305 323
305 324
305 529
306 309
306 313
306 481
306 482
306 484
306 485
309 313
309 482
309 485
312 326
314 368
315 316
315 317
315 318
315 319
316 318
316 477
317 319
317 322
318 319
318 324
318 336
319 320
319 322
319 323
319 324
319 329
319 334
319 336
320 323
320 324
320 327
320 328
320 329
320 331
320 332
320 333
320 334
320 335
320 336
321 393
321 395
321 397
321 399
321 401
321 412
321 530
321 534
322 323
322 325
323 324
323 327
323 328
323 329
323 332
323 333
323 334
323 335
323 336
324 326
324 328
324 329
324 335
325 479
327 328
327 329
327 333
327 397
328 329
328 331
328 332
328 333
328 334
328 335
328 336
329 331
329 332
329 333
329 334
329 335
329 336
331 333
331 596
331 597
332 333
332 335
333 334
333 335
333 336
334 336
334 392
335 336
335 530
336 392
337 338
337 365
337 367
337 374
337 377
337 380
337 381
337 403
337 405
337 406
338 381
338 592
339 382
339 395
339 445
339 446
339 448
340 350
340 406
341 345
341 348
341 353
341 357
341 372
341 396
341 398
341 406
341 411
341 413
341 418
341 421
341 423
341 424
341 440
341 444
342 343
342 347
342 350
342 406
342 416
343 406
343 447
344 346
344 349
344 410
345 348
345 351
345 352
345 353
345 356
345 358
345 362
345 413
345 441
345 444
345 447
347 406
348 351
348 352
348 353
348 358
348 396
348 410
348 411
348 413
348 444
348 447
349 355
350 357
350 367
350 394
350 396
350 398
350 403
350 404
350 406
350 416
350 417
350 418
350 422
350 423
350 424
350 451
351 352
351 358
351 359
351 360
351 362
351 363
351 447
352 353
352 358
352 359
352 360
352 362
352 363
352 447
353 354
353 357
353 358
353 359
353 406
353 413
353 444
353 447
354 357
356 358
356 362
357 358
357 383
357 396
357 406
357 411
357 423
357 424
358 359
358 360
358 362
358 363
358 413
358 444
358 447
359 362
359 363
360 362
360 363
361 414
362 363
362 447
364 365
364 370
364 374
364 434
365 367
365 370
365 372
365 374
365 376
365 380
365 396
365 403
365 404
365 405
365 406
365 420
365 421
365 422
365 423
365 424
365 430
365 434
365 440
367 377
367 380
367 381
367 396
367 398
367 402
367 403
367 404
367 405
367 406
367 416
367 420
367 421
367 422
367 423
367 424
367 430
367 440
367 451
369 372
369 447
370 372
370 374
370 376
370 380
370 396
370 403
370 420
370 421
370 422
370 424
370 430
370 431
370 434
370 440
370 598
371 372
371 375
371 413
371 421
372 406
372 411
372 413
372 420
372 421
372 434
372 440
373 431
374 376
374 377
374 378
374 380
374 381
374 405
374 430
374 434
375 376
375 377
375 422
376 378
376 380
376 394
376 396
376 398
376 403
376 420
376 421
376 422
376 423
376 424
376 430
376 431
376 434
376 440
377 378
377 380
377 381
377 403
377 405
377 422
378 380
378 396
378 403
378 405
378 406
378 407
378 408
378 422
378 491
379 436
380 381
380 396
380 403
380 404
380 405
380 406
380 407
380 420
380 422
380 423
380 424
380 430
380 434
380 440
381 403
381 405
381 406
381 440
384 385
384 390
384 394
384 402
384 404
384 408
384 423
384 451
384 490
384 491
384 494
384 495
384 496
384 506
384 514
385 394
385 402
385 403
385 423
387 538
387 539
387 540
387 547
387 548
387 549
387 550
387 554
387 555
387 556
387 557
387 567
387 569
387 570
387 579
387 584
388 389
388 499
388 580
389 498
389 520
389 532
389 551
389 579
389 580
389 583
390 487
390 495
390 499
390 586
392 395
392 397
393 394
393 395
393 397
393 401
393 416
394 396
394 398
394 402
394 403
394 404
394 408
394 416
394 422
394 423
394 424
394 451
394 490
394 491
394 494
394 496
395 397
395 401
395 412
395 445
396 398
396 402
396 403
396 404
396 405
396 406
396 411
396 413
396 420
396 421
396 422
396 423
396 424
396 430
396 440
396 444
396 451
397 399
397 401
397 412
397 530
398 401
398 403
398 404
398 411
398 413
398 414
398 416
398 420
398 421
398 422
398 423
398 424
398 430
398 439
398 440
398 443
399 401
399 412
399 530
399 533
400 401
400 411
401 412
401 439
401 443
401 445
401 534
402 403
402 404
402 422
402 423
402 424
402 451
402 496
403 404
403 405
403 406
403 413
403 416
403 420
403 421
403 422
403 423
403 424
403 430
403 434
403 440
403 451
403 491
404 405
404 414
404 420
404 422
404 423
404 424
404 430
404 451
404 490
404 491
405 406
405 420
405 422
405 423
405 424
405 430
405 451
406 416
406 421
406 422
406 423
406 424
406 440
406 444
407 408
407 409
407 491
408 451
408 490
408 491
408 492
408 494
408 496
408 514
411 413
411 420
411 421
411 424
411 440
411 444
412 443
412 445
412 530
412 534
413 420
413 421
413 422
413 423
413 424
413 440
413 444
413 447
415 505
416 417
416 418
416 422
416 423
416 424
416 439
416 451
416 454
416 496
417 467
417 497
417 532
417 545
418 423
418 454
419 425
419 435
419 436
419 459
419 501
419 504
420 421
420 422
420 423
420 424
420 430
420 434
420 440
421 422
421 423
421 424
421 430
421 431
421 434
421 440
422 423
422 424
422 430
422 434
422 440
422 451
422 491
423 424
423 430
423 440
423 451
423 491
423 496
424 430
424 434
424 439
424 440
424 443
424 451
424 491
425 435
425 493
425 495
425 501
425 504
425 509
425 513
425 528
425 577
428 432
428 435
428 448
428 456
428 458
428 460
428 461
428 594
428 595
428 599
428 600
430 431
430 434
430 439
430 440
430 454
431 433
431 434
431 454
432 437
432 448
432 452
432 455
432 456
432 458
432 460
432 461
432 515
432 594
432 596
432 597
432 599
432 600
434 440
435 436
435 450
435 459
435 461
435 504
435 510
436 450
436 504
437 446
437 448
437 449
437 452
437 454
437 460
437 515
437 544
439 443
439 445
439 454
439 534
440 443
440 444
442 465
442 503
442 505
442 512
443 445
443 454
443 534
444 447
445 530
445 534
446 448
448 449
448 452
448 461
448 515
448 543
448 544
448 599
449 452
449 464
450 461
450 510
451 490
451 491
451 494
451 496
451 514
452 454
452 460
452 462
452 464
452 515
452 527
452 544
453 463
453 466
453 518
453 526
453 527
453 539
453 541
453 544
453 600
454 460
454 544
455 456
455 458
455 464
455 600
456 458
456 460
456 515
457 525
458 594
458 597
458 600
459 504
459 524
460 461
460 510
460 527
460 544
460 599
461 510
461 595
461 599
461 600
462 544
463 464
464 544
464 545
465 503
465 505
465 508
465 512
465 516
465 519
465 528
465 574
466 525
466 578
466 600
467 497
467 498
467 520
467 551
468 571
469 500
470 471
470 482
472 488
473 499
474 489
474 495
474 499
474 501
478 555
478 556
478 579
478 583
479 582
480 481
480 482
480 483
480 484
480 486
481 482
481 484
481 485
481 486
482 483
482 485
484 485
484 537
485 507
487 586
489 493
489 495
489 498
489 499
489 509
489 511
489 517
489 519
489 522
489 528
489 542
489 551
489 580
489 581
490 491
490 494
490 496
490 501
490 504
490 514
491 492
491 494
491 496
491 514
493 495
493 501
493 509
493 511
493 513
493 517
493 528
494 496
494 501
494 514
495 496
495 499
495 501
495 509
496 514
497 498
497 520
497 532
497 551
498 520
498 521
499 522
500 502
500 594
501 504
501 513
501 514
501 528
502 564
502 565
502 568
502 589
502 594
503 505
503 516
504 505
508 516
508 517
508 519
508 540
508 542
508 550
508 574
509 528
511 517
511 519
511 522
511 528
511 542
511 581
512 513
512 516
512 541
512 574
512 577
513 542
516 517
516 518
516 519
516 538
516 539
516 540
516 541
516 542
516 550
516 571
516 573
516 574
516 575
517 519
517 528
517 540
517 542
517 550
517 571
517 574
517 581
518 519
518 538
518 539
518 540
518 541
518 571
518 573
518 574
518 575
519 528
519 540
519 542
519 571
519 574
520 521
520 540
520 547
520 551
520 554
520 555
520 556
520 557
520 561
520 567
520 569
520 570
520 579
520 580
520 583
521 545
521 554
521 555
521 556
521 557
521 558
521 560
521 561
521 570
522 528
522 572
522 577
522 581
523 528
523 577
525 527
525 578
526 559
528 542
528 577
528 581
529 530
529 544
529 584
530 533
531 534
532 533
532 545
532 551
532 554
533 553
536 549
536 553
538 539
538 540
538 550
538 556
538 557
538 569
538 570
538 573
538 575
539 541
539 555
540 541
540 542
540 548
540 550
540 557
540 567
540 569
540 570
540 571
540 573
540 574
541 552
541 573
541 574
542 550
542 571
542 574
542 581
543 544
545 554
545 558
545 560
546 547
547 548
547 549
547 550
547 551
547 554
547 555
547 556
547 557
547 569
547 583
548 549
548 550
548 555
548 556
548 557
548 569
548 570
549 550
549 553
549 554
549 555
549 556
549 584
550 556
550 557
550 569
550 570
550 574
551 554
551 555
551 580
554 555
554 556
554 557
554 558
554 560
554 561
554 584
555 556
555 557
555 561
555 569
555 570
555 583
555 584
556 557
556 560
556 561
556 569
556 570
556 579
556 584
557 558
557 560
557 561
557 569
557 570
558 560
558 561
560 561
560 562
561 570
564 588
564 589
564 590
564 593
565 568
565 592
565 594
566 578
567 569
567 570
567 579
567 580
567 581
568 588
568 589
569 570
569 573
569 579
570 573
570 579
571 573
571 574
572 581
573 574
573 575
574 575
575 578
576 577
579 580
580 581
582 583
591 593
594 595
594 596
594 597
594 600
595 596
595 597
595 599
595 600
596 597
596 600
597 600
599 600
