600 3595

1 18
1 100
1 290
1 302
1 319
1 322
1 336
2 93
3 12
4 5
4 20
4 21
4 22
4 23
4 30
4 33
4 305
4 320
4 322
4 323
4 329
5 16
5 19
5 20
5 21
5 23
5 24
5 27
5 100
5 221
5 304
5 305
5 308
5 312
5 318
5 324
5 326
5 329
5 331
6 340
7 10
8 582
9 589
10 552
11 98
12 15
12 16
12 17
12 19
13 175
14 313
15 16
15 17
15 318
16 17
16 19
16 20
16 24
16 27
16 318
16 331
16 506
17 19
17 24
17 318
17 331
18 20
18 21
18 94
18 98
18 100
18 106
18 290
18 304
18 315
18 319
18 320
18 322
18 395
19 21
19 23
19 24
19 318
19 320
19 323
19 324
19 329
19 331
20 21
20 100
20 106
20 304
20 319
20 321
21 23
21 24
21 26
21 100
21 106
21 304
21 319
21 320
21 323
21 324
21 328
21 329
21 331
21 395
23 24
23 26
23 27
23 30
23 318
23 324
23 329
23 331
24 26
24 27
24 29
24 308
24 312
24 318
24 324
24 326
24 329
24 331
25 185
26 27
26 328
27 29
27 308
27 312
27 324
27 326
27 329
27 331
28 30
28 31
28 33
28 330
28 332
29 308
29 312
29 324
29 326
29 329
29 331
30 31
30 32
30 33
30 34
30 285
30 328
30 329
30 330
30 332
30 333
31 32
31 33
31 285
31 327
31 328
31 330
31 332
31 333
31 334
32 35
32 37
32 333
32 334
33 36
33 38
33 328
33 330
33 332
33 333
34 36
35 37
35 333
35 334
36 38
36 332
36 335
36 336
37 320
37 323
37 333
37 334
37 468
38 335
38 336
39 123
39 144
39 406
39 491
40 127
40 421
40 440
41 43
41 45
41 49
41 52
41 55
41 60
41 80
41 87
41 90
41 95
41 109
41 112
41 113
41 118
41 120
41 125
41 128
41 130
41 131
41 136
41 144
41 148
41 152
41 157
41 188
41 338
41 339
41 348
41 353
41 359
41 374
41 380
41 382
41 396
41 398
41 399
41 404
41 406
41 408
41 410
41 413
41 416
41 421
41 422
41 423
41 424
41 430
41 434
41 437
41 446
41 448
41 450
41 492
42 46
42 48
42 54
43 49
43 55
43 58
43 60
43 87
43 90
43 109
43 118
43 136
43 148
43 348
43 353
43 359
43 404
43 410
43 448
44 144
44 341
44 356
44 444
45 47
45 56
45 60
45 87
45 112
45 128
45 131
45 136
45 152
45 448
46 47
46 48
46 53
46 54
46 55
46 60
46 117
46 118
46 144
47 48
47 54
47 56
47 60
47 116
47 117
47 118
47 492
48 52
48 53
48 54
48 60
48 115
48 116
48 117
48 118
48 144
48 340
48 342
48 343
48 344
48 346
48 347
48 406
48 409
48 492
49 55
49 57
49 65
49 80
49 82
49 87
49 88
49 90
49 95
49 112
49 113
49 120
49 125
49 127
49 128
49 130
49 131
49 134
49 136
49 138
49 139
49 140
49 141
49 144
49 148
49 149
49 150
49 152
49 159
49 345
49 357
49 371
49 373
49 374
49 380
49 396
49 403
49 404
49 410
49 416
49 418
49 421
49 422
49 423
49 424
49 430
49 431
49 434
49 437
49 440
49 442
49 446
49 448
49 450
49 456
49 600
50 51
50 57
50 59
50 63
50 64
50 65
50 121
50 127
50 139
50 147
50 351
50 352
50 358
50 414
50 510
50 514
51 57
51 59
51 62
51 63
51 64
51 65
51 66
51 117
51 138
51 351
51 352
51 358
51 448
52 87
52 103
52 109
52 113
52 115
52 118
52 120
52 123
52 124
52 125
52 344
52 347
52 350
52 357
52 406
52 407
52 416
52 491
52 492
53 60
55 60
55 64
55 80
55 90
55 117
55 118
55 120
55 125
55 342
55 347
55 348
55 353
55 354
55 357
55 359
55 410
55 413
55 446
56 60
56 188
56 191
56 510
57 63
57 64
57 65
57 82
57 120
57 121
57 127
57 130
57 136
57 138
57 139
57 147
57 150
57 152
57 351
57 352
57 357
57 358
57 412
57 414
57 422
57 433
57 440
57 446
57 448
58 60
58 61
58 341
58 349
58 353
58 354
58 356
58 379
58 437
59 62
59 63
59 64
59 65
59 121
59 147
59 351
59 358
59 360
59 361
59 414
60 61
60 66
60 87
60 90
60 118
60 125
60 136
60 144
60 353
60 359
60 448
61 352
61 353
61 354
62 63
62 66
62 67
62 351
62 358
62 360
62 361
62 362
62 414
63 64
63 65
63 66
63 121
63 147
63 157
63 351
63 358
63 360
63 414
63 448
64 65
64 82
64 117
64 118
64 120
64 121
64 127
64 129
64 136
64 138
64 139
64 147
64 157
64 351
64 352
64 358
64 412
64 413
64 414
64 421
64 430
64 446
64 448
64 450
64 510
65 82
65 121
65 127
65 136
65 138
65 139
65 140
65 147
65 150
65 152
65 351
65 352
65 358
65 374
65 414
65 419
65 421
65 424
65 430
65 431
65 434
65 440
65 441
65 446
65 448
65 456
65 600
66 67
66 351
66 352
66 358
66 363
66 383
67 360
67 361
67 362
67 363
68 69
68 77
68 83
68 133
68 293
68 365
68 420
69 70
69 72
69 76
69 77
69 365
69 368
69 370
69 598
70 72
70 77
70 365
70 368
70 370
71 76
71 77
72 77
72 365
72 368
72 370
72 598
73 367
73 369
73 371
74 79
74 369
75 113
75 126
75 130
75 150
75 204
75 367
75 371
75 421
75 422
75 423
75 424
75 440
75 490
76 77
76 299
76 599
77 78
77 83
77 299
77 365
77 368
77 370
77 599
78 83
78 377
79 81
79 82
79 83
79 84
79 129
79 132
79 365
79 369
79 370
79 371
79 372
79 375
79 420
79 421
79 422
79 424
80 82
80 83
80 87
80 90
80 95
80 112
80 127
80 128
80 129
80 130
80 131
80 134
80 136
80 139
80 140
80 141
80 149
80 150
80 152
80 157
80 188
80 345
80 364
80 371
80 372
80 373
80 374
80 375
80 380
80 396
80 403
80 404
80 408
80 410
80 413
80 416
80 421
80 422
80 423
80 424
80 430
80 431
80 434
80 436
80 437
80 440
80 446
80 447
80 448
80 450
80 451
80 456
80 458
80 490
80 510
80 514
80 600
82 83
82 90
82 112
82 127
82 128
82 129
82 131
82 134
82 136
82 137
82 138
82 139
82 140
82 146
82 147
82 149
82 152
82 159
82 188
82 345
82 352
82 364
82 371
82 372
82 373
82 374
82 375
82 380
82 403
82 419
82 420
82 421
82 422
82 423
82 424
82 428
82 430
82 431
82 433
82 434
82 436
82 437
82 440
82 447
82 448
82 450
82 451
82 456
82 490
82 504
82 510
82 514
82 600
83 84
83 112
83 128
83 129
83 131
83 132
83 134
83 140
83 188
83 364
83 372
83 374
83 375
83 420
83 421
83 422
83 424
83 428
83 430
83 434
83 447
83 450
83 600
84 86
84 91
84 370
84 376
84 377
84 420
85 86
86 376
87 90
87 95
87 109
87 112
87 113
87 114
87 115
87 125
87 126
87 128
87 130
87 131
87 134
87 136
87 140
87 141
87 144
87 152
87 188
87 374
87 380
87 396
87 399
87 404
87 408
87 409
87 416
87 421
87 422
87 423
87 424
87 430
87 434
87 444
87 448
87 492
88 90
88 91
88 113
88 130
88 367
88 403
88 404
88 422
88 423
89 91
90 95
90 112
90 113
90 118
90 120
90 124
90 125
90 128
90 130
90 131
90 134
90 136
90 144
90 148
90 152
90 348
90 374
90 380
90 396
90 404
90 406
90 408
90 410
90 413
90 416
90 422
90 423
90 424
90 430
90 431
90 437
90 446
90 448
90 450
90 600
91 377
91 424
92 206
93 123
93 187
93 301
94 106
94 321
94 350
95 96
95 109
95 118
95 120
95 125
95 128
95 136
95 138
95 152
95 348
95 359
95 380
95 385
95 386
95 396
95 398
95 404
95 406
95 407
95 408
95 409
95 410
95 416
95 430
95 431
95 448
95 491
95 492
96 97
96 99
96 139
96 298
96 386
96 431
97 99
97 386
98 105
98 106
98 350
98 395
100 102
100 290
100 304
100 314
100 319
100 322
100 530
101 103
101 109
101 123
101 221
101 223
101 321
101 389
101 390
101 407
101 417
101 491
101 492
102 103
102 221
102 530
103 109
103 113
103 114
103 115
103 119
103 123
103 125
103 204
103 221
103 223
103 224
103 384
103 396
103 397
103 398
103 399
103 404
103 407
103 408
103 411
103 416
103 417
103 491
103 492
104 189
105 272
105 392
106 107
106 223
106 319
106 350
106 392
106 395
106 397
106 401
108 110
108 195
108 197
108 211
108 215
108 267
108 274
108 495
108 509
109 111
109 113
109 114
109 115
109 119
109 120
109 123
109 125
109 130
109 136
109 188
109 191
109 223
109 348
109 359
109 380
109 396
109 397
109 398
109 399
109 404
109 406
109 407
109 408
109 409
109 410
109 411
109 413
109 416
109 491
109 492
110 274
110 297
110 395
111 116
111 223
111 407
111 492
112 113
112 114
112 126
112 128
112 129
112 130
112 131
112 132
112 134
112 136
112 140
112 141
112 149
112 188
112 191
112 202
112 210
112 364
112 371
112 372
112 374
112 375
112 380
112 396
112 403
112 404
112 408
112 421
112 422
112 423
112 424
112 430
112 434
112 436
112 437
112 440
112 444
112 447
112 450
112 451
112 456
112 490
112 510
112 514
113 114
113 115
113 120
113 123
113 125
113 126
113 130
113 131
113 136
113 354
113 357
113 379
113 380
113 396
113 399
113 403
113 404
113 408
113 410
113 413
113 416
113 422
113 423
113 424
113 440
113 444
113 446
113 492
114 115
114 126
114 130
114 131
114 141
114 188
114 191
114 204
114 210
114 396
114 404
114 411
114 422
114 423
114 424
114 490
115 116
115 123
115 125
115 130
115 191
115 396
115 399
115 404
115 406
115 407
115 408
115 409
115 411
115 416
115 491
115 492
116 117
116 492
117 118
117 120
117 121
117 125
117 342
117 344
117 347
117 348
117 351
117 359
117 410
117 413
117 414
117 416
117 446
118 120
118 125
118 340
118 342
118 344
118 347
118 348
118 351
118 359
118 406
118 408
118 409
118 410
118 413
118 446
118 448
118 492
119 120
119 121
119 125
119 152
119 223
119 224
119 225
119 396
119 397
119 399
119 404
119 412
119 416
119 534
120 121
120 125
120 130
120 348
120 359
120 380
120 385
120 396
120 397
120 398
120 399
120 403
120 404
120 408
120 410
120 412
120 413
120 416
120 423
120 446
120 492
121 125
121 127
121 139
121 147
121 157
121 399
121 412
121 414
121 421
121 446
121 448
121 456
122 272
123 124
123 125
123 130
123 151
123 350
123 355
123 356
123 357
123 397
123 406
123 407
123 416
123 491
123 492
124 344
124 349
124 350
124 355
125 130
125 136
125 152
125 157
125 339
125 347
125 357
125 359
125 396
125 397
125 399
125 404
125 406
125 407
125 408
125 409
125 410
125 412
125 413
125 416
125 418
125 446
125 448
125 491
125 492
126 130
126 131
126 141
126 151
126 204
126 379
126 422
126 423
127 128
127 129
127 136
127 138
127 139
127 140
127 147
127 149
127 150
127 371
127 372
127 373
127 374
127 412
127 414
127 420
127 421
127 422
127 423
127 424
127 430
127 431
127 433
127 434
127 436
127 440
127 446
127 447
127 448
127 450
127 451
127 456
127 510
127 600
128 129
128 131
128 134
128 136
128 137
128 138
128 139
128 140
128 141
128 148
128 149
128 152
128 157
128 159
128 188
128 298
128 345
128 364
128 371
128 372
128 374
128 375
128 380
128 385
128 396
128 402
128 404
128 408
128 416
128 420
128 421
128 422
128 423
128 424
128 428
128 430
128 431
128 434
128 436
128 437
128 440
128 446
128 447
128 448
128 450
128 451
128 456
128 490
128 510
128 514
128 600
129 131
129 134
129 136
129 140
129 147
129 157
129 188
129 364
129 372
129 374
129 375
129 385
129 396
129 413
129 420
129 421
129 422
129 423
129 424
129 428
129 430
129 434
129 436
129 440
129 445
129 447
129 450
129 451
129 456
129 490
129 510
129 514
129 600
130 131
130 136
130 345
130 354
130 357
130 367
130 374
130 380
130 396
130 399
130 403
130 404
130 408
130 411
130 412
130 413
130 416
130 418
130 421
130 422
130 423
130 424
130 434
130 440
130 446
130 448
130 492
131 132
131 134
131 136
131 137
131 140
131 141
131 149
131 152
131 188
131 190
131 191
131 202
131 210
131 364
131 371
131 372
131 374
131 375
131 380
131 396
131 402
131 408
131 421
131 422
131 423
131 424
131 430
131 434
131 436
131 437
131 440
131 447
131 448
131 450
131 451
131 456
131 490
131 510
131 514
131 600
132 134
132 137
132 140
132 375
132 420
132 428
132 429
132 430
132 450
132 451
132 462
134 136
134 137
134 138
134 140
134 141
134 152
134 157
134 159
134 161
134 188
134 202
134 345
134 364
134 374
134 375
134 380
134 420
134 421
134 422
134 423
134 424
134 428
134 430
134 431
134 434
134 436
134 437
134 440
134 447
134 448
134 450
134 451
134 455
134 456
134 458
134 464
134 466
134 490
134 510
134 600
135 374
136 137
136 138
136 139
136 140
136 141
136 144
136 148
136 149
136 150
136 152
136 157
136 159
136 163
136 188
136 202
136 225
136 341
136 345
136 358
136 364
136 367
136 371
136 373
136 374
136 375
136 380
136 396
136 404
136 408
136 410
136 416
136 420
136 421
136 422
136 423
136 424
136 430
136 431
136 434
136 436
136 437
136 440
136 446
136 447
136 448
136 450
136 451
136 456
136 458
136 464
136 510
136 600
137 138
137 367
137 371
137 374
137 375
137 421
137 422
137 423
137 424
137 430
137 431
137 440
137 450
137 504
137 600
138 139
138 152
138 298
138 351
138 374
138 424
138 430
138 431
138 434
138 440
138 441
138 448
138 456
138 510
138 600
139 351
139 374
139 414
139 421
139 422
139 424
139 430
139 431
139 433
139 434
139 436
139 440
139 446
139 448
139 450
139 456
139 510
140 141
140 147
140 152
140 157
140 159
140 188
140 202
140 225
140 345
140 364
140 371
140 372
140 374
140 375
140 380
140 396
140 402
140 416
140 419
140 420
140 421
140 422
140 423
140 424
140 428
140 430
140 431
140 434
140 436
140 437
140 440
140 446
140 447
140 448
140 450
140 451
140 455
140 456
140 464
140 466
140 490
140 510
140 514
140 600
141 152
141 190
141 202
141 367
141 371
141 374
141 375
141 380
141 422
141 423
141 424
141 430
141 434
141 436
142 220
143 485
143 555
144 367
145 163
145 275
145 426
145 430
145 431
145 455
145 456
145 464
145 541
145 595
145 600
146 372
146 447
147 157
147 358
147 414
147 434
147 447
147 456
147 510
148 152
148 380
148 404
148 431
148 437
148 448
148 600
149 150
149 345
149 372
149 421
149 422
149 423
149 424
149 430
149 433
149 434
149 437
149 438
149 440
149 447
149 450
149 510
150 152
150 357
150 371
150 373
150 418
150 421
150 423
150 424
150 431
150 440
150 446
150 448
150 458
150 504
151 164
151 357
152 157
152 159
152 188
152 225
152 339
152 358
152 374
152 380
152 396
152 399
152 404
152 408
152 412
152 416
152 418
152 421
152 423
152 424
152 430
152 431
152 434
152 437
152 440
152 446
152 448
152 456
152 458
152 464
152 600
153 232
154 197
154 267
154 273
154 274
155 156
155 288
156 157
156 437
156 448
157 188
157 358
157 364
157 374
157 380
157 396
157 399
157 408
157 412
157 413
157 414
157 416
157 430
157 434
157 437
157 446
157 447
157 448
157 450
157 456
157 510
157 514
157 515
158 537
159 161
159 371
159 373
159 374
159 385
159 420
159 421
159 422
159 431
159 448
159 464
159 600
160 539
162 253
163 254
163 426
163 437
163 464
165 348
166 247
166 472
167 202
168 170
168 229
168 248
168 251
168 266
168 269
168 475
169 278
169 472
169 476
169 477
170 178
170 199
170 206
170 229
170 230
170 231
170 234
170 239
170 247
170 248
170 251
170 256
170 266
170 268
170 269
170 270
170 271
170 475
170 476
170 478
170 481
170 556
170 572
170 573
171 174
171 217
171 523
171 526
172 248
172 250
172 253
173 174
173 249
174 176
174 249
174 476
174 477
174 526
175 177
175 484
176 480
177 179
177 480
177 482
178 183
178 229
178 231
178 239
178 255
178 256
178 259
178 265
178 269
178 271
178 566
180 186
180 277
181 480
182 206
183 199
183 232
183 252
183 255
183 259
183 269
183 270
183 297
184 487
185 463
188 191
188 202
188 225
188 364
188 372
188 374
188 380
188 388
188 396
188 399
188 404
188 408
188 413
188 416
188 421
188 422
188 423
188 424
188 430
188 434
188 436
188 437
188 447
188 448
188 450
188 451
188 456
188 490
188 510
188 514
188 600
189 230
189 283
190 208
190 457
191 194
191 210
191 396
191 399
191 408
191 416
191 490
191 514
192 200
192 205
192 211
192 280
193 194
194 223
194 394
194 474
194 490
194 514
194 532
194 533
195 196
195 197
195 215
195 222
196 222
196 497
197 274
198 200
198 201
198 280
199 266
199 267
199 268
199 269
199 270
199 271
199 274
199 278
199 279
199 281
199 574
200 201
200 203
200 219
200 280
200 281
201 203
201 219
201 280
201 281
202 214
202 364
202 374
202 422
202 447
202 464
202 466
203 204
203 215
203 502
204 379
204 490
205 219
205 280
205 528
206 211
206 229
206 230
206 231
206 234
206 239
206 241
206 251
206 256
206 266
206 267
206 268
206 269
206 270
206 271
206 274
206 297
206 475
206 509
206 511
206 542
206 544
206 556
206 572
207 524
208 447
208 455
208 543
209 211
209 212
209 231
209 259
211 230
211 231
211 240
211 267
211 274
211 493
211 509
211 511
211 542
213 217
213 255
213 257
213 261
213 297
214 466
214 543
215 502
216 278
217 246
217 247
217 252
218 233
218 234
218 241
218 242
218 244
218 248
218 251
218 548
218 551
218 552
218 556
219 267
219 528
220 226
220 227
220 246
220 287
220 483
220 529
220 535
220 536
220 557
220 592
221 223
221 390
221 530
222 389
222 415
222 417
222 467
222 474
222 497
222 516
222 532
222 533
222 580
223 224
223 397
223 399
223 407
223 491
223 533
224 225
224 245
224 399
224 532
224 534
225 374
225 399
225 412
225 464
225 534
226 227
226 287
226 536
227 287
227 513
227 536
228 229
228 238
229 230
229 231
229 234
229 236
229 239
229 244
229 251
229 256
229 258
229 265
229 266
229 269
229 270
229 271
229 475
229 509
229 511
229 538
229 542
229 544
229 547
229 572
229 573
229 581
230 231
230 233
230 234
230 239
230 240
230 241
230 244
230 251
230 256
230 266
230 267
230 269
230 475
230 507
230 509
230 511
230 521
230 542
230 548
230 551
230 552
230 581
231 234
231 239
231 240
231 241
231 242
231 244
231 251
231 256
231 259
231 265
231 266
231 267
231 268
231 269
231 270
231 271
231 274
231 475
231 507
231 508
231 509
231 511
231 538
231 542
231 552
231 581
232 252
232 255
232 259
232 265
232 268
232 269
232 270
232 271
232 272
232 297
232 574
232 594
233 234
233 244
233 251
233 520
233 581
233 586
234 239
234 241
234 244
234 251
234 256
234 266
234 267
234 269
234 271
234 274
234 475
234 507
234 509
234 511
234 521
234 538
234 542
234 544
234 551
234 572
234 573
234 581
235 236
235 238
235 244
235 258
236 238
236 258
236 265
236 547
236 548
236 556
236 581
237 285
238 239
238 240
238 242
238 258
238 547
238 548
238 549
238 552
239 240
239 241
239 242
239 244
239 251
239 256
239 258
239 259
239 265
239 266
239 269
239 286
239 481
239 509
239 511
239 538
239 542
239 547
239 548
239 549
239 551
239 552
239 556
239 581
240 242
240 244
240 286
240 511
240 551
240 552
240 554
241 244
241 251
241 439
241 453
241 509
241 511
241 521
241 542
241 551
241 552
241 564
241 581
242 244
242 265
242 268
242 269
242 511
242 542
242 547
242 548
242 551
242 552
242 556
242 561
243 258
244 248
244 251
244 258
244 266
244 269
244 286
244 511
244 542
244 547
244 548
244 551
244 552
244 556
244 581
245 532
246 286
246 287
246 294
247 250
247 255
247 259
247 265
247 268
247 297
247 481
247 556
247 566
247 589
248 250
248 251
248 253
248 254
248 266
248 269
248 478
248 556
248 558
248 561
248 563
249 476
249 479
249 526
249 562
250 252
250 253
250 254
250 265
250 268
250 463
250 556
250 558
250 561
250 563
250 570
251 266
251 269
251 475
251 478
251 509
251 511
251 548
251 552
251 556
251 573
251 581
252 255
252 263
252 268
252 270
252 275
252 560
252 569
253 254
253 558
254 366
254 463
255 259
255 261
255 270
255 297
256 258
256 259
256 266
256 269
256 271
256 508
256 509
256 511
256 521
256 538
256 542
256 544
256 581
257 568
258 265
258 511
258 538
258 547
258 548
258 552
258 556
258 566
258 581
259 261
259 265
259 266
259 268
259 269
259 270
259 297
259 566
260 294
261 297
262 299
262 433
263 265
263 296
264 295
264 569
265 268
265 269
265 270
265 481
265 565
265 566
266 267
266 268
266 269
266 270
266 271
266 297
266 475
266 509
266 511
266 556
266 572
267 268
267 269
267 270
267 274
267 278
267 509
267 574
268 269
268 270
268 276
268 277
268 278
268 297
268 563
268 570
269 270
269 271
269 475
269 544
269 556
269 572
269 573
270 297
271 475
271 544
271 572
271 573
271 574
272 392
274 574
275 575
275 590
276 589
277 279
278 279
278 281
278 476
278 477
280 281
282 388
284 285
285 330
285 332
286 537
286 555
286 583
286 584
287 529
287 535
287 536
287 557
287 584
289 593
290 302
290 305
290 322
290 323
291 540
292 426
298 300
298 431
298 600
299 300
302 305
302 322
303 393
304 305
304 308
304 319
304 324
305 320
305 322
305 323
305 324
305 329
306 313
307 437
308 312
308 324
308 326
308 331
309 313
310 576
311 317
312 324
312 326
312 331
313 315
315 319
315 320
316 322
317 335
318 320
318 324
318 329
318 331
319 320
319 321
319 336
319 392
319 395
320 323
320 328
320 330
320 334
320 336
320 392
320 395
322 323
322 325
323 328
323 329
324 326
324 329
324 331
325 584
326 329
326 331
327 328
327 330
328 329
328 330
328 392
329 330
329 331
330 332
330 333
330 392
333 334
335 336
335 530
336 392
336 395
337 338
337 340
337 342
337 343
337 347
337 348
337 406
337 407
337 410
338 339
338 348
338 359
338 398
338 410
339 407
339 408
339 409
339 410
339 416
339 442
339 446
339 448
339 491
339 492
340 342
340 343
340 344
340 346
340 347
340 348
340 406
340 407
340 409
340 491
340 492
341 345
341 354
341 356
341 421
341 422
341 424
341 434
341 446
342 343
342 344
342 346
342 347
342 348
342 349
342 350
342 353
342 359
342 406
342 407
342 409
342 410
342 491
342 492
343 344
343 346
343 347
343 348
343 406
343 407
343 409
343 491
344 346
344 347
344 348
344 349
344 350
344 353
344 357
344 359
344 406
344 407
344 409
345 352
345 354
345 356
345 357
345 372
345 374
345 375
345 421
345 422
345 423
345 424
345 430
345 431
345 434
345 436
345 437
345 440
345 447
345 448
346 347
346 348
346 349
346 353
346 354
346 356
346 357
346 406
346 407
346 409
347 348
347 349
347 350
347 353
347 359
347 406
347 407
347 409
347 410
347 413
347 491
347 492
348 353
348 354
348 359
348 396
348 398
348 404
348 406
348 407
348 408
348 409
348 410
348 413
348 492
349 353
350 355
350 398
350 400
350 401
350 407
351 352
351 358
351 414
352 354
352 379
352 413
352 414
352 424
352 436
352 437
352 514
353 354
353 356
353 357
353 359
353 413
354 356
354 357
354 412
354 413
354 422
354 423
356 357
357 412
357 416
357 418
357 423
357 446
358 360
358 414
358 437
358 448
359 409
359 410
359 413
359 448
360 361
360 362
361 362
361 363
362 363
364 372
364 374
364 375
364 376
364 396
364 413
364 420
364 421
364 422
364 424
364 428
364 430
364 434
364 436
364 447
364 450
364 451
364 456
364 490
364 510
364 514
364 600
365 368
365 370
365 376
365 588
367 369
367 371
367 373
367 420
367 421
367 422
367 423
367 424
367 440
368 370
368 588
368 598
369 371
369 372
369 429
370 377
370 420
370 593
370 598
371 372
371 373
371 374
371 375
371 420
371 421
371 422
371 423
371 424
371 430
371 433
371 434
371 440
371 450
371 451
372 374
372 375
372 419
372 421
372 422
372 424
372 430
372 434
372 436
372 440
372 447
372 450
372 451
372 490
372 510
373 418
373 420
373 421
373 422
373 423
373 424
373 431
373 433
373 440
373 446
374 375
374 380
374 396
374 403
374 404
374 412
374 420
374 421
374 422
374 423
374 424
374 428
374 430
374 431
374 434
374 436
374 437
374 440
374 446
374 447
374 448
374 450
374 451
374 455
374 456
374 464
374 466
374 510
374 600
375 403
375 420
375 421
375 422
375 423
375 424
375 428
375 430
375 431
375 434
375 435
375 436
375 437
375 440
375 450
375 510
375 600
377 381
377 405
377 420
378 405
379 419
379 437
380 396
380 398
380 403
380 404
380 408
380 410
380 413
380 416
380 421
380 422
380 423
380 424
380 430
380 431
380 434
380 437
380 440
380 446
380 447
380 448
380 450
380 456
380 490
380 492
380 600
383 471
384 416
385 396
385 450
385 600
387 539
390 394
391 495
392 395
393 395
393 400
394 474
394 496
394 514
394 533
395 400
395 401
396 397
396 398
396 399
396 403
396 404
396 407
396 408
396 410
396 411
396 412
396 413
396 416
396 418
396 421
396 422
396 423
396 424
396 430
396 434
396 446
396 447
396 448
396 450
396 451
396 456
396 490
396 491
396 492
396 510
396 514
397 398
397 399
397 404
397 408
397 411
397 412
397 416
397 491
397 492
398 399
398 400
398 401
398 404
398 407
398 408
398 410
398 411
398 413
398 416
398 491
398 492
399 404
399 407
399 408
399 411
399 412
399 413
399 416
399 417
399 418
399 456
399 490
399 491
399 492
399 534
400 401
402 430
402 434
402 435
402 450
402 457
402 494
402 510
403 404
403 421
403 422
403 423
403 424
403 440
403 450
404 406
404 407
404 408
404 410
404 411
404 413
404 416
404 421
404 422
404 423
404 424
404 430
404 444
404 448
404 450
404 491
404 492
404 600
406 407
406 408
406 409
406 410
406 491
406 492
407 408
407 409
407 410
407 411
407 416
407 417
407 491
407 492
408 409
408 410
408 411
408 413
408 416
408 418
408 421
408 423
408 424
408 446
408 448
408 450
408 451
408 456
408 490
408 491
408 492
408 510
408 514
409 410
409 416
409 448
409 491
409 492
410 413
410 416
410 423
410 446
410 448
410 491
410 492
411 491
411 492
412 413
412 414
412 416
412 421
412 422
412 534
413 414
413 416
413 421
413 422
413 423
413 447
413 450
413 492
413 514
414 436
414 514
415 417
415 425
415 497
415 501
416 418
416 423
416 446
416 448
416 451
416 490
416 491
416 492
416 510
416 514
417 467
417 491
417 497
417 516
418 423
418 446
418 492
419 421
419 425
419 435
419 458
419 466
419 490
419 499
419 500
419 504
420 421
420 422
420 423
420 424
420 428
420 429
420 430
420 431
420 434
420 440
420 450
420 600
421 422
421 423
421 424
421 428
421 430
421 431
421 433
421 434
421 436
421 440
421 446
421 447
421 448
421 450
421 451
421 456
421 458
421 490
421 504
421 510
421 514
421 600
422 423
422 424
422 430
422 434
422 436
422 440
422 444
422 447
422 448
422 450
422 451
422 490
422 510
423 424
423 430
423 431
423 434
423 436
423 440
423 444
423 446
423 447
423 448
423 450
423 451
423 490
423 510
424 430
424 431
424 434
424 436
424 437
424 440
424 444
424 446
424 447
424 448
424 450
424 451
424 456
424 458
424 490
424 510
424 514
424 600
425 499
425 502
425 503
425 505
425 516
426 464
426 539
426 541
427 455
428 429
428 430
428 431
428 432
428 434
428 435
428 440
428 450
428 455
428 456
428 458
428 510
428 600
430 431
430 434
430 436
430 437
430 440
430 446
430 447
430 448
430 450
430 451
430 455
430 456
430 458
430 490
430 494
430 510
430 514
430 600
431 434
431 437
431 440
431 441
431 446
431 447
431 448
431 450
431 455
431 456
431 458
431 510
431 600
432 434
432 458
433 440
434 435
434 436
434 437
434 440
434 441
434 446
434 447
434 448
434 450
434 451
434 455
434 456
434 458
434 466
434 490
434 504
434 510
434 514
434 600
435 458
435 465
435 494
435 499
435 504
436 447
436 450
436 451
436 490
436 510
436 514
437 440
437 446
437 447
437 448
437 450
437 466
437 510
437 600
439 453
439 511
439 519
439 521
439 522
439 542
439 551
440 441
440 446
440 447
440 448
440 450
440 451
440 456
440 458
440 490
440 504
440 600
442 446
442 448
442 458
443 533
445 447
445 510
446 448
446 456
446 458
446 490
446 492
446 510
447 450
447 451
447 456
447 490
447 510
447 514
447 600
448 450
448 456
448 458
448 510
448 600
449 464
449 550
450 451
450 456
450 490
450 510
450 514
450 600
451 456
451 490
451 510
451 514
451 600
452 454
453 467
453 498
453 501
453 511
453 519
453 520
453 521
453 542
453 551
453 581
454 515
454 545
455 456
455 458
455 466
455 494
455 510
456 458
456 490
456 510
456 514
456 600
457 577
457 578
458 490
458 504
459 499
460 501
460 519
460 528
461 500
461 578
463 558
463 561
464 600
465 499
465 503
465 516
465 527
467 489
467 493
467 498
467 501
467 516
467 519
467 521
467 527
469 505
470 477
472 476
472 562
473 527
474 503
474 525
474 527
474 533
475 476
475 478
475 509
475 511
475 542
475 572
475 573
475 582
476 478
476 481
476 562
476 589
477 485
477 526
477 559
478 556
478 558
478 572
478 573
480 482
480 483
480 485
480 585
481 552
481 566
483 485
483 557
483 585
485 523
485 526
486 579
487 586
488 558
489 493
489 495
489 502
489 505
489 511
489 519
489 521
489 551
490 492
490 499
490 510
490 514
491 492
493 495
493 501
493 511
493 513
493 519
493 521
493 542
493 551
494 496
494 499
494 510
494 512
494 514
495 502
495 505
495 509
495 511
495 519
495 551
498 501
498 519
498 520
498 521
498 542
499 503
499 514
499 516
500 578
501 519
501 521
501 524
502 505
503 516
503 527
505 516
507 508
507 509
507 511
507 581
508 511
508 521
508 542
508 564
508 581
509 511
509 519
509 521
509 542
509 544
509 551
509 581
510 514
510 600
511 519
511 520
511 521
511 538
511 542
511 547
511 548
511 551
511 552
511 564
511 581
512 513
515 518
515 545
516 527
517 518
518 545
519 520
519 521
519 524
519 542
520 521
520 542
521 542
521 544
521 551
521 573
521 581
522 551
522 561
523 526
525 527
528 570
529 584
531 532
533 553
535 536
535 557
536 537
538 542
538 548
538 552
538 556
538 581
540 542
540 552
540 565
540 579
542 544
542 548
542 551
542 552
542 564
542 581
544 572
544 573
546 549
547 548
547 556
547 581
548 551
548 552
548 555
548 556
548 558
548 581
551 552
551 555
551 581
552 556
552 558
552 564
552 567
552 579
552 581
555 564
555 583
556 558
556 561
558 561
558 579
559 565
560 569
560 570
561 570
563 570
565 567
565 594
571 572
571 573
572 573
576 577
576 578
577 578
579 596
586 587
591 598
595 597
