600 3595

1 4
1 22
1 31
1 101
1 194
1 287
2 3
2 4
2 5
2 8
2 11
2 12
2 16
2 18
2 19
2 20
2 21
2 26
2 94
2 100
2 101
2 104
2 105
2 301
2 302
2 303
2 317
2 319
2 320
2 321
2 389
2 390
2 391
2 392
3 5
3 8
3 11
3 12
3 15
3 16
3 19
3 20
3 21
3 29
3 94
3 301
3 303
3 304
3 317
3 319
3 320
3 321
4 5
4 11
4 16
4 18
4 19
4 20
4 21
4 22
4 23
4 26
4 30
4 31
4 36
4 37
4 94
4 100
4 101
4 104
4 287
4 301
4 302
4 303
4 305
4 312
4 317
4 320
4 321
4 322
4 329
4 330
4 386
4 389
4 391
4 392
4 395
5 8
5 11
5 12
5 14
5 15
5 16
5 17
5 19
5 24
5 29
5 302
5 303
5 304
5 305
5 308
5 315
5 318
5 319
5 320
5 324
5 326
5 330
5 392
5 533
6 18
6 20
6 94
6 317
6 321
6 389
6 391
6 393
6 394
6 495
7 9
7 14
7 15
7 29
7 306
7 308
7 315
8 11
8 12
8 16
8 17
8 18
8 19
8 20
8 21
8 94
8 100
8 104
8 301
8 303
8 311
8 317
8 318
8 319
8 321
8 389
8 495
9 310
9 313
9 314
9 494
10 307
11 12
11 16
11 18
11 19
11 20
11 21
11 94
11 100
11 101
11 104
11 105
11 301
11 302
11 303
11 305
11 317
11 319
11 320
11 321
11 386
11 389
11 390
11 391
11 392
11 393
11 395
11 398
11 495
12 14
12 15
12 16
12 17
12 18
12 19
12 20
12 21
12 29
12 303
12 304
12 311
12 315
12 317
12 318
12 319
12 320
12 321
12 389
12 392
13 313
13 314
13 316
13 559
14 15
14 16
14 17
14 19
14 29
14 285
14 303
14 304
14 308
14 312
14 315
14 318
14 319
14 326
15 16
15 17
15 19
15 24
15 29
15 285
15 303
15 304
15 306
15 308
15 311
15 315
15 316
15 318
15 319
15 326
16 17
16 18
16 19
16 20
16 21
16 29
16 94
16 301
16 303
16 304
16 311
16 312
16 315
16 317
16 318
16 319
16 320
16 321
16 389
16 392
17 19
17 29
17 303
17 304
17 308
17 312
17 315
17 317
17 318
17 319
17 320
17 392
18 19
18 20
18 21
18 94
18 100
18 104
18 105
18 301
18 302
18 303
18 317
18 318
18 319
18 320
18 321
18 389
18 391
18 393
18 395
18 398
18 495
19 20
19 21
19 29
19 94
19 301
19 302
19 303
19 304
19 312
19 315
19 317
19 318
19 319
19 320
19 321
19 389
19 391
19 392
20 21
20 94
20 100
20 101
20 103
20 104
20 105
20 301
20 302
20 303
20 317
20 318
20 319
20 320
20 321
20 386
20 389
20 391
20 392
20 393
20 395
20 398
20 495
21 30
21 37
21 94
21 100
21 101
21 103
21 104
21 105
21 301
21 317
21 320
21 321
21 336
21 389
21 391
21 392
21 393
21 395
21 495
22 23
22 25
22 28
22 33
22 34
22 37
22 220
22 221
22 237
22 287
22 302
22 320
22 322
22 323
22 392
22 529
22 530
22 533
22 584
23 25
23 28
23 31
23 32
23 33
23 35
23 36
23 220
23 287
23 302
23 322
23 323
23 329
23 330
23 332
23 333
23 584
24 29
24 285
24 304
24 308
24 324
24 326
25 28
25 33
25 70
25 142
25 143
25 235
25 242
25 287
25 322
25 323
25 325
25 332
25 584
26 30
26 31
26 32
26 36
26 38
26 220
26 226
26 237
26 287
26 327
26 328
26 329
26 330
26 332
26 335
26 530
27 143
27 144
27 147
27 441
28 220
28 235
28 287
28 323
28 325
28 529
28 546
28 584
29 285
29 303
29 304
29 306
29 308
29 315
29 318
29 319
29 326
29 583
30 31
30 32
30 35
30 36
30 90
30 144
30 147
30 220
30 221
30 237
30 287
30 305
30 327
30 328
30 329
30 330
30 332
30 335
30 530
31 32
31 33
31 35
31 36
31 37
31 38
31 144
31 220
31 221
31 237
31 284
31 287
31 320
31 327
31 328
31 329
31 330
31 332
31 333
31 335
31 336
31 529
31 530
31 533
31 584
32 33
32 35
32 36
32 37
32 38
32 147
32 220
32 221
32 237
32 287
32 329
32 331
32 332
32 333
32 335
32 529
33 34
33 35
33 36
33 38
33 50
33 142
33 143
33 220
33 221
33 237
33 287
33 323
33 329
33 331
33 332
33 333
33 335
33 529
33 530
33 549
33 584
34 38
34 220
34 221
34 223
34 237
34 286
34 287
34 335
34 529
34 530
34 549
34 584
35 36
35 37
35 38
35 142
35 143
35 220
35 221
35 237
35 287
35 323
35 329
35 331
35 332
35 333
35 334
35 335
35 529
35 530
36 37
36 38
36 144
36 220
36 221
36 237
36 287
36 302
36 305
36 323
36 327
36 328
36 329
36 330
36 332
36 333
36 335
36 336
36 529
36 530
37 38
37 221
37 302
37 320
37 321
37 322
37 333
37 334
37 335
37 336
37 392
37 530
37 533
38 220
38 221
38 237
38 287
38 327
38 329
38 330
38 332
38 333
38 334
38 335
38 336
38 529
38 530
38 549
38 584
39 42
39 47
39 96
39 115
39 337
40 144
40 352
40 355
40 440
40 441
41 42
41 43
41 45
41 46
41 48
41 52
41 86
41 87
41 88
41 89
41 91
41 338
41 339
41 347
41 380
41 381
41 382
42 46
42 47
42 48
42 113
42 115
42 337
42 343
42 347
43 79
43 87
43 90
43 105
43 140
43 336
43 338
43 339
43 382
44 137
44 341
44 346
44 356
44 431
44 435
45 46
45 48
45 54
46 47
46 48
46 347
47 56
47 115
47 116
48 52
48 347
49 51
49 83
49 151
49 425
49 440
49 448
50 128
50 131
50 142
50 146
50 225
50 282
50 290
50 333
50 361
50 445
50 597
51 345
51 352
51 440
51 448
52 54
52 55
52 89
52 91
52 349
52 381
52 416
53 55
53 96
53 126
53 398
54 181
54 349
55 95
55 96
55 110
55 120
55 391
55 395
55 398
55 416
55 417
57 60
57 61
57 62
57 63
57 65
57 68
57 82
57 138
57 149
57 150
57 152
57 353
57 359
57 448
58 61
58 349
58 354
58 355
58 356
59 60
59 62
59 63
59 64
59 353
59 359
59 413
60 62
60 64
60 65
60 82
60 348
60 353
60 359
61 62
61 352
61 353
61 354
61 356
61 448
61 525
62 63
62 65
62 66
62 67
62 351
62 352
62 358
62 359
62 362
62 363
63 65
63 66
63 67
63 358
63 359
63 362
63 363
64 348
64 353
64 359
64 413
64 414
65 66
65 67
65 82
65 152
65 352
65 358
65 359
65 362
65 363
66 67
66 352
66 358
66 359
66 362
66 363
67 358
67 362
67 363
68 71
68 76
68 79
68 138
68 149
68 152
68 339
68 364
68 373
68 374
68 376
68 431
68 434
69 79
69 87
69 127
69 140
69 144
69 162
69 186
69 297
69 364
69 365
69 374
69 377
69 378
69 382
69 421
69 426
69 430
69 432
69 434
69 440
69 441
69 460
70 142
70 143
70 185
70 242
70 323
70 325
70 438
70 462
70 468
71 72
71 76
71 97
71 132
71 133
71 135
71 137
71 145
71 158
71 226
71 296
71 366
71 370
71 373
71 374
71 428
71 435
71 531
71 535
71 592
71 598
72 76
72 132
72 133
72 135
72 137
72 145
72 226
72 296
72 435
72 443
72 531
72 535
72 598
73 343
73 367
73 405
74 345
75 124
75 371
75 433
76 132
76 133
76 145
76 158
76 296
76 300
76 366
76 373
76 428
76 588
76 592
76 598
77 132
77 135
77 137
77 296
77 592
77 598
78 124
78 144
78 355
78 440
79 80
79 81
79 83
79 85
79 86
79 87
79 88
79 89
79 91
79 130
79 137
79 138
79 139
79 140
79 338
79 339
79 371
79 373
79 374
79 376
79 377
79 378
79 379
79 380
79 381
79 382
79 405
79 431
79 433
79 434
79 436
79 446
80 338
80 339
81 85
81 86
81 87
81 89
81 137
81 338
81 364
81 380
81 381
82 353
82 357
83 87
83 126
83 130
83 376
83 379
83 436
83 448
84 85
84 87
84 88
84 89
84 91
84 126
84 380
84 381
84 593
85 86
85 87
85 88
85 89
85 130
85 138
85 139
85 377
85 378
85 379
85 381
85 436
86 87
86 88
86 89
86 91
86 338
86 339
86 377
86 380
86 381
86 466
87 88
87 89
87 90
87 91
87 126
87 130
87 140
87 338
87 339
87 377
87 379
87 380
87 381
87 382
87 436
87 446
88 89
88 91
88 126
88 130
88 338
88 377
88 379
88 381
88 405
88 436
89 91
89 126
89 338
89 377
89 380
89 381
89 382
89 416
89 436
89 446
89 466
89 519
90 126
90 321
90 338
90 339
90 380
90 425
91 126
91 338
91 377
91 379
91 380
91 381
91 382
91 405
91 416
91 436
91 446
92 107
92 187
92 188
92 191
92 192
92 198
92 200
92 201
92 202
92 289
92 384
92 489
92 499
92 580
92 586
93 116
93 120
93 175
93 388
94 95
94 96
94 98
94 100
94 101
94 103
94 104
94 105
94 301
94 312
94 317
94 320
94 321
94 385
94 386
94 389
94 390
94 391
94 392
94 393
94 395
94 398
94 495
95 98
95 100
95 101
95 104
95 108
95 110
95 113
95 115
95 120
95 121
95 301
95 317
95 385
95 390
95 391
95 398
95 409
96 130
96 398
98 100
98 101
98 103
98 104
98 106
98 121
98 189
98 317
98 385
98 386
98 391
98 395
98 399
98 401
99 262
99 298
99 300
99 594
99 595
99 597
100 101
100 103
100 104
100 105
100 110
100 301
100 317
100 321
100 389
100 390
100 391
100 393
100 395
100 398
100 401
100 487
100 495
101 103
101 104
101 105
101 106
101 108
101 110
101 120
101 121
101 189
101 301
101 317
101 321
101 389
101 390
101 391
101 393
101 395
101 398
101 399
101 401
101 487
102 334
102 336
103 104
103 105
103 106
103 184
103 189
103 301
103 317
103 321
103 390
103 391
103 393
103 395
103 398
103 495
104 105
104 106
104 189
104 301
104 317
104 321
104 383
104 385
104 389
104 390
104 391
104 393
104 394
104 395
104 398
104 487
104 495
105 301
105 317
105 321
105 390
105 391
105 393
105 395
105 398
105 400
105 487
105 495
106 189
106 317
106 391
106 526
107 108
107 109
107 110
107 111
107 120
107 121
107 123
107 159
107 191
107 192
107 195
107 196
107 198
107 201
107 204
107 214
107 384
107 388
107 394
107 399
107 401
107 402
107 409
107 417
107 467
107 489
107 491
107 497
107 586
108 110
108 111
108 120
108 123
108 204
108 388
108 389
108 390
108 391
108 393
108 394
108 395
108 398
108 399
108 401
108 409
108 416
108 417
108 480
108 489
109 111
109 192
109 193
109 203
109 212
109 223
109 397
109 496
110 111
110 120
110 121
110 123
110 388
110 389
110 390
110 391
110 393
110 395
110 398
110 399
110 401
110 417
110 480
110 489
111 120
111 393
111 394
111 483
111 514
112 114
112 125
112 129
112 295
112 298
112 403
112 404
112 411
112 420
112 422
112 460
112 594
113 115
113 116
113 406
113 409
114 117
114 119
114 131
114 147
114 154
114 157
114 188
114 194
114 198
114 282
114 295
114 298
114 299
114 404
114 411
114 412
114 423
114 424
114 451
114 501
114 524
114 565
114 579
114 580
114 594
114 597
115 116
115 120
115 406
116 119
116 120
116 121
116 123
116 188
116 191
116 196
116 201
116 402
116 404
116 406
116 407
116 409
116 411
116 417
116 467
116 489
117 119
117 121
117 154
117 157
117 191
117 192
117 194
117 196
117 201
117 223
117 224
117 225
117 290
117 299
117 399
117 402
117 404
117 412
117 423
117 454
117 467
117 489
117 515
117 534
117 579
117 580
117 597
118 391
119 121
119 147
119 154
119 157
119 188
119 191
119 192
119 194
119 195
119 196
119 198
119 201
119 224
119 282
119 283
119 290
119 295
119 299
119 402
119 404
119 412
119 423
119 451
119 467
119 489
119 501
119 515
119 534
119 579
119 580
119 597
120 121
120 123
120 388
120 390
120 391
120 393
120 395
120 398
120 399
120 401
120 409
120 416
120 417
120 480
120 489
121 123
121 188
121 189
121 191
121 195
121 196
121 204
121 224
121 289
121 399
121 402
121 409
121 412
121 489
121 515
121 534
122 125
122 141
122 145
122 146
122 157
122 295
122 296
122 300
122 415
122 418
122 420
122 422
122 435
122 444
122 594
122 595
123 195
123 196
123 201
123 204
123 388
123 399
123 401
123 402
123 409
123 416
123 417
123 467
123 489
124 140
124 142
124 144
124 332
124 434
124 440
125 129
125 146
125 147
125 157
125 299
125 329
125 412
125 418
125 420
125 422
125 594
126 337
126 338
126 380
126 381
126 382
126 405
126 436
127 140
127 144
127 186
127 421
127 426
127 440
128 131
128 190
128 218
128 219
128 258
128 262
128 264
128 273
128 274
128 510
128 539
128 600
129 149
129 375
129 376
129 420
129 421
129 422
129 433
129 434
129 460
129 594
130 139
130 338
130 339
130 378
130 379
130 381
130 405
131 190
131 218
131 219
131 262
131 267
131 273
131 282
131 298
131 299
131 404
131 445
131 451
131 453
131 510
131 516
131 518
131 539
131 574
131 579
131 597
132 133
132 135
132 296
132 598
133 135
133 226
133 296
133 435
133 535
133 598
134 161
135 137
135 535
135 598
136 148
136 426
136 442
136 461
136 464
136 466
136 588
137 139
137 296
137 338
137 366
137 374
137 592
137 598
138 149
138 150
138 152
138 364
138 431
138 442
138 446
139 338
139 377
140 144
140 338
140 355
140 365
140 372
140 374
140 376
140 378
140 382
140 421
140 426
140 430
140 434
140 440
140 441
140 448
140 460
141 296
142 143
142 144
142 242
142 323
142 325
142 332
142 333
142 438
142 462
142 468
142 594
143 144
143 235
143 287
143 323
143 332
143 333
144 147
144 186
144 287
144 327
144 332
144 335
144 355
144 365
144 372
144 421
144 426
144 430
144 434
144 439
144 440
144 441
144 460
145 156
145 158
145 300
145 351
145 420
145 444
145 449
145 543
145 595
146 157
146 295
146 299
146 351
146 418
147 295
148 150
148 152
148 158
148 164
148 364
148 442
148 464
148 543
149 359
149 437
150 341
150 431
150 442
150 446
150 448
151 161
151 466
153 272
153 468
154 157
154 188
154 191
154 192
154 195
154 196
154 198
154 201
154 224
154 283
154 295
154 299
154 402
154 404
154 412
154 423
154 451
154 467
154 501
154 505
154 515
154 516
154 579
154 580
154 581
155 157
155 163
155 331
155 420
155 450
155 454
155 460
155 515
155 543
156 157
156 164
156 203
156 412
156 445
156 449
156 515
156 543
157 164
157 188
157 196
157 199
157 295
157 299
157 331
157 412
157 423
157 454
157 515
157 543
157 579
157 597
158 160
158 164
158 226
158 253
158 300
158 428
158 444
158 506
158 535
158 536
159 161
159 189
159 195
159 204
159 294
159 409
159 455
159 515
159 545
159 586
160 164
160 428
160 457
160 469
161 204
161 279
162 426
162 432
162 434
162 441
163 454
164 214
164 449
165 577
166 241
167 175
167 195
167 388
167 470
167 474
168 172
168 185
168 475
168 587
169 472
169 476
170 234
170 247
170 265
170 479
171 279
172 239
173 472
174 209
175 176
175 187
175 388
175 480
175 483
176 178
176 480
177 288
177 482
179 472
179 482
179 483
179 485
179 559
180 183
181 186
182 477
183 255
185 242
186 293
186 365
186 426
186 440
186 441
186 462
186 566
187 191
187 201
187 207
187 266
187 384
187 388
187 480
187 483
187 509
187 580
188 191
188 192
188 195
188 196
188 198
188 199
188 201
188 224
188 282
188 283
188 289
188 290
188 299
188 388
188 402
188 404
188 412
188 467
188 489
188 497
188 499
188 515
188 579
188 580
188 581
189 195
189 198
189 223
189 289
189 399
189 489
189 586
190 197
190 208
190 215
190 218
190 242
190 262
190 273
190 282
190 404
190 451
190 468
190 510
190 516
191 192
191 195
191 196
191 201
191 217
191 224
191 283
191 388
191 399
191 402
191 412
191 467
191 489
191 491
191 515
191 534
191 580
192 195
192 196
192 198
192 201
192 214
192 224
192 283
192 384
192 388
192 394
192 396
192 402
192 412
192 467
192 489
192 491
192 493
192 496
192 497
192 498
192 499
192 501
192 503
192 504
192 505
192 515
192 534
192 580
192 586
193 194
195 196
195 198
195 199
195 201
195 202
195 204
195 214
195 283
195 290
195 388
195 402
195 409
195 467
195 489
195 497
195 505
195 515
195 580
195 586
196 199
196 201
196 202
196 283
196 290
196 299
196 402
196 412
196 417
196 467
196 489
196 497
196 515
196 579
196 580
197 206
197 207
197 210
197 213
197 215
197 216
197 266
197 271
197 273
197 447
197 492
197 509
197 521
198 200
198 201
198 202
198 214
198 283
198 402
198 489
198 499
198 500
198 580
199 204
199 402
200 201
200 202
201 202
201 283
201 290
201 384
201 388
201 402
201 407
201 412
201 417
201 467
201 489
201 497
201 504
201 515
201 579
201 580
202 384
202 388
202 417
202 467
202 489
202 503
202 515
202 580
203 214
203 505
203 515
204 227
204 292
204 409
204 416
204 472
204 537
205 214
205 506
205 535
206 208
206 215
206 216
206 228
206 231
206 247
206 263
206 265
206 268
206 269
206 490
206 512
206 541
206 573
207 208
207 210
207 213
207 216
207 230
207 266
207 273
207 447
207 451
207 509
207 513
207 573
207 581
208 210
208 215
208 216
208 228
208 231
208 232
208 252
208 262
208 263
208 265
208 267
208 268
208 270
208 273
208 490
208 510
208 512
208 518
208 541
208 560
208 570
209 210
209 211
209 212
209 213
209 217
209 229
209 234
209 249
209 256
209 265
209 266
209 509
209 513
209 514
209 520
209 521
209 542
209 559
210 211
210 212
210 213
210 216
210 229
210 231
210 234
210 256
210 265
210 266
210 271
210 509
210 512
210 513
210 514
210 521
210 573
211 212
211 213
211 231
211 249
211 265
211 494
211 513
211 520
211 542
212 213
212 249
212 251
212 562
213 229
213 231
213 234
213 249
213 265
213 266
213 271
213 509
213 513
213 520
213 521
213 542
213 573
214 283
214 496
214 497
214 498
214 499
214 500
214 505
214 506
215 218
215 273
215 516
216 231
216 263
216 267
216 271
216 273
216 490
216 512
216 573
217 491
217 514
218 267
218 273
218 453
218 516
218 527
219 264
219 273
219 453
219 517
220 221
220 222
220 237
220 287
220 302
220 324
220 327
220 329
220 330
220 332
220 333
220 335
220 529
220 530
220 533
220 549
220 584
221 237
221 287
221 302
221 320
221 327
221 329
221 330
221 332
221 333
221 334
221 335
221 336
221 529
221 530
221 533
221 549
221 584
222 238
222 240
222 245
222 246
222 285
222 286
222 529
222 530
222 532
222 533
222 548
222 553
222 555
223 224
223 225
223 397
223 399
223 412
223 529
223 532
223 534
224 299
224 402
224 412
224 534
225 299
225 412
225 445
225 534
226 439
226 443
226 506
226 535
226 536
226 582
227 292
227 357
227 368
227 486
227 536
227 537
227 583
228 231
228 238
228 239
228 243
228 244
228 245
228 246
228 247
228 262
228 263
228 264
228 268
228 269
228 270
228 273
228 490
228 512
228 541
228 570
229 231
229 233
229 234
229 236
229 238
229 243
229 249
229 265
229 268
229 269
229 479
229 512
229 513
229 541
229 542
229 554
230 580
230 581
231 232
231 236
231 238
231 239
231 243
231 247
231 263
231 265
231 268
231 269
231 270
231 271
231 512
231 513
231 541
231 542
231 567
231 573
232 233
232 234
232 239
232 243
232 250
232 252
232 254
232 263
232 265
232 268
232 270
232 518
232 541
232 560
232 561
232 570
233 234
233 243
233 244
233 250
233 252
233 268
233 570
234 249
234 256
234 265
234 266
234 513
234 520
234 542
235 241
235 323
235 325
235 546
235 551
235 552
235 584
236 238
236 239
236 240
236 243
236 244
236 265
236 285
236 542
236 547
236 548
236 551
236 554
236 555
237 287
237 323
237 327
237 329
237 330
237 332
237 333
237 335
237 336
237 529
237 530
237 549
237 584
238 239
238 240
238 243
238 245
238 284
238 285
238 286
238 542
238 547
238 548
238 550
238 553
238 554
238 555
238 582
238 583
239 240
239 243
239 244
239 252
239 268
239 285
239 541
239 548
239 550
239 552
239 570
240 243
240 245
240 284
240 285
240 286
240 532
240 547
240 550
240 553
240 554
240 555
240 582
240 583
241 242
241 244
241 551
241 552
242 325
242 438
242 462
242 468
242 552
243 244
243 246
243 247
243 252
243 263
243 265
243 268
243 269
243 270
243 541
243 542
243 548
243 554
243 555
243 560
243 570
244 246
244 252
244 263
244 264
244 268
244 269
244 541
244 551
244 555
244 570
245 246
245 285
245 291
245 518
246 263
246 264
246 518
246 555
247 265
247 268
247 270
247 476
247 479
247 512
247 541
248 478
248 557
248 558
248 561
249 265
249 266
249 479
249 542
249 559
249 562
250 252
250 254
250 463
250 558
250 560
250 561
250 570
252 254
252 263
252 268
252 512
252 518
252 541
252 560
252 561
252 570
253 428
253 558
253 563
254 463
254 558
254 560
254 561
254 570
255 538
256 265
256 266
256 509
257 364
258 264
258 293
258 539
258 600
259 262
259 274
260 387
261 281
262 263
262 264
262 267
262 273
262 282
262 298
262 299
262 445
262 451
262 510
262 518
262 539
262 571
262 574
262 597
263 264
263 267
263 268
263 269
263 270
263 273
263 490
263 512
263 518
263 541
263 555
263 570
264 273
264 508
264 510
264 539
264 541
264 570
264 600
265 268
265 269
265 270
265 479
265 512
265 513
265 541
265 542
265 554
265 567
265 570
265 573
266 509
266 513
266 514
266 521
266 573
266 581
267 273
267 445
267 451
267 453
267 490
267 516
267 518
267 571
268 269
268 270
268 512
268 541
268 542
268 570
268 573
269 270
269 512
269 541
269 542
269 570
270 271
270 512
270 541
270 573
271 521
271 573
272 274
273 282
273 451
273 453
273 490
273 510
273 516
273 518
273 541
273 571
273 574
274 278
274 281
275 575
276 524
277 278
277 577
279 280
282 290
282 295
282 298
282 299
282 404
282 451
282 516
282 565
282 574
282 579
282 580
282 581
282 597
283 402
283 412
283 489
283 497
283 498
283 499
283 505
283 515
283 579
283 580
283 581
284 285
284 327
284 582
285 286
285 306
285 308
285 548
285 550
285 553
285 554
285 582
285 583
286 553
286 583
286 584
287 323
287 327
287 329
287 330
287 332
287 333
287 335
287 529
287 530
287 549
287 584
290 299
290 402
290 412
290 489
290 515
290 534
290 579
290 580
290 597
292 368
292 486
292 537
292 587
293 600
295 298
295 299
295 404
295 412
295 423
295 501
295 565
295 579
295 594
295 595
295 597
296 300
296 366
296 421
296 435
296 592
296 598
297 365
297 421
297 426
297 434
297 460
298 299
298 300
298 420
298 423
298 451
298 539
298 565
298 579
298 594
298 595
298 597
299 404
299 412
299 423
299 445
299 451
299 579
299 580
299 594
299 595
299 597
300 351
300 420
300 423
300 435
300 543
300 592
300 595
300 598
300 599
301 302
301 303
301 312
301 317
301 320
301 321
301 385
301 386
301 389
301 390
301 391
301 392
301 393
301 395
301 398
301 495
302 303
302 305
302 317
302 320
302 321
302 322
302 329
302 330
302 386
302 389
302 392
302 529
302 530
302 584
303 304
303 311
303 315
303 317
303 318
303 319
303 320
303 321
303 389
303 392
304 305
304 308
304 311
304 315
304 318
304 319
304 320
304 324
304 326
305 320
305 322
305 324
305 329
305 330
305 386
306 308
306 315
306 550
307 314
308 315
308 324
308 326
309 562
311 315
311 316
311 319
312 317
312 318
312 319
312 320
312 391
312 392
312 398
313 314
313 316
313 562
314 316
315 316
315 318
315 319
317 318
317 319
317 320
317 321
317 385
317 386
317 389
317 390
317 391
317 392
317 393
317 395
317 398
317 495
318 319
318 320
318 389
318 392
319 320
319 321
319 389
319 392
320 321
320 322
320 330
320 336
320 386
320 389
320 391
320 392
320 395
320 533
321 322
321 386
321 389
321 391
321 392
321 393
321 395
321 495
322 323
322 389
322 584
323 325
323 329
323 332
323 333
323 335
323 438
323 584
324 326
325 438
325 462
325 584
327 328
327 329
327 330
327 332
327 333
327 335
327 336
327 529
327 530
327 549
327 584
328 330
328 443
329 330
329 331
329 332
329 333
329 335
329 529
329 530
329 549
329 584
330 332
330 335
330 336
330 529
330 530
330 549
330 584
331 332
331 333
331 335
332 333
332 335
332 336
332 440
332 441
332 529
332 530
332 549
332 584
333 334
333 335
333 441
333 529
333 530
333 549
333 584
334 335
334 336
335 336
335 441
335 529
335 530
335 533
335 549
335 584
336 339
336 530
337 347
337 369
337 403
337 405
337 406
337 416
337 436
338 339
338 377
338 379
338 380
338 381
338 382
338 436
339 379
339 380
339 381
339 382
340 342
340 347
341 346
341 431
341 446
342 346
342 347
342 367
343 347
343 475
344 346
344 456
346 350
348 353
348 375
348 413
348 418
348 431
351 595
352 363
353 354
353 359
353 375
354 356
355 374
355 426
357 368
357 373
357 418
357 444
357 477
357 536
357 537
358 359
358 362
358 363
359 375
360 361
361 414
362 363
364 371
364 374
364 376
364 420
364 431
364 432
364 434
364 442
364 460
364 543
365 372
365 374
365 376
365 421
365 426
365 430
365 434
365 440
365 441
365 460
366 373
367 371
367 373
367 431
367 433
368 373
368 486
368 537
368 587
370 420
371 375
371 376
371 378
371 430
371 433
371 434
372 374
372 375
372 376
372 421
372 422
372 430
372 434
372 440
372 441
373 376
373 418
373 428
373 431
373 444
374 376
374 421
374 426
374 434
374 448
375 376
375 421
375 422
375 430
375 431
375 433
375 434
376 379
376 405
376 415
376 420
376 421
376 422
376 430
376 431
376 433
376 434
376 436
376 460
377 378
377 379
377 380
377 381
377 405
377 436
378 379
378 405
378 430
378 432
378 434
378 436
379 381
379 382
379 405
379 433
379 436
380 381
380 382
381 382
381 405
381 406
381 416
381 436
381 446
384 388
384 394
384 459
384 489
384 499
384 500
384 503
384 504
384 580
385 386
385 390
385 391
385 393
385 394
385 398
385 409
385 495
386 389
386 391
386 392
386 398
387 579
387 597
388 402
388 467
388 480
388 489
388 580
389 390
389 391
389 392
389 393
389 395
389 398
389 399
390 391
390 393
390 394
390 395
390 398
390 399
390 401
390 417
390 489
390 495
391 392
391 393
391 395
391 398
391 401
391 416
391 495
392 395
392 398
392 533
393 394
393 395
393 398
393 400
393 401
393 495
394 399
394 407
394 489
394 491
394 493
394 495
394 496
394 498
394 503
394 504
394 505
394 514
395 398
395 399
395 401
395 416
395 417
395 495
396 408
396 410
396 493
396 496
396 499
396 500
396 501
396 502
396 503
396 504
396 505
397 529
397 532
397 533
398 401
398 416
398 417
398 495
399 401
399 402
399 407
399 409
399 417
399 489
399 534
400 426
400 461
400 495
400 538
400 588
401 417
401 489
402 404
402 407
402 409
402 412
402 423
402 467
402 489
402 491
402 497
402 505
402 515
402 534
402 580
403 404
403 406
403 407
403 422
403 594
404 407
404 412
404 423
404 451
404 501
404 516
404 579
405 406
405 415
405 430
405 433
405 436
405 446
406 407
406 409
406 411
406 416
407 409
407 416
407 417
407 467
407 489
407 491
407 497
407 504
407 505
407 534
408 496
408 502
409 411
409 416
409 417
409 419
409 489
409 497
411 413
411 418
411 423
411 435
411 497
412 423
412 445
412 467
412 489
412 501
412 515
412 534
412 579
412 580
412 597
413 414
413 418
415 418
415 420
415 421
415 422
415 431
415 434
415 435
415 436
415 446
415 460
415 596
416 417
417 467
417 489
417 497
417 504
418 431
418 435
419 435
419 504
420 421
420 422
420 423
420 434
420 435
420 460
420 543
420 594
420 595
420 599
421 422
421 426
421 430
421 431
421 434
421 435
421 439
421 441
421 460
421 596
421 599
422 429
422 431
422 434
422 460
422 594
423 424
423 435
423 445
423 501
423 515
423 565
423 579
423 595
423 597
424 450
424 451
424 524
424 565
424 579
424 595
424 600
426 434
426 440
426 441
426 461
427 588
427 589
427 592
428 457
428 536
428 588
428 589
430 433
430 434
430 440
430 441
430 460
431 434
431 442
431 446
432 442
432 456
432 458
432 466
433 434
433 436
434 440
434 441
434 442
434 460
435 442
435 460
435 501
435 502
435 592
435 598
436 446
438 462
439 443
439 535
440 441
440 448
441 460
442 466
443 535
445 451
445 518
445 597
447 581
449 543
450 454
450 468
450 565
450 595
450 600
451 510
451 516
451 518
451 524
451 565
451 571
451 579
451 580
451 581
451 597
452 454
452 464
452 515
452 527
453 490
453 516
453 517
453 518
453 525
454 455
454 515
454 543
456 466
456 519
457 469
457 477
457 578
457 588
457 590
457 591
458 465
459 461
459 473
459 500
459 578
460 543
461 593
463 560
463 561
466 519
466 578
466 590
466 593
467 489
467 497
467 504
467 515
467 579
467 580
468 565
468 600
469 588
470 471
470 474
470 475
472 476
472 477
472 537
474 523
475 507
476 479
477 537
478 558
479 542
479 559
479 573
480 483
481 484
481 556
482 483
482 485
483 485
486 537
486 587
488 569
489 497
489 504
489 505
489 515
489 534
489 580
489 586
490 492
490 512
490 516
490 517
490 518
490 525
490 541
491 493
491 498
491 505
491 509
491 514
491 544
492 494
492 503
492 514
492 521
492 523
492 527
493 494
493 496
493 498
493 504
493 505
493 511
494 496
494 498
494 513
494 514
496 498
496 502
496 503
497 499
497 500
497 504
497 505
497 515
498 503
498 505
498 511
498 514
498 520
499 500
499 501
499 503
499 505
499 580
500 502
500 503
500 505
501 505
502 503
503 504
503 505
503 527
504 505
506 535
506 536
508 566
509 514
510 516
510 539
510 571
510 574
510 600
511 562
511 585
512 513
512 521
512 541
512 542
512 573
513 520
513 521
513 542
513 573
514 521
514 527
515 579
515 580
516 518
516 579
516 581
518 539
518 560
518 570
519 577
519 578
519 596
520 521
520 542
520 562
521 573
522 573
524 579
525 527
526 562
528 575
528 600
529 530
529 533
529 549
529 584
530 533
530 549
530 584
531 598
532 533
532 553
533 549
533 584
535 536
536 550
537 587
539 571
539 595
539 597
539 600
540 542
541 542
541 555
541 570
542 554
546 547
546 551
546 552
546 555
547 550
547 551
547 553
547 554
547 582
548 550
548 555
549 553
549 584
550 553
550 554
550 582
550 583
551 552
551 555
553 554
553 582
553 583
553 584
554 555
556 562
558 561
558 563
559 562
560 561
560 570
564 572
565 579
565 594
565 595
565 597
566 600
568 600
569 572
570 574
571 574
571 597
572 593
574 597
576 577
577 578
579 580
579 581
579 595
579 597
580 581
581 597
583 587
588 589
588 590
588 592
588 593
588 598
589 592
589 593
589 598
590 591
590 593
591 593
592 598
594 595
594 597
595 597
595 599
