600 3594

1 2
1 184
1 289
1 291
1 586
1 587
2 301
3 5
3 6
3 8
3 11
3 12
3 18
3 20
3 21
3 98
3 102
3 303
3 304
3 317
3 319
3 320
3 336
4 5
4 20
4 21
4 22
4 30
4 32
4 35
4 36
4 37
4 38
4 103
4 105
4 106
4 123
4 142
4 144
4 146
4 221
4 301
4 302
4 304
4 305
4 317
4 320
4 321
4 322
4 323
4 324
4 326
4 328
4 329
4 332
4 333
4 334
4 335
4 388
4 389
4 432
4 466
4 490
4 530
4 600
5 18
5 20
5 21
5 98
5 103
5 105
5 142
5 221
5 301
5 303
5 304
5 305
5 308
5 317
5 319
5 320
5 323
5 324
5 333
5 335
5 389
5 432
5 600
6 12
6 18
6 20
6 98
6 303
7 12
7 14
7 16
7 18
7 29
7 304
7 306
7 308
7 309
7 319
8 11
8 12
8 18
8 98
8 102
8 303
8 320
8 336
9 269
10 29
11 18
11 20
11 21
11 53
11 98
11 102
11 103
11 104
11 105
11 123
11 303
11 317
11 319
11 320
11 321
11 336
12 16
12 18
12 98
12 303
12 304
12 307
12 315
12 317
12 319
12 569
13 479
14 29
14 108
14 111
14 309
15 316
15 511
16 304
16 306
16 315
16 319
17 19
17 318
18 20
18 21
18 98
18 102
18 103
18 104
18 105
18 301
18 303
18 304
18 317
18 319
18 320
18 336
19 318
20 21
20 98
20 102
20 103
20 104
20 105
20 301
20 303
20 304
20 305
20 317
20 319
20 320
20 321
20 333
20 335
20 336
20 391
20 425
21 27
21 30
21 32
21 33
21 35
21 36
21 37
21 38
21 98
21 102
21 103
21 105
21 106
21 123
21 144
21 221
21 301
21 303
21 304
21 305
21 317
21 319
21 320
21 321
21 323
21 324
21 326
21 329
21 333
21 334
21 335
21 336
21 388
21 389
22 106
22 146
22 221
22 302
22 305
22 322
22 323
22 324
22 325
22 328
22 332
22 335
22 388
22 389
22 455
22 530
23 24
23 25
23 27
23 28
23 30
23 31
23 32
23 33
23 34
23 35
23 36
23 37
23 38
23 221
23 323
23 324
23 326
23 327
23 328
23 329
23 331
23 333
23 417
23 428
23 445
24 27
24 28
24 30
24 32
24 36
24 114
24 144
24 221
24 323
24 324
24 326
24 328
24 329
24 333
24 447
25 158
25 323
25 325
25 327
25 445
26 27
26 28
26 30
26 31
26 32
26 34
26 36
26 38
26 221
26 284
26 328
26 329
26 388
27 28
27 30
27 31
27 32
27 33
27 35
27 36
27 37
27 38
27 105
27 123
27 221
27 305
27 320
27 323
27 324
27 326
27 329
27 331
27 333
27 334
27 335
28 30
28 31
28 32
28 33
28 34
28 35
28 36
28 37
28 38
28 143
28 221
28 284
28 323
28 324
28 326
28 327
28 328
28 329
28 331
28 332
28 333
28 335
28 428
28 445
29 309
30 31
30 32
30 33
30 34
30 35
30 36
30 37
30 38
30 105
30 106
30 123
30 221
30 305
30 323
30 324
30 326
30 327
30 328
30 329
30 330
30 331
30 333
30 334
30 335
30 389
30 417
31 32
31 33
31 34
31 35
31 36
31 37
31 38
31 105
31 221
31 323
31 324
31 326
31 327
31 328
31 329
31 330
31 331
31 333
31 335
31 417
32 33
32 34
32 35
32 36
32 37
32 38
32 105
32 106
32 123
32 146
32 221
32 305
32 323
32 324
32 326
32 327
32 328
32 329
32 330
32 331
32 333
32 334
32 335
32 530
32 535
33 34
33 35
33 36
33 37
33 38
33 221
33 323
33 324
33 326
33 328
33 329
33 330
33 331
33 333
33 334
33 335
34 35
34 36
34 37
34 38
34 221
34 284
34 323
34 324
34 326
34 327
34 328
34 329
34 330
34 331
34 332
34 333
34 335
34 445
35 36
35 37
35 38
35 106
35 146
35 221
35 323
35 324
35 326
35 327
35 328
35 329
35 330
35 331
35 333
35 334
35 335
36 37
36 38
36 103
36 105
36 106
36 123
36 144
36 146
36 221
36 305
36 320
36 323
36 324
36 326
36 328
36 329
36 330
36 331
36 333
36 334
36 335
36 388
36 389
36 417
36 530
37 38
37 102
37 105
37 106
37 146
37 221
37 320
37 323
37 324
37 326
37 327
37 328
37 329
37 330
37 331
37 333
37 334
37 335
38 102
38 103
38 105
38 106
38 123
38 146
38 221
38 305
38 320
38 323
38 324
38 326
38 327
38 328
38 329
38 330
38 331
38 333
38 334
38 335
38 388
38 417
38 530
39 41
39 42
39 48
39 89
39 342
39 343
39 347
40 44
40 49
40 58
40 78
40 82
40 127
40 150
40 440
41 42
41 43
41 45
41 46
41 48
41 342
41 343
41 346
42 45
42 46
42 337
42 340
42 342
42 343
42 346
42 347
43 48
43 52
43 89
43 91
43 338
44 58
44 65
44 356
44 371
45 46
45 48
45 52
45 54
45 78
45 342
45 343
45 344
45 346
45 347
45 349
46 48
46 52
46 54
46 337
46 340
46 342
46 343
46 344
46 346
46 347
46 349
47 115
47 116
47 407
48 52
48 54
48 342
48 343
48 344
48 346
48 349
49 152
49 448
50 146
50 147
50 156
50 157
50 165
50 196
50 287
50 399
50 412
50 445
50 529
50 530
50 546
51 63
51 345
51 362
52 54
52 57
52 344
52 346
52 349
53 118
53 385
53 396
53 398
53 411
54 57
54 58
54 341
54 342
54 343
54 344
54 346
54 348
54 349
54 353
55 95
55 96
55 101
55 112
55 113
55 114
55 116
55 118
55 120
55 126
55 196
56 60
56 64
56 348
56 353
56 406
56 410
56 413
57 61
57 122
57 124
57 341
57 348
57 353
57 418
58 61
58 82
58 150
58 341
58 348
58 353
58 354
58 355
58 356
58 357
58 359
58 372
58 418
58 421
58 440
59 67
59 412
59 414
59 424
59 447
59 451
59 497
59 580
60 64
60 410
60 411
60 413
61 67
61 82
61 122
61 125
61 127
61 150
61 341
61 348
61 353
61 359
61 372
61 413
61 414
61 418
61 421
61 424
61 440
61 446
61 450
62 66
64 410
64 413
65 122
65 357
66 67
66 351
66 363
67 125
67 351
67 359
67 414
67 421
67 424
68 77
68 80
68 87
68 134
68 138
68 140
68 365
68 380
68 448
69 70
69 72
69 135
69 186
69 294
69 365
69 366
69 368
70 71
70 72
70 74
70 77
70 135
70 293
70 294
70 297
70 366
70 368
70 372
71 72
71 76
71 293
71 297
71 370
71 596
71 598
72 77
72 135
72 293
72 294
72 297
72 368
72 370
73 79
74 76
74 77
74 82
74 149
74 369
74 370
74 372
74 420
74 421
74 422
74 430
74 440
74 598
75 91
76 77
76 99
76 131
76 136
76 297
76 368
76 370
76 372
76 379
76 420
76 458
76 596
76 598
76 599
77 136
77 140
77 297
77 365
77 368
77 370
77 372
77 426
77 598
78 82
78 127
78 344
78 346
78 441
79 80
79 81
79 84
79 87
79 88
79 137
79 140
79 370
79 377
80 84
80 86
80 87
80 373
80 374
80 376
80 377
80 380
81 85
81 130
81 370
82 127
82 150
82 341
82 348
82 353
82 359
82 372
82 421
82 440
83 84
83 85
83 87
83 88
83 130
83 132
83 134
83 374
83 377
83 403
83 423
83 429
83 430
84 85
84 86
84 87
84 88
84 374
84 376
84 377
84 378
84 381
85 86
85 87
85 88
85 130
85 376
85 377
85 378
85 381
86 87
86 88
86 376
86 377
86 378
86 381
87 88
87 374
87 376
87 377
87 378
87 380
87 381
87 426
88 130
88 376
88 377
88 378
88 381
89 91
89 338
89 344
90 296
91 338
91 380
91 382
92 93
92 94
92 95
92 113
92 115
92 118
92 194
93 94
93 117
93 118
94 95
94 118
94 390
94 396
94 408
94 411
95 96
95 113
95 115
95 116
95 118
95 120
95 188
95 194
95 390
95 408
96 99
96 112
96 113
96 114
96 120
96 130
96 132
96 385
96 423
96 482
97 99
97 386
98 102
98 103
98 105
98 301
98 303
98 304
98 317
98 319
98 320
98 336
98 388
98 389
99 112
99 129
99 282
99 420
99 595
100 101
100 106
100 110
100 119
100 120
100 146
100 157
100 221
100 283
100 321
100 328
100 388
100 389
100 399
100 400
100 401
100 530
101 106
101 114
101 119
101 120
101 146
101 157
101 196
101 321
101 328
101 530
102 106
102 221
102 303
102 304
102 320
102 334
102 336
103 105
103 106
103 144
103 221
103 301
103 303
103 304
103 305
103 317
103 320
103 333
103 335
103 336
104 108
104 189
104 391
105 106
105 123
105 144
105 146
105 221
105 301
105 302
105 303
105 304
105 305
105 317
105 320
105 321
105 323
105 324
105 326
105 328
105 329
105 332
105 333
105 334
105 335
105 336
105 388
105 389
105 432
105 530
106 110
106 123
106 146
106 221
106 302
106 305
106 320
106 321
106 323
106 324
106 326
106 328
106 329
106 330
106 332
106 333
106 334
106 335
106 388
106 389
106 392
106 530
107 109
107 193
107 212
107 213
107 223
107 234
107 395
107 397
107 489
107 502
107 515
107 520
107 526
107 531
107 545
108 111
108 192
108 193
108 198
108 211
108 231
108 234
108 241
109 209
109 210
109 212
109 222
109 493
109 513
109 519
109 532
109 536
109 542
110 119
110 146
110 220
110 283
110 322
110 389
110 392
110 400
110 401
110 530
110 580
111 192
111 198
111 211
111 231
111 511
111 527
112 113
112 114
112 115
112 129
112 130
112 131
112 132
112 134
112 141
112 177
112 181
112 190
112 280
112 403
112 404
112 423
112 429
112 457
112 459
112 462
112 482
112 484
112 491
113 114
113 115
113 116
113 120
113 126
113 130
113 195
114 119
114 131
114 132
114 141
114 157
114 188
114 190
114 280
114 403
114 404
114 423
114 429
114 457
114 459
114 462
114 482
114 491
115 116
115 118
115 408
116 118
116 194
116 199
116 280
116 407
116 408
116 436
116 492
118 120
118 390
118 396
118 408
118 411
119 120
119 121
119 147
119 156
119 157
119 166
119 167
119 196
119 220
119 283
119 285
119 286
119 287
119 328
119 395
119 399
119 400
119 462
119 497
119 498
119 515
119 530
119 534
119 580
119 583
119 584
120 121
120 156
120 157
120 195
120 196
120 395
120 397
120 400
120 401
120 497
120 584
121 400
122 124
122 125
122 129
122 149
122 150
122 151
122 357
122 359
122 418
122 440
122 446
123 221
123 305
123 323
123 324
123 326
123 329
123 333
123 335
123 388
123 417
124 125
124 150
124 151
125 129
125 149
125 150
125 151
125 357
125 359
125 413
125 418
125 420
125 421
125 424
125 440
125 446
126 130
126 423
127 341
127 348
127 353
127 359
127 372
127 418
127 420
127 421
127 440
127 441
127 450
127 599
128 203
128 255
128 262
128 263
128 264
128 267
128 281
128 295
128 298
128 299
128 300
128 461
128 577
128 589
129 132
129 134
129 136
129 149
129 180
129 370
129 403
129 404
129 406
129 420
129 421
129 422
129 423
129 424
129 429
129 430
129 434
129 451
130 132
130 133
130 141
130 167
130 370
130 374
130 377
130 403
130 423
130 428
130 459
130 462
131 141
131 161
131 162
131 190
131 364
131 449
131 457
131 458
131 459
131 490
131 491
131 510
131 578
131 595
131 600
132 133
132 134
132 141
132 280
132 370
132 374
132 403
132 422
132 423
132 428
132 429
132 430
132 459
132 462
132 482
133 196
133 428
133 462
133 469
134 136
134 140
134 141
134 149
134 364
134 374
134 403
134 422
134 428
134 429
134 430
134 431
134 456
134 458
135 293
135 325
135 366
135 368
136 140
136 141
136 149
136 159
136 160
136 161
136 364
136 370
136 420
136 422
136 428
136 429
136 430
136 432
136 456
136 458
136 491
136 598
136 599
138 140
139 173
140 141
140 368
140 370
140 380
140 434
140 448
140 458
141 158
141 159
141 167
141 190
141 199
141 280
141 364
141 374
141 428
141 429
141 437
141 442
141 456
141 458
141 459
141 462
141 490
141 491
142 144
142 380
142 432
142 434
142 490
142 588
142 592
142 596
142 600
144 146
144 221
144 335
144 432
145 147
146 156
146 157
146 159
146 221
146 302
146 323
146 324
146 328
146 333
146 334
146 335
146 388
146 445
146 530
146 535
147 156
147 196
147 286
147 287
147 399
147 529
147 530
147 583
147 584
148 158
148 159
148 160
148 163
148 164
148 428
148 437
148 442
148 456
148 458
148 464
149 359
149 369
149 420
149 421
149 422
149 424
149 430
149 437
149 440
149 446
149 447
149 451
150 151
150 357
150 369
150 372
150 418
150 421
150 440
150 446
151 446
153 164
153 272
154 197
154 218
154 454
155 452
155 466
156 157
156 158
156 159
156 167
156 196
156 254
156 399
156 400
156 412
156 452
156 462
156 464
156 467
156 497
156 515
156 529
156 530
156 584
157 159
157 167
157 188
157 197
157 454
157 464
157 465
157 467
157 498
157 515
157 529
157 534
158 159
158 164
158 199
158 253
158 254
158 323
158 327
158 428
158 442
158 455
158 456
158 459
158 462
158 463
158 464
158 467
159 160
159 162
159 167
159 253
159 428
159 442
159 455
159 456
159 458
159 459
159 462
159 464
160 162
160 163
160 428
160 458
161 432
161 458
161 491
161 578
161 592
162 205
162 253
162 428
162 459
162 462
163 575
164 442
164 464
165 332
165 445
165 530
166 167
166 172
166 196
166 470
166 471
166 497
166 515
166 584
167 196
167 197
167 459
167 462
167 467
167 515
168 230
168 232
168 291
168 475
168 586
169 249
169 472
169 477
170 207
170 231
170 240
170 243
170 245
170 247
170 256
170 258
170 265
170 269
170 270
170 476
170 509
170 511
170 567
171 523
172 196
172 220
172 237
172 251
172 285
172 286
172 471
172 478
172 497
172 583
172 584
173 174
173 479
175 177
175 429
175 480
175 482
175 484
176 206
177 179
177 429
177 480
177 482
177 484
178 183
178 206
178 208
178 214
178 215
178 242
178 255
178 256
178 258
178 259
178 262
178 263
178 266
178 267
178 268
178 269
178 270
178 278
178 281
178 295
178 296
178 343
178 344
178 508
178 509
178 541
178 566
178 571
178 572
178 573
178 576
179 482
180 423
182 211
182 231
182 241
182 265
182 512
183 242
183 255
183 259
183 260
183 262
183 266
183 269
183 270
183 281
183 296
183 481
183 541
183 566
183 571
183 573
184 288
184 289
184 487
184 506
184 586
185 284
185 586
186 292
186 365
186 426
186 427
187 244
189 211
190 449
190 457
190 459
190 490
190 491
190 510
190 600
191 435
191 494
191 514
191 517
192 198
192 211
192 213
192 224
192 229
192 231
192 238
192 240
192 241
192 243
192 244
192 246
192 265
192 511
192 551
193 201
193 212
193 213
194 200
194 201
194 202
194 280
194 408
195 196
195 254
196 400
196 412
196 462
196 497
196 580
196 584
197 218
197 233
197 464
197 467
197 474
197 515
198 200
198 202
198 211
198 214
198 231
199 280
199 459
199 462
200 201
200 202
201 202
202 219
203 215
203 219
203 255
203 258
203 259
203 266
203 267
203 269
203 270
203 278
203 281
203 295
203 296
203 298
203 299
203 306
203 315
203 589
204 309
205 289
205 506
205 535
206 207
206 208
206 209
206 210
206 214
206 255
206 256
206 259
206 265
206 268
206 269
206 270
206 508
206 509
206 512
206 513
206 541
206 573
207 216
207 259
207 273
207 507
207 509
208 209
208 210
208 214
208 215
208 231
208 242
208 245
208 255
208 256
208 258
208 259
208 262
208 263
208 264
208 265
208 266
208 267
208 268
208 269
208 270
208 273
208 500
208 508
208 509
208 512
208 513
208 541
208 542
208 552
208 566
208 567
208 571
208 572
209 210
209 224
209 231
209 265
209 271
209 493
209 500
209 509
209 512
209 513
209 527
209 540
209 542
209 552
210 265
210 512
210 513
210 542
211 231
211 241
211 244
211 246
211 265
211 511
212 222
212 223
212 224
213 230
213 234
213 471
213 545
213 547
213 581
214 215
214 255
214 256
214 259
214 263
214 266
214 267
214 268
214 269
214 270
214 273
214 276
214 278
214 344
215 242
215 255
215 258
215 259
215 262
215 263
215 266
215 267
215 268
215 269
215 270
215 278
215 281
215 295
215 296
215 299
215 566
216 217
216 273
216 524
216 527
217 234
217 525
218 464
218 515
219 272
219 278
219 281
219 295
219 306
220 223
220 230
220 232
220 237
220 238
220 283
220 285
220 286
220 287
220 289
220 291
220 332
220 529
220 582
220 583
220 584
220 586
221 302
221 305
221 320
221 322
221 323
221 324
221 326
221 328
221 329
221 330
221 331
221 332
221 333
221 334
221 335
221 388
221 389
221 417
221 530
222 223
222 224
222 239
222 245
222 532
222 533
222 548
222 553
223 224
223 239
223 397
223 526
223 531
223 533
223 534
224 234
224 238
224 239
224 240
224 241
224 243
224 245
224 246
224 531
224 532
224 533
224 542
224 551
224 555
225 397
225 533
225 534
225 546
226 253
226 506
226 535
227 514
227 535
227 536
227 537
227 548
227 587
228 262
229 232
229 238
229 240
229 245
229 246
229 248
229 274
229 549
229 553
229 581
230 232
230 283
230 475
230 498
230 545
230 581
231 241
231 244
231 256
231 265
231 493
231 511
231 512
231 513
231 522
231 542
231 551
231 552
231 555
232 237
232 238
232 248
232 283
232 286
232 291
232 475
232 478
232 498
232 581
232 583
232 584
232 586
233 234
233 280
233 471
234 520
234 545
235 455
235 529
235 583
235 584
236 238
236 286
236 547
237 238
237 285
237 286
237 287
237 291
237 529
237 533
237 583
237 584
238 240
238 246
238 248
238 286
238 291
240 241
240 243
240 244
240 245
240 246
240 247
240 256
240 265
240 273
240 551
240 553
240 554
240 567
241 243
241 244
241 265
241 551
241 555
242 255
242 258
242 259
242 262
242 263
242 266
242 267
242 268
242 269
242 270
242 299
242 300
242 438
242 461
242 508
242 539
242 541
242 552
242 564
242 566
242 571
242 572
242 573
242 574
242 577
242 589
243 244
243 245
243 246
243 247
243 256
243 265
243 273
243 542
243 551
243 553
243 554
243 555
243 567
244 265
244 551
244 555
244 556
245 246
245 256
245 263
245 265
245 273
245 509
245 511
245 532
245 542
245 549
245 551
245 553
245 554
245 567
246 256
246 265
246 273
246 549
246 553
246 556
247 265
247 556
247 560
247 567
248 475
248 478
248 556
248 558
250 252
250 558
252 263
252 268
252 270
252 508
252 566
252 567
252 579
253 254
253 462
253 535
253 563
254 455
254 463
254 464
254 526
254 563
255 256
255 258
255 259
255 260
255 261
255 262
255 263
255 266
255 267
255 268
255 269
255 270
255 278
255 281
255 295
255 296
255 541
255 566
255 571
256 258
256 259
256 263
256 265
256 266
256 268
256 269
256 270
256 273
256 276
256 513
256 567
257 260
257 296
258 259
258 262
258 263
258 265
258 266
258 269
258 270
258 281
258 295
258 296
258 299
258 315
258 567
259 261
259 263
259 265
259 266
259 268
259 269
259 270
259 278
259 281
259 295
259 296
259 493
259 508
259 509
259 512
259 513
259 573
260 261
260 266
260 281
260 296
260 299
262 263
262 264
262 266
262 267
262 268
262 269
262 270
262 281
262 299
262 300
262 508
262 539
262 541
262 566
262 570
262 574
262 576
263 264
263 265
263 266
263 267
263 268
263 269
263 270
263 281
263 295
263 508
263 541
263 566
263 567
264 267
264 268
264 572
265 268
265 269
265 270
265 273
265 493
265 509
265 511
265 512
265 513
265 542
265 552
265 553
265 554
265 567
266 267
266 268
266 269
266 270
266 278
266 281
266 295
266 296
266 299
266 315
266 508
266 566
266 572
267 268
267 269
267 270
267 278
267 281
267 300
267 461
267 508
267 541
267 566
267 571
268 269
268 270
268 276
268 278
268 295
268 500
268 508
268 512
268 513
268 541
268 552
268 570
268 573
268 574
268 576
268 577
269 270
269 278
269 281
269 295
269 296
269 299
269 508
269 566
269 567
269 572
270 273
270 276
270 278
270 281
270 295
270 296
270 508
270 509
270 512
270 513
270 566
270 567
270 576
271 542
273 507
275 575
277 576
278 279
278 281
278 295
278 296
278 299
278 306
278 512
278 577
279 299
280 457
280 459
280 491
281 295
281 296
281 299
281 512
281 571
281 577
281 589
283 286
283 287
283 580
283 583
283 584
284 582
285 286
285 287
285 328
285 332
285 529
285 582
285 583
285 584
286 287
286 332
286 529
286 582
286 583
286 584
287 332
287 529
287 583
287 584
288 289
288 582
288 585
288 586
289 291
289 487
289 506
289 582
289 585
289 586
290 365
290 426
290 587
291 583
291 586
291 587
293 294
294 297
294 366
294 368
295 296
295 298
295 299
295 306
295 315
295 512
295 513
295 577
296 299
297 368
297 588
297 592
297 596
297 598
298 299
298 300
298 306
298 402
298 453
298 594
299 300
299 577
299 589
300 461
300 565
300 566
300 577
300 592
300 594
300 597
301 303
301 304
302 317
302 322
302 335
302 388
302 389
302 530
303 304
303 307
303 317
303 319
303 320
303 336
304 305
304 308
304 317
304 319
304 320
304 335
304 336
304 389
305 308
305 317
305 319
305 320
305 321
305 323
305 324
305 326
305 328
305 329
305 333
305 334
305 335
305 388
305 389
306 309
306 315
307 315
307 319
307 336
308 309
308 312
308 319
308 320
308 389
310 311
310 314
311 317
313 316
313 318
315 319
317 319
317 320
317 321
317 335
317 336
317 388
317 389
319 320
319 336
319 391
319 425
320 321
320 323
320 324
320 326
320 333
320 334
320 335
320 336
320 388
320 389
320 391
320 392
321 388
321 389
321 391
321 392
321 398
321 530
322 323
322 324
322 325
322 328
322 332
322 335
322 388
322 389
322 456
322 529
322 530
322 580
323 324
323 326
323 327
323 328
323 329
323 330
323 331
323 332
323 333
323 334
323 335
323 388
323 389
323 417
323 445
323 456
323 530
324 326
324 328
324 329
324 330
324 331
324 333
324 334
324 335
324 388
324 389
324 417
324 445
324 447
324 530
326 328
326 329
326 330
326 331
326 333
326 334
326 335
326 389
327 329
327 331
327 332
327 417
328 329
328 330
328 331
328 332
328 333
328 334
328 335
328 388
328 530
328 583
329 330
329 331
329 332
329 333
329 334
329 335
329 388
329 389
329 417
329 445
329 530
330 331
330 332
330 333
330 334
330 335
330 530
331 333
331 334
331 335
332 335
332 388
332 389
332 455
332 529
332 530
332 582
332 583
332 584
333 334
333 335
333 388
333 389
333 530
334 335
334 388
335 388
335 389
335 432
335 530
335 600
336 388
337 338
337 340
337 342
337 343
337 344
337 346
337 347
337 409
338 365
339 341
339 344
339 348
339 446
340 342
340 343
340 347
340 407
340 409
341 344
341 346
341 348
341 349
341 353
341 359
341 418
341 441
342 343
342 344
342 346
342 347
342 349
343 344
343 346
343 347
343 349
344 346
344 347
344 348
344 349
344 353
344 409
344 410
345 352
345 358
345 360
345 361
345 362
346 347
346 348
346 349
347 348
347 349
347 375
347 409
348 353
348 359
348 409
348 410
348 413
348 418
348 440
348 446
348 450
350 357
350 418
351 359
351 363
351 369
351 412
351 414
351 420
351 421
351 441
351 444
351 447
351 450
351 451
351 599
352 358
352 360
352 361
352 362
353 354
353 359
353 372
353 413
353 418
353 421
353 440
354 355
354 356
354 357
355 356
355 382
356 357
356 382
357 418
358 360
358 361
358 362
359 369
359 372
359 413
359 414
359 418
359 420
359 421
359 424
359 440
359 446
359 450
360 361
360 362
361 362
361 363
362 363
364 370
364 428
364 430
364 434
364 437
364 442
364 448
364 456
364 458
364 599
365 368
365 380
365 426
366 368
367 374
367 377
368 370
368 592
368 593
368 596
368 598
369 372
369 421
369 440
369 446
370 372
370 374
370 403
370 420
370 421
370 422
370 428
370 429
370 430
370 437
370 458
370 596
370 598
372 418
372 420
372 421
372 422
372 440
372 446
374 376
374 377
374 403
374 422
374 423
374 429
374 430
374 462
375 414
376 377
376 378
376 381
377 378
377 381
377 403
377 405
377 483
378 381
379 599
380 381
380 448
380 588
380 592
383 487
384 394
384 495
384 521
384 562
386 398
386 410
387 595
388 389
388 530
389 530
389 580
390 394
390 395
390 396
390 397
390 401
390 408
391 392
393 394
393 395
393 397
393 436
393 473
393 489
393 498
393 501
393 515
393 520
394 408
394 436
394 492
394 493
394 494
394 495
394 496
394 501
394 502
394 503
394 519
394 521
395 397
395 399
395 400
395 401
395 489
395 497
395 498
395 515
395 520
395 534
396 398
396 407
396 408
396 411
396 492
396 496
397 399
397 400
397 401
397 489
397 498
397 515
397 520
397 526
397 529
397 531
397 533
397 534
397 546
397 583
397 584
398 411
398 416
399 401
399 515
399 530
399 533
399 534
399 584
400 401
400 497
401 497
402 453
402 461
402 490
402 510
402 571
402 594
402 595
403 404
403 405
403 406
403 422
403 423
403 424
403 429
403 430
403 462
403 482
404 406
404 422
404 423
404 424
404 429
404 430
404 451
405 406
405 422
406 407
406 422
406 423
406 424
406 430
406 451
407 408
408 436
408 492
408 496
409 410
409 411
410 411
412 417
412 444
412 447
412 452
412 497
412 580
413 414
413 418
413 450
414 421
414 450
415 416
416 417
416 497
417 442
417 447
417 452
418 420
418 421
418 440
418 441
418 446
418 450
419 595
420 421
420 422
420 424
420 429
420 430
420 434
420 440
420 441
420 444
420 447
420 450
420 451
420 458
420 598
420 599
421 422
421 424
421 429
421 430
421 431
421 433
421 440
421 446
421 450
421 451
422 423
422 424
422 429
422 430
422 431
422 440
422 446
422 451
422 458
422 599
423 424
423 429
423 430
423 459
423 462
423 506
424 429
424 430
424 451
425 449
425 453
425 466
425 468
425 488
425 490
425 578
425 594
425 597
425 600
426 427
427 456
427 466
427 588
427 596
428 430
428 437
428 442
428 456
428 458
428 459
428 462
429 430
429 431
429 458
429 459
429 462
429 484
429 491
430 431
430 459
432 444
432 456
432 458
432 466
432 600
434 444
434 451
434 458
434 599
435 461
435 492
435 494
435 500
435 512
435 513
435 517
435 573
436 492
436 496
436 501
437 442
437 446
437 456
437 458
437 595
438 537
438 594
439 547
440 441
440 446
440 450
440 599
441 444
441 450
441 599
442 452
442 456
442 458
443 487
444 447
444 450
444 451
444 458
444 599
446 450
447 451
447 580
449 453
449 458
449 466
449 468
449 490
449 578
449 594
449 595
449 596
449 600
450 451
450 599
452 497
452 515
453 490
453 510
453 594
453 595
454 463
454 464
454 467
454 514
454 515
454 516
454 526
455 464
455 465
455 529
455 583
455 584
456 458
456 466
457 459
457 490
457 491
457 510
458 462
458 491
458 578
458 596
458 598
458 599
458 600
459 462
459 491
460 474
460 501
460 503
460 519
460 521
460 523
460 524
460 525
460 527
461 468
461 488
461 500
461 517
461 539
461 541
461 564
461 565
461 566
461 570
461 571
461 573
461 574
461 576
461 577
461 594
461 597
463 464
463 465
463 515
463 516
463 520
463 526
463 563
464 467
464 515
465 467
465 514
465 526
466 468
466 490
466 600
467 515
467 520
468 488
468 490
468 517
468 574
468 575
468 594
468 597
471 475
471 545
471 584
472 485
473 474
474 502
474 503
474 504
474 523
475 478
476 485
476 509
476 567
476 569
476 570
476 571
479 562
480 482
480 483
481 566
482 483
482 484
485 507
485 509
485 567
486 562
487 586
488 539
488 541
488 566
488 568
488 571
488 574
488 594
488 597
489 495
489 498
489 502
489 511
489 520
489 521
489 533
489 545
489 547
489 549
489 581
490 510
490 514
490 595
490 600
491 599
492 494
492 496
492 501
492 514
492 516
493 495
493 496
493 500
493 502
493 503
493 509
493 511
493 512
493 513
493 519
493 521
493 527
493 531
493 532
493 540
493 542
493 544
493 551
493 552
493 553
493 554
493 555
493 573
494 496
494 499
494 500
494 512
494 517
495 501
495 502
495 503
495 511
495 519
495 521
495 542
495 544
496 501
497 515
497 580
497 584
498 515
498 520
498 545
498 581
498 584
500 509
500 512
500 513
500 517
500 519
500 532
500 539
500 540
500 541
500 542
500 552
500 569
500 570
500 571
500 572
500 573
500 576
500 577
501 503
501 521
502 503
502 504
502 511
502 519
502 521
502 532
502 533
502 542
503 519
503 521
503 523
503 525
505 517
506 535
506 585
506 586
508 541
508 566
508 570
508 571
508 572
508 573
508 574
509 512
509 513
509 527
509 541
509 542
509 554
509 567
509 569
509 571
509 573
510 594
510 595
510 600
511 513
511 519
511 521
511 522
511 527
511 542
511 553
511 555
511 560
511 581
512 513
512 517
512 519
512 521
512 540
512 541
512 542
512 543
512 552
512 569
512 571
512 573
512 577
513 519
513 521
513 532
513 540
513 541
513 542
513 552
513 554
513 567
513 569
513 570
513 572
513 573
513 577
514 537
514 565
515 520
515 526
515 534
516 518
516 521
516 543
517 518
517 528
517 541
517 570
517 571
517 573
517 577
518 538
518 540
518 543
518 557
518 568
519 521
519 527
519 531
519 542
519 543
520 521
520 533
520 545
520 547
520 581
521 525
521 527
521 531
521 542
521 543
521 544
521 555
522 555
523 525
524 527
525 527
525 543
526 531
527 542
529 530
529 533
529 583
529 584
530 534
530 535
530 583
531 532
531 533
531 534
531 555
532 533
532 540
532 542
532 548
532 549
532 551
532 552
532 553
532 554
532 555
532 567
532 569
533 534
533 549
533 553
533 581
533 583
534 583
534 584
536 537
536 548
536 587
537 565
537 600
538 557
538 568
539 540
539 541
539 552
539 565
539 566
539 570
539 571
539 573
539 574
539 597
540 541
540 542
540 544
540 549
540 552
540 553
540 560
540 566
540 568
540 569
540 570
540 571
540 572
540 573
541 552
541 554
541 564
541 566
541 569
541 570
541 571
541 572
541 573
541 574
541 576
541 577
541 594
541 597
542 543
542 544
542 549
542 551
542 552
542 553
542 554
542 555
542 559
542 560
542 567
542 569
542 573
543 544
543 557
543 560
543 568
543 569
543 571
544 545
544 549
544 553
544 557
544 560
544 561
545 547
545 557
545 581
547 581
547 584
549 553
549 561
549 581
550 587
551 554
551 555
552 553
552 554
552 571
552 572
552 573
553 554
553 560
553 567
553 570
554 555
554 567
554 569
556 557
556 560
557 560
557 561
557 568
560 567
564 571
564 589
565 592
565 594
565 597
565 600
566 567
566 568
566 570
566 571
566 572
566 573
566 574
566 576
566 594
566 597
568 571
568 589
569 570
569 571
569 572
569 573
570 571
570 573
570 574
570 576
571 573
571 574
571 576
571 577
571 589
571 594
572 573
572 577
573 574
573 576
573 577
574 576
574 577
574 594
574 597
575 597
576 577
577 589
577 594
577 597
578 594
578 596
578 600
582 583
582 584
582 586
583 584
584 586
585 586
588 596
588 598
590 592
591 593
592 593
592 596
592 597
592 598
592 600
593 596
593 598
594 596
594 597
594 600
596 598
596 600
597 600
598 599
