600 3594

1 14
1 27
1 28
1 70
1 126
1 186
1 195
1 196
1 287
1 290
1 302
1 325
1 328
1 439
1 461
1 472
1 476
1 479
1 497
1 504
2 21
2 35
2 92
2 98
2 110
2 301
2 303
2 306
3 32
3 62
3 120
3 304
3 318
3 331
3 333
4 5
4 21
4 22
4 36
4 237
4 305
4 321
4 322
4 324
4 389
5 11
5 21
5 24
5 29
5 30
5 31
5 32
5 35
5 36
5 71
5 77
5 97
5 111
5 120
5 143
5 303
5 304
5 305
5 320
5 324
5 329
5 333
5 369
5 376
5 378
5 385
5 386
5 398
5 411
5 415
5 484
6 598
7 251
8 311
9 315
10 11
10 165
11 16
11 19
11 21
11 29
11 31
11 35
11 36
11 37
11 38
11 69
11 70
11 71
11 98
11 111
11 120
11 137
11 221
11 285
11 312
11 317
11 318
11 319
11 328
11 330
11 369
11 412
11 579
12 15
12 315
13 79
14 186
15 16
16 19
16 318
17 37
17 318
17 319
18 100
19 21
19 35
19 37
19 38
19 111
19 221
19 319
20 29
20 35
20 106
20 107
20 108
20 109
20 126
20 191
20 194
20 223
20 301
20 304
20 326
20 384
20 398
20 461
20 579
21 98
21 106
21 107
21 111
21 221
21 305
21 317
21 319
21 321
21 324
21 389
21 579
22 322
23 26
23 323
24 26
24 29
24 32
24 112
24 126
24 304
24 305
24 312
24 323
24 324
24 326
24 329
24 331
24 333
24 376
24 396
24 404
24 406
25 325
25 330
25 417
25 434
26 27
26 28
26 29
26 30
26 107
26 126
26 312
26 323
26 324
27 28
27 29
27 30
27 70
27 125
27 312
27 328
27 417
27 439
28 126
28 287
28 312
28 328
28 396
28 397
28 461
28 584
29 30
29 31
29 32
29 35
29 36
29 70
29 98
29 107
29 120
29 125
29 126
29 147
29 301
29 304
29 312
29 323
29 324
29 328
29 329
29 330
29 333
29 369
29 378
29 398
29 417
29 426
29 434
29 500
29 579
30 31
30 32
30 35
30 36
30 55
30 69
30 70
30 71
30 120
30 125
30 147
30 237
30 304
30 305
30 312
30 328
30 329
30 330
30 333
30 348
30 368
30 369
30 376
30 378
30 396
30 398
30 411
30 417
30 418
30 423
30 434
30 484
30 529
30 583
31 32
31 35
31 36
31 55
31 69
31 70
31 71
31 72
31 77
31 97
31 111
31 120
31 125
31 133
31 137
31 144
31 147
31 304
31 305
31 312
31 328
31 329
31 330
31 333
31 348
31 376
31 378
31 398
31 403
31 411
31 418
31 419
31 423
31 428
31 434
31 484
31 529
31 583
32 35
32 36
32 71
32 77
32 98
32 111
32 112
32 120
32 126
32 143
32 301
32 303
32 304
32 305
32 312
32 323
32 324
32 329
32 331
32 333
32 348
32 369
32 376
32 386
32 398
32 404
32 405
32 406
32 411
32 423
32 424
32 434
32 484
32 500
33 519
34 537
35 36
35 38
35 69
35 70
35 71
35 98
35 107
35 111
35 119
35 120
35 142
35 147
35 221
35 246
35 301
35 303
35 304
35 305
35 308
35 312
35 318
35 319
35 324
35 328
35 330
35 333
35 369
35 375
35 376
35 378
35 386
35 398
35 423
35 434
35 579
36 133
36 137
36 304
36 305
36 333
36 375
36 376
36 378
36 386
36 403
36 411
36 419
36 428
36 446
36 450
36 504
37 38
37 252
37 317
37 319
37 320
37 336
38 111
38 221
38 244
38 304
38 319
38 320
38 386
39 41
39 70
39 133
39 327
40 369
42 45
42 46
42 47
42 48
42 54
42 56
42 116
42 117
42 118
42 338
42 339
42 340
42 342
42 346
42 347
42 352
42 358
42 360
42 382
43 333
44 53
44 56
44 60
44 82
44 146
44 341
44 345
44 353
44 356
44 359
44 416
44 444
44 445
44 446
44 447
45 46
45 47
45 48
45 54
45 56
45 62
45 116
45 117
45 118
45 342
45 346
45 347
45 352
45 357
45 358
45 360
45 381
46 47
46 48
46 54
46 56
46 116
46 117
46 338
46 340
46 342
46 346
46 347
46 352
46 360
47 48
47 51
47 52
47 54
47 56
47 57
47 59
47 62
47 66
47 67
47 115
47 116
47 117
47 118
47 124
47 340
47 344
47 346
47 347
47 349
47 350
47 351
47 352
47 357
47 358
47 360
47 361
47 379
47 381
48 54
48 56
48 116
48 117
48 118
48 342
48 346
48 347
48 350
48 352
48 357
48 358
48 360
49 150
49 353
49 359
49 415
49 418
49 421
49 440
49 446
50 51
50 52
50 53
50 55
50 57
50 124
50 328
50 345
50 349
51 52
51 53
51 54
51 56
51 62
51 63
51 66
51 67
51 124
51 345
51 349
51 352
52 53
52 57
52 62
52 113
52 118
52 124
52 345
52 346
52 349
52 352
52 446
53 54
53 55
53 56
53 57
53 118
53 124
53 341
53 345
53 348
53 349
53 350
53 351
53 353
53 357
53 359
54 56
54 57
54 62
54 66
54 67
54 116
54 117
54 118
54 124
54 340
54 342
54 344
54 345
54 346
54 347
54 349
54 350
54 351
54 352
54 356
54 357
54 358
54 360
54 361
54 381
54 433
55 57
55 64
55 65
55 69
55 70
55 71
55 72
55 98
55 111
55 118
55 119
55 120
55 125
55 147
55 328
55 348
55 353
55 359
55 368
55 376
55 378
55 398
55 413
55 418
55 423
55 434
55 440
56 57
56 62
56 65
56 66
56 116
56 117
56 118
56 124
56 340
56 344
56 346
56 347
56 349
56 350
56 352
56 353
56 356
56 357
56 358
56 361
56 416
56 433
57 65
57 73
57 116
57 118
57 120
57 124
57 125
57 337
57 340
57 341
57 346
57 347
57 348
57 350
57 353
57 357
57 358
57 416
58 61
58 64
58 66
58 147
58 354
59 62
59 63
59 66
59 67
59 121
59 138
59 139
59 344
59 346
59 347
59 351
59 352
59 357
59 358
59 360
59 361
60 61
60 64
60 71
60 149
60 341
60 348
60 353
60 354
60 359
60 368
60 375
60 413
60 422
60 444
61 66
61 345
61 354
61 359
62 63
62 66
62 67
62 118
62 120
62 121
62 147
62 251
62 344
62 346
62 347
62 351
62 352
62 357
62 358
62 360
62 361
62 386
63 66
63 67
64 66
64 71
64 72
64 74
64 77
64 120
64 121
64 137
64 147
64 341
64 348
64 351
64 353
64 354
64 359
64 367
64 370
64 412
64 413
64 414
64 418
64 433
64 440
65 116
65 118
65 152
65 348
65 350
65 353
65 354
65 357
65 358
65 367
65 373
65 413
65 416
65 433
66 67
66 118
66 121
66 345
66 351
66 352
66 353
66 354
66 357
66 358
66 360
66 361
66 362
66 363
66 367
66 413
66 414
66 433
67 121
67 345
67 351
67 352
67 361
67 362
67 363
68 132
68 148
68 150
68 160
69 70
69 71
69 72
69 97
69 125
69 137
69 328
69 330
69 364
69 368
69 412
69 418
69 434
70 71
70 72
70 111
70 119
70 120
70 125
70 133
70 135
70 137
70 147
70 312
70 325
70 327
70 328
70 330
70 368
70 375
70 419
70 434
70 504
71 72
71 74
71 77
71 80
71 97
71 111
71 119
71 120
71 125
71 129
71 135
71 137
71 142
71 144
71 147
71 149
71 157
71 303
71 304
71 329
71 330
71 333
71 341
71 348
71 353
71 359
71 364
71 367
71 368
71 369
71 370
71 375
71 376
71 378
71 412
71 413
71 415
71 418
71 419
71 423
71 431
71 434
71 440
71 450
71 484
71 583
71 587
72 77
72 97
72 111
72 119
72 137
72 341
72 368
72 370
72 412
72 413
72 419
72 423
72 587
73 79
73 116
73 331
73 357
73 360
73 367
73 370
73 373
73 405
74 77
74 80
74 120
74 135
74 137
74 139
74 147
74 351
74 354
74 357
74 367
74 369
74 370
74 373
74 413
74 484
75 79
75 365
75 369
76 558
77 80
77 97
77 111
77 119
77 120
77 132
77 135
77 137
77 139
77 147
77 149
77 303
77 305
77 329
77 331
77 333
77 353
77 354
77 367
77 369
77 373
77 374
77 376
77 413
77 415
77 428
77 440
77 450
77 484
77 549
78 82
80 135
80 147
80 369
80 415
80 418
80 546
81 86
81 89
82 138
82 139
83 130
83 162
83 191
84 89
84 91
85 130
86 87
86 89
86 91
86 377
86 380
87 89
88 89
89 91
89 116
89 118
89 374
89 377
89 380
89 381
90 199
91 374
92 93
92 104
92 105
92 106
92 108
92 110
92 154
92 184
92 191
92 192
92 193
92 212
92 223
92 306
92 384
92 390
92 393
92 407
92 410
92 460
92 492
93 95
93 100
93 103
93 105
93 106
93 108
93 110
93 187
93 191
93 192
93 193
93 195
93 198
93 200
93 201
93 202
93 212
93 213
93 301
93 384
93 388
93 390
93 396
93 407
93 410
93 435
93 454
93 492
93 501
93 517
94 98
95 100
95 126
95 131
95 154
95 187
95 191
95 194
95 195
95 196
95 198
95 201
95 212
95 215
95 224
95 283
95 301
95 452
95 501
95 514
95 580
95 584
95 586
96 97
96 99
96 198
97 99
97 111
97 129
97 143
97 149
97 157
97 301
97 303
97 304
97 305
97 317
97 364
97 376
97 386
97 415
97 418
97 422
97 423
97 424
97 430
97 431
97 434
97 450
97 484
98 110
98 111
98 119
98 221
98 223
98 301
98 333
98 385
98 398
98 400
98 401
98 412
98 423
98 579
99 145
99 370
99 450
100 194
100 212
100 224
100 283
100 471
100 514
100 580
101 103
101 192
101 200
102 389
102 391
103 104
103 105
103 106
103 108
103 122
103 171
103 189
103 192
103 193
103 195
103 200
103 202
103 204
103 210
103 211
103 212
103 213
103 215
103 384
103 390
103 393
103 394
103 473
103 492
103 495
103 496
103 501
103 503
103 517
104 105
104 108
104 154
104 192
104 193
104 195
104 200
104 202
104 204
104 222
104 384
104 393
104 454
104 492
104 495
104 496
105 106
105 108
105 109
105 112
105 114
105 154
105 191
105 192
105 193
105 194
105 195
105 198
105 201
105 212
105 223
105 384
105 393
105 395
105 396
105 406
105 407
105 408
105 410
105 435
105 454
105 460
105 491
106 107
106 108
106 110
106 126
106 171
106 192
106 195
106 223
106 301
106 326
106 384
106 393
106 395
106 398
107 108
107 109
107 126
107 191
107 192
107 195
107 221
107 223
107 301
107 304
107 321
107 323
107 324
107 384
107 395
107 396
107 398
107 406
107 407
107 435
108 109
108 110
108 192
108 193
108 195
108 211
108 223
108 384
108 393
108 395
109 114
109 125
109 126
109 191
109 192
109 195
109 201
109 210
109 393
109 395
109 396
109 402
109 406
109 407
109 435
109 500
110 119
110 216
110 223
110 301
110 306
110 384
110 400
110 401
110 579
111 120
111 137
111 147
111 206
111 221
111 303
111 304
111 305
111 319
111 348
111 364
111 369
111 385
111 386
111 398
111 411
111 413
111 415
111 419
111 423
111 434
111 440
112 114
112 126
112 129
112 131
112 157
112 191
112 194
112 198
112 323
112 326
112 329
112 331
112 333
112 376
112 396
112 398
112 404
112 406
112 407
112 408
112 409
112 410
112 417
112 423
112 424
112 435
112 451
112 460
112 491
113 115
114 126
114 129
114 131
114 154
114 191
114 193
114 194
114 195
114 201
114 212
114 326
114 376
114 393
114 395
114 396
114 397
114 404
114 406
114 407
114 408
114 409
114 410
114 417
114 422
114 435
114 451
114 460
114 491
115 116
115 118
115 347
116 117
116 118
116 340
116 346
116 347
116 350
116 357
116 358
116 405
116 416
117 118
118 120
118 340
118 341
118 344
118 346
118 347
118 348
118 349
118 350
118 352
118 353
118 354
118 357
118 358
118 360
118 367
118 381
118 386
118 413
119 120
119 135
119 157
119 246
119 399
119 401
119 412
119 579
119 583
120 125
120 135
120 137
120 147
120 304
120 312
120 329
120 333
120 344
120 346
120 348
120 349
120 350
120 351
120 352
120 353
120 357
120 358
120 360
120 361
120 367
120 369
120 373
120 386
120 398
120 411
120 413
120 418
120 419
120 423
120 440
120 484
121 351
121 352
121 361
121 371
121 440
122 169
122 192
122 193
122 195
122 200
122 202
122 204
122 236
122 260
122 394
122 436
122 496
123 154
123 155
123 171
123 192
123 193
123 194
123 195
123 196
123 201
123 204
123 393
124 349
124 351
124 357
124 361
124 368
124 440
125 133
125 135
125 141
125 328
125 348
125 368
125 376
125 378
125 397
125 398
125 406
125 417
125 418
125 419
125 423
125 431
125 434
125 500
126 143
126 191
126 194
126 195
126 198
126 201
126 284
126 301
126 323
126 333
126 396
126 406
126 417
126 435
126 461
126 472
126 500
126 502
126 519
126 579
126 584
127 421
128 157
128 264
128 282
128 450
129 134
129 157
129 294
129 329
129 364
129 376
129 403
129 422
129 423
129 424
129 445
129 450
129 543
130 151
130 159
130 403
131 154
131 157
131 190
131 191
131 196
131 198
131 427
132 139
132 158
132 367
132 428
132 484
133 137
133 144
133 150
133 328
133 368
133 419
133 428
134 422
135 147
135 353
135 367
135 434
136 190
137 147
137 156
137 248
137 264
137 367
137 369
137 412
137 413
137 418
137 419
137 428
137 431
137 440
137 450
137 484
137 587
138 139
138 248
139 367
139 373
140 160
141 199
141 500
141 598
142 375
142 434
143 237
143 302
143 304
143 396
143 399
143 417
143 443
143 531
143 579
144 147
144 150
144 264
144 359
144 418
144 419
145 225
146 444
147 150
147 330
147 348
147 349
147 351
147 352
147 353
147 354
147 359
147 367
147 369
147 375
147 411
147 412
147 413
147 418
147 419
147 438
147 440
147 484
149 375
149 418
149 440
150 298
150 359
150 364
150 418
150 446
150 450
150 531
153 272
153 468
153 574
153 578
154 155
154 167
154 171
154 190
154 191
154 192
154 193
154 194
154 195
154 196
154 197
154 198
154 201
154 202
154 204
154 211
154 212
154 215
154 241
154 384
154 393
154 396
154 407
154 435
154 454
154 460
154 491
154 495
154 501
155 164
155 171
155 190
155 192
155 193
155 195
155 196
155 212
155 214
155 245
155 273
155 393
155 454
155 497
156 403
156 419
156 428
156 464
157 282
157 329
157 376
157 422
157 529
158 180
158 403
158 428
158 455
158 484
159 161
159 174
162 205
162 212
162 536
163 164
163 254
164 332
166 230
167 197
168 172
169 187
169 192
169 193
169 197
169 200
169 202
169 204
169 211
169 274
169 394
169 495
169 501
169 503
169 517
170 252
170 256
170 540
170 562
171 189
171 190
171 192
171 193
171 195
171 196
171 204
171 209
171 211
171 212
171 213
171 214
171 215
171 216
171 223
171 276
171 384
171 390
171 393
171 394
171 454
171 460
171 474
171 493
171 495
171 496
171 501
171 514
171 515
171 517
172 186
173 568
175 480
176 179
176 231
176 485
176 487
176 511
177 588
178 183
178 295
178 538
178 540
178 541
178 566
178 567
180 437
181 567
182 577
183 255
183 269
183 277
183 279
183 457
185 441
186 288
186 290
186 325
186 328
186 432
187 189
187 192
187 193
187 197
187 200
187 202
187 209
187 211
187 212
187 213
187 216
187 289
187 292
187 492
187 493
187 495
187 501
187 517
187 527
188 197
188 200
188 211
188 228
188 229
188 231
188 262
188 274
188 278
188 281
188 295
188 296
188 311
188 485
188 507
188 516
189 192
189 197
189 200
189 202
189 204
189 209
189 211
189 212
189 213
189 215
189 216
189 234
189 276
189 283
189 384
189 388
189 394
189 473
189 489
189 493
189 495
189 496
189 501
189 503
189 513
189 514
189 517
189 527
189 580
190 193
190 196
190 210
190 212
190 490
191 192
191 193
191 194
191 195
191 196
191 198
191 201
191 210
191 212
191 326
191 384
191 390
191 393
191 395
191 396
191 402
191 406
191 407
191 408
191 410
191 435
191 454
191 460
191 467
191 491
191 492
192 193
192 195
192 196
192 197
192 200
192 201
192 202
192 203
192 204
192 209
192 210
192 211
192 212
192 213
192 215
192 216
192 274
192 384
192 388
192 390
192 393
192 394
192 396
192 435
192 454
192 460
192 473
192 474
192 489
192 492
192 493
192 495
192 496
192 501
192 503
192 515
192 517
193 194
193 195
193 196
193 197
193 200
193 201
193 202
193 204
193 211
193 212
193 213
193 214
193 215
193 384
193 390
193 393
193 394
193 396
193 407
193 408
193 410
193 435
193 454
193 456
193 460
193 461
193 467
193 473
193 474
193 489
193 492
193 494
193 495
193 496
193 501
193 503
193 514
193 517
194 195
194 196
194 201
194 212
194 384
194 393
194 394
194 396
194 404
194 406
194 407
194 408
194 410
194 435
194 460
194 461
194 496
194 514
194 517
195 196
195 197
195 200
195 201
195 202
195 203
195 204
195 212
195 213
195 215
195 384
195 388
195 393
195 394
195 396
195 406
195 410
195 417
195 435
195 454
195 460
195 461
195 467
195 472
195 477
195 495
195 496
195 497
195 501
195 502
195 503
195 517
195 584
196 201
196 202
196 212
196 213
196 224
196 233
196 384
196 390
196 393
196 394
196 396
196 435
196 454
196 460
196 461
196 467
196 492
196 496
196 497
196 501
196 503
196 514
197 200
197 202
197 204
197 209
197 211
197 212
197 213
197 215
197 216
197 234
197 274
197 280
197 394
197 489
197 493
197 495
197 496
197 501
197 503
197 515
197 517
197 527
198 404
198 460
199 259
199 296
199 297
199 299
200 201
200 202
200 203
200 204
200 205
200 211
200 212
200 213
200 215
200 262
200 274
200 278
200 384
200 388
200 393
200 394
200 454
200 473
200 489
200 493
200 495
200 496
200 501
200 503
200 517
201 202
201 203
201 204
201 212
201 215
201 384
201 393
201 394
201 396
201 454
201 503
201 519
202 204
202 211
202 212
202 213
202 215
202 216
202 274
202 384
202 388
202 394
202 454
202 489
202 492
202 493
202 494
202 495
202 496
202 498
202 501
202 503
202 514
202 517
202 527
203 204
203 215
203 394
203 473
203 479
203 496
203 497
203 502
203 503
203 519
203 529
203 584
204 211
204 212
204 213
204 215
204 274
204 384
204 393
204 394
204 489
204 495
204 496
204 501
204 503
204 515
204 517
205 473
205 536
206 587
207 211
207 493
207 495
207 511
208 265
208 267
209 211
209 212
209 213
209 214
209 216
209 224
209 231
209 234
209 274
209 276
209 471
209 493
209 501
209 513
210 212
210 390
210 402
210 407
210 410
210 460
210 492
211 212
211 213
211 214
211 215
211 216
211 231
211 234
211 274
211 276
211 384
211 388
211 394
211 489
211 493
211 495
211 501
211 503
211 515
211 517
211 518
211 527
211 528
212 213
212 214
212 215
212 216
212 224
212 276
212 384
212 390
212 393
212 394
212 396
212 410
212 454
212 460
212 474
212 491
212 492
212 493
212 494
212 495
212 496
212 501
212 503
212 514
212 517
213 215
213 216
213 224
213 231
213 234
213 240
213 276
213 384
213 388
213 394
213 454
213 489
213 492
213 493
213 495
213 496
213 501
213 503
213 517
214 216
214 515
215 219
215 274
215 394
215 503
215 515
215 519
216 231
216 276
216 384
216 485
216 489
216 493
216 501
216 513
216 514
216 517
216 527
217 232
217 265
218 230
219 274
220 529
221 244
221 305
221 319
221 320
221 321
221 324
221 364
221 395
221 398
221 423
223 237
223 301
223 384
223 396
223 398
223 400
223 401
223 451
223 524
223 579
224 245
224 276
224 283
224 390
224 454
224 460
224 471
224 496
224 501
224 514
224 580
225 253
226 236
227 536
227 537
228 229
228 262
228 263
228 567
229 230
229 231
229 256
229 265
229 270
229 271
230 231
230 234
230 283
230 316
230 511
231 265
231 271
231 273
231 274
231 276
231 485
231 507
232 247
234 276
234 489
234 501
234 580
235 323
237 286
237 287
237 290
237 328
237 330
237 396
237 399
237 400
237 401
237 533
237 579
237 583
237 584
238 240
238 249
239 243
239 248
242 250
242 552
245 396
245 400
245 407
245 410
245 454
245 460
245 490
246 330
246 368
246 399
246 412
246 418
246 545
246 583
247 248
247 250
247 252
247 256
247 556
248 250
248 367
248 478
248 587
250 252
250 268
250 556
250 558
251 526
252 256
252 268
252 269
255 457
256 269
256 567
257 539
257 566
257 576
257 577
257 592
257 596
257 597
258 597
261 296
261 457
261 574
261 578
261 592
261 597
262 274
262 278
262 296
262 503
264 419
264 450
264 510
265 267
266 271
268 269
268 560
268 570
269 271
269 279
269 295
269 457
270 550
271 295
271 311
272 466
274 278
274 281
274 503
274 516
274 517
275 544
276 384
276 489
276 493
276 501
276 513
276 518
278 281
278 493
278 498
278 503
278 516
278 522
278 527
278 539
278 576
279 281
279 457
280 503
280 527
281 295
281 296
281 457
281 499
283 452
283 511
283 580
284 579
285 327
285 328
285 330
285 579
285 583
286 287
286 388
286 584
287 312
287 328
287 330
287 461
287 579
287 584
288 372
288 432
289 501
290 439
290 584
291 325
292 498
293 337
295 296
295 297
295 311
295 480
296 297
300 307
300 600
301 303
301 304
301 312
301 396
301 398
301 401
301 579
302 325
302 439
302 479
302 531
302 579
302 584
303 304
303 305
303 367
303 370
303 386
303 411
304 305
304 308
304 312
304 324
304 329
304 333
304 369
304 375
304 376
304 378
304 386
304 398
304 405
304 411
304 417
304 430
304 434
305 308
305 320
305 324
305 329
305 369
305 376
305 378
305 386
305 411
305 415
308 312
308 324
308 328
308 333
308 395
308 396
308 398
308 423
309 458
310 484
311 507
311 565
311 597
312 324
312 327
312 328
312 330
312 333
312 368
312 579
313 314
314 518
317 319
317 320
317 336
317 385
318 319
319 320
319 336
319 386
320 324
320 336
320 386
320 392
320 411
321 389
321 391
321 395
323 324
323 326
323 333
323 404
324 326
324 329
324 333
324 376
324 378
324 396
324 398
324 404
324 406
325 327
325 328
325 330
325 439
325 476
325 504
325 531
326 396
326 404
326 410
326 477
327 328
327 330
328 330
328 368
328 417
328 504
328 579
329 331
329 333
329 376
329 378
329 396
329 398
329 403
329 405
329 406
329 411
329 423
329 424
329 484
329 500
329 529
329 549
330 368
330 439
330 559
330 579
330 583
331 333
331 405
332 377
332 405
332 406
332 417
332 497
333 376
333 378
333 398
333 403
333 404
333 405
333 406
333 411
333 423
333 424
333 434
333 451
333 500
333 529
334 392
335 359
336 392
337 340
337 344
337 347
337 358
337 405
337 416
338 339
338 340
338 342
338 346
338 347
338 360
339 342
339 343
339 347
339 382
339 441
340 342
340 343
340 344
340 346
340 347
340 350
340 352
340 357
340 358
340 360
340 405
340 416
341 345
341 346
341 348
341 349
341 351
341 353
341 354
341 358
341 359
341 367
341 368
341 370
341 386
341 413
341 419
341 440
341 444
341 445
342 343
342 346
342 347
342 352
342 360
343 346
343 347
344 346
344 347
344 348
344 349
344 350
344 352
344 357
344 358
344 360
344 361
345 349
345 352
345 358
345 363
346 347
346 349
346 350
346 351
346 352
346 357
346 358
346 360
346 361
347 350
347 352
347 357
347 358
347 360
347 361
347 373
347 386
347 433
348 350
348 353
348 354
348 357
348 358
348 359
348 367
348 368
348 370
348 373
348 376
348 385
348 386
348 398
348 405
348 411
348 413
348 414
348 416
348 418
348 423
348 424
348 431
348 433
348 434
348 440
348 442
348 444
349 351
349 352
349 353
349 366
349 368
349 418
349 440
350 351
350 352
350 353
350 357
350 358
350 360
350 413
350 416
351 352
351 353
351 354
351 357
351 358
351 360
351 361
351 367
351 440
352 357
352 358
352 360
352 361
352 381
352 386
353 354
353 356
353 357
353 359
353 367
353 368
353 413
353 418
353 440
353 444
354 356
354 359
354 363
354 367
354 373
354 413
354 414
354 433
354 440
355 438
356 357
357 358
357 360
357 361
357 367
357 413
357 416
357 433
358 360
358 361
358 362
358 367
358 386
358 413
358 414
358 433
359 367
359 375
359 413
359 414
359 418
359 440
359 444
359 446
360 361
361 362
361 380
361 386
361 413
361 414
362 363
363 413
364 375
364 376
364 403
364 422
364 423
364 428
364 430
364 431
364 434
364 450
364 451
364 459
365 370
365 376
365 429
367 369
367 370
367 373
367 386
367 413
367 414
367 431
367 433
367 440
367 484
368 412
368 418
368 434
368 440
368 443
369 376
369 386
369 413
369 440
369 484
370 373
370 413
370 416
370 440
371 373
373 413
373 433
374 380
375 376
375 378
375 403
375 434
375 446
376 378
376 386
376 396
376 398
376 403
376 406
376 411
376 417
376 418
376 422
376 423
376 424
376 430
376 431
376 434
376 442
376 446
376 450
377 405
378 403
378 406
378 415
378 417
378 434
378 497
378 500
378 504
378 529
380 381
383 384
383 492
383 494
383 501
383 514
384 388
384 390
384 391
384 393
384 394
384 395
384 396
384 400
384 401
384 402
384 408
384 410
384 435
384 454
384 461
384 474
384 489
384 492
384 493
384 494
384 495
384 496
384 501
384 503
384 509
384 514
384 515
384 517
384 584
385 395
385 398
385 406
385 411
385 413
385 423
385 424
386 411
386 413
386 414
386 415
386 419
386 431
386 440
386 484
387 498
388 389
388 390
388 391
388 394
388 396
388 454
388 489
388 493
388 496
388 501
388 503
388 517
388 580
388 584
389 391
389 511
389 579
390 393
390 394
390 396
390 400
390 402
390 408
390 410
390 435
390 454
390 467
390 474
390 489
390 492
390 493
390 494
390 495
390 496
390 501
390 503
390 509
390 513
390 514
390 517
391 394
391 395
391 400
391 489
391 495
393 394
393 395
393 396
393 397
393 400
393 402
393 407
393 408
393 410
393 435
393 454
393 460
393 461
393 467
393 474
393 489
393 492
393 494
393 495
393 496
393 501
393 517
394 396
394 408
394 410
394 435
394 454
394 474
394 489
394 492
394 493
394 494
394 495
394 496
394 501
394 503
394 509
394 513
394 514
394 515
394 517
394 519
394 527
394 584
395 396
395 397
395 398
395 400
395 401
395 406
395 407
395 408
395 410
395 417
395 423
395 435
396 397
396 398
396 404
396 406
396 407
396 408
396 410
396 417
396 423
396 435
396 454
396 460
396 461
396 467
396 490
396 492
396 496
396 497
396 584
397 406
397 408
397 417
397 435
397 454
397 467
397 530
397 533
398 406
398 407
398 409
398 410
398 411
398 413
398 417
398 423
398 424
398 451
399 401
399 412
399 439
399 443
399 467
399 531
399 532
399 533
399 534
399 579
399 583
400 401
400 412
400 509
401 412
401 579
401 583
402 435
402 454
402 492
402 494
402 501
403 405
403 419
403 422
403 423
403 428
404 405
404 406
404 409
404 410
404 423
404 424
404 451
405 406
405 407
405 416
405 417
405 500
406 407
406 409
406 410
406 417
406 423
406 424
406 434
406 435
406 451
406 500
407 408
407 409
407 410
407 435
407 454
407 460
407 491
408 410
408 435
408 454
408 460
408 467
408 474
408 492
408 494
408 495
408 496
408 497
408 501
408 517
409 410
410 435
410 454
410 460
410 491
410 492
410 494
410 496
410 501
411 413
411 414
411 442
411 484
412 418
412 583
413 414
413 418
413 423
413 424
413 433
413 440
415 434
415 440
415 446
416 444
417 434
417 435
417 446
417 467
417 497
417 504
417 534
418 419
418 431
418 440
418 446
418 450
419 428
419 431
419 440
419 450
419 484
419 545
420 429
421 450
422 423
422 424
422 430
422 450
422 599
423 424
423 434
423 451
424 434
424 451
425 596
428 450
428 484
428 587
430 434
431 434
431 440
431 450
435 454
435 460
435 461
435 467
435 474
435 492
435 494
435 496
435 497
435 500
435 501
437 462
439 443
439 531
439 534
439 555
439 600
440 450
443 504
443 531
443 534
444 535
445 446
445 543
448 449
448 545
450 484
452 493
452 498
452 506
452 520
452 521
452 527
452 532
452 580
453 525
453 543
453 561
454 460
454 467
454 474
454 489
454 492
454 494
454 495
454 496
454 497
454 498
454 501
454 514
454 517
454 533
456 496
457 577
457 578
457 592
458 575
460 474
460 491
460 492
460 494
460 501
460 514
461 514
463 563
465 515
467 492
467 494
467 496
467 497
467 498
467 520
467 532
467 533
468 505
468 518
468 523
468 569
469 487
470 474
472 476
472 477
473 474
473 496
473 498
473 501
473 503
474 489
474 492
474 493
474 494
474 495
474 496
474 501
474 503
474 513
474 514
474 515
474 517
475 478
476 509
476 531
477 503
479 502
479 503
479 508
479 527
479 584
480 554
481 585
482 483
482 486
483 528
484 549
484 582
484 585
485 513
488 538
488 596
489 492
489 493
489 495
489 496
489 501
489 503
489 509
489 511
489 513
489 514
489 515
489 517
489 519
489 520
489 527
489 580
490 491
490 524
492 493
492 494
492 495
492 496
492 501
492 509
492 513
492 514
492 517
492 520
493 494
493 495
493 496
493 501
493 503
493 509
493 511
493 513
493 514
493 515
493 517
493 518
493 519
493 520
493 522
493 527
493 528
494 495
494 496
494 498
494 501
494 513
494 514
494 517
495 496
495 501
495 503
495 517
496 498
496 501
496 503
496 509
496 513
496 514
496 515
496 517
496 519
496 527
496 584
498 501
498 503
498 514
498 517
498 520
498 527
498 532
500 588
501 503
501 509
501 513
501 514
501 517
501 527
501 580
502 503
502 504
502 584
503 513
503 514
503 515
503 517
503 519
503 522
503 527
503 584
504 531
505 516
505 539
505 569
505 572
505 578
505 589
505 592
505 597
508 512
508 541
508 542
509 513
509 517
509 518
509 527
510 544
510 600
511 513
511 527
511 542
511 580
511 581
512 513
512 520
512 541
512 542
512 544
512 555
512 573
512 577
512 589
512 600
513 514
513 517
513 520
513 522
513 527
513 569
514 517
514 522
514 527
515 517
515 518
515 523
515 527
516 522
516 527
516 528
516 539
516 541
516 565
516 572
516 576
516 577
516 597
517 522
517 527
517 584
518 523
518 528
518 542
518 565
518 569
519 527
520 521
520 527
520 532
520 553
521 525
521 532
521 581
522 527
522 528
522 565
522 576
527 528
528 542
528 553
528 565
529 549
529 583
531 534
531 555
531 579
531 600
532 533
532 534
532 586
536 537
538 596
539 566
539 572
539 573
539 576
539 577
539 590
539 592
539 595
539 597
540 541
540 542
540 562
540 581
540 600
541 542
541 544
541 555
541 560
541 562
541 565
541 570
541 572
541 573
541 574
541 575
541 577
541 589
542 557
542 562
542 565
542 569
542 573
542 581
547 551
547 584
548 550
549 583
555 600
556 563
560 562
560 570
560 571
562 567
562 571
564 590
565 569
565 572
565 574
565 576
565 577
565 578
565 592
566 577
566 596
566 597
568 588
569 572
569 573
569 594
570 572
570 573
571 572
571 574
571 577
571 578
571 592
572 573
572 574
572 576
572 577
572 578
572 592
572 594
572 597
573 574
573 576
573 577
574 576
574 577
574 578
574 592
576 577
576 592
576 595
576 597
577 578
577 589
577 592
577 595
577 597
578 592
579 583
579 584
580 584
589 596
591 597
592 593
592 596
592 597
593 597
595 597
596 597
