600 3595

1 291
1 583
1 586
2 3
2 5
2 11
2 93
2 94
2 97
2 98
2 301
2 303
2 327
2 332
2 352
2 385
2 386
2 579
2 584
3 5
3 6
3 7
3 8
3 11
3 12
3 16
3 19
3 53
3 56
3 60
3 66
3 67
3 93
3 94
3 302
3 303
3 304
3 311
3 317
3 321
3 325
3 344
3 346
3 352
3 353
3 359
3 363
3 389
3 414
3 487
4 5
4 20
4 22
4 56
4 60
4 94
4 98
4 302
4 304
4 305
4 317
4 320
4 321
4 322
4 323
4 324
4 325
4 385
4 389
4 487
4 586
5 6
5 11
5 12
5 18
5 20
5 42
5 45
5 47
5 53
5 56
5 59
5 60
5 66
5 67
5 94
5 98
5 302
5 303
5 304
5 305
5 317
5 320
5 321
5 322
5 323
5 324
5 325
5 327
5 332
5 346
5 353
5 359
5 362
5 363
5 385
5 414
5 447
5 487
5 583
5 584
5 586
6 8
6 12
6 16
6 19
6 66
6 67
6 311
6 317
6 320
6 389
7 10
7 16
7 19
7 304
8 11
8 12
8 18
8 66
8 67
8 93
8 94
8 311
8 385
8 487
9 13
9 15
9 175
9 177
9 180
9 314
9 316
10 308
11 12
11 18
11 60
11 66
11 67
11 94
11 97
11 98
11 311
11 323
11 327
11 332
11 385
11 386
11 487
11 579
11 580
12 16
12 19
12 60
12 93
12 94
12 302
12 303
12 304
12 311
12 317
12 321
12 322
12 325
12 385
12 389
12 390
13 15
13 175
13 316
14 17
14 19
14 27
14 29
14 312
14 318
14 319
14 326
14 329
15 218
15 314
15 316
16 19
16 304
16 315
16 317
16 319
16 388
16 389
17 19
17 27
17 29
17 312
17 318
17 319
17 329
17 331
17 355
18 60
18 98
18 302
18 320
18 324
18 389
18 487
19 50
19 235
19 304
19 317
19 319
19 320
19 321
19 329
19 388
19 389
19 414
20 22
20 24
20 41
20 42
20 45
20 98
20 321
20 389
21 52
21 100
21 101
21 124
21 221
21 223
21 321
21 389
21 390
21 395
21 401
22 23
22 25
22 98
22 287
22 322
23 25
23 28
23 31
23 33
23 36
23 37
23 38
24 42
24 305
24 324
24 332
25 28
25 97
25 98
25 328
25 332
25 335
25 386
26 28
27 29
27 30
27 32
27 142
27 312
27 319
27 320
27 329
27 331
27 355
27 443
28 33
28 37
28 38
28 287
29 30
29 312
29 318
29 319
29 326
29 329
30 32
30 312
31 330
32 35
32 320
32 331
32 333
33 35
33 36
33 37
33 38
33 286
33 287
34 335
35 36
35 37
35 38
35 333
35 334
36 37
36 38
36 287
36 335
37 38
37 221
37 287
38 221
38 287
38 335
38 336
39 51
39 71
39 75
39 76
39 82
39 83
39 88
39 89
39 97
39 113
39 115
39 117
39 129
39 130
39 258
39 297
39 298
39 301
39 337
39 338
39 345
39 347
39 351
39 364
39 365
39 371
39 372
39 376
39 377
39 378
39 380
39 381
39 386
39 405
39 406
39 422
39 502
39 538
39 579
39 584
39 588
39 592
39 593
39 594
39 596
39 598
39 599
40 44
40 51
40 72
40 354
40 362
40 369
40 447
41 45
41 54
41 59
41 60
41 67
41 89
41 325
41 347
41 351
41 363
42 45
42 47
42 56
42 60
42 66
42 116
42 117
42 302
42 305
42 322
42 324
42 325
42 327
42 340
43 147
43 445
44 51
44 71
44 72
44 74
44 75
44 78
44 89
44 129
44 149
44 201
44 341
44 345
44 351
44 369
44 372
44 447
44 595
45 46
45 47
45 54
45 60
45 66
45 67
45 99
45 116
45 310
45 345
45 351
46 47
46 116
46 117
46 258
47 53
47 54
47 56
47 60
47 66
47 74
47 97
47 98
47 99
47 116
47 117
47 118
47 305
47 324
47 344
47 345
47 351
48 54
49 151
49 448
50 53
50 54
50 58
50 59
50 60
50 61
50 64
50 67
50 142
50 329
50 354
50 355
50 359
50 414
50 445
51 54
51 59
51 60
51 61
51 62
51 66
51 67
51 71
51 72
51 74
51 75
51 77
51 89
51 91
51 96
51 97
51 113
51 115
51 129
51 298
51 300
51 338
51 341
51 342
51 343
51 345
51 346
51 347
51 349
51 351
51 352
51 353
51 354
51 358
51 362
51 363
51 367
51 369
51 371
51 372
51 377
51 382
51 386
51 447
51 538
51 579
51 594
51 595
51 598
51 599
52 57
52 65
52 119
52 120
52 121
52 122
52 124
52 125
52 223
52 225
52 350
52 357
52 395
52 401
52 413
52 416
52 417
52 418
52 437
52 446
52 448
52 534
53 55
53 60
53 64
53 116
53 344
53 414
54 56
54 59
54 60
54 61
54 64
54 66
54 67
54 91
54 302
54 305
54 317
54 344
54 345
54 346
54 349
54 351
54 353
54 354
54 359
54 362
54 363
54 414
54 447
55 62
55 64
55 114
55 116
55 118
55 348
56 59
56 60
56 66
56 67
56 302
56 303
56 304
56 305
56 317
56 321
56 322
56 324
56 349
56 351
56 353
56 359
56 362
56 363
56 414
56 447
56 583
57 65
57 123
57 124
57 125
57 147
57 350
57 357
57 416
57 417
57 418
57 446
57 448
58 61
58 64
58 121
58 145
58 329
59 60
59 61
59 62
59 63
59 64
59 66
59 67
59 74
59 96
59 97
59 98
59 99
59 327
59 328
59 332
59 345
59 351
59 352
59 353
59 354
59 358
59 359
59 361
59 362
59 363
59 386
59 387
59 414
59 579
59 584
59 595
60 61
60 62
60 64
60 66
60 67
60 72
60 74
60 77
60 97
60 98
60 116
60 142
60 302
60 303
60 304
60 305
60 317
60 320
60 322
60 323
60 324
60 325
60 327
60 328
60 332
60 344
60 345
60 346
60 349
60 351
60 352
60 353
60 354
60 358
60 359
60 362
60 363
60 369
60 385
60 386
60 414
60 447
60 487
60 579
60 583
60 584
61 64
61 67
61 91
61 142
61 349
61 353
61 354
61 355
61 358
61 359
61 362
61 363
61 382
62 64
62 66
62 67
62 96
62 97
62 344
62 345
62 348
62 351
62 352
63 89
63 96
63 129
63 595
64 66
64 67
64 121
64 147
64 348
64 353
64 354
64 358
64 359
64 363
64 413
64 414
65 150
65 356
65 357
65 358
65 448
65 580
66 67
66 74
66 97
66 98
66 116
66 302
66 327
66 332
66 344
66 345
66 346
66 349
66 351
66 352
66 353
66 359
66 362
66 363
66 414
66 447
66 487
67 74
67 89
67 97
67 98
67 303
67 327
67 332
67 345
67 346
67 349
67 351
67 352
67 353
67 354
67 358
67 359
67 362
67 363
67 385
67 386
67 414
67 447
67 584
68 70
68 75
68 76
68 78
68 82
68 127
68 129
68 337
68 364
68 365
68 371
68 373
68 375
68 376
68 403
68 404
68 405
68 406
68 422
68 423
68 424
68 434
68 588
69 70
69 71
69 76
69 77
69 82
69 83
69 337
69 338
69 364
69 365
69 366
69 367
69 370
69 371
69 372
69 373
69 374
69 375
69 376
69 377
69 378
69 381
69 403
69 405
69 420
69 421
69 422
69 434
69 502
69 538
69 539
69 540
69 541
69 542
69 581
69 591
69 592
69 593
69 594
69 596
69 599
69 600
70 71
70 72
70 73
70 74
70 75
70 76
70 77
70 78
70 82
70 96
70 128
70 129
70 131
70 298
70 300
70 338
70 364
70 365
70 367
70 368
70 369
70 370
70 371
70 372
70 373
70 375
70 376
70 377
70 378
70 403
70 405
70 421
70 422
70 423
70 450
70 538
70 539
70 588
70 591
70 593
70 594
70 595
70 596
70 598
70 599
70 600
71 72
71 73
71 74
71 75
71 76
71 77
71 78
71 82
71 83
71 97
71 112
71 113
71 129
71 297
71 298
71 300
71 337
71 338
71 351
71 364
71 365
71 367
71 368
71 369
71 370
71 371
71 372
71 373
71 375
71 376
71 377
71 378
71 381
71 386
71 387
71 403
71 405
71 407
71 420
71 421
71 422
71 423
71 450
71 538
71 539
71 540
71 542
71 581
71 588
71 593
71 594
71 595
71 596
71 598
71 599
71 600
72 74
72 75
72 76
72 77
72 78
72 129
72 300
72 343
72 347
72 351
72 353
72 364
72 365
72 367
72 368
72 369
72 371
72 372
72 375
72 405
72 447
72 450
72 451
72 491
72 539
72 595
72 599
72 600
73 75
73 79
73 83
73 88
73 113
73 129
73 130
73 337
73 338
73 364
73 365
73 367
73 370
73 371
73 373
73 376
73 377
73 378
73 380
73 381
73 403
73 405
73 422
73 598
74 76
74 77
74 78
74 82
74 98
74 129
74 298
74 300
74 327
74 338
74 342
74 345
74 346
74 347
74 351
74 353
74 363
74 367
74 368
74 369
74 371
74 372
74 450
74 539
74 599
75 76
75 77
75 78
75 79
75 82
75 83
75 86
75 88
75 89
75 113
75 115
75 129
75 130
75 285
75 297
75 298
75 301
75 337
75 338
75 345
75 351
75 364
75 365
75 367
75 370
75 371
75 372
75 373
75 375
75 376
75 377
75 378
75 380
75 381
75 403
75 405
75 406
75 421
75 422
75 423
75 434
75 538
75 588
75 592
75 593
75 594
75 596
75 598
75 599
75 600
76 77
76 78
76 82
76 117
76 127
76 129
76 297
76 298
76 300
76 337
76 338
76 364
76 365
76 367
76 369
76 370
76 371
76 372
76 373
76 375
76 376
76 377
76 378
76 387
76 403
76 405
76 406
76 407
76 420
76 421
76 422
76 423
76 450
76 491
76 502
76 539
76 588
76 594
76 596
76 597
76 598
76 599
76 600
77 78
77 79
77 82
77 113
77 115
77 127
77 129
77 298
77 300
77 337
77 338
77 342
77 345
77 346
77 347
77 351
77 352
77 353
77 364
77 365
77 367
77 368
77 369
77 370
77 371
77 372
77 373
77 375
77 376
77 377
77 378
77 403
77 405
77 420
77 421
77 422
77 423
77 450
77 538
77 539
77 588
77 591
77 592
77 594
77 596
77 598
77 599
77 600
78 82
78 127
78 129
78 201
78 300
78 364
78 365
78 369
78 371
78 372
78 373
78 375
78 376
78 421
78 422
78 423
78 539
78 588
78 596
78 600
79 82
79 83
79 88
79 89
79 113
79 129
79 130
79 338
79 367
79 371
79 376
79 377
79 380
79 381
79 403
79 405
79 423
80 454
81 83
81 85
81 130
81 182
81 183
81 255
81 277
81 341
81 374
81 380
81 434
82 83
82 86
82 89
82 113
82 115
82 117
82 118
82 127
82 129
82 298
82 300
82 337
82 338
82 364
82 365
82 367
82 370
82 371
82 372
82 373
82 375
82 376
82 377
82 378
82 381
82 403
82 405
82 406
82 420
82 421
82 422
82 423
82 434
82 450
82 502
82 538
82 539
82 588
82 592
82 593
82 594
82 596
82 598
82 599
82 600
83 88
83 89
83 113
83 129
83 130
83 337
83 338
83 364
83 365
83 367
83 370
83 371
83 372
83 373
83 374
83 375
83 376
83 377
83 378
83 380
83 381
83 403
83 405
83 421
83 422
83 434
83 557
83 592
83 593
83 594
83 596
83 598
84 288
84 375
85 88
85 380
86 87
86 88
86 112
86 129
86 130
86 131
86 423
87 131
87 403
87 419
87 434
88 89
88 97
88 112
88 113
88 115
88 117
88 118
88 129
88 130
88 301
88 337
88 338
88 376
88 377
88 378
88 380
88 381
88 403
88 405
88 406
88 593
88 594
88 596
88 598
89 97
89 113
89 129
89 130
89 285
89 337
89 338
89 341
89 345
89 347
89 351
89 372
89 377
89 380
89 381
89 382
89 386
89 405
89 422
89 447
89 502
89 579
89 592
89 596
89 598
89 599
90 452
90 453
90 454
90 527
91 345
91 382
91 487
91 585
91 586
92 301
93 94
93 95
93 303
94 98
94 302
94 311
94 322
94 385
94 390
94 398
94 487
96 97
96 99
96 128
96 129
96 131
96 295
96 298
96 300
96 351
96 367
96 386
96 387
96 402
96 450
96 451
96 539
96 580
96 588
96 594
96 595
96 596
96 598
96 600
97 98
97 99
97 112
97 113
97 116
97 117
97 118
97 129
97 258
97 297
97 298
97 299
97 300
97 301
97 323
97 327
97 332
97 345
97 351
97 352
97 365
97 367
97 370
97 386
97 387
97 403
97 405
97 450
97 538
97 539
97 579
97 580
97 581
97 584
97 588
97 593
97 594
97 595
97 596
97 598
97 599
97 600
98 302
98 305
98 320
98 322
98 323
98 327
98 328
98 332
98 333
98 385
98 386
98 387
98 487
98 579
98 580
98 584
98 599
99 112
99 116
99 258
99 262
99 294
99 297
99 298
99 299
99 300
99 327
99 351
99 352
99 386
99 387
99 505
99 538
99 539
99 584
99 588
99 593
99 594
99 596
99 598
100 101
100 221
101 119
101 223
101 224
101 225
101 534
102 189
102 283
103 104
103 105
104 105
104 189
104 192
104 193
104 212
104 496
105 107
105 192
105 193
105 212
105 224
105 495
106 189
107 108
107 109
107 111
107 119
107 143
107 192
107 193
107 223
107 224
107 225
107 245
107 396
107 413
107 417
107 534
108 192
109 191
109 192
109 193
109 194
109 212
109 393
109 396
109 408
109 410
109 495
110 448
111 417
112 113
112 114
112 116
112 117
112 118
112 129
112 131
112 298
112 301
112 367
112 387
112 402
112 403
112 405
112 406
112 407
112 422
112 423
112 539
112 579
112 588
112 594
112 598
113 115
113 129
113 130
113 298
113 337
113 338
113 365
113 367
113 371
113 376
113 377
113 378
113 380
113 381
113 403
113 405
113 422
113 592
113 593
113 594
113 596
113 598
114 115
114 116
114 117
114 118
114 129
114 131
114 191
114 340
114 403
114 406
114 407
114 410
114 423
115 116
115 117
115 118
115 129
115 337
115 340
115 345
115 367
115 371
115 372
115 375
115 376
115 377
115 378
115 403
115 405
115 421
115 596
115 598
116 117
116 118
116 340
116 344
117 118
117 129
117 294
117 301
117 332
117 337
117 340
117 386
117 387
117 403
117 405
117 406
117 407
117 579
117 588
117 598
117 599
118 129
118 131
118 191
118 301
118 376
118 387
118 403
118 404
118 405
118 406
118 407
118 423
118 579
118 588
118 598
119 120
119 121
119 145
119 147
119 223
119 224
119 225
119 245
119 397
119 399
119 401
119 412
119 413
119 417
119 418
119 534
120 121
120 145
120 223
120 224
120 225
120 395
120 398
120 401
120 413
120 534
121 145
121 147
121 401
121 412
121 413
121 448
121 534
122 125
122 418
123 125
124 125
124 417
125 190
125 417
125 418
126 183
126 257
127 128
127 129
127 178
127 367
127 369
127 372
127 373
127 421
127 423
127 450
127 504
128 131
128 208
128 264
128 300
128 423
128 450
128 451
128 595
128 600
129 130
129 131
129 298
129 300
129 301
129 337
129 338
129 364
129 365
129 367
129 370
129 371
129 372
129 373
129 374
129 375
129 376
129 377
129 378
129 380
129 381
129 387
129 403
129 405
129 406
129 407
129 420
129 421
129 422
129 423
129 424
129 434
129 450
129 491
129 538
129 539
129 579
129 588
129 592
129 593
129 594
129 595
129 596
129 598
129 599
129 600
130 258
130 296
130 298
130 337
130 338
130 365
130 367
130 371
130 374
130 376
130 377
130 378
130 380
130 381
130 403
130 405
130 422
130 434
130 592
130 593
130 594
130 596
130 598
131 298
131 403
131 423
132 134
132 135
133 241
134 430
136 161
136 432
136 458
137 138
137 139
137 367
137 374
137 431
137 434
137 450
137 600
138 139
138 140
138 161
138 431
138 432
140 161
140 374
140 419
140 431
140 432
140 434
140 435
141 199
141 461
141 500
142 320
142 324
142 329
142 354
142 355
142 445
143 145
143 224
143 413
144 146
145 147
145 224
145 225
145 401
145 412
145 413
145 445
145 534
146 149
146 443
146 445
147 412
147 413
147 418
148 163
148 462
148 464
149 331
149 443
149 445
149 595
150 466
152 449
153 466
154 157
154 191
154 194
154 198
154 396
154 454
154 492
155 156
155 157
155 173
155 250
155 267
155 452
155 453
155 454
155 525
155 527
155 543
155 560
155 570
155 571
156 157
156 250
156 267
156 452
156 453
156 463
156 560
156 570
156 571
158 164
158 428
159 456
160 267
162 163
163 250
163 253
164 464
165 325
166 205
166 532
167 171
167 475
168 248
168 478
168 561
169 250
170 172
170 476
172 248
173 267
173 452
173 453
173 477
173 571
174 217
175 177
175 179
175 180
175 480
175 481
175 482
175 486
176 178
176 313
177 179
177 180
177 181
177 185
177 480
177 481
177 482
177 483
177 484
177 486
179 180
179 480
179 482
179 483
180 281
180 482
180 486
183 257
184 487
185 186
187 207
188 244
190 191
190 210
191 194
191 393
191 396
191 408
191 409
191 410
191 423
191 454
191 492
192 193
192 212
192 222
192 394
192 396
192 495
192 496
193 210
193 212
193 396
193 495
194 393
194 396
194 408
194 409
194 410
194 492
195 273
196 271
197 216
197 524
198 202
198 501
199 204
200 201
201 300
203 519
206 559
207 259
208 209
208 263
209 210
209 212
209 494
209 514
210 212
210 224
211 229
211 231
211 265
211 493
211 513
212 495
212 496
213 234
214 215
214 495
217 251
217 266
217 559
217 562
218 314
219 274
219 465
219 518
220 530
221 287
221 412
221 530
222 245
222 246
222 397
222 399
222 412
222 531
222 533
223 224
223 225
223 245
223 395
223 397
223 399
223 401
223 412
223 413
223 417
223 534
224 225
224 245
224 395
224 397
224 399
224 401
224 412
224 413
224 417
224 534
225 245
225 395
225 397
225 399
225 401
225 412
225 413
225 417
225 534
226 254
226 535
227 241
228 240
228 262
228 282
228 540
228 542
228 581
229 282
229 581
230 231
230 511
230 513
231 457
231 513
231 572
232 250
232 254
232 268
232 269
232 558
232 561
233 234
233 573
235 355
235 546
236 238
236 240
236 282
236 547
236 549
236 581
237 240
237 285
237 286
237 547
237 549
238 240
238 243
238 547
239 548
240 540
240 547
240 549
240 553
240 554
241 552
242 438
242 552
244 524
244 551
244 555
245 397
245 399
245 401
245 412
245 531
245 534
246 531
247 251
247 266
247 356
247 485
247 507
247 559
247 562
248 250
248 268
248 478
248 556
248 557
248 558
248 560
248 561
248 570
249 562
250 253
250 254
250 267
250 268
250 463
250 478
250 488
250 543
250 558
250 560
250 561
250 570
250 571
250 573
251 266
251 280
251 559
251 562
252 511
253 254
253 463
253 558
253 563
254 268
254 269
254 463
254 558
254 561
254 570
254 573
256 520
257 488
258 295
258 296
258 298
258 387
258 538
258 579
258 593
258 594
258 596
258 598
259 293
260 294
261 301
262 297
262 298
262 299
262 300
262 351
262 539
263 510
264 427
266 559
266 562
267 268
267 453
267 463
267 558
267 560
267 561
267 570
267 571
268 269
268 463
268 488
268 528
268 558
268 560
268 561
268 570
268 571
268 573
269 558
269 561
270 271
271 273
271 573
272 558
275 322
276 522
277 575
278 457
279 281
281 499
282 540
282 542
282 581
284 286
285 286
285 337
285 547
285 582
285 584
286 287
286 530
286 584
287 335
287 530
289 480
289 482
290 292
292 322
293 580
294 297
294 370
294 538
294 588
294 591
295 298
295 300
295 386
295 387
295 402
295 450
295 539
295 594
295 595
295 596
295 598
295 600
296 381
297 298
297 299
297 300
297 337
297 351
297 364
297 365
297 370
297 371
297 372
297 386
297 387
297 405
297 538
297 588
297 591
297 593
297 594
297 596
297 598
297 599
298 299
298 300
298 337
298 338
298 351
298 364
298 365
298 367
298 370
298 371
298 372
298 373
298 376
298 377
298 381
298 386
298 387
298 403
298 405
298 450
298 538
298 539
298 579
298 588
298 591
298 592
298 593
298 594
298 595
298 596
298 597
298 598
298 599
298 600
299 300
299 367
299 387
299 594
299 597
300 351
300 364
300 365
300 367
300 369
300 370
300 371
300 372
300 386
300 387
300 403
300 405
300 450
300 538
300 539
300 588
300 591
300 592
300 593
300 594
300 595
300 596
300 597
300 598
300 599
300 600
301 337
301 338
301 364
301 365
301 370
301 381
301 387
301 403
301 404
301 405
301 406
301 407
301 420
301 422
301 579
301 584
301 588
301 593
301 596
301 598
301 599
302 303
302 304
302 305
302 317
302 320
302 321
302 322
302 323
302 324
302 325
302 327
302 346
302 385
302 389
302 487
302 583
302 586
303 304
303 307
303 317
303 324
303 327
303 332
303 363
303 385
303 414
304 305
304 317
304 321
304 322
304 324
304 325
304 327
304 363
304 383
304 414
304 475
305 321
305 322
305 323
305 324
305 325
305 327
305 332
305 385
305 447
305 487
305 586
306 308
309 334
311 317
311 385
311 487
312 318
312 319
312 326
312 329
315 316
315 388
317 321
317 322
317 324
317 385
317 388
317 389
317 414
318 319
318 326
319 326
319 329
320 321
320 327
320 328
320 329
320 331
320 332
320 333
320 389
321 322
321 324
321 389
321 390
321 395
322 323
322 324
322 325
322 327
322 332
322 385
322 487
322 586
323 324
323 325
323 327
323 328
323 332
323 333
323 335
323 385
323 386
323 487
323 579
323 583
323 584
323 599
324 325
324 327
324 329
325 327
325 332
325 385
325 487
326 469
327 328
327 332
327 333
327 385
327 386
327 387
327 487
327 579
327 583
327 584
327 599
328 329
328 332
328 333
328 353
328 386
328 487
328 583
328 595
329 331
329 355
329 587
331 443
332 333
332 335
332 385
332 386
332 387
332 579
332 584
332 599
333 335
333 584
335 386
335 530
335 579
335 584
335 599
337 338
337 351
337 360
337 364
337 365
337 367
337 370
337 371
337 372
337 373
337 374
337 375
337 376
337 377
337 378
337 380
337 381
337 403
337 405
337 406
337 420
337 421
337 422
337 434
337 444
337 502
337 538
337 557
337 588
337 592
337 593
337 594
337 596
337 598
337 599
338 342
338 343
338 347
338 351
338 364
338 365
338 367
338 370
338 371
338 372
338 373
338 374
338 375
338 376
338 377
338 378
338 379
338 380
338 381
338 403
338 405
338 406
338 420
338 421
338 422
338 434
338 502
338 538
338 539
338 557
338 592
338 593
338 594
338 596
338 598
338 599
338 600
339 502
340 344
340 407
340 409
340 410
340 491
342 343
342 346
342 347
342 353
342 382
343 346
343 347
343 382
343 584
344 345
344 348
344 352
345 346
345 349
345 351
345 352
345 353
345 362
345 363
345 367
345 371
345 386
345 447
345 538
345 599
346 347
346 349
346 351
346 352
346 353
346 354
346 362
346 363
347 351
347 353
347 363
347 369
347 539
347 579
347 595
347 598
347 599
348 396
348 413
348 414
349 353
349 354
349 355
349 358
349 359
349 362
349 363
349 447
350 357
350 416
350 418
351 352
351 353
351 362
351 363
351 369
351 371
351 372
351 386
351 447
351 538
351 539
351 579
351 584
351 592
351 594
351 596
351 598
351 599
352 353
352 363
352 367
352 386
352 538
352 579
353 354
353 358
353 359
353 362
353 363
353 369
353 414
353 447
354 355
354 356
354 358
354 359
354 362
354 363
356 358
357 416
357 418
357 448
358 359
358 362
358 363
359 361
359 362
359 363
359 414
359 583
361 363
361 414
362 363
362 369
362 414
362 447
363 369
363 414
363 447
364 365
364 367
364 370
364 371
364 372
364 373
364 375
364 376
364 377
364 378
364 381
364 403
364 405
364 406
364 420
364 421
364 422
364 423
364 434
364 502
364 538
364 539
364 588
364 591
364 593
364 594
364 596
364 598
364 599
364 600
365 366
365 367
365 368
365 370
365 371
365 372
365 373
365 374
365 375
365 376
365 377
365 378
365 380
365 381
365 403
365 405
365 406
365 420
365 421
365 422
365 423
365 434
365 450
365 502
365 538
365 539
365 540
365 541
365 542
365 581
365 588
365 591
365 592
365 593
365 594
365 596
365 598
365 599
365 600
366 368
367 369
367 370
367 371
367 372
367 373
367 375
367 376
367 377
367 378
367 380
367 381
367 403
367 405
367 407
367 420
367 422
367 423
367 433
367 434
367 450
367 539
367 588
367 592
367 594
367 595
367 596
367 597
367 598
367 599
367 600
368 369
368 372
368 375
368 421
368 429
368 450
368 539
368 599
368 600
369 371
369 372
369 450
369 597
369 599
369 600
370 371
370 372
370 373
370 375
370 376
370 377
370 378
370 381
370 387
370 403
370 405
370 406
370 407
370 420
370 421
370 422
370 423
370 434
370 450
370 502
370 538
370 539
370 581
370 588
370 590
370 591
370 592
370 593
370 594
370 596
370 598
370 599
370 600
371 372
371 373
371 374
371 375
371 376
371 377
371 378
371 380
371 381
371 403
371 405
371 406
371 420
371 421
371 422
371 434
371 538
371 539
371 588
371 591
371 592
371 593
371 594
371 596
371 598
371 599
371 600
372 373
372 375
372 376
372 377
372 378
372 403
372 405
372 406
372 407
372 420
372 421
372 422
372 423
372 434
372 450
372 491
372 538
372 539
372 588
372 592
372 593
372 594
372 596
372 597
372 598
372 599
372 600
373 374
373 375
373 376
373 377
373 378
373 380
373 381
373 403
373 405
373 406
373 407
373 420
373 421
373 422
373 423
373 434
373 450
373 491
373 539
373 588
373 592
373 593
373 594
373 596
373 598
373 599
373 600
374 376
374 377
374 378
374 380
374 381
374 403
374 421
374 422
374 434
374 502
374 592
374 593
374 596
375 376
375 377
375 378
375 381
375 403
375 405
375 406
375 420
375 421
375 422
375 434
375 588
375 592
375 596
375 598
375 599
376 377
376 378
376 380
376 381
376 403
376 404
376 405
376 406
376 407
376 420
376 421
376 422
376 423
376 434
376 450
376 502
376 538
376 539
376 588
376 591
376 592
376 593
376 594
376 596
376 598
376 599
376 600
377 378
377 380
377 381
377 403
377 405
377 406
377 420
377 421
377 422
377 434
377 450
377 502
377 538
377 588
377 591
377 592
377 593
377 594
377 596
377 598
377 599
377 600
378 380
378 381
378 403
378 405
378 420
378 421
378 422
378 434
378 538
378 588
378 591
378 592
378 594
378 596
378 598
378 599
380 381
380 403
380 405
380 422
380 434
380 557
380 592
380 593
380 596
380 598
381 403
381 405
381 421
381 422
381 434
381 502
381 557
381 592
381 593
381 594
381 596
381 598
384 385
384 407
384 410
385 386
385 416
385 487
385 579
385 584
386 387
386 407
386 420
386 538
386 539
386 579
386 580
386 584
386 588
386 594
386 596
386 598
386 599
387 402
387 403
387 405
387 407
387 450
387 451
387 502
387 538
387 539
387 579
387 580
387 584
387 588
387 593
387 594
387 595
387 596
387 597
387 598
387 599
387 600
388 389
389 390
389 395
390 391
390 393
390 395
390 398
391 395
392 530
393 395
393 396
393 398
393 408
393 409
393 410
393 492
393 495
394 396
394 496
394 516
395 397
395 398
395 400
395 401
395 417
395 534
396 398
396 408
396 409
396 410
396 411
396 454
396 491
396 492
396 495
396 501
397 399
397 412
397 534
398 400
398 416
398 417
399 412
400 401
400 417
401 412
401 413
401 417
401 534
402 450
402 451
402 539
402 580
402 595
403 404
403 405
403 406
403 407
403 420
403 421
403 422
403 423
403 434
403 450
403 491
403 538
403 539
403 588
403 591
403 592
403 593
403 594
403 596
403 598
403 599
403 600
404 405
404 406
404 407
404 422
404 423
404 425
404 491
404 492
404 588
405 406
405 407
405 420
405 421
405 422
405 423
405 434
405 491
405 502
405 538
405 539
405 588
405 591
405 592
405 593
405 594
405 596
405 598
405 599
405 600
406 407
406 419
406 422
406 423
406 425
406 491
406 588
406 596
406 598
406 599
407 409
407 410
407 420
407 422
407 451
407 491
407 492
407 579
407 588
407 599
408 409
408 410
408 492
408 495
409 410
409 492
410 492
411 413
412 531
412 534
413 417
413 534
414 583
415 503
416 417
416 418
417 418
417 534
418 446
418 448
418 449
418 467
419 423
419 424
419 434
419 435
419 454
419 491
419 504
420 421
420 422
420 538
420 579
420 593
420 596
420 598
420 599
421 422
421 423
421 434
421 450
421 538
421 539
421 588
421 592
421 593
421 594
421 596
421 598
421 599
421 600
422 423
422 434
422 450
422 502
422 538
422 539
422 588
422 592
422 593
422 594
422 596
422 598
422 599
422 600
423 424
423 434
423 450
423 451
423 491
423 539
423 588
423 593
423 600
424 434
424 435
424 436
424 504
425 491
426 455
429 434
430 431
430 432
430 458
431 432
431 458
431 510
432 458
432 461
434 440
434 450
434 502
434 592
434 593
434 594
434 596
434 598
434 600
435 436
435 504
436 597
437 506
437 537
438 474
439 443
439 445
439 490
441 478
442 449
443 445
443 451
443 490
445 451
445 490
445 530
446 448
449 468
449 497
450 451
450 538
450 539
450 564
450 588
450 592
450 594
450 595
450 596
450 597
450 598
450 599
450 600
451 490
451 491
451 588
451 595
451 597
451 600
452 453
452 454
452 488
452 525
452 527
452 543
452 545
452 560
452 570
452 571
453 454
453 488
453 525
453 527
453 543
453 560
453 571
454 492
454 525
454 527
454 543
454 571
455 461
455 576
456 458
457 578
458 461
458 510
459 577
460 501
460 524
461 500
462 464
463 558
463 560
463 561
463 563
463 570
463 571
465 473
465 519
465 574
470 562
471 475
472 506
478 558
478 560
478 561
479 480
480 481
480 482
480 483
480 486
481 482
481 484
481 486
481 566
482 484
482 486
483 485
485 507
487 583
487 584
487 586
488 560
488 561
488 570
488 571
489 549
490 510
491 492
491 597
493 509
493 511
493 513
493 540
493 541
493 542
494 496
494 512
494 514
498 520
498 521
500 504
500 517
500 565
501 503
502 588
502 592
502 593
502 594
502 596
502 598
502 599
502 600
505 516
508 521
511 513
511 520
511 540
511 542
511 567
512 513
513 542
515 525
515 544
515 545
520 521
522 576
523 526
524 526
525 527
525 571
527 571
529 530
529 584
530 583
530 584
531 532
531 533
531 534
532 533
532 553
536 552
538 539
538 541
538 564
538 579
538 581
538 588
538 591
538 592
538 593
538 594
538 596
538 598
538 599
538 600
539 540
539 541
539 579
539 581
539 588
539 591
539 592
539 593
539 594
539 595
539 596
539 597
539 598
539 599
539 600
540 541
540 542
540 581
540 593
541 542
541 581
541 593
542 581
543 545
543 560
543 561
543 571
545 560
545 571
547 549
547 582
548 550
548 554
549 553
550 553
550 554
551 552
551 555
553 554
556 557
557 558
557 570
558 560
558 561
558 563
558 570
559 562
559 569
560 561
560 570
560 571
561 570
561 571
561 573
564 591
566 568
567 581
570 571
574 577
576 577
579 580
579 584
579 588
579 598
579 599
581 591
583 584
583 586
584 586
584 599
588 590
588 591
588 592
588 593
588 594
588 595
588 596
588 597
588 598
588 599
588 600
589 591
591 592
591 593
591 594
591 596
591 598
591 599
591 600
592 593
592 594
592 596
592 598
592 599
592 600
593 594
593 596
593 598
593 599
593 600
594 595
594 596
594 598
594 599
594 600
595 596
595 597
595 598
595 599
595 600
596 597
596 598
596 599
596 600
597 598
597 599
597 600
598 599
598 600
599 600
