600 3595

1 302
1 304
1 447
2 3
2 303
2 304
2 308
3 5
3 7
3 171
3 326
4 5
4 20
4 21
4 22
4 23
4 24
4 30
4 32
4 105
4 290
4 305
4 320
4 321
4 322
4 323
4 324
4 329
5 21
5 23
5 24
5 29
5 305
5 324
5 326
6 9
6 167
6 310
6 507
7 95
7 562
8 426
9 12
9 16
9 301
9 315
9 317
9 385
10 562
11 12
11 15
11 18
11 94
11 98
11 315
11 317
12 15
12 16
12 98
12 165
12 301
12 304
12 315
12 317
12 385
13 18
13 179
13 188
14 15
14 16
14 29
14 312
14 313
14 331
15 16
15 98
15 315
15 317
16 98
16 165
16 312
16 315
16 317
16 331
17 19
17 37
17 318
17 320
17 389
17 499
18 97
18 98
19 20
19 21
19 22
19 26
19 30
19 32
19 37
19 100
19 102
19 105
19 320
19 321
19 329
19 389
20 21
20 24
20 26
20 29
20 30
20 100
20 103
20 105
20 302
20 312
20 320
20 321
20 324
20 326
20 329
20 331
20 389
20 390
20 586
20 587
21 22
21 24
21 26
21 28
21 29
21 30
21 32
21 37
21 100
21 102
21 103
21 105
21 290
21 291
21 302
21 320
21 321
21 322
21 324
21 328
21 329
21 389
21 586
21 587
22 32
22 35
22 37
22 38
22 102
22 105
22 186
22 221
22 290
22 292
22 320
22 322
22 333
22 334
22 335
22 336
22 445
23 24
23 32
23 38
23 105
23 320
23 322
23 332
23 333
23 334
23 335
23 397
23 530
23 531
24 26
24 30
24 32
24 100
24 105
24 305
24 320
24 324
24 326
24 395
24 397
25 35
25 582
25 583
26 27
26 30
26 32
26 37
26 100
26 105
26 224
26 329
27 30
27 32
27 37
27 38
27 72
27 221
27 225
27 320
27 329
27 365
27 583
28 30
28 32
28 37
28 102
28 105
28 143
28 531
29 312
29 323
29 326
29 329
29 331
30 31
30 32
30 35
30 37
30 72
30 102
30 105
30 145
30 225
30 261
30 290
30 320
30 321
30 323
30 324
30 328
30 329
30 333
30 376
30 377
30 445
30 583
31 35
31 36
31 37
31 102
31 105
31 290
31 296
31 333
31 445
31 583
32 33
32 35
32 37
32 38
32 79
32 100
32 102
32 105
32 143
32 145
32 221
32 224
32 225
32 285
32 286
32 320
32 332
32 333
32 334
32 335
32 336
32 370
32 391
32 397
32 443
32 445
32 531
32 534
32 583
32 584
33 34
33 35
33 36
33 37
33 38
33 102
33 150
33 221
33 286
33 320
33 332
33 333
33 334
33 335
33 336
33 391
33 534
33 583
34 35
34 36
34 37
34 38
34 220
34 221
34 236
34 237
34 240
34 243
34 285
34 286
34 287
34 332
34 333
34 334
34 335
34 336
34 529
34 547
34 549
34 553
34 554
34 582
34 583
34 584
35 36
35 37
35 38
35 102
35 105
35 106
35 150
35 221
35 225
35 235
35 285
35 286
35 320
35 327
35 332
35 333
35 334
35 335
35 336
35 391
35 397
35 422
35 443
35 445
35 531
35 534
35 582
35 583
35 584
35 592
36 37
36 38
36 102
36 105
36 145
36 220
36 221
36 222
36 237
36 243
36 285
36 286
36 287
36 320
36 332
36 333
36 334
36 335
36 336
36 397
36 445
36 529
36 530
36 532
36 533
36 534
36 547
36 549
36 583
36 584
37 38
37 100
37 102
37 105
37 143
37 221
37 224
37 225
37 285
37 286
37 290
37 291
37 320
37 332
37 333
37 334
37 335
37 336
37 370
37 391
37 443
37 445
37 531
37 534
37 580
37 583
37 584
37 586
38 102
38 105
38 119
38 121
38 143
38 145
38 147
38 150
38 221
38 225
38 285
38 286
38 320
38 327
38 332
38 333
38 334
38 335
38 336
38 391
38 439
38 443
38 445
38 530
38 531
38 534
38 583
38 584
39 42
39 73
39 89
39 113
39 115
39 116
39 130
39 403
40 43
40 49
40 51
40 61
40 62
40 66
40 68
40 74
40 77
40 78
40 82
40 84
40 86
40 91
40 135
40 142
40 145
40 147
40 161
40 339
40 345
40 351
40 355
40 358
40 360
40 362
40 363
40 365
40 368
40 372
40 374
40 375
40 376
40 382
40 415
40 421
40 422
40 438
40 440
40 445
41 43
41 61
41 66
41 68
41 73
41 79
41 80
41 81
41 84
41 86
41 87
41 88
41 89
41 91
41 339
41 376
41 377
41 380
41 382
41 425
42 45
42 46
42 47
42 48
42 53
42 54
42 56
42 60
42 115
42 116
42 117
43 68
43 72
43 77
43 78
43 79
43 80
43 82
43 83
43 84
43 86
43 91
43 143
43 145
43 147
43 149
43 336
43 339
43 376
43 416
43 422
43 425
43 443
43 445
44 58
44 61
44 66
44 73
44 78
44 135
44 138
44 144
44 149
44 341
44 345
44 358
44 437
44 446
44 447
44 458
45 46
45 47
45 48
45 53
45 54
45 56
45 60
45 115
45 116
45 117
45 231
46 47
46 48
46 53
46 54
46 56
46 115
46 117
47 48
47 53
47 54
47 56
47 60
47 115
47 116
47 117
48 53
48 54
48 56
48 60
49 51
49 63
49 82
49 136
49 145
49 150
49 161
49 339
49 345
49 358
49 375
49 382
49 422
49 434
49 440
49 441
49 445
50 51
50 62
50 66
50 67
50 345
50 351
50 352
50 355
50 362
50 363
51 62
51 63
51 66
51 84
51 136
51 161
51 345
51 352
51 355
51 358
51 360
51 362
51 382
51 415
51 445
51 447
51 448
52 57
52 65
52 109
52 119
52 124
52 204
52 210
52 283
52 581
53 54
53 56
53 60
53 115
53 116
53 117
54 56
54 60
55 59
55 64
55 118
55 130
55 157
55 357
55 358
55 413
55 416
56 60
57 65
57 112
57 119
57 123
57 124
57 210
57 401
57 416
58 61
58 115
58 356
58 449
58 561
59 62
59 64
59 120
59 121
59 360
59 412
59 414
59 416
60 64
60 116
61 66
61 67
61 68
61 84
61 86
61 89
61 91
61 135
61 138
61 242
61 339
61 345
61 351
61 355
61 356
61 358
61 362
61 363
61 368
61 369
61 380
61 382
61 447
62 345
62 351
62 352
62 360
62 362
62 412
62 415
63 138
63 149
63 358
63 416
63 446
64 67
64 130
65 96
65 108
65 109
65 112
65 123
65 191
65 204
65 416
66 67
66 84
66 86
66 91
66 135
66 138
66 242
66 339
66 345
66 351
66 355
66 356
66 358
66 362
66 363
66 382
66 445
66 447
68 71
68 72
68 74
68 77
68 82
68 83
68 84
68 86
68 87
68 126
68 339
68 345
68 355
68 365
68 376
68 382
68 421
69 70
69 71
69 72
69 147
69 364
70 74
70 77
70 294
71 72
71 74
71 77
71 79
71 83
71 295
71 297
71 364
71 365
71 370
71 376
71 387
71 422
71 531
71 579
72 74
72 77
72 78
72 79
72 82
72 143
72 145
72 149
72 225
72 246
72 294
72 297
72 329
72 364
72 365
72 375
72 596
73 75
73 79
73 80
73 113
73 132
73 133
73 149
73 382
73 430
74 77
74 78
74 79
74 83
74 121
74 132
74 149
74 294
74 339
74 375
74 422
74 438
74 440
75 79
75 133
75 382
75 430
76 99
76 122
76 142
76 198
76 225
76 232
76 259
76 260
76 261
76 294
76 296
76 297
76 300
76 445
76 477
77 78
77 79
77 82
77 84
77 86
77 91
77 145
77 225
77 261
77 294
77 296
77 297
77 339
77 355
77 365
77 366
77 368
77 370
77 372
77 375
77 376
77 382
77 387
77 421
77 422
77 425
77 443
77 445
77 596
78 82
78 135
78 144
78 145
78 147
78 149
78 375
78 428
78 438
78 440
78 445
79 80
79 82
79 86
79 91
79 132
79 133
79 145
79 149
79 225
79 297
79 339
79 370
79 375
79 376
79 377
79 382
79 422
79 425
79 443
79 445
80 86
81 86
81 88
82 83
82 102
82 142
82 143
82 144
82 145
82 147
82 149
82 161
82 225
82 339
82 345
82 355
82 365
82 372
82 374
82 375
82 382
82 387
82 421
82 422
82 440
82 443
82 445
82 477
82 534
83 109
83 119
83 129
83 130
83 140
83 141
83 145
83 147
83 149
83 387
83 438
83 534
84 85
84 86
84 87
84 88
84 89
84 91
84 294
84 339
84 345
84 355
84 362
84 376
84 377
84 380
84 382
84 425
85 86
85 87
85 88
85 89
85 91
85 377
85 380
85 382
86 87
86 88
86 89
86 91
86 339
86 355
86 376
86 377
86 380
86 382
86 425
87 88
87 89
87 91
87 126
87 377
87 380
87 425
88 89
88 91
88 377
88 380
89 91
89 377
89 380
90 100
90 101
90 105
90 107
90 109
90 120
90 394
90 395
90 396
90 397
90 416
90 516
90 579
91 339
91 355
91 376
91 377
91 380
91 382
91 425
92 384
93 384
93 393
93 495
94 95
94 101
94 390
95 101
95 191
95 517
96 109
96 123
98 317
98 385
99 100
99 119
99 143
99 179
99 224
99 225
99 282
99 283
99 295
99 298
99 388
99 389
99 477
99 483
99 534
99 580
99 581
99 586
100 101
100 102
100 103
100 105
100 106
100 107
100 143
100 188
100 223
100 283
100 291
100 302
100 320
100 321
100 370
100 389
100 390
100 391
100 531
100 579
100 582
100 584
100 586
100 587
101 103
101 189
101 390
101 395
102 103
102 105
102 106
102 107
102 119
102 143
102 145
102 147
102 221
102 225
102 285
102 286
102 291
102 320
102 332
102 333
102 334
102 335
102 336
102 370
102 389
102 391
102 443
102 445
102 531
102 534
102 579
102 580
102 582
102 583
102 584
102 586
102 592
103 105
103 107
103 291
103 302
103 321
103 389
103 390
103 391
103 395
103 586
104 108
104 110
104 189
104 191
104 192
104 193
104 202
104 203
104 204
104 212
104 394
104 396
104 408
104 489
104 503
104 504
105 106
105 107
105 143
105 221
105 225
105 290
105 291
105 320
105 321
105 322
105 332
105 333
105 334
105 335
105 336
105 389
105 391
105 395
105 531
105 534
105 579
105 583
105 584
105 586
105 587
106 110
106 184
106 188
106 220
106 221
106 223
106 291
106 320
106 334
106 335
106 392
106 397
106 530
106 533
106 582
106 584
106 586
107 120
107 391
107 395
108 109
108 110
108 112
108 114
108 120
108 189
108 191
108 192
108 193
108 393
108 395
108 396
108 408
108 495
109 112
109 114
109 119
109 120
109 123
109 129
109 131
109 141
109 191
109 203
109 204
109 210
109 396
109 401
109 402
109 416
110 112
110 188
110 189
110 191
110 192
110 193
110 223
110 395
110 397
110 399
110 489
110 540
111 116
111 398
111 400
112 113
112 114
112 119
112 120
112 129
112 131
112 137
112 141
112 191
112 210
112 396
112 408
113 114
113 115
113 116
113 117
113 130
113 139
113 409
113 461
114 116
114 131
114 191
114 210
114 402
114 407
114 408
114 461
114 491
115 116
115 117
115 337
115 381
115 405
116 117
116 407
116 409
117 118
117 407
117 409
118 157
118 357
118 401
118 409
119 120
119 121
119 123
119 129
119 131
119 143
119 147
119 149
119 188
119 224
119 225
119 397
119 399
119 401
119 443
119 531
119 534
119 579
119 581
120 121
120 395
120 401
120 416
121 123
121 129
121 147
121 149
121 224
121 225
121 401
121 412
121 416
121 531
121 534
122 152
123 129
123 143
123 145
123 147
123 149
123 224
123 416
123 581
124 125
124 350
124 401
124 418
125 209
125 213
125 218
125 234
125 273
127 262
128 153
128 197
128 208
128 213
128 263
128 264
128 265
128 267
128 271
129 131
129 132
129 140
129 141
129 147
129 149
129 190
129 404
129 423
129 438
129 531
129 534
130 140
131 141
131 190
131 191
131 201
131 210
131 212
131 402
131 404
132 133
132 141
132 149
132 438
133 145
134 161
134 430
134 448
134 482
135 138
135 147
135 351
135 355
135 362
135 438
135 440
136 148
136 150
136 156
136 161
136 232
136 358
136 448
136 477
136 479
136 557
138 149
138 161
138 345
138 355
138 356
138 358
138 362
138 369
138 375
138 382
138 438
138 440
138 441
138 445
138 447
139 199
140 141
141 199
142 144
142 232
142 242
142 248
142 266
142 445
142 557
143 144
143 145
143 147
143 149
143 224
143 225
143 291
143 320
143 443
143 531
143 580
143 586
144 444
145 147
145 149
145 221
145 224
145 225
145 246
145 292
145 333
145 336
145 339
145 358
145 375
145 382
145 387
145 425
145 443
145 445
145 447
145 534
145 583
146 302
147 149
147 289
147 332
147 333
147 336
147 387
147 401
147 412
147 416
147 438
147 443
147 445
147 534
148 150
148 155
148 156
148 232
148 254
148 277
148 437
148 544
149 358
149 416
149 425
149 438
149 443
149 445
149 446
149 454
150 156
150 336
150 416
150 418
150 428
151 202
151 215
151 230
152 176
152 281
153 163
153 178
153 197
153 208
153 209
153 213
153 231
153 254
153 256
153 263
153 264
153 265
153 269
153 270
153 271
153 272
153 273
153 277
153 346
153 349
153 405
153 563
153 567
154 501
155 156
156 232
156 336
156 543
156 544
157 357
157 454
157 545
158 159
158 232
158 253
158 254
158 480
158 481
158 565
159 199
159 205
159 456
159 465
160 281
161 339
161 345
161 355
161 358
161 362
161 363
161 369
161 382
161 430
161 434
161 438
161 440
161 441
161 445
161 448
162 298
162 462
162 480
163 248
163 252
163 253
163 254
163 269
163 277
163 563
164 218
164 272
164 442
164 465
164 470
164 520
165 301
166 168
166 385
166 475
167 383
168 170
168 172
168 471
168 475
169 217
170 247
170 263
170 268
170 270
170 459
170 570
172 239
172 247
172 268
173 209
174 216
174 249
175 177
175 179
175 180
175 182
175 482
175 484
175 486
176 178
176 181
176 201
177 179
177 482
178 183
178 254
178 255
178 269
178 275
178 277
178 278
178 279
178 349
179 282
179 477
179 482
179 483
180 366
180 482
180 484
182 207
183 200
183 255
183 277
183 499
184 226
184 301
184 535
184 536
184 586
185 325
185 367
185 469
187 359
188 283
189 191
189 192
189 193
189 203
189 204
189 211
189 212
189 384
189 393
189 394
189 396
189 408
189 489
189 495
189 503
189 504
190 201
190 210
190 212
190 404
191 192
191 193
191 194
191 204
191 210
191 211
191 212
191 396
191 408
191 435
191 461
191 491
191 492
191 494
191 495
191 504
192 193
192 194
192 196
192 204
192 211
192 212
193 194
193 204
193 211
193 212
193 408
193 493
193 494
193 496
193 504
194 396
194 408
194 494
194 496
194 504
195 213
195 215
195 228
195 234
196 204
196 210
196 211
196 212
196 215
196 230
196 234
197 208
197 209
197 213
197 214
197 218
197 219
197 231
197 256
197 271
197 272
197 273
197 280
197 465
197 524
197 528
198 232
198 266
198 276
198 279
198 499
200 268
200 270
200 276
201 210
202 203
202 204
202 215
202 230
203 204
203 391
203 396
203 416
203 516
204 210
204 212
204 230
204 502
204 503
204 504
205 506
206 228
206 256
206 268
206 269
206 509
206 570
208 209
208 213
208 219
208 231
208 256
208 263
208 264
208 265
208 269
208 270
208 271
208 273
208 280
208 346
208 468
208 508
208 510
208 524
208 564
208 567
208 570
208 571
209 211
209 212
209 213
209 219
209 271
209 272
209 273
209 508
209 524
210 211
210 212
210 408
210 491
210 501
211 212
211 492
212 408
212 492
213 264
213 271
213 272
213 273
213 343
213 346
213 349
214 218
214 219
214 307
214 514
214 523
214 524
215 230
215 273
215 274
216 217
216 251
216 272
216 508
217 485
218 273
219 231
219 251
219 256
219 265
219 271
219 272
219 280
219 465
219 466
219 468
219 507
219 508
219 512
219 524
219 525
219 528
219 564
219 567
219 571
219 574
220 221
220 222
220 226
220 237
220 243
220 287
220 335
220 529
220 530
220 533
220 547
220 553
220 554
220 555
220 584
221 226
221 237
221 286
221 287
221 320
221 332
221 333
221 334
221 335
221 336
221 439
221 445
221 529
221 530
221 531
221 534
221 583
221 584
222 236
222 237
222 238
222 240
222 243
222 287
222 529
222 532
222 533
222 546
222 547
222 548
222 549
222 553
222 554
222 583
222 584
223 224
223 392
223 397
223 399
223 533
223 553
223 582
223 583
223 584
224 225
224 245
224 286
224 332
224 397
224 399
224 443
224 531
224 532
224 534
224 582
224 583
224 584
225 245
225 246
225 261
225 294
225 295
225 297
225 320
225 334
225 370
225 439
225 443
225 445
225 531
225 534
225 581
225 582
225 583
225 584
226 246
226 535
226 536
226 538
226 552
227 242
227 250
227 536
227 542
227 550
227 552
228 229
228 239
228 247
228 248
228 252
228 255
228 262
228 263
228 266
228 268
228 269
228 271
228 298
228 299
229 239
229 256
229 262
229 263
229 265
229 269
229 271
230 282
231 263
231 265
231 271
231 273
231 561
232 248
232 250
232 252
232 253
232 254
232 258
232 260
232 266
232 267
232 269
232 277
232 300
232 448
232 477
232 544
232 557
232 558
232 570
233 234
233 252
233 253
233 544
233 545
233 558
234 244
235 286
235 583
236 237
236 238
236 239
236 240
236 243
236 284
236 285
236 286
236 547
236 553
236 582
236 584
236 585
237 238
237 240
237 243
237 245
237 286
237 287
237 529
237 530
237 532
237 547
237 549
237 550
237 553
237 554
237 584
238 239
238 240
238 243
238 245
238 246
238 262
238 287
238 547
238 548
238 549
238 550
238 553
238 554
239 240
239 241
239 242
239 247
239 250
239 252
239 255
239 262
239 268
239 269
239 548
239 550
239 556
240 243
240 245
240 287
240 529
240 532
240 546
240 547
240 548
240 549
240 553
240 554
240 584
241 242
241 244
241 250
241 252
241 463
241 548
241 552
241 561
242 246
242 250
242 253
242 254
242 355
242 437
242 464
242 552
242 558
243 248
243 262
243 287
243 299
243 529
243 546
243 547
243 554
244 252
244 555
245 246
245 287
245 532
245 547
245 549
245 553
245 584
246 250
246 261
246 536
246 550
247 250
247 255
247 263
247 268
247 269
247 270
247 499
247 539
247 541
247 556
247 570
248 250
248 252
248 254
248 264
248 266
248 267
248 268
248 269
248 270
248 276
248 277
248 556
248 557
248 558
248 563
248 570
249 314
249 487
250 252
250 253
250 254
250 257
250 262
250 263
250 265
250 267
250 268
250 269
250 270
250 271
250 463
250 552
250 556
250 558
250 561
250 570
251 274
252 253
252 254
252 257
252 266
252 268
252 269
252 556
252 557
252 558
252 563
253 254
253 437
253 449
253 463
253 464
253 478
253 544
253 552
253 558
254 258
254 264
254 267
254 269
254 277
254 278
254 449
254 450
254 463
254 464
254 478
254 544
254 552
254 558
254 561
254 563
254 570
254 573
255 268
255 269
255 270
255 276
255 278
255 556
255 570
256 263
256 264
256 265
256 567
257 463
257 464
258 259
258 262
258 264
258 267
258 269
258 270
258 277
258 300
258 544
258 567
258 573
258 599
259 267
259 268
259 295
259 300
259 593
260 294
260 296
260 300
260 590
261 290
261 291
261 294
261 295
261 296
261 297
261 589
261 596
262 263
262 264
262 265
262 269
262 299
262 539
263 264
263 265
263 267
263 268
263 269
263 270
263 271
263 278
263 280
263 299
263 342
263 343
263 346
263 349
263 354
263 468
263 539
263 541
263 566
263 570
263 574
263 597
264 265
264 267
264 269
264 270
264 271
264 346
264 349
264 354
264 356
264 362
264 363
264 450
264 468
264 510
264 541
264 563
264 564
264 566
264 567
264 570
264 571
264 573
264 597
264 600
265 269
265 270
265 271
265 280
265 346
265 468
265 541
265 567
265 571
265 574
266 267
266 276
266 282
266 477
266 557
267 268
267 269
267 270
267 271
267 277
267 299
267 300
267 563
267 570
268 269
268 270
268 271
268 276
268 277
268 556
268 570
269 270
269 271
269 277
269 278
269 299
269 556
269 570
270 271
270 277
270 278
270 556
270 570
271 272
271 273
271 277
271 278
271 342
271 343
271 346
271 349
271 570
272 281
275 277
275 278
275 279
276 279
277 278
277 281
277 570
278 279
282 283
282 298
282 581
283 581
283 582
285 286
285 287
285 332
285 333
285 334
285 336
285 549
285 582
285 583
285 584
286 287
286 332
286 333
286 334
286 335
286 336
286 397
286 529
286 534
286 547
286 549
286 582
286 583
286 584
287 521
287 529
287 532
287 547
287 549
287 550
287 554
287 583
287 584
288 498
290 321
290 322
291 320
291 531
291 579
291 584
291 586
291 587
292 322
292 330
292 333
292 445
293 478
294 296
294 297
295 297
295 365
295 421
295 424
295 588
295 593
295 594
295 596
296 300
296 421
296 422
296 445
296 589
296 596
297 318
297 365
297 370
297 376
297 387
297 389
297 421
297 589
297 596
298 299
298 300
299 300
300 599
301 302
301 309
301 317
301 326
301 385
301 390
301 587
302 321
302 322
302 324
302 326
302 330
302 331
302 389
302 390
302 586
302 587
303 304
303 309
304 305
304 308
304 317
304 324
304 326
304 330
305 318
305 321
305 322
305 323
305 324
305 326
305 329
305 330
306 309
309 326
309 476
311 389
312 318
312 319
312 326
312 329
312 331
315 316
315 317
315 507
316 319
317 385
317 475
318 319
318 320
318 321
318 324
318 389
318 591
319 320
319 321
319 324
319 388
319 389
319 568
320 321
320 322
320 323
320 324
320 329
320 330
320 332
320 333
320 334
320 335
320 336
320 370
320 389
320 391
320 443
320 530
320 531
320 534
320 583
320 586
320 587
321 322
321 323
321 324
321 326
321 329
321 330
321 331
321 389
321 586
321 587
322 323
322 324
322 328
322 329
322 330
322 333
322 364
322 587
323 324
323 328
323 329
323 331
323 365
324 326
324 329
324 330
324 331
324 364
324 389
327 334
327 335
328 329
329 330
329 331
329 365
330 587
332 333
332 334
332 335
332 336
332 391
332 397
332 443
332 530
332 534
332 582
332 583
332 584
333 334
333 335
333 336
333 391
333 397
333 445
333 531
333 534
333 583
334 335
334 336
334 370
334 391
334 397
334 399
334 422
334 443
334 445
334 530
334 531
334 534
334 582
334 583
334 584
334 592
335 336
335 391
335 397
335 443
335 529
335 530
335 531
335 533
335 534
335 543
335 582
335 583
335 584
336 387
336 391
336 416
336 422
336 443
336 445
336 534
336 543
336 580
336 583
336 584
337 338
337 340
337 341
337 342
337 343
337 344
337 346
337 347
337 348
337 349
337 353
337 354
337 371
337 373
337 381
337 403
337 405
337 406
337 407
337 409
338 340
338 341
338 342
338 343
338 344
338 346
338 347
338 348
338 349
338 353
338 354
338 373
338 379
338 381
338 405
339 345
339 355
339 374
339 376
339 377
339 380
339 382
339 415
339 421
339 422
339 425
339 443
339 445
340 341
340 342
340 343
340 344
340 346
340 347
340 348
340 349
340 353
340 354
340 373
340 381
340 403
340 405
340 406
340 407
340 409
340 410
341 342
341 343
341 346
341 347
341 349
341 353
341 354
341 356
341 371
341 373
341 381
341 405
341 406
341 413
341 440
341 441
342 343
342 344
342 346
342 347
342 348
342 349
342 353
342 354
342 371
342 373
342 379
342 381
342 405
342 409
342 410
343 344
343 346
343 347
343 348
343 349
343 353
343 354
343 356
343 371
343 373
343 381
343 405
343 409
344 346
344 347
344 348
344 349
344 353
344 354
344 381
344 405
344 409
344 410
345 351
345 355
345 356
345 358
345 362
345 363
345 372
345 382
345 415
345 440
345 441
345 445
345 447
345 448
346 347
346 348
346 349
346 353
346 354
346 356
346 371
346 373
346 381
346 405
347 348
347 349
347 354
347 373
347 379
347 381
347 405
348 349
348 353
348 354
348 381
348 405
348 409
348 410
348 411
349 353
349 354
349 356
349 371
349 373
349 381
349 405
350 357
350 418
351 352
351 356
351 360
351 362
351 363
352 360
353 354
353 356
353 359
353 371
353 381
353 405
354 356
354 371
354 373
354 381
354 405
355 356
355 358
355 362
355 363
355 369
355 380
355 382
355 440
355 445
355 447
356 358
356 362
356 363
356 447
357 358
357 418
357 431
357 439
358 362
358 416
358 438
358 440
358 441
358 445
358 448
359 363
361 414
362 363
362 382
362 447
362 448
363 367
363 440
364 588
365 366
365 368
365 372
365 375
365 382
365 421
365 427
365 593
366 368
366 372
366 374
366 375
366 376
366 382
366 429
367 368
367 426
367 440
368 372
368 374
368 375
368 376
368 421
368 440
368 595
368 596
369 372
369 375
369 434
369 438
369 440
369 441
370 422
370 531
370 534
370 579
370 582
370 583
370 592
371 373
371 405
372 375
372 382
372 421
372 440
373 381
373 403
373 405
374 375
374 376
374 382
374 421
375 382
375 421
375 422
375 429
375 434
375 438
375 440
375 445
376 377
376 380
376 382
376 425
376 445
377 380
377 382
377 425
378 432
378 436
379 381
380 382
380 425
381 405
381 409
382 430
382 440
382 445
382 447
384 385
384 393
384 394
384 489
384 495
384 504
385 386
385 390
385 393
386 387
387 421
387 422
387 443
387 445
387 505
387 579
387 592
387 595
387 596
388 389
388 483
388 565
388 580
389 579
389 580
389 586
389 587
390 391
390 393
390 394
390 395
390 398
390 489
391 395
391 398
392 397
392 399
392 489
392 533
392 582
392 584
393 395
393 398
393 400
393 411
393 489
393 495
394 395
394 396
394 408
394 446
394 489
394 493
394 495
394 496
394 504
394 516
395 396
395 398
395 489
395 495
396 397
396 399
396 402
396 408
396 416
396 489
396 495
396 496
397 399
397 530
397 531
397 532
397 533
397 534
397 582
397 583
397 584
398 400
398 411
399 401
399 533
399 534
399 582
399 584
400 409
400 411
401 416
401 418
401 534
402 489
402 491
403 405
403 406
403 407
404 406
404 423
404 424
404 491
405 407
405 409
405 433
406 407
406 409
407 409
407 410
408 435
408 491
408 492
408 493
408 494
408 495
408 496
408 504
408 515
409 410
409 411
410 411
415 420
415 421
415 422
415 425
415 445
415 448
415 505
415 519
415 590
415 592
416 417
416 418
416 446
416 516
417 446
417 467
417 497
418 435
419 504
420 448
420 499
420 573
420 590
420 592
420 593
420 594
420 598
420 599
421 422
421 438
421 505
421 592
421 596
422 428
422 443
422 445
422 534
422 592
423 424
423 595
424 594
424 595
424 596
425 443
425 445
425 505
426 595
427 588
427 593
428 455
429 575
430 432
430 434
430 440
430 441
434 438
434 440
434 441
435 446
435 491
435 492
435 494
435 504
437 453
437 458
437 464
437 544
437 558
438 440
438 441
438 445
439 531
439 534
440 441
440 445
442 455
442 456
442 465
442 467
442 494
442 497
442 515
442 518
442 520
443 445
443 531
443 534
443 579
443 580
443 581
443 584
443 592
445 447
445 534
445 583
445 589
446 456
446 516
448 449
449 450
449 463
449 464
449 465
449 468
449 510
449 512
449 528
449 541
449 544
449 558
449 561
449 564
449 567
449 571
449 572
449 573
449 574
449 600
450 451
450 468
450 510
450 512
450 537
450 541
450 552
450 558
450 561
450 564
450 567
450 571
450 574
450 597
450 600
451 460
451 466
451 467
451 490
451 510
451 512
451 513
451 514
451 525
451 527
451 571
452 455
452 498
452 515
452 543
453 454
453 497
453 515
453 527
453 544
453 545
453 558
453 572
454 545
456 458
456 465
456 466
456 494
456 497
456 504
456 515
457 459
457 473
457 578
458 464
458 537
459 578
460 465
460 467
460 490
460 494
460 512
460 513
460 514
460 518
460 523
460 524
460 525
460 527
461 502
461 504
463 464
463 468
463 478
463 552
463 558
463 561
463 572
464 478
464 536
464 544
464 552
464 558
464 561
464 599
465 466
465 467
465 468
465 490
465 494
465 508
465 510
465 512
465 513
465 514
465 518
465 523
465 524
465 525
465 527
465 528
465 564
465 567
465 571
465 574
466 467
466 490
466 494
466 497
466 510
466 512
466 513
466 514
466 525
467 490
467 492
467 494
467 497
467 512
467 513
467 514
467 515
467 518
467 520
467 523
467 524
467 525
467 527
467 528
468 510
468 512
468 513
468 528
468 541
468 552
468 561
468 564
468 567
468 569
468 571
468 572
468 573
468 574
468 575
468 600
471 475
472 474
474 501
477 479
477 483
477 557
478 539
478 556
478 570
478 573
479 483
479 526
479 557
480 481
480 482
480 483
480 485
480 487
480 565
481 482
481 484
482 483
482 484
482 486
483 580
483 581
484 486
485 565
485 567
488 573
489 493
489 495
489 496
490 491
490 492
490 494
490 512
490 513
490 514
490 515
490 518
490 523
490 524
490 525
490 527
491 492
491 496
491 504
492 493
492 494
492 495
492 496
492 504
492 514
492 520
493 494
493 495
493 496
493 497
493 513
493 515
493 520
493 533
494 496
494 497
494 504
494 513
494 514
494 515
494 518
494 520
494 523
494 527
495 562
496 497
496 504
496 515
496 533
497 511
497 513
497 514
497 515
497 518
497 520
497 527
498 515
498 520
499 522
499 590
499 594
499 598
500 576
502 503
502 504
502 517
503 504
503 519
505 516
508 514
508 524
508 564
508 567
508 574
510 512
510 513
510 525
510 541
510 561
510 564
510 567
510 571
510 574
510 576
510 600
511 542
512 513
512 514
512 518
512 524
512 525
512 527
512 528
512 561
512 564
512 567
512 571
512 572
512 574
512 576
512 600
513 514
513 515
513 525
513 527
513 564
513 574
513 576
514 515
514 518
514 520
514 523
514 524
514 525
514 527
515 518
515 520
515 527
516 517
516 549
518 520
518 525
518 527
520 523
520 524
520 527
520 528
521 550
521 551
523 524
523 525
523 527
523 528
523 577
524 525
524 527
524 528
525 527
525 528
525 564
525 571
525 572
525 574
527 528
528 564
528 567
528 571
528 572
528 574
529 530
529 532
529 533
529 546
529 547
529 549
529 550
529 553
529 554
529 583
529 584
530 531
530 532
530 533
530 554
530 584
531 532
531 534
531 579
531 582
531 583
531 584
532 533
532 547
532 549
532 553
532 554
532 584
533 553
533 584
534 582
534 583
534 584
535 536
535 548
536 538
536 542
536 552
538 539
538 548
538 552
538 554
538 568
538 573
538 588
538 593
538 599
539 541
539 548
539 552
539 566
539 570
539 573
539 597
541 542
541 552
541 564
541 566
541 567
541 569
541 570
541 571
541 573
541 574
541 597
541 600
542 548
542 550
543 544
544 545
544 558
544 572
544 573
544 599
546 547
546 548
546 554
547 548
547 549
547 553
547 554
547 582
547 583
547 584
548 550
548 552
548 553
548 554
548 588
549 553
549 554
549 583
549 584
550 552
551 555
552 555
552 558
552 561
552 573
552 600
553 554
553 584
554 584
554 588
556 570
557 558
558 560
558 561
559 562
561 571
561 572
561 574
564 567
564 569
564 571
564 574
564 600
566 573
566 597
566 600
567 569
567 571
567 572
567 573
567 574
567 600
569 570
569 571
569 573
569 574
569 600
570 573
571 572
571 573
571 574
571 600
572 573
572 574
573 574
573 597
573 600
574 600
579 586
579 592
580 581
580 586
580 592
581 582
582 583
582 584
583 584
586 587
586 588
588 589
588 593
589 596
590 598
592 594
593 594
593 596
593 597
593 598
593 599
594 595
594 596
594 597
595 596
595 597
596 597
597 600
