600 3595

1 289
1 540
2 4
2 5
2 93
2 101
2 301
2 304
2 322
3 41
4 5
4 22
4 93
4 94
4 101
4 104
4 302
4 304
4 322
5 36
5 93
5 302
5 304
5 322
6 297
7 10
7 336
8 249
9 15
11 21
11 38
11 94
11 97
11 98
11 103
11 104
11 105
11 106
11 221
11 303
11 304
11 317
11 320
11 321
11 386
11 388
11 389
11 391
11 394
12 18
12 19
12 20
12 97
12 98
12 336
12 391
13 313
14 29
14 312
14 313
15 16
15 313
15 315
17 19
17 32
17 37
17 312
17 313
17 318
17 319
17 320
17 331
18 19
18 20
18 97
18 98
18 105
18 106
18 317
18 320
18 388
18 389
18 391
19 20
19 37
19 318
19 319
19 320
20 21
20 98
20 103
20 105
20 106
20 282
20 306
20 317
20 319
20 320
20 321
20 389
21 24
21 36
21 37
21 38
21 97
21 98
21 103
21 104
21 105
21 106
21 221
21 304
21 317
21 320
21 321
21 324
21 335
21 336
21 386
21 388
21 389
21 530
22 25
22 204
22 322
22 325
22 584
23 26
23 28
23 31
23 33
23 323
23 327
24 221
24 303
24 304
24 308
24 324
25 284
25 285
25 325
25 549
25 583
25 584
26 28
26 33
26 35
26 237
26 284
26 323
26 328
26 329
26 330
26 334
27 527
28 31
28 33
28 34
28 220
28 221
28 284
28 287
28 323
28 327
28 328
28 330
28 332
28 470
28 530
29 32
29 306
29 308
29 309
29 312
29 321
29 326
30 31
30 32
30 33
30 35
30 329
30 330
30 331
30 332
30 351
30 412
30 437
31 33
31 34
31 36
31 220
31 221
31 284
31 287
31 323
31 324
31 327
31 328
31 329
31 330
31 332
31 335
31 351
31 530
32 35
32 312
32 326
32 329
32 331
33 34
33 36
33 38
33 106
33 220
33 221
33 237
33 284
33 287
33 323
33 324
33 327
33 328
33 329
33 330
33 332
33 334
33 335
33 530
33 582
33 584
34 36
34 38
34 106
34 220
34 221
34 284
34 287
34 323
34 324
34 327
34 328
34 329
34 330
34 332
34 335
34 470
34 472
34 530
35 37
35 312
35 329
35 331
35 334
35 335
35 533
36 38
36 105
36 106
36 221
36 321
36 324
36 332
36 333
36 335
36 530
37 38
37 102
37 106
37 169
37 174
37 247
37 249
37 318
37 320
37 329
37 334
37 335
37 476
37 530
37 553
37 559
37 576
38 103
38 105
38 106
38 174
38 220
38 221
38 284
38 320
38 321
38 324
38 332
38 333
38 335
38 336
38 391
38 530
39 42
39 47
39 86
39 88
39 89
40 79
41 46
41 48
41 591
42 46
42 47
42 48
42 54
42 109
42 115
42 337
42 340
42 342
42 343
42 346
42 347
42 352
42 385
42 390
42 394
43 49
43 90
43 91
43 96
43 150
43 152
43 339
43 446
43 448
43 462
44 51
44 53
44 56
44 57
44 58
44 61
44 63
44 65
44 66
44 146
44 341
44 344
44 356
44 357
44 358
44 446
45 47
45 285
45 304
45 549
45 582
45 585
46 47
46 48
46 54
47 48
47 54
47 109
47 115
47 337
47 340
47 347
47 352
47 360
47 362
47 385
48 54
48 339
48 342
48 343
48 347
49 58
49 60
49 61
49 68
49 80
49 134
49 151
49 152
49 158
49 161
49 341
49 354
49 428
49 430
49 432
49 437
49 440
49 441
49 446
49 448
49 462
50 456
51 58
51 61
51 341
51 345
52 68
52 117
52 339
52 370
52 416
52 420
52 435
52 436
52 446
52 452
52 454
52 456
52 461
53 56
53 58
53 60
53 61
53 64
53 65
53 68
53 82
53 146
53 149
53 341
53 357
53 358
53 370
53 372
53 375
53 440
53 446
54 347
55 64
55 107
55 113
55 114
55 115
55 116
55 117
55 118
55 120
55 121
55 130
55 393
55 396
55 401
55 402
55 403
55 406
55 408
55 413
55 414
55 416
55 422
55 491
56 353
56 358
56 363
57 58
57 63
57 65
57 66
57 357
57 358
57 446
58 60
58 61
58 65
58 66
58 70
58 74
58 77
58 80
58 82
58 140
58 142
58 149
58 292
58 341
58 353
58 354
58 355
58 356
58 357
58 358
58 369
58 372
58 428
58 431
58 432
58 437
58 438
58 440
58 446
58 462
58 594
58 596
59 66
59 116
59 344
59 351
59 353
59 358
59 363
59 407
60 61
60 64
60 65
60 66
60 67
60 82
60 129
60 143
60 146
60 149
60 205
60 253
60 341
60 344
60 348
60 353
60 354
60 355
60 357
60 358
60 365
60 368
60 369
60 370
60 372
60 375
60 418
60 421
60 422
60 428
60 437
60 438
60 439
60 440
60 444
60 462
60 529
61 65
61 66
61 67
61 70
61 72
61 74
61 77
61 82
61 135
61 143
61 146
61 149
61 341
61 353
61 354
61 355
61 356
61 357
61 358
61 365
61 368
61 369
61 372
61 438
61 440
61 462
62 66
62 363
63 65
63 66
63 358
63 362
64 65
64 67
64 68
64 82
64 112
64 114
64 121
64 125
64 129
64 131
64 147
64 149
64 188
64 199
64 205
64 348
64 358
64 370
64 375
64 410
64 413
64 418
64 421
64 422
64 423
64 437
64 439
64 440
64 444
64 462
64 529
65 66
65 68
65 80
65 82
65 129
65 140
65 146
65 149
65 341
65 357
65 358
65 375
65 418
65 432
65 435
65 437
65 440
65 446
66 67
66 344
66 351
66 353
66 358
66 363
66 369
66 432
66 437
66 575
67 348
67 353
67 375
68 69
68 71
68 76
68 82
68 83
68 112
68 127
68 129
68 134
68 140
68 145
68 146
68 148
68 149
68 341
68 358
68 364
68 365
68 370
68 375
68 416
68 417
68 418
68 420
68 421
68 422
68 423
68 428
68 430
68 434
68 435
68 437
68 440
68 446
68 448
68 452
68 454
68 461
69 71
69 76
69 294
69 364
69 434
69 593
70 74
70 80
70 91
70 358
71 72
71 76
71 82
71 127
71 129
71 341
71 364
71 365
71 370
71 421
71 422
71 429
71 434
71 435
71 440
71 446
71 454
71 460
71 461
71 594
72 76
72 77
72 458
72 594
73 498
74 91
74 355
74 368
74 369
75 79
76 77
76 127
76 154
76 162
76 186
76 341
76 364
76 365
76 420
76 421
76 429
76 438
76 440
76 450
76 452
76 454
76 460
76 565
76 594
77 82
77 372
77 446
77 458
77 594
78 458
79 88
80 90
80 134
80 358
80 426
80 432
80 434
80 446
80 448
81 85
81 87
82 83
82 129
82 134
82 136
82 141
82 145
82 149
82 341
82 358
82 370
82 372
82 375
82 376
82 418
82 421
82 422
82 434
82 435
82 440
82 446
83 112
83 113
83 129
83 375
83 410
83 422
83 435
84 86
84 87
84 89
84 374
84 377
85 374
86 87
86 89
86 377
87 89
87 377
87 380
89 381
90 338
90 339
90 446
90 448
91 143
91 462
92 184
93 95
93 101
93 103
93 104
93 109
93 184
93 289
93 301
93 304
93 322
93 384
93 390
93 394
93 495
94 98
94 385
94 386
94 394
95 101
95 109
95 301
95 384
95 385
95 390
95 394
95 398
96 99
96 160
96 297
97 98
97 103
97 105
97 106
97 317
97 320
97 321
97 386
97 388
97 389
97 391
98 103
98 104
98 105
98 109
98 304
98 317
98 321
98 385
98 386
98 388
98 389
98 390
98 391
98 394
98 579
99 261
99 297
99 387
100 106
101 103
101 104
101 109
101 204
101 301
101 304
101 384
101 385
101 386
101 390
101 394
101 495
102 106
102 336
102 391
103 104
103 105
103 106
103 109
103 282
103 304
103 317
103 321
103 385
103 386
103 388
103 389
103 390
103 391
103 394
104 105
104 189
104 206
104 386
104 389
104 495
105 106
105 109
105 221
105 282
105 303
105 304
105 317
105 320
105 321
105 336
105 385
105 386
105 388
105 389
105 391
105 394
106 220
106 221
106 282
106 317
106 320
106 335
106 336
106 386
106 388
106 389
106 391
106 530
107 108
107 116
107 117
107 118
107 120
107 121
107 130
107 323
107 393
107 395
107 401
107 403
107 408
107 491
108 187
108 191
108 192
108 193
108 197
108 393
108 401
109 111
109 118
109 282
109 301
109 304
109 384
109 385
109 386
109 389
109 390
109 391
109 394
109 398
109 579
110 114
110 120
110 223
110 393
110 395
111 118
111 282
111 385
111 390
111 391
111 394
111 398
111 579
111 580
112 113
112 114
112 119
112 121
112 125
112 128
112 129
112 131
112 132
112 147
112 154
112 157
112 188
112 194
112 196
112 401
112 404
112 417
112 420
112 421
112 422
112 423
112 424
112 451
112 452
112 454
112 460
112 461
112 490
112 497
112 501
112 515
113 114
113 115
113 116
113 117
113 120
113 121
113 130
113 396
113 406
113 408
114 119
114 121
114 123
114 125
114 129
114 131
114 147
114 188
114 190
114 191
114 199
114 205
114 223
114 397
114 401
114 408
114 417
114 418
114 423
114 424
114 452
114 501
115 116
115 118
115 120
115 130
115 337
115 340
115 361
115 396
115 398
115 406
115 407
115 414
115 491
116 117
116 118
116 120
116 124
116 130
116 337
116 396
116 398
116 403
116 406
116 407
116 409
116 491
117 118
117 120
117 282
117 393
117 402
117 403
118 120
118 282
118 385
118 393
118 395
118 398
118 402
119 125
119 128
119 131
119 147
119 154
119 157
119 190
119 196
119 399
119 401
119 412
119 417
119 418
119 421
119 423
119 424
119 437
119 450
119 451
119 452
119 454
119 460
119 501
119 515
119 599
120 121
120 282
120 393
120 395
120 396
120 398
120 400
120 401
120 414
121 123
121 124
121 125
121 129
121 130
121 188
121 401
121 403
121 408
121 413
121 414
121 422
121 423
121 435
121 491
122 151
122 152
122 164
122 202
122 272
122 274
122 281
122 296
122 516
123 199
123 403
123 416
123 417
123 418
123 423
123 435
124 409
125 128
125 129
125 131
125 147
125 154
125 157
125 196
125 199
125 223
125 348
125 401
125 417
125 418
125 421
125 423
125 424
125 437
125 439
125 440
125 452
125 454
125 501
125 515
126 436
127 129
127 421
127 440
128 129
128 131
128 154
128 157
128 194
128 196
128 417
128 420
128 421
128 423
128 424
128 437
128 442
128 450
128 451
128 452
128 454
128 460
128 497
128 501
128 515
128 599
129 131
129 132
129 134
129 140
129 145
129 146
129 147
129 149
129 188
129 199
129 341
129 348
129 365
129 370
129 375
129 410
129 417
129 418
129 421
129 422
129 423
129 424
129 434
129 435
129 438
129 440
129 444
129 446
129 451
129 452
129 460
129 461
129 501
130 396
130 403
130 406
130 407
130 409
130 491
131 132
131 147
131 154
131 157
131 188
131 190
131 194
131 196
131 199
131 207
131 223
131 417
131 421
131 423
131 424
131 439
131 442
131 450
131 451
131 452
131 454
131 460
131 490
131 497
131 501
131 515
131 594
132 162
132 186
132 438
132 440
133 442
134 140
134 145
134 149
134 161
134 420
134 421
134 426
134 428
134 429
134 430
134 434
134 446
134 462
135 354
135 368
136 141
136 159
136 380
136 425
136 446
136 456
136 458
137 139
137 149
137 426
137 430
138 431
140 149
140 418
140 426
140 432
140 437
140 506
141 375
141 428
141 437
141 446
142 144
142 145
142 380
142 446
142 458
142 596
143 146
143 148
143 149
143 162
143 163
143 253
143 341
143 348
143 354
143 358
143 365
143 437
143 438
143 443
143 444
143 455
143 462
143 463
143 529
145 146
145 358
145 365
145 434
145 435
145 446
146 148
146 149
146 341
146 348
146 358
146 365
146 368
146 418
146 421
146 428
146 432
146 437
146 438
146 440
146 443
146 444
146 446
146 455
146 462
146 537
147 149
147 348
147 376
147 418
147 421
147 424
147 428
147 437
147 440
148 149
148 158
148 162
148 163
148 253
148 341
148 348
148 418
148 421
148 428
148 437
148 440
148 454
148 455
148 462
148 464
149 162
149 199
149 205
149 253
149 341
149 344
149 348
149 354
149 355
149 358
149 372
149 375
149 418
149 421
149 422
149 423
149 428
149 437
149 438
149 440
149 444
149 462
150 159
150 434
150 435
150 436
150 446
151 152
151 155
151 448
151 449
151 466
151 577
152 158
152 219
152 466
153 156
153 195
153 208
154 157
154 196
154 197
154 417
154 423
154 424
154 451
154 452
154 454
154 460
154 490
154 501
154 515
155 164
155 466
156 164
156 195
156 202
156 208
156 273
156 274
156 516
157 196
157 417
157 420
157 423
157 424
157 450
157 451
157 452
157 454
157 460
157 501
157 515
158 159
158 162
158 163
158 420
158 428
158 432
158 437
158 448
158 455
158 462
158 577
159 446
159 455
159 456
159 461
159 576
159 577
160 175
160 296
161 428
161 448
162 163
162 186
162 242
162 424
162 432
162 438
162 439
162 440
162 445
162 447
162 455
162 460
162 462
163 242
163 253
163 254
163 463
163 464
164 202
164 219
164 272
164 273
164 274
164 277
164 278
164 279
165 239
166 168
166 169
166 247
166 276
166 471
166 473
166 474
166 476
167 169
167 174
167 217
167 249
167 277
167 278
167 474
167 523
167 576
168 170
168 172
168 179
168 183
168 236
168 238
168 239
168 244
168 247
168 248
168 250
168 252
168 256
168 258
168 266
168 268
168 269
168 276
168 383
168 478
168 547
168 548
168 550
168 555
168 556
168 560
168 561
168 571
168 572
169 171
169 174
169 176
169 217
169 247
169 249
169 277
169 470
169 472
169 473
169 474
169 476
169 477
169 479
169 523
169 526
169 531
169 559
169 560
169 576
170 179
170 183
170 228
170 239
170 247
170 255
170 258
170 266
170 268
170 269
170 548
170 556
170 571
171 174
171 249
171 277
171 574
171 576
172 183
172 247
172 248
172 250
172 252
172 258
172 269
172 285
172 322
172 556
172 560
172 561
173 200
174 176
174 217
174 249
174 251
174 470
174 476
174 479
174 480
174 523
174 526
174 531
174 559
174 576
175 177
175 179
175 247
175 562
176 179
176 181
176 247
176 249
176 256
176 476
176 478
176 479
176 481
176 522
176 523
176 524
176 526
176 531
176 559
176 561
177 179
177 185
177 243
177 246
177 263
177 502
177 505
177 556
177 600
178 255
179 185
179 244
179 247
179 258
179 268
179 478
179 482
179 548
179 550
179 556
179 562
180 289
180 546
180 583
182 206
182 256
183 247
183 252
183 255
183 266
183 267
183 268
183 269
183 548
183 556
185 493
185 532
185 555
185 557
186 438
187 191
187 198
187 207
187 489
187 495
187 496
188 199
188 223
188 401
188 403
188 408
188 421
188 422
188 423
188 424
188 501
189 192
189 206
189 230
189 234
189 244
189 293
189 489
189 493
189 495
189 496
190 191
190 196
190 439
190 451
190 467
190 490
190 492
190 501
190 514
190 565
191 194
191 196
191 199
191 201
191 212
191 401
191 408
191 489
191 490
191 492
191 497
191 501
192 193
192 211
192 222
192 224
192 399
192 492
192 496
192 529
193 211
193 212
193 224
193 245
193 399
193 493
193 496
193 532
193 534
195 202
195 208
195 209
195 210
195 212
195 213
195 214
195 233
195 271
195 273
195 274
195 512
195 519
195 527
195 564
196 197
196 417
196 424
196 451
196 452
196 454
196 460
196 467
196 490
196 492
196 497
196 501
196 514
196 515
196 518
197 212
197 216
197 218
198 280
198 457
198 499
198 504
199 223
199 283
199 403
199 404
199 417
199 418
199 423
199 424
199 442
199 459
199 501
200 202
200 203
200 215
200 219
200 241
200 274
200 502
201 230
201 496
201 504
202 214
202 215
202 219
202 273
202 274
202 503
203 215
203 295
203 496
204 487
205 438
205 492
206 211
206 216
206 229
206 234
206 239
206 241
206 244
206 259
206 265
206 288
206 495
206 507
206 551
206 571
206 572
206 573
207 499
207 509
208 209
208 210
208 212
208 219
208 232
208 233
208 265
208 271
208 510
208 512
208 513
208 517
208 519
208 525
208 527
208 541
208 544
208 564
209 210
209 211
209 212
209 213
209 232
209 233
209 271
209 512
209 514
209 517
209 519
209 527
209 541
209 544
209 564
209 573
209 591
210 212
210 232
210 233
210 271
210 512
210 514
210 519
211 212
211 213
211 216
211 231
211 243
211 246
211 259
211 263
211 265
211 300
211 493
211 519
211 527
211 531
211 532
212 213
212 216
212 232
212 233
212 234
212 259
212 271
212 496
212 519
212 527
212 564
213 214
213 232
213 233
213 246
213 259
213 263
213 265
213 271
213 273
213 274
213 512
213 544
213 564
213 567
213 588
214 215
214 232
214 262
214 263
214 273
214 274
215 219
215 274
216 232
216 241
216 259
216 276
217 249
217 251
217 265
217 277
217 278
217 479
217 523
217 526
217 559
217 576
218 453
218 527
219 232
219 268
219 272
219 273
219 274
219 277
219 278
219 465
219 516
220 221
220 222
220 284
220 287
220 328
220 330
220 332
220 335
220 529
220 530
220 582
221 284
221 320
221 324
221 327
221 330
221 332
221 335
221 336
221 386
221 391
221 530
222 223
222 224
222 226
222 227
222 240
222 395
222 397
222 439
222 455
222 529
222 530
222 533
222 535
223 280
223 395
223 397
223 418
223 423
223 424
223 529
223 533
223 584
224 227
224 245
224 399
224 532
225 534
226 397
226 529
227 242
227 439
227 532
227 535
227 536
228 247
228 252
228 255
228 259
228 263
228 269
228 298
228 390
229 236
229 542
229 551
229 555
229 571
229 572
229 573
230 489
230 504
230 511
230 540
231 243
231 245
231 265
231 300
231 502
231 519
231 532
232 252
232 255
232 259
232 263
232 265
232 269
232 271
232 273
232 276
232 572
232 573
233 234
233 241
233 271
233 519
233 520
233 521
233 545
233 551
233 573
234 241
234 493
234 507
234 520
234 551
234 571
235 236
235 239
235 241
235 551
235 558
236 238
236 239
236 241
236 244
236 248
236 258
236 266
236 285
236 286
236 542
236 546
236 547
236 548
236 549
236 550
236 551
236 555
236 556
236 558
236 561
236 571
236 583
237 285
237 287
237 290
237 323
237 328
237 330
237 549
237 582
237 584
238 239
238 240
238 243
238 244
238 248
238 258
238 265
238 269
238 285
238 521
238 547
238 548
238 549
238 550
238 553
238 554
238 555
238 556
238 561
238 585
239 241
239 244
239 247
239 248
239 250
239 252
239 256
239 266
239 267
239 269
239 276
239 546
239 547
239 548
239 550
239 551
239 555
239 562
240 244
240 245
240 529
240 531
240 533
240 549
240 553
240 554
241 248
241 250
241 276
241 457
241 551
241 552
241 555
241 558
242 439
242 447
242 460
242 536
242 552
243 245
243 246
243 255
243 258
243 262
243 263
243 265
243 268
243 270
243 298
243 300
243 479
243 505
243 528
243 531
243 541
243 548
243 550
243 554
243 559
243 570
243 574
244 247
244 248
244 250
244 252
244 265
244 266
244 546
244 547
244 548
244 550
244 551
244 553
244 554
244 555
244 558
244 559
244 562
245 479
245 526
245 531
245 532
245 554
245 559
245 575
246 262
246 263
246 265
246 298
246 299
246 525
246 528
246 531
246 534
246 541
246 600
247 249
247 252
247 255
247 258
247 266
247 267
247 268
247 269
247 390
247 476
247 478
247 548
247 556
247 559
247 560
247 561
247 570
247 574
248 250
248 252
248 254
248 256
248 258
248 269
248 289
248 291
248 542
248 546
248 547
248 550
248 551
248 555
248 556
248 558
248 561
248 583
249 470
249 476
249 479
249 480
249 481
249 523
249 526
249 531
249 559
249 562
249 570
250 252
250 254
250 256
250 546
250 556
250 558
250 560
250 561
250 583
251 254
251 265
252 255
252 256
252 258
252 263
252 266
252 267
252 268
252 269
252 270
252 277
252 278
252 548
252 556
252 559
252 570
252 572
252 574
253 437
253 455
253 462
253 529
253 563
254 265
254 276
254 463
255 256
255 258
255 259
255 263
255 265
255 266
255 267
255 268
255 269
255 270
255 298
255 300
255 528
255 541
255 548
255 550
255 556
255 572
255 573
255 574
256 258
256 269
256 508
256 559
256 561
256 568
256 572
256 573
257 300
258 266
258 268
258 269
258 270
258 548
258 550
258 555
258 556
258 560
258 561
258 570
258 572
258 574
259 263
259 265
259 274
259 276
259 505
260 580
261 296
261 579
262 263
262 273
262 298
262 528
262 539
262 566
263 264
263 265
263 268
263 269
263 270
263 271
263 273
263 298
263 299
263 300
263 505
263 512
263 516
263 521
263 528
263 541
263 544
263 566
263 567
263 572
263 573
263 574
264 505
264 516
264 517
264 528
265 269
265 270
265 300
265 512
265 519
265 521
265 541
265 550
265 551
265 555
265 559
265 572
265 573
266 267
266 268
266 269
266 270
266 546
266 548
266 572
267 268
267 269
267 270
267 272
267 277
267 278
267 279
267 394
267 570
268 269
268 270
268 277
268 516
268 556
268 560
268 570
268 574
269 270
269 505
269 521
269 548
269 550
269 555
269 556
269 561
269 571
269 572
269 573
269 574
270 272
270 273
270 300
270 516
270 556
270 572
270 574
271 273
271 512
271 541
271 544
271 567
271 573
272 273
272 274
272 277
272 278
272 279
272 281
272 466
272 516
273 274
273 516
274 278
274 296
274 516
275 437
276 278
277 278
277 279
277 281
277 516
277 576
277 577
278 279
278 281
278 516
278 576
278 577
279 281
280 424
280 499
281 296
282 317
282 385
282 386
282 390
282 391
282 394
282 398
282 402
282 579
284 285
284 287
284 327
284 328
284 329
284 330
284 332
284 335
284 530
284 582
285 286
285 289
285 304
285 546
285 547
285 549
285 582
285 583
285 584
285 585
286 287
286 547
286 549
286 582
286 583
286 584
287 323
287 327
287 328
287 330
287 332
287 529
287 530
287 549
287 582
287 584
288 550
289 540
289 546
289 547
289 549
289 561
289 583
289 585
291 558
292 354
294 593
298 300
299 516
299 531
300 505
300 516
300 528
301 302
301 303
301 304
301 384
301 385
301 386
301 390
301 394
301 579
302 304
302 322
302 394
303 304
303 307
303 317
303 385
303 386
303 388
303 389
304 305
304 317
304 321
304 322
304 385
304 386
304 388
304 389
304 394
306 308
306 321
306 389
308 321
308 389
309 313
309 326
310 315
311 315
312 318
312 331
313 318
313 433
314 315
314 316
315 316
317 320
317 321
317 385
317 386
317 388
317 389
317 391
317 394
318 319
318 320
319 320
320 321
320 335
320 336
320 389
320 530
321 385
321 386
321 388
321 389
321 390
321 391
321 394
322 394
322 560
323 327
323 328
323 330
323 332
323 396
323 407
324 530
325 486
325 540
325 549
325 557
325 561
325 583
327 328
327 330
327 332
327 407
327 530
328 329
328 330
328 332
328 529
328 530
328 549
328 582
328 584
329 330
329 331
329 332
329 334
329 335
329 530
329 533
330 332
330 335
330 530
330 582
330 584
332 335
332 470
332 472
332 530
333 334
333 335
334 335
335 530
335 582
336 391
336 392
337 340
337 346
337 396
337 406
337 407
337 491
338 342
338 347
339 347
339 446
340 342
340 343
340 346
340 347
340 352
340 407
341 344
341 345
341 348
341 353
341 354
341 357
341 358
341 364
341 365
341 370
341 372
341 421
341 422
341 426
341 428
341 429
341 430
341 434
341 438
341 440
341 446
342 343
342 346
342 347
342 361
343 346
343 347
344 346
344 348
344 353
344 354
344 358
344 362
344 363
344 410
345 349
345 364
346 347
346 350
346 353
346 363
348 353
348 354
348 358
348 365
348 370
348 375
348 410
348 413
348 418
348 421
348 422
348 428
348 437
348 438
348 439
348 440
348 443
348 444
348 462
348 529
348 584
349 350
349 354
349 515
350 359
351 353
351 363
353 354
353 356
353 357
353 358
353 359
353 363
353 369
353 372
354 355
354 356
354 357
354 358
354 369
354 372
354 440
355 369
355 438
355 447
356 357
356 372
357 358
357 369
357 372
358 364
358 365
358 375
358 426
358 428
358 432
358 434
358 438
358 440
358 446
361 414
362 363
364 365
364 370
364 416
364 422
364 429
364 434
364 461
365 368
365 370
365 372
365 375
365 421
365 422
365 428
365 432
365 434
365 438
365 440
365 446
366 368
367 371
367 372
367 373
367 375
368 369
368 370
368 446
369 372
369 447
369 465
370 375
370 410
370 416
370 420
370 421
370 422
370 432
370 434
370 435
370 440
370 446
370 594
372 373
372 375
372 421
374 377
375 376
375 382
375 418
375 421
375 422
375 434
375 446
376 418
376 422
376 446
378 409
379 419
380 381
384 385
384 390
384 394
384 398
384 491
384 579
384 586
385 386
385 389
385 390
385 391
385 394
385 398
385 419
385 579
385 580
386 388
386 389
386 391
386 394
386 579
387 402
387 595
388 389
388 391
388 394
388 579
389 390
389 391
389 394
389 579
390 391
390 394
390 398
390 579
390 580
390 586
391 394
391 398
391 579
391 580
393 395
393 396
393 398
393 400
393 401
393 408
393 413
393 491
394 398
394 419
394 579
394 580
395 397
395 401
395 530
396 398
396 403
396 406
396 407
396 408
396 409
396 414
396 491
397 439
397 455
397 529
397 533
398 406
398 407
398 419
398 579
398 580
399 412
399 534
400 401
400 408
401 408
401 413
401 417
401 423
402 416
403 405
403 406
403 408
403 409
403 416
403 423
403 435
403 491
404 408
404 417
404 418
404 423
404 451
404 497
405 406
405 407
405 409
405 491
406 407
406 408
406 409
406 410
406 413
406 414
406 419
406 491
407 409
407 419
407 491
408 414
408 417
408 423
408 491
408 492
408 496
408 501
409 419
409 491
410 413
410 422
411 416
412 439
413 414
414 491
415 425
415 599
416 417
416 422
416 434
416 435
416 436
416 452
416 454
416 461
417 418
417 421
417 422
417 423
417 424
417 435
417 437
417 440
417 442
417 450
417 451
417 452
417 454
417 460
417 461
417 467
417 490
417 497
417 501
417 503
417 515
418 421
418 422
418 423
418 424
418 428
418 434
418 435
418 437
418 439
418 440
418 443
418 444
418 446
418 452
418 454
418 460
418 462
418 515
419 436
419 579
419 580
420 421
420 422
420 425
420 428
420 432
420 434
420 437
420 440
420 446
420 448
420 450
420 452
420 454
420 456
420 460
420 461
420 462
420 515
420 577
420 594
421 422
421 423
421 424
421 430
421 434
421 435
421 437
421 438
421 439
421 440
421 444
421 450
421 451
421 452
421 454
421 460
421 461
421 501
421 515
422 423
422 424
422 434
422 435
422 440
422 446
422 452
422 454
422 461
423 424
423 435
423 437
423 439
423 440
423 444
423 450
423 451
423 452
423 454
423 460
423 461
423 490
423 497
423 501
423 515
424 439
424 450
424 451
424 452
424 454
424 457
424 460
424 501
424 594
425 446
425 458
426 429
426 430
426 438
427 529
428 432
428 437
428 438
428 440
428 444
428 446
428 448
428 455
428 462
429 438
430 434
430 435
430 440
430 441
430 446
432 437
432 438
432 439
432 440
432 446
432 448
432 462
432 594
434 435
434 436
434 440
434 446
434 461
435 436
435 446
435 461
436 446
437 439
437 440
437 444
437 446
437 450
437 460
437 462
437 464
437 515
438 439
438 440
438 443
438 462
438 565
439 443
439 444
439 447
439 460
439 462
439 529
439 552
440 446
440 452
440 462
441 448
442 452
442 465
443 444
443 445
443 457
443 462
443 529
444 460
444 462
444 529
446 448
446 456
446 458
446 462
446 594
446 596
447 450
448 456
448 462
448 466
450 451
450 452
450 454
450 460
450 464
450 465
450 467
450 490
450 510
450 515
450 599
451 452
451 454
451 460
451 467
451 490
451 497
451 501
451 510
451 515
452 454
452 460
452 461
452 490
452 497
452 501
452 515
454 460
454 461
454 467
454 490
454 501
454 515
455 461
455 462
455 529
455 575
455 576
456 458
456 578
460 461
460 464
460 467
460 490
460 497
460 501
460 515
462 529
463 464
463 531
463 575
464 467
464 490
464 510
464 519
464 543
464 545
465 502
465 510
465 524
466 569
467 490
467 497
467 501
467 511
467 514
467 515
467 518
467 520
468 516
468 528
468 566
468 574
469 476
470 472
470 473
470 476
470 480
470 523
470 526
470 530
470 575
472 473
472 474
472 476
472 477
472 576
472 577
473 474
473 476
473 560
474 476
474 523
475 542
475 550
475 551
475 555
475 556
475 558
475 561
476 477
476 478
476 523
476 559
476 560
476 576
477 523
477 526
478 556
479 481
479 523
479 526
479 531
479 554
479 559
479 575
480 481
481 559
481 570
482 483
484 549
484 582
484 585
485 507
485 567
486 488
486 493
486 555
486 585
489 511
490 492
490 494
490 497
490 501
490 503
490 510
490 513
490 514
490 515
490 519
490 520
492 501
492 514
492 520
493 495
493 496
493 498
493 507
493 512
493 513
493 514
493 519
493 520
493 521
493 532
493 542
493 545
493 550
493 551
493 554
493 555
493 561
494 497
494 499
494 501
494 513
494 514
494 520
494 565
495 496
497 501
497 515
498 507
498 513
498 520
498 521
498 542
498 545
498 555
499 503
499 504
499 565
500 502
501 503
501 514
501 515
501 565
502 504
502 505
502 525
502 527
503 504
503 527
505 516
505 541
505 568
505 573
507 520
507 555
507 567
507 571
507 573
510 512
510 513
510 517
510 519
510 525
510 527
511 514
511 520
511 581
512 513
512 514
512 517
512 519
512 520
512 521
512 525
512 528
512 538
512 541
512 542
512 544
512 545
512 564
512 567
512 573
512 588
512 600
513 514
513 517
513 519
513 520
513 521
513 525
513 532
513 538
513 541
513 542
513 544
513 552
513 600
514 520
514 542
514 544
515 518
515 543
516 517
516 525
516 528
516 574
517 519
517 525
517 528
517 541
517 587
517 589
517 600
518 519
519 520
519 525
519 527
519 541
519 542
519 564
520 521
520 542
520 544
520 545
521 538
521 541
521 542
521 544
521 545
521 550
521 555
521 556
521 561
521 567
521 568
521 572
521 573
521 600
522 559
523 524
523 525
523 526
523 531
523 559
523 576
525 527
525 528
525 541
525 559
525 600
526 531
526 559
527 564
528 541
528 566
528 574
528 600
529 530
529 531
529 533
529 536
529 549
529 553
529 563
529 582
529 583
529 584
530 533
530 582
531 532
531 554
531 555
531 559
531 562
531 575
532 536
532 551
532 552
532 553
532 554
532 555
533 553
536 552
536 558
538 541
538 542
538 544
538 567
538 573
538 600
539 540
539 597
539 600
540 583
541 542
541 544
541 550
541 567
541 572
541 573
541 600
542 545
542 547
542 550
542 551
542 555
542 558
542 561
542 573
544 567
544 573
544 600
545 551
545 558
546 547
546 549
546 551
546 555
546 558
546 561
546 583
547 548
547 549
547 550
547 551
547 553
547 554
547 555
547 556
547 558
547 561
547 583
548 550
548 551
548 553
548 554
548 555
548 556
548 561
548 571
548 572
549 553
549 554
549 582
549 583
549 584
549 585
550 551
550 554
550 555
550 556
550 561
550 573
551 552
551 555
551 558
551 561
551 573
553 554
553 582
553 585
554 555
554 562
554 585
555 556
555 558
555 561
555 572
555 573
555 583
556 560
556 561
556 573
557 560
557 561
558 561
558 583
559 562
559 570
559 576
560 561
560 570
561 583
566 574
567 572
567 573
567 588
568 572
568 573
570 574
571 572
571 573
572 573
576 577
576 578
577 578
579 580
582 583
582 584
582 585
583 584
583 585
588 593
589 590
590 592
593 598
594 596
595 597
596 597
596 599
