600 3595

1 582
2 4
2 5
2 21
2 93
2 94
3 6
3 21
3 103
3 223
4 5
4 20
4 22
4 23
4 25
4 32
4 284
4 286
4 290
4 323
4 326
4 584
5 20
5 22
5 23
5 25
5 29
5 31
5 32
5 284
5 304
5 308
5 312
5 323
5 324
5 326
5 329
5 359
7 308
8 12
8 15
8 17
8 178
8 315
9 12
9 13
9 15
9 110
9 249
9 313
9 316
9 562
10 392
11 21
11 37
11 38
11 94
11 97
11 100
11 108
11 121
11 191
11 223
11 320
11 336
11 384
11 385
11 386
11 395
11 397
11 400
11 401
11 451
11 494
11 496
11 530
12 13
12 15
12 16
12 17
12 18
12 19
12 37
12 98
12 102
12 110
12 303
12 309
12 313
12 315
12 316
12 317
12 318
12 319
12 334
12 336
12 385
12 388
12 400
12 479
12 562
12 580
13 15
13 17
13 18
13 37
13 59
13 102
13 110
13 217
13 311
13 313
13 315
13 316
13 317
13 318
13 319
13 334
13 388
13 559
13 562
13 580
14 16
14 17
14 19
14 20
14 221
14 287
14 319
15 17
15 18
15 37
15 102
15 110
15 174
15 249
15 251
15 283
15 309
15 313
15 315
15 316
15 317
15 318
15 336
15 388
15 392
15 479
15 511
15 559
15 562
15 580
16 17
16 19
16 20
16 21
16 22
16 35
16 37
16 38
16 94
16 98
16 107
16 111
16 143
16 221
16 286
16 303
16 315
16 317
16 318
16 319
16 320
16 322
16 385
16 393
16 530
17 18
17 19
17 37
17 98
17 309
17 313
17 315
17 316
17 318
17 319
17 334
17 336
17 479
17 562
17 580
18 37
18 59
18 98
18 100
18 102
18 110
18 111
18 173
18 176
18 283
18 313
18 315
18 316
18 317
18 318
18 319
18 320
18 334
18 336
18 385
18 388
18 389
18 396
18 400
18 477
18 479
18 511
18 557
18 559
18 562
18 580
19 20
19 22
19 35
19 36
19 37
19 38
19 94
19 98
19 143
19 146
19 221
19 286
19 303
19 315
19 317
19 318
19 319
19 320
19 322
19 323
19 389
19 393
19 582
20 21
20 22
20 23
20 25
20 26
20 28
20 31
20 35
20 36
20 38
20 107
20 143
20 146
20 221
20 286
20 287
20 305
20 308
20 319
20 321
20 322
20 323
20 332
20 333
20 386
20 393
20 395
20 555
20 582
20 583
20 584
21 38
21 93
21 94
21 100
21 107
21 108
21 111
21 119
21 221
21 223
21 224
21 303
21 307
21 320
21 321
21 386
21 393
21 395
21 397
21 399
21 496
21 519
21 530
22 23
22 25
22 26
22 28
22 29
22 31
22 32
22 35
22 36
22 38
22 146
22 221
22 237
22 284
22 285
22 286
22 287
22 305
22 308
22 321
22 322
22 323
22 325
22 327
22 330
22 332
22 333
22 393
22 395
22 445
22 555
22 582
22 583
22 584
23 24
23 25
23 26
23 28
23 30
23 31
23 32
23 34
23 35
23 36
23 38
23 221
23 284
23 285
23 286
23 305
23 322
23 323
23 324
23 326
23 327
23 329
23 332
23 333
23 335
23 582
23 583
24 27
24 29
24 30
24 32
24 284
24 324
24 326
24 329
24 331
24 333
25 29
25 35
25 36
25 220
25 221
25 238
25 241
25 242
25 284
25 286
25 287
25 289
25 291
25 305
25 322
25 323
25 324
25 325
25 326
25 329
25 551
25 582
25 583
25 584
26 27
26 28
26 30
26 31
26 35
26 36
26 38
26 53
26 142
26 285
26 286
26 323
26 327
26 330
26 332
26 333
26 445
27 30
27 32
27 35
27 198
27 324
27 329
27 333
28 31
28 35
28 36
28 38
28 53
28 284
28 285
28 286
28 305
28 322
28 323
28 327
28 328
28 330
28 332
28 335
28 398
28 445
29 32
29 258
29 291
29 304
29 308
29 312
29 326
29 331
29 359
30 31
30 32
30 35
30 285
30 286
30 324
30 329
30 332
30 333
30 335
31 32
31 34
31 35
31 38
31 56
31 237
31 284
31 285
31 286
31 323
31 324
31 327
31 328
31 329
31 330
31 332
31 333
31 335
31 583
32 35
32 284
32 286
32 324
32 326
32 329
32 331
32 333
33 34
34 35
34 285
34 286
34 287
34 323
34 332
34 582
34 584
35 36
35 38
35 221
35 237
35 285
35 286
35 287
35 318
35 319
35 320
35 322
35 323
35 327
35 329
35 332
35 333
35 334
35 335
35 582
35 583
36 38
36 221
36 237
36 286
36 320
36 322
36 323
36 327
36 332
36 335
36 583
37 38
37 98
37 100
37 102
37 110
37 111
37 176
37 283
37 303
37 313
37 315
37 316
37 317
37 318
37 319
37 320
37 334
37 335
37 336
37 385
37 388
37 389
37 396
37 400
37 401
37 477
37 479
37 530
37 557
37 562
37 580
38 53
38 94
38 98
38 100
38 111
38 119
38 120
38 221
38 237
38 285
38 286
38 287
38 303
38 315
38 317
38 318
38 319
38 320
38 321
38 322
38 323
38 325
38 327
38 328
38 332
38 334
38 335
38 385
38 386
38 389
38 393
38 395
38 398
38 401
38 445
38 496
38 504
38 530
38 582
38 583
38 586
39 42
39 48
39 67
39 148
39 164
39 272
39 466
40 142
40 345
40 358
41 42
41 43
41 45
41 46
41 48
41 91
42 48
42 261
42 272
43 44
43 48
43 57
43 65
43 89
43 90
43 91
43 261
43 296
43 374
44 48
44 51
44 52
44 57
44 58
44 134
44 149
44 152
44 204
44 341
44 357
44 367
44 446
45 48
45 90
45 144
45 166
45 261
45 294
45 347
46 48
46 375
47 56
47 60
47 68
47 114
47 115
47 116
47 126
47 150
47 352
47 358
47 416
47 418
47 446
47 449
48 57
48 61
48 90
48 91
48 122
48 261
48 281
48 296
49 150
49 151
49 353
49 432
49 440
49 448
50 64
50 119
50 121
50 145
50 147
50 401
50 443
50 494
50 534
51 52
51 63
51 345
51 352
51 459
52 152
52 196
52 204
52 445
52 447
53 97
53 98
53 119
53 120
53 123
53 285
53 286
53 317
53 320
53 322
53 323
53 327
53 332
53 386
53 395
53 401
53 445
53 494
53 530
54 89
54 90
54 91
55 120
55 408
55 496
55 530
56 60
57 65
57 68
57 152
57 339
57 357
57 374
57 446
57 448
58 149
58 354
58 355
58 356
59 63
59 102
59 110
59 136
59 151
59 152
59 251
59 316
59 317
59 357
59 388
59 413
59 479
59 562
60 64
60 93
60 114
60 119
60 205
60 399
60 412
60 418
60 534
61 348
62 63
62 352
63 276
63 363
64 114
64 116
64 117
64 121
64 123
64 131
64 147
64 190
64 204
64 351
64 401
64 408
64 412
64 413
64 414
64 443
64 446
64 494
64 514
64 534
65 122
65 153
65 298
65 466
66 151
66 174
66 208
66 353
66 354
66 362
66 543
67 122
67 153
67 164
67 169
67 199
67 272
67 466
68 80
68 81
68 129
68 131
68 134
68 137
68 140
68 149
68 150
68 190
68 208
68 296
68 364
68 374
68 416
68 422
68 423
68 424
68 425
68 428
68 429
68 430
68 434
68 437
68 440
68 446
68 448
68 449
68 450
68 510
68 592
69 70
69 71
69 83
69 84
69 127
69 128
69 129
69 131
69 365
69 424
70 72
71 262
71 297
71 365
72 76
73 79
73 403
74 508
75 174
76 77
76 96
76 127
76 128
76 596
77 82
77 370
78 372
79 80
79 135
79 140
79 149
80 126
80 134
80 137
80 140
80 141
80 149
80 151
80 298
80 367
80 373
80 374
80 403
80 404
80 416
80 422
80 423
80 425
80 429
80 434
80 437
80 446
80 448
80 594
81 90
81 139
81 149
82 83
82 89
82 127
82 129
82 133
82 137
82 428
83 84
83 85
83 86
83 87
83 365
83 370
83 376
83 377
83 380
84 86
84 87
84 130
84 365
84 376
84 377
84 380
85 86
85 87
85 376
85 377
85 380
86 87
86 88
86 130
86 365
86 376
86 377
86 378
86 379
86 380
86 381
86 405
86 422
87 88
87 130
87 365
87 376
87 377
87 378
87 379
87 380
87 381
87 405
88 89
88 130
88 377
88 379
88 381
88 405
89 91
89 130
89 366
89 377
89 378
89 381
90 91
90 125
90 261
90 398
90 404
90 411
90 415
90 419
90 425
92 96
93 94
93 95
93 223
93 224
94 98
94 107
94 221
94 223
94 286
94 323
94 336
94 393
94 395
94 530
95 103
95 193
95 224
96 119
96 128
96 145
96 408
96 425
96 494
96 496
96 514
96 534
97 98
97 100
97 119
97 120
97 121
97 123
97 146
97 322
97 386
97 401
97 443
97 494
97 496
97 530
98 100
98 221
98 315
98 317
98 318
98 319
98 320
98 322
98 336
98 389
98 401
98 479
98 530
99 595
100 102
100 110
100 283
100 319
100 320
100 336
100 389
100 400
100 530
100 562
101 554
102 110
102 187
102 191
102 207
102 230
102 266
102 283
102 313
102 315
102 316
102 318
102 336
102 385
102 391
102 392
102 400
102 477
102 479
102 485
102 489
102 511
102 562
102 580
103 104
103 105
103 106
103 109
103 118
103 189
103 192
103 201
103 207
103 211
103 224
103 384
103 394
103 489
104 105
104 117
104 187
104 191
104 192
104 384
105 108
105 109
105 192
105 224
105 393
105 394
106 118
106 187
106 188
106 189
106 192
106 195
106 200
106 201
106 202
106 207
106 211
106 230
106 384
106 391
106 392
106 394
106 490
106 495
107 108
107 221
107 393
107 395
107 530
108 109
108 118
108 119
108 120
108 223
108 335
108 384
108 393
108 394
108 395
108 435
108 436
108 467
108 490
108 491
108 496
108 504
108 519
108 530
109 118
109 191
109 192
109 193
109 195
109 201
109 202
109 211
109 221
109 394
109 495
110 111
110 120
110 283
110 303
110 313
110 315
110 316
110 317
110 318
110 319
110 320
110 334
110 336
110 385
110 388
110 396
110 400
110 401
110 451
110 496
110 504
110 530
110 557
110 559
110 562
110 580
111 120
111 303
111 317
111 319
111 320
111 335
111 385
111 386
111 393
111 395
111 396
111 398
111 400
111 411
111 491
111 496
111 504
111 519
111 530
112 129
112 131
112 137
113 115
114 116
114 117
114 121
114 126
114 131
114 152
114 190
114 191
114 196
114 204
114 205
114 404
114 408
114 416
114 418
114 446
114 451
115 116
116 117
116 126
116 204
116 408
116 416
116 446
116 514
117 118
117 126
117 151
117 187
117 191
117 192
117 195
117 196
117 408
117 416
117 435
117 446
117 448
117 490
117 492
117 514
118 191
118 192
118 195
118 200
118 201
118 202
118 211
118 384
118 394
118 435
118 490
118 492
118 495
119 120
119 121
119 147
119 223
119 386
119 393
119 395
119 397
119 399
119 401
119 467
119 494
119 496
119 519
119 530
119 531
119 533
119 534
120 151
120 204
120 317
120 320
120 335
120 386
120 395
120 396
120 397
120 398
120 401
120 408
120 411
120 417
120 436
120 459
120 467
120 494
120 496
120 503
120 504
120 514
120 519
120 530
121 123
121 147
121 204
121 395
121 397
121 399
121 401
121 413
121 414
121 443
121 451
121 467
121 494
121 514
121 530
121 533
121 534
122 125
122 141
122 153
122 155
122 164
122 260
122 261
122 264
122 272
122 274
122 281
122 296
122 298
122 300
122 374
122 416
122 419
122 454
122 466
123 146
123 152
123 204
123 401
123 413
123 438
123 443
123 451
123 459
123 494
124 187
125 152
125 153
125 195
125 196
125 204
125 404
125 411
125 415
125 417
125 419
125 435
125 436
125 437
125 446
125 492
125 503
125 504
125 519
126 141
126 150
126 196
126 201
126 204
126 374
126 416
126 429
126 434
126 435
126 446
126 448
126 490
127 128
127 129
127 131
127 596
128 129
128 131
128 140
128 208
128 300
128 599
128 600
129 131
129 150
129 190
129 296
129 297
129 364
129 374
129 422
129 428
129 437
129 450
129 592
129 599
130 365
130 376
130 377
130 378
130 379
130 380
130 381
130 422
131 134
131 190
131 204
131 404
131 408
131 423
131 424
131 510
131 534
132 158
132 160
132 366
132 425
132 428
133 300
133 428
133 541
134 137
134 140
134 149
134 150
134 151
134 161
134 190
134 204
134 208
134 423
134 425
134 428
134 430
134 434
134 437
134 446
134 459
134 510
134 512
136 151
136 458
137 138
137 140
137 150
137 403
137 422
137 429
139 161
140 141
140 149
140 151
140 190
140 204
140 208
140 298
140 366
140 416
140 422
140 423
140 425
140 428
140 429
140 430
140 434
140 437
140 446
140 458
140 594
141 150
141 151
141 153
141 155
141 164
141 199
141 261
141 272
141 274
141 281
141 298
141 299
141 374
141 403
141 416
141 419
141 422
141 425
141 428
141 434
141 437
141 446
141 448
141 449
141 454
141 461
141 466
141 592
141 594
142 144
142 146
142 220
142 242
142 348
142 375
142 438
142 447
142 517
142 521
142 529
142 531
142 547
142 548
142 550
142 551
142 552
142 584
143 323
143 352
143 445
144 294
144 331
144 439
145 147
145 246
145 454
145 494
145 513
145 514
146 322
146 386
146 389
146 443
146 447
146 521
146 555
146 584
147 399
147 412
147 494
147 533
147 534
148 153
148 157
148 159
148 164
148 272
148 299
149 162
149 190
149 204
149 367
149 421
149 425
149 428
149 434
149 437
149 446
149 450
149 462
150 151
150 190
150 208
150 298
150 374
150 416
150 422
150 423
150 425
150 428
150 429
150 430
150 432
150 434
150 435
150 437
150 440
150 446
150 448
150 449
150 450
150 461
150 543
150 594
151 153
151 196
151 204
151 408
151 416
151 417
151 423
151 425
151 430
151 434
151 435
151 437
151 440
151 446
151 448
151 450
151 458
151 461
151 466
151 494
151 503
151 504
151 510
151 543
151 594
152 196
152 204
152 357
152 404
152 413
152 436
152 437
152 446
152 451
153 155
153 157
153 159
153 164
153 196
153 199
153 261
153 272
153 274
153 298
153 416
153 419
153 434
153 437
153 442
153 448
153 449
153 454
153 456
153 461
153 466
153 497
153 594
154 158
154 159
154 171
154 197
154 199
154 211
154 214
154 215
154 216
154 219
154 231
154 267
154 280
155 164
155 208
155 217
155 260
155 261
155 264
155 272
155 281
155 298
155 300
155 428
155 434
155 449
155 453
155 454
155 456
155 466
155 543
155 594
155 597
156 157
156 437
156 449
156 544
156 545
157 160
157 209
157 449
157 544
157 545
158 159
158 177
158 277
158 280
158 455
159 164
159 197
159 199
159 272
159 274
159 442
159 497
160 419
160 543
161 208
161 279
161 408
161 425
161 428
161 432
161 449
161 505
161 512
161 545
162 437
162 443
162 462
162 544
163 232
163 254
163 271
163 455
163 463
163 464
163 518
163 527
163 542
163 571
164 199
164 261
164 272
164 274
164 281
164 296
164 298
164 299
164 300
164 420
164 422
164 442
164 466
164 497
164 592
164 594
165 281
166 243
166 312
166 574
167 174
168 172
168 291
168 475
170 282
170 570
171 197
171 216
172 248
172 252
172 478
173 176
173 316
173 334
173 354
173 385
173 477
173 580
174 249
174 316
174 354
174 526
174 559
175 251
175 485
176 283
176 559
176 562
176 580
177 179
177 181
178 314
179 251
179 316
179 354
179 388
179 580
180 354
181 288
182 342
183 239
183 242
183 258
183 548
183 551
183 566
184 421
185 314
186 260
186 421
186 428
187 191
187 192
187 195
187 200
187 207
187 435
187 490
188 192
188 200
188 201
188 203
188 207
188 211
188 230
188 295
188 442
189 197
189 200
189 202
189 207
189 211
189 230
189 231
189 234
189 245
189 273
190 204
190 208
190 408
190 423
190 424
190 425
190 430
190 440
190 446
190 450
190 451
190 510
191 194
191 384
191 391
191 490
191 496
191 530
192 193
192 195
192 197
192 200
192 201
192 202
192 203
192 207
192 211
192 213
192 394
192 435
192 489
192 490
192 495
193 202
193 211
195 196
195 197
195 200
195 201
195 202
195 203
195 211
195 213
195 394
195 435
195 442
195 490
195 492
196 233
196 408
196 416
196 417
196 435
196 436
196 446
196 467
196 490
196 492
196 503
197 202
197 206
197 211
197 216
197 230
197 231
197 234
197 267
197 273
198 210
198 512
198 545
199 203
199 214
199 215
199 219
199 272
199 274
200 201
200 202
200 203
200 207
200 211
200 213
200 230
200 273
200 435
200 460
200 495
200 500
201 202
201 203
201 211
201 213
201 394
201 435
201 490
201 495
202 211
202 213
202 234
202 245
202 273
202 394
202 495
202 515
202 520
203 211
203 215
204 404
204 408
204 413
204 416
204 423
204 425
204 430
204 437
204 446
204 451
204 459
204 494
204 510
205 438
206 230
206 231
206 266
207 211
207 230
207 489
208 217
208 260
208 264
208 295
208 298
208 300
208 416
208 425
208 428
208 434
208 437
208 449
208 450
208 454
208 466
208 510
208 512
208 543
208 594
208 597
209 212
209 218
209 232
209 253
209 463
209 527
209 541
209 542
209 552
209 571
210 512
210 545
211 213
211 215
211 216
211 230
211 231
211 234
211 245
211 273
211 394
211 442
211 495
213 216
213 233
213 234
213 245
213 273
213 495
214 234
214 241
214 273
214 515
215 219
215 234
215 273
216 267
216 273
216 474
216 495
216 500
217 453
217 454
217 513
217 525
217 597
218 232
218 527
219 268
219 272
219 277
219 280
219 465
219 578
220 238
220 239
220 240
220 242
220 243
220 287
220 291
220 529
220 535
220 547
220 548
220 549
220 551
220 552
220 553
220 554
220 555
220 579
220 584
221 223
221 285
221 286
221 287
221 305
221 319
221 320
221 321
221 322
221 323
221 325
221 327
221 328
221 335
221 386
221 389
221 393
221 395
221 530
221 555
221 582
221 583
222 238
222 240
222 244
222 493
222 532
222 533
222 549
222 553
223 336
223 395
223 397
223 399
223 467
223 530
223 532
223 533
225 531
226 227
226 228
226 229
226 235
226 236
226 239
226 242
226 243
226 248
226 291
226 387
226 516
226 517
226 528
226 535
226 540
226 546
226 547
226 548
226 549
226 550
226 551
226 552
226 555
226 566
226 579
226 584
227 235
227 236
227 239
227 240
227 243
227 535
228 229
228 236
228 238
228 239
228 265
228 290
228 387
228 535
228 538
228 540
228 547
228 548
228 550
228 551
228 566
228 579
229 236
229 239
229 243
229 265
229 270
229 387
229 517
229 535
229 540
229 542
229 546
229 548
229 581
230 231
230 266
230 283
230 511
231 273
231 507
232 240
232 241
232 243
232 254
232 265
232 463
232 508
232 518
232 527
232 528
232 540
232 542
232 571
232 574
234 245
234 267
234 271
234 273
234 515
235 243
235 248
235 387
235 463
235 528
235 535
235 540
235 556
235 570
235 572
235 574
235 575
236 238
236 239
236 240
236 242
236 243
236 265
236 290
236 291
236 387
236 493
236 516
236 528
236 535
236 540
236 542
236 546
236 547
236 548
236 549
236 551
236 579
236 584
237 238
237 285
237 286
237 287
237 583
238 239
238 240
238 242
238 243
238 245
238 287
238 291
238 493
238 547
238 548
238 549
238 551
238 555
238 579
238 584
239 240
239 242
239 243
239 265
239 270
239 290
239 291
239 387
239 528
239 535
239 540
239 546
239 547
239 548
239 549
239 550
239 551
239 555
239 566
239 579
239 584
240 241
240 243
240 291
240 493
240 547
240 548
240 549
240 551
240 552
240 553
240 554
241 243
241 551
241 552
242 243
242 270
242 291
242 516
242 517
242 535
242 546
242 547
242 548
242 549
242 550
242 551
242 552
242 575
242 579
242 584
243 265
243 387
243 463
243 508
243 516
243 528
243 535
243 540
243 546
243 547
243 548
243 549
243 550
243 551
243 552
243 554
243 564
243 574
243 575
243 579
244 553
245 273
247 252
247 283
247 556
247 557
247 560
247 580
248 387
248 463
248 478
248 537
248 556
248 570
248 575
249 316
249 392
249 559
250 253
250 254
250 267
250 277
250 280
250 455
250 463
250 558
250 567
251 315
251 316
251 317
251 388
251 479
251 580
252 283
252 511
252 560
252 561
252 567
252 580
252 581
253 455
253 463
253 558
253 561
253 571
253 572
253 575
253 577
254 267
254 269
254 271
254 463
254 572
255 256
255 278
257 278
257 293
258 294
258 304
258 566
259 565
260 261
260 281
260 298
260 428
260 450
261 263
261 264
261 272
261 274
261 279
261 281
261 296
261 297
261 298
261 299
261 300
261 419
261 449
261 466
261 592
263 279
263 294
263 539
263 577
264 272
264 281
264 296
264 298
264 300
264 466
264 594
264 597
265 508
265 516
265 518
265 528
265 540
265 542
265 564
266 318
266 336
266 391
266 477
266 485
266 495
267 464
268 269
268 272
268 281
269 270
269 271
270 528
270 573
271 273
271 310
271 338
271 464
271 465
271 518
272 274
272 281
272 296
272 298
272 299
272 300
272 419
272 442
272 466
272 578
272 592
274 281
274 466
275 277
275 280
276 413
277 280
277 455
277 463
277 465
277 558
277 561
277 572
277 575
277 576
277 578
278 279
278 575
278 577
279 281
279 502
279 541
279 565
279 577
279 578
280 455
280 525
280 576
280 577
280 578
281 296
281 298
281 466
283 316
283 336
283 479
283 511
283 526
283 559
283 562
283 580
283 581
284 285
284 286
284 323
284 324
284 326
285 286
285 287
285 322
285 323
285 327
285 328
285 330
285 332
285 582
285 583
285 584
286 287
286 305
286 322
286 323
286 327
286 328
286 329
286 332
286 333
286 335
286 582
286 583
286 584
287 291
287 321
287 322
287 547
287 549
287 555
287 582
287 583
287 584
289 305
290 383
290 470
290 535
290 547
290 548
290 566
290 579
290 584
290 591
291 292
291 304
291 546
291 549
291 551
291 587
295 298
295 434
295 594
296 297
296 298
296 299
296 364
296 374
296 466
296 565
296 590
296 592
296 594
297 364
297 590
298 299
298 300
298 339
298 416
298 420
298 434
298 437
298 448
298 449
298 450
298 454
298 466
298 543
298 594
298 597
299 300
299 419
299 420
299 466
299 592
299 594
299 597
300 466
300 594
300 597
300 599
301 302
301 444
302 304
302 498
303 313
303 385
303 386
303 393
303 398
303 496
303 504
304 308
304 312
304 326
305 308
305 322
305 323
305 324
305 335
305 393
306 309
308 312
308 326
308 393
309 313
309 336
309 392
312 326
312 331
312 359
313 316
313 336
313 562
313 580
315 316
315 317
315 318
315 319
315 334
315 336
315 385
315 388
315 389
315 477
315 479
315 562
315 580
316 317
316 318
316 319
316 334
316 354
316 360
316 385
316 388
316 477
316 479
316 485
316 511
316 559
316 562
316 580
317 318
317 319
317 320
317 322
317 334
317 335
317 385
317 386
317 388
317 389
317 396
317 401
317 445
317 479
317 530
317 562
317 580
318 319
318 320
318 334
318 335
318 336
318 385
318 388
318 389
318 477
318 479
318 557
318 562
318 580
319 320
319 322
319 334
319 335
319 336
319 385
319 386
319 388
319 389
319 393
319 395
319 479
319 530
319 557
319 562
319 580
320 321
320 322
320 327
320 334
320 335
320 336
320 386
320 388
320 389
320 395
320 397
320 401
320 487
320 501
320 530
320 557
320 583
320 586
321 322
321 386
321 389
321 393
321 395
321 530
321 531
321 555
321 582
321 583
321 584
321 586
322 323
322 325
322 327
322 332
322 386
322 389
322 395
322 445
322 487
322 530
322 555
322 582
322 583
322 584
322 586
323 324
323 325
323 327
323 329
323 330
323 332
323 333
323 335
323 445
323 582
323 583
323 584
324 326
324 329
324 333
326 329
326 331
326 333
327 328
327 330
327 332
327 335
327 426
327 582
327 583
328 330
328 332
328 398
328 519
329 331
329 332
329 333
330 332
330 335
330 398
330 445
330 583
331 333
332 333
332 335
332 583
332 584
334 335
334 336
334 388
334 389
334 400
334 557
334 562
335 393
335 395
335 398
335 504
335 530
336 391
336 400
336 530
336 562
337 338
337 340
337 342
337 343
337 344
337 347
337 406
338 340
338 342
338 343
338 344
338 347
339 341
339 347
339 382
339 403
339 406
339 448
340 342
340 343
340 344
340 347
341 357
342 343
342 344
342 346
342 382
342 406
342 468
343 344
343 347
343 382
343 468
344 406
344 409
345 438
345 447
347 406
348 505
349 366
350 406
350 442
351 352
351 447
352 358
353 354
353 430
354 356
355 356
358 438
358 440
358 443
358 446
358 447
359 470
360 480
361 414
364 365
364 374
364 422
364 592
365 374
365 376
365 377
365 380
366 422
366 425
366 428
366 429
366 599
367 373
367 374
367 433
368 598
369 372
370 596
370 598
371 541
372 432
374 379
374 403
374 415
374 416
374 420
374 422
374 434
374 446
374 448
374 592
374 594
376 377
376 378
376 379
376 380
376 381
376 422
377 378
377 379
377 380
377 381
377 405
377 422
378 379
378 380
378 381
378 405
378 422
379 380
379 381
380 381
380 422
381 405
382 406
384 451
384 490
384 496
385 386
385 388
385 393
385 396
385 400
385 402
385 496
385 530
386 389
386 393
386 395
386 396
386 397
386 398
386 401
386 408
386 443
386 445
386 447
386 467
386 487
386 494
386 496
386 504
386 519
386 530
386 586
387 478
387 508
387 516
387 517
387 528
387 535
387 539
387 540
387 546
387 547
387 548
387 550
387 551
387 571
387 574
387 575
387 579
387 581
388 389
388 479
388 480
388 562
388 580
389 487
389 501
389 557
389 580
389 582
389 586
390 489
391 392
391 394
391 489
391 490
391 495
391 532
392 503
393 394
393 395
393 398
393 496
393 519
393 530
394 435
394 489
394 490
394 492
394 495
395 397
395 398
395 399
395 401
395 467
395 494
395 496
395 503
395 504
395 519
395 530
395 533
396 400
396 491
396 496
396 504
396 530
397 399
397 401
397 467
397 494
397 530
397 533
398 411
398 445
398 496
398 504
398 519
398 530
399 401
399 412
399 467
399 530
399 533
399 534
400 401
400 496
400 530
401 413
401 494
401 530
401 533
402 496
403 404
403 405
403 448
404 408
404 415
404 423
404 425
404 436
404 437
404 451
404 510
406 407
406 416
406 449
408 410
408 416
408 423
408 425
408 437
408 450
408 492
408 494
408 496
408 504
408 510
408 512
408 513
408 514
409 410
409 514
410 494
410 510
410 514
411 415
411 417
411 419
411 504
411 519
412 414
412 533
412 534
413 416
413 440
413 446
413 494
415 417
415 425
415 429
416 417
416 423
416 425
416 429
416 434
416 435
416 437
416 440
416 446
416 448
416 449
416 450
416 461
416 466
416 492
416 497
416 514
416 594
417 419
417 436
417 458
417 467
417 496
417 503
417 504
417 519
419 425
419 434
419 437
419 449
419 454
419 466
419 504
419 519
419 595
420 448
420 594
420 599
420 600
421 428
421 600
422 425
422 428
422 429
422 430
422 434
422 448
422 592
422 594
422 599
423 424
423 425
423 430
423 437
423 440
423 446
423 448
423 450
423 454
423 510
423 600
424 440
424 450
424 451
425 428
425 429
425 430
425 434
425 437
425 440
425 446
425 448
425 450
425 454
425 456
425 458
425 510
425 512
425 594
425 599
425 600
427 430
427 568
428 429
428 434
428 437
428 449
428 450
428 456
428 461
428 466
428 510
428 594
429 430
429 434
429 446
429 450
429 458
429 594
430 434
430 437
430 440
430 446
430 450
430 503
430 504
430 543
431 432
432 458
432 461
434 437
434 446
434 448
434 450
434 456
434 458
434 461
434 466
434 543
434 592
434 594
434 597
434 599
435 436
435 442
435 446
435 448
435 450
435 490
435 492
435 503
436 451
436 490
436 491
436 492
436 503
436 504
437 440
437 446
437 448
437 449
437 450
437 454
437 456
437 510
437 543
437 544
437 594
437 600
438 441
438 443
438 447
440 443
440 446
440 448
440 450
442 466
442 497
442 594
443 447
443 494
443 534
445 447
446 448
446 450
446 451
447 494
447 544
448 450
448 594
449 466
449 492
449 497
449 510
449 544
449 565
450 458
450 510
450 594
450 599
450 600
451 490
451 530
452 453
452 455
452 463
452 542
452 571
453 454
453 456
453 512
453 513
453 543
453 544
453 571
454 456
454 466
454 510
454 543
454 600
455 464
455 465
455 542
455 558
456 466
456 543
456 578
457 578
458 461
458 504
458 599
459 494
459 499
459 510
461 466
461 506
461 594
463 516
463 527
463 528
463 535
463 540
463 542
463 558
463 561
463 563
463 570
463 571
463 572
463 574
463 575
464 465
465 500
465 516
465 518
466 497
466 578
466 592
466 594
466 597
467 494
467 496
467 504
467 514
467 519
467 530
467 531
468 497
468 505
468 518
468 528
468 541
468 571
468 574
468 578
469 501
469 557
469 586
471 475
472 566
473 538
474 476
477 479
477 485
477 511
477 557
477 562
477 580
478 535
478 556
479 562
479 580
480 483
480 485
481 484
481 486
481 585
482 483
482 585
483 485
487 586
488 556
489 495
489 532
490 492
490 495
490 503
490 514
491 492
492 514
493 540
493 542
493 549
493 553
493 554
494 496
494 499
494 501
494 504
494 510
494 512
494 513
494 514
494 530
494 531
494 534
494 545
496 504
496 513
496 514
496 519
496 530
497 515
499 501
499 503
499 576
502 505
502 578
503 504
504 513
504 519
504 530
505 545
505 577
507 508
507 509
507 540
507 542
508 516
508 518
508 528
508 540
508 541
508 542
508 564
508 565
508 571
508 574
508 593
509 542
510 512
510 514
510 600
511 562
511 580
511 581
512 513
512 524
512 541
512 545
513 514
513 524
515 520
516 517
516 518
516 528
516 535
516 540
516 542
516 548
516 550
516 554
516 564
516 571
516 574
516 575
517 523
517 528
517 540
517 542
517 548
517 550
517 574
517 579
518 520
518 528
518 540
518 542
518 574
519 530
521 573
522 556
525 527
526 559
527 558
527 571
528 535
528 539
528 540
528 542
528 548
528 550
528 564
528 570
528 571
528 572
528 574
528 575
529 548
529 549
529 550
529 551
529 552
529 554
529 584
530 533
531 534
531 555
531 579
531 584
532 533
533 534
535 540
535 546
535 547
535 548
535 549
535 550
535 551
535 552
535 554
535 564
535 574
535 575
535 579
535 584
536 554
538 588
538 589
539 564
540 541
540 542
540 548
540 550
540 551
540 552
540 554
540 564
540 571
540 574
540 575
540 577
540 579
541 565
541 571
541 574
542 548
542 550
542 552
542 571
542 574
542 581
543 594
543 597
544 545
546 547
546 548
546 549
546 550
546 551
546 573
546 579
546 584
547 548
547 549
547 550
547 551
547 552
547 553
547 554
547 555
547 579
547 584
548 549
548 550
548 551
548 552
548 553
548 554
548 555
548 566
548 574
548 575
548 579
548 584
549 550
549 551
549 553
549 554
549 555
549 579
549 584
550 551
550 552
550 571
550 573
550 574
550 575
550 579
550 584
551 552
551 553
551 554
551 555
551 579
551 584
551 587
552 554
552 575
553 554
555 579
555 584
557 560
557 562
557 569
557 580
558 561
558 567
559 562
559 580
560 561
560 563
560 569
560 570
560 580
560 581
561 563
561 567
561 569
561 571
561 572
561 575
561 581
562 580
564 565
564 577
565 571
566 579
567 569
567 581
569 581
570 571
570 572
570 573
570 574
570 575
571 572
571 574
571 575
572 574
572 575
574 575
575 577
577 578
579 584
580 581
582 583
582 584
582 586
583 584
583 586
590 592
592 594
594 597
594 599
595 597
596 598
596 599
599 600
