600 3595

1 4
1 11
1 12
1 16
1 20
1 21
1 22
1 105
1 301
1 302
1 304
1 305
1 317
1 322
1 389
1 391
1 579
2 3
2 5
2 6
2 11
2 12
2 16
2 20
2 21
2 62
2 98
2 105
2 128
2 184
2 299
2 301
2 302
2 303
2 304
2 305
2 317
2 319
2 320
2 321
2 362
2 385
2 386
2 389
2 390
2 495
3 5
3 6
3 11
3 12
3 16
3 20
3 21
3 105
3 301
3 304
3 305
3 315
3 317
3 319
3 320
3 321
3 389
3 390
3 495
4 5
4 16
4 20
4 21
4 22
4 23
4 34
4 35
4 302
4 304
4 305
4 315
4 317
4 322
4 389
4 391
4 586
5 12
5 16
5 20
5 21
5 94
5 105
5 304
5 305
5 315
5 317
5 320
5 321
5 385
5 391
5 600
6 11
6 12
6 16
6 94
6 97
6 98
6 301
6 317
6 386
6 597
7 10
7 17
7 194
8 9
8 18
9 15
9 314
10 14
10 29
11 12
11 16
11 20
11 21
11 62
11 93
11 94
11 97
11 98
11 105
11 128
11 301
11 304
11 305
11 311
11 317
11 319
11 321
11 385
11 386
11 389
11 391
11 495
11 599
12 16
12 20
12 21
12 94
12 97
12 98
12 105
12 128
12 299
12 301
12 302
12 304
12 305
12 311
12 317
12 319
12 321
12 385
12 386
12 389
12 588
12 596
12 599
13 310
13 313
13 314
13 316
14 24
14 29
14 312
14 318
14 331
15 17
15 19
15 313
15 314
15 315
15 316
16 19
16 20
16 21
16 94
16 97
16 98
16 105
16 301
16 302
16 304
16 305
16 311
16 315
16 317
16 319
16 320
16 321
16 322
16 324
16 385
16 386
16 389
16 391
16 495
16 599
16 600
17 19
17 24
17 37
17 310
17 315
17 316
17 318
17 319
17 320
17 334
18 37
19 305
19 311
19 315
19 318
19 319
19 320
19 321
19 334
19 392
20 21
20 22
20 35
20 93
20 94
20 101
20 103
20 105
20 109
20 184
20 194
20 225
20 301
20 302
20 304
20 305
20 317
20 321
20 322
20 324
20 335
20 385
20 389
20 390
20 391
20 393
20 395
20 495
20 497
20 517
20 579
20 599
21 22
21 35
21 52
21 93
21 94
21 98
21 103
21 105
21 301
21 302
21 303
21 304
21 305
21 317
21 320
21 321
21 322
21 324
21 385
21 386
21 389
21 390
21 391
21 393
21 395
21 495
21 579
21 599
22 23
22 25
22 28
22 34
22 36
22 50
22 291
22 292
22 305
22 322
22 324
22 325
22 327
22 328
22 330
22 389
22 391
22 579
23 25
23 28
23 35
23 36
23 302
23 322
23 327
23 335
23 391
24 32
24 318
24 329
24 331
25 28
25 291
25 325
25 327
25 587
26 27
26 28
26 30
26 31
26 32
26 36
26 205
26 326
26 332
26 584
26 587
27 30
27 32
27 312
27 326
27 329
27 331
27 332
27 587
28 32
28 35
28 36
28 38
28 325
28 327
28 335
29 312
29 331
30 31
30 32
30 36
30 329
30 331
30 332
31 33
31 36
31 285
31 286
31 332
31 584
32 35
32 36
32 312
32 318
32 324
32 326
32 329
32 331
32 333
33 34
33 36
33 220
33 237
33 285
33 286
33 287
33 332
33 529
33 549
33 584
34 36
34 50
34 220
34 286
34 287
34 584
35 36
35 38
35 320
35 321
35 327
35 335
35 391
36 38
36 325
36 327
36 328
36 330
36 332
36 335
36 584
37 102
37 169
37 316
37 334
37 336
37 392
37 488
38 103
38 327
38 335
38 391
39 75
39 83
39 88
39 113
39 115
39 116
39 130
39 139
39 337
39 373
39 375
39 376
39 403
39 405
39 419
39 422
40 44
40 74
40 78
40 440
40 447
41 45
41 48
41 54
41 339
42 147
42 449
43 91
43 339
43 436
44 55
44 56
44 57
44 58
44 60
44 65
44 66
44 74
44 78
44 82
44 144
44 149
44 341
44 349
44 353
44 354
44 356
44 357
44 359
44 429
44 440
44 446
44 506
45 46
45 48
45 54
46 48
46 54
47 110
47 116
48 54
48 56
49 65
49 78
49 149
49 150
49 152
49 341
49 369
49 434
49 440
49 441
49 446
49 448
50 100
50 146
50 330
50 447
50 579
50 587
51 62
51 63
51 66
51 67
51 345
51 358
51 363
52 54
52 56
52 105
52 391
52 416
53 55
53 56
53 57
53 60
53 64
53 118
53 120
53 124
53 344
53 348
53 350
53 351
53 353
53 359
53 413
53 418
54 56
55 56
55 57
55 59
55 60
55 64
55 65
55 78
55 82
55 116
55 118
55 120
55 144
55 147
55 149
55 152
55 337
55 342
55 344
55 348
55 351
55 353
55 359
55 375
55 413
55 414
55 418
55 440
55 444
55 449
56 57
56 60
56 65
56 118
56 120
56 344
56 348
56 350
56 418
57 60
57 64
57 65
57 74
57 78
57 82
57 144
57 149
57 150
57 152
57 341
57 344
57 353
57 354
57 359
57 375
57 413
57 418
57 422
57 425
57 437
57 440
58 356
59 64
59 121
59 144
59 147
59 351
59 359
59 361
59 412
59 413
59 414
59 418
59 440
59 444
59 449
59 506
60 64
60 65
60 74
60 78
60 82
60 116
60 118
60 144
60 156
60 337
60 344
60 348
60 351
60 353
60 359
60 368
60 413
60 418
60 425
60 449
61 70
61 355
62 63
62 67
62 260
62 317
62 319
62 320
62 345
62 352
62 358
62 362
62 363
62 386
63 65
63 66
63 67
63 341
63 345
63 358
63 363
64 82
64 115
64 116
64 118
64 120
64 144
64 147
64 149
64 337
64 344
64 351
64 359
64 412
64 413
64 414
64 418
64 449
64 506
65 74
65 78
65 82
65 149
65 150
65 152
65 341
65 353
65 354
65 357
65 429
65 440
65 441
65 446
65 448
67 345
67 352
67 358
67 360
67 362
67 363
68 131
68 134
68 140
68 161
68 190
68 365
68 423
68 424
68 428
68 474
69 70
69 71
69 72
69 77
69 127
69 129
69 204
69 297
69 365
69 368
69 370
69 372
69 420
69 421
69 599
70 72
70 78
70 79
70 136
70 156
70 353
70 368
70 372
71 72
71 76
71 77
71 95
71 127
71 129
71 204
71 225
71 297
71 365
71 370
71 420
71 445
71 590
71 598
72 77
72 127
72 129
72 368
72 370
72 372
72 420
73 89
74 78
74 79
74 82
74 136
74 341
74 353
74 356
74 368
74 429
74 446
74 506
75 376
76 77
76 92
76 127
76 128
76 201
76 203
76 204
76 225
76 297
76 300
76 593
76 598
77 127
77 129
77 201
77 204
77 297
77 300
77 368
77 370
77 372
77 420
77 590
78 82
78 136
78 144
78 149
78 150
78 152
78 156
78 337
78 341
78 344
78 351
78 353
78 359
78 368
78 371
78 372
78 375
78 421
78 422
78 429
78 440
78 441
78 444
78 446
79 368
79 371
79 372
80 126
81 373
81 434
82 115
82 116
82 129
82 135
82 136
82 144
82 149
82 337
82 344
82 351
82 353
82 359
82 368
82 370
82 413
82 414
82 418
82 422
82 428
82 429
82 440
82 444
82 506
83 112
83 113
83 130
83 139
83 337
83 367
83 371
83 373
83 375
83 376
83 403
83 405
83 422
83 423
83 430
83 435
84 91
84 381
85 455
86 87
86 133
86 380
86 482
86 484
86 486
87 91
87 377
87 380
87 436
88 89
88 90
88 130
88 419
89 91
89 380
89 381
91 377
91 380
91 381
92 186
92 297
92 300
93 94
93 101
93 103
93 104
93 105
93 108
93 109
93 117
93 194
93 202
93 321
93 384
93 385
93 386
93 389
93 390
93 393
93 394
93 395
93 495
93 596
94 97
94 98
94 101
94 103
94 105
94 301
94 304
94 305
94 311
94 317
94 321
94 385
94 386
94 389
94 390
94 391
94 393
94 495
94 596
94 599
95 100
95 107
95 109
95 119
95 141
95 204
95 221
95 223
95 340
95 397
95 399
95 401
95 407
95 408
95 409
95 417
95 467
95 580
96 97
96 128
96 255
96 260
96 296
96 298
96 299
97 98
97 105
97 128
97 255
97 260
97 261
97 296
97 298
97 299
97 300
97 301
97 311
97 317
97 385
97 386
97 387
97 538
97 589
97 599
98 104
98 105
98 128
98 184
98 260
98 299
98 301
98 302
98 304
98 311
98 317
98 320
98 321
98 385
98 386
98 487
98 495
98 538
98 589
99 263
99 298
100 106
100 146
100 290
100 447
100 579
100 580
101 103
101 104
101 105
101 106
101 108
101 109
101 117
101 187
101 191
101 192
101 193
101 194
101 202
101 389
101 390
101 393
101 394
101 395
101 396
101 489
101 495
101 505
102 110
102 283
103 104
103 105
103 106
103 108
103 109
103 117
103 194
103 384
103 390
103 391
103 393
103 394
103 395
103 398
103 489
103 495
104 105
104 106
104 108
104 109
104 187
104 189
104 194
104 202
104 245
104 304
104 321
104 390
104 391
104 393
104 394
104 395
104 489
104 493
104 495
104 498
105 108
105 194
105 202
105 301
105 302
105 303
105 304
105 305
105 317
105 321
105 322
105 385
105 386
105 389
105 390
105 391
105 393
105 395
105 398
105 427
105 489
105 495
105 517
105 579
106 110
106 189
106 489
107 114
107 116
107 119
107 121
107 125
107 141
107 147
107 154
107 221
107 223
107 224
107 233
107 337
107 340
107 396
107 397
107 399
107 401
107 406
107 407
107 408
107 409
107 412
107 417
107 460
107 467
107 491
107 515
107 534
107 580
108 109
108 111
108 192
108 193
108 194
108 202
108 321
108 390
108 391
108 393
108 394
108 395
108 489
108 495
108 498
109 117
109 191
109 192
109 193
109 194
109 198
109 212
109 224
109 384
109 390
109 393
109 394
109 395
109 396
109 397
109 398
109 399
109 408
109 489
109 492
109 495
109 496
109 498
109 501
109 505
109 520
109 534
110 111
110 121
111 118
111 120
111 121
111 398
111 400
111 411
112 113
112 114
112 115
112 116
112 126
112 134
112 136
112 140
112 141
112 142
112 149
112 153
112 156
112 163
112 190
112 337
112 351
112 375
112 403
112 405
112 406
112 412
112 414
112 418
112 422
112 423
112 424
112 444
112 449
112 463
113 114
113 115
113 116
113 141
113 142
113 144
113 147
113 153
113 190
113 337
113 351
113 403
113 405
113 406
113 414
113 423
113 449
114 115
114 116
114 125
114 140
114 141
114 142
114 144
114 147
114 153
114 156
114 190
114 210
114 233
114 337
114 351
114 403
114 404
114 405
114 406
114 407
114 412
114 414
114 418
114 423
114 424
114 449
114 467
114 468
114 491
115 116
115 141
115 142
115 144
115 147
115 149
115 153
115 156
115 190
115 337
115 351
115 375
115 403
115 405
115 406
115 413
115 414
115 418
115 422
115 423
115 424
115 449
115 491
116 118
116 125
116 141
116 142
116 144
116 147
116 153
116 156
116 233
116 337
116 351
116 375
116 403
116 405
116 406
116 407
116 410
116 412
116 413
116 414
116 418
116 422
116 449
117 191
117 194
117 384
117 393
117 394
117 396
117 496
117 498
118 120
118 348
118 350
118 401
118 410
118 411
118 413
118 418
119 120
119 121
119 125
119 129
119 141
119 147
119 223
119 224
119 225
119 397
119 399
119 401
119 409
119 411
119 412
119 417
119 467
119 534
119 580
120 121
120 398
120 400
120 401
120 411
120 417
121 397
121 399
121 400
121 401
121 411
122 131
122 164
122 271
122 272
122 519
123 125
124 125
124 153
124 156
124 344
124 348
124 412
124 418
124 421
124 447
124 449
125 141
125 153
125 196
125 204
125 412
125 417
125 418
125 467
125 580
126 141
127 129
127 201
127 203
127 204
127 225
127 297
127 300
128 184
128 203
128 259
128 261
128 264
128 279
128 295
128 296
128 297
128 298
128 299
128 300
128 317
128 385
128 386
128 476
128 592
129 365
129 368
129 370
129 372
129 401
129 411
129 412
129 420
129 421
130 138
130 139
130 373
130 375
130 376
130 403
130 419
130 422
130 430
131 140
131 151
131 153
131 161
131 171
131 190
131 423
132 275
134 140
134 148
134 159
134 161
134 163
134 190
134 403
134 404
134 405
134 423
134 430
134 435
136 144
136 148
136 149
136 163
136 253
136 351
136 353
136 368
136 372
136 420
136 421
136 424
136 428
136 429
136 440
136 441
136 442
136 444
136 447
136 462
136 464
137 138
138 139
138 371
138 373
139 367
139 371
139 373
139 375
139 430
139 441
140 148
140 153
140 155
140 156
140 161
140 163
140 190
140 253
140 403
140 404
140 421
140 422
140 423
140 424
140 434
140 454
140 463
141 142
141 153
141 190
141 196
141 210
141 223
141 337
141 340
141 402
141 405
141 406
141 407
141 408
141 412
141 424
141 467
141 491
142 144
142 147
142 153
142 190
142 337
142 351
142 403
142 404
142 406
142 412
142 414
142 439
142 441
142 444
142 449
142 468
142 515
143 220
143 237
143 240
143 244
143 529
144 147
144 149
144 337
144 351
144 353
144 359
144 368
144 375
144 406
144 412
144 413
144 414
144 418
144 440
144 441
144 444
144 447
144 449
144 462
144 468
145 225
145 246
146 292
147 337
147 351
147 401
147 406
147 407
147 412
147 414
147 418
147 444
147 449
147 467
147 468
148 149
148 150
148 156
148 159
148 161
148 163
148 253
148 403
148 422
148 423
148 434
148 437
148 440
148 442
148 448
148 462
148 464
148 466
149 150
149 152
149 156
149 163
149 341
149 351
149 359
149 371
149 375
149 403
149 413
149 414
149 418
149 422
149 423
149 429
149 434
149 437
149 440
149 441
149 444
149 446
149 448
149 462
150 152
150 422
150 437
150 440
150 446
150 448
150 462
152 344
152 418
152 437
152 440
152 441
152 448
153 156
153 161
153 190
153 233
153 337
153 403
153 404
153 406
153 412
153 418
153 423
153 424
153 444
153 449
153 468
153 491
154 157
154 167
154 171
154 191
154 197
154 210
154 408
154 450
154 460
154 494
154 545
155 156
155 233
155 454
155 523
156 163
156 190
156 233
156 337
156 344
156 351
156 359
156 422
156 437
156 454
158 431
158 455
159 161
159 456
160 459
161 163
161 190
161 404
161 423
161 450
162 253
163 190
163 253
163 403
163 422
163 423
163 424
163 437
163 438
163 442
163 462
163 463
163 464
163 466
163 558
164 272
164 519
165 277
165 471
166 168
166 236
166 511
167 198
167 276
168 170
168 183
168 228
168 239
168 243
168 245
168 247
168 268
168 269
168 282
168 511
168 567
169 252
169 267
169 283
170 178
170 183
170 228
170 236
170 239
170 243
170 245
170 247
170 258
170 266
170 567
171 190
171 474
171 545
172 478
173 230
173 249
173 267
173 283
174 218
175 483
176 577
177 179
177 480
177 481
177 482
177 483
177 585
178 179
178 239
178 255
178 288
178 480
178 481
178 482
178 483
178 485
178 486
178 566
178 567
179 181
179 482
179 483
179 585
180 185
180 486
182 256
183 228
183 247
183 263
183 566
184 261
184 299
187 194
187 394
188 256
189 214
189 218
189 230
189 234
189 236
189 238
189 239
189 243
189 245
189 511
189 540
189 542
189 546
189 547
189 548
189 550
189 551
189 554
189 581
190 210
190 337
190 403
190 405
190 406
190 412
190 423
190 424
190 449
190 450
190 463
190 491
191 193
191 194
191 195
191 198
191 210
191 212
191 384
191 394
191 396
191 399
191 408
191 492
191 494
191 496
191 501
191 520
191 534
192 193
192 194
192 195
192 222
192 394
192 396
192 489
192 496
192 502
192 503
192 505
192 520
192 532
193 194
193 212
193 222
193 240
193 394
193 396
193 489
193 492
193 494
193 496
193 503
193 520
193 530
193 532
193 533
194 202
194 321
194 390
194 393
194 394
194 395
194 396
194 489
194 495
194 496
194 498
194 503
195 197
195 207
195 211
195 212
195 213
195 273
195 323
195 492
195 496
195 498
195 520
195 521
196 199
196 223
196 224
196 417
196 467
196 521
196 545
197 209
197 212
197 271
197 273
197 490
197 492
197 496
197 513
197 514
197 518
197 520
197 522
197 524
197 562
198 496
199 201
199 297
200 256
200 282
201 204
201 297
201 300
201 417
202 236
202 303
202 321
202 390
202 489
202 495
202 582
203 260
203 261
203 293
203 297
203 299
203 300
203 385
203 599
204 297
204 300
204 417
206 256
206 259
207 211
207 213
207 219
207 493
208 209
208 211
208 229
208 231
208 265
208 273
208 509
208 512
209 211
209 212
209 231
209 242
209 265
209 271
209 273
209 453
209 490
209 493
209 507
209 509
209 510
209 512
209 513
209 514
209 518
209 521
209 522
209 524
209 541
209 562
209 564
209 573
209 594
210 212
210 271
210 408
210 460
210 467
210 491
210 494
210 510
210 514
210 534
210 545
211 212
211 213
211 231
211 265
211 273
211 394
211 492
211 493
211 496
211 520
211 552
212 394
212 408
212 490
212 492
212 494
212 496
212 514
212 516
212 520
213 231
213 234
213 242
213 273
213 394
213 479
213 493
213 496
213 498
213 520
213 521
213 542
214 217
214 218
214 511
215 246
215 263
216 229
216 230
216 265
216 267
216 270
216 453
216 508
216 512
216 513
216 518
216 524
216 527
216 528
216 539
216 541
216 544
216 560
216 562
216 565
216 569
216 570
216 571
216 572
216 573
216 595
217 218
217 526
220 221
220 222
220 224
220 237
220 240
220 286
220 287
220 396
220 445
220 529
220 530
220 533
220 535
220 536
220 553
220 584
221 222
221 223
221 224
221 287
221 396
221 397
221 399
221 409
221 467
221 529
221 530
221 533
221 534
222 237
222 240
222 241
222 394
222 396
222 489
222 503
222 532
222 533
222 535
222 536
222 553
223 224
223 340
223 396
223 397
223 399
223 467
223 515
223 533
223 534
224 225
224 396
224 397
224 399
224 401
224 412
224 417
224 467
224 494
224 534
225 385
225 398
225 399
225 401
225 445
225 534
225 579
226 236
226 238
226 240
226 286
226 329
226 333
226 535
226 548
226 550
226 583
227 237
227 240
227 241
227 244
227 532
227 533
227 536
227 549
227 553
228 229
228 243
228 252
228 263
228 265
228 266
228 267
228 268
228 269
228 270
228 274
228 282
228 539
228 540
228 542
229 230
229 231
229 252
229 265
229 266
229 267
229 268
229 269
229 270
229 274
229 282
229 508
229 509
229 512
229 539
229 540
229 541
229 542
229 544
229 569
229 570
229 571
229 572
229 573
229 595
230 231
230 252
230 265
230 267
230 268
230 269
230 270
230 283
230 511
230 512
230 539
230 540
230 541
230 542
230 544
230 551
230 557
230 570
230 571
230 573
231 242
231 265
231 269
231 270
231 273
231 475
231 509
231 512
231 539
231 540
231 541
231 542
231 544
231 551
231 552
231 557
231 571
231 573
232 234
233 337
233 412
233 417
234 242
234 493
234 521
234 540
234 542
235 236
235 238
235 285
235 286
235 547
235 582
235 583
236 238
236 239
236 245
236 285
236 286
236 546
236 547
236 548
236 550
236 556
236 582
236 583
237 238
237 240
237 241
237 244
237 285
237 286
237 287
237 465
237 503
237 529
237 532
237 533
237 535
237 549
237 553
237 554
237 583
237 584
238 239
238 244
238 284
238 285
238 286
238 291
238 292
238 546
238 547
238 548
238 550
238 554
238 582
238 583
239 243
239 245
239 247
239 258
239 260
239 282
239 511
239 540
239 548
239 550
239 551
240 241
240 244
240 529
240 532
240 533
240 535
240 536
240 549
240 553
240 554
241 244
241 465
241 529
241 532
241 533
241 535
241 536
241 549
241 552
241 553
242 265
242 273
242 493
242 513
242 521
242 524
242 552
242 571
242 573
243 245
243 247
243 263
243 269
243 282
243 539
243 540
243 542
243 548
243 550
243 551
244 286
244 547
244 549
244 550
244 554
244 555
244 584
245 246
245 263
245 282
245 531
245 540
245 548
245 550
246 260
246 304
246 548
246 568
247 258
247 268
247 511
248 547
248 556
250 252
250 254
250 463
250 528
250 558
250 560
250 561
250 570
251 559
252 266
252 267
252 268
252 269
252 270
252 274
252 283
252 539
252 544
252 560
252 569
252 570
252 571
253 371
253 403
253 423
253 437
253 438
253 442
253 462
253 463
253 464
253 466
254 463
254 465
254 478
254 558
254 561
255 260
255 261
255 296
255 298
255 538
256 281
256 282
256 296
256 538
257 293
258 260
258 282
259 261
259 263
259 264
259 281
259 296
259 299
260 261
260 282
260 296
260 298
260 299
260 301
260 303
260 317
260 385
260 386
260 538
260 568
261 279
261 296
261 298
261 299
261 300
262 263
262 274
262 282
263 268
263 282
263 539
263 540
263 566
264 295
264 299
264 302
264 322
265 269
265 270
265 273
265 274
265 490
265 508
265 509
265 510
265 512
265 513
265 518
265 524
265 539
265 540
265 541
265 542
265 544
265 564
265 571
265 572
265 573
265 574
265 595
266 267
266 268
266 269
266 270
266 274
266 278
266 542
266 572
267 268
267 269
267 270
267 283
267 511
267 512
267 539
267 541
267 542
267 544
267 560
267 569
267 570
267 571
267 573
267 595
268 269
268 270
268 274
268 539
268 542
268 544
268 560
268 569
268 570
268 571
268 573
269 270
269 274
269 282
269 511
269 512
269 539
269 540
269 541
269 542
269 544
269 551
269 556
269 557
269 571
269 573
270 274
270 512
270 539
270 541
270 542
270 544
270 560
270 569
270 570
270 571
270 572
270 573
270 595
271 453
271 490
271 510
271 512
271 514
271 518
271 522
271 524
271 564
271 574
272 383
272 519
272 569
273 490
273 493
273 507
273 509
273 512
273 513
273 518
273 520
273 521
273 524
273 541
273 552
273 562
273 573
273 574
274 278
274 512
274 539
274 541
274 565
274 569
274 570
274 571
274 573
275 458
275 575
276 277
276 457
276 459
276 473
276 522
276 576
276 577
276 578
277 522
278 281
278 522
278 576
278 577
278 597
279 281
279 300
279 576
280 577
282 296
282 540
282 542
282 567
284 325
285 286
285 287
285 330
285 331
285 547
285 582
285 583
285 584
286 287
286 292
286 330
286 332
286 447
286 547
286 582
286 583
286 584
287 443
287 447
287 529
287 583
287 584
288 480
288 481
288 482
288 483
288 486
288 487
288 567
288 585
289 292
291 325
291 333
291 587
292 322
292 586
293 385
293 386
294 588
295 296
296 298
296 299
296 311
296 538
297 300
297 590
297 593
298 299
299 300
299 386
299 387
300 385
300 593
300 596
300 598
300 599
301 304
301 305
301 311
301 317
301 321
301 324
301 385
301 386
301 389
301 487
301 588
302 304
302 305
302 317
302 321
302 322
302 389
302 390
302 391
303 304
303 305
303 308
303 309
303 315
303 317
303 321
303 385
303 386
303 389
303 390
303 391
303 395
303 489
303 495
303 568
304 305
304 311
304 315
304 317
304 318
304 319
304 320
304 321
304 385
304 386
304 389
304 390
304 391
304 393
304 395
304 495
304 586
305 311
305 315
305 317
305 318
305 319
305 320
305 321
305 322
305 324
305 386
305 389
305 391
305 586
306 308
307 315
310 314
311 315
311 317
311 319
311 320
311 385
311 386
311 538
312 318
312 326
312 329
312 331
314 316
315 317
315 318
315 319
315 320
315 321
315 334
315 389
317 319
317 320
317 321
317 322
317 385
317 386
317 389
317 390
317 391
317 395
317 427
317 495
317 586
318 319
318 320
318 329
318 331
318 334
319 320
319 321
319 334
319 336
319 386
319 389
319 391
320 321
320 334
320 336
320 386
320 389
320 391
320 392
321 322
321 324
321 386
321 389
321 390
321 391
321 393
321 395
321 495
322 388
322 389
322 391
322 586
324 327
325 327
325 587
326 329
326 331
326 333
326 587
327 328
327 330
327 335
327 391
328 330
329 331
329 332
329 333
330 582
330 583
331 332
331 333
331 587
332 333
332 584
332 587
334 336
334 392
336 392
337 340
337 344
337 348
337 351
337 353
337 359
337 368
337 375
337 403
337 404
337 405
337 406
337 407
337 410
337 412
337 413
337 414
337 418
337 422
337 423
337 424
337 428
337 435
337 444
337 449
337 468
337 491
338 339
340 397
340 405
340 406
340 407
340 408
340 409
340 410
340 460
340 491
340 501
340 504
341 349
341 353
341 354
341 356
341 357
341 359
341 369
341 371
341 440
341 441
341 444
341 446
341 462
342 343
342 344
342 346
342 348
342 350
342 413
343 346
343 347
343 350
344 346
344 348
344 350
344 351
344 353
344 368
344 372
344 413
344 418
344 421
344 422
344 425
344 437
344 440
344 448
344 449
345 352
345 358
345 362
345 363
346 347
346 349
346 350
346 415
347 350
348 350
348 353
348 359
348 368
348 372
348 413
348 418
349 354
349 356
349 357
349 440
350 413
350 425
350 437
351 353
351 359
351 375
351 403
351 404
351 406
351 412
351 413
351 414
351 418
351 440
351 441
351 444
351 447
351 449
351 462
351 468
352 360
352 363
353 354
353 356
353 359
353 368
353 370
353 371
353 372
353 375
353 413
353 440
353 444
354 356
354 357
356 357
357 371
357 440
358 362
358 363
359 371
359 403
359 413
359 414
359 418
359 422
359 437
359 440
359 444
359 449
360 361
362 363
364 588
364 590
364 593
365 366
365 368
365 370
365 420
365 424
365 428
365 431
367 371
367 373
367 376
368 370
368 372
368 418
368 420
368 421
368 428
368 429
369 371
370 372
370 420
370 424
370 428
370 598
371 373
371 375
371 434
371 440
371 446
372 420
372 421
373 375
373 376
373 403
373 430
374 436
375 403
375 413
375 422
375 430
375 440
375 441
375 444
375 449
376 381
376 382
377 380
377 381
377 436
378 381
379 560
380 381
381 419
384 393
384 394
384 398
385 386
385 389
385 390
385 393
385 395
385 398
385 427
385 579
385 599
386 389
386 538
386 588
386 589
386 599
389 390
389 391
389 395
389 495
389 579
389 586
390 391
390 393
390 394
390 395
390 398
390 489
390 495
391 392
391 393
391 395
391 489
391 495
393 394
393 395
393 396
393 398
393 400
393 489
393 495
394 396
394 489
394 492
394 493
394 495
394 496
394 498
394 503
394 505
394 520
394 532
395 398
395 400
395 489
395 495
396 397
396 399
396 408
396 409
396 492
396 494
396 496
396 503
396 505
396 520
396 532
396 533
396 534
397 399
397 401
397 408
397 409
397 411
397 417
397 467
397 530
397 533
397 534
398 399
398 400
398 401
398 411
398 417
399 401
399 407
399 408
399 409
399 412
399 417
399 467
399 534
400 401
400 411
401 410
401 411
401 412
401 417
401 467
401 534
403 405
403 406
403 413
403 414
403 418
403 422
403 423
403 430
403 435
403 437
403 438
403 444
403 449
403 463
404 406
404 412
404 423
404 424
404 435
404 441
404 444
404 449
404 454
404 468
404 491
405 406
405 407
405 410
405 423
405 424
405 435
405 449
405 491
406 407
406 412
406 414
406 423
406 424
406 444
406 449
406 464
406 468
406 491
406 515
407 408
407 409
407 410
407 412
407 460
407 467
407 468
407 491
407 501
407 504
407 515
408 409
408 460
408 467
408 491
408 492
408 494
408 496
408 501
408 534
409 467
409 501
410 411
412 417
412 418
412 424
412 444
412 449
412 467
412 468
412 491
412 515
412 534
413 414
413 418
413 422
413 437
413 440
413 444
413 449
414 418
414 422
414 444
414 449
417 467
417 468
417 497
417 515
417 534
418 437
418 440
418 444
418 449
420 421
420 424
421 422
421 428
422 423
422 433
422 437
422 448
423 424
423 430
423 432
423 435
423 437
423 438
423 449
423 450
423 463
423 464
423 466
423 491
424 428
424 450
424 455
424 464
424 474
424 491
426 430
427 568
427 586
427 588
428 429
428 464
430 432
430 435
431 455
432 451
432 458
432 461
432 463
434 437
434 448
434 466
435 461
437 438
437 440
437 446
437 448
437 462
437 466
438 463
439 515
440 441
440 444
440 446
440 448
440 449
440 462
441 444
441 447
441 449
441 462
442 462
444 447
444 449
444 462
445 529
445 534
446 448
448 462
448 466
449 468
449 491
450 461
451 490
451 510
451 574
452 474
453 490
453 508
453 510
453 512
453 513
453 518
453 523
453 524
453 527
453 528
453 544
453 562
453 564
453 565
453 569
453 570
453 571
453 573
453 574
454 468
455 456
455 458
456 458
456 500
457 522
457 576
457 577
457 578
458 502
459 473
459 500
460 491
460 492
460 494
460 501
461 500
462 466
463 464
463 465
463 558
463 561
463 563
464 558
464 563
465 502
465 516
465 537
465 549
465 553
465 558
465 561
467 534
467 580
468 491
468 515
468 545
469 524
470 593
472 476
473 501
475 571
477 527
480 481
480 482
480 483
480 484
481 482
481 483
481 484
481 485
481 486
481 567
482 483
482 484
483 485
483 559
483 567
483 585
485 567
489 495
489 531
489 582
490 510
490 512
490 513
490 514
490 516
490 518
490 520
490 522
490 524
490 527
490 562
490 564
490 573
490 574
491 494
491 515
492 494
492 496
492 501
492 514
492 520
493 495
493 498
493 513
493 521
493 531
493 540
493 541
493 542
494 514
494 516
494 520
494 529
494 530
494 533
494 534
495 531
496 501
496 520
497 579
498 520
498 521
499 501
502 503
502 505
502 516
503 505
503 532
505 516
505 520
507 508
507 512
507 562
507 572
507 577
508 512
508 571
508 573
509 512
509 513
509 571
509 572
509 573
510 514
510 516
510 518
510 564
510 574
511 542
511 550
511 551
512 513
512 518
512 522
512 524
512 541
512 542
512 544
512 562
512 564
512 565
512 569
512 570
512 571
512 572
512 573
512 574
512 595
513 514
513 518
513 520
513 521
513 524
513 527
513 541
513 552
513 562
513 564
513 571
513 573
513 574
514 516
514 518
514 520
514 524
514 562
514 574
514 578
515 545
516 520
517 600
518 520
518 521
518 522
518 524
518 525
518 527
518 541
518 562
518 564
518 565
518 571
518 572
518 573
518 574
518 577
518 578
519 578
520 521
520 524
520 527
520 532
520 552
521 527
521 542
521 544
522 562
522 572
522 574
522 576
522 577
522 578
523 543
524 527
524 562
524 564
524 571
524 573
524 574
525 527
525 564
526 527
527 562
527 564
527 573
528 560
528 570
529 530
529 532
529 533
529 535
529 536
529 553
529 584
530 533
530 553
531 532
531 547
531 554
531 555
532 533
532 535
532 536
532 549
532 552
532 553
532 554
533 535
533 536
533 553
535 536
535 553
535 554
536 537
536 553
537 553
538 567
538 589
539 540
539 541
539 542
539 544
539 560
539 565
539 569
539 570
539 571
539 572
539 573
539 595
540 541
540 542
540 551
540 567
541 542
541 544
541 565
541 569
541 570
541 571
541 572
541 573
541 595
542 544
542 551
542 557
542 567
542 571
542 573
543 544
544 569
544 570
544 571
544 572
544 573
546 547
546 550
546 554
546 583
547 548
547 549
547 550
547 554
547 555
547 582
547 583
548 550
548 551
548 554
548 568
549 552
549 553
549 554
549 555
550 551
550 554
550 555
551 554
552 553
554 555
556 557
557 571
557 573
558 561
559 567
560 561
560 569
560 570
560 571
561 570
562 564
562 565
562 572
562 574
562 577
562 594
564 565
564 574
565 569
565 572
565 577
565 592
565 595
566 568
569 570
569 571
569 573
569 595
570 571
570 573
571 572
571 573
571 595
572 573
572 577
572 597
573 574
576 577
577 578
577 594
582 583
584 587
588 589
588 596
588 599
589 596
590 593
590 598
590 599
591 593
592 596
592 597
593 596
594 595
596 598
596 599
598 599
