600 3594

1 290
2 301
2 302
2 322
3 7
3 308
4 11
4 19
4 22
5 24
5 29
5 304
5 319
5 324
5 326
5 331
6 264
7 15
7 249
7 485
8 486
9 15
10 266
11 16
11 19
11 20
11 21
11 23
11 94
11 101
11 103
11 319
11 320
11 321
12 14
12 15
12 16
12 17
12 309
12 313
12 315
13 313
14 15
14 16
14 17
14 313
14 315
14 316
14 318
15 17
15 313
15 315
15 316
16 17
16 19
16 23
16 318
16 319
16 320
17 19
17 37
17 313
17 315
17 316
17 318
18 37
18 98
18 100
18 101
18 103
18 319
18 389
18 391
19 21
19 23
19 26
19 33
19 37
19 38
19 220
19 221
19 237
19 318
19 319
19 320
19 333
19 334
19 335
19 336
20 21
20 33
20 94
20 95
20 98
20 100
20 101
20 103
20 104
20 292
20 305
20 319
20 320
20 321
20 322
20 390
20 391
20 530
21 30
21 33
21 36
21 100
21 101
21 103
21 220
21 237
21 287
21 292
21 319
21 320
21 321
21 322
21 323
21 324
21 327
21 329
21 332
21 333
21 334
21 335
21 336
21 391
21 392
21 529
21 530
22 28
22 31
22 327
22 583
23 26
23 28
23 31
23 38
23 303
23 319
23 320
23 324
24 29
24 304
24 326
25 229
25 230
26 28
26 31
26 34
26 36
26 220
26 237
26 286
26 287
26 327
26 328
26 332
26 333
26 335
27 32
28 30
28 31
28 34
28 287
28 327
28 328
28 332
28 584
29 32
29 312
29 331
30 33
30 36
30 220
30 237
30 287
30 320
30 323
30 324
30 328
30 329
30 330
30 332
30 333
30 335
31 34
31 36
31 220
31 237
31 286
31 287
31 327
31 328
32 312
33 34
33 35
33 36
33 38
33 100
33 101
33 220
33 221
33 222
33 237
33 287
33 320
33 321
33 323
33 324
33 328
33 329
33 330
33 332
33 333
33 334
33 335
33 336
33 391
33 392
33 529
33 530
33 533
34 36
34 97
34 99
34 220
34 237
34 262
34 286
34 287
34 327
34 328
34 332
34 335
34 439
34 529
34 530
34 549
34 553
34 584
35 36
35 37
35 38
35 220
35 221
35 237
35 333
35 334
35 336
35 389
35 392
36 38
36 220
36 221
36 237
36 287
36 328
36 329
36 330
36 332
36 333
36 334
36 335
36 336
36 529
36 530
36 553
37 38
37 102
37 221
37 313
37 320
37 334
37 336
37 392
38 220
38 221
38 237
38 287
38 320
38 332
38 333
38 334
38 335
38 336
38 392
38 530
39 42
39 47
39 88
39 89
39 113
39 115
39 116
40 44
40 49
40 50
40 54
40 58
40 61
40 63
40 78
40 82
40 132
40 142
40 144
40 355
40 418
40 440
41 42
41 43
41 45
41 46
41 48
41 53
41 54
41 55
41 58
41 88
41 89
41 115
41 337
41 342
41 343
41 346
41 347
41 349
41 409
41 411
42 43
42 45
42 46
42 47
42 48
42 53
42 54
42 55
42 58
42 59
42 60
42 88
42 89
42 115
42 116
42 138
42 337
42 340
42 342
42 347
42 349
42 409
43 45
43 46
43 48
43 52
43 54
43 55
43 81
43 88
43 89
43 90
43 91
43 122
43 337
43 338
43 339
43 342
43 343
43 344
43 347
43 349
43 353
43 356
43 381
43 396
43 398
44 49
44 50
44 54
44 58
44 61
44 63
44 74
44 75
44 79
44 82
44 126
44 134
44 138
44 141
44 149
44 150
44 161
44 242
44 341
44 353
44 355
44 356
44 357
44 359
44 372
44 418
44 429
44 430
44 440
45 46
45 48
45 50
45 54
45 58
45 59
45 61
45 73
45 89
45 337
45 342
45 343
45 344
45 346
45 347
45 349
45 409
45 447
46 48
46 54
46 89
46 337
46 338
46 340
46 342
46 343
46 344
46 346
46 347
46 349
46 409
46 411
47 56
47 57
47 115
47 116
47 204
47 337
47 340
47 405
47 406
48 52
48 54
48 57
48 89
48 337
48 338
48 340
48 342
48 343
48 345
48 346
48 347
48 349
48 351
48 358
48 409
48 411
49 50
49 54
49 58
49 60
49 61
49 63
49 64
49 65
49 75
49 79
49 81
49 82
49 90
49 91
49 126
49 134
49 136
49 140
49 141
49 148
49 149
49 150
49 159
49 161
49 339
49 341
49 348
49 353
49 355
49 356
49 357
49 359
49 415
49 418
49 430
49 437
49 440
49 446
49 448
49 456
49 462
50 51
50 54
50 58
50 59
50 63
50 82
50 124
50 149
50 447
51 62
51 124
51 345
51 362
52 57
52 338
52 342
52 343
52 345
52 346
52 347
52 351
52 352
52 358
52 416
53 54
53 55
53 60
53 61
53 348
53 353
53 357
53 359
53 418
53 426
53 444
53 456
54 55
54 58
54 59
54 60
54 61
54 63
54 82
54 88
54 89
54 115
54 116
54 124
54 142
54 144
54 146
54 337
54 338
54 340
54 342
54 343
54 344
54 346
54 347
54 348
54 349
54 350
54 353
54 355
54 356
54 357
54 359
54 407
54 409
54 418
54 447
55 57
55 58
55 59
55 60
55 64
55 66
55 115
55 299
55 348
55 413
56 57
56 60
56 65
56 204
56 381
56 413
57 59
57 60
57 64
57 65
57 125
57 152
57 347
57 358
57 412
57 413
58 59
58 60
58 61
58 63
58 64
58 82
58 89
58 115
58 123
58 124
58 138
58 142
58 150
58 337
58 340
58 342
58 344
58 346
58 348
58 349
58 350
58 353
58 355
58 356
58 357
58 359
58 406
58 409
58 418
58 447
58 462
59 60
59 63
59 64
59 124
59 311
59 349
59 351
59 447
60 61
60 64
60 65
60 66
60 79
60 341
60 347
60 348
60 350
60 353
60 354
60 355
60 356
60 357
60 359
60 363
60 413
60 422
61 63
61 64
61 75
61 79
61 82
61 91
61 134
61 145
61 146
61 161
61 203
61 339
61 341
61 344
61 348
61 349
61 353
61 354
61 355
61 356
61 357
61 359
61 363
61 375
61 415
61 418
61 421
61 429
61 430
61 437
61 440
61 444
61 448
61 454
61 456
62 67
62 345
62 351
62 352
62 358
63 64
63 65
63 68
63 75
63 82
63 341
63 355
63 356
63 357
63 359
64 82
64 125
64 134
64 152
64 357
64 414
65 79
65 149
66 354
66 362
66 363
67 81
67 345
67 351
67 361
67 363
67 412
67 414
68 69
68 82
68 341
68 353
68 355
68 364
68 365
68 383
68 429
69 70
69 71
69 74
69 79
69 129
69 242
69 294
69 341
69 364
69 365
69 367
69 368
69 370
69 373
69 415
69 421
69 429
69 438
69 440
69 592
69 593
70 71
70 180
70 294
70 370
70 593
71 129
71 341
71 364
71 368
71 370
71 420
71 421
71 429
71 438
71 592
71 593
72 77
73 74
73 75
73 82
73 372
74 78
74 82
74 203
74 365
74 367
74 368
74 369
74 372
74 425
74 429
74 435
74 437
74 442
75 79
75 82
75 140
75 355
75 359
76 127
76 145
76 148
76 228
76 260
76 293
76 427
76 428
76 429
76 437
76 448
76 456
76 481
76 599
77 175
78 82
78 201
78 372
78 442
79 81
79 82
79 83
79 88
79 90
79 122
79 126
79 140
79 141
79 339
79 341
79 353
79 359
79 368
79 370
79 376
79 422
79 430
79 440
80 546
81 87
81 90
81 91
81 122
81 126
81 140
81 339
81 341
81 347
81 353
81 359
81 364
81 365
81 368
81 374
81 377
81 380
81 421
81 422
81 434
81 440
82 90
82 126
82 134
82 138
82 140
82 141
82 149
82 150
82 161
82 162
82 353
82 355
82 359
82 372
82 375
82 418
82 430
82 432
82 442
82 462
82 577
83 126
83 129
83 140
83 141
83 368
83 370
83 421
83 422
83 423
83 430
83 434
83 440
84 86
84 87
84 377
84 380
85 442
86 87
86 91
86 374
86 377
86 380
86 381
87 90
87 374
87 377
87 380
87 381
88 89
88 95
88 109
88 115
88 116
88 126
88 130
88 138
88 204
88 376
88 405
88 406
88 409
88 410
88 435
89 115
89 337
89 342
89 343
89 344
89 346
89 347
89 349
89 398
89 409
89 411
90 122
90 126
90 339
90 341
90 353
90 355
90 359
90 368
90 380
91 339
91 353
91 354
91 355
91 363
91 380
91 381
92 487
93 98
93 105
93 389
94 98
94 101
94 103
94 321
95 101
95 104
95 109
95 117
95 118
95 305
95 390
95 396
95 398
95 405
95 410
96 144
97 98
97 99
97 104
97 220
97 262
97 287
97 382
97 386
97 439
97 441
97 529
97 530
97 534
97 553
98 100
98 101
98 103
98 104
98 105
98 321
98 389
98 390
98 391
98 397
98 530
99 109
99 117
99 136
99 201
99 203
99 262
99 287
99 339
99 386
99 415
99 439
99 448
99 529
100 101
100 103
100 104
100 105
100 221
100 319
100 320
100 321
100 322
100 336
100 389
100 390
100 391
100 392
100 395
100 397
100 530
101 103
101 104
101 105
101 117
101 220
101 305
101 319
101 320
101 321
101 322
101 332
101 335
101 386
101 389
101 390
101 391
101 395
101 397
101 530
101 533
102 110
102 319
102 320
102 336
102 392
103 104
103 105
103 117
103 118
103 221
103 317
103 319
103 321
103 386
103 389
103 390
103 391
103 392
103 397
103 530
104 105
104 109
104 117
104 321
104 386
104 388
104 389
104 390
104 391
104 395
104 396
104 397
104 398
104 399
104 416
104 529
104 530
104 533
104 579
105 106
105 110
105 321
105 385
105 386
105 389
105 390
105 391
105 395
105 397
105 399
105 533
105 579
106 110
106 221
106 223
106 304
106 392
106 395
106 397
107 109
107 112
107 113
107 114
107 115
107 116
107 130
107 154
107 191
107 192
107 194
107 197
107 199
107 295
107 403
107 404
107 406
107 423
107 435
108 189
108 191
108 192
109 116
109 117
109 118
109 123
109 154
109 200
109 201
109 344
109 390
109 396
109 398
109 405
109 406
109 409
109 410
109 416
109 419
110 111
110 223
110 283
110 397
112 113
112 114
112 130
112 131
112 141
112 159
112 194
112 197
112 199
112 295
112 403
112 404
112 423
112 424
112 439
112 456
112 461
112 524
113 114
113 115
113 116
113 130
113 199
113 403
113 404
113 406
113 407
113 435
114 116
114 190
114 191
114 192
114 193
114 194
114 197
114 199
114 201
114 271
114 404
114 408
115 116
115 138
115 204
115 403
115 406
115 407
115 409
115 411
116 130
116 201
116 204
116 340
116 344
116 396
116 398
116 402
116 403
116 406
116 407
116 408
116 409
116 410
116 435
117 118
117 299
117 386
117 390
117 396
117 398
117 405
117 529
118 120
118 396
118 398
118 409
118 410
119 534
120 398
120 401
121 360
122 126
122 141
122 203
122 274
122 339
122 341
122 353
122 356
122 359
122 415
122 443
122 445
123 337
123 340
123 349
123 356
123 396
123 398
123 405
123 406
123 409
123 416
123 417
124 346
124 349
124 350
125 152
125 155
125 156
125 157
125 350
125 357
125 418
125 454
125 543
126 134
126 141
126 150
126 372
126 465
126 477
126 516
127 131
127 132
127 148
127 163
127 227
127 260
127 278
127 293
127 418
127 426
127 454
127 456
127 481
127 537
127 543
127 571
127 599
128 131
128 176
128 258
128 260
128 263
128 264
128 273
128 450
128 539
128 600
129 140
129 141
129 145
129 148
129 160
129 161
129 242
129 296
129 297
129 341
129 357
129 364
129 370
129 415
129 420
129 421
129 422
129 423
129 428
129 429
129 430
129 434
129 437
129 438
129 440
129 448
129 592
129 596
130 138
130 165
130 299
130 403
130 422
130 423
130 430
131 228
131 539
132 142
132 227
132 426
132 537
133 134
133 135
133 165
133 227
133 371
133 372
133 421
133 429
133 430
133 432
133 437
133 536
133 537
134 138
134 140
134 141
134 150
134 159
134 161
134 162
134 165
134 227
134 254
134 296
134 353
134 355
134 372
134 421
134 422
134 429
134 430
134 432
134 437
134 462
134 536
134 537
135 186
135 367
135 368
135 370
135 429
135 430
135 458
136 148
136 154
136 158
136 159
136 160
136 191
136 194
136 201
136 203
136 262
136 415
136 428
136 431
136 440
136 446
136 448
136 455
136 456
136 458
137 138
137 430
138 161
138 372
138 430
138 432
139 430
140 368
140 370
140 372
140 374
140 421
140 430
140 434
141 148
141 149
141 150
141 152
141 159
141 161
141 203
141 341
141 353
141 355
141 357
141 372
141 415
141 418
141 421
141 422
141 425
141 430
141 435
141 437
141 440
141 448
141 577
142 144
142 340
142 342
142 344
142 346
142 349
142 353
142 356
142 382
142 409
142 418
142 437
142 441
142 448
143 145
143 225
143 242
143 244
143 262
143 364
143 415
143 420
143 421
143 434
143 439
143 440
143 443
143 534
143 584
143 596
144 175
144 418
144 481
144 486
145 146
145 147
145 148
145 163
145 165
145 242
145 353
145 357
145 415
145 418
145 425
145 428
145 429
145 437
145 438
145 440
145 448
145 456
145 458
146 175
146 344
146 369
146 418
146 458
146 484
146 568
147 296
148 154
148 156
148 157
148 158
148 159
148 160
148 161
148 163
148 203
148 219
148 242
148 341
148 415
148 418
148 421
148 423
148 428
148 437
148 439
148 440
148 448
148 454
148 455
148 456
148 458
148 543
149 150
149 357
149 375
149 418
149 430
149 440
149 461
150 201
150 355
150 372
150 418
150 435
150 442
150 446
150 466
150 500
151 272
153 155
153 156
153 157
153 163
153 196
153 214
153 224
153 233
153 272
153 418
153 449
153 454
153 462
153 467
153 515
153 543
154 157
154 158
154 159
154 163
154 191
154 192
154 194
154 197
154 201
154 202
154 203
154 210
154 214
154 262
154 415
154 454
154 455
154 456
154 458
155 156
155 157
155 214
155 218
155 225
155 244
155 267
155 418
155 454
155 462
155 515
155 543
155 545
156 157
156 225
156 244
156 246
156 267
156 418
156 448
156 454
156 543
156 545
157 225
157 282
157 418
157 437
157 439
157 443
157 448
157 454
157 534
157 543
157 545
158 159
158 163
158 275
158 428
158 454
158 455
158 456
158 458
158 464
158 577
159 160
159 161
159 163
159 203
159 219
159 277
159 281
159 415
159 418
159 422
159 423
159 428
159 430
159 437
159 440
159 442
159 446
159 448
159 454
159 455
159 456
159 458
159 464
159 466
159 577
160 203
160 341
160 370
160 378
160 415
160 420
160 421
160 422
160 423
160 428
160 437
160 438
160 439
160 440
160 445
160 446
160 448
160 456
160 458
160 529
161 162
161 199
161 203
161 372
161 429
161 430
161 432
161 456
161 458
161 577
162 163
162 165
162 254
162 372
162 430
162 432
162 458
162 460
162 462
162 463
162 464
162 469
163 165
163 254
163 404
163 418
163 428
163 432
163 437
163 454
163 455
163 456
163 458
163 462
163 464
163 515
163 543
163 577
164 272
164 274
164 467
165 197
165 254
165 275
165 379
165 423
165 430
165 432
165 458
165 460
165 469
165 577
166 168
166 471
167 197
168 170
168 507
168 564
169 559
170 247
170 248
170 538
170 542
170 546
170 560
171 524
172 250
172 475
172 478
172 560
173 479
174 461
175 176
175 177
175 178
175 179
175 182
175 183
175 255
175 288
175 289
175 290
175 427
175 457
175 480
175 481
175 482
175 483
175 484
175 486
175 585
176 177
176 178
176 179
176 181
176 182
176 184
176 255
176 288
176 293
176 427
176 480
176 481
176 482
176 483
176 484
176 485
176 486
176 566
176 567
176 585
177 178
177 179
177 181
177 182
177 183
177 255
177 269
177 288
177 289
177 290
177 427
177 480
177 481
177 482
177 483
177 484
177 485
177 486
177 566
177 567
177 585
178 179
178 183
178 255
178 269
178 480
178 481
178 482
178 483
178 484
178 486
178 566
178 585
179 181
179 182
179 184
179 255
179 288
179 289
179 290
179 293
179 427
179 480
179 481
179 482
179 483
179 484
179 485
179 486
179 566
179 585
180 183
180 185
180 228
180 294
180 484
180 563
181 255
181 427
181 480
181 481
181 483
181 485
181 566
181 585
182 255
182 427
182 457
182 480
182 481
182 483
182 484
183 226
183 255
183 263
183 269
183 480
183 481
183 482
183 483
183 484
183 486
183 488
183 566
183 585
184 483
187 283
188 295
189 192
189 198
189 230
189 394
189 489
189 532
190 208
190 209
190 450
190 451
191 192
191 193
191 194
191 197
191 201
191 203
191 210
191 212
191 216
191 262
191 419
192 193
192 194
192 212
193 194
193 198
193 201
193 202
193 212
193 213
193 271
194 197
194 199
194 200
194 201
194 203
194 210
194 262
194 281
194 419
194 423
194 425
194 504
195 200
195 202
196 202
196 213
196 214
196 224
196 233
196 234
196 245
196 251
196 467
196 497
196 520
197 199
197 203
197 217
197 403
197 423
197 435
197 500
197 504
197 524
198 199
198 200
198 201
198 203
198 281
198 394
198 502
198 504
199 200
199 201
199 203
199 281
199 403
199 404
199 406
199 423
199 435
199 461
199 500
199 504
199 524
200 201
200 202
200 203
200 215
200 281
200 282
200 443
200 502
200 504
201 203
201 281
201 394
201 406
201 408
201 419
201 425
201 435
201 500
201 502
201 504
202 214
203 242
203 262
203 281
203 282
203 339
203 341
203 353
203 370
203 415
203 418
203 419
203 421
203 423
203 425
203 429
203 435
203 437
203 439
203 440
203 443
203 446
203 448
203 456
203 458
203 502
203 504
203 529
204 375
204 405
204 409
204 435
205 434
206 538
206 567
207 581
208 209
208 210
208 212
208 216
209 211
209 212
211 212
211 229
211 230
211 231
211 511
211 580
211 581
213 233
213 271
214 218
215 282
216 280
216 281
218 234
218 267
218 452
219 277
219 281
219 465
220 221
220 222
220 237
220 287
220 320
220 321
220 327
220 328
220 330
220 332
220 333
220 334
220 335
220 336
220 445
220 529
220 530
220 533
220 553
221 222
221 223
221 237
221 319
221 320
221 321
221 333
221 334
221 335
221 336
221 389
221 391
221 392
221 397
221 530
221 533
222 223
222 237
222 240
222 333
222 389
222 530
222 532
222 533
222 553
222 554
223 283
223 392
223 533
224 233
224 245
224 531
224 532
225 244
225 246
225 282
225 439
225 534
225 543
226 235
226 236
226 238
226 239
226 243
226 247
226 265
226 542
226 547
226 548
227 418
227 426
227 429
227 437
227 462
227 469
227 536
227 537
228 246
228 263
228 282
228 387
228 586
229 230
229 231
229 241
229 291
229 511
229 519
229 520
229 521
229 540
229 542
229 546
229 547
229 551
229 581
230 231
230 241
230 489
230 495
230 511
230 520
230 581
231 236
231 238
231 265
231 511
231 540
231 542
231 546
231 547
231 551
231 581
232 268
232 270
232 544
232 570
233 234
233 498
233 520
234 265
235 236
235 238
235 265
236 238
236 248
236 265
236 284
236 285
236 540
236 547
236 551
236 582
237 240
237 286
237 287
237 328
237 329
237 332
237 333
237 334
237 335
237 336
237 529
237 530
237 553
237 584
238 239
238 240
238 241
238 243
238 540
238 547
238 548
238 550
239 243
239 247
239 252
239 540
239 548
239 550
240 244
240 246
240 286
240 529
240 549
240 553
240 554
241 547
241 551
242 341
242 370
242 372
242 415
242 421
242 423
242 425
242 428
242 429
242 437
242 438
242 439
242 440
242 448
242 552
244 246
244 415
244 439
244 454
244 529
244 534
244 549
244 553
245 531
245 532
245 554
246 387
246 531
246 534
246 597
247 252
247 542
247 548
247 560
247 562
248 250
248 476
248 556
250 252
250 561
252 548
252 560
253 254
253 267
253 463
253 558
253 561
254 437
254 454
254 462
254 463
254 464
254 465
254 469
254 543
254 558
254 561
255 256
255 257
255 258
255 269
255 288
255 480
255 481
255 482
255 483
255 484
255 486
255 538
255 566
255 567
255 585
255 588
256 258
256 310
256 507
256 508
256 512
256 538
256 541
256 566
256 572
257 258
257 293
257 481
257 538
257 566
257 588
258 294
258 485
258 538
258 567
258 585
258 588
259 261
260 293
260 599
261 294
261 297
261 592
262 287
262 298
262 415
262 423
262 425
262 428
262 439
262 529
263 289
263 566
263 588
264 512
264 539
264 541
265 284
265 542
265 547
266 479
267 274
267 454
268 476
268 528
268 544
268 570
269 567
269 585
270 279
270 573
272 467
272 468
275 455
275 458
275 575
275 576
275 577
276 434
277 465
277 575
277 576
277 577
280 281
281 425
281 435
281 504
282 290
282 417
282 439
282 443
282 448
282 534
282 579
283 389
283 391
283 579
283 580
284 285
284 547
285 540
285 547
285 582
285 583
285 587
286 287
286 327
286 328
286 332
286 549
286 553
286 584
287 327
287 328
287 332
287 333
287 334
287 335
287 529
287 530
287 553
287 584
288 289
288 480
288 481
288 482
288 483
288 486
288 566
288 585
289 290
289 484
289 487
289 547
289 585
289 586
290 480
290 484
290 585
290 586
291 540
291 547
291 582
291 585
291 587
292 321
292 322
293 427
293 484
293 598
294 589
294 591
294 598
296 421
296 422
296 428
296 430
297 434
297 589
297 592
297 596
300 595
300 597
301 302
301 322
302 305
302 322
302 390
302 447
304 305
304 307
304 319
304 321
304 324
304 392
305 321
305 322
305 390
305 395
306 309
309 313
312 329
312 331
313 316
313 580
314 485
315 316
318 319
319 320
319 321
319 336
319 392
320 321
320 324
320 329
320 334
320 335
320 336
320 392
321 322
321 332
321 333
321 334
321 335
321 336
321 386
321 390
321 391
321 392
321 395
321 397
321 530
322 390
323 324
323 325
323 329
323 332
324 326
324 329
324 336
324 392
327 328
327 332
327 335
327 529
327 584
328 329
328 332
328 333
328 334
328 335
328 529
328 530
328 549
328 553
328 584
329 331
329 332
329 336
330 332
330 335
332 333
332 334
332 335
332 445
332 529
332 530
332 549
332 553
332 584
333 334
333 335
333 336
333 529
333 530
333 533
334 335
334 336
334 392
334 530
335 336
335 445
335 529
335 530
335 553
335 584
336 391
336 392
336 530
337 338
337 340
337 342
337 343
337 344
337 346
337 347
337 348
337 349
337 350
337 356
337 381
337 396
337 398
337 405
337 406
337 407
337 409
337 410
337 411
337 416
337 441
338 339
338 340
338 342
338 343
338 344
338 346
338 347
338 349
338 350
338 356
338 381
338 382
338 409
338 441
339 341
339 344
339 347
339 353
339 354
339 355
339 356
339 357
339 359
339 363
339 364
339 365
339 368
339 370
339 380
339 381
339 382
339 386
339 415
339 421
339 425
339 429
339 434
339 439
339 440
339 443
339 445
339 446
339 448
339 529
339 592
340 342
340 343
340 344
340 346
340 347
340 348
340 349
340 350
340 353
340 356
340 381
340 396
340 398
340 405
340 406
340 407
340 409
340 410
340 416
340 441
341 348
341 353
341 354
341 355
341 356
341 357
341 359
341 363
341 364
341 370
341 380
341 415
341 418
341 421
341 422
341 434
341 438
341 440
341 445
341 446
341 448
341 592
342 343
342 344
342 346
342 347
342 349
342 350
342 356
342 381
342 382
342 396
342 398
342 407
342 409
342 411
342 416
342 441
343 344
343 345
343 346
343 347
343 349
343 350
343 382
343 396
343 398
343 407
343 409
343 410
343 411
343 416
344 345
344 346
344 347
344 348
344 349
344 350
344 353
344 356
344 357
344 359
344 382
344 390
344 396
344 398
344 403
344 405
344 406
344 409
344 410
344 416
344 418
344 441
345 346
345 347
345 349
345 351
345 352
345 358
345 362
345 390
345 395
345 441
345 447
346 347
346 349
346 350
346 356
346 382
346 407
346 409
346 411
346 441
347 349
347 350
347 351
347 353
347 356
347 381
347 382
347 409
347 416
348 349
348 353
348 354
348 355
348 356
348 357
348 359
348 381
348 413
348 418
349 350
349 353
349 355
349 356
349 359
349 396
349 398
349 405
349 406
349 407
349 409
349 411
349 418
349 444
349 447
350 353
350 356
350 362
350 409
350 418
351 352
351 358
351 359
351 362
351 363
351 412
351 414
351 447
352 358
352 390
352 395
352 441
353 354
353 355
353 356
353 357
353 359
353 363
353 365
353 405
353 415
353 418
353 421
353 422
353 429
353 437
353 440
353 444
353 445
353 447
353 448
353 454
354 355
354 356
354 359
354 363
355 356
355 357
355 359
355 363
355 415
355 418
355 421
355 429
355 437
355 444
355 448
355 454
355 462
355 543
356 357
356 359
356 363
356 405
356 406
356 409
356 418
356 437
356 444
356 447
356 536
357 359
357 363
357 415
357 418
357 421
357 440
357 444
357 448
357 454
358 360
358 401
358 412
359 363
359 415
359 418
359 421
359 422
359 440
359 444
359 445
359 447
359 448
361 401
361 412
361 414
364 365
364 368
364 370
364 415
364 420
364 421
364 422
364 429
364 434
364 439
364 440
364 443
364 445
364 529
364 530
364 592
364 596
365 367
365 368
365 369
365 370
365 372
365 429
366 368
367 368
367 369
367 370
367 419
367 425
367 429
367 446
367 504
368 370
368 372
368 429
368 592
369 372
369 429
369 437
370 415
370 420
370 421
370 422
370 423
370 425
370 429
370 430
370 434
370 438
370 440
370 504
370 592
370 596
372 375
372 429
372 430
372 432
372 437
372 442
372 461
372 500
372 516
372 577
374 377
374 380
375 376
375 430
376 422
376 430
377 380
377 381
378 405
378 422
380 381
382 441
384 395
385 401
385 412
385 533
386 390
386 412
386 441
386 445
386 529
386 530
386 533
386 595
387 459
387 580
387 586
387 595
389 391
389 395
389 397
389 399
389 533
389 579
389 580
389 595
390 391
390 395
390 396
390 398
390 405
390 416
390 445
390 530
391 397
391 530
391 579
392 397
393 394
393 395
393 406
393 407
393 408
393 416
393 417
393 489
393 494
393 496
393 502
394 395
394 396
394 406
394 408
394 416
394 417
394 489
394 502
395 396
395 397
395 398
395 416
396 398
396 400
396 405
396 406
396 408
396 409
396 410
396 416
396 419
397 399
397 401
397 530
397 533
398 400
398 405
398 406
398 409
398 410
398 411
398 416
399 401
399 412
399 530
399 533
400 401
401 412
401 413
403 405
403 406
403 423
403 435
403 500
403 524
404 406
404 418
404 423
404 456
404 461
405 406
405 409
405 410
406 407
406 408
406 409
406 410
406 416
406 419
406 435
406 461
406 500
407 408
407 409
407 410
407 461
407 506
408 410
408 435
408 492
408 494
408 496
408 500
409 410
409 411
410 416
410 419
410 435
412 413
412 414
412 445
412 530
412 594
413 422
415 418
415 420
415 421
415 422
415 423
415 425
415 428
415 429
415 434
415 437
415 438
415 439
415 440
415 443
415 446
415 448
415 454
415 456
415 458
415 529
415 543
415 592
415 596
416 417
416 419
416 441
417 443
417 467
417 489
417 497
417 502
418 426
418 429
418 437
418 444
418 448
418 454
418 456
418 462
418 515
418 537
418 543
419 423
419 425
419 435
419 446
419 502
419 504
420 421
420 422
420 423
420 434
420 439
420 443
420 445
420 448
420 592
420 596
420 599
421 422
421 423
421 428
421 429
421 430
421 434
421 437
421 439
421 440
421 448
421 458
421 592
421 596
422 430
422 434
422 437
422 440
423 425
423 429
423 430
423 435
423 437
423 439
423 440
423 443
423 445
423 448
423 458
423 461
423 504
425 429
425 439
425 440
425 443
425 446
425 448
425 458
425 504
425 592
425 596
426 428
426 444
426 456
426 457
426 481
427 428
427 457
427 480
427 481
427 482
427 483
427 484
427 585
427 598
428 437
428 440
428 448
428 455
428 456
428 457
428 458
429 430
429 437
429 448
429 458
429 592
430 432
430 435
430 437
430 458
432 435
432 437
432 442
432 455
432 458
432 461
432 464
432 500
432 577
433 586
434 440
434 448
434 592
434 596
435 461
435 500
435 504
436 488
437 439
437 440
437 448
437 454
437 455
437 456
437 458
437 462
437 464
437 466
437 536
437 537
437 543
437 577
438 439
438 440
438 448
438 592
439 440
439 441
439 443
439 445
439 448
439 504
439 529
439 530
439 534
439 553
439 579
439 592
439 596
439 599
440 446
440 448
440 456
441 445
442 455
442 464
442 500
442 576
442 577
443 445
443 448
443 504
443 534
443 579
443 592
443 596
444 454
444 537
445 448
445 529
445 530
445 534
445 592
445 594
446 448
446 458
448 454
448 456
448 458
448 534
448 543
448 590
448 592
449 468
449 515
450 451
450 510
450 512
450 600
451 490
451 491
451 492
451 494
451 501
451 510
451 512
451 513
451 514
452 453
452 525
452 545
452 552
453 463
453 515
453 527
453 545
453 558
454 456
454 462
454 464
454 515
454 534
454 537
454 543
454 545
455 456
455 458
455 464
455 576
455 577
456 457
456 458
456 464
456 543
456 577
457 480
457 481
457 483
457 484
458 469
458 504
458 577
460 469
460 557
461 500
462 463
462 464
462 515
462 536
462 537
462 543
463 464
463 465
463 558
463 561
463 575
463 576
463 577
464 465
464 515
464 543
464 558
464 575
464 576
464 577
465 516
465 576
465 577
468 515
470 509
472 523
473 488
474 501
475 478
475 556
476 556
476 561
476 570
477 500
478 556
478 560
479 562
480 481
480 482
480 483
480 484
480 485
480 486
480 566
480 585
481 482
481 483
481 484
481 486
481 566
481 585
482 483
482 484
482 486
482 585
483 484
483 485
483 486
483 566
483 585
484 486
484 585
485 567
485 585
486 566
487 586
488 535
489 496
489 497
489 532
489 579
490 491
490 493
490 501
490 503
490 508
490 510
490 512
490 513
490 514
490 523
491 494
491 514
491 518
492 494
492 495
492 496
492 501
492 503
492 514
493 494
493 495
493 496
493 501
493 503
493 507
493 510
493 511
493 512
493 513
493 514
493 517
493 519
493 521
493 542
493 564
493 581
494 495
494 496
494 501
494 503
494 509
494 513
494 514
495 496
495 501
495 503
495 511
495 513
495 514
495 520
495 521
495 581
496 503
496 513
496 514
496 519
497 498
497 520
498 519
498 520
498 521
499 505
500 516
501 503
501 513
501 516
501 523
502 504
503 510
503 513
503 514
503 516
503 521
505 510
505 516
505 517
505 578
505 600
507 508
507 512
507 513
507 564
508 510
508 512
510 512
510 513
510 514
510 516
510 517
511 542
511 581
512 513
512 514
512 517
512 518
512 541
513 514
513 516
513 519
513 520
513 521
513 523
514 518
515 543
515 545
516 517
517 519
517 521
517 522
517 572
518 519
518 521
519 520
519 521
519 541
519 542
519 570
520 521
521 542
522 528
522 538
525 527
526 559
528 570
529 530
529 549
529 553
529 584
530 533
530 534
530 553
530 584
530 594
530 595
532 533
532 579
533 553
533 579
534 553
535 561
535 570
536 537
537 543
538 541
538 542
538 566
538 567
538 569
538 572
538 588
539 600
540 542
540 546
540 547
540 548
540 551
540 581
540 582
540 587
541 542
541 566
541 588
542 546
542 547
542 548
542 560
542 581
543 545
544 570
544 571
546 547
546 581
547 548
547 551
547 556
547 582
547 583
547 587
548 550
548 551
548 560
549 553
549 584
550 562
551 555
551 556
553 584
556 558
556 587
558 561
559 560
559 562
560 570
560 573
561 570
565 574
565 589
566 567
566 585
566 588
567 585
567 588
569 573
575 576
575 577
575 578
576 577
576 578
577 578
579 594
579 595
582 583
582 587
586 588
589 592
589 593
589 598
592 593
592 596
594 595
599 600
