600 3595

1 586
2 4
2 301
3 5
3 301
3 304
3 306
3 317
4 22
4 301
4 305
5 24
5 301
5 304
5 305
5 324
6 10
6 185
7 109
7 317
8 9
9 12
11 12
11 16
11 18
11 20
11 21
11 109
11 111
11 319
11 385
11 393
11 398
11 400
12 16
12 21
12 319
13 14
14 17
14 29
15 16
16 20
16 21
16 309
16 315
16 319
17 266
18 98
18 314
18 317
19 313
19 318
20 21
20 38
20 107
20 315
20 317
20 319
20 320
20 321
20 388
21 37
21 38
21 100
21 107
21 111
21 221
21 319
21 321
21 393
22 23
22 31
22 322
22 323
22 325
23 27
23 28
23 30
23 31
23 32
23 55
23 80
23 81
23 134
23 137
23 149
23 305
23 322
23 323
23 376
23 443
23 491
24 27
24 324
24 326
24 329
25 28
25 30
25 31
25 32
25 33
25 34
25 35
25 327
25 328
25 331
25 332
25 333
25 373
26 28
27 30
27 31
27 32
27 323
27 324
27 328
27 329
28 30
28 31
28 32
28 33
28 35
28 284
28 322
28 323
28 327
28 328
28 329
28 330
28 331
28 332
28 333
29 326
30 31
30 32
30 34
30 35
30 134
30 322
30 323
30 324
30 325
30 327
30 328
30 329
30 330
30 331
30 333
30 443
31 32
31 35
31 305
31 322
31 323
31 325
31 327
31 328
31 329
31 330
31 333
31 443
32 33
32 34
32 35
32 322
32 323
32 324
32 327
32 329
32 331
32 333
32 335
33 34
33 35
33 322
33 323
33 332
33 333
33 335
34 135
34 332
34 335
35 36
35 322
35 323
35 327
35 331
35 332
35 333
35 334
35 335
36 146
36 332
36 333
36 335
37 38
37 221
37 318
37 319
37 336
38 107
38 111
38 120
38 221
38 318
38 319
38 320
38 321
38 335
38 393
38 530
39 41
39 42
39 44
39 45
39 46
39 47
39 48
39 49
39 50
39 51
39 53
39 54
39 55
39 56
39 59
39 60
39 61
39 62
39 64
39 71
39 73
39 81
39 84
39 85
39 86
39 87
39 88
39 89
39 91
39 113
39 114
39 115
39 116
39 117
39 118
39 121
39 147
39 305
39 337
39 338
39 340
39 341
39 342
39 343
39 344
39 345
39 346
39 347
39 348
39 351
39 352
39 353
39 354
39 356
39 359
39 361
39 363
39 371
39 377
39 378
39 380
39 381
39 405
39 406
39 407
39 409
39 410
39 412
39 413
39 414
39 447
40 44
41 43
41 49
41 60
41 68
41 81
41 89
41 90
41 91
41 121
41 140
41 150
41 151
41 152
41 338
41 339
41 342
41 343
41 356
41 359
41 377
41 446
41 448
42 45
42 46
42 47
42 48
42 50
42 51
42 52
42 53
42 54
42 55
42 56
42 59
42 60
42 62
42 64
42 84
42 85
42 86
42 87
42 88
42 89
42 91
42 113
42 114
42 115
42 116
42 117
42 118
42 337
42 338
42 340
42 342
42 344
42 346
42 347
42 348
42 351
42 352
42 353
42 359
42 361
42 363
42 377
42 378
42 380
42 381
42 405
42 406
42 407
42 408
42 409
42 410
42 412
42 413
42 414
43 339
43 342
43 343
43 448
44 46
44 48
44 49
44 51
44 55
44 57
44 58
44 59
44 60
44 61
44 62
44 63
44 64
44 65
44 66
44 71
44 76
44 84
44 86
44 87
44 89
44 91
44 118
44 337
44 338
44 340
44 341
44 342
44 345
44 347
44 351
44 352
44 356
44 358
44 363
44 371
44 377
44 380
44 381
44 382
44 412
44 414
44 418
44 444
44 446
44 447
45 46
45 47
45 48
45 50
45 51
45 53
45 54
45 56
45 58
45 59
45 60
45 62
45 64
45 85
45 86
45 87
45 88
45 89
45 115
45 117
45 118
45 332
45 335
45 337
45 340
45 342
45 344
45 346
45 347
45 348
45 351
45 353
45 380
45 381
45 405
45 407
45 409
45 410
45 412
46 47
46 48
46 49
46 50
46 51
46 53
46 54
46 56
46 58
46 59
46 60
46 61
46 62
46 64
46 67
46 85
46 86
46 87
46 88
46 89
46 91
46 115
46 116
46 117
46 118
46 337
46 338
46 340
46 341
46 342
46 343
46 344
46 345
46 346
46 347
46 348
46 349
46 351
46 352
46 353
46 354
46 356
46 359
46 361
46 363
46 377
46 378
46 380
46 381
46 405
46 407
46 409
46 410
46 412
46 447
47 48
47 50
47 51
47 52
47 53
47 54
47 56
47 58
47 59
47 60
47 61
47 62
47 64
47 85
47 86
47 87
47 88
47 89
47 91
47 113
47 115
47 116
47 117
47 118
47 337
47 338
47 340
47 341
47 342
47 344
47 345
47 346
47 347
47 348
47 351
47 352
47 353
47 354
47 359
47 361
47 363
47 378
47 380
47 381
47 405
47 406
47 407
47 408
47 409
47 410
47 412
47 413
47 414
48 49
48 50
48 51
48 52
48 53
48 54
48 56
48 57
48 58
48 59
48 60
48 61
48 62
48 63
48 64
48 65
48 66
48 67
48 85
48 86
48 87
48 88
48 89
48 91
48 115
48 116
48 117
48 118
48 337
48 338
48 340
48 341
48 342
48 343
48 344
48 345
48 346
48 347
48 348
48 349
48 351
48 352
48 353
48 354
48 356
48 359
48 360
48 361
48 363
48 380
48 381
48 382
48 405
48 407
48 409
48 410
48 412
48 413
48 414
48 447
49 51
49 54
49 57
49 59
49 60
49 61
49 62
49 63
49 64
49 65
49 68
49 81
49 84
49 85
49 86
49 87
49 89
49 90
49 91
49 126
49 150
49 151
49 337
49 338
49 339
49 340
49 341
49 342
49 343
49 344
49 345
49 346
49 347
49 348
49 351
49 352
49 353
49 354
49 356
49 357
49 358
49 361
49 363
49 371
49 377
49 380
49 381
49 405
49 446
49 447
49 448
50 51
50 53
50 54
50 56
50 59
50 60
50 62
50 64
50 85
50 86
50 89
50 91
50 115
50 121
50 145
50 147
50 337
50 338
50 340
50 341
50 342
50 345
50 346
50 347
50 351
50 352
50 353
50 359
50 361
50 380
50 381
50 412
50 445
50 447
51 53
51 54
51 56
51 57
51 58
51 59
51 60
51 61
51 62
51 63
51 64
51 65
51 66
51 67
51 86
51 87
51 89
51 91
51 115
51 117
51 118
51 337
51 338
51 340
51 341
51 342
51 344
51 345
51 346
51 347
51 348
51 349
51 351
51 352
51 353
51 354
51 356
51 358
51 360
51 361
51 362
51 363
51 380
51 381
51 382
51 386
51 405
51 407
51 409
51 410
51 412
51 413
51 414
51 447
52 53
52 54
52 88
52 113
52 115
52 116
52 117
52 118
52 124
52 348
52 396
52 406
52 407
52 408
52 409
52 410
52 411
52 413
52 414
52 423
52 424
53 54
53 55
53 56
53 58
53 59
53 60
53 62
53 64
53 86
53 87
53 88
53 89
53 96
53 115
53 116
53 117
53 118
53 121
53 305
53 337
53 340
53 341
53 344
53 345
53 346
53 347
53 348
53 351
53 352
53 353
53 359
53 361
53 363
53 380
53 381
53 386
53 405
53 407
53 408
53 409
53 410
53 412
53 413
53 414
54 56
54 58
54 59
54 60
54 62
54 64
54 65
54 66
54 67
54 87
54 89
54 115
54 116
54 117
54 118
54 337
54 340
54 341
54 344
54 345
54 346
54 347
54 348
54 349
54 351
54 352
54 353
54 354
54 356
54 359
54 360
54 361
54 363
54 380
54 381
54 405
54 406
54 407
54 408
54 409
54 410
54 413
54 414
55 60
55 71
55 73
55 81
55 83
55 86
55 87
55 88
55 113
55 114
55 115
55 116
55 117
55 118
55 121
55 129
55 130
55 137
55 305
55 348
55 359
55 378
55 404
55 405
55 412
55 413
55 444
55 447
55 491
56 59
56 60
56 61
56 62
56 64
56 66
56 67
56 87
56 88
56 89
56 115
56 118
56 337
56 338
56 340
56 341
56 342
56 344
56 345
56 346
56 347
56 348
56 351
56 353
56 354
56 355
56 356
56 359
56 361
56 363
56 381
56 405
56 409
56 412
56 413
56 414
56 447
57 58
57 60
57 63
57 64
57 65
57 66
57 71
57 76
57 337
57 340
57 341
57 344
57 345
57 346
57 347
57 348
57 356
57 358
57 407
57 410
57 413
57 418
57 420
57 444
57 446
58 59
58 60
58 62
58 63
58 64
58 65
58 66
58 67
58 115
58 337
58 340
58 341
58 344
58 345
58 346
58 348
58 349
58 351
58 352
58 353
58 356
58 358
58 361
58 381
58 382
58 405
58 407
58 409
58 410
58 412
58 413
58 414
59 60
59 61
59 62
59 64
59 66
59 67
59 85
59 86
59 87
59 88
59 89
59 91
59 115
59 337
59 338
59 340
59 341
59 342
59 344
59 345
59 346
59 347
59 348
59 349
59 351
59 352
59 353
59 354
59 356
59 360
59 361
59 363
59 380
59 381
59 405
59 409
59 414
60 61
60 62
60 63
60 64
60 65
60 66
60 67
60 71
60 76
60 81
60 84
60 85
60 86
60 87
60 88
60 89
60 91
60 115
60 118
60 121
60 147
60 337
60 338
60 340
60 341
60 342
60 343
60 344
60 345
60 346
60 347
60 348
60 351
60 352
60 353
60 354
60 355
60 356
60 359
60 361
60 363
60 377
60 378
60 380
60 381
60 405
60 406
60 409
60 412
60 447
61 63
61 64
61 68
61 71
61 74
61 76
61 77
61 80
61 81
61 84
61 85
61 86
61 87
61 89
61 91
61 337
61 338
61 340
61 341
61 342
61 345
61 354
61 356
61 359
61 363
61 371
61 372
61 377
61 378
61 380
61 381
61 444
61 446
61 447
62 63
62 64
62 66
62 67
62 85
62 89
62 115
62 337
62 338
62 340
62 341
62 342
62 343
62 344
62 345
62 346
62 347
62 348
62 351
62 352
62 353
62 354
62 356
62 358
62 360
62 361
62 362
62 363
62 380
62 381
62 386
62 409
62 412
62 414
63 64
63 65
63 66
63 71
63 76
63 87
63 91
63 337
63 338
63 340
63 341
63 342
63 343
63 345
63 346
63 351
63 352
63 356
63 358
63 363
63 377
63 380
63 381
63 382
63 412
63 444
63 446
63 447
64 65
64 66
64 67
64 71
64 85
64 86
64 87
64 88
64 89
64 91
64 115
64 118
64 121
64 337
64 338
64 340
64 341
64 342
64 343
64 344
64 345
64 346
64 347
64 348
64 349
64 351
64 352
64 353
64 354
64 356
64 358
64 359
64 361
64 363
64 380
64 381
64 382
64 405
64 407
64 409
64 410
64 412
64 413
64 414
64 447
65 66
65 71
65 76
65 87
65 337
65 340
65 341
65 344
65 345
65 346
65 347
65 348
65 349
65 353
65 354
65 356
65 357
65 358
65 363
65 406
65 407
65 409
65 410
65 420
65 444
66 67
66 337
66 340
66 341
66 342
66 344
66 345
66 346
66 349
66 351
66 352
66 353
66 354
66 356
66 358
66 360
66 361
66 362
66 363
66 414
67 337
67 340
67 344
67 345
67 346
67 348
67 349
67 351
67 352
67 353
67 354
67 360
67 361
67 362
67 363
67 407
67 409
67 414
68 69
68 71
68 74
68 91
68 140
68 294
68 338
68 342
68 343
68 369
68 371
68 446
68 448
69 70
69 71
69 79
69 135
69 367
69 369
69 430
69 440
69 448
69 599
70 71
70 135
70 369
70 372
71 73
71 74
71 76
71 77
71 79
71 80
71 81
71 82
71 83
71 91
71 137
71 139
71 140
71 297
71 300
71 338
71 356
71 367
71 369
71 370
71 371
71 372
71 375
71 376
71 377
71 378
71 412
71 420
71 421
71 431
71 433
71 440
71 444
71 446
71 447
71 491
71 590
71 593
71 598
72 77
72 78
72 79
72 82
72 368
72 370
72 372
72 375
73 76
73 77
73 81
73 84
73 88
73 114
73 118
73 137
73 367
73 371
73 377
73 378
73 379
73 405
73 447
74 75
74 78
74 79
74 371
74 372
75 78
75 80
75 81
75 371
76 77
76 79
76 82
76 83
76 129
76 137
76 139
76 297
76 300
76 345
76 356
76 370
76 372
76 375
76 376
76 420
76 421
76 431
76 444
76 446
76 447
76 590
76 593
76 594
76 595
76 596
76 598
77 79
77 82
77 137
77 372
77 421
78 79
78 80
78 82
78 372
79 80
79 81
79 82
79 83
79 129
79 137
79 140
79 141
79 368
79 370
79 371
79 372
79 374
79 375
79 376
79 421
79 422
79 431
79 440
79 446
79 491
80 81
80 83
80 126
80 132
80 134
80 137
80 140
80 141
80 144
80 338
80 370
80 371
80 372
80 374
80 375
80 376
80 377
80 378
80 422
80 430
80 431
80 432
80 447
80 448
80 491
81 83
81 84
81 85
81 86
81 87
81 88
81 89
81 91
81 121
81 126
81 132
81 134
81 137
81 140
81 144
81 147
81 149
81 338
81 342
81 359
81 363
81 371
81 376
81 377
81 378
81 404
81 430
81 447
81 491
82 137
82 139
82 370
82 372
82 375
82 421
83 129
83 130
83 131
83 132
83 133
83 134
83 137
83 139
83 140
83 141
83 144
83 149
83 370
83 374
83 375
83 376
83 403
83 404
83 420
83 421
83 422
83 429
83 431
83 444
83 450
83 491
83 594
83 596
83 598
84 85
84 86
84 87
84 88
84 89
84 91
84 114
84 118
84 121
84 137
84 337
84 338
84 342
84 356
84 367
84 371
84 377
84 378
84 379
84 380
84 381
84 405
84 447
85 86
85 87
85 88
85 89
85 91
85 115
85 118
85 121
85 337
85 338
85 340
85 342
85 348
85 363
85 367
85 371
85 377
85 378
85 380
85 381
85 405
86 87
86 88
86 89
86 91
86 114
86 115
86 116
86 117
86 118
86 121
86 337
86 338
86 340
86 341
86 342
86 351
86 363
86 367
86 371
86 377
86 378
86 379
86 380
86 381
86 382
86 405
86 412
86 447
87 88
87 89
87 91
87 115
87 116
87 117
87 118
87 337
87 338
87 340
87 341
87 342
87 344
87 345
87 347
87 348
87 351
87 353
87 354
87 356
87 361
87 363
87 377
87 378
87 379
87 380
87 381
87 382
87 405
87 444
87 447
88 89
88 91
88 113
88 114
88 115
88 116
88 117
88 118
88 121
88 130
88 305
88 337
88 338
88 340
88 348
88 359
88 363
88 371
88 377
88 378
88 380
88 381
88 405
88 406
88 407
88 408
88 409
88 413
89 91
89 115
89 117
89 118
89 121
89 337
89 338
89 340
89 341
89 342
89 344
89 345
89 346
89 347
89 348
89 351
89 352
89 353
89 354
89 356
89 359
89 361
89 363
89 371
89 377
89 378
89 380
89 381
89 382
89 405
89 412
89 447
90 151
91 115
91 337
91 338
91 339
91 340
91 341
91 342
91 343
91 345
91 347
91 351
91 353
91 354
91 356
91 361
91 363
91 371
91 377
91 378
91 380
91 381
91 382
91 405
91 446
91 447
92 93
93 94
93 96
93 184
93 301
93 317
93 384
93 388
94 95
94 317
94 385
94 388
95 103
96 97
96 98
96 99
96 146
96 282
96 317
96 386
96 412
96 413
96 414
97 98
97 386
98 317
98 320
98 386
98 388
99 298
99 402
99 595
100 221
101 187
102 105
102 110
102 283
103 321
103 389
104 105
104 391
105 119
105 190
105 391
106 223
107 109
107 111
107 221
107 319
107 321
107 393
107 395
107 398
107 400
107 530
108 211
108 212
109 111
109 385
109 396
109 398
109 400
111 120
111 221
111 319
111 336
111 393
111 398
111 400
111 530
112 114
112 129
112 130
112 404
112 406
112 423
112 429
113 114
113 115
113 116
113 117
113 118
113 130
113 348
113 405
113 406
113 407
113 408
113 409
113 410
113 411
113 413
113 423
114 115
114 116
114 117
114 118
114 130
114 137
114 378
114 404
114 405
114 491
114 492
115 116
115 117
115 118
115 337
115 338
115 340
115 341
115 344
115 346
115 348
115 351
115 352
115 359
115 361
115 363
115 378
115 380
115 381
115 405
115 407
115 408
115 409
115 410
115 412
115 413
115 414
116 117
116 118
116 337
116 340
116 344
116 348
116 381
116 405
116 406
116 407
116 408
116 409
116 410
116 411
116 413
116 423
117 118
117 337
117 340
117 344
117 348
117 380
117 381
117 405
117 406
117 407
117 408
117 409
117 410
117 411
117 413
117 414
117 423
118 121
118 305
118 337
118 340
118 344
118 345
118 347
118 348
118 359
118 363
118 377
118 378
118 380
118 381
118 405
118 407
118 408
118 409
118 410
118 412
118 413
118 414
118 423
118 492
119 399
119 443
119 534
120 221
120 400
120 530
121 134
121 147
121 149
121 323
121 324
121 338
121 340
121 342
121 343
121 347
121 359
121 367
121 371
121 377
121 412
121 430
121 443
121 447
121 487
121 491
122 198
122 203
122 272
123 194
125 150
126 137
126 141
126 376
127 356
128 134
128 140
128 419
128 594
129 130
129 133
129 137
129 139
129 141
129 374
129 375
129 376
129 403
129 404
129 420
129 421
129 422
129 429
129 431
129 444
129 450
130 403
130 404
130 406
130 420
130 423
131 132
131 134
131 140
131 141
131 161
131 190
131 374
131 422
131 428
131 432
131 434
131 437
131 442
131 450
131 451
131 490
131 501
131 594
131 600
132 134
132 137
132 374
132 375
132 376
132 404
132 422
132 432
132 434
132 506
133 134
133 138
133 403
133 429
133 450
133 451
134 137
134 140
134 144
134 149
134 161
134 371
134 373
134 374
134 375
134 376
134 403
134 404
134 422
134 428
134 430
134 432
134 434
134 437
134 439
134 442
134 443
134 450
134 491
134 501
134 594
134 598
135 367
135 369
135 373
135 427
136 148
136 161
136 164
136 428
136 432
136 435
136 437
136 442
136 464
136 501
136 600
137 139
137 140
137 141
137 147
137 150
137 338
137 370
137 371
137 372
137 375
137 376
137 377
137 378
137 379
137 403
137 404
137 420
137 421
137 422
137 429
137 431
137 444
137 446
137 447
137 491
139 141
139 375
139 421
139 431
140 141
140 148
140 150
140 152
140 161
140 364
140 370
140 371
140 372
140 374
140 375
140 376
140 421
140 422
140 428
140 430
140 432
140 434
140 437
140 446
140 447
140 448
140 491
140 594
140 596
140 598
141 374
141 375
141 376
141 421
141 422
141 431
141 594
142 373
143 145
144 376
144 439
144 491
145 225
145 585
146 412
147 149
147 338
147 359
147 404
147 447
147 596
148 161
148 428
148 432
148 434
148 437
148 442
148 448
148 464
148 600
149 300
149 374
149 376
149 430
149 437
149 438
149 491
149 596
149 598
150 152
150 338
150 339
150 440
150 446
150 448
151 200
151 296
152 339
152 446
152 448
153 272
154 188
154 190
154 195
154 197
154 199
154 210
155 156
155 454
157 468
158 434
159 160
159 162
159 514
161 374
161 428
161 430
161 432
161 434
161 435
161 437
161 442
161 448
161 451
161 490
161 504
161 594
161 600
163 462
165 216
166 234
167 236
168 172
169 470
169 480
169 485
170 256
171 485
172 229
173 518
174 217
174 249
174 251
175 442
176 271
177 179
177 181
178 263
179 188
180 432
182 231
182 265
182 274
183 279
185 284
186 364
187 201
188 195
188 199
188 210
188 276
188 417
189 213
189 230
189 273
189 489
189 522
189 551
190 210
190 454
190 490
191 193
191 194
191 199
191 201
192 193
192 204
192 211
193 212
193 391
195 196
195 199
195 209
195 210
195 212
195 271
195 417
195 497
196 210
196 224
196 391
196 417
196 467
198 202
198 207
199 201
199 210
200 295
205 506
206 229
208 209
208 231
208 265
208 512
209 210
209 216
209 271
210 417
211 231
211 273
211 274
211 495
213 230
213 234
213 255
213 273
213 489
214 219
215 281
217 278
218 453
219 231
219 268
219 275
220 287
221 319
221 393
221 530
222 226
222 240
222 489
222 495
222 549
222 554
223 224
225 262
226 535
227 242
227 537
228 489
229 230
229 233
229 239
229 240
229 243
229 244
229 246
229 247
229 248
229 250
229 252
229 256
229 263
229 267
229 269
229 556
230 232
230 233
230 236
230 238
230 239
230 240
230 244
230 246
230 247
230 248
230 250
230 256
230 489
230 511
230 521
230 538
230 544
230 548
230 556
230 581
231 245
231 265
231 273
231 274
231 493
231 495
231 512
231 513
231 519
231 542
232 236
232 238
232 239
232 244
232 248
232 250
232 544
233 250
233 252
233 256
233 267
234 472
234 521
235 236
235 238
235 239
235 240
235 244
235 247
235 248
235 250
235 286
235 547
235 548
235 549
235 556
235 557
236 238
236 239
236 240
236 244
236 246
236 247
236 248
236 250
236 286
236 547
236 548
236 556
237 286
238 239
238 240
238 244
238 246
238 247
238 248
238 250
238 547
238 548
238 556
239 240
239 243
239 244
239 246
239 247
239 248
239 250
239 252
239 256
239 267
239 269
239 547
239 548
239 556
240 243
240 244
240 246
240 248
240 250
240 511
240 547
240 548
240 549
240 554
240 556
241 551
243 246
243 248
243 250
243 548
243 554
244 247
244 248
244 478
244 538
244 544
244 547
244 548
244 556
245 265
245 268
245 274
245 531
246 247
246 250
246 252
246 267
247 248
247 250
247 252
247 256
247 267
247 269
247 548
247 556
248 250
248 252
248 254
248 256
248 538
248 544
248 547
248 548
248 550
248 556
248 557
248 558
248 560
248 561
248 570
248 571
250 252
250 253
250 254
250 267
250 511
250 544
250 547
250 548
250 556
250 557
250 558
250 560
250 561
250 570
252 254
252 256
252 267
252 556
252 560
252 569
253 254
253 462
253 463
253 563
254 268
254 463
254 558
254 560
254 561
254 570
256 267
256 269
256 556
256 567
257 294
257 568
258 259
258 260
259 261
259 295
261 296
263 265
264 272
265 274
265 508
265 511
265 540
265 542
265 574
265 581
268 269
268 270
268 570
269 476
269 538
270 278
270 316
272 280
272 281
273 274
273 495
276 483
277 279
277 281
278 279
279 281
280 481
284 285
284 289
286 547
286 584
287 322
288 292
288 484
289 469
290 292
291 325
292 537
293 592
294 297
294 593
297 300
297 356
297 376
297 420
297 590
297 593
297 596
297 597
297 598
298 299
298 300
298 539
298 595
298 596
298 597
299 300
299 387
299 539
299 595
300 374
300 375
300 376
300 420
300 421
300 430
300 539
300 594
300 595
300 596
300 597
300 598
300 599
301 302
301 303
301 304
301 305
301 306
301 317
301 384
302 305
302 322
302 332
302 333
302 335
303 304
303 306
304 306
304 308
304 309
304 326
305 322
305 323
305 324
305 332
305 348
306 310
307 413
311 317
312 318
315 319
317 320
317 385
317 386
317 388
319 320
319 321
319 393
319 530
320 321
320 336
320 385
320 386
320 388
320 398
320 530
321 385
321 388
321 389
321 393
321 397
321 530
322 323
322 325
322 327
322 328
322 332
322 333
323 324
323 327
323 329
323 330
323 332
323 333
323 335
323 359
325 327
327 328
327 329
327 330
328 329
328 330
329 330
329 331
329 333
331 333
332 333
332 335
333 334
333 335
333 443
334 335
336 400
336 530
337 338
337 340
337 341
337 342
337 344
337 345
337 346
337 347
337 348
337 349
337 351
337 352
337 353
337 354
337 356
337 361
337 363
337 377
337 378
337 380
337 381
337 382
337 405
337 406
337 407
337 409
337 410
337 412
337 413
337 414
337 447
338 339
338 340
338 341
338 342
338 343
338 345
338 347
338 351
338 354
338 356
338 359
338 363
338 371
338 377
338 378
338 380
338 381
338 382
338 405
338 446
338 447
338 448
339 342
339 343
339 446
339 448
339 590
340 341
340 342
340 343
340 344
340 345
340 346
340 347
340 348
340 349
340 351
340 352
340 353
340 354
340 356
340 359
340 361
340 363
340 380
340 381
340 405
340 406
340 407
340 409
340 410
340 412
340 413
340 414
340 447
341 342
341 344
341 345
341 346
341 347
341 348
341 349
341 351
341 352
341 353
341 354
341 356
341 358
341 360
341 361
341 362
341 363
341 377
341 380
341 381
341 382
341 405
341 412
341 414
341 446
341 447
342 343
342 344
342 345
342 346
342 347
342 348
342 352
342 353
342 354
342 356
342 359
342 361
342 363
342 377
342 380
342 381
342 446
342 447
343 344
343 345
343 346
343 347
343 352
343 353
343 354
343 356
343 361
343 363
343 446
344 345
344 346
344 347
344 348
344 349
344 351
344 352
344 353
344 354
344 356
344 358
344 360
344 361
344 362
344 363
344 405
344 406
344 407
344 409
344 410
344 413
344 414
345 346
345 347
345 348
345 349
345 351
345 352
345 353
345 354
345 355
345 356
345 358
345 360
345 361
345 362
345 363
345 380
345 381
345 382
345 405
345 407
345 412
345 414
345 444
345 447
346 347
346 348
346 349
346 351
346 352
346 353
346 354
346 356
346 358
346 360
346 361
346 362
346 363
346 405
346 407
346 409
346 410
346 414
347 348
347 349
347 350
347 351
347 352
347 353
347 354
347 356
347 359
347 363
347 405
347 409
347 410
347 412
347 446
347 447
348 349
348 351
348 352
348 353
348 354
348 356
348 359
348 361
348 363
348 405
348 406
348 407
348 409
348 410
348 412
348 413
348 414
349 351
349 353
349 354
349 356
349 361
349 406
349 407
349 409
349 410
350 357
350 418
350 425
351 352
351 353
351 354
351 356
351 358
351 360
351 361
351 362
351 363
351 380
351 381
351 382
351 386
351 409
351 410
351 412
351 414
352 353
352 354
352 356
352 358
352 360
352 361
352 362
352 363
352 380
352 381
352 386
352 412
352 414
353 354
353 355
353 356
353 358
353 359
353 360
353 361
353 362
353 363
353 409
353 410
354 355
354 356
354 358
354 359
354 361
354 362
354 363
354 447
355 356
355 363
356 358
356 359
356 361
356 362
356 363
356 377
356 380
356 381
356 405
356 446
356 447
357 358
357 418
357 590
357 593
358 360
358 361
358 362
358 363
359 363
359 447
359 491
360 361
360 362
360 363
361 362
361 363
361 380
361 381
361 386
361 409
361 414
362 363
363 377
363 378
363 380
363 381
363 405
363 412
363 447
364 446
364 448
365 420
365 429
366 429
367 371
367 377
367 378
368 370
368 375
368 486
369 371
370 372
370 375
370 376
370 421
370 422
370 594
371 372
371 376
371 377
371 378
371 446
371 447
372 375
372 376
372 421
372 447
373 374
373 376
373 403
373 426
373 430
374 375
374 376
374 403
374 404
374 422
374 428
374 430
374 431
374 432
374 434
374 437
374 442
374 450
374 451
374 490
374 491
374 501
374 594
374 596
374 598
375 376
375 403
375 404
375 420
375 421
375 422
375 429
375 430
375 431
375 432
375 450
375 594
375 596
375 598
376 403
376 404
376 422
376 429
376 430
376 431
376 432
376 434
376 440
376 491
376 594
376 596
376 598
377 378
377 379
377 380
377 381
377 382
377 405
377 446
377 447
378 379
378 380
378 381
378 405
378 447
379 380
379 405
380 381
380 382
380 405
380 412
380 447
381 382
381 405
381 407
381 412
381 414
381 447
383 592
384 385
384 487
385 386
385 396
385 398
386 414
387 579
388 389
390 490
392 530
393 395
393 530
394 395
395 397
395 530
396 398
396 408
396 411
397 399
397 530
397 533
398 400
399 530
400 530
401 413
403 404
403 422
403 429
403 430
403 431
403 450
404 422
404 429
404 430
404 431
404 450
404 451
404 491
404 594
404 596
405 406
405 407
405 408
405 409
405 410
405 413
405 447
406 407
406 408
406 409
406 410
406 411
406 413
406 423
406 425
407 408
407 409
407 410
407 411
407 413
407 414
407 423
408 409
408 410
408 411
408 413
408 423
408 424
408 492
409 410
409 411
409 413
409 414
409 441
410 411
410 413
411 413
411 423
412 413
412 414
412 447
413 414
413 420
413 423
413 424
415 459
415 466
416 419
417 449
417 468
417 497
419 425
419 504
420 421
420 423
420 429
420 431
420 444
420 593
420 596
421 422
421 431
421 444
421 447
421 594
421 596
422 429
422 430
422 431
422 432
422 434
422 436
422 450
422 451
422 491
422 594
422 596
422 598
423 424
424 492
428 430
428 432
428 434
428 435
428 437
428 439
428 442
428 454
428 464
428 490
428 491
428 501
428 594
428 600
429 431
430 431
430 432
430 434
430 437
430 442
430 448
430 450
430 451
430 491
430 594
430 596
430 597
430 598
430 600
431 433
431 491
432 434
432 435
432 437
432 442
432 450
432 451
432 490
432 491
432 501
432 594
434 435
434 437
434 442
434 448
434 450
434 464
434 490
434 594
435 454
435 461
435 464
435 490
435 501
435 514
437 442
437 448
437 450
437 464
437 501
437 594
437 600
440 442
440 448
442 448
442 450
442 451
442 464
442 490
442 501
442 594
443 491
444 447
446 447
446 448
446 590
447 491
448 590
448 594
448 600
450 451
450 490
450 501
450 594
451 490
451 491
451 501
451 594
452 513
452 515
453 493
453 507
453 508
453 515
453 519
453 521
453 540
453 542
453 545
453 560
454 490
454 501
455 456
456 458
456 465
456 494
456 514
457 499
457 578
458 461
458 465
458 494
458 514
460 461
460 513
461 514
462 463
463 526
463 575
464 466
464 510
464 529
465 528
468 497
468 513
468 515
468 543
469 559
471 522
473 505
474 485
474 507
474 523
475 538
476 538
477 523
479 570
479 572
482 484
487 586
488 568
489 551
490 501
490 504
490 514
493 495
493 508
493 511
493 512
493 513
493 517
493 519
493 527
493 531
493 542
493 554
493 581
494 496
494 514
495 517
495 554
496 503
498 516
498 520
500 577
501 594
502 598
503 505
504 514
504 600
506 537
507 512
507 513
507 574
508 511
508 512
508 519
508 521
508 540
508 542
508 581
509 574
511 518
511 520
511 521
511 527
511 540
511 542
511 544
511 555
511 558
511 567
511 570
511 571
511 572
511 573
511 581
512 513
512 515
512 519
512 541
512 542
513 515
513 517
513 574
515 517
515 519
515 542
515 543
516 518
516 520
516 524
516 527
516 581
517 519
517 552
518 520
518 527
518 540
518 542
518 555
518 566
518 567
518 570
518 571
518 572
518 573
518 581
519 540
519 542
519 576
519 577
519 578
520 527
520 540
520 542
520 550
520 554
520 555
520 566
520 567
520 570
520 571
520 572
520 573
520 581
521 540
521 544
521 560
521 561
522 580
524 574
525 528
527 564
527 567
527 570
527 571
527 572
527 581
528 577
529 587
531 540
531 542
531 554
531 555
532 546
532 553
536 537
538 544
538 548
538 556
538 571
538 572
538 573
539 595
539 596
539 597
539 598
539 599
540 542
540 555
540 581
542 545
542 555
542 562
542 570
542 574
542 576
542 577
542 581
544 547
544 548
544 556
544 558
544 560
544 561
544 571
544 573
545 560
547 548
547 549
547 556
547 558
547 561
548 549
548 550
548 553
548 554
548 555
548 556
548 557
548 558
548 560
548 561
548 570
549 550
549 553
549 554
549 558
549 561
549 570
550 554
550 555
550 560
550 570
553 554
554 555
554 560
554 570
555 558
555 560
555 567
555 570
555 571
555 572
555 581
556 557
556 558
556 560
556 570
557 561
558 560
558 561
558 570
558 575
560 561
560 570
561 570
561 575
565 589
566 567
566 581
567 570
567 571
567 572
567 573
567 581
568 589
570 571
570 572
571 572
571 573
571 581
572 573
582 583
583 584
588 591
588 593
590 593
590 598
592 593
594 596
594 597
594 598
594 599
594 600
595 596
595 597
595 598
596 597
596 598
596 599
597 598
597 599
598 599
599 600
