600 3595

1 2
1 290
1 301
1 302
1 322
1 325
2 3
2 4
2 5
2 16
2 20
2 21
2 22
2 37
2 38
2 90
2 93
2 102
2 103
2 301
2 302
2 304
2 305
2 317
2 319
2 320
2 321
2 322
2 323
2 325
2 336
2 352
2 389
2 398
2 425
3 4
3 5
3 6
3 21
3 90
3 102
3 103
3 302
3 304
3 305
3 317
3 321
3 322
3 323
3 325
3 328
3 329
3 332
3 425
4 5
4 6
4 21
4 22
4 37
4 43
4 54
4 90
4 102
4 103
4 302
4 304
4 305
4 317
4 321
4 322
4 323
4 325
4 334
4 336
4 425
5 6
5 22
5 43
5 90
5 102
5 103
5 302
5 304
5 305
5 321
5 322
5 323
5 325
5 328
5 329
5 425
6 304
7 16
7 19
7 29
7 303
7 306
7 319
8 12
8 37
9 13
9 310
10 14
11 12
11 20
11 21
11 36
11 38
11 55
11 94
11 102
11 117
11 118
11 120
11 303
11 385
11 388
11 392
11 401
12 18
12 21
12 34
12 35
12 102
12 303
12 335
12 360
14 306
15 314
16 19
16 20
16 102
16 103
16 302
16 303
16 304
16 315
16 319
16 321
16 389
17 318
17 320
19 37
19 102
19 103
19 302
19 303
19 304
19 315
19 318
19 319
19 320
19 321
19 336
19 389
20 21
20 36
20 37
20 38
20 93
20 94
20 102
20 103
20 118
20 120
20 302
20 303
20 317
20 319
20 321
20 336
20 386
20 388
20 389
20 401
21 36
21 37
21 38
21 102
21 103
21 301
21 302
21 303
21 317
21 319
21 321
21 322
21 335
21 336
21 386
21 389
21 391
22 90
22 102
22 103
22 302
22 304
22 305
22 321
22 322
22 323
22 325
22 334
23 26
23 28
23 30
23 31
23 50
23 165
23 323
23 327
23 330
24 27
24 304
24 305
24 323
24 324
24 327
24 329
25 28
25 31
25 284
25 529
25 530
25 582
25 583
26 28
26 30
26 31
26 33
26 327
26 330
26 582
27 30
27 32
27 329
27 332
27 333
28 30
28 31
28 33
28 34
28 50
28 327
28 330
28 445
28 529
28 530
28 582
29 315
29 318
30 31
30 33
30 35
30 323
30 327
30 328
30 329
30 330
30 332
30 335
31 33
31 34
31 50
31 287
31 327
31 330
31 332
31 529
31 582
31 583
32 35
32 329
32 331
32 333
32 334
33 34
33 327
33 330
33 332
34 286
34 287
34 330
34 529
34 530
34 582
34 583
35 328
35 329
35 331
35 332
35 333
35 334
35 335
36 37
36 38
36 102
36 103
36 302
36 303
36 317
36 321
36 323
36 332
36 335
36 336
36 386
37 38
37 102
37 103
37 302
37 304
37 317
37 319
37 320
37 321
37 322
37 334
37 335
37 336
37 389
38 102
38 103
38 302
38 303
38 317
38 321
38 323
38 332
38 335
38 336
38 386
38 389
39 42
39 87
39 88
40 44
40 49
40 74
40 78
40 372
41 45
41 46
41 48
43 48
43 54
43 58
43 90
43 302
43 304
43 305
43 325
43 339
43 345
43 352
43 362
43 425
43 446
43 447
44 48
44 49
44 54
44 61
44 65
44 341
44 345
44 357
44 362
44 592
44 593
45 48
47 117
48 51
48 54
48 58
48 345
48 356
48 357
48 358
48 362
48 363
48 369
49 54
49 61
49 65
49 341
49 346
49 349
49 357
49 368
49 372
49 446
49 448
49 591
50 97
50 98
50 146
50 159
50 160
50 274
50 299
50 330
50 351
50 529
51 345
51 593
52 411
53 118
54 58
54 61
54 305
54 341
54 345
54 356
54 357
54 362
54 369
54 371
54 425
54 441
55 60
55 64
55 98
55 105
55 117
55 118
55 120
55 125
55 195
55 196
55 351
55 401
55 413
55 414
55 417
55 449
55 519
56 68
56 71
56 353
56 364
56 372
56 437
56 446
57 65
57 345
57 357
58 61
58 63
58 65
58 66
58 341
58 345
58 349
58 355
58 356
58 357
58 362
58 369
59 64
59 98
59 121
59 147
59 361
59 412
59 414
60 64
60 71
60 82
60 96
60 98
60 125
60 136
60 152
60 353
60 359
60 375
60 414
61 65
61 66
61 341
61 345
61 346
61 349
61 354
61 356
61 357
61 369
61 446
61 448
62 352
63 65
63 345
63 357
63 358
63 362
64 95
64 98
64 113
64 121
64 125
64 147
64 155
64 195
64 196
64 406
64 407
64 414
64 491
65 66
65 341
65 345
65 346
65 356
65 357
65 358
65 362
66 67
66 345
66 356
66 357
66 358
66 362
68 69
68 71
68 82
68 122
68 134
68 137
68 140
68 149
68 152
68 161
68 293
68 353
68 359
68 364
68 365
68 430
68 437
68 448
69 71
69 72
69 76
69 77
69 82
69 127
69 293
69 421
69 430
70 77
71 72
71 76
71 82
71 122
71 127
71 129
71 132
71 133
71 134
71 140
71 149
71 152
71 218
71 353
71 359
71 364
71 375
71 421
71 430
72 77
72 82
73 134
74 77
74 370
74 372
75 79
75 369
76 77
76 97
76 127
76 133
76 142
76 297
76 299
76 370
76 420
76 421
76 597
77 294
77 297
77 366
77 370
78 372
78 596
80 84
81 86
81 376
82 122
82 127
82 149
82 152
82 353
82 359
82 375
82 421
82 430
83 86
83 87
83 376
83 377
84 86
84 374
85 86
86 87
86 88
86 89
86 91
86 130
86 205
86 376
86 377
86 380
88 89
88 380
89 91
89 376
89 377
89 380
89 381
90 103
90 302
90 304
90 305
90 321
90 322
90 323
90 325
90 425
90 442
90 447
91 377
91 378
91 380
91 381
92 104
92 108
92 109
92 184
92 187
92 192
92 198
92 200
92 202
92 207
92 500
93 94
93 103
93 301
93 385
93 398
94 111
94 117
94 120
94 303
94 385
95 107
95 113
95 114
95 116
95 402
95 406
95 407
95 409
95 414
95 491
96 112
96 113
96 129
96 141
97 218
97 274
97 297
97 299
98 147
98 361
98 414
99 183
99 246
99 260
99 296
99 298
99 300
100 101
100 110
100 384
100 390
101 104
101 390
102 103
102 301
102 302
102 303
102 304
102 317
102 319
102 320
102 321
102 322
102 323
102 328
102 332
102 334
102 335
102 336
102 386
102 389
103 301
103 302
103 303
103 304
103 305
103 317
103 319
103 320
103 321
103 322
103 323
103 325
103 336
103 386
103 389
103 398
104 107
104 108
104 109
104 126
104 141
104 192
104 202
104 213
104 384
104 393
104 500
105 196
106 110
106 193
106 220
106 221
107 108
107 109
107 110
107 114
107 116
107 126
107 141
107 191
107 192
107 194
107 195
107 199
107 395
107 396
108 109
108 116
108 126
108 141
108 192
108 198
108 202
109 126
109 141
109 187
109 192
109 194
109 198
109 199
109 202
109 204
109 396
109 500
110 121
110 194
111 117
111 120
111 413
112 113
112 114
112 126
112 130
112 131
112 133
112 191
112 194
112 195
112 199
112 213
112 402
112 404
112 406
112 407
112 408
112 420
112 423
112 424
112 435
112 461
112 491
112 492
113 114
113 115
113 116
113 130
113 141
113 195
113 402
113 404
113 406
113 407
113 409
113 461
113 491
114 116
114 119
114 121
114 126
114 130
114 141
114 154
114 188
114 191
114 192
114 194
114 195
114 199
114 213
114 402
114 404
114 406
114 407
114 408
114 409
114 435
114 460
114 461
114 491
114 492
114 504
115 116
115 123
115 407
116 123
116 126
116 402
116 406
116 407
116 409
116 491
117 118
117 120
117 123
117 124
117 344
117 348
117 413
118 120
118 344
118 348
118 351
118 386
118 401
118 413
118 447
119 121
119 147
119 213
119 223
119 224
119 234
119 397
119 399
119 412
119 492
119 498
119 520
120 388
120 401
120 413
121 147
121 195
121 196
121 414
122 129
122 140
122 149
122 152
122 353
122 375
122 415
123 124
123 417
124 348
125 152
125 351
125 519
126 141
126 154
126 188
126 191
126 192
126 194
126 198
126 199
126 201
126 213
126 402
126 435
126 460
126 504
126 506
127 131
127 132
127 133
127 142
127 147
127 153
127 155
127 161
127 218
127 225
127 299
127 375
127 420
127 421
127 423
127 424
127 430
127 527
127 597
128 260
128 279
128 281
129 134
129 140
129 149
129 151
129 152
129 153
129 161
129 199
129 299
129 353
129 364
129 403
129 437
130 199
130 377
130 404
130 406
130 420
131 133
131 190
131 197
131 225
131 227
131 420
131 423
131 424
131 450
131 452
131 490
131 492
131 514
131 527
132 134
132 149
132 426
132 430
132 527
133 404
134 140
134 149
134 152
134 161
134 364
134 428
134 430
134 437
134 448
135 293
137 138
137 149
139 486
140 149
140 152
140 161
140 364
140 437
141 191
141 192
141 194
141 195
141 198
141 199
142 144
142 158
142 299
142 421
142 527
143 147
143 156
145 164
145 272
145 281
146 529
147 153
147 155
147 195
147 196
147 224
147 225
147 361
147 404
147 412
147 414
147 423
147 443
148 153
148 158
148 161
148 162
148 163
148 428
148 437
148 462
149 150
149 152
149 364
149 375
149 430
149 437
150 152
151 272
151 279
152 353
152 364
152 375
152 415
152 448
153 155
153 161
153 162
153 195
153 218
153 225
153 351
153 423
153 449
154 188
154 190
154 191
154 192
154 193
154 194
154 197
154 199
154 201
154 210
154 408
154 435
154 460
154 492
154 501
155 225
155 404
155 406
155 414
155 423
155 424
155 430
155 434
155 454
155 458
156 225
156 234
156 399
156 412
156 424
156 520
157 190
157 208
157 209
157 210
157 211
157 231
157 233
157 265
157 273
157 295
157 496
157 501
157 502
157 509
157 512
157 544
158 275
158 445
161 218
161 364
161 428
161 430
161 437
161 453
162 163
162 253
163 253
163 254
163 267
163 271
163 275
163 277
163 464
164 203
164 215
164 272
164 274
164 279
164 281
164 442
166 167
166 168
166 169
166 176
166 177
166 179
166 231
166 233
166 247
166 255
166 276
166 282
166 295
166 470
166 472
166 476
166 478
166 480
166 485
167 169
167 171
167 470
167 472
168 170
168 182
168 206
168 229
168 230
168 231
168 236
168 238
168 239
168 240
168 247
168 252
168 255
168 256
168 265
168 268
168 269
168 282
168 475
168 478
168 507
168 538
168 542
168 544
168 548
168 551
168 552
168 561
168 566
168 567
168 572
168 581
169 171
169 173
169 174
169 472
169 476
169 477
169 523
169 559
170 229
170 230
170 235
170 236
170 238
170 239
170 240
170 247
170 255
170 256
170 258
170 276
170 282
170 473
170 508
170 538
170 542
170 548
170 566
170 567
170 581
170 585
171 173
171 174
171 472
171 476
171 477
171 559
172 232
172 252
172 255
172 512
172 532
172 543
172 552
172 560
172 561
172 570
172 573
173 523
174 249
174 477
174 559
175 176
175 209
175 480
175 485
176 178
176 179
176 182
176 206
176 230
176 231
176 240
176 255
176 256
176 282
176 295
176 480
176 485
176 493
176 507
176 508
176 513
176 544
176 551
176 565
176 566
176 567
176 572
177 179
177 480
177 481
177 484
177 485
177 507
178 206
178 228
178 229
178 239
178 240
178 243
178 252
178 255
178 256
178 258
178 264
178 269
178 270
178 481
178 507
178 508
178 512
178 513
178 522
178 531
178 538
178 540
178 541
178 542
178 548
178 552
178 554
178 560
178 561
178 564
178 565
178 566
178 567
178 570
178 571
178 572
178 581
179 209
179 222
179 231
179 470
179 480
179 485
180 183
181 469
182 206
182 229
182 230
182 231
182 235
182 236
182 240
182 247
182 255
182 256
182 282
182 289
182 551
182 567
183 246
183 300
185 227
185 486
185 536
186 253
187 207
188 190
188 191
188 192
188 201
188 213
188 273
188 460
188 492
188 501
188 509
189 207
189 211
189 214
189 230
189 231
189 240
189 273
189 276
189 282
189 295
189 493
189 551
189 586
190 191
190 197
190 209
190 210
190 408
190 451
190 460
190 490
190 492
190 494
190 509
190 514
190 537
191 192
191 193
191 194
191 199
191 201
191 210
191 213
191 402
191 408
191 435
191 460
191 461
191 492
191 501
191 504
192 194
192 198
192 199
192 201
192 213
192 460
193 194
193 212
194 195
194 199
194 213
194 395
194 396
194 402
194 408
194 409
194 435
194 461
195 196
195 199
195 213
195 395
195 409
195 414
195 461
196 395
196 414
197 460
198 199
198 200
198 201
198 202
198 211
199 201
199 213
199 435
199 461
199 500
200 202
200 211
200 214
200 216
200 273
200 276
200 280
200 459
201 210
201 211
201 212
201 298
201 435
201 460
201 501
202 204
202 207
202 216
202 276
202 394
202 500
203 212
203 215
203 219
204 425
204 442
206 229
206 230
206 231
206 235
206 236
206 238
206 239
206 240
206 243
206 247
206 252
206 255
206 256
206 282
206 295
206 481
206 493
206 507
206 508
206 511
206 512
206 513
206 516
206 525
206 531
206 532
206 538
206 540
206 541
206 542
206 544
206 545
206 548
206 551
206 552
206 554
206 555
206 564
206 565
206 566
206 567
206 570
206 571
206 572
206 573
206 581
207 211
207 273
207 276
207 383
207 394
208 209
208 210
208 228
208 259
208 261
208 264
208 265
208 268
208 270
208 480
208 557
209 210
209 211
209 212
209 227
209 231
209 265
209 273
209 295
209 480
209 494
209 509
209 512
209 565
210 227
210 490
210 494
210 496
210 514
210 537
211 212
211 230
211 231
211 233
211 241
211 273
211 276
211 282
211 295
211 501
211 502
211 509
211 544
212 273
212 501
213 393
213 402
213 408
213 461
213 492
213 498
213 504
213 520
214 230
214 273
214 276
214 474
214 503
215 274
215 279
215 281
215 296
216 273
216 276
216 472
216 523
217 249
218 274
220 221
220 251
220 286
220 287
220 529
220 530
220 553
221 287
221 530
222 235
222 238
222 244
222 469
222 533
222 550
222 551
222 555
223 234
223 283
223 399
223 580
224 397
224 399
224 412
224 579
225 412
225 421
225 423
225 424
226 244
228 229
228 232
228 239
228 243
228 250
228 252
228 255
228 256
228 258
228 263
228 264
228 265
228 268
228 269
228 270
228 387
228 512
228 531
228 538
228 540
228 541
228 543
228 547
228 552
228 554
228 560
228 561
228 564
228 565
228 566
228 567
228 569
228 570
228 571
228 572
228 600
229 230
229 231
229 232
229 235
229 236
229 238
229 239
229 240
229 243
229 247
229 252
229 255
229 256
229 258
229 265
229 268
229 269
229 270
229 282
229 295
229 387
229 481
229 493
229 507
229 508
229 511
229 512
229 513
229 522
229 525
229 531
229 532
229 538
229 540
229 541
229 542
229 543
229 545
229 546
229 547
229 548
229 551
229 552
229 554
229 560
229 561
229 564
229 565
229 566
229 567
229 570
229 571
229 572
229 573
229 581
230 231
230 235
230 236
230 238
230 239
230 240
230 247
230 255
230 256
230 259
230 268
230 276
230 282
230 295
230 493
230 503
230 507
230 508
230 511
230 512
230 513
230 516
230 525
230 531
230 538
230 540
230 542
230 544
230 545
230 548
230 551
230 554
230 555
230 564
230 565
230 566
230 567
230 571
230 572
230 581
231 233
231 240
231 255
231 259
231 265
231 268
231 273
231 276
231 282
231 295
231 480
231 485
231 493
231 507
231 508
231 509
231 511
231 512
231 513
231 544
231 551
231 565
231 566
231 572
231 573
231 581
232 236
232 239
232 243
232 248
232 250
232 252
232 255
232 258
232 269
232 270
232 531
232 532
232 538
232 540
232 541
232 543
232 546
232 547
232 552
232 554
232 560
232 561
232 567
232 570
232 571
233 241
233 268
233 273
233 276
233 282
233 295
233 544
234 399
234 520
235 236
235 238
235 239
235 240
235 243
235 244
235 247
235 252
235 255
235 256
235 282
235 291
235 511
235 531
235 542
235 546
235 547
235 548
235 550
235 551
235 552
235 554
235 555
235 556
235 567
235 581
235 585
236 238
236 239
236 240
236 243
236 247
236 252
236 255
236 256
236 268
236 269
236 282
236 291
236 511
236 531
236 538
236 542
236 546
236 547
236 548
236 550
236 551
236 552
236 554
236 555
236 561
236 567
236 581
237 284
237 286
237 549
237 553
237 582
237 583
237 584
238 239
238 240
238 243
238 244
238 247
238 252
238 255
238 256
238 265
238 268
238 282
238 478
238 493
238 507
238 508
238 511
238 513
238 531
238 538
238 540
238 542
238 546
238 547
238 548
238 550
238 551
238 552
238 554
238 555
238 556
238 561
238 564
238 566
238 567
238 570
238 571
238 572
238 581
239 240
239 243
239 247
239 248
239 250
239 252
239 255
239 256
239 258
239 265
239 268
239 269
239 270
239 282
239 291
239 508
239 511
239 531
239 532
239 538
239 540
239 542
239 546
239 547
239 548
239 552
239 554
239 560
239 561
239 566
239 567
239 570
239 581
240 243
240 244
240 247
240 252
240 255
240 256
240 258
240 282
240 291
240 475
240 493
240 507
240 508
240 511
240 513
240 531
240 532
240 538
240 540
240 542
240 545
240 546
240 547
240 548
240 550
240 551
240 552
240 554
240 555
240 566
240 567
240 570
240 571
240 572
240 581
240 585
241 282
242 262
242 266
242 563
243 250
243 252
243 256
243 258
243 265
243 531
243 532
243 538
243 540
243 541
243 546
243 547
243 550
243 552
243 554
243 560
243 561
243 566
243 567
243 570
244 535
244 548
244 550
244 551
244 555
244 556
245 532
245 546
245 553
246 250
246 258
246 260
246 261
246 264
246 300
246 558
247 252
247 255
247 256
247 258
247 269
247 282
247 291
247 473
247 493
247 507
247 508
247 511
247 531
247 538
247 542
247 547
247 548
247 551
247 554
247 555
247 556
247 566
247 567
247 581
247 585
248 250
248 252
248 254
248 463
248 478
248 552
248 557
248 558
248 560
248 561
248 562
249 477
249 559
250 252
250 254
250 258
250 263
250 265
250 266
250 269
250 270
250 463
250 552
250 557
250 558
250 560
250 561
250 562
250 570
252 255
252 256
252 258
252 265
252 268
252 269
252 270
252 478
252 507
252 531
252 532
252 538
252 540
252 541
252 542
252 543
252 546
252 547
252 548
252 550
252 552
252 554
252 558
252 560
252 561
252 566
252 567
252 570
252 571
252 581
253 254
253 267
253 277
253 462
253 463
253 464
253 562
253 563
254 266
254 267
254 277
254 463
254 464
254 558
254 562
254 563
255 256
255 258
255 265
255 268
255 269
255 282
255 475
255 481
255 507
255 508
255 511
255 522
255 531
255 538
255 540
255 542
255 543
255 546
255 547
255 548
255 551
255 552
255 554
255 560
255 561
255 564
255 565
255 566
255 567
255 570
255 571
255 572
255 581
256 258
256 269
256 282
256 295
256 481
256 507
256 508
256 511
256 522
256 531
256 538
256 540
256 541
256 542
256 545
256 547
256 548
256 551
256 554
256 564
256 565
256 566
256 567
256 570
256 571
256 572
256 581
257 364
258 259
258 264
258 269
258 270
258 278
258 387
258 508
258 531
258 538
258 540
258 541
258 542
258 546
258 547
258 548
258 552
258 554
258 560
258 561
258 564
258 565
258 566
258 567
258 570
258 571
258 581
259 261
259 264
259 268
259 295
259 296
259 300
259 508
259 538
259 564
259 565
259 566
259 588
259 593
260 300
261 264
261 267
261 278
261 296
261 300
261 590
262 263
262 266
263 265
263 266
264 270
264 278
264 528
264 538
264 541
264 564
264 566
264 569
264 570
264 571
264 577
264 589
264 590
264 592
264 593
264 600
265 268
265 269
265 270
265 480
265 507
265 510
265 512
265 513
265 515
265 525
265 531
265 540
265 541
265 543
265 552
265 560
265 561
265 564
265 565
265 566
265 570
265 573
265 594
266 463
266 558
266 561
266 562
266 563
267 463
268 269
268 270
268 282
268 295
268 478
268 507
268 512
268 544
268 552
268 561
268 564
268 565
268 566
268 571
268 572
269 270
269 278
269 282
269 522
269 531
269 538
269 540
269 543
269 552
269 560
269 561
269 566
269 567
269 569
269 570
269 571
269 581
270 278
270 522
270 528
270 538
270 541
270 543
270 552
270 560
270 561
270 566
270 569
270 570
270 571
272 274
272 279
272 281
273 276
273 295
273 394
273 501
273 502
273 505
274 279
274 281
274 299
275 277
275 464
276 282
276 295
276 473
276 508
276 523
277 563
277 575
279 281
279 296
280 296
280 459
280 524
281 296
282 295
282 551
282 567
282 581
283 489
283 579
283 580
284 285
284 286
284 582
284 583
284 584
285 286
285 582
285 584
286 287
286 529
286 549
286 582
286 583
286 584
287 529
287 530
288 586
292 487
293 427
294 370
295 480
295 485
295 493
295 502
295 507
295 508
295 509
295 512
295 513
295 544
295 551
295 564
295 565
295 572
295 588
296 298
296 300
296 341
296 459
297 299
297 370
297 596
298 300
300 595
301 302
301 317
301 319
301 321
301 322
301 336
301 352
301 386
301 389
301 398
301 487
302 304
302 305
302 317
302 319
302 320
302 321
302 322
302 323
302 325
302 336
302 352
302 386
302 389
302 398
302 425
303 311
303 317
303 319
303 321
303 335
303 386
303 389
303 392
304 305
304 317
304 319
304 320
304 321
304 322
304 323
304 325
304 328
304 329
304 332
304 336
304 389
305 321
305 322
305 323
305 324
305 325
305 425
306 309
306 318
306 319
307 311
308 326
310 314
312 318
313 316
314 315
315 316
315 319
317 319
317 321
317 322
317 335
317 336
317 386
317 389
318 319
318 320
319 320
319 321
319 322
319 336
319 389
320 321
320 334
320 336
320 389
321 322
321 323
321 325
321 328
321 332
321 334
321 336
321 386
321 389
322 323
322 325
322 389
322 398
322 425
323 325
323 327
323 328
323 329
323 330
323 332
323 335
323 336
323 425
323 447
324 326
325 425
327 329
327 330
327 332
327 529
328 329
328 332
328 334
328 335
329 330
329 332
329 333
329 334
329 335
330 332
330 335
330 529
330 582
331 333
331 334
332 333
332 335
333 334
335 336
335 386
336 386
336 389
337 340
337 348
337 413
338 340
338 342
339 341
339 346
339 347
339 349
339 356
339 357
339 446
340 342
340 343
341 345
341 346
341 349
341 350
341 354
341 356
341 357
341 369
341 446
341 448
342 343
343 347
344 348
344 413
344 415
344 418
345 346
345 349
345 352
345 356
345 357
345 358
345 362
346 347
346 349
346 350
346 356
346 357
346 418
346 446
347 349
347 356
347 357
348 413
348 415
348 418
349 350
349 356
349 357
349 362
349 371
350 357
350 416
351 447
352 425
353 359
353 364
353 372
353 375
353 415
353 430
353 437
353 444
353 446
354 356
354 357
354 372
354 446
356 357
356 362
356 369
356 371
356 446
357 358
357 362
357 371
357 446
358 362
359 375
360 392
361 412
361 414
364 365
364 403
364 428
364 430
364 437
364 446
364 448
364 453
365 370
365 373
365 376
365 430
367 598
370 372
370 596
372 418
372 437
372 446
372 596
375 415
376 377
376 378
376 436
377 378
377 380
379 436
380 381
382 447
383 394
384 390
384 393
385 388
386 389
387 512
387 513
387 528
387 531
387 534
387 538
387 540
387 541
387 543
387 552
387 564
387 565
387 570
387 571
387 572
387 574
387 589
387 590
387 592
387 600
388 401
389 391
389 487
390 393
390 395
391 398
391 487
393 396
393 495
393 504
394 493
394 495
394 496
394 501
394 505
395 397
396 504
397 399
397 408
397 412
397 461
397 492
397 504
397 520
398 400
399 412
399 492
399 520
402 404
402 406
402 407
402 408
402 435
402 460
402 461
402 491
402 492
402 504
403 430
404 406
404 407
404 408
404 423
404 424
404 435
404 461
404 491
404 492
405 415
405 440
406 407
406 408
406 409
406 434
406 435
406 461
406 491
406 492
407 408
407 409
407 414
407 461
407 491
408 435
408 451
408 460
408 461
408 490
408 491
408 492
408 494
408 504
408 514
409 461
409 491
410 411
410 417
410 419
412 423
412 443
412 467
412 520
413 417
413 449
415 416
415 418
415 446
416 440
417 449
417 497
418 422
418 446
420 421
420 423
420 424
420 438
421 423
423 424
423 452
423 458
423 527
425 442
425 447
428 437
429 430
430 434
430 437
431 433
431 453
432 452
434 458
435 460
435 461
435 492
435 504
435 514
435 537
437 446
437 448
437 453
437 462
439 464
440 448
442 449
446 448
449 519
450 451
450 490
450 492
450 510
450 514
450 521
450 594
451 490
451 492
451 494
451 510
451 514
451 521
451 594
452 454
452 527
453 462
455 456
456 467
457 466
457 517
457 524
457 577
457 578
457 592
459 499
459 517
459 524
459 578
460 501
460 504
461 491
461 492
463 464
463 557
463 558
463 561
464 599
465 498
466 468
466 517
466 578
468 517
468 574
468 578
470 472
470 480
470 484
471 586
472 476
472 477
472 523
472 559
474 523
475 548
476 523
477 479
477 482
477 559
478 480
478 507
478 551
478 556
480 481
480 484
480 485
480 512
480 565
481 485
481 486
481 507
481 508
481 512
481 513
481 531
481 538
481 540
481 541
481 542
481 564
481 565
481 566
481 567
481 572
482 483
484 485
485 507
485 508
485 566
487 586
487 587
488 524
488 592
489 518
489 532
489 545
489 579
490 492
490 494
490 510
490 514
490 521
490 537
490 594
491 492
492 494
492 498
492 504
492 514
492 520
493 495
493 503
493 505
493 507
493 508
493 511
493 512
493 513
493 516
493 525
493 531
493 540
493 542
493 544
493 545
493 548
493 551
493 555
493 564
493 565
493 567
493 571
493 572
493 573
493 581
494 496
494 509
494 510
494 514
494 521
494 537
496 501
496 505
496 509
496 521
498 504
498 520
499 503
499 517
499 524
499 578
501 502
502 503
502 505
502 544
503 505
503 511
503 513
503 516
503 517
503 522
503 524
503 525
503 542
503 544
503 545
503 564
503 565
503 571
503 572
503 581
504 514
504 537
505 513
505 516
505 517
505 544
505 545
507 508
507 511
507 512
507 513
507 516
507 522
507 525
507 531
507 538
507 540
507 541
507 542
507 544
507 545
507 548
507 551
507 552
507 555
507 564
507 565
507 566
507 567
507 570
507 571
507 572
507 573
507 581
508 511
508 513
508 516
508 522
508 523
508 524
508 526
508 531
508 538
508 542
508 548
508 551
508 564
508 565
508 566
508 567
508 571
508 572
508 581
509 513
509 521
510 512
510 513
510 515
510 521
510 525
510 531
510 532
510 534
510 540
510 541
510 543
510 552
510 561
510 564
510 565
510 570
510 573
510 594
510 600
511 512
511 513
511 516
511 525
511 531
511 532
511 538
511 540
511 541
511 542
511 543
511 544
511 545
511 547
511 548
511 550
511 551
511 552
511 554
511 555
511 564
511 565
511 566
511 567
511 570
511 571
511 572
511 573
511 581
512 513
512 515
512 516
512 521
512 525
512 531
512 532
512 534
512 538
512 540
512 541
512 542
512 543
512 544
512 545
512 551
512 552
512 554
512 561
512 564
512 565
512 566
512 567
512 570
512 571
512 572
512 573
512 581
512 589
512 594
512 600
513 515
513 516
513 521
513 525
513 531
513 532
513 538
513 540
513 541
513 542
513 543
513 544
513 545
513 548
513 551
513 552
513 554
513 555
513 564
513 565
513 566
513 567
513 570
513 571
513 572
513 573
513 581
513 589
513 592
513 594
513 600
514 521
514 537
515 516
515 518
515 521
515 525
515 531
515 532
515 540
515 541
515 543
515 545
515 552
515 554
515 565
515 570
515 571
515 573
515 600
516 517
516 522
516 524
516 525
516 528
516 531
516 538
516 540
516 541
516 542
516 543
516 544
516 545
516 564
516 565
516 566
516 570
516 571
516 572
516 573
516 574
516 577
516 581
516 589
516 592
516 600
517 524
517 528
517 574
517 577
517 578
517 592
517 600
518 521
518 532
518 534
518 545
518 579
520 580
521 544
521 573
521 594
522 524
522 531
522 538
522 540
522 541
522 542
522 543
522 564
522 565
522 566
522 567
522 570
522 571
522 577
522 581
522 592
522 600
523 526
524 564
524 565
524 572
524 577
524 578
524 592
525 531
525 541
525 542
525 545
525 552
525 564
525 565
525 566
525 571
525 572
525 573
525 581
526 559
528 540
528 541
528 543
528 552
528 564
528 565
528 569
528 570
528 571
528 572
528 574
528 577
528 589
528 590
528 592
528 600
529 530
529 582
529 583
530 582
530 583
531 532
531 538
531 540
531 541
531 542
531 543
531 545
531 546
531 547
531 548
531 550
531 551
531 552
531 554
531 555
531 560
531 561
531 564
531 565
531 566
531 567
531 569
531 570
531 571
531 572
531 573
531 581
531 600
532 534
532 540
532 541
532 542
532 543
532 545
532 546
532 547
532 548
532 550
532 552
532 554
532 555
532 560
532 561
532 567
532 570
532 571
532 581
534 540
534 541
534 570
534 594
534 600
536 557
538 540
538 541
538 542
538 543
538 546
538 547
538 548
538 552
538 554
538 560
538 564
538 565
538 566
538 567
538 569
538 570
538 571
538 572
538 581
538 589
538 590
538 592
538 600
539 597
540 541
540 542
540 543
540 545
540 546
540 547
540 548
540 552
540 554
540 555
540 560
540 564
540 565
540 566
540 567
540 569
540 570
540 571
540 572
540 573
540 574
540 581
540 600
541 542
541 543
541 545
541 547
541 552
541 554
541 560
541 564
541 565
541 566
541 567
541 569
541 570
541 571
541 572
541 573
541 574
541 577
541 581
541 589
541 590
541 600
542 543
542 544
542 545
542 546
542 547
542 548
542 550
542 551
542 552
542 554
542 555
542 564
542 565
542 566
542 567
542 569
542 570
542 571
542 572
542 573
542 581
542 600
543 544
543 545
543 552
543 554
543 560
543 561
543 564
543 565
543 570
543 571
543 572
543 573
543 600
544 545
544 551
544 555
544 565
544 571
544 572
544 573
544 581
545 547
545 548
545 551
545 554
545 555
545 567
545 570
545 571
545 572
545 573
545 581
546 547
546 548
546 550
546 554
546 560
546 567
546 570
547 548
547 550
547 554
547 555
547 560
547 567
547 570
547 581
548 550
548 551
548 552
548 554
548 555
548 556
548 561
548 564
548 566
548 567
548 570
548 571
548 572
548 581
548 585
549 583
549 584
550 551
550 552
550 554
550 555
550 556
551 554
551 555
551 556
551 567
551 571
551 572
551 573
551 581
551 585
552 554
552 560
552 561
552 564
552 565
552 566
552 567
552 569
552 570
552 571
552 572
552 573
552 581
552 589
552 600
554 555
554 560
554 561
554 564
554 566
554 567
554 570
554 571
554 572
554 581
554 600
555 556
555 573
555 581
558 560
558 561
558 563
560 561
560 566
560 567
560 570
561 570
561 571
561 573
563 575
564 565
564 566
564 567
564 569
564 570
564 571
564 572
564 573
564 577
564 581
564 589
564 590
564 592
564 593
564 600
565 566
565 567
565 570
565 571
565 572
565 573
565 581
565 589
565 590
565 592
565 593
565 594
565 600
566 567
566 570
566 571
566 572
566 581
566 585
566 590
566 600
567 570
567 571
567 572
567 581
567 585
568 596
569 570
569 571
569 572
569 574
569 590
569 592
569 600
570 571
570 572
570 573
570 574
570 581
570 589
570 590
570 600
571 572
571 573
571 574
571 581
571 589
571 592
571 600
572 573
572 574
572 581
572 589
572 592
573 581
573 594
574 578
574 592
574 600
576 577
577 578
577 590
577 592
577 593
577 600
578 592
579 580
582 583
582 584
583 584
586 587
588 589
589 590
589 592
589 593
589 594
589 598
589 600
590 592
590 593
590 600
591 596
591 598
592 593
592 600
594 598
595 597
596 598
