600 3597

1 2
1 4
1 5
1 20
1 24
1 94
1 98
1 100
1 101
1 108
1 220
1 235
1 247
1 286
1 290
1 291
1 292
1 322
1 325
1 439
1 546
1 547
2 4
2 5
2 18
2 20
2 21
2 69
2 98
2 100
2 107
2 108
2 285
2 294
2 301
2 302
2 304
2 305
2 317
2 321
2 322
2 439
2 583
3 7
3 25
3 303
4 5
4 20
4 21
4 22
4 24
4 70
4 98
4 100
4 108
4 137
4 286
4 291
4 294
4 302
4 304
4 305
4 317
4 321
4 322
4 325
4 546
4 547
4 583
4 593
5 18
5 20
5 21
5 24
5 97
5 98
5 100
5 107
5 108
5 285
5 294
5 302
5 304
5 305
5 317
5 320
5 321
5 322
5 324
5 329
5 332
5 335
5 389
5 530
5 579
5 583
5 593
6 9
6 158
6 456
6 500
8 18
9 12
10 218
10 306
10 477
11 98
11 317
11 335
12 16
12 315
13 218
14 22
14 29
15 16
17 19
17 30
17 32
17 35
17 318
17 324
17 331
17 333
18 19
18 20
18 21
18 98
18 100
18 107
18 108
18 317
18 389
19 21
19 29
19 30
19 37
19 221
19 312
19 318
19 319
19 320
19 324
19 328
19 329
19 333
20 21
20 94
20 98
20 100
20 101
20 107
20 108
20 220
20 221
20 321
20 389
20 496
20 529
20 530
20 533
21 22
21 24
21 29
21 33
21 37
21 38
21 97
21 98
21 100
21 102
21 107
21 108
21 221
21 317
21 320
21 321
21 322
21 324
21 329
21 332
21 335
21 530
21 533
22 29
22 34
22 37
22 221
22 226
22 530
22 533
22 582
23 28
23 34
23 297
23 327
24 33
24 107
24 235
24 302
24 322
24 323
24 325
24 484
24 546
24 593
25 235
25 290
25 295
25 436
26 301
26 308
26 312
26 318
26 320
26 324
26 326
26 328
26 329
26 339
26 486
27 257
28 35
29 221
29 324
29 533
29 582
30 31
30 32
30 35
30 36
30 284
30 312
30 318
30 324
30 328
30 329
30 330
30 331
30 333
30 334
30 582
31 32
31 285
31 328
31 329
31 330
32 35
32 308
32 312
32 318
32 324
32 328
32 329
32 330
32 331
32 333
32 334
33 320
33 323
33 329
33 332
33 335
34 36
34 221
34 287
34 336
34 531
34 584
35 37
35 38
35 324
35 328
35 331
35 333
35 334
35 582
36 37
36 38
36 287
36 332
36 582
37 38
37 333
37 334
37 582
38 97
38 102
38 332
38 334
38 335
39 41
39 42
39 43
39 44
39 45
39 46
39 47
39 48
39 49
39 57
39 78
39 88
39 113
39 115
39 116
39 117
39 118
39 340
39 344
39 349
39 409
39 411
40 142
41 42
41 43
41 44
41 45
41 46
41 47
41 48
41 54
41 88
41 89
41 115
41 337
41 340
41 341
41 342
41 344
41 346
41 349
41 410
42 44
42 45
42 46
42 47
42 48
42 88
42 115
42 116
42 117
42 118
42 340
42 341
42 349
42 410
43 44
43 46
43 47
43 48
43 49
43 52
43 54
43 55
43 57
43 63
43 65
43 72
43 88
43 116
43 117
43 124
43 126
43 130
43 144
43 337
43 340
43 341
43 342
43 343
43 344
43 346
43 347
43 348
43 349
43 350
43 354
43 357
43 396
43 398
43 406
43 409
43 410
43 418
43 433
43 446
44 45
44 46
44 47
44 48
44 49
44 52
44 53
44 54
44 55
44 57
44 65
44 88
44 113
44 115
44 116
44 117
44 118
44 126
44 130
44 144
44 337
44 340
44 341
44 342
44 343
44 344
44 346
44 347
44 348
44 349
44 353
44 354
44 356
44 396
44 406
44 407
44 409
44 410
44 411
44 446
44 491
45 46
45 47
45 48
45 52
45 54
45 88
45 89
45 115
45 117
45 410
46 47
46 48
46 49
46 52
46 54
46 55
46 57
46 65
46 88
46 113
46 115
46 116
46 117
46 118
46 337
46 340
46 341
46 342
46 344
46 346
46 349
46 396
46 407
46 409
46 410
46 411
47 48
47 49
47 52
47 53
47 54
47 55
47 56
47 57
47 65
47 72
47 82
47 88
47 89
47 113
47 115
47 116
47 117
47 118
47 142
47 144
47 337
47 340
47 341
47 342
47 344
47 346
47 347
47 348
47 349
47 354
47 396
47 407
47 408
47 409
47 410
47 411
47 491
48 49
48 52
48 54
48 55
48 57
48 65
48 88
48 89
48 113
48 115
48 116
48 117
48 118
48 337
48 340
48 341
48 342
48 344
48 346
48 347
48 348
48 349
48 396
48 406
48 409
48 410
48 411
49 52
49 54
49 55
49 57
49 60
49 63
49 65
49 76
49 83
49 88
49 113
49 116
49 117
49 124
49 125
49 126
49 129
49 130
49 144
49 150
49 341
49 342
49 343
49 344
49 347
49 348
49 349
49 350
49 357
49 365
49 379
49 396
49 406
49 409
49 410
49 418
49 420
49 434
49 440
49 446
49 598
50 51
50 147
50 412
50 440
50 447
51 59
51 60
51 62
51 63
51 64
51 65
51 66
51 67
51 145
51 146
51 150
51 345
51 351
51 352
51 357
51 358
51 359
51 360
51 361
51 362
51 363
51 412
51 413
51 414
51 440
51 447
52 54
52 55
52 57
52 65
52 72
52 88
52 109
52 111
52 113
52 115
52 116
52 117
52 118
52 120
52 124
52 337
52 341
52 342
52 344
52 346
52 348
52 349
52 350
52 396
52 398
52 406
52 407
52 408
52 410
52 418
52 441
53 54
53 56
53 58
53 60
53 61
53 79
53 82
53 116
53 117
53 130
53 142
53 144
53 344
53 348
53 349
53 353
53 354
53 356
53 410
54 55
54 56
54 57
54 60
54 65
54 82
54 88
54 115
54 116
54 117
54 118
54 144
54 337
54 340
54 341
54 342
54 344
54 346
54 348
54 349
54 353
54 354
54 396
54 409
54 410
55 57
55 63
55 64
55 65
55 88
55 113
55 115
55 116
55 117
55 118
55 120
55 121
55 124
55 130
55 337
55 341
55 342
55 344
55 346
55 348
55 349
55 350
55 357
55 396
55 398
55 406
55 407
55 409
55 410
55 411
55 413
55 420
55 440
55 491
56 58
56 60
56 61
56 71
56 79
56 82
56 348
56 353
56 354
56 356
57 60
57 63
57 64
57 65
57 82
57 113
57 116
57 117
57 118
57 124
57 126
57 130
57 144
57 147
57 150
57 341
57 342
57 343
57 344
57 346
57 347
57 348
57 349
57 350
57 353
57 354
57 356
57 357
57 379
57 396
57 398
57 406
57 409
57 410
57 411
57 412
57 413
57 418
57 420
57 440
57 444
57 446
58 60
58 61
58 71
58 77
58 80
58 82
58 126
58 137
58 140
58 143
58 144
58 343
58 353
58 354
58 355
58 356
58 364
58 437
58 444
59 62
59 63
59 64
59 67
59 145
59 146
59 345
59 351
59 352
59 358
59 359
59 360
59 361
59 363
59 414
59 447
60 61
60 63
60 64
60 65
60 76
60 129
60 144
60 146
60 148
60 150
60 345
60 348
60 353
60 354
60 356
60 359
60 420
60 440
60 447
60 598
61 68
61 71
61 76
61 79
61 82
61 137
61 140
61 146
61 353
61 354
61 355
61 356
61 364
61 437
61 588
62 63
62 64
62 66
62 67
62 351
62 352
62 358
62 359
62 360
62 361
62 362
62 363
62 414
63 64
63 65
63 66
63 67
63 147
63 150
63 341
63 342
63 345
63 350
63 351
63 352
63 357
63 358
63 359
63 360
63 361
63 362
63 363
63 369
63 411
63 412
63 413
63 414
63 418
63 440
63 446
63 447
64 65
64 66
64 67
64 121
64 147
64 150
64 345
64 351
64 352
64 357
64 358
64 359
64 360
64 361
64 362
64 363
64 411
64 412
64 413
64 414
64 440
65 113
65 117
65 118
65 124
65 126
65 144
65 147
65 150
65 341
65 342
65 343
65 344
65 345
65 346
65 347
65 348
65 349
65 350
65 351
65 354
65 357
65 358
65 362
65 369
65 396
65 398
65 406
65 409
65 410
65 411
65 412
65 413
65 418
65 440
65 444
65 446
66 67
66 345
66 351
66 352
66 357
66 358
66 359
66 361
66 362
66 363
66 414
66 440
67 345
67 351
67 352
67 358
67 359
67 360
67 361
67 362
67 363
67 414
68 76
68 77
68 133
68 134
68 140
68 146
68 148
68 161
68 355
68 364
68 365
68 434
68 464
68 588
69 302
69 305
69 339
69 370
69 373
70 72
71 74
71 76
71 77
71 82
71 129
71 132
71 135
71 143
71 226
71 343
71 353
71 356
71 364
71 375
71 376
71 404
71 405
71 422
71 429
71 433
71 434
71 437
71 443
71 462
71 536
72 82
72 83
72 91
72 124
72 126
72 142
72 144
72 347
72 348
72 368
72 375
72 396
72 408
72 409
72 410
72 441
73 382
74 77
74 78
74 80
74 132
74 297
74 327
74 429
74 432
75 371
76 77
76 96
76 112
76 125
76 129
76 132
76 133
76 134
76 135
76 145
76 146
76 148
76 161
76 347
76 353
76 364
76 365
76 420
76 434
76 447
76 464
76 588
76 598
76 599
77 80
77 132
77 134
77 135
77 146
77 161
77 343
77 364
77 365
77 434
77 464
77 586
77 588
79 82
79 83
79 126
79 137
79 355
79 430
80 132
80 139
80 140
80 343
80 364
80 434
80 582
81 85
81 374
81 377
81 380
81 381
82 83
82 112
82 124
82 126
82 129
82 130
82 137
82 142
82 144
82 348
82 353
82 354
82 356
82 375
82 396
82 408
82 409
82 420
82 422
82 433
82 450
82 459
82 599
83 91
83 112
83 126
83 130
83 134
83 347
83 365
83 375
83 378
83 405
83 406
83 420
83 434
84 86
84 374
84 377
86 87
86 377
86 380
87 140
87 374
87 377
87 380
87 381
87 405
87 432
88 89
88 113
88 115
88 116
88 117
88 118
88 337
88 340
88 341
88 342
88 344
88 349
88 410
89 91
90 152
90 338
91 337
92 94
92 103
92 114
92 187
92 194
92 198
92 201
92 384
92 385
92 388
93 94
93 104
93 123
93 192
93 193
93 194
93 195
93 200
93 390
93 495
94 100
94 103
94 107
94 108
94 187
94 194
94 198
94 201
94 388
94 389
94 390
94 473
94 494
94 496
94 499
95 105
95 112
95 113
95 114
95 115
95 116
95 120
95 129
95 142
95 149
95 194
95 385
95 417
95 420
96 99
96 122
96 125
96 199
96 347
96 442
97 98
97 107
97 294
97 302
97 317
97 335
97 583
98 100
98 107
98 108
98 285
98 286
98 302
98 305
98 317
98 320
98 321
98 322
98 332
98 335
98 389
98 583
99 199
99 282
99 296
99 504
99 594
99 597
100 101
100 103
100 106
100 107
100 108
100 110
100 119
100 188
100 189
100 192
100 220
100 223
100 241
100 291
100 384
100 388
100 389
100 390
100 391
100 393
100 394
100 397
100 399
100 439
100 470
100 494
100 496
100 533
101 103
101 106
101 108
101 110
101 119
101 188
101 223
101 530
102 534
103 104
103 105
103 106
103 107
103 108
103 110
103 119
103 123
103 187
103 188
103 189
103 191
103 192
103 193
103 194
103 198
103 201
103 223
103 384
103 388
103 390
103 391
103 393
103 394
103 402
103 494
103 496
103 497
103 499
104 105
104 123
104 154
104 187
104 188
104 189
104 191
104 192
104 193
104 194
104 197
104 198
104 200
104 201
104 202
104 203
104 222
104 223
104 224
104 384
104 390
104 391
104 393
104 399
104 419
104 460
104 493
104 494
104 495
104 496
104 497
104 499
104 502
104 503
104 514
105 110
105 111
105 114
105 119
105 187
105 188
105 191
105 192
105 194
105 198
105 201
105 210
105 384
105 385
105 390
105 393
105 395
105 417
105 419
105 451
105 494
105 495
105 499
106 107
106 108
106 110
106 119
106 189
106 211
106 223
106 241
106 249
106 551
106 553
107 108
107 110
107 192
107 335
107 391
107 393
107 394
107 530
108 110
108 184
108 189
108 192
108 220
108 223
108 241
108 249
108 322
108 388
108 389
108 391
108 392
108 494
108 496
108 551
108 583
109 110
109 111
109 120
109 341
110 111
110 119
110 241
111 120
111 398
111 400
111 401
111 408
112 114
112 125
112 129
112 130
112 131
112 149
112 194
112 402
112 418
112 420
112 422
112 424
112 450
112 451
112 459
113 115
113 116
113 117
113 118
113 120
113 124
113 130
113 337
113 341
113 342
113 348
113 349
113 350
113 379
113 396
113 398
113 406
113 409
113 411
113 413
113 418
113 420
113 491
114 115
114 116
114 187
114 191
114 194
114 198
114 201
114 384
114 385
114 403
114 419
114 451
115 116
115 117
115 118
115 144
115 340
115 344
115 346
115 348
115 349
115 396
115 406
115 407
115 408
115 409
115 410
115 411
115 491
116 117
116 118
116 120
116 124
116 130
116 144
116 337
116 341
116 342
116 344
116 346
116 347
116 348
116 349
116 350
116 354
116 379
116 396
116 398
116 403
116 406
116 407
116 408
116 409
116 410
116 411
116 420
116 491
117 118
117 120
117 124
117 130
117 144
117 337
117 340
117 341
117 342
117 344
117 346
117 347
117 348
117 349
117 350
117 354
117 396
117 398
117 406
117 407
117 408
117 409
117 410
117 411
117 413
117 420
117 491
118 120
118 144
118 337
118 340
118 341
118 342
118 344
118 346
118 348
118 349
118 396
118 398
118 406
118 407
118 408
118 409
118 410
118 411
118 413
118 491
119 123
119 195
119 196
119 223
119 224
119 225
119 394
119 417
120 121
120 124
120 341
120 349
120 350
120 396
120 398
120 401
120 410
121 350
121 357
121 412
121 413
121 418
121 440
122 125
122 131
122 195
122 199
122 395
122 417
122 418
122 452
122 467
123 192
123 193
123 194
123 195
123 196
123 198
123 199
123 200
123 201
123 202
123 203
123 214
123 390
123 393
123 395
123 417
123 419
123 495
123 496
123 504
124 125
124 337
124 341
124 348
124 349
124 350
124 357
124 368
124 369
124 375
124 396
124 398
124 406
124 408
124 410
124 413
124 418
124 440
124 441
125 126
125 129
125 131
125 418
125 446
125 452
126 129
126 130
126 140
126 144
126 343
126 347
126 348
126 356
126 364
126 379
126 406
126 409
126 433
126 434
126 446
126 598
127 336
128 131
128 154
128 155
128 452
128 467
129 130
129 131
129 144
129 146
129 148
129 149
129 199
129 348
129 353
129 354
129 403
129 404
129 416
129 418
129 420
129 422
129 424
129 443
129 446
129 450
129 459
130 343
130 347
130 348
130 356
130 375
130 378
130 379
130 404
130 405
130 406
130 409
130 420
130 437
130 446
131 149
131 154
131 155
131 188
131 194
131 198
131 424
131 450
131 459
132 133
132 146
132 226
132 227
132 288
132 426
132 429
132 432
132 535
133 134
133 146
133 426
133 464
133 599
134 138
134 161
134 330
134 365
134 366
134 372
134 382
134 427
134 434
136 163
137 143
137 144
137 353
137 356
137 370
137 431
137 436
137 506
137 547
137 593
138 343
138 369
138 434
138 446
140 161
140 364
140 380
140 434
141 261
142 144
142 348
142 396
142 408
143 144
143 158
143 177
143 297
143 353
143 354
143 356
143 437
143 443
144 341
144 342
144 344
144 347
144 348
144 353
144 354
144 356
144 396
144 408
144 409
144 446
144 491
145 146
145 147
145 345
145 359
145 447
145 464
146 148
146 345
146 447
146 464
147 345
147 350
147 351
147 357
147 358
147 359
147 362
147 412
147 440
147 444
147 446
147 447
148 149
148 150
148 161
148 162
148 420
148 437
148 452
148 464
149 437
149 438
149 443
150 446
151 153
151 204
151 272
151 338
151 381
151 448
151 466
152 446
153 164
153 264
153 272
153 466
154 155
154 157
154 188
154 192
154 196
154 198
154 202
154 384
154 393
154 394
154 417
154 419
154 452
154 454
154 467
154 501
154 502
154 503
154 543
155 156
155 157
155 196
155 397
155 417
155 452
155 454
155 467
155 501
156 157
156 467
157 196
157 218
157 454
157 467
157 501
157 515
157 543
158 177
158 181
158 214
158 227
158 254
158 297
158 327
158 429
158 436
158 462
158 522
158 578
159 254
159 300
160 258
160 259
160 261
160 296
160 592
161 432
161 442
161 464
163 452
165 302
165 455
166 436
167 428
167 459
167 473
168 475
169 213
169 229
169 239
169 273
170 228
170 229
170 230
170 231
170 236
170 237
170 238
170 239
170 247
170 285
170 563
170 583
171 523
172 535
173 183
174 372
175 482
176 217
177 179
177 181
177 236
177 293
177 295
177 297
177 327
177 436
177 462
177 482
177 547
178 569
179 487
180 276
181 469
182 231
183 217
183 479
183 488
185 308
186 241
186 302
186 325
186 546
186 583
186 587
187 188
187 191
187 192
187 193
187 194
187 197
187 198
187 200
187 201
187 202
187 203
187 210
187 234
187 241
187 384
187 385
187 390
187 393
187 419
187 490
187 494
187 495
187 496
187 497
187 499
187 503
187 514
188 191
188 192
188 193
188 194
188 198
188 200
188 201
188 210
188 241
188 384
188 390
188 393
188 394
188 395
188 402
188 459
188 494
188 496
188 499
189 211
189 213
189 220
189 230
189 234
189 249
189 251
189 282
189 283
189 291
189 391
189 489
189 511
189 553
189 556
190 191
190 210
190 234
190 280
191 193
191 194
191 196
191 198
191 200
191 201
191 202
191 203
191 210
191 234
191 280
191 384
191 385
191 390
191 419
191 451
191 490
191 492
191 505
191 514
192 193
192 194
192 198
192 200
192 201
192 202
192 203
192 218
192 223
192 241
192 384
192 390
192 391
192 393
192 397
192 399
192 454
192 494
192 495
192 496
192 497
192 499
192 502
192 503
193 194
193 197
193 198
193 200
193 201
193 202
193 203
193 212
193 214
193 222
193 223
193 224
193 245
193 290
193 295
193 390
193 397
193 494
193 496
193 502
193 503
193 505
194 198
194 199
194 200
194 201
194 202
194 203
194 384
194 385
194 390
194 393
194 395
194 402
194 408
194 417
194 419
194 450
194 459
194 473
194 494
194 496
194 499
194 504
195 196
195 282
195 283
195 417
196 202
196 203
196 417
196 419
196 454
196 465
196 467
196 501
196 503
196 515
196 520
196 543
197 198
197 203
197 209
197 212
197 215
197 222
197 240
197 245
197 460
197 496
197 516
198 200
198 201
198 202
198 203
198 210
198 241
198 280
198 384
198 390
198 393
198 395
198 419
198 435
198 459
198 460
198 473
198 494
198 496
198 497
198 499
198 502
198 503
198 504
199 200
199 435
199 502
199 504
200 201
200 202
200 203
200 234
200 280
200 390
200 395
200 419
200 435
200 499
200 502
200 504
201 202
201 203
201 210
201 234
201 384
201 385
201 388
201 390
201 393
201 395
201 402
201 419
201 435
201 459
201 494
201 496
201 497
201 499
201 502
201 504
202 203
202 210
202 214
202 390
202 419
202 435
202 451
202 454
202 460
202 465
202 490
202 494
202 495
202 496
202 497
202 498
202 499
202 501
202 502
202 503
202 505
202 514
202 515
202 520
203 214
203 215
203 245
203 290
203 460
203 473
203 496
203 499
203 502
203 503
203 505
203 522
204 456
205 290
206 217
206 228
206 229
206 231
206 232
206 238
206 239
206 244
206 256
206 265
206 269
206 276
207 211
208 209
209 212
209 222
209 240
210 280
210 384
210 490
211 213
211 230
211 231
211 234
211 240
211 383
211 493
211 509
211 551
212 215
212 220
212 222
212 223
212 240
212 517
213 229
213 230
213 231
213 233
213 234
213 273
213 509
213 542
213 581
214 245
214 505
214 532
215 522
216 232
216 265
218 399
218 454
218 543
219 465
220 221
220 222
220 223
220 224
220 240
220 245
220 391
220 399
220 496
220 517
220 529
220 533
220 535
220 553
220 555
221 222
221 223
221 226
221 227
221 336
221 397
221 517
221 529
221 530
221 533
221 535
221 536
221 582
222 223
222 224
222 227
222 240
222 245
222 397
222 399
222 496
222 517
222 529
222 533
222 535
222 536
222 553
223 224
223 397
223 399
223 494
223 496
223 529
223 533
223 534
223 553
224 225
224 245
224 397
224 399
224 532
224 533
224 553
225 533
225 534
226 227
226 432
226 462
226 529
226 533
226 535
226 536
226 582
227 397
227 432
227 529
227 535
227 536
228 244
228 250
228 258
228 266
228 299
229 230
229 231
229 232
229 238
229 239
229 256
229 265
229 269
229 273
229 581
230 231
230 233
230 234
230 236
230 237
230 238
230 239
230 247
230 256
230 489
230 511
230 549
230 556
230 567
230 581
231 234
231 238
231 239
231 240
231 265
231 273
232 263
232 265
232 268
232 269
233 234
233 511
233 545
233 581
234 283
234 499
234 505
234 509
235 276
235 290
235 295
235 325
235 428
235 436
235 484
235 546
236 237
236 238
236 247
236 286
236 289
236 547
236 556
237 247
237 286
237 547
237 549
237 567
237 581
238 239
238 240
238 547
238 549
239 243
239 244
239 256
239 472
239 476
239 548
239 581
240 245
240 549
240 553
240 555
241 384
241 439
241 471
241 551
241 552
242 552
244 247
245 516
245 532
245 535
246 531
247 249
247 250
247 251
247 289
247 291
247 556
248 278
249 251
249 291
249 489
249 556
250 252
250 556
250 567
251 489
251 556
252 266
252 269
253 254
255 262
255 263
255 264
255 270
255 271
255 277
255 569
255 570
256 265
256 269
256 567
256 581
257 294
258 259
258 260
258 261
258 296
259 260
259 261
259 296
259 299
260 294
260 296
260 538
261 386
261 566
261 592
262 263
262 264
262 266
262 269
262 271
262 272
262 277
262 566
262 569
262 571
263 269
263 570
264 271
264 272
264 466
264 571
265 269
265 273
266 269
267 270
267 271
268 269
270 277
270 560
270 570
271 272
271 277
271 466
271 468
271 571
271 574
272 466
272 468
272 571
273 581
274 283
275 277
275 298
276 279
276 295
277 278
277 570
280 514
281 298
281 568
282 283
284 330
284 427
285 320
285 329
285 583
285 585
286 291
286 317
286 481
286 547
286 556
286 583
286 584
287 531
287 584
288 586
289 547
289 556
290 496
290 505
290 516
290 532
290 578
294 588
294 593
294 594
295 484
295 593
296 592
296 594
296 595
296 596
296 597
297 327
297 436
297 462
298 596
300 600
301 328
302 304
302 305
302 317
302 320
302 322
302 325
302 583
304 305
304 308
304 317
304 318
304 319
304 320
304 321
304 322
304 323
304 324
304 331
304 333
304 582
305 308
305 312
305 317
305 318
305 319
305 320
305 321
305 322
305 323
305 324
305 325
305 339
305 583
306 309
306 310
307 310
308 312
308 318
308 324
308 326
308 331
308 333
308 339
311 317
312 318
312 319
312 320
312 323
312 324
312 326
312 328
312 329
312 331
312 333
312 334
313 525
314 315
316 319
317 319
317 320
317 321
317 322
317 332
317 335
317 389
317 583
318 319
318 320
318 324
318 328
318 329
318 331
318 333
319 320
319 322
319 323
319 324
319 329
320 321
320 322
320 323
320 324
320 326
320 328
320 329
320 331
320 332
320 333
320 334
320 583
321 322
321 336
321 389
321 530
322 323
322 325
322 389
322 546
322 583
322 593
323 324
323 329
324 326
324 328
324 329
324 331
324 332
324 333
324 334
324 339
324 582
325 439
325 546
325 583
325 593
326 328
326 329
326 333
326 334
326 339
327 462
327 578
328 329
328 330
328 332
328 333
328 334
329 331
329 332
329 333
329 334
329 335
330 365
330 372
330 427
331 333
332 333
332 334
332 335
332 583
333 334
334 582
336 530
336 582
337 340
337 341
337 342
337 344
337 346
337 348
337 349
337 406
337 410
338 380
338 381
340 341
340 342
340 344
340 346
340 347
340 348
340 349
340 409
340 410
340 491
341 342
341 344
341 346
341 347
341 348
341 349
341 350
341 357
341 396
341 398
341 407
341 409
341 410
341 411
341 413
341 418
341 440
341 446
342 344
342 346
342 347
342 348
342 349
342 350
342 354
342 396
342 406
342 409
342 410
342 411
342 491
343 344
343 347
343 356
343 405
343 433
343 434
343 446
344 346
344 347
344 348
344 349
344 353
344 354
344 396
344 406
344 409
344 410
344 411
345 350
345 351
345 352
345 357
345 358
345 359
345 360
345 361
345 362
345 363
345 412
345 413
345 414
345 440
345 447
346 348
346 349
346 354
346 396
346 409
346 410
346 411
347 348
347 350
347 354
347 379
347 406
347 409
347 410
347 418
347 420
347 433
347 434
347 446
348 349
348 350
348 353
348 354
348 356
348 379
348 396
348 398
348 404
348 406
348 408
348 409
348 410
348 411
348 413
348 420
348 422
348 443
348 444
348 446
349 350
349 354
349 396
349 407
349 409
349 410
349 411
350 357
350 358
350 379
350 396
350 398
350 406
350 409
350 411
350 412
350 413
350 416
350 418
350 420
350 440
350 444
350 446
351 352
351 357
351 358
351 359
351 360
351 361
351 362
351 363
351 412
351 413
351 414
351 440
351 447
352 357
352 358
352 359
352 360
352 361
352 362
352 363
352 412
352 413
352 414
352 440
353 354
353 356
353 403
353 404
353 409
353 412
353 413
353 416
353 420
353 422
353 437
353 440
353 443
353 598
354 356
354 409
354 410
354 420
354 422
354 437
354 443
356 364
356 409
356 422
356 433
356 437
356 443
356 444
356 446
357 358
357 359
357 361
357 362
357 363
357 398
357 406
357 411
357 412
357 413
357 414
357 418
357 440
357 446
358 359
358 360
358 361
358 362
358 363
358 412
358 413
358 414
358 440
358 448
359 360
359 361
359 362
359 363
359 412
359 413
359 414
359 440
359 447
360 361
360 362
360 363
360 412
360 414
360 440
361 362
361 363
361 412
361 413
361 414
361 440
362 363
362 369
362 412
362 413
362 414
362 440
363 412
363 413
363 414
363 440
363 447
364 375
364 422
364 433
364 434
364 446
364 598
364 599
365 372
365 427
365 434
365 464
365 588
367 371
367 377
367 381
367 405
367 485
368 370
368 373
368 408
368 430
368 441
368 598
369 413
369 440
370 373
370 598
371 375
372 441
374 377
374 381
375 379
375 404
375 405
375 406
375 420
375 422
375 430
375 433
375 434
375 446
375 464
376 403
376 405
376 462
377 378
377 380
377 381
377 405
377 434
378 403
378 404
378 405
378 406
378 420
379 404
379 406
379 418
379 420
379 422
379 446
380 381
380 405
381 405
384 385
384 388
384 390
384 393
384 395
384 419
384 494
384 495
384 496
384 499
385 423
385 459
387 539
387 566
387 569
387 571
387 589
388 389
388 402
388 499
388 504
388 580
389 391
389 402
389 504
389 530
390 391
390 393
390 395
390 419
390 490
390 494
390 495
390 496
390 497
390 499
390 503
390 514
391 399
391 489
391 493
391 494
391 495
391 496
391 497
391 514
391 584
393 394
393 395
393 399
393 417
393 419
393 454
393 494
393 495
393 496
393 497
393 499
393 502
393 503
393 504
394 399
394 454
394 493
395 417
395 419
395 459
395 499
396 398
396 406
396 407
396 408
396 409
396 410
396 411
396 413
396 491
397 399
397 529
397 533
397 535
398 400
398 401
398 406
398 407
398 408
398 409
398 411
398 412
398 413
398 416
398 418
399 454
399 460
399 493
399 494
399 496
399 497
399 501
399 503
399 519
399 529
399 532
399 533
399 534
399 561
400 401
400 408
401 412
401 413
401 416
402 422
402 423
402 424
402 450
402 459
402 499
402 599
403 404
403 405
403 406
403 420
403 422
403 424
404 405
404 406
404 420
404 422
404 437
405 406
405 420
405 434
405 437
406 409
406 413
406 418
406 420
406 422
406 446
407 408
407 409
407 410
407 411
407 491
407 492
408 416
408 491
408 492
409 410
409 411
409 413
409 433
409 446
409 491
410 411
410 491
411 413
412 413
412 414
412 416
412 418
412 440
412 443
412 444
412 447
413 414
413 418
413 420
413 440
414 440
415 519
416 417
416 418
416 446
417 419
417 454
418 420
418 440
418 441
418 446
419 435
419 451
419 459
419 490
419 494
419 495
419 499
419 501
419 502
419 503
419 504
420 422
420 440
420 598
420 599
421 422
421 424
421 459
422 424
422 433
422 437
422 450
422 459
422 599
423 424
423 459
423 506
424 450
424 451
424 459
425 448
425 461
427 558
428 473
428 537
428 593
429 432
431 433
433 446
434 446
434 464
435 499
435 504
436 484
436 547
436 578
437 443
437 462
437 506
438 506
439 443
439 450
439 552
440 444
440 446
440 447
442 464
443 444
443 450
444 446
444 447
445 447
446 598
448 449
448 466
449 452
449 461
450 459
450 529
450 536
451 465
451 490
451 492
451 494
451 501
451 514
452 464
452 467
453 523
453 574
454 460
454 465
454 467
454 496
454 501
454 503
454 515
454 520
454 525
454 527
454 543
457 459
457 552
458 538
458 575
459 473
460 465
460 473
460 474
460 490
460 493
460 494
460 496
460 497
460 498
460 501
460 502
460 503
460 505
460 513
460 514
460 515
460 516
460 520
460 522
460 525
460 526
460 528
460 529
462 536
463 560
465 467
465 490
465 496
465 501
465 502
465 503
465 510
465 515
465 520
465 525
465 528
465 543
466 468
466 571
466 574
467 501
467 515
467 543
468 521
468 571
468 574
472 476
473 496
474 490
474 503
474 510
474 514
474 525
474 528
475 479
476 581
478 549
480 483
482 483
484 546
484 593
489 493
489 495
489 511
489 519
489 532
489 556
490 492
490 493
490 494
490 496
490 497
490 498
490 501
490 503
490 505
490 510
490 512
490 513
490 514
490 516
490 520
490 524
490 528
490 543
491 492
492 514
493 494
493 495
493 496
493 497
493 498
493 503
493 505
493 512
493 513
493 514
493 516
493 517
493 518
493 520
493 524
493 526
493 527
493 532
493 551
493 557
494 496
494 497
494 498
494 499
494 503
494 505
494 514
494 516
495 496
495 497
495 502
495 503
495 557
496 497
496 501
496 502
496 503
496 505
496 513
496 514
496 516
496 528
496 529
496 532
496 533
497 498
497 503
497 505
497 514
497 516
498 514
498 515
498 519
498 520
498 527
498 543
498 545
499 502
499 504
501 502
501 503
501 513
501 515
501 520
501 525
501 528
501 543
502 503
502 504
502 528
503 505
503 513
503 514
503 515
503 516
503 520
503 528
503 532
503 557
504 594
505 512
505 514
505 516
505 520
505 532
505 578
507 572
508 572
509 542
510 512
510 513
510 514
510 516
510 528
511 545
511 549
511 556
511 567
511 581
512 513
512 514
512 516
512 524
512 528
512 544
513 514
513 515
513 516
513 520
513 524
513 525
513 526
513 528
513 529
513 543
514 516
514 520
514 524
514 528
515 519
515 520
515 525
515 527
515 532
515 543
515 545
516 517
516 520
516 522
516 524
516 528
516 529
516 532
516 578
518 520
518 521
518 532
518 542
518 544
519 520
519 527
519 531
519 532
519 534
520 525
520 527
520 528
520 532
520 543
520 545
520 557
521 540
521 541
521 544
521 574
523 525
524 526
525 526
525 527
525 528
525 543
525 559
526 527
526 559
527 545
527 557
528 529
528 543
529 533
529 535
529 536
530 533
531 534
531 553
531 555
532 533
533 534
533 535
533 536
535 536
539 577
540 541
540 562
540 567
541 544
541 550
541 554
541 573
544 554
544 573
546 593
547 556
548 550
548 551
548 553
549 553
549 555
549 567
550 554
553 555
560 570
560 571
560 574
564 565
565 594
565 595
565 597
566 569
566 571
569 571
570 571
570 572
570 574
571 574
571 577
576 577
583 585
588 591
588 598
590 600
592 596
594 595
594 596
594 597
595 596
595 597
596 597
598 599
