600 3595

1 2
1 4
1 22
1 28
1 31
1 105
1 106
1 225
1 282
1 290
1 302
1 322
1 391
1 395
1 417
1 443
2 3
2 4
2 11
2 20
2 93
2 94
2 95
2 98
2 100
2 101
2 103
2 104
2 106
2 110
2 117
2 184
2 187
2 189
2 194
2 223
2 282
2 283
2 301
2 302
2 303
2 304
2 383
2 384
2 385
2 388
2 389
2 390
2 393
2 394
2 395
2 396
2 398
2 399
2 401
2 487
2 489
2 493
2 495
2 503
3 11
3 18
3 20
3 21
3 94
3 98
3 100
3 106
3 283
3 301
3 304
3 308
3 384
3 388
3 389
3 394
3 396
3 398
3 489
4 5
4 20
4 22
4 23
4 28
4 30
4 31
4 35
4 96
4 97
4 98
4 102
4 105
4 106
4 220
4 282
4 301
4 302
4 304
4 305
4 322
4 327
4 335
4 336
4 390
4 391
4 395
4 397
4 443
4 469
4 489
4 495
5 11
5 20
5 21
5 23
5 24
5 29
5 30
5 32
5 37
5 98
5 100
5 102
5 106
5 282
5 303
5 304
5 305
5 308
5 317
5 320
5 321
5 324
5 329
5 331
5 333
5 335
5 336
5 388
5 389
5 390
5 391
5 489
6 7
6 9
6 18
6 21
6 37
6 94
6 100
6 310
6 312
6 317
6 319
6 320
6 331
6 389
7 21
7 29
7 37
7 100
7 303
7 308
7 312
7 317
7 319
7 321
7 326
7 331
8 93
8 283
8 309
8 311
8 316
8 384
9 16
9 18
9 37
9 94
9 98
9 100
10 326
11 18
11 20
11 21
11 37
11 93
11 94
11 95
11 98
11 100
11 101
11 103
11 106
11 184
11 189
11 282
11 301
11 302
11 303
11 304
11 317
11 320
11 321
11 384
11 385
11 388
11 389
11 390
11 393
11 394
11 396
11 398
11 411
11 487
11 489
11 495
12 14
12 15
12 16
12 18
12 19
12 315
12 317
12 318
12 319
13 272
14 15
14 18
14 315
14 317
14 318
14 319
15 16
15 19
15 311
15 313
15 315
15 316
16 18
16 19
16 312
16 314
16 315
16 316
16 318
16 319
17 334
17 470
17 580
18 19
18 20
18 94
18 98
18 100
18 315
18 317
18 318
18 319
18 389
18 526
19 29
19 312
19 315
19 317
19 318
19 319
20 21
20 24
20 29
20 37
20 94
20 98
20 100
20 101
20 103
20 106
20 282
20 303
20 304
20 308
20 317
20 320
20 321
20 324
20 329
20 331
20 335
20 336
20 388
20 389
20 390
20 394
20 398
20 411
20 489
20 495
21 24
21 29
21 37
21 94
21 98
21 100
21 103
21 106
21 303
21 304
21 308
21 312
21 317
21 320
21 321
21 324
21 326
21 329
21 331
21 333
21 335
21 336
21 388
21 389
21 390
21 411
21 489
21 495
22 23
22 26
22 28
22 30
22 31
22 36
22 220
22 221
22 305
22 327
22 391
22 397
23 24
23 26
23 28
23 30
23 33
23 35
23 38
23 102
23 220
23 221
23 237
23 303
23 304
23 305
23 324
23 328
23 329
23 336
23 391
23 397
23 533
24 26
24 27
24 29
24 30
24 32
24 37
24 102
24 304
24 320
24 321
24 324
24 326
24 328
24 329
24 331
24 333
24 334
24 335
24 336
24 390
24 391
25 28
25 325
25 583
26 27
26 30
26 31
26 328
26 329
26 332
26 391
26 484
27 30
27 328
27 329
27 333
27 484
28 31
28 105
28 237
28 287
28 305
28 327
28 328
28 395
28 397
28 443
29 37
29 100
29 304
29 312
29 317
29 320
29 321
29 326
29 329
29 331
29 389
29 390
30 31
30 32
30 33
30 35
30 36
30 38
30 220
30 221
30 304
30 305
30 328
30 329
30 332
30 333
30 335
30 336
30 390
30 391
30 392
30 397
30 530
30 533
30 549
31 33
31 220
31 221
31 237
31 305
31 322
31 323
31 327
31 328
31 330
31 332
31 391
31 443
31 529
31 533
32 33
32 35
32 304
32 305
32 324
32 329
32 333
32 334
32 335
32 336
32 533
33 35
33 36
33 38
33 102
33 220
33 221
33 237
33 323
33 327
33 336
33 391
33 392
33 397
33 530
33 533
33 553
34 223
34 287
35 36
35 38
35 220
35 221
35 305
35 323
35 324
35 327
35 333
35 334
35 335
35 336
35 391
35 392
35 530
35 533
35 553
36 38
36 220
36 221
36 335
36 336
36 391
36 392
36 397
36 530
36 533
36 549
37 94
37 98
37 100
37 106
37 303
37 304
37 308
37 312
37 317
37 318
37 320
37 321
37 326
37 329
37 331
37 336
37 388
37 389
37 489
38 102
38 220
38 221
38 323
38 328
38 332
38 335
38 336
38 391
38 392
38 397
38 530
38 533
38 549
38 553
39 42
39 88
39 89
39 93
39 95
39 107
39 108
39 111
39 113
39 115
39 116
39 137
39 187
39 191
39 337
39 340
40 61
40 63
40 74
40 75
40 135
40 140
40 355
40 440
41 42
41 43
41 44
41 45
41 46
41 47
41 48
41 89
41 205
41 342
41 343
41 346
41 347
41 446
42 47
42 48
42 88
42 89
42 115
42 116
42 337
43 44
43 47
43 48
43 49
43 75
43 87
43 126
43 140
43 141
43 347
44 47
44 48
44 50
44 51
44 53
44 54
44 56
44 58
44 60
44 61
44 63
44 75
44 76
44 78
44 80
44 86
44 87
44 135
44 140
44 341
44 345
44 346
44 347
44 349
44 353
44 354
44 355
44 356
44 357
44 358
44 362
44 363
44 364
44 365
44 373
44 374
45 46
46 47
46 48
46 346
47 48
47 50
47 51
47 53
47 54
47 61
47 75
47 76
47 77
47 80
47 82
47 86
47 87
47 89
47 91
47 126
47 140
47 337
47 342
47 344
47 346
47 347
47 349
47 354
47 355
47 357
47 365
47 373
47 374
47 377
47 380
47 446
48 51
48 54
48 58
48 61
48 80
48 86
48 87
48 89
48 342
48 343
48 346
48 347
48 373
48 377
48 380
48 446
49 425
50 51
50 58
50 60
50 61
50 62
50 63
50 76
50 78
50 126
50 140
50 341
50 345
50 354
50 355
50 356
50 357
50 358
50 362
50 363
50 364
51 53
51 54
51 56
51 58
51 60
51 61
51 62
51 63
51 86
51 140
51 341
51 345
51 346
51 349
51 352
51 353
51 354
51 355
51 356
51 357
51 358
51 362
51 363
52 88
52 89
52 116
52 117
52 118
52 124
52 339
52 416
53 54
53 55
53 56
53 58
53 144
53 344
53 348
53 353
53 357
53 359
54 56
54 60
54 61
54 87
54 341
54 344
54 346
54 349
54 353
54 354
54 355
54 356
55 72
55 120
55 147
55 348
55 353
55 357
55 359
55 368
55 371
55 413
56 58
56 60
56 61
56 78
56 81
56 86
56 87
56 144
56 341
56 345
56 349
56 353
56 354
56 355
56 356
56 357
56 359
56 441
57 65
57 68
57 69
57 70
57 82
57 120
57 125
57 135
57 292
57 325
57 348
57 364
57 365
57 366
57 368
57 416
58 60
58 61
58 62
58 63
58 78
58 80
58 81
58 84
58 86
58 87
58 140
58 341
58 345
58 353
58 354
58 355
58 356
58 357
58 358
58 362
58 367
58 374
59 62
59 67
60 61
60 63
60 64
60 81
60 87
60 127
60 341
60 345
60 349
60 353
60 354
60 356
60 357
60 363
60 382
60 438
61 62
61 63
61 66
61 75
61 76
61 78
61 80
61 135
61 140
61 341
61 345
61 354
61 355
61 356
61 357
61 358
61 362
61 374
62 63
62 66
62 67
62 345
62 351
62 352
62 356
62 358
62 360
62 362
62 363
63 64
63 65
63 68
63 72
63 75
63 78
63 80
63 81
63 82
63 135
63 140
63 339
63 354
63 355
63 356
63 357
63 358
63 359
63 374
65 68
65 69
65 70
65 72
65 135
65 364
65 368
66 67
66 358
66 362
67 362
68 69
68 70
68 71
68 72
68 75
68 76
68 78
68 80
68 82
68 126
68 129
68 132
68 133
68 134
68 135
68 140
68 147
68 150
68 185
68 357
68 364
68 365
68 368
68 370
68 373
68 429
68 439
69 70
69 71
69 72
69 76
69 80
69 82
69 126
69 129
69 135
69 140
69 144
69 295
69 297
69 364
69 365
69 366
69 368
69 369
69 370
69 596
70 72
70 75
70 76
70 78
70 80
70 82
70 91
70 126
70 129
70 135
70 140
70 144
70 364
70 365
70 366
70 368
70 429
71 76
71 82
71 135
71 295
71 296
71 297
71 344
71 359
71 364
71 365
71 368
72 74
72 78
72 81
72 82
72 135
72 359
72 364
72 368
72 369
72 370
72 371
73 436
74 75
74 78
74 82
74 91
74 135
74 140
74 355
74 368
74 369
74 372
75 77
75 78
75 79
75 80
75 81
75 82
75 84
75 86
75 87
75 89
75 91
75 126
75 135
75 140
75 339
75 354
75 355
75 356
75 357
75 364
75 365
75 369
75 371
75 372
75 373
75 374
75 377
75 378
75 380
75 382
75 425
75 429
76 77
76 78
76 80
76 82
76 126
76 129
76 135
76 140
76 144
76 150
76 185
76 205
76 295
76 300
76 357
76 364
76 365
76 368
76 370
76 429
76 439
76 554
76 590
76 596
76 597
77 78
77 80
77 82
77 91
77 126
77 140
77 141
77 142
77 357
77 367
77 369
77 370
77 371
77 372
77 373
77 376
77 377
77 380
77 429
78 80
78 81
78 82
78 86
78 87
78 91
78 126
78 134
78 135
78 140
78 142
78 144
78 339
78 341
78 354
78 355
78 356
78 357
78 359
78 364
78 365
78 367
78 368
78 369
78 370
78 371
78 372
78 373
78 375
78 376
78 377
78 380
78 382
78 429
78 441
79 81
79 88
79 130
79 134
79 201
80 81
80 82
80 84
80 86
80 87
80 126
80 135
80 140
80 141
80 341
80 347
80 354
80 355
80 356
80 357
80 364
80 365
80 367
80 368
80 370
80 371
80 373
80 374
80 377
80 380
80 429
80 537
81 82
81 84
81 85
81 86
81 87
81 126
81 132
81 135
81 140
81 339
81 342
81 343
81 347
81 357
81 367
81 370
81 371
81 373
81 374
81 376
81 377
81 380
81 382
81 429
82 86
82 89
82 91
82 126
82 129
82 133
82 134
82 135
82 140
82 142
82 144
82 150
82 185
82 355
82 357
82 359
82 364
82 365
82 368
82 369
82 370
82 372
82 373
82 375
82 376
82 377
82 378
82 406
82 429
82 430
82 439
82 441
82 596
83 114
83 201
84 85
84 86
84 87
84 347
84 373
84 374
84 377
84 379
84 380
85 86
85 87
85 347
85 377
85 380
86 87
86 89
86 337
86 339
86 342
86 346
86 347
86 354
86 355
86 372
86 373
86 374
86 377
86 378
86 379
86 380
86 381
86 382
87 126
87 140
87 347
87 353
87 354
87 356
87 357
87 365
87 367
87 371
87 373
87 374
87 377
87 379
87 380
87 425
88 89
88 113
88 115
88 116
88 126
88 130
88 134
88 201
89 91
89 115
89 116
89 126
89 337
89 338
89 339
89 346
89 347
89 373
89 378
89 380
89 381
90 434
91 126
91 140
91 355
91 364
91 365
91 368
91 369
91 370
91 372
91 596
92 93
92 184
92 187
92 202
92 225
92 286
92 503
92 559
93 94
93 95
93 101
93 104
93 110
93 111
93 184
93 187
93 189
93 191
93 283
93 384
93 385
93 487
93 493
93 503
93 504
94 95
94 98
94 100
94 101
94 103
94 106
94 184
94 189
94 283
94 301
94 303
94 317
94 321
94 384
94 385
94 388
94 389
94 394
94 398
94 489
95 100
95 101
95 104
95 107
95 108
95 110
95 111
95 115
95 117
95 118
95 184
95 187
95 189
95 191
95 204
95 283
95 289
95 301
95 302
95 383
95 384
95 385
95 389
95 393
95 398
95 409
95 487
95 489
95 493
95 495
95 503
95 504
96 105
96 117
96 118
96 302
96 385
96 386
96 396
96 410
96 411
96 495
97 99
97 387
97 579
98 100
98 102
98 103
98 106
98 283
98 301
98 302
98 303
98 304
98 317
98 321
98 336
98 388
98 389
98 390
98 395
98 398
98 411
98 489
98 495
99 221
99 403
99 412
99 579
100 101
100 103
100 106
100 283
100 301
100 303
100 304
100 308
100 312
100 317
100 320
100 321
100 331
100 384
100 385
100 388
100 389
100 390
100 394
100 396
100 398
100 411
100 489
100 495
101 103
101 104
101 106
101 184
101 189
101 191
101 194
101 384
101 389
101 393
101 394
101 398
101 409
101 487
101 489
101 493
101 495
102 220
102 221
102 336
102 391
102 392
102 397
102 533
103 106
103 118
103 321
103 388
103 389
103 390
103 393
103 395
103 398
103 411
103 489
103 495
104 107
104 108
104 110
104 189
104 191
104 192
104 194
104 204
104 393
104 394
104 398
104 401
104 504
105 106
105 119
105 125
105 195
105 225
105 282
105 287
105 301
105 302
105 390
105 393
105 395
105 396
105 401
105 417
105 443
105 445
105 495
105 579
106 110
106 184
106 282
106 283
106 301
106 302
106 303
106 304
106 321
106 336
106 384
106 385
106 388
106 389
106 390
106 393
106 394
106 395
106 396
106 397
106 398
106 401
106 411
106 489
106 495
107 108
107 110
107 111
107 115
107 116
107 117
107 189
107 191
107 204
107 393
107 398
107 409
108 110
108 111
108 113
108 114
108 119
108 187
108 189
108 191
108 192
108 196
108 197
108 204
108 224
109 191
109 192
109 193
109 194
109 212
109 494
109 496
109 505
110 111
110 117
110 119
110 184
110 187
110 189
110 191
110 192
110 223
110 283
110 301
110 384
110 385
110 393
110 395
110 398
110 399
110 400
110 401
110 409
110 493
110 495
110 511
111 114
111 115
111 116
111 187
111 189
111 191
111 204
112 130
113 114
113 126
113 130
113 201
113 213
114 115
114 130
114 191
114 197
114 201
114 204
114 210
114 213
115 116
115 137
115 187
115 189
115 191
115 203
115 204
115 337
115 340
116 117
116 118
116 337
116 340
116 416
117 118
117 289
117 301
117 302
117 385
117 393
117 395
117 398
117 401
117 410
117 487
118 120
118 348
118 398
118 410
118 411
118 413
118 495
119 125
119 157
119 195
119 196
119 223
119 224
119 225
119 291
119 401
119 412
119 417
119 443
119 445
120 348
120 395
120 401
120 413
120 417
120 579
121 145
121 147
121 412
122 151
122 164
123 124
123 416
123 417
124 125
125 195
125 196
125 225
125 290
125 417
125 445
125 506
126 129
126 134
126 135
126 140
126 141
126 339
126 347
126 364
126 365
126 370
126 373
126 374
126 377
126 380
126 429
128 131
128 242
128 423
128 450
129 133
129 134
129 135
129 142
129 144
129 145
129 147
129 150
129 185
129 364
129 368
129 370
129 403
129 420
129 422
129 429
129 437
129 439
129 441
129 548
129 596
130 134
130 154
130 198
130 201
130 276
131 190
131 208
131 229
131 231
131 259
131 263
131 265
131 268
131 273
131 274
131 279
131 450
131 490
131 510
131 512
131 519
131 565
132 133
132 134
132 185
132 429
133 134
133 135
133 138
133 150
133 185
133 429
134 135
134 137
134 150
134 201
134 205
134 373
134 376
134 378
134 429
134 430
135 140
135 150
135 357
135 364
135 365
135 368
135 369
135 370
135 372
135 373
135 376
135 429
136 159
136 160
136 506
137 167
137 373
139 141
140 141
140 142
140 347
140 354
140 355
140 356
140 357
140 358
140 364
140 365
140 367
140 368
140 369
140 370
140 372
140 373
140 374
140 377
140 380
140 425
140 429
141 199
141 374
142 370
142 422
142 429
142 439
142 441
143 145
143 185
143 225
143 325
143 439
143 443
144 348
144 364
144 365
144 368
144 369
144 439
144 441
145 146
145 147
145 150
145 412
145 418
145 441
145 445
145 579
146 147
147 150
147 185
147 359
147 403
147 412
147 441
148 151
148 152
148 163
148 253
148 437
148 442
148 462
149 422
149 437
150 437
150 441
151 163
151 199
152 169
152 448
153 155
153 157
153 272
153 274
153 277
153 281
154 157
154 197
154 198
154 201
154 202
154 216
154 217
154 218
154 224
154 232
154 241
154 276
155 156
155 157
155 267
155 466
156 157
156 252
156 254
156 267
156 268
157 196
157 218
157 224
158 462
159 160
159 192
159 196
159 202
159 204
159 215
159 224
159 249
159 276
160 167
160 225
160 235
160 290
160 506
161 199
162 415
163 253
163 462
163 464
164 219
165 415
166 436
166 471
167 198
167 203
167 213
168 598
169 171
169 252
170 457
170 476
170 572
170 588
171 216
171 217
171 218
171 250
171 252
171 557
172 560
173 597
174 251
174 283
174 480
175 213
176 255
177 179
178 183
178 255
178 257
178 258
179 290
180 203
181 291
182 509
184 187
184 189
184 191
184 194
184 282
184 283
184 286
184 289
184 301
184 383
184 384
184 393
184 487
184 493
184 503
185 325
185 364
185 368
185 370
185 429
185 439
185 443
186 364
187 189
187 191
187 204
187 206
187 207
187 384
187 487
187 493
187 503
188 190
188 210
188 211
188 229
188 230
188 231
188 520
189 191
189 192
189 194
189 202
189 203
189 204
189 283
189 384
189 385
189 393
189 394
189 399
189 407
189 409
189 493
189 503
189 504
189 505
190 208
190 209
190 210
190 218
190 229
190 231
190 232
190 241
190 256
190 490
190 512
191 192
191 194
191 197
191 202
191 203
191 204
191 384
191 407
191 409
191 493
191 504
191 505
192 193
192 194
192 197
192 202
192 203
192 204
192 211
192 215
193 194
193 390
193 394
194 202
194 203
194 204
194 282
194 393
194 394
194 396
194 496
194 503
194 505
195 196
195 223
195 225
195 417
195 445
196 202
196 213
196 225
196 230
196 233
196 417
197 198
197 201
197 202
197 203
197 213
197 216
197 218
198 201
198 202
198 203
198 213
198 276
200 260
200 261
200 271
200 274
200 279
200 281
200 296
200 299
201 203
201 213
202 203
202 204
202 211
202 213
202 214
202 215
202 234
202 505
203 204
203 213
203 234
203 340
203 407
204 407
204 409
204 493
204 504
204 505
205 325
205 597
206 207
206 209
206 211
206 256
206 509
207 256
208 209
208 231
208 256
208 259
208 268
208 451
208 490
208 508
208 510
208 512
208 513
208 514
208 528
208 561
208 564
208 570
208 571
208 573
208 574
209 210
209 211
209 212
209 215
209 231
209 232
209 234
209 509
209 513
210 213
210 232
210 234
210 256
210 269
210 507
211 215
211 229
211 230
211 231
211 232
211 234
211 238
211 244
211 265
211 274
211 542
212 494
212 496
213 234
213 276
214 505
215 273
215 274
215 276
216 217
216 218
216 280
216 460
217 218
217 273
218 224
218 232
218 241
218 254
219 254
219 465
220 221
220 222
220 237
220 336
220 391
220 392
220 397
220 530
220 533
220 553
221 237
221 328
221 332
221 336
221 391
221 392
221 397
221 530
221 533
221 553
222 240
222 245
223 283
223 399
223 511
224 241
225 286
225 287
225 290
225 301
225 386
225 401
225 417
225 442
225 443
225 445
225 467
225 534
226 227
226 464
226 535
226 536
227 535
227 536
228 262
228 294
228 445
228 579
229 230
229 231
229 233
229 244
229 256
229 258
229 259
229 265
229 542
229 581
230 231
230 233
230 234
230 244
230 286
230 509
230 511
230 520
230 542
230 545
230 581
231 232
231 233
231 234
231 244
231 256
231 259
231 263
231 265
231 266
231 268
231 278
231 509
231 512
231 541
231 542
231 565
232 234
232 241
232 244
232 268
232 269
232 276
233 234
233 244
233 545
234 244
234 269
234 276
234 278
236 244
236 249
236 547
237 549
238 240
239 246
240 245
240 532
241 244
242 270
242 423
242 451
242 552
243 261
243 294
243 295
243 296
243 588
243 590
243 597
244 265
244 286
244 542
244 551
244 565
245 451
245 453
246 262
246 531
246 532
246 600
247 252
248 250
249 251
249 283
249 580
250 252
250 268
250 558
250 560
250 561
250 570
251 283
252 267
252 268
252 459
252 560
253 462
253 463
253 464
254 268
255 258
256 258
256 265
257 260
257 261
257 293
257 294
257 295
257 299
257 539
257 588
258 259
258 263
258 265
258 295
258 450
258 510
259 263
259 265
259 510
259 512
259 574
260 261
260 262
260 263
260 281
260 294
260 298
260 299
260 588
260 590
260 592
261 263
261 266
261 279
261 281
261 293
261 294
261 296
261 299
261 588
261 590
261 592
262 263
262 468
263 265
263 266
263 268
263 274
263 279
263 294
263 450
263 510
263 538
263 565
263 566
263 574
263 600
264 300
265 266
265 268
265 278
265 279
265 295
265 510
265 541
265 565
266 268
266 278
266 279
266 457
266 541
266 565
267 268
267 275
267 453
267 468
267 578
268 273
268 279
268 570
269 276
269 278
269 569
270 273
270 451
270 574
271 273
271 274
272 281
273 274
274 279
274 281
274 519
276 277
277 278
278 279
279 281
279 457
279 565
280 472
281 592
282 283
282 301
282 302
282 304
282 305
282 384
282 389
282 390
282 393
282 394
282 395
282 396
282 401
282 487
282 489
282 495
282 579
283 301
283 302
283 384
283 385
283 389
283 390
283 393
283 394
283 395
283 396
283 398
283 489
283 493
283 511
283 580
284 285
284 582
284 586
285 286
285 511
285 582
285 583
286 287
286 289
286 290
286 301
286 487
286 511
286 542
286 547
286 580
286 581
286 583
286 584
286 585
286 586
287 290
288 289
288 586
289 487
289 511
289 581
289 586
293 294
293 295
293 299
293 588
293 590
294 295
294 296
294 297
294 298
294 299
294 300
294 588
294 590
294 592
294 597
294 600
295 296
295 297
295 298
295 299
295 300
295 510
295 538
295 541
295 554
295 565
295 588
295 590
295 591
295 593
295 594
295 595
295 596
295 597
295 600
296 297
296 597
297 597
298 299
298 300
298 538
298 539
298 546
298 588
298 590
298 593
298 595
298 597
298 599
298 600
299 300
299 539
299 565
299 588
299 590
299 593
299 595
299 597
299 599
299 600
300 538
300 539
300 541
300 554
300 565
300 588
300 589
300 590
300 593
300 595
300 596
300 597
300 599
300 600
301 302
301 304
301 383
301 384
301 385
301 386
301 389
301 390
301 393
301 394
301 395
301 396
301 398
301 399
301 401
301 417
301 467
301 487
301 489
301 493
301 495
301 511
301 540
301 580
302 304
302 305
302 322
302 336
302 384
302 385
302 389
302 390
302 393
302 395
302 396
302 401
302 487
302 489
302 495
303 304
303 308
303 321
303 388
303 389
303 411
303 489
303 495
304 305
304 308
304 320
304 321
304 324
304 329
304 331
304 333
304 335
304 336
304 388
304 389
304 390
304 391
304 489
305 324
305 327
305 329
305 335
305 336
306 309
307 309
308 321
308 324
308 331
308 336
311 315
311 316
312 317
312 318
312 319
312 321
312 326
312 331
313 316
315 316
315 317
315 318
315 319
317 318
317 319
317 320
317 321
317 331
317 388
317 389
317 489
318 319
318 320
318 389
319 331
319 389
320 321
320 329
320 331
320 336
320 389
321 324
321 326
321 329
321 331
321 335
321 336
321 388
321 389
321 390
321 398
321 489
321 495
322 323
322 328
322 330
322 332
322 391
322 462
322 529
323 324
323 327
323 328
323 330
323 332
323 391
323 530
323 533
324 328
324 329
324 333
324 334
324 335
324 336
324 391
324 533
325 330
325 439
326 329
326 331
327 328
327 335
327 549
328 329
328 330
328 332
328 336
328 391
328 484
328 529
328 530
328 533
328 549
329 331
329 333
329 335
329 336
329 389
329 390
329 391
330 332
330 529
331 333
331 388
331 389
331 390
331 489
332 391
332 462
332 529
332 530
332 533
332 549
333 334
333 335
333 336
334 336
334 433
335 336
335 390
335 391
335 530
335 533
336 389
336 390
336 391
336 392
336 397
336 489
336 530
336 533
337 338
337 340
337 344
337 346
337 381
338 342
338 343
338 346
338 347
338 381
339 342
339 346
339 347
339 357
339 364
339 371
339 373
339 376
339 380
339 381
339 382
339 405
339 428
339 434
339 436
340 342
340 344
340 407
341 345
341 346
341 349
341 353
341 354
341 356
341 357
341 358
341 359
341 362
341 364
341 367
341 446
342 343
342 346
342 347
342 373
342 377
342 380
342 381
342 446
343 346
343 347
344 346
344 348
344 353
344 369
344 375
345 354
345 355
345 356
345 357
345 358
345 362
345 363
346 347
346 349
346 357
346 373
346 380
346 446
347 357
347 365
347 367
347 373
347 374
347 376
347 377
347 379
347 380
347 382
347 429
347 430
347 434
348 359
348 368
348 369
348 375
348 411
348 413
349 353
349 354
349 356
349 363
350 446
351 352
351 358
351 360
351 362
351 363
352 358
352 360
352 362
352 363
353 354
353 356
353 357
353 359
353 363
353 364
353 371
354 355
354 356
354 357
354 358
354 359
354 362
354 363
354 373
354 374
354 377
354 380
355 356
355 357
355 358
355 362
355 369
356 357
356 358
356 362
356 363
356 373
356 374
357 358
357 359
357 364
357 365
357 367
357 368
357 370
357 371
357 372
357 373
357 376
357 377
357 380
357 429
357 434
357 446
358 360
358 362
358 363
359 364
359 367
359 368
359 369
359 371
359 413
359 441
360 361
360 362
360 363
360 378
361 363
362 363
364 365
364 366
364 368
364 369
364 370
364 371
364 372
364 373
364 376
364 427
364 428
364 429
364 434
364 439
364 444
364 598
365 366
365 367
365 368
365 369
365 370
365 371
365 372
365 373
365 374
365 376
365 377
365 380
365 427
365 429
365 430
365 431
365 434
365 439
365 446
365 593
365 596
365 598
366 368
366 372
366 473
367 369
367 370
367 371
367 372
367 373
367 374
367 375
367 376
367 377
367 380
367 429
368 369
368 370
368 371
368 372
368 375
368 376
368 413
368 429
368 441
369 370
369 371
369 372
369 373
369 375
369 376
369 441
370 371
370 372
370 373
370 375
370 376
370 377
370 427
370 429
370 434
370 596
370 598
371 372
371 373
371 375
371 376
371 377
371 380
371 429
371 434
372 373
372 375
372 376
372 377
372 380
372 429
372 430
372 434
373 374
373 375
373 376
373 377
373 378
373 380
373 429
373 430
373 434
374 377
374 380
374 425
375 376
375 381
375 413
376 377
376 380
376 426
376 427
376 428
376 429
376 430
376 434
376 598
377 378
377 379
377 380
377 425
377 429
377 430
377 434
378 380
378 381
378 414
378 419
378 436
379 380
379 425
380 381
380 382
380 425
380 430
380 434
380 436
381 382
381 405
381 419
381 430
381 436
383 467
383 487
384 385
384 388
384 389
384 393
384 394
384 396
384 398
384 409
384 487
384 489
384 493
384 495
384 503
384 504
385 388
385 389
385 393
385 394
385 396
385 398
385 401
385 409
385 410
385 411
385 487
385 489
385 493
385 495
385 503
386 387
386 503
387 540
388 389
388 390
388 393
388 395
388 398
388 411
388 489
388 495
389 390
389 398
389 489
389 495
390 391
390 393
390 394
390 395
390 396
390 398
390 489
390 495
391 392
391 395
391 397
391 529
391 530
391 533
391 553
391 579
392 397
392 530
392 533
392 549
392 553
393 394
393 395
393 396
393 398
393 399
393 401
393 409
393 411
393 417
393 467
393 489
393 493
393 495
394 396
394 398
394 399
394 407
394 409
394 411
394 489
394 493
394 495
394 496
394 503
394 504
394 505
394 534
395 396
395 397
395 398
395 401
395 411
395 417
395 445
395 489
395 495
395 579
396 398
396 401
396 409
396 410
396 411
396 489
396 495
397 411
397 530
397 533
397 579
398 401
398 409
398 410
398 411
398 489
398 495
399 400
399 401
399 467
399 493
399 511
399 534
399 542
400 493
401 411
401 417
401 445
401 467
401 489
401 495
401 579
402 509
402 594
403 404
403 405
403 406
403 418
403 421
403 422
403 423
403 435
403 461
404 406
404 422
404 423
404 424
406 422
406 435
407 408
407 409
407 492
407 493
407 496
407 502
407 503
407 504
407 505
408 492
408 494
408 496
408 505
408 516
409 410
409 493
409 503
409 504
410 411
411 489
411 495
412 418
412 445
412 466
412 579
414 419
415 466
416 417
417 418
417 443
417 445
417 467
417 579
418 442
418 445
418 448
418 449
418 579
420 589
420 599
421 422
421 423
421 461
422 428
422 429
422 434
422 435
422 437
422 448
422 461
423 424
423 449
423 515
424 451
425 436
426 427
426 429
426 434
426 598
427 434
427 588
427 591
427 593
427 594
427 598
428 434
428 435
428 461
429 430
429 434
429 439
429 598
430 431
430 434
430 435
431 446
432 434
434 435
435 461
437 442
437 461
437 462
438 447
439 441
439 596
442 466
443 445
445 579
445 584
448 449
448 461
449 466
450 510
450 600
451 453
451 490
451 510
451 512
451 513
451 514
451 515
451 528
451 544
451 552
451 561
451 564
451 570
451 573
451 574
452 453
452 458
452 460
452 515
453 454
453 574
454 463
454 556
455 456
456 502
456 503
456 504
457 565
457 572
457 588
460 474
460 501
460 524
460 527
462 464
462 529
463 465
463 556
463 558
463 563
465 466
465 515
467 534
468 574
470 481
470 482
474 524
475 476
476 588
477 526
478 558
478 587
479 502
480 580
483 488
484 486
485 511
487 493
487 503
487 511
487 582
487 583
487 586
488 568
489 495
490 508
490 510
490 512
490 513
490 514
490 521
490 528
490 544
490 561
490 564
490 567
490 570
490 573
490 574
491 492
491 521
491 573
492 494
492 496
492 521
492 524
493 496
493 503
493 504
493 505
493 509
493 511
493 534
493 542
494 496
494 505
494 508
494 513
494 516
494 521
496 502
496 505
496 516
496 521
496 534
497 520
498 520
498 581
499 500
499 568
502 503
502 504
502 505
502 517
502 576
503 504
503 505
504 505
505 516
507 508
507 509
507 521
507 567
508 509
508 512
508 513
508 514
508 516
508 521
508 524
508 527
508 528
508 542
508 544
508 564
508 567
508 570
508 573
509 513
509 522
509 542
509 577
510 512
510 513
510 514
510 538
510 541
510 554
510 564
510 567
510 570
510 574
510 600
511 520
511 540
511 542
511 545
511 580
511 581
512 513
512 514
512 518
512 528
512 538
512 541
512 544
512 552
512 564
512 567
512 570
513 514
513 516
513 521
513 527
513 528
513 542
513 544
513 545
513 564
513 567
513 570
513 573
514 519
514 521
514 528
514 538
514 544
514 564
514 567
514 570
514 573
516 528
520 542
520 545
520 581
521 527
521 544
521 573
523 526
523 562
524 527
525 526
528 544
528 564
528 570
528 573
528 574
529 530
530 533
530 549
530 553
531 532
532 541
532 600
533 553
534 542
535 536
538 541
538 554
538 564
538 565
538 567
538 570
538 588
538 589
538 592
538 593
538 600
539 541
539 588
539 595
539 597
539 600
540 579
541 542
541 545
541 554
541 565
541 588
541 594
541 595
541 597
541 600
542 545
542 551
542 581
543 544
544 545
544 564
544 570
544 573
545 581
547 583
549 553
550 563
550 575
551 552
551 555
552 570
554 588
554 600
556 560
558 560
560 561
560 570
564 570
564 589
564 593
565 588
565 590
565 600
566 567
566 571
566 574
568 588
568 597
570 573
570 593
571 574
580 581
582 583
582 586
583 586
588 590
588 591
588 592
588 593
588 600
589 590
589 591
589 593
589 598
589 600
590 591
590 592
590 593
590 595
590 596
590 597
590 599
590 600
591 593
591 600
592 593
593 595
593 596
593 597
593 598
593 600
594 598
594 600
595 596
595 597
595 599
595 600
596 597
596 599
597 599
597 600
599 600
