600 3594

1 2
1 93
2 93
2 97
2 104
2 105
2 301
3 7
3 20
3 93
3 94
3 100
4 5
4 22
5 22
5 24
5 30
5 31
5 32
5 35
5 38
5 101
5 220
5 320
5 324
5 327
5 329
5 332
5 333
5 335
6 17
8 12
9 218
10 495
11 94
11 95
11 98
11 100
11 317
11 385
11 386
11 389
11 580
12 16
13 15
13 174
13 314
14 76
15 17
16 20
16 315
17 19
17 316
17 318
18 120
18 580
19 319
19 361
20 21
20 93
20 94
20 100
20 104
21 97
21 100
21 101
21 103
21 106
21 320
21 321
21 348
21 389
21 390
21 391
21 395
22 25
22 291
22 322
22 323
22 325
22 329
22 333
22 335
22 586
23 38
24 29
24 30
24 32
24 35
24 38
24 324
24 329
24 332
24 333
24 335
25 28
25 31
25 290
25 291
25 292
25 305
25 322
25 323
25 325
25 327
25 443
25 462
25 529
25 586
26 529
26 530
27 28
27 71
27 284
27 304
27 305
27 329
27 333
27 335
28 30
28 31
28 284
28 305
28 323
28 327
28 329
29 30
29 32
29 35
29 38
29 320
29 324
29 329
29 330
29 332
29 333
29 335
30 31
30 32
30 33
30 35
30 38
30 324
30 327
30 329
30 330
30 332
30 333
30 335
31 34
31 220
31 327
31 329
31 332
32 35
32 38
32 308
32 320
32 324
32 326
32 329
32 330
32 331
32 332
32 333
32 335
35 37
35 38
35 221
35 308
35 320
35 324
35 329
35 330
35 331
35 332
35 333
35 334
35 335
36 103
37 38
38 324
38 329
38 333
38 335
39 42
39 88
39 95
39 113
39 115
39 116
39 117
39 120
39 338
40 78
41 85
41 90
41 339
41 346
41 357
42 45
42 47
42 95
42 98
42 116
42 117
42 338
42 344
42 386
43 44
43 49
43 58
43 79
43 84
43 86
43 87
43 126
43 140
43 150
43 339
43 341
43 354
43 355
43 356
43 374
43 376
43 379
43 415
43 422
43 425
43 431
43 432
43 433
43 434
43 436
43 437
43 440
43 444
43 446
43 448
44 49
44 58
44 60
44 61
44 65
44 66
44 75
44 84
44 126
44 137
44 138
44 140
44 150
44 339
44 341
44 345
44 353
44 354
44 355
44 356
44 357
44 359
44 362
44 374
44 429
44 431
44 432
44 434
44 436
44 437
44 438
44 440
44 448
45 47
45 338
46 48
46 54
46 346
46 349
47 95
47 338
47 344
47 386
47 411
48 52
48 54
48 65
48 339
48 342
48 343
48 347
49 58
49 65
49 68
49 73
49 79
49 80
49 81
49 83
49 84
49 85
49 86
49 87
49 126
49 129
49 131
49 136
49 138
49 140
49 145
49 150
49 151
49 161
49 204
49 341
49 354
49 355
49 362
49 374
49 415
49 420
49 422
49 423
49 424
49 425
49 428
49 432
49 433
49 434
49 435
49 436
49 437
49 440
49 446
49 448
49 458
49 461
50 127
50 421
51 62
51 63
53 55
53 469
54 56
54 342
54 349
55 64
55 124
55 385
57 65
58 61
58 66
58 75
58 84
58 140
58 150
58 339
58 341
58 353
58 354
58 355
58 356
58 362
58 374
58 437
58 440
58 448
59 64
59 414
60 341
60 359
60 421
61 66
61 353
61 354
61 355
62 352
62 360
63 65
63 357
65 355
65 356
65 357
65 362
65 448
66 67
66 75
66 80
66 341
66 353
66 354
66 359
66 362
67 351
68 79
68 81
68 83
68 84
68 126
68 129
68 131
68 134
68 136
68 137
68 138
68 140
68 150
68 151
68 161
68 204
68 341
68 354
68 364
68 374
68 420
68 422
68 423
68 424
68 425
68 428
68 430
68 431
68 432
68 433
68 434
68 436
68 437
68 440
68 446
68 448
68 458
68 461
68 501
69 71
69 364
69 368
69 375
70 72
70 78
70 365
70 366
71 72
71 76
71 368
71 370
71 530
72 74
72 78
72 365
72 366
72 368
72 370
72 372
72 530
73 79
73 83
73 137
73 140
73 150
73 367
73 373
73 374
73 424
73 433
73 434
74 75
74 78
74 133
74 134
74 366
74 372
74 429
74 441
75 84
75 136
75 341
75 374
75 429
75 430
75 434
75 437
75 440
75 458
76 77
76 293
78 366
78 372
79 80
79 81
79 83
79 84
79 134
79 136
79 137
79 138
79 140
79 141
79 150
79 341
79 373
79 374
79 375
79 376
79 422
79 423
79 425
79 428
79 430
79 431
79 432
79 434
79 435
79 436
79 446
79 448
79 458
79 461
80 81
80 84
80 129
80 136
80 138
80 140
80 374
80 375
80 421
80 422
80 423
80 434
80 437
80 440
80 458
80 461
81 84
81 126
81 136
81 140
81 150
81 151
81 373
81 434
81 446
82 387
82 421
82 595
83 84
83 85
83 86
83 87
83 88
83 89
83 126
83 129
83 130
83 131
83 140
83 141
83 150
83 151
83 154
83 204
83 379
83 403
83 409
83 420
83 422
83 423
83 424
83 432
83 434
83 435
83 436
83 446
83 448
83 461
83 501
84 85
84 86
84 87
84 126
84 131
84 136
84 138
84 140
84 150
84 151
84 339
84 341
84 354
84 355
84 356
84 374
84 379
84 415
84 422
84 423
84 424
84 425
84 428
84 431
84 432
84 433
84 434
84 436
84 437
84 440
84 446
84 448
84 458
84 461
85 86
85 87
85 88
85 89
85 90
85 91
85 126
85 139
85 150
85 151
85 357
85 377
85 378
85 379
85 380
85 381
85 448
86 87
86 89
86 90
86 91
86 139
86 150
86 377
86 378
86 379
86 380
86 381
86 433
87 88
87 89
87 90
87 91
87 126
87 139
87 140
87 150
87 377
87 378
87 379
87 380
87 433
87 436
87 446
88 89
88 126
88 130
88 379
88 381
88 403
88 405
89 90
89 91
89 139
89 377
89 379
89 380
89 381
90 151
90 377
90 380
90 381
91 377
91 379
91 380
92 93
92 95
92 105
92 108
92 110
92 113
92 120
92 187
92 201
92 337
92 384
92 398
92 410
92 419
92 504
92 580
93 94
93 95
93 100
93 104
93 105
93 110
93 113
93 116
93 120
93 283
93 580
94 95
94 98
94 100
94 385
94 580
95 98
95 116
95 120
95 337
95 338
95 384
95 385
95 402
95 579
95 580
96 97
96 99
96 184
96 298
96 301
96 385
96 579
96 595
97 99
97 100
97 101
97 103
97 104
97 321
97 348
97 387
97 390
97 391
97 395
97 489
97 595
98 100
98 120
98 344
98 385
98 386
98 389
98 402
98 410
98 579
98 580
99 301
99 579
99 595
100 101
100 102
100 103
100 104
100 105
100 106
100 321
100 344
100 348
100 389
100 390
100 391
100 395
100 398
100 410
100 489
100 499
100 580
101 103
101 104
101 106
101 321
101 348
101 387
101 389
101 390
101 391
101 395
101 489
102 103
103 104
103 105
103 106
103 348
103 390
103 391
103 395
103 499
104 105
104 108
104 110
104 202
104 390
104 395
104 398
104 410
104 419
104 499
104 504
105 108
105 110
105 118
105 120
105 188
105 201
105 202
105 283
105 344
105 384
105 387
105 390
105 395
105 398
105 410
105 419
105 474
105 489
105 499
105 500
105 504
105 580
106 144
106 390
106 391
106 395
106 489
107 108
107 111
107 112
107 113
107 114
107 115
107 116
107 187
107 192
107 199
107 337
108 110
108 111
108 113
108 187
108 198
108 199
108 201
108 202
108 207
108 419
108 499
108 504
108 509
109 110
109 111
109 114
109 141
109 187
109 191
109 192
109 193
109 194
109 195
109 199
109 206
109 212
109 281
109 404
109 407
109 408
109 409
109 435
109 451
109 452
109 460
109 461
109 467
109 490
109 491
109 492
109 496
109 500
109 501
109 507
109 515
109 578
110 111
110 112
110 116
110 117
110 118
110 120
110 187
110 188
110 198
110 199
110 202
110 283
110 384
110 407
110 409
110 419
110 420
110 499
110 501
110 504
110 524
110 580
110 581
111 112
111 113
111 114
111 115
111 116
111 117
111 141
111 187
111 191
111 192
111 194
111 199
111 206
111 212
111 216
111 340
111 396
111 404
111 406
111 407
111 408
111 409
111 460
111 491
111 492
111 496
111 500
111 501
111 507
111 524
112 113
112 114
112 115
112 116
112 117
112 130
112 141
112 187
112 194
112 199
112 337
112 403
112 404
112 405
112 406
112 407
112 409
112 504
112 581
113 114
113 115
113 116
113 117
113 120
113 187
113 199
113 337
113 340
113 405
113 487
113 581
114 115
114 116
114 117
114 130
114 141
114 171
114 187
114 191
114 192
114 194
114 199
114 337
114 340
114 403
114 404
114 405
114 406
114 407
114 409
114 416
114 435
115 116
115 117
115 120
115 130
115 187
115 337
115 340
115 405
115 406
115 407
116 117
116 120
116 130
116 141
116 187
116 194
116 337
116 340
116 403
116 405
116 406
116 407
116 409
116 581
117 118
117 120
117 130
117 187
117 194
117 337
117 340
117 385
117 402
117 403
117 406
117 407
117 409
117 580
117 581
118 120
118 188
118 202
118 410
118 580
119 121
119 157
119 196
119 223
120 337
120 340
120 384
120 385
120 410
120 419
120 504
120 580
120 581
121 131
121 196
121 223
122 200
123 290
125 449
126 129
126 130
126 131
126 140
126 141
126 150
126 151
126 204
126 341
126 354
126 355
126 374
126 403
126 420
126 422
126 423
126 425
126 428
126 431
126 432
126 434
126 436
126 437
126 440
126 446
126 448
126 458
127 366
127 421
127 422
128 145
128 161
128 450
128 505
129 131
129 135
129 136
129 138
129 140
129 141
129 144
129 150
129 204
129 341
129 374
129 375
129 403
129 409
129 420
129 421
129 422
129 423
129 424
129 428
129 430
129 432
129 434
129 435
129 446
129 448
129 456
129 458
129 461
129 501
130 131
130 141
130 187
130 204
130 340
130 403
130 404
130 405
130 406
130 407
130 409
130 420
130 423
130 435
130 501
131 133
131 134
131 136
131 140
131 141
131 150
131 151
131 154
131 204
131 374
131 403
131 404
131 409
131 412
131 420
131 422
131 423
131 424
131 428
131 432
131 434
131 440
131 446
131 448
131 451
131 458
131 461
131 501
132 133
132 134
132 149
132 428
132 429
132 430
133 134
133 135
133 185
133 428
133 429
133 430
134 135
134 137
134 140
134 149
134 341
134 374
134 422
134 423
134 424
134 428
134 429
134 430
134 432
134 434
134 437
134 440
134 441
134 458
135 137
135 144
135 341
135 374
135 423
135 428
135 429
135 430
135 431
135 434
135 441
136 138
136 140
136 144
136 150
136 151
136 204
136 374
136 422
136 423
136 424
136 428
136 430
136 432
136 434
136 437
136 440
136 446
136 448
136 456
136 458
136 461
137 138
137 140
137 150
137 341
137 367
137 374
137 422
137 423
137 428
137 429
137 430
137 431
137 432
137 433
137 434
137 437
137 440
137 446
137 448
138 140
138 150
138 341
138 374
138 421
138 428
138 430
138 431
138 432
138 434
138 437
138 440
138 446
138 448
138 456
138 458
139 377
139 378
139 379
139 380
139 433
140 141
140 144
140 150
140 151
140 204
140 341
140 354
140 355
140 373
140 374
140 375
140 403
140 409
140 415
140 418
140 420
140 421
140 422
140 423
140 424
140 425
140 428
140 429
140 430
140 431
140 432
140 433
140 434
140 435
140 436
140 437
140 440
140 446
140 448
140 451
140 456
140 458
140 461
140 501
141 171
141 187
141 191
141 194
141 199
141 204
141 403
141 404
141 405
141 406
141 407
141 409
141 420
141 422
141 423
141 424
141 432
141 434
141 435
141 436
141 446
141 451
141 460
141 461
141 491
141 492
141 500
141 501
141 515
141 578
142 144
142 146
142 221
142 223
142 439
142 445
143 146
143 224
143 229
143 233
143 236
143 240
143 443
143 531
143 532
143 541
143 547
143 549
143 561
144 366
144 375
144 421
144 428
144 430
144 437
144 440
144 441
144 447
145 152
145 161
145 204
146 223
147 160
148 161
149 341
149 429
149 430
149 437
149 438
149 440
150 151
150 161
150 204
150 341
150 354
150 355
150 374
150 415
150 418
150 420
150 422
150 423
150 424
150 425
150 428
150 430
150 431
150 432
150 433
150 434
150 436
150 437
150 438
150 440
150 446
150 448
150 458
151 152
151 160
151 161
151 204
151 423
151 424
151 425
151 428
151 432
151 434
151 446
151 448
151 449
151 458
153 156
153 271
154 155
154 164
154 190
154 217
154 281
154 424
154 451
154 454
154 490
154 515
154 525
155 217
155 219
155 281
156 162
156 245
156 247
156 248
156 250
156 252
156 254
156 268
156 269
156 270
156 453
156 476
156 548
156 560
156 570
156 571
156 573
157 190
157 196
157 208
157 545
158 275
159 455
159 456
161 428
161 432
161 448
162 275
162 571
163 250
163 254
165 200
165 279
166 266
167 201
167 276
167 471
167 473
168 230
168 266
168 475
169 170
169 247
169 265
169 270
170 247
170 248
170 250
170 252
170 258
170 269
170 270
170 476
170 548
170 550
170 555
170 556
170 557
170 558
170 560
170 570
170 573
170 588
170 589
171 191
171 216
171 407
171 515
171 523
172 245
172 247
172 248
172 250
172 251
172 252
172 254
172 478
172 493
172 521
172 544
172 547
172 550
172 555
172 556
172 557
172 558
172 560
172 570
173 476
173 477
175 177
175 179
175 181
175 289
175 482
175 483
175 487
175 585
175 586
176 178
176 182
176 183
176 256
176 263
176 271
176 485
177 179
177 180
177 181
177 205
177 482
177 483
177 484
177 585
177 586
178 183
178 255
178 269
178 270
178 480
178 566
179 181
179 427
179 470
179 482
179 483
179 484
179 585
181 482
181 483
182 206
183 255
183 259
183 260
183 261
183 263
183 269
183 270
183 480
183 566
183 589
184 289
184 484
186 253
186 257
187 191
187 194
187 199
187 337
187 384
187 403
187 404
187 405
187 406
187 407
187 409
187 435
187 501
188 344
188 384
188 385
188 386
188 387
188 396
188 402
188 410
188 501
188 580
188 595
189 230
189 236
189 238
190 208
190 210
190 424
190 451
190 454
190 485
190 490
190 515
190 545
191 192
191 194
191 199
191 206
191 212
191 216
191 281
191 404
191 407
191 408
191 409
191 435
191 451
191 460
191 461
191 467
191 490
191 491
191 492
191 496
191 500
191 578
192 212
193 492
193 496
194 195
194 212
194 223
194 396
194 404
194 406
194 407
194 408
194 409
194 435
194 451
194 461
194 467
194 490
194 491
194 492
194 496
194 501
194 515
195 223
197 212
197 216
197 273
198 199
198 201
198 202
198 207
198 280
198 419
198 430
198 474
199 201
199 202
199 216
199 403
199 404
199 409
199 419
199 423
199 435
199 460
199 461
199 500
199 501
199 504
199 524
200 202
200 203
200 272
200 274
200 278
200 279
200 280
200 459
201 202
201 280
201 419
201 474
201 499
201 504
202 214
202 280
202 419
202 474
202 499
202 500
202 504
202 524
203 272
203 278
203 299
204 375
204 403
204 409
204 420
204 421
204 422
204 423
204 424
204 425
204 428
204 432
204 434
204 435
204 446
204 448
204 456
204 458
204 461
204 501
206 207
206 210
206 212
206 216
206 256
206 273
206 460
206 485
206 507
206 518
207 211
207 383
207 460
207 507
207 509
208 209
208 210
208 256
208 273
208 485
208 490
208 510
208 518
208 545
209 231
209 232
209 256
209 265
209 268
209 271
209 273
209 485
209 512
209 513
209 514
209 518
210 216
210 273
210 485
210 490
212 213
212 214
212 216
212 273
212 281
213 214
213 234
215 279
216 281
216 311
216 460
216 485
216 490
216 507
216 524
216 525
217 219
217 485
217 525
218 230
218 231
218 233
218 234
218 245
218 251
219 281
220 238
220 240
220 305
220 529
220 530
220 546
220 549
221 222
221 226
221 227
221 330
221 333
221 334
221 439
221 447
221 530
221 533
221 535
221 536
221 553
222 226
222 227
222 239
222 240
222 399
222 439
222 532
222 533
222 535
222 536
222 553
223 397
223 399
223 439
223 467
223 534
223 540
224 225
224 229
224 233
224 245
224 250
224 252
224 254
224 521
224 534
224 555
224 560
225 246
225 534
226 227
226 439
226 447
226 533
226 535
226 536
226 553
227 242
227 399
227 439
227 532
227 533
227 535
227 536
227 537
227 549
227 552
227 553
228 282
228 540
229 230
229 233
229 234
229 238
229 239
229 240
229 241
229 244
229 245
229 246
229 248
229 250
229 252
229 258
229 265
229 267
229 478
229 493
229 512
229 521
229 531
229 541
229 542
229 544
229 547
229 548
229 550
229 554
229 555
229 557
229 560
229 561
229 573
230 233
230 234
230 238
230 241
230 245
230 247
230 251
230 258
230 266
230 294
230 493
230 542
230 555
230 556
230 557
231 232
231 245
231 259
231 265
231 267
231 493
231 512
231 513
231 538
231 567
232 233
232 234
232 243
232 244
232 245
232 252
232 265
232 267
232 268
232 271
232 513
233 234
233 238
233 239
233 241
233 244
233 245
233 246
233 248
233 250
233 252
233 258
233 265
233 266
233 267
233 493
233 512
233 521
233 531
233 541
233 542
233 547
233 548
233 555
233 557
233 560
233 561
233 573
234 238
234 239
234 241
234 244
234 245
234 265
234 266
234 521
234 542
234 555
234 557
235 536
236 237
236 238
236 239
236 240
236 241
236 285
236 286
236 291
236 478
236 493
236 529
236 546
236 547
236 555
237 238
237 240
237 285
237 286
237 287
237 288
237 541
237 547
237 549
237 554
237 555
237 583
237 584
238 239
238 240
238 241
238 244
238 285
238 286
238 287
238 291
238 493
238 529
238 546
238 547
238 549
238 554
238 555
238 557
239 240
239 241
239 243
239 244
239 245
239 246
239 531
239 532
239 547
239 548
239 551
239 554
239 555
240 243
240 244
240 245
240 246
240 286
240 493
240 529
240 531
240 532
240 536
240 547
240 548
240 549
240 550
240 554
240 555
241 242
241 256
241 478
241 493
241 542
241 551
241 552
241 561
242 256
242 439
242 552
243 244
243 245
243 246
243 247
243 252
243 531
243 547
243 548
243 554
243 555
244 245
244 246
244 247
244 248
244 250
244 252
244 493
244 521
244 531
244 547
244 548
244 550
244 554
244 555
244 557
244 559
244 560
245 246
245 247
245 248
245 250
245 252
245 265
245 267
245 268
245 493
245 531
245 547
245 548
245 550
245 554
245 555
245 557
245 560
246 252
246 263
246 265
246 268
246 531
246 548
246 554
246 555
247 248
247 250
247 252
247 253
247 254
247 258
247 270
247 294
247 479
247 493
247 531
247 538
247 547
247 548
247 550
247 554
247 555
247 556
247 557
247 558
247 560
247 569
247 570
247 573
247 588
247 589
248 250
248 252
248 253
248 254
248 258
248 463
248 476
248 478
248 493
248 521
248 531
248 538
248 544
248 547
248 548
248 550
248 555
248 556
248 557
248 558
248 560
248 561
248 569
248 570
248 573
248 589
249 251
250 252
250 253
250 254
250 258
250 463
250 493
250 521
250 531
250 544
250 547
250 548
250 550
250 554
250 555
250 556
250 557
250 558
250 560
250 561
250 569
250 570
250 573
252 253
252 254
252 263
252 265
252 268
252 269
252 270
252 476
252 531
252 547
252 548
252 550
252 554
252 555
252 556
252 557
252 558
252 560
252 570
252 573
253 254
253 258
253 463
253 538
253 547
253 550
253 555
253 557
253 558
253 560
253 561
253 569
253 570
253 573
254 463
254 531
254 547
254 548
254 549
254 550
254 554
254 555
254 557
254 558
254 560
254 561
254 570
255 259
255 260
255 261
255 295
255 565
255 566
255 589
255 590
255 597
256 265
256 266
256 267
256 273
256 485
256 512
256 542
256 567
258 288
258 294
258 493
258 512
258 521
258 538
258 547
258 548
258 550
258 554
258 555
258 556
258 557
258 558
258 560
258 561
258 569
258 573
258 588
258 589
259 260
259 261
259 263
259 267
259 269
259 270
259 274
259 295
259 589
259 591
260 261
260 270
260 294
260 295
260 589
261 274
261 279
262 579
263 265
263 268
263 269
263 589
264 517
265 267
265 268
265 271
265 273
265 512
265 513
265 521
265 531
265 538
265 542
265 544
265 550
265 555
265 560
265 567
265 573
266 267
266 542
267 268
267 269
267 270
267 512
267 573
268 269
268 270
268 271
268 512
269 270
269 271
269 566
269 571
269 573
270 566
270 571
270 573
271 273
271 472
272 274
272 278
272 279
273 485
273 514
273 518
274 278
274 279
275 277
275 457
275 576
277 278
277 279
277 457
277 576
278 279
278 457
278 459
278 522
278 572
278 576
280 499
280 524
281 578
282 540
282 581
283 489
283 581
284 305
284 323
284 327
284 329
284 333
284 335
285 286
285 287
285 291
285 511
285 547
285 582
285 583
285 584
286 287
286 288
286 291
286 541
286 547
286 549
286 554
286 555
286 583
286 584
287 288
287 583
287 584
288 292
288 493
288 521
288 541
288 586
289 291
289 484
289 586
290 291
290 325
290 511
290 529
290 583
290 584
290 586
291 292
291 325
291 511
291 529
291 541
291 584
291 586
291 587
292 586
294 538
294 588
294 589
296 299
297 550
298 300
298 385
298 386
298 387
298 579
298 595
301 304
301 390
301 595
302 322
303 344
303 384
303 385
303 394
303 396
303 398
303 402
303 410
303 579
303 595
304 305
304 321
304 390
304 395
305 322
305 323
305 324
305 327
305 329
305 333
305 335
305 529
305 530
306 309
306 334
307 378
309 313
310 523
312 320
312 326
312 331
317 344
317 386
317 410
320 324
320 326
320 328
320 329
320 331
320 333
321 326
321 389
321 390
321 391
321 393
321 395
321 489
322 323
322 325
322 586
323 325
323 327
323 329
323 443
323 447
324 329
324 330
324 331
324 332
324 333
324 335
325 583
325 584
325 585
325 586
326 327
326 329
326 331
326 333
327 329
327 332
327 333
329 330
329 331
329 332
329 333
329 335
330 332
331 333
331 399
332 333
333 335
333 447
334 336
335 336
335 530
337 340
337 405
337 406
337 407
339 345
339 353
339 354
339 355
339 356
339 357
339 362
339 363
339 374
339 382
339 436
340 384
340 385
340 396
340 402
340 405
340 406
340 407
340 409
341 345
341 353
341 354
341 355
341 356
341 357
341 362
341 374
341 421
341 423
341 428
341 429
341 430
341 431
341 432
341 434
341 436
341 437
341 438
341 440
341 446
341 448
342 343
342 346
342 347
342 349
342 361
343 346
343 347
343 349
343 358
344 348
344 384
344 385
344 386
344 387
344 396
344 398
344 402
344 410
344 579
344 580
345 355
345 356
345 357
345 362
346 349
347 349
347 350
348 387
348 390
348 395
348 398
348 410
348 595
349 363
353 354
353 355
353 356
353 359
353 362
354 355
354 356
354 362
354 374
354 434
354 436
354 437
354 440
355 356
355 357
355 362
355 374
355 436
355 437
355 440
356 357
356 362
356 374
357 362
359 362
359 363
362 363
364 374
364 375
364 428
364 429
364 430
364 432
364 433
364 434
364 446
365 366
365 368
365 370
365 372
366 368
366 372
366 375
366 421
366 426
367 376
367 433
368 369
368 370
368 372
369 371
369 372
370 598
372 421
373 374
373 376
373 379
373 433
373 434
374 415
374 420
374 421
374 422
374 423
374 424
374 425
374 428
374 429
374 430
374 431
374 432
374 433
374 434
374 436
374 437
374 438
374 440
374 446
374 448
374 458
375 420
375 421
375 422
375 423
375 428
375 429
375 430
375 432
375 434
375 435
375 446
375 456
375 458
375 461
376 422
376 433
376 434
376 446
377 378
377 379
377 380
377 433
378 379
378 380
379 380
379 381
379 433
379 436
380 381
384 385
384 396
384 398
384 402
384 406
384 407
384 410
384 504
384 580
385 386
385 387
385 396
385 402
385 410
385 579
385 580
385 595
386 387
386 389
386 402
386 410
386 579
386 580
386 595
387 390
387 395
387 402
387 410
387 489
387 579
387 580
387 595
388 389
388 580
389 390
389 391
389 395
389 398
389 489
389 579
389 595
390 391
390 393
390 395
390 398
390 410
390 489
390 595
391 395
391 489
392 519
393 394
393 395
393 396
393 398
393 400
393 495
394 396
394 398
394 400
394 408
394 496
394 503
395 397
395 398
395 489
395 595
396 398
396 400
396 401
396 402
396 406
396 407
396 408
396 409
396 410
396 491
396 492
396 496
396 497
396 500
396 501
396 503
396 519
397 399
397 401
397 447
397 530
397 533
398 410
398 580
399 401
399 439
399 443
399 467
399 533
399 534
399 535
400 401
400 408
400 496
400 514
401 467
402 410
402 579
402 580
402 581
402 595
403 404
403 405
403 406
403 407
403 409
403 420
403 422
403 423
403 425
403 428
403 432
403 434
403 435
403 446
403 461
403 501
403 504
404 405
404 406
404 407
404 408
404 409
404 420
404 422
404 423
404 424
404 428
404 432
404 435
404 446
404 451
404 460
404 461
404 491
404 492
404 500
404 501
405 406
405 407
405 435
406 407
406 409
406 435
406 461
406 491
406 492
406 501
406 504
407 408
407 409
407 417
407 435
407 451
407 461
407 467
407 491
407 492
407 496
407 500
407 501
407 504
408 409
408 420
408 435
408 451
408 452
408 460
408 461
408 465
408 467
408 490
408 491
408 492
408 494
408 496
408 500
408 501
408 503
408 514
408 515
408 519
408 524
408 525
408 578
409 417
409 418
409 420
409 422
409 423
409 424
409 432
409 435
409 446
409 451
409 461
409 491
409 492
409 496
409 500
409 501
409 504
409 519
410 499
410 579
410 580
410 595
411 413
412 418
415 425
415 434
415 436
415 437
415 440
415 446
415 448
417 449
417 467
417 491
418 446
418 448
418 515
419 474
419 499
419 504
420 422
420 423
420 424
420 425
420 426
420 428
420 432
420 434
420 435
420 446
420 448
420 451
420 456
420 458
420 461
420 491
420 501
420 504
420 519
420 599
421 422
421 423
421 429
421 430
421 434
421 440
421 446
422 423
422 424
422 425
422 426
422 428
422 429
422 430
422 431
422 432
422 433
422 434
422 435
422 437
422 440
422 446
422 448
422 451
422 456
422 458
422 461
422 501
423 424
423 425
423 428
423 430
423 432
423 434
423 435
423 436
423 437
423 440
423 446
423 448
423 451
423 456
423 458
423 461
423 501
424 428
424 430
424 432
424 434
424 435
424 437
424 446
424 448
424 451
424 454
424 458
424 461
424 490
424 501
424 515
425 428
425 431
425 432
425 434
425 435
425 436
425 437
425 446
425 448
425 458
425 461
426 428
426 458
428 429
428 430
428 431
428 432
428 434
428 437
428 440
428 446
428 448
428 456
428 458
428 461
428 501
429 430
429 431
429 432
429 433
429 434
429 437
429 440
429 441
430 431
430 432
430 433
430 434
430 437
430 440
430 441
430 446
430 448
430 458
430 461
430 501
431 432
431 433
431 434
431 437
431 446
431 448
432 434
432 435
432 436
432 437
432 440
432 446
432 448
432 456
432 458
432 461
432 501
433 434
433 437
433 440
433 446
434 435
434 436
434 437
434 440
434 446
434 448
434 456
434 458
434 461
434 501
435 436
435 446
435 451
435 456
435 458
435 460
435 461
435 491
435 492
435 496
435 500
435 501
435 578
436 437
436 440
436 446
436 448
436 458
436 461
437 438
437 440
437 444
437 446
437 448
437 458
438 440
439 444
439 447
439 535
439 536
439 537
439 552
439 553
440 446
440 448
440 458
442 465
443 447
444 447
446 448
446 456
446 458
446 461
446 501
447 530
448 458
448 461
448 501
449 450
449 454
450 505
450 574
451 454
451 460
451 461
451 490
451 491
451 492
451 496
451 501
451 515
451 578
452 460
452 494
452 503
452 514
452 515
452 516
452 518
452 519
452 525
452 527
453 528
453 543
453 570
453 571
454 490
454 515
454 516
454 525
456 458
456 461
456 499
456 500
457 481
457 505
457 574
457 576
457 577
457 590
457 592
458 461
458 578
459 502
460 461
460 490
460 491
460 492
460 500
460 501
460 507
460 509
460 518
460 524
460 525
461 491
461 492
461 500
461 501
461 578
462 464
463 558
463 560
463 561
463 570
465 491
465 492
465 496
465 500
465 503
465 514
465 516
466 576
466 592
467 491
467 496
467 497
467 515
467 518
467 545
468 545
470 482
470 483
474 524
476 528
476 556
476 560
476 570
476 573
478 493
478 521
478 551
478 555
478 557
478 558
479 488
479 531
479 566
479 597
479 600
480 481
480 486
480 566
481 522
481 566
481 576
482 483
482 484
482 487
482 585
482 586
483 487
483 586
484 506
484 586
485 490
485 507
485 508
485 514
485 518
486 585
487 586
488 566
488 576
488 592
488 600
489 540
489 580
489 595
490 491
490 492
490 496
490 501
490 507
490 514
490 515
490 518
490 524
490 525
490 578
491 492
491 496
491 500
491 501
491 515
491 519
491 524
491 578
492 496
492 500
492 501
492 503
492 507
492 519
492 524
492 578
493 512
493 513
493 521
493 531
493 538
493 541
493 542
493 547
493 548
493 550
493 554
493 555
493 556
493 557
493 558
493 560
493 561
493 569
494 496
494 514
494 533
496 500
496 501
496 503
496 514
496 519
496 578
497 503
497 519
497 520
498 521
499 500
499 502
499 504
499 580
500 501
500 503
500 504
500 519
500 524
500 578
501 504
501 515
501 524
502 504
502 505
503 514
503 516
503 519
503 524
503 525
505 510
505 574
505 590
507 508
507 509
507 518
507 520
507 524
508 514
508 518
508 564
510 512
510 517
510 565
510 590
511 584
511 586
512 513
512 521
512 531
512 538
512 541
512 543
512 544
512 550
512 560
512 563
512 565
512 566
512 567
512 569
512 570
512 573
512 589
513 521
513 538
513 542
513 543
513 544
513 564
513 567
513 573
514 518
514 525
514 545
515 516
515 518
515 519
515 525
515 545
515 578
516 517
516 519
516 525
518 520
518 525
518 545
521 531
521 538
521 541
521 542
521 544
521 547
521 548
521 550
521 555
521 556
521 557
521 558
521 560
521 561
521 569
521 570
521 573
522 571
522 576
523 525
524 525
525 526
525 527
527 562
528 531
528 550
528 570
528 573
528 575
529 530
529 532
529 539
529 546
529 549
530 536
530 553
531 539
531 541
531 547
531 548
531 549
531 550
531 554
531 555
531 557
531 560
531 566
531 568
531 569
531 570
531 573
531 600
532 533
532 536
532 549
532 553
532 554
533 535
533 536
533 545
533 553
535 536
535 553
536 537
536 549
536 553
538 550
538 563
538 564
538 567
538 573
538 588
538 589
539 541
539 549
539 569
539 600
540 581
541 547
541 555
541 560
541 561
541 568
541 569
541 584
541 600
542 551
542 561
542 567
543 544
544 550
544 558
544 560
544 573
546 549
547 548
547 549
547 550
547 554
547 555
547 556
547 557
547 558
547 560
547 561
547 569
547 570
548 550
548 554
548 555
548 556
548 557
548 558
548 560
548 570
548 573
549 550
549 553
549 554
550 554
550 555
550 556
550 557
550 558
550 560
550 561
550 569
550 570
550 573
550 589
554 555
554 557
554 560
554 570
555 556
555 557
555 558
555 560
555 569
555 570
555 573
556 557
556 558
556 560
556 569
556 570
556 588
557 558
557 560
557 561
557 569
557 570
558 560
558 561
558 569
558 570
558 573
560 561
560 569
560 570
560 573
561 563
565 566
565 568
565 590
565 597
565 600
566 568
566 570
566 571
566 573
566 589
566 597
566 600
568 597
568 600
569 570
569 573
569 600
570 571
570 573
570 589
571 573
571 576
573 589
574 576
576 592
579 595
580 581
580 595
582 583
583 584
585 586
588 589
590 592
590 597
592 594
592 596
593 598
594 597
594 600
597 600
