600 3594

1 108
1 109
1 193
1 194
1 196
1 198
1 199
1 201
1 215
1 378
2 5
3 15
4 5
5 24
6 176
7 10
7 15
8 9
8 12
8 15
8 17
8 18
8 100
8 175
8 177
8 249
8 311
8 315
8 316
8 318
8 388
8 482
8 483
9 15
9 175
10 13
10 310
11 12
11 16
11 18
11 100
11 317
11 319
11 320
11 386
11 388
12 15
12 16
12 17
12 18
12 100
12 249
12 311
12 314
12 315
12 316
12 317
12 318
12 334
12 388
14 289
15 16
15 17
15 18
15 98
15 249
15 311
15 314
15 315
15 316
15 318
16 18
16 19
16 100
16 315
16 316
16 317
16 318
16 319
16 388
17 18
17 19
17 100
17 311
17 314
17 315
17 316
17 318
17 334
18 37
18 98
18 100
18 102
18 318
18 319
18 320
18 321
18 334
18 336
18 388
19 100
19 316
19 317
19 318
19 319
19 320
19 336
20 21
20 35
20 36
20 37
20 38
20 100
20 321
20 331
20 333
20 335
20 336
20 391
21 35
21 37
21 38
21 100
21 321
21 335
21 336
22 304
23 68
23 434
23 448
23 461
24 26
24 323
24 324
24 328
24 333
25 100
25 320
26 328
26 333
27 32
28 31
28 33
29 326
30 31
30 32
30 33
30 35
30 36
30 324
30 329
30 333
31 32
31 33
31 34
31 35
31 36
31 329
31 332
31 333
31 335
32 33
32 35
32 324
32 329
32 331
32 333
33 34
33 35
33 36
33 324
33 329
33 332
33 333
33 335
34 36
34 103
34 145
34 287
34 332
35 36
35 37
35 38
35 320
35 329
35 331
35 333
35 334
35 335
35 336
35 391
36 329
36 332
36 333
36 335
37 38
37 100
37 102
37 185
37 334
37 335
37 336
37 486
38 102
38 334
38 335
38 336
38 391
39 560
40 44
40 49
40 58
40 61
40 63
40 68
40 140
40 142
40 146
40 148
40 149
40 354
40 356
40 432
40 434
40 437
40 448
40 462
40 464
41 43
41 49
41 464
42 328
43 49
43 80
43 140
43 149
43 339
43 434
43 437
43 446
44 48
44 58
44 61
44 149
45 46
46 54
47 117
47 593
48 54
49 61
49 63
49 64
49 68
49 74
49 77
49 78
49 140
49 142
49 148
49 149
49 161
49 341
49 354
49 356
49 365
49 372
49 375
49 432
49 434
49 437
49 440
49 441
49 446
49 448
49 462
49 464
49 543
50 63
50 351
50 359
51 61
51 62
51 66
51 67
51 341
51 345
51 349
51 352
51 354
51 355
51 356
51 358
51 362
52 53
52 55
52 57
52 116
52 118
52 350
53 55
53 57
53 118
53 344
55 118
55 413
55 491
55 492
56 60
56 74
56 142
56 437
57 118
57 125
57 152
57 418
57 491
58 61
58 63
58 65
58 74
58 134
58 136
58 140
58 144
58 149
58 339
58 341
58 354
58 355
58 356
58 357
58 437
59 358
59 360
59 361
59 362
59 363
60 64
60 127
60 351
60 412
60 437
61 63
61 65
61 66
61 68
61 77
61 134
61 140
61 146
61 148
61 149
61 162
61 341
61 344
61 345
61 353
61 354
61 355
61 356
61 357
61 434
61 437
61 461
61 462
62 66
62 67
62 352
62 358
62 362
63 64
63 65
63 66
63 68
63 74
63 77
63 140
63 143
63 146
63 148
63 149
63 345
63 351
63 353
63 354
63 356
63 357
63 358
63 365
63 372
63 418
63 430
63 434
63 437
63 440
63 462
64 65
64 121
64 127
64 143
64 147
64 148
64 149
64 351
64 437
65 74
65 127
65 129
65 136
65 140
65 142
65 143
65 145
65 146
65 147
65 148
65 149
65 351
65 364
65 410
65 412
65 415
65 418
65 421
65 432
65 434
65 435
65 437
65 515
66 67
66 345
66 354
66 358
66 362
66 363
66 440
67 345
67 352
67 354
67 358
67 360
67 362
67 363
68 77
68 80
68 81
68 83
68 129
68 132
68 134
68 140
68 148
68 149
68 161
68 339
68 341
68 345
68 354
68 356
68 364
68 365
68 376
68 382
68 428
68 432
68 434
68 437
68 440
68 441
68 446
68 448
68 461
68 462
69 70
69 137
69 171
69 492
70 158
70 293
71 77
72 79
73 83
73 87
73 367
73 436
74 77
74 127
74 135
74 136
74 142
74 149
74 372
74 434
74 437
75 80
75 132
75 381
76 297
77 78
77 127
77 140
77 149
77 161
77 345
77 365
77 372
77 375
77 422
77 432
77 434
77 437
77 440
77 441
77 448
77 462
79 81
79 83
79 88
79 130
79 134
79 141
79 376
79 436
80 81
80 83
80 84
80 91
80 132
80 140
80 149
80 364
80 365
80 374
80 376
80 382
80 431
80 434
80 446
81 83
81 84
81 85
81 86
81 87
81 88
81 89
81 91
81 132
81 134
81 140
81 364
81 365
81 367
81 374
81 376
81 377
81 380
81 381
81 434
81 436
81 437
81 446
81 515
82 83
83 84
83 85
83 129
83 132
83 134
83 140
83 149
83 341
83 364
83 365
83 374
83 376
83 434
83 446
83 515
84 85
84 86
84 87
84 89
84 91
84 140
84 371
84 374
84 377
84 380
84 381
84 446
85 86
85 87
85 88
85 89
85 91
85 140
85 365
85 371
85 374
85 377
85 380
85 381
85 446
86 87
86 88
86 89
86 91
86 374
86 377
86 380
86 381
87 88
87 89
87 91
87 374
87 377
87 380
87 381
87 436
87 452
88 89
88 91
88 377
88 380
88 381
89 91
89 374
89 377
89 380
89 381
90 164
90 192
90 198
90 200
90 201
90 202
90 211
90 214
90 259
90 274
90 281
90 297
91 374
91 377
91 380
91 381
91 446
92 184
92 187
92 193
93 95
93 104
93 107
93 108
93 109
93 110
93 116
93 117
93 154
93 159
93 167
93 184
93 187
93 188
93 191
93 192
93 193
93 194
93 196
93 198
93 201
93 202
93 203
93 212
93 214
93 215
93 218
93 219
93 223
93 273
93 274
93 280
93 282
93 288
93 289
93 295
93 394
93 494
93 503
93 514
93 517
93 524
93 586
94 95
94 101
95 104
95 105
95 108
95 109
95 110
95 113
95 114
95 116
95 117
95 118
95 119
95 154
95 173
95 174
95 187
95 188
95 191
95 194
95 196
95 197
95 218
95 282
95 303
95 306
95 308
95 384
95 393
95 394
95 408
95 467
95 492
95 497
95 580
96 97
96 387
98 204
98 249
98 314
98 389
98 416
98 586
98 587
99 101
99 104
99 105
99 107
99 108
99 109
99 122
99 159
99 189
99 191
99 192
99 193
99 202
99 203
99 212
99 214
99 262
99 273
99 274
99 282
99 290
99 299
99 394
99 505
100 102
100 318
100 320
100 321
100 334
100 336
100 388
100 391
101 107
101 109
101 110
101 122
101 188
101 189
101 283
101 290
101 389
101 408
101 489
101 497
101 580
102 334
102 336
103 145
103 147
103 287
103 423
103 445
103 530
103 579
104 105
104 106
104 107
104 108
104 109
104 110
104 122
104 154
104 159
104 187
104 189
104 191
104 192
104 193
104 194
104 195
104 196
104 197
104 198
104 201
104 202
104 203
104 210
104 212
104 213
104 214
104 215
104 218
104 219
104 223
104 234
104 273
104 274
104 282
104 286
104 308
104 384
104 393
104 394
104 395
104 408
104 467
104 489
104 493
104 495
104 497
104 498
104 503
104 505
104 516
104 580
104 586
105 106
105 107
105 108
105 109
105 110
105 113
105 119
105 122
105 125
105 154
105 187
105 188
105 191
105 193
105 194
105 196
105 212
105 215
105 218
105 223
105 282
105 308
105 384
105 390
105 393
105 394
105 395
105 398
105 406
105 408
105 467
105 489
105 495
105 497
105 498
106 108
106 109
106 110
106 122
106 154
106 191
106 193
106 196
106 212
106 222
106 223
106 393
106 394
106 395
106 397
106 398
106 408
106 495
106 497
106 498
107 108
107 109
107 110
107 187
107 191
107 192
107 193
107 194
107 196
107 214
107 215
107 218
107 223
107 282
107 289
107 290
107 384
107 390
107 393
107 394
107 395
107 396
107 398
107 408
107 489
107 495
107 497
107 580
107 586
108 109
108 110
108 122
108 154
108 187
108 188
108 189
108 191
108 192
108 193
108 194
108 196
108 197
108 198
108 201
108 202
108 203
108 207
108 210
108 211
108 212
108 214
108 215
108 216
108 217
108 218
108 219
108 223
108 234
108 273
108 274
108 280
108 282
108 295
108 299
108 308
108 384
108 393
108 394
108 395
108 408
108 493
108 498
108 503
108 516
108 517
108 519
108 524
108 527
109 110
109 122
109 154
109 173
109 187
109 189
109 191
109 192
109 193
109 194
109 196
109 198
109 201
109 202
109 212
109 214
109 215
109 218
109 219
109 223
109 273
109 274
109 282
109 290
109 299
109 308
109 384
109 390
109 393
109 394
109 395
109 396
109 408
109 467
109 489
109 493
109 495
109 497
109 498
109 503
109 505
109 546
109 580
109 586
110 113
110 117
110 118
110 119
110 122
110 125
110 154
110 174
110 187
110 188
110 189
110 191
110 194
110 196
110 197
110 210
110 218
110 223
110 282
110 283
110 306
110 308
110 384
110 393
110 394
110 395
110 397
110 398
110 399
110 400
110 408
110 467
110 489
110 492
110 493
110 495
110 497
110 498
110 527
110 580
111 123
112 114
113 114
113 115
113 117
113 118
113 119
113 125
113 130
113 173
113 188
113 282
113 378
113 393
113 406
113 407
113 408
113 467
113 491
113 492
113 497
113 498
114 117
114 118
114 188
114 492
115 116
115 126
115 406
115 407
116 117
116 126
116 154
116 187
116 188
116 191
116 194
116 198
116 199
116 201
116 209
116 212
116 215
116 218
116 219
116 407
116 492
116 494
116 503
116 514
116 517
117 118
117 119
117 123
117 126
117 137
117 154
117 187
117 188
117 191
117 194
117 196
117 197
117 218
117 393
117 408
117 467
117 492
117 497
117 498
118 119
118 120
118 123
118 125
118 130
118 137
118 188
118 393
118 398
118 401
118 406
118 408
118 417
118 467
118 489
118 491
118 492
118 497
119 120
119 125
119 188
119 196
119 283
119 308
119 384
119 393
119 395
119 399
119 401
119 408
119 417
119 467
119 489
119 492
119 495
119 497
119 498
120 417
120 418
121 147
121 383
121 412
122 123
122 167
122 194
122 195
122 196
122 203
122 218
122 282
122 286
122 290
122 394
122 396
122 398
122 408
122 409
122 417
122 467
122 489
122 497
122 505
123 194
123 195
123 196
123 204
123 416
123 417
123 497
124 125
125 152
125 196
125 233
125 393
125 406
125 417
125 467
125 491
125 497
125 498
126 154
126 187
126 191
126 194
126 196
126 198
126 199
126 201
126 203
126 212
126 215
126 280
126 394
126 503
126 506
127 129
127 142
127 145
127 146
127 147
127 148
127 149
127 351
127 370
127 372
127 375
127 412
127 418
127 421
127 422
127 423
127 430
127 432
127 434
127 435
127 437
127 445
127 447
127 462
128 298
129 134
129 140
129 142
129 145
129 146
129 148
129 149
129 344
129 351
129 364
129 365
129 375
129 412
129 418
129 421
129 422
129 423
129 428
129 430
129 432
129 434
129 435
129 437
129 439
129 446
129 447
129 461
129 462
129 515
129 591
130 137
130 376
130 436
130 491
130 492
131 296
131 298
131 300
132 134
132 140
132 364
132 376
132 428
132 431
132 432
132 434
132 437
132 446
133 323
134 136
134 140
134 148
134 162
134 341
134 344
134 345
134 357
134 364
134 376
134 428
134 430
134 434
134 437
134 446
134 462
134 515
136 140
136 143
136 146
136 148
136 149
136 156
136 162
136 357
136 364
136 415
136 418
136 434
136 435
136 437
136 442
136 515
137 154
137 366
137 393
137 408
137 456
137 491
137 492
137 501
138 149
139 436
140 148
140 149
140 161
140 253
140 341
140 345
140 354
140 356
140 357
140 364
140 365
140 375
140 376
140 382
140 428
140 430
140 432
140 434
140 437
140 440
140 446
140 448
140 461
140 462
140 515
142 143
142 145
142 146
142 147
142 148
142 149
142 162
142 351
142 372
142 375
142 412
142 415
142 418
142 421
142 422
142 423
142 432
142 434
142 435
142 437
142 445
142 447
142 448
142 462
142 464
142 530
143 145
143 146
143 147
143 148
143 149
143 162
143 410
143 415
143 418
143 421
143 423
143 437
143 448
143 462
145 146
145 147
145 410
145 412
145 415
145 418
145 421
145 422
145 423
145 435
145 437
145 445
145 447
145 448
145 462
145 530
146 147
146 148
146 149
146 162
146 339
146 351
146 356
146 357
146 375
146 410
146 412
146 418
146 421
146 422
146 423
146 428
146 432
146 434
146 435
146 437
146 443
146 445
146 447
146 448
146 461
146 462
146 464
147 165
147 351
147 410
147 412
147 415
147 418
147 421
147 423
147 437
147 445
147 447
147 530
147 534
148 149
148 161
148 162
148 253
148 339
148 341
148 344
148 345
148 351
148 353
148 354
148 356
148 364
148 365
148 375
148 382
148 412
148 421
148 423
148 430
148 432
148 434
148 437
148 438
148 440
148 446
148 447
148 448
148 461
148 462
148 464
148 515
149 161
149 162
149 341
149 356
149 357
149 364
149 365
149 372
149 375
149 382
149 418
149 421
149 422
149 428
149 430
149 432
149 434
149 435
149 437
149 440
149 441
149 446
149 448
149 461
149 462
149 464
149 515
150 374
151 200
153 155
154 159
154 167
154 187
154 188
154 189
154 191
154 192
154 193
154 194
154 196
154 197
154 198
154 203
154 210
154 212
154 215
154 218
154 219
154 223
154 234
154 273
154 280
154 282
154 308
154 393
154 394
154 395
154 397
154 408
154 419
154 467
154 474
154 492
154 493
154 498
154 501
154 503
154 505
154 514
154 516
154 517
154 524
154 527
154 546
155 156
156 161
156 449
157 515
159 167
159 187
159 191
159 192
159 193
159 198
159 203
159 212
159 214
159 215
159 218
159 219
159 280
159 394
159 474
159 494
159 503
159 517
160 456
161 341
161 364
161 428
161 434
161 437
161 446
161 448
161 461
161 462
161 464
161 543
162 370
162 412
162 421
162 423
162 428
162 432
162 434
162 435
162 437
162 447
162 461
162 462
162 515
163 466
163 468
164 198
164 200
164 201
164 202
164 214
164 219
164 259
164 261
164 274
164 280
164 281
164 299
166 478
167 187
167 198
167 203
167 210
167 212
167 215
167 218
167 219
167 280
167 474
167 494
167 503
167 505
167 516
167 517
167 519
167 524
168 556
169 499
170 540
170 549
170 560
171 490
172 556
173 188
173 378
173 384
173 385
173 497
174 182
174 188
174 504
175 177
175 179
175 311
175 480
175 482
175 483
176 179
176 311
176 480
177 179
177 480
177 482
177 483
177 484
178 183
178 255
178 277
178 278
178 480
178 566
178 569
178 574
178 594
179 311
179 482
179 483
180 257
181 307
181 311
184 193
186 492
187 188
187 189
187 191
187 192
187 193
187 194
187 196
187 197
187 198
187 201
187 202
187 203
187 207
187 210
187 212
187 214
187 215
187 218
187 219
187 223
187 234
187 273
187 280
187 282
187 289
187 308
187 384
187 393
187 394
187 408
187 474
187 493
187 494
187 498
187 503
187 505
187 514
187 516
187 517
187 524
188 191
188 194
188 196
188 283
188 289
188 295
188 308
188 408
188 467
188 489
188 497
188 501
188 580
189 191
189 193
189 196
189 197
189 203
189 212
189 213
189 215
189 218
189 223
189 230
189 234
189 251
189 273
189 282
189 283
189 286
189 290
189 394
189 399
189 408
189 411
189 467
189 489
189 493
189 496
189 503
189 505
189 511
189 516
189 520
189 527
189 580
190 208
191 192
191 193
191 194
191 196
191 197
191 198
191 201
191 202
191 207
191 210
191 211
191 212
191 214
191 215
191 218
191 219
191 223
191 234
191 273
191 274
191 280
191 282
191 289
191 295
191 394
191 408
191 474
191 493
191 498
191 503
191 514
191 516
191 517
191 524
191 580
192 193
192 194
192 196
192 197
192 198
192 201
192 202
192 203
192 207
192 210
192 211
192 212
192 213
192 214
192 215
192 218
192 219
192 223
192 234
192 244
192 259
192 273
192 274
192 280
192 282
192 295
192 299
192 394
192 503
192 514
192 516
192 524
193 194
193 196
193 198
193 201
193 202
193 203
193 211
193 212
193 214
193 215
193 218
193 219
193 223
193 273
193 274
193 280
193 282
193 394
193 503
194 195
194 196
194 198
194 199
194 201
194 202
194 203
194 207
194 212
194 214
194 215
194 218
194 219
194 223
194 234
194 273
194 274
194 280
194 282
194 295
194 394
194 498
194 503
194 514
195 196
195 203
195 213
195 215
195 218
195 234
195 251
195 282
195 286
195 505
196 197
196 198
196 201
196 202
196 203
196 212
196 213
196 214
196 215
196 218
196 219
196 223
196 234
196 273
196 280
196 282
196 286
196 393
196 394
196 408
196 411
196 467
196 487
196 489
196 497
196 498
196 503
196 505
197 209
197 210
197 211
197 212
197 215
197 216
197 217
197 218
197 219
197 223
197 234
197 273
197 308
197 394
197 397
197 460
197 474
197 493
197 494
197 496
197 503
197 514
197 516
197 517
197 519
197 524
197 527
198 199
198 200
198 201
198 202
198 203
198 209
198 211
198 212
198 214
198 215
198 218
198 219
198 259
198 273
198 274
198 280
198 281
198 394
198 494
198 496
198 503
198 505
198 517
198 519
198 524
199 201
199 212
199 214
199 219
199 274
199 280
200 201
200 202
200 214
200 244
200 246
200 259
200 273
200 274
200 279
200 281
200 296
200 299
200 300
200 502
201 202
201 212
201 214
201 215
201 219
201 259
201 273
201 274
201 280
201 394
202 203
202 207
202 211
202 212
202 213
202 214
202 215
202 219
202 234
202 244
202 259
202 273
202 274
202 280
202 282
202 394
202 496
202 503
202 505
202 585
203 212
203 213
203 214
203 215
203 218
203 219
203 223
203 234
203 251
203 273
203 280
203 282
203 286
203 290
203 394
203 493
203 494
203 496
203 503
203 505
203 516
203 517
203 519
203 524
204 396
204 416
204 425
204 497
204 586
205 433
205 506
206 208
206 209
206 512
206 541
207 208
207 209
207 211
207 212
207 214
207 219
207 229
207 230
207 234
207 244
207 259
207 271
207 273
207 274
207 295
207 514
208 209
208 263
208 271
208 295
208 512
209 210
209 211
209 212
209 217
209 218
209 219
209 231
209 271
209 273
209 509
209 512
209 519
209 524
210 211
210 212
210 215
210 216
210 217
210 218
210 219
210 223
210 234
210 273
210 394
210 397
210 474
210 493
210 494
210 503
210 514
210 516
210 517
210 524
210 527
211 212
211 214
211 215
211 216
211 219
211 229
211 234
211 239
211 244
211 259
211 271
211 273
211 274
211 280
211 295
211 299
211 394
211 503
211 516
211 517
211 519
211 524
211 528
212 213
212 214
212 215
212 218
212 219
212 222
212 223
212 234
212 239
212 244
212 259
212 273
212 274
212 280
212 282
212 394
212 493
212 494
212 496
212 503
212 505
212 514
212 516
212 517
212 519
212 524
212 527
213 214
213 229
213 230
213 234
213 243
213 244
213 251
213 262
213 273
213 411
213 493
213 503
213 505
213 511
213 516
213 519
213 520
214 215
214 218
214 219
214 234
214 244
214 259
214 273
214 274
214 280
214 282
214 299
214 394
214 503
214 519
215 218
215 219
215 223
215 234
215 273
215 274
215 280
215 282
215 394
215 474
215 494
215 503
215 505
215 514
215 516
215 517
215 524
216 217
216 219
216 259
216 271
216 273
216 280
216 295
216 512
216 516
216 517
216 519
216 524
216 525
216 527
217 509
217 524
217 527
218 219
218 223
218 234
218 273
218 274
218 280
218 282
218 286
218 290
218 308
218 394
218 408
218 474
218 493
218 494
218 503
218 505
218 516
218 517
218 519
218 524
218 527
219 223
219 259
219 261
219 273
219 274
219 280
219 281
219 394
219 474
219 494
219 503
219 514
219 516
219 517
219 519
219 524
220 237
220 287
221 530
222 239
222 261
222 267
222 274
222 536
223 234
223 273
223 282
223 286
223 394
223 397
223 399
223 408
223 493
223 503
223 516
223 517
223 524
223 527
224 243
224 245
224 520
225 412
225 415
225 445
225 534
226 535
227 254
228 229
228 238
228 240
228 243
228 245
228 246
228 258
228 262
228 266
228 476
228 553
229 230
229 231
229 234
229 243
229 244
229 263
229 265
229 266
229 512
229 513
229 519
229 532
229 542
229 600
230 231
230 234
230 241
230 244
230 271
230 295
230 509
230 511
230 519
230 520
230 521
230 528
230 539
230 542
230 600
231 265
231 512
231 513
231 600
232 265
232 268
232 571
233 545
234 244
234 251
234 273
234 394
234 493
234 496
234 503
234 505
234 511
234 516
234 517
234 519
234 520
234 521
234 527
234 528
235 286
236 238
236 240
236 247
236 251
236 285
236 286
236 547
237 287
237 549
238 240
238 243
238 245
238 547
238 553
239 240
239 244
239 259
239 273
240 243
240 245
240 247
240 547
240 550
240 553
242 253
242 424
242 438
242 439
242 447
242 448
242 457
242 461
242 462
242 552
242 569
243 244
243 245
243 246
243 262
243 266
243 532
244 246
244 259
244 262
244 273
244 299
244 502
244 519
245 476
245 520
245 531
245 540
245 547
245 549
246 260
246 262
246 272
246 296
246 298
246 299
246 300
248 250
248 252
248 253
248 254
248 544
248 556
248 557
248 558
248 560
248 561
248 573
249 315
250 252
250 253
250 254
250 463
250 558
250 560
250 561
250 570
250 573
251 282
251 283
251 286
251 291
251 411
251 493
251 505
251 511
251 520
252 254
252 268
252 450
252 552
252 558
252 560
252 561
252 565
252 569
252 570
252 571
252 573
252 574
252 592
252 594
253 254
253 426
253 428
253 432
253 438
253 446
253 447
253 461
253 462
253 463
253 543
253 560
253 561
254 463
254 558
254 561
254 570
254 571
254 576
255 263
255 265
255 268
255 269
255 270
255 566
255 574
255 594
256 265
256 541
256 573
257 448
259 261
259 262
259 271
259 273
259 274
259 280
259 281
259 294
259 295
259 297
259 298
259 299
259 519
260 261
260 262
260 272
260 298
260 299
261 267
261 274
261 279
261 281
261 296
261 298
261 299
261 300
262 273
262 274
262 298
262 299
262 300
262 502
263 265
263 267
263 268
263 269
263 270
263 510
263 518
263 539
263 541
263 597
263 600
264 450
264 565
264 594
264 599
265 267
265 268
265 269
265 270
265 512
265 518
265 541
265 597
265 600
266 476
266 520
267 600
268 269
268 270
268 565
268 570
268 574
268 592
269 270
269 272
269 278
269 296
269 300
269 518
269 574
269 592
269 597
270 574
270 597
271 295
272 296
272 299
272 300
273 274
273 280
273 295
273 299
273 394
273 493
273 494
273 496
273 503
273 516
273 517
273 519
273 524
273 527
274 280
274 281
274 299
274 394
274 503
274 516
274 519
274 524
275 277
275 473
275 575
276 455
277 473
278 296
278 300
278 574
279 281
279 294
279 296
280 394
280 465
280 474
280 494
280 496
280 503
280 517
280 519
280 524
281 296
282 283
282 286
282 290
282 291
282 384
282 393
282 394
282 395
282 408
282 411
282 467
282 487
282 489
282 493
282 495
282 497
282 498
282 503
282 505
282 580
282 583
282 586
283 411
283 489
283 511
283 580
283 586
283 587
284 291
285 286
285 505
285 582
285 583
286 290
286 489
286 497
286 505
286 583
289 580
289 586
290 291
290 586
291 505
292 313
292 582
294 297
294 298
294 338
295 298
295 300
295 509
295 514
296 298
296 299
296 300
298 299
298 300
299 300
299 519
301 304
302 321
304 329
305 324
306 308
306 309
306 384
306 400
308 384
308 393
308 394
308 395
308 399
308 400
308 408
308 467
308 524
308 527
311 315
311 316
312 331
314 316
314 318
315 316
315 318
316 318
317 318
317 319
317 320
317 336
317 386
317 388
318 319
318 320
318 388
319 320
319 321
319 336
319 386
319 388
320 321
320 331
320 334
320 336
320 386
320 388
321 322
321 335
321 336
321 388
321 391
321 579
323 327
323 328
324 326
324 329
325 582
328 329
328 333
329 331
329 332
329 333
329 335
330 332
331 333
331 334
332 333
332 335
333 334
333 335
333 336
334 336
336 386
336 388
336 391
337 340
337 405
337 406
337 407
337 491
339 434
339 437
339 446
339 461
339 462
339 464
341 344
341 345
341 351
341 353
341 354
341 355
341 356
341 357
341 430
341 434
341 437
341 444
341 446
342 343
342 346
342 347
344 351
344 353
344 354
344 356
344 357
344 421
344 430
344 437
344 462
345 349
345 351
345 352
345 353
345 354
345 355
345 356
345 357
345 358
345 362
345 434
345 440
345 441
345 446
345 461
345 462
346 347
347 352
348 413
349 354
349 355
349 356
351 353
351 354
351 356
351 359
351 372
351 375
351 412
351 414
351 421
351 422
351 430
351 432
351 434
351 437
351 440
351 447
351 462
353 354
353 356
353 359
353 414
353 430
353 440
354 355
354 356
354 357
354 358
354 362
354 430
354 434
354 440
354 448
354 461
354 462
355 356
355 357
356 357
356 364
356 434
356 437
356 440
356 446
356 448
356 461
356 462
357 434
357 437
357 446
358 360
358 361
358 362
358 363
358 414
358 440
359 414
360 361
360 362
360 363
361 363
361 414
362 363
362 440
364 365
364 370
364 375
364 376
364 382
364 421
364 422
364 428
364 430
364 432
364 434
364 435
364 437
364 441
364 446
364 448
364 461
364 462
364 515
365 375
365 376
365 382
365 422
365 430
365 432
365 434
365 437
365 446
365 462
365 515
365 591
367 381
368 370
369 440
370 421
370 422
370 428
370 432
370 437
370 461
370 462
371 374
372 375
372 421
372 422
372 430
372 432
372 434
372 437
372 440
372 441
372 448
372 462
372 464
373 430
374 377
374 380
375 412
375 414
375 421
375 422
375 423
375 426
375 428
375 430
375 432
375 434
375 435
375 437
375 438
375 439
375 441
375 446
375 447
375 448
375 461
375 462
375 464
375 591
376 381
376 434
376 436
376 437
376 446
376 515
377 379
377 380
377 381
377 436
379 436
380 381
381 436
382 432
382 434
382 437
382 446
384 385
384 390
384 393
384 394
384 395
384 396
384 398
384 408
384 467
384 489
384 495
384 497
384 580
385 393
385 395
385 398
385 406
385 408
385 497
385 580
386 388
387 579
388 389
389 580
390 393
390 395
390 396
390 398
390 404
390 408
390 417
390 489
390 495
390 497
392 530
393 394
393 395
393 396
393 397
393 398
393 399
393 400
393 401
393 406
393 408
393 467
393 489
393 491
393 492
393 495
393 497
393 498
393 546
393 580
394 395
394 397
394 399
394 408
394 467
394 474
394 493
394 494
394 496
394 498
394 503
394 505
394 514
394 516
394 517
394 524
394 527
394 546
395 396
395 397
395 398
395 399
395 400
395 401
395 406
395 408
395 467
395 489
395 491
395 492
395 495
395 497
395 498
395 546
396 398
396 408
396 417
396 489
396 495
396 497
396 579
397 399
397 400
397 408
397 467
397 492
397 493
397 516
397 524
397 533
398 406
398 408
398 416
398 489
398 491
398 492
398 497
399 400
399 408
399 467
399 492
399 493
399 516
399 532
400 401
400 408
400 492
400 495
401 408
401 467
401 489
401 495
401 580
402 595
403 404
403 406
405 406
405 407
405 491
406 407
406 408
406 491
406 492
406 497
407 491
408 467
408 489
408 491
408 492
408 495
408 497
408 498
408 546
408 580
410 415
410 421
410 423
410 435
410 445
411 505
411 511
412 418
412 421
412 422
412 423
412 435
412 437
412 445
412 447
412 462
412 530
412 534
415 417
415 418
415 435
415 442
415 445
415 529
415 535
417 467
417 489
417 495
417 497
418 421
418 434
418 435
418 437
418 445
418 515
420 424
420 450
420 457
420 569
420 590
420 598
420 599
421 422
421 423
421 428
421 430
421 432
421 434
421 435
421 437
421 445
421 447
421 448
421 461
421 462
421 530
422 423
422 426
422 428
422 430
422 432
422 434
422 435
422 437
422 438
422 441
422 447
422 448
422 461
422 462
422 591
423 428
423 432
423 435
423 437
423 445
423 447
423 461
423 462
423 530
424 457
424 462
424 466
424 569
424 577
425 497
426 427
426 430
426 432
426 439
426 447
426 462
428 432
428 434
428 435
428 437
428 441
428 446
428 461
428 462
429 430
430 432
430 434
430 437
430 440
430 447
430 462
431 432
432 434
432 435
432 437
432 438
432 440
432 441
432 446
432 447
432 448
432 461
432 462
432 464
434 437
434 440
434 441
434 446
434 448
434 461
434 462
434 515
435 437
435 458
435 462
437 440
437 446
437 447
437 448
437 461
437 462
437 464
437 515
437 530
438 447
438 448
438 461
438 462
439 443
439 444
439 447
440 441
440 448
440 462
441 446
441 448
441 461
441 462
443 534
444 447
445 447
445 529
445 530
445 534
446 448
446 454
446 461
446 462
446 515
446 543
447 448
447 461
447 462
448 461
448 462
448 464
448 466
448 543
450 565
450 566
450 569
450 570
450 571
450 574
450 576
450 577
450 592
450 594
450 599
451 490
452 453
453 471
454 461
454 543
455 501
457 466
457 569
459 569
460 494
460 501
460 517
460 527
460 528
461 462
461 464
462 464
462 530
463 469
463 558
463 561
465 494
465 503
465 517
467 489
467 495
467 497
467 498
470 482
472 528
473 522
474 494
474 503
474 514
474 517
474 524
475 521
476 499
476 540
476 547
476 554
476 562
477 562
478 561
479 538
480 482
481 486
482 483
482 484
483 485
484 486
487 505
487 586
488 560
488 565
488 566
488 569
489 495
489 497
489 580
489 584
489 586
491 492
493 496
493 503
493 511
493 516
493 519
493 520
493 527
494 496
494 501
494 503
494 514
494 516
494 517
494 524
494 528
495 497
495 498
495 580
496 503
496 505
496 511
496 513
496 516
496 517
496 519
496 527
496 528
497 498
497 505
497 546
497 580
497 586
500 575
501 514
501 517
503 505
503 514
503 516
503 517
503 519
503 524
503 527
503 528
505 511
507 508
507 509
508 564
509 513
509 519
509 528
510 518
510 523
510 539
510 541
510 571
510 597
510 600
511 519
511 520
511 542
511 581
512 513
512 541
512 600
513 516
513 517
513 519
513 527
513 528
513 542
514 516
514 517
514 524
516 517
516 519
516 524
516 527
517 519
517 524
517 527
517 528
518 539
518 541
518 571
518 594
518 597
518 600
519 520
519 524
519 527
519 528
521 528
524 525
524 527
525 527
526 562
527 528
529 530
529 534
529 579
529 584
531 532
531 540
531 549
531 553
531 554
531 555
532 539
532 542
532 600
534 549
534 579
537 559
538 562
538 573
538 588
538 595
539 541
539 567
539 595
539 597
539 600
540 547
540 549
540 554
540 555
541 565
541 567
541 571
541 573
541 597
541 600
542 550
543 561
544 557
544 561
547 549
547 550
547 553
547 554
548 550
548 551
549 553
549 554
550 554
552 565
552 569
552 571
552 574
553 554
554 555
555 560
557 561
558 560
558 561
558 570
559 573
560 561
560 563
560 570
560 573
561 570
561 573
565 566
565 569
565 570
565 571
565 573
565 574
565 590
565 592
565 594
566 567
566 569
566 571
566 577
566 592
566 594
566 595
567 572
567 573
567 594
567 595
568 594
569 570
569 571
569 574
569 592
569 594
570 571
570 576
570 592
570 599
571 574
571 577
571 592
571 594
574 577
574 592
574 594
577 578
577 590
577 592
580 586
582 583
586 587
589 598
590 592
592 594
592 596
594 595
594 596
594 597
595 597
596 597
596 598
597 600
598 599
