600 3597

1 2
1 3
1 4
1 5
1 17
1 18
1 19
1 20
1 37
1 94
1 98
1 290
1 301
1 302
1 303
1 304
1 317
1 318
1 320
1 321
1 324
1 336
1 389
2 3
2 5
2 11
2 12
2 14
2 17
2 18
2 19
2 20
2 21
2 26
2 29
2 37
2 94
2 97
2 98
2 103
2 184
2 301
2 302
2 303
2 304
2 311
2 312
2 317
2 318
2 319
2 320
2 321
2 336
2 385
2 386
2 389
2 398
3 4
3 5
3 12
3 14
3 16
3 17
3 18
3 19
3 20
3 21
3 26
3 29
3 36
3 37
3 38
3 94
3 107
3 301
3 302
3 303
3 304
3 308
3 312
3 317
3 318
3 319
3 320
3 321
3 323
3 324
3 328
3 336
3 389
3 411
4 5
4 16
4 18
4 19
4 20
4 22
4 23
4 26
4 29
4 36
4 38
4 94
4 107
4 301
4 303
4 304
4 312
4 318
4 319
4 321
4 336
4 389
5 12
5 14
5 16
5 17
5 18
5 19
5 20
5 21
5 23
5 24
5 29
5 30
5 36
5 37
5 38
5 93
5 94
5 98
5 107
5 301
5 303
5 304
5 305
5 308
5 312
5 317
5 318
5 319
5 320
5 321
5 323
5 324
5 328
5 330
5 336
5 384
5 389
5 391
5 445
5 487
6 309
7 308
7 324
8 108
9 14
10 527
11 18
11 20
11 21
11 37
11 94
11 98
11 111
11 301
11 311
11 321
11 386
11 389
11 398
11 400
12 14
12 15
12 16
12 17
12 18
12 19
12 20
12 21
12 29
12 94
12 107
12 301
12 303
12 304
12 311
12 312
12 315
12 316
12 317
12 318
12 319
12 321
12 384
12 389
12 391
13 264
14 16
14 17
14 18
14 19
14 20
14 21
14 26
14 29
14 36
14 94
14 107
14 303
14 304
14 312
14 317
14 318
14 319
14 320
14 321
14 323
14 328
14 330
14 336
14 384
14 389
14 411
15 16
15 315
15 316
15 317
16 17
16 18
16 19
16 20
16 29
16 94
16 107
16 303
16 304
16 312
16 315
16 316
16 317
16 318
16 319
16 384
16 389
16 391
16 445
17 18
17 19
17 20
17 21
17 29
17 36
17 37
17 38
17 94
17 98
17 301
17 302
17 303
17 304
17 312
17 317
17 318
17 319
17 320
17 321
17 323
17 324
17 328
17 329
17 330
17 332
17 336
17 389
18 19
18 20
18 21
18 29
18 37
18 94
18 98
18 102
18 107
18 301
18 302
18 303
18 304
18 311
18 312
18 315
18 316
18 317
18 318
18 319
18 320
18 321
18 324
18 336
18 369
18 384
18 385
18 386
18 389
18 391
18 398
18 582
19 20
19 21
19 26
19 29
19 37
19 93
19 94
19 107
19 301
19 303
19 304
19 312
19 315
19 317
19 318
19 319
19 320
19 321
19 323
19 324
19 328
19 336
19 384
19 389
19 411
20 21
20 29
20 37
20 93
20 94
20 98
20 102
20 107
20 301
20 302
20 303
20 304
20 311
20 312
20 315
20 317
20 318
20 319
20 320
20 321
20 336
20 369
20 384
20 385
20 386
20 389
20 391
20 394
20 398
21 29
21 36
21 37
21 94
21 98
21 107
21 111
21 301
21 302
21 304
21 305
21 312
21 317
21 320
21 321
21 324
21 326
21 336
21 384
21 385
21 386
21 389
21 394
21 398
22 327
23 26
23 28
23 30
23 31
23 36
23 38
23 107
23 327
23 443
23 445
24 305
24 308
24 324
24 326
24 391
25 322
25 325
26 29
26 103
26 107
26 312
26 318
26 319
26 320
26 328
26 389
26 398
27 514
28 30
28 32
28 327
29 36
29 37
29 38
29 94
29 98
29 107
29 301
29 303
29 304
29 308
29 312
29 317
29 318
29 319
29 320
29 321
29 323
29 324
29 328
29 329
29 330
29 336
29 384
29 389
29 398
30 31
30 32
30 36
30 38
30 318
30 323
30 327
30 328
30 329
30 330
30 332
30 336
30 432
30 443
30 445
31 36
32 33
32 35
32 38
32 329
32 331
32 332
32 333
32 334
32 335
34 287
34 322
34 444
34 447
34 534
34 584
35 331
35 333
35 334
36 37
36 38
36 312
36 318
36 320
36 323
36 328
36 330
36 332
36 335
36 336
36 415
36 445
37 38
37 94
37 98
37 301
37 302
37 304
37 305
37 312
37 320
37 321
37 323
37 324
37 329
37 334
37 335
37 336
37 389
38 312
38 318
38 320
38 323
38 324
38 327
38 328
38 329
38 330
38 332
38 335
38 336
39 42
39 79
39 82
39 115
39 123
39 126
39 149
39 150
39 410
39 416
40 337
41 43
41 46
41 48
41 338
41 339
41 378
42 45
42 47
42 48
42 52
42 56
42 95
42 340
42 344
42 347
43 71
43 80
43 339
44 49
44 63
44 341
44 357
44 358
44 431
44 434
45 46
45 48
45 54
45 344
45 347
45 353
46 48
46 51
46 54
46 66
46 67
46 295
46 342
46 343
46 345
46 346
46 347
46 352
46 362
46 363
46 588
47 52
47 55
47 56
47 79
47 88
47 115
47 116
47 117
47 118
48 51
48 54
48 66
48 67
48 342
48 343
48 344
48 345
48 346
48 347
48 352
48 354
48 360
48 362
48 363
49 58
49 68
49 79
49 82
49 83
49 126
49 127
49 130
49 140
49 150
49 152
49 341
49 348
49 358
49 374
49 403
49 422
49 430
49 431
49 434
49 435
49 446
49 448
49 456
50 352
51 54
51 62
51 66
51 67
51 345
51 352
51 360
51 362
51 363
52 53
52 55
52 95
52 116
52 117
52 118
52 123
52 124
53 57
53 124
54 61
54 66
54 67
54 342
54 343
54 344
54 345
54 346
54 347
54 352
54 353
54 362
55 118
55 120
57 65
57 357
57 433
58 61
58 66
58 341
58 348
58 356
58 357
58 358
59 335
60 64
60 79
60 348
60 413
60 414
61 66
61 353
61 354
61 356
61 362
61 363
62 66
62 67
62 345
62 351
62 352
62 360
62 362
62 363
63 64
63 113
63 141
63 152
63 357
63 418
63 423
63 434
63 440
64 79
64 117
64 129
64 348
64 359
64 413
65 357
66 67
66 345
66 351
66 352
66 360
66 362
66 363
67 342
67 343
67 345
67 346
67 351
67 352
67 360
67 362
67 363
68 83
68 127
68 136
68 140
68 148
68 159
68 197
68 339
68 364
68 403
68 420
68 421
68 422
68 428
68 430
68 434
68 437
68 446
68 448
68 459
69 71
69 77
69 79
69 348
69 353
69 372
69 375
70 72
70 135
70 365
70 366
70 368
70 370
70 429
70 591
70 593
71 72
71 76
71 77
71 90
71 294
71 297
71 345
71 363
72 77
72 365
72 370
72 593
73 75
73 135
73 459
74 75
75 81
75 459
75 591
76 90
76 122
76 151
76 294
76 297
76 340
76 363
77 80
77 365
77 370
78 103
79 82
79 83
79 88
79 112
79 113
79 115
79 116
79 117
79 126
79 127
79 129
79 130
79 137
79 141
79 149
79 199
79 204
79 348
79 375
79 403
79 413
79 421
79 422
79 434
80 129
80 132
80 150
80 186
80 338
80 374
80 459
80 590
81 84
82 83
82 117
82 126
82 127
82 129
82 130
82 141
82 149
82 150
82 199
82 348
82 375
82 421
82 422
83 88
83 112
83 113
83 116
83 126
83 127
83 129
83 130
83 140
83 141
83 191
83 204
83 403
83 420
83 421
83 422
84 86
84 87
84 89
84 377
85 88
85 130
85 149
85 191
85 421
86 87
86 377
87 89
87 377
87 381
88 113
88 115
88 116
88 117
88 130
88 191
88 194
88 403
88 404
88 407
88 410
88 491
89 91
89 337
89 338
89 377
89 381
89 405
90 122
90 150
90 151
90 337
92 100
92 108
92 109
92 110
92 175
92 187
92 198
92 201
93 94
93 100
93 108
93 304
93 317
93 384
93 385
93 389
93 411
94 98
94 100
94 107
94 108
94 175
94 184
94 301
94 302
94 303
94 304
94 311
94 312
94 315
94 317
94 318
94 319
94 320
94 321
94 384
94 385
94 386
94 389
94 398
94 411
94 487
95 96
95 151
95 340
97 99
97 385
97 398
97 488
98 301
98 302
98 317
98 320
98 321
98 324
98 386
98 389
98 398
99 298
100 101
100 108
100 109
100 110
100 175
100 187
100 198
100 384
100 391
101 104
101 187
101 202
102 321
102 389
103 443
104 105
104 106
104 189
104 192
104 202
104 211
104 212
104 227
104 536
105 106
105 192
105 212
105 390
105 530
106 189
106 192
106 223
107 108
107 109
107 304
107 312
107 317
107 318
107 319
107 384
107 389
107 391
107 394
107 396
107 397
107 398
107 411
107 504
108 109
108 110
108 118
108 120
108 175
108 200
108 384
109 110
109 113
109 115
109 117
109 120
109 187
109 201
109 396
109 397
109 408
109 413
109 416
110 120
110 187
110 196
110 198
111 398
111 400
112 113
112 114
112 115
112 117
112 126
112 129
112 130
112 132
112 141
112 154
112 197
112 199
112 281
112 404
112 435
112 451
112 490
113 114
113 115
113 116
113 117
113 126
113 130
113 187
113 191
113 194
113 199
113 201
113 357
113 395
113 404
113 407
113 408
113 410
113 417
113 423
113 435
113 451
113 490
113 491
113 492
114 115
114 126
114 130
114 152
114 154
114 187
114 191
114 197
114 199
114 404
114 435
114 451
114 490
114 492
115 116
115 117
115 118
115 126
115 130
115 187
115 191
115 194
115 199
115 201
115 407
116 117
116 118
116 130
116 194
116 407
117 118
117 120
117 141
117 194
117 199
117 348
117 395
117 397
117 407
117 408
117 410
117 413
117 492
118 120
118 137
118 194
118 413
119 225
120 196
121 210
122 151
122 164
122 272
122 274
122 280
122 294
123 126
123 148
123 149
123 195
123 196
123 289
123 416
123 417
125 153
125 195
126 127
126 129
126 130
126 141
126 150
126 191
126 201
126 204
126 422
127 129
127 130
127 374
127 420
127 422
127 459
128 131
128 190
128 208
128 263
128 264
128 267
128 270
129 130
129 140
129 141
129 150
129 199
129 281
129 374
129 375
129 421
129 422
129 434
130 191
130 204
131 155
131 449
131 450
131 599
132 133
132 364
132 404
132 422
132 428
132 430
132 451
132 461
133 309
134 140
134 161
134 376
134 422
134 430
135 365
135 366
135 368
135 370
135 373
135 427
135 591
135 593
136 140
136 148
136 158
136 159
136 161
136 163
136 428
136 430
136 437
136 446
136 448
136 452
136 454
136 462
136 464
137 139
138 149
140 141
140 143
140 148
140 149
140 159
140 161
140 197
140 364
140 376
140 403
140 412
140 420
140 421
140 422
140 428
140 430
140 431
140 432
140 434
140 435
140 437
140 446
140 448
140 456
140 459
141 149
141 199
141 422
141 428
141 430
141 434
142 457
143 225
143 412
143 418
143 424
143 437
143 439
143 440
143 443
143 445
143 446
143 454
143 534
144 347
145 305
145 445
146 421
147 440
148 152
148 153
148 158
148 159
148 162
148 163
148 197
148 339
148 420
148 422
148 425
148 428
148 437
148 446
148 448
148 454
149 403
149 412
149 418
149 421
149 422
149 423
149 428
149 430
149 432
149 434
149 437
149 438
149 439
149 443
149 445
149 446
149 534
150 151
150 160
150 199
150 281
150 337
150 379
150 410
151 164
151 272
152 357
152 418
153 155
153 156
153 163
154 196
154 197
154 451
154 490
154 501
155 156
155 163
155 253
155 277
155 449
155 599
156 233
156 254
157 159
157 515
158 159
158 339
158 437
158 446
158 448
158 454
159 163
159 191
159 197
159 437
159 442
159 446
160 456
161 430
161 458
163 197
163 253
163 254
163 277
163 425
163 449
163 454
164 272
164 274
164 280
165 249
166 167
166 251
167 251
167 522
168 170
168 172
168 183
168 226
168 232
168 236
168 239
168 247
168 269
168 288
168 307
168 475
168 547
168 554
168 556
168 557
168 561
168 572
168 585
169 173
169 185
169 261
169 472
169 477
169 586
170 177
170 183
170 189
170 207
170 226
170 227
170 230
170 232
170 235
170 236
170 238
170 239
170 243
170 247
170 251
170 252
170 269
170 276
170 285
170 313
170 314
170 547
170 548
170 550
170 554
170 556
170 572
171 193
171 201
171 202
171 203
172 226
172 478
172 547
172 556
173 174
174 217
175 385
176 485
176 524
178 255
178 261
178 263
178 264
178 267
178 270
178 272
178 280
178 566
179 457
179 466
179 574
179 578
180 303
181 370
182 206
182 207
182 209
182 229
182 234
182 256
182 265
182 283
182 509
183 207
183 239
183 241
183 243
183 247
183 250
183 252
183 255
183 256
183 258
183 261
183 262
183 263
183 264
183 266
183 267
183 268
183 269
183 270
183 476
183 488
183 538
183 554
183 556
183 560
183 561
183 564
183 566
183 569
183 570
183 571
183 572
187 198
187 201
187 212
188 295
189 207
189 211
189 226
189 227
189 230
189 231
189 235
189 236
189 239
189 241
189 247
189 251
189 536
189 551
189 556
191 192
191 193
191 204
191 212
191 490
191 492
191 514
192 193
192 202
192 203
192 204
192 211
192 212
192 214
192 215
193 201
193 202
193 203
193 212
193 214
194 506
195 196
196 417
197 364
197 404
197 420
197 422
197 425
197 428
197 459
197 500
198 200
198 202
198 212
199 200
199 281
199 357
200 201
200 202
201 202
201 203
201 204
201 212
201 409
202 203
202 204
202 212
202 214
203 212
203 214
203 219
204 212
204 215
205 506
206 207
206 209
206 216
206 234
206 256
206 265
206 493
206 509
207 209
207 229
207 230
207 234
207 239
207 243
207 256
207 265
207 269
207 283
207 293
207 509
207 548
207 551
208 224
208 229
208 245
208 255
208 263
208 264
208 265
208 538
208 564
209 216
209 234
209 256
209 265
209 283
210 211
211 214
211 230
211 231
212 214
213 228
213 229
213 234
213 262
213 263
213 270
213 273
213 521
218 273
220 221
220 237
220 238
220 240
220 244
220 245
220 286
220 287
220 529
220 530
220 536
220 549
220 584
221 222
221 240
221 244
221 286
221 287
221 529
221 530
221 536
221 549
221 584
222 223
222 226
222 229
222 235
222 238
222 240
222 286
222 292
222 535
222 546
222 549
222 550
222 553
223 587
224 229
224 233
224 238
224 239
224 240
224 243
224 245
224 247
224 250
224 252
224 255
224 258
224 262
224 263
224 265
224 268
224 269
224 273
224 532
224 561
225 244
225 439
225 534
226 227
226 235
226 236
226 238
226 239
226 240
226 241
226 244
226 247
226 269
226 285
226 286
226 475
226 535
226 536
226 546
226 547
226 548
226 549
226 550
226 551
226 554
226 556
226 557
226 561
227 235
227 236
227 239
227 240
227 241
227 244
227 535
227 536
227 547
227 556
227 557
228 229
228 262
228 263
228 264
228 270
228 278
228 282
228 283
228 518
228 540
228 541
228 580
228 581
229 230
229 231
229 233
229 239
229 243
229 245
229 247
229 255
229 256
229 258
229 262
229 263
229 265
229 268
229 269
229 270
229 283
229 521
229 541
229 542
229 544
229 548
229 550
229 560
229 561
229 581
230 231
230 232
230 235
230 236
230 239
230 241
230 243
230 247
230 256
230 259
230 265
230 268
230 269
230 276
230 546
230 550
230 554
230 556
231 240
231 241
231 243
231 245
231 247
231 259
231 265
231 550
232 233
232 234
232 236
232 238
232 239
232 243
232 247
232 248
232 250
232 252
232 254
232 256
232 265
232 268
232 269
232 271
232 556
232 563
233 234
233 248
233 250
233 254
233 265
233 271
233 557
233 563
234 239
234 256
234 265
234 269
234 271
235 236
235 238
235 239
235 240
235 247
235 248
235 285
235 286
235 536
235 546
235 547
235 549
235 556
235 557
236 238
236 239
236 240
236 247
236 248
236 269
236 284
236 285
236 286
236 535
236 536
236 546
236 547
236 548
236 549
236 554
236 556
236 557
236 563
237 238
237 284
237 286
237 287
237 529
237 549
237 584
238 239
238 240
238 241
238 243
238 244
238 245
238 247
238 248
238 250
238 252
238 258
238 268
238 284
238 285
238 286
238 529
238 535
238 536
238 546
238 547
238 548
238 549
238 550
238 553
238 554
238 556
238 557
238 561
238 563
238 584
239 240
239 241
239 243
239 247
239 255
239 256
239 258
239 262
239 265
239 268
239 269
239 285
239 475
239 535
239 536
239 547
239 548
239 550
239 551
239 554
239 556
239 557
239 572
240 241
240 243
240 244
240 245
240 247
240 258
240 262
240 266
240 284
240 285
240 286
240 529
240 535
240 536
240 546
240 547
240 548
240 549
240 550
240 553
240 554
240 556
240 557
240 561
240 584
241 242
241 243
241 244
241 245
241 247
241 250
241 266
241 268
241 478
241 535
241 536
241 550
241 552
241 554
241 556
241 557
241 558
241 560
242 552
243 245
243 247
243 250
243 252
243 255
243 256
243 258
243 259
243 262
243 263
243 264
243 265
243 266
243 267
243 268
243 269
243 270
243 476
243 538
243 548
243 550
243 554
243 556
243 560
243 566
243 570
243 572
244 245
244 286
244 478
244 529
244 535
244 536
244 552
244 561
244 584
245 247
245 250
245 252
245 255
245 262
245 263
245 265
245 299
245 550
245 554
246 299
246 594
247 248
247 250
247 252
247 255
247 258
247 262
247 266
247 268
247 269
247 285
247 286
247 536
247 546
247 547
247 548
247 549
247 550
247 554
247 556
247 557
248 249
248 250
248 254
248 269
248 285
248 556
248 557
249 250
249 263
249 558
250 252
250 254
250 255
250 258
250 263
250 265
250 268
250 269
250 271
250 463
250 476
250 543
250 558
250 560
250 561
250 563
250 569
250 570
250 572
250 575
250 600
251 276
252 255
252 258
252 262
252 263
252 266
252 267
252 268
252 269
252 270
252 476
252 554
252 560
252 564
252 566
252 569
252 570
252 572
252 600
253 449
253 578
253 599
254 275
254 277
255 256
255 258
255 259
255 261
255 262
255 263
255 264
255 265
255 266
255 267
255 268
255 269
255 270
255 280
255 476
255 528
255 538
255 541
255 544
255 550
255 554
255 560
255 561
255 564
255 566
255 567
255 570
255 572
256 258
256 259
256 262
256 263
256 265
256 268
256 269
256 270
256 283
256 476
256 493
256 511
256 513
256 521
256 541
256 542
256 544
256 548
256 560
256 567
256 572
256 573
257 588
258 259
258 261
258 262
258 263
258 264
258 265
258 266
258 267
258 268
258 269
258 270
258 274
258 280
258 476
258 528
258 538
258 541
258 542
258 548
258 550
258 554
258 560
258 561
258 567
258 572
259 261
259 265
259 268
259 270
259 293
259 294
260 261
260 267
260 270
261 262
261 263
261 266
261 267
261 270
261 274
261 280
261 476
262 263
262 264
262 265
262 266
262 267
262 268
262 269
262 270
262 274
262 298
262 476
262 541
262 542
262 548
262 550
262 554
262 560
262 561
263 264
263 265
263 267
263 268
263 270
263 271
263 273
263 278
263 280
263 476
263 513
263 518
263 528
263 538
263 541
263 542
263 544
263 560
263 561
263 566
263 567
263 573
264 267
264 268
264 270
264 453
264 516
264 518
264 528
264 538
264 541
264 560
264 564
264 566
265 268
265 269
265 270
265 271
265 513
265 542
265 560
266 267
266 268
266 269
266 270
266 274
266 476
266 550
266 554
266 556
266 570
267 268
267 270
267 271
267 272
267 274
267 278
267 280
267 453
267 518
267 541
267 560
267 566
268 269
268 270
268 278
268 476
268 528
268 538
268 544
268 550
268 554
268 560
268 561
268 566
268 570
268 572
268 600
269 270
269 271
269 476
269 544
269 548
269 554
269 556
269 569
269 572
270 271
270 274
270 278
270 280
270 518
270 541
270 542
270 560
270 566
270 573
271 272
271 544
271 573
272 274
272 280
274 280
274 294
274 296
277 449
278 280
279 281
280 294
280 573
281 374
282 395
282 399
282 451
282 579
284 285
284 286
284 547
284 549
284 583
284 584
285 286
285 547
285 548
285 549
285 556
285 557
285 583
286 529
286 535
286 536
286 547
286 548
286 549
286 553
286 554
286 556
286 557
286 584
287 443
287 445
287 529
287 530
287 534
287 584
290 482
291 561
293 297
293 588
294 297
295 298
295 300
295 591
296 298
296 299
297 345
297 363
298 299
298 300
299 300
300 591
300 592
300 594
301 302
301 303
301 304
301 305
301 311
301 312
301 317
301 318
301 319
301 320
301 321
301 336
301 369
301 386
301 389
301 398
302 305
302 320
302 321
302 324
302 336
302 389
303 304
303 311
303 315
303 317
303 318
303 319
303 320
303 321
303 336
303 385
303 389
304 305
304 308
304 311
304 312
304 315
304 317
304 318
304 319
304 320
304 321
304 324
304 336
304 384
304 389
304 391
304 445
304 534
305 321
305 324
305 326
305 336
306 373
308 324
308 326
310 383
311 315
311 317
311 319
311 321
311 385
311 389
312 317
312 318
312 319
312 320
312 321
312 323
312 324
312 328
312 329
312 330
312 332
312 336
312 384
312 389
312 398
313 569
313 572
315 316
315 317
315 319
315 389
316 317
316 319
317 318
317 319
317 320
317 321
317 324
317 336
317 384
317 385
317 386
317 388
317 389
317 391
317 487
318 319
318 320
318 321
318 323
318 324
318 328
318 336
318 384
318 389
318 529
319 320
319 321
319 336
319 384
319 389
319 445
319 529
320 321
320 323
320 324
320 328
320 336
320 389
321 324
321 326
321 336
321 384
321 385
321 386
321 389
321 391
321 394
321 398
322 325
323 324
323 327
323 328
323 329
323 330
323 332
323 335
323 336
324 327
324 329
324 330
324 335
324 336
324 389
326 329
327 328
327 329
327 330
327 332
328 329
328 330
328 332
328 336
329 330
329 332
329 335
329 336
330 332
330 335
330 336
331 333
332 335
332 336
333 334
335 336
336 389
336 529
337 406
337 407
337 410
337 469
338 339
338 378
338 380
338 381
338 592
339 415
339 420
339 422
339 425
339 428
339 437
339 446
339 448
340 344
340 347
340 350
341 348
341 357
341 358
341 413
341 414
341 431
342 343
342 346
342 347
342 352
342 363
343 346
343 347
343 352
343 588
343 591
344 346
344 347
345 349
345 352
345 360
345 362
345 363
346 347
346 349
346 352
346 588
348 357
348 359
348 375
348 407
348 409
348 410
348 411
348 413
349 354
351 352
351 360
351 361
351 362
351 363
351 414
352 360
352 362
352 363
353 354
353 359
353 372
353 441
354 356
355 448
357 358
357 416
357 417
357 418
357 431
357 434
357 435
357 440
359 413
360 361
360 362
360 363
361 414
362 363
364 370
364 376
364 403
364 404
364 420
364 421
364 422
364 423
364 428
364 430
364 431
364 432
364 434
364 435
364 437
364 446
364 456
364 460
364 461
364 501
365 366
365 370
365 429
365 593
366 370
366 593
367 372
367 376
368 400
369 389
370 429
370 591
370 593
371 372
372 375
372 376
372 400
373 376
375 376
375 413
375 421
375 422
375 430
375 431
375 434
376 403
376 404
376 420
376 422
376 428
376 430
376 431
376 434
376 435
376 436
377 381
379 431
379 434
379 436
380 381
380 405
381 382
381 405
383 399
384 385
384 386
384 389
384 391
384 394
384 398
384 411
384 487
384 504
385 386
385 389
385 398
385 402
386 389
386 398
386 402
387 395
387 399
387 517
387 520
387 533
387 540
387 541
387 579
387 581
389 391
389 398
390 391
390 392
390 397
390 423
390 530
391 392
391 397
392 395
392 396
392 397
392 530
393 395
393 397
393 408
393 417
393 489
393 490
393 492
393 494
393 495
393 496
393 497
393 514
393 520
393 533
393 579
394 398
394 504
395 396
395 397
395 399
395 401
395 407
395 408
395 416
395 417
395 451
395 485
395 490
395 492
395 494
395 496
395 497
395 520
395 579
396 397
396 406
396 407
396 408
396 409
396 410
396 411
396 416
396 419
396 442
396 492
396 494
396 496
396 504
397 399
397 401
397 407
397 408
397 410
397 411
397 416
397 417
397 423
397 492
397 530
397 579
398 400
399 401
399 408
399 417
399 451
399 467
399 490
399 492
399 534
399 579
401 417
403 404
403 410
403 419
403 420
403 421
403 422
403 423
403 428
403 430
403 431
403 432
403 434
403 435
403 436
403 446
403 460
403 461
403 491
404 406
404 410
404 419
404 422
404 423
404 428
404 435
404 436
404 451
404 460
404 461
404 484
404 491
406 407
406 408
406 410
406 423
406 491
406 526
407 408
407 409
407 410
407 411
407 413
407 416
407 419
407 423
407 435
407 490
407 491
407 492
408 409
408 410
408 411
408 413
408 416
408 417
408 419
408 442
408 490
408 491
408 492
408 494
408 496
408 497
408 514
409 410
409 411
409 413
409 416
410 411
410 416
410 419
410 423
410 435
410 461
410 491
410 492
411 413
411 416
412 418
412 421
412 422
412 423
412 432
412 438
412 439
412 443
412 445
412 534
413 414
415 422
415 442
415 446
415 504
416 417
416 418
416 419
416 423
416 492
417 418
417 419
417 423
417 435
417 451
417 490
417 492
418 419
418 421
418 423
418 424
418 428
418 430
418 431
418 432
418 434
418 435
418 437
418 439
418 440
418 443
418 445
418 446
418 451
418 454
418 461
418 534
419 422
419 423
419 428
419 430
419 431
419 432
419 435
419 442
419 446
419 451
419 455
419 490
419 491
419 492
419 501
419 514
420 421
420 422
420 425
420 428
420 430
420 434
420 437
420 446
420 448
420 459
420 599
421 422
421 423
421 428
421 430
421 431
421 432
421 434
421 435
421 437
421 443
421 446
421 461
422 423
422 428
422 430
422 431
422 432
422 434
422 435
422 437
422 446
422 448
422 456
422 459
422 461
423 424
423 428
423 430
423 432
423 434
423 435
423 439
423 440
423 443
423 445
423 446
423 451
423 454
423 460
423 461
423 491
423 492
423 534
424 439
424 440
424 451
424 454
424 460
424 461
425 448
425 449
425 457
425 459
425 466
425 500
425 565
425 578
425 590
425 592
425 598
425 599
426 460
427 588
427 590
427 591
427 592
427 593
428 430
428 431
428 432
428 434
428 435
428 437
428 446
428 448
428 452
428 454
428 460
428 461
428 501
429 593
430 431
430 432
430 434
430 435
430 436
430 437
430 446
430 454
430 456
430 461
430 501
431 432
431 434
431 435
431 436
431 446
431 456
432 434
432 435
432 437
432 443
432 445
432 446
432 454
432 455
432 456
432 461
432 465
434 435
434 436
434 437
434 440
434 446
434 460
434 461
435 436
435 446
435 451
435 460
435 461
435 490
435 491
435 492
435 501
435 514
437 439
437 446
437 448
437 454
437 462
437 464
438 443
439 440
439 443
439 445
439 454
439 460
439 534
442 455
442 456
442 504
443 445
443 460
443 534
445 456
445 534
446 448
446 454
446 456
448 449
448 454
448 459
448 466
448 500
448 599
449 450
449 452
449 454
449 466
449 467
449 468
449 480
449 578
449 599
450 468
450 510
450 599
451 454
451 460
451 461
451 490
451 491
451 492
452 453
452 454
453 516
453 528
453 560
453 564
453 566
453 574
453 600
454 460
454 462
454 599
455 456
455 461
455 465
455 491
455 576
456 461
457 466
457 468
457 483
457 488
457 564
457 565
457 566
457 569
457 571
457 574
457 578
457 594
457 597
457 598
457 599
457 600
459 500
459 589
459 590
459 591
459 592
459 599
460 461
460 501
461 465
461 491
461 492
461 576
462 464
463 543
463 558
463 560
465 505
465 519
465 576
466 468
466 500
466 565
466 574
466 578
466 592
466 598
466 599
467 468
467 490
467 497
467 510
467 545
468 543
468 565
468 574
468 578
470 498
471 475
472 477
472 580
473 499
473 537
474 494
474 496
474 503
474 507
474 523
474 524
474 525
475 478
475 548
475 551
475 556
475 557
475 561
475 585
476 538
476 544
476 548
476 554
476 558
476 560
476 561
476 566
476 572
478 551
478 554
478 556
478 557
478 558
478 560
479 554
481 586
485 490
485 497
485 498
485 510
485 523
486 488
488 564
488 571
488 596
488 597
488 600
489 494
489 495
489 503
489 520
489 527
489 533
489 540
489 553
489 579
489 581
490 491
490 492
490 494
490 496
490 497
490 510
490 514
491 492
491 514
492 494
492 496
492 497
492 501
492 514
493 495
493 496
493 498
493 503
493 507
493 509
493 511
493 513
493 518
493 520
493 521
493 524
493 533
493 541
493 542
493 555
493 567
493 573
494 495
494 496
494 497
494 514
494 523
494 533
495 496
495 503
495 507
495 513
495 520
495 521
495 533
495 542
496 497
496 503
496 510
496 513
496 514
496 515
496 520
496 523
496 525
496 533
497 510
497 514
498 520
498 555
499 579
500 502
501 514
502 505
502 519
503 509
503 511
503 513
503 519
503 520
503 521
503 524
503 525
503 527
503 581
505 516
505 517
505 519
505 528
505 531
505 577
507 511
507 513
507 518
507 520
507 542
507 567
508 528
508 531
509 511
509 520
509 521
509 541
509 573
510 513
510 523
511 513
511 518
511 520
511 521
511 524
511 540
511 541
511 542
511 567
511 573
511 581
512 513
512 527
513 516
513 518
513 520
513 521
513 533
513 541
513 542
513 567
516 517
516 518
516 519
516 524
516 527
516 528
516 541
516 542
516 544
516 573
517 518
517 519
517 520
517 524
517 541
518 520
518 521
518 523
518 524
518 527
518 533
518 541
518 542
518 544
518 567
518 573
518 581
519 525
519 527
520 521
520 524
520 525
520 533
520 540
520 541
520 542
520 555
520 567
520 579
520 580
520 581
521 533
521 541
521 542
521 544
521 567
521 573
523 524
524 525
524 577
525 527
526 559
528 531
528 538
528 541
528 544
528 560
528 561
528 564
528 566
528 570
529 530
529 549
529 584
530 549
530 553
530 584
531 532
532 539
532 564
532 596
532 597
532 600
533 540
533 541
533 542
533 545
533 579
533 581
535 536
535 547
535 548
535 549
535 550
535 551
535 553
535 554
535 556
535 584
536 547
536 549
536 550
536 551
536 556
536 557
538 554
538 560
538 561
538 564
538 566
538 570
538 572
538 585
539 547
539 548
539 553
539 597
540 541
540 542
540 548
540 550
540 553
540 555
540 579
540 580
540 581
541 542
541 544
541 560
541 567
541 573
541 581
542 544
542 560
542 567
542 573
542 581
543 574
543 578
544 560
544 566
544 570
544 571
544 572
544 573
544 600
546 547
546 549
546 550
546 553
546 554
546 556
546 557
547 548
547 549
547 550
547 553
547 554
547 556
547 557
547 583
547 584
548 549
548 550
548 551
548 553
548 554
548 556
548 557
548 562
549 550
549 553
549 554
549 556
549 557
549 582
549 583
549 584
550 553
550 554
550 556
550 557
550 560
551 555
551 556
551 557
553 554
553 557
553 583
553 584
554 556
554 557
554 570
554 572
555 579
555 580
555 581
556 557
556 561
556 563
557 561
557 582
558 560
558 561
560 561
560 566
560 570
560 572
561 572
563 575
564 565
564 566
564 569
564 570
564 571
564 572
564 574
564 578
564 597
564 600
565 569
565 574
565 578
565 592
565 594
565 596
565 597
565 598
565 599
565 600
566 569
566 570
566 571
566 572
566 574
566 578
566 600
567 573
568 570
569 570
569 571
569 572
569 574
569 578
569 597
569 598
569 600
570 571
570 572
570 574
570 600
571 572
571 573
571 574
571 600
572 600
574 577
574 578
574 600
578 598
578 599
578 600
579 580
579 581
580 581
582 583
582 584
583 584
589 590
589 591
589 592
590 591
590 592
590 598
591 592
591 593
591 594
591 596
592 593
592 594
592 596
592 597
592 598
593 596
594 596
594 597
594 598
595 597
596 597
596 598
596 600
597 598
597 600
598 599
