600 3595

1 25
1 291
2 3
2 4
2 5
2 6
2 8
2 11
2 12
2 16
2 18
2 19
2 20
2 24
2 27
2 29
2 30
2 32
2 35
2 93
2 94
2 98
2 301
2 302
2 303
2 304
2 305
2 308
2 317
2 319
2 320
2 321
2 322
2 324
2 329
2 331
2 333
2 334
2 335
2 336
2 388
3 4
3 5
3 6
3 8
3 11
3 12
3 16
3 19
3 20
3 24
3 27
3 32
3 35
3 37
3 93
3 94
3 98
3 301
3 302
3 303
3 304
3 305
3 308
3 311
3 317
3 319
3 320
3 324
3 329
3 331
3 333
3 334
3 388
4 5
4 6
4 16
4 19
4 20
4 22
4 23
4 25
4 27
4 28
4 30
4 32
4 35
4 36
4 301
4 302
4 303
4 304
4 305
4 317
4 319
4 320
4 321
4 322
4 323
4 324
4 325
4 328
4 329
4 332
4 333
4 334
4 335
4 336
4 388
5 6
5 8
5 12
5 16
5 18
5 19
5 20
5 24
5 27
5 29
5 30
5 32
5 35
5 37
5 93
5 94
5 98
5 301
5 302
5 303
5 304
5 305
5 308
5 311
5 312
5 317
5 319
5 320
5 321
5 322
5 324
5 326
5 329
5 331
5 333
5 334
5 388
6 8
6 11
6 12
6 16
6 18
6 19
6 20
6 35
6 37
6 93
6 94
6 98
6 301
6 302
6 303
6 304
6 305
6 308
6 311
6 317
6 319
6 320
6 324
6 334
6 388
7 12
7 312
8 11
8 12
8 16
8 18
8 19
8 20
8 24
8 27
8 32
8 35
8 37
8 93
8 94
8 98
8 301
8 302
8 303
8 304
8 308
8 311
8 317
8 319
8 320
8 324
8 336
8 388
8 389
9 177
9 314
10 13
10 15
10 306
10 309
11 12
11 75
11 94
11 97
11 98
11 301
11 302
11 303
11 304
11 317
11 386
11 388
12 16
12 18
12 19
12 20
12 24
12 32
12 35
12 37
12 93
12 94
12 98
12 301
12 302
12 303
12 304
12 305
12 308
12 311
12 312
12 315
12 317
12 319
12 320
12 324
12 334
12 388
13 15
13 181
13 314
13 316
14 15
14 16
14 17
14 19
14 24
14 29
14 308
14 312
14 326
15 17
15 310
15 312
15 314
15 315
15 316
16 17
16 18
16 19
16 20
16 24
16 27
16 29
16 32
16 35
16 37
16 98
16 302
16 304
16 305
16 308
16 311
16 312
16 317
16 319
16 320
16 321
16 324
16 326
16 331
16 333
16 334
16 336
16 388
16 389
17 18
17 19
17 24
17 29
17 308
17 312
17 318
17 319
17 326
17 331
18 19
18 20
18 24
18 37
18 98
18 302
18 304
18 305
18 308
18 312
18 317
18 319
18 320
18 321
18 324
18 326
18 388
18 389
18 580
19 20
19 24
19 25
19 27
19 29
19 30
19 32
19 35
19 37
19 94
19 98
19 302
19 304
19 305
19 308
19 311
19 312
19 317
19 319
19 320
19 321
19 324
19 326
19 329
19 331
19 333
19 334
19 336
19 388
20 21
20 24
20 27
20 29
20 32
20 35
20 37
20 38
20 93
20 94
20 98
20 107
20 301
20 302
20 303
20 304
20 305
20 308
20 311
20 317
20 319
20 320
20 321
20 324
20 326
20 328
20 329
20 331
20 333
20 334
20 335
20 336
20 388
20 389
20 393
20 394
20 580
21 23
21 26
21 27
21 29
21 30
21 32
21 35
21 36
21 38
21 93
21 94
21 105
21 107
21 108
21 204
21 301
21 302
21 320
21 321
21 328
21 329
21 333
21 335
21 336
21 388
21 389
21 393
21 394
22 23
22 25
22 28
22 30
22 31
22 33
22 36
22 301
22 302
22 303
22 305
22 320
22 322
22 323
22 325
22 327
22 328
22 329
22 332
22 335
22 386
23 25
23 26
23 27
23 28
23 30
23 32
23 33
23 35
23 36
23 301
23 302
23 305
23 320
23 321
23 322
23 323
23 325
23 328
23 329
23 332
23 333
23 334
23 335
23 336
23 386
24 27
24 29
24 32
24 35
24 37
24 98
24 304
24 308
24 311
24 312
24 317
24 319
24 320
24 321
24 324
24 326
24 331
24 334
24 388
25 28
25 30
25 35
25 302
25 305
25 320
25 322
25 325
25 328
25 329
25 334
25 335
26 35
26 328
26 333
26 336
27 29
27 30
27 32
27 35
27 37
27 98
27 122
27 302
27 304
27 305
27 317
27 319
27 320
27 321
27 324
27 326
27 329
27 331
27 333
27 334
27 336
27 388
28 30
28 31
28 33
28 34
28 36
28 284
28 323
28 325
28 327
28 332
28 335
28 386
29 32
29 35
29 98
29 304
29 308
29 312
29 319
29 320
29 321
29 324
29 326
29 331
29 336
30 32
30 35
30 36
30 37
30 302
30 305
30 319
30 320
30 321
30 322
30 323
30 324
30 325
30 328
30 329
30 332
30 333
30 334
30 335
30 336
31 33
31 34
31 36
31 323
31 327
31 332
31 386
32 35
32 37
32 38
32 98
32 302
32 304
32 308
32 311
32 312
32 317
32 319
32 320
32 321
32 324
32 326
32 328
32 329
32 331
32 333
32 334
32 335
32 336
32 388
33 34
33 36
33 327
33 332
34 36
34 332
35 36
35 37
35 38
35 93
35 94
35 98
35 302
35 304
35 305
35 311
35 317
35 319
35 320
35 322
35 323
35 324
35 325
35 328
35 329
35 331
35 333
35 334
35 335
35 336
35 388
36 301
36 302
36 322
36 323
36 328
36 329
36 332
36 335
36 336
36 386
37 38
37 94
37 98
37 302
37 311
37 317
37 319
37 320
37 334
37 335
37 336
37 388
38 120
38 336
38 389
38 393
38 397
38 400
38 529
38 530
38 579
39 46
39 88
39 115
39 337
39 405
39 409
40 440
41 43
41 45
41 140
41 150
41 338
41 339
41 425
41 444
41 446
41 448
42 45
42 46
42 115
42 116
42 337
42 340
43 56
43 90
43 150
43 338
43 339
43 348
43 425
43 441
43 444
43 446
43 448
44 50
44 53
44 56
44 60
44 341
44 345
44 356
44 444
45 46
45 47
45 54
45 338
45 342
45 344
45 346
46 47
46 48
46 54
46 340
46 342
46 344
46 346
47 54
47 116
47 117
47 344
47 410
48 54
48 342
48 346
49 149
49 150
49 152
49 341
49 418
49 448
50 56
50 121
50 147
50 149
50 441
50 444
50 445
51 360
52 57
52 124
53 55
53 56
53 60
53 64
53 118
53 121
53 147
53 341
53 348
53 350
53 410
53 412
53 413
53 447
54 344
54 354
55 56
55 60
55 64
55 65
55 118
55 121
55 149
55 348
55 412
55 413
55 418
56 58
56 60
56 149
56 341
56 345
56 348
56 350
56 353
56 410
56 416
56 444
56 445
56 447
57 65
57 124
58 353
58 354
58 356
58 358
59 356
60 64
60 121
60 341
60 345
60 348
60 357
60 412
60 447
61 353
61 354
62 66
62 67
62 352
63 345
64 118
64 121
64 147
64 412
64 413
65 124
65 357
66 67
66 363
67 363
68 69
68 70
68 71
68 76
68 79
68 83
68 127
68 129
68 132
68 134
68 135
68 140
68 142
68 144
68 339
68 364
68 365
68 370
68 372
68 375
68 376
68 402
68 421
68 422
68 423
68 424
68 429
68 434
68 435
68 438
68 439
68 444
68 473
68 504
68 599
69 70
69 71
69 72
69 76
69 77
69 79
69 82
69 127
69 129
69 134
69 144
69 205
69 339
69 364
69 365
69 368
69 370
69 372
69 376
69 421
69 438
69 439
69 444
69 591
69 593
69 598
70 71
70 72
70 74
70 76
70 77
70 82
70 127
70 135
70 365
70 366
70 368
70 370
70 372
70 421
70 426
70 429
70 591
70 592
70 593
70 598
71 72
71 76
71 77
71 82
71 127
71 142
71 144
71 294
71 365
71 368
71 370
71 420
71 444
71 591
71 593
71 596
71 598
72 74
72 76
72 77
72 82
72 127
72 144
72 294
72 298
72 365
72 366
72 368
72 370
72 372
72 591
72 593
72 596
72 598
73 81
73 84
73 367
73 374
73 377
74 77
74 78
74 366
74 368
74 369
74 372
76 77
76 127
76 142
76 144
76 298
76 365
76 368
76 370
76 372
76 420
76 427
76 438
76 565
76 591
76 592
76 593
76 594
76 596
76 597
76 598
76 599
77 127
77 298
77 365
77 368
77 370
77 372
77 427
77 565
77 591
77 592
77 593
77 594
77 596
77 597
77 598
78 372
79 364
79 365
79 373
79 375
79 376
79 421
80 81
80 84
81 84
81 85
81 87
81 374
81 377
82 341
82 370
82 372
83 129
83 130
83 131
83 134
83 140
83 190
83 201
83 376
83 403
83 415
83 420
83 422
83 424
83 435
83 459
83 503
83 504
84 86
84 87
84 374
84 377
84 380
85 87
85 376
86 87
86 377
86 380
87 374
87 377
87 380
88 113
88 130
88 405
88 406
88 409
89 91
89 381
90 122
90 151
92 95
92 104
92 187
92 191
92 192
92 198
92 204
92 384
92 390
92 408
93 94
93 108
93 301
93 302
93 303
93 304
93 317
93 335
93 336
93 385
93 388
93 394
94 97
94 98
94 301
94 302
94 303
94 304
94 311
94 317
94 320
94 321
94 329
94 335
94 336
94 385
94 386
94 388
95 96
95 103
95 105
95 107
95 109
95 113
95 114
95 117
95 191
95 194
95 204
95 384
95 396
95 408
95 487
97 386
98 302
98 304
98 305
98 308
98 311
98 312
98 317
98 319
98 320
98 321
98 324
98 326
98 331
98 388
98 389
98 580
99 225
99 299
100 101
100 106
100 119
100 221
100 397
100 399
101 103
101 104
101 105
101 106
101 107
101 109
101 188
101 191
101 193
101 194
101 195
101 221
101 390
101 391
101 395
101 397
102 103
102 106
102 188
102 223
103 104
103 105
103 106
103 109
103 114
103 187
103 188
103 191
103 192
103 193
103 194
103 195
103 221
103 383
103 384
103 390
103 391
103 395
104 105
104 106
104 109
104 187
104 188
104 191
104 192
104 193
104 194
104 195
104 201
104 221
104 384
104 390
104 391
104 395
105 106
105 107
105 109
105 119
105 120
105 194
105 195
105 204
105 390
105 394
105 395
105 397
105 487
106 109
106 188
106 191
106 192
106 193
106 194
106 195
106 221
106 223
106 390
106 391
106 395
106 397
106 399
106 530
107 108
107 123
107 184
107 204
107 394
107 487
108 110
108 204
108 328
109 111
109 114
109 117
109 188
109 191
109 192
109 193
109 194
111 191
111 194
112 114
112 129
112 130
112 131
112 188
112 190
112 191
112 193
112 396
112 402
112 404
112 408
112 423
112 438
112 451
112 461
112 490
112 491
112 492
112 496
112 501
112 503
113 114
113 115
113 117
113 406
113 407
113 409
114 130
114 131
114 188
114 191
114 193
114 194
114 384
114 396
114 404
114 406
114 408
114 417
114 419
114 451
114 491
114 492
114 496
114 530
115 116
115 117
115 406
115 407
115 409
115 410
116 117
116 406
116 407
116 410
117 118
117 289
117 406
117 407
117 409
117 410
118 348
118 410
118 416
118 534
119 120
119 121
119 123
119 125
119 145
119 147
119 221
119 224
119 225
119 397
119 399
119 401
119 530
119 534
119 579
120 121
120 147
120 394
120 395
120 397
120 398
120 399
120 400
120 401
120 413
120 417
120 487
120 530
120 534
121 147
121 149
121 341
121 401
121 413
121 534
122 151
122 164
122 200
122 202
123 125
123 147
123 416
123 417
123 497
123 534
124 350
124 407
124 418
125 152
125 195
125 224
125 399
125 417
125 497
125 534
126 434
126 504
127 142
127 298
127 365
127 368
127 370
127 372
127 427
127 438
127 591
127 593
127 594
127 596
127 597
127 598
127 599
128 153
128 260
128 263
128 264
128 266
128 267
128 269
128 272
128 296
128 466
129 130
129 131
129 134
129 142
129 143
129 152
129 364
129 376
129 402
129 404
129 415
129 419
129 421
129 422
129 423
129 424
129 434
129 435
129 438
129 439
129 451
129 501
129 504
129 594
130 154
130 188
130 198
130 201
130 403
130 406
130 408
130 461
130 492
130 503
131 142
131 154
131 188
131 190
131 191
131 193
131 201
131 227
131 424
131 451
131 459
131 594
131 596
132 162
132 364
132 421
132 426
132 428
132 429
132 439
132 443
132 452
133 135
133 429
134 136
134 137
134 140
134 152
134 339
134 364
134 376
134 403
134 421
134 422
134 423
134 424
134 425
134 428
134 430
134 434
134 435
134 437
134 438
134 448
134 454
134 456
134 473
134 504
135 365
135 368
135 372
135 376
135 429
135 473
136 140
136 148
136 155
136 159
136 339
136 425
136 428
136 434
136 437
136 442
136 446
136 448
136 449
136 452
136 454
136 456
136 458
137 376
137 405
138 315
139 436
140 150
140 152
140 338
140 339
140 364
140 422
140 425
140 430
140 434
140 435
140 437
140 446
140 448
140 449
140 454
140 456
140 504
141 446
142 144
142 438
142 444
142 596
143 145
143 146
143 439
143 443
143 534
144 370
144 372
144 438
144 439
144 444
144 598
145 146
145 148
145 425
145 443
145 449
145 534
146 149
146 162
146 421
146 439
146 443
146 444
146 452
146 534
147 149
147 399
147 401
147 417
147 534
148 150
148 155
148 428
148 431
148 437
148 442
148 449
148 453
148 464
148 543
149 150
149 152
149 341
149 416
149 417
149 418
149 421
149 425
149 430
149 431
149 437
149 440
149 444
149 448
150 338
150 339
150 416
150 425
150 430
150 434
150 437
150 446
150 448
150 449
151 160
151 164
151 199
151 200
151 272
152 339
152 417
152 421
152 448
152 534
153 199
153 261
153 263
153 264
153 269
153 271
153 272
153 296
154 167
154 190
155 218
155 431
155 437
155 442
155 449
155 452
155 453
155 454
155 458
155 464
155 467
155 543
156 218
156 251
157 189
157 206
157 208
157 209
157 217
157 231
157 234
157 265
157 273
157 508
157 512
157 541
158 219
158 428
158 455
158 456
158 465
159 428
159 446
159 455
159 456
160 164
161 466
162 443
162 452
162 462
162 599
163 253
163 254
163 267
163 464
163 543
164 442
165 176
166 177
168 170
168 172
168 230
168 236
168 239
168 248
168 250
168 256
168 268
168 295
168 475
168 476
168 478
168 522
168 547
168 556
168 557
168 558
169 173
170 180
170 230
170 236
170 239
170 241
170 244
170 247
170 288
170 475
170 478
170 522
170 547
170 556
170 557
171 474
172 248
172 250
172 475
172 478
172 556
172 557
172 558
173 477
173 479
174 223
175 176
176 183
176 209
176 229
176 230
176 234
176 244
176 245
176 250
176 252
176 256
176 259
176 265
176 268
176 278
176 542
176 567
176 573
178 183
178 232
178 243
178 255
178 258
178 261
178 263
178 264
178 265
178 269
178 270
178 271
178 277
178 544
178 566
178 574
179 247
180 484
182 229
182 230
182 234
182 239
182 256
183 250
183 252
183 255
183 258
183 261
183 263
183 265
183 269
183 270
183 271
183 277
183 488
183 566
183 573
185 486
185 488
186 426
187 191
187 192
187 198
187 384
188 190
188 191
188 192
188 193
188 194
188 198
188 391
189 197
189 206
189 207
189 209
189 211
189 213
189 215
189 216
189 229
189 230
189 231
189 234
189 236
189 239
189 241
189 244
189 247
189 259
189 268
189 273
189 489
189 509
189 511
189 519
189 526
189 540
189 542
189 551
190 193
190 210
190 494
190 514
191 192
191 193
191 194
191 198
191 391
192 193
192 194
192 198
192 203
192 211
192 384
192 390
192 391
193 194
193 195
193 221
193 227
193 390
193 391
193 395
193 496
194 195
194 384
194 390
194 395
194 408
195 497
196 218
197 206
197 207
197 209
197 211
197 214
197 215
197 216
197 244
197 247
197 259
197 273
197 280
197 519
198 201
198 203
198 470
198 499
199 200
199 272
199 279
199 296
200 260
200 272
201 204
201 459
201 503
201 504
203 215
206 207
206 209
206 211
206 216
206 229
206 230
206 234
206 239
206 244
206 247
206 256
206 259
206 268
206 273
206 485
206 507
206 509
206 511
206 524
206 542
207 216
207 244
207 276
207 509
207 524
208 209
208 217
208 231
208 232
208 265
208 266
208 508
208 512
208 513
208 521
208 538
208 541
208 542
208 573
209 212
209 213
209 217
209 230
209 231
209 234
209 239
209 244
209 256
209 259
209 265
209 268
209 273
209 512
209 519
209 542
210 212
211 212
211 215
211 241
211 244
211 259
211 273
211 489
211 519
211 537
212 213
212 215
212 241
213 234
214 215
214 273
214 274
214 280
215 273
216 229
216 230
216 234
216 239
216 244
216 247
216 256
216 259
216 268
216 273
216 278
216 485
216 507
216 511
216 524
217 229
217 231
217 232
217 234
217 265
217 273
217 508
218 251
220 221
220 224
220 226
220 227
220 235
220 287
220 397
220 529
220 530
220 533
220 535
220 553
220 579
221 223
221 226
221 227
221 235
221 392
221 397
221 399
221 530
221 532
221 533
221 535
221 579
222 239
222 240
222 245
222 553
222 554
224 397
225 262
226 227
226 235
226 530
226 533
226 535
226 536
227 235
227 496
227 530
227 533
227 535
227 536
228 229
228 232
228 234
228 238
228 239
228 240
228 243
228 245
228 246
228 252
228 255
228 256
228 258
228 259
228 263
228 265
228 269
228 271
228 278
228 566
229 230
229 231
229 232
229 234
229 238
229 239
229 244
229 245
229 247
229 248
229 250
229 252
229 255
229 256
229 258
229 259
229 265
229 268
229 269
229 271
229 273
229 278
229 507
229 511
229 538
229 542
229 550
229 557
229 567
229 573
230 231
230 234
230 239
230 244
230 245
230 247
230 248
230 250
230 252
230 256
230 259
230 265
230 268
230 273
230 278
230 485
230 507
230 511
230 518
230 522
230 524
230 538
230 542
230 557
230 558
230 567
230 570
230 573
231 232
231 234
231 250
231 256
231 259
231 265
231 266
231 270
231 271
231 273
231 508
231 511
231 512
231 538
231 541
231 542
231 567
231 573
232 234
232 243
232 250
232 252
232 258
232 263
232 265
232 266
232 269
232 270
232 271
232 277
232 281
232 538
232 544
232 566
232 573
232 574
233 234
234 239
234 244
234 247
234 248
234 250
234 252
234 256
234 259
234 265
234 268
234 271
234 273
234 274
234 278
234 507
234 511
234 538
234 542
234 567
234 573
236 238
236 239
236 241
236 244
236 247
236 248
236 273
236 285
236 286
236 295
236 547
236 551
236 556
237 238
237 240
237 549
237 554
238 239
238 240
238 245
238 247
238 248
238 250
238 252
238 479
238 549
238 554
239 240
239 241
239 244
239 245
239 247
239 250
239 252
239 256
239 259
239 265
239 268
239 273
239 295
239 556
239 557
239 567
240 243
240 245
240 549
240 553
240 554
241 244
241 551
242 295
243 263
243 265
243 266
243 269
243 270
243 271
243 277
243 554
244 245
244 247
244 256
244 259
244 268
244 273
244 295
244 489
244 509
244 511
244 551
244 556
245 250
245 252
245 256
245 258
245 265
245 269
245 271
245 278
245 566
245 567
247 248
247 252
247 256
247 259
247 268
247 273
247 286
247 288
247 556
248 250
248 252
248 256
248 268
248 475
248 476
248 478
248 511
248 522
248 538
248 542
248 556
248 557
248 558
248 560
248 561
248 567
248 570
248 572
248 573
249 352
250 252
250 256
250 258
250 265
250 266
250 268
250 478
250 488
250 511
250 538
250 542
250 556
250 557
250 558
250 560
250 561
250 566
250 567
250 570
250 572
250 573
250 577
252 256
252 258
252 259
252 265
252 266
252 268
252 269
252 270
252 271
252 278
252 507
252 511
252 538
252 542
252 550
252 557
252 558
252 560
252 566
252 567
252 570
252 572
252 573
252 577
253 463
253 464
254 463
254 544
255 256
255 258
255 261
255 263
255 265
255 269
255 271
255 278
255 566
256 259
256 265
256 268
256 273
256 485
256 507
256 511
256 518
256 538
256 542
256 557
256 558
256 567
256 570
256 572
256 573
257 260
258 261
258 263
258 265
258 269
258 270
258 271
258 293
258 566
258 573
259 265
259 268
259 273
259 274
259 278
259 559
260 261
260 263
260 264
260 267
260 272
260 275
260 277
261 263
261 264
261 269
261 271
261 272
261 277
261 278
261 281
261 296
261 566
263 264
263 265
263 266
263 269
263 270
263 271
263 272
263 274
263 277
263 278
263 281
263 296
263 566
264 266
264 267
264 269
264 271
264 272
264 277
264 296
264 574
265 266
265 268
265 269
265 270
265 271
265 273
265 274
265 277
265 278
265 508
265 511
265 525
265 538
265 541
265 542
265 566
265 567
265 573
265 574
265 577
266 267
266 269
266 270
266 271
266 277
266 538
266 541
266 544
266 566
266 571
266 572
266 573
266 574
267 269
267 270
267 271
267 272
267 275
267 277
267 466
267 468
267 543
267 544
267 571
267 574
268 273
268 278
268 478
268 485
268 507
268 511
268 518
268 522
268 524
268 528
268 538
268 542
268 557
268 558
268 567
268 570
268 572
268 573
268 577
269 270
269 271
269 272
269 277
269 278
269 281
269 296
269 544
269 566
269 573
269 574
270 271
270 277
270 278
270 281
270 508
270 528
270 544
270 566
270 573
270 574
271 272
271 274
271 277
271 278
271 281
271 296
271 573
271 574
272 296
273 274
273 278
274 278
274 281
275 277
275 466
275 544
275 574
275 575
277 281
277 544
277 566
277 573
277 574
278 281
278 296
279 281
279 296
281 296
282 287
282 290
283 581
284 327
285 286
285 583
286 547
286 556
287 546
287 553
287 583
287 584
292 393
292 394
294 593
295 475
295 556
296 297
297 300
298 300
298 427
301 302
301 303
301 304
301 305
301 317
301 320
301 321
301 324
301 328
301 329
301 335
301 386
301 388
301 393
302 303
302 304
302 305
302 317
302 319
302 320
302 321
302 322
302 323
302 324
302 328
302 329
302 333
302 334
302 335
302 336
302 388
303 304
303 305
303 317
303 321
303 324
303 335
303 386
303 388
304 305
304 308
304 311
304 317
304 319
304 320
304 321
304 322
304 324
304 326
304 329
304 331
304 388
305 317
305 319
305 320
305 321
305 322
305 324
305 329
305 333
305 334
305 335
305 388
306 308
306 309
307 311
308 309
308 311
308 312
308 317
308 319
308 320
308 324
308 326
308 331
308 388
309 310
309 312
309 313
310 315
311 312
311 315
311 317
311 319
311 388
312 319
312 324
312 326
312 331
314 316
317 319
317 320
317 321
317 324
317 326
317 331
317 333
317 334
317 388
317 389
317 580
318 319
319 320
319 321
319 322
319 324
319 326
319 329
319 331
319 333
319 334
319 388
320 321
320 322
320 323
320 324
320 325
320 328
320 329
320 331
320 333
320 334
320 335
320 336
320 388
321 322
321 324
321 326
321 328
321 329
321 335
321 336
321 388
321 389
321 393
321 394
322 323
322 324
322 325
322 328
322 329
322 332
322 333
322 334
322 335
322 336
322 393
323 325
323 327
323 328
323 329
323 332
323 335
323 336
323 386
324 326
324 329
324 331
324 333
324 334
324 388
325 327
325 328
325 329
325 332
325 334
325 335
325 336
325 587
326 331
326 388
327 330
327 332
327 335
328 329
328 332
328 333
328 334
328 335
328 336
328 393
329 332
329 333
329 334
329 335
329 336
329 386
329 393
331 333
331 334
331 336
332 335
332 386
333 334
333 335
333 336
334 335
334 336
334 388
335 336
335 386
335 393
336 389
336 393
336 394
337 340
337 342
337 343
338 339
338 425
338 436
338 446
338 448
338 504
339 364
339 415
339 420
339 421
339 422
339 423
339 424
339 425
339 428
339 434
339 441
339 446
339 448
339 504
340 342
340 343
340 346
340 347
340 407
341 345
341 350
341 356
341 372
341 439
341 444
341 445
342 343
342 346
343 346
344 346
344 410
345 353
345 356
345 358
346 349
348 350
348 398
348 410
348 412
348 413
348 416
348 444
348 445
348 447
350 357
350 396
350 407
350 408
350 409
350 410
350 413
350 416
350 417
350 418
350 419
351 362
352 360
352 362
352 363
353 354
353 358
353 359
354 355
354 358
356 358
358 362
360 362
360 363
361 391
362 363
364 365
364 370
364 373
364 376
364 419
364 421
364 422
364 423
364 424
364 429
364 434
364 435
364 438
364 439
364 469
364 473
364 504
365 366
365 368
365 370
365 372
365 376
365 421
365 429
365 473
365 591
365 593
365 598
366 368
366 372
366 593
367 371
368 370
368 372
368 593
368 598
370 372
370 591
370 593
370 594
370 596
370 597
370 598
372 421
372 444
372 593
374 377
374 433
375 376
375 410
376 403
376 405
376 422
376 429
376 434
376 435
376 492
376 504
377 378
377 380
378 379
380 381
382 448
383 384
383 395
383 408
384 390
384 391
384 395
384 396
384 408
384 491
384 496
385 394
387 595
388 389
388 580
389 393
389 394
389 487
389 580
390 391
390 395
390 397
390 408
391 395
391 489
391 495
392 395
392 397
392 399
392 530
392 533
392 535
392 579
393 394
393 529
394 398
394 404
394 408
394 417
394 419
394 487
394 530
395 396
395 397
395 399
395 401
395 408
395 411
395 487
395 496
395 530
395 533
395 535
395 536
396 404
396 408
396 411
396 413
396 417
396 419
396 491
396 492
396 496
396 530
396 536
397 399
397 401
397 530
397 533
397 534
397 535
397 579
398 400
398 401
398 413
398 417
399 401
399 404
399 417
399 530
399 533
399 534
399 535
399 579
400 401
401 411
401 412
401 413
401 414
401 530
402 459
402 499
402 503
402 505
402 565
402 594
402 596
403 422
403 423
403 434
403 435
403 451
403 490
403 492
403 501
403 504
404 408
404 411
404 417
404 419
404 422
404 423
404 451
404 490
404 491
404 492
404 496
404 530
405 436
406 407
406 408
406 409
406 410
406 492
407 409
407 410
407 492
408 411
408 417
408 419
408 491
408 492
408 496
408 504
408 530
409 410
410 416
410 419
411 413
411 414
411 490
411 491
411 492
411 496
411 530
412 413
412 414
412 445
413 414
415 420
415 424
415 454
415 500
415 599
415 600
416 417
416 418
416 425
417 418
417 419
417 423
417 425
417 451
417 491
417 492
417 497
417 504
417 530
417 534
419 422
419 423
419 425
419 434
419 491
419 492
419 503
419 504
420 424
420 428
420 450
420 500
420 502
420 589
420 592
420 594
420 596
420 597
420 599
421 422
421 423
421 424
421 429
421 434
421 438
421 439
421 441
421 444
421 452
421 504
421 599
422 423
422 424
422 434
422 435
422 451
422 490
422 492
422 501
422 504
423 424
423 434
423 435
423 438
423 451
423 490
423 491
423 492
423 496
423 501
423 504
423 530
424 434
424 435
424 438
424 450
424 451
424 452
424 454
424 456
424 459
424 461
424 500
424 504
424 594
424 599
424 600
425 430
425 434
425 437
425 444
425 446
425 448
425 454
426 592
427 592
427 593
427 596
427 597
427 598
428 430
428 432
428 434
428 435
428 437
428 442
428 446
428 449
428 452
428 453
428 455
428 456
428 458
428 460
428 464
428 465
429 473
430 431
430 434
430 437
430 446
430 448
430 449
430 454
431 437
431 442
431 449
432 455
432 456
432 458
432 465
434 435
434 437
434 448
434 456
434 504
435 451
435 456
435 460
435 461
435 490
435 492
435 501
435 504
437 442
437 446
437 448
437 449
437 452
437 454
437 456
437 458
437 464
438 444
438 504
439 443
439 444
439 445
439 534
440 444
440 448
442 446
442 449
442 453
442 454
442 456
442 458
442 464
442 465
442 466
442 543
443 452
443 534
443 545
444 445
444 534
445 447
445 534
446 448
446 456
448 449
449 452
449 453
449 454
449 458
449 464
449 467
449 543
450 500
450 502
450 510
450 592
450 600
451 461
451 490
451 491
451 496
451 501
451 530
452 453
452 454
452 456
452 458
452 460
452 462
452 464
452 510
452 543
452 562
453 454
453 456
453 458
453 464
453 467
453 468
453 474
453 510
453 543
453 562
453 600
454 456
454 474
455 456
455 465
455 514
456 458
456 465
457 516
457 578
458 464
458 465
458 466
458 543
459 499
459 500
459 503
459 504
459 594
460 490
460 494
460 498
460 501
460 514
460 527
461 490
461 491
461 492
461 494
461 496
461 501
461 514
462 464
463 521
463 561
463 575
464 465
464 467
464 543
465 543
467 498
467 515
467 545
468 510
468 543
468 571
471 523
472 476
474 562
475 476
475 478
475 509
475 522
475 547
475 556
475 557
475 558
476 479
476 482
476 556
477 523
478 485
478 522
478 547
478 556
478 557
478 558
478 570
479 488
479 549
479 566
479 572
480 483
480 578
481 567
485 507
485 509
485 511
485 513
485 518
485 522
485 524
485 542
485 557
485 567
485 570
487 530
487 586
488 560
488 566
488 573
489 495
489 509
489 519
489 520
489 526
489 540
489 547
489 551
489 581
490 491
490 492
490 494
490 496
490 501
490 514
491 492
491 496
491 530
492 496
492 501
492 504
493 511
493 513
493 517
493 518
493 524
493 542
494 495
494 496
494 498
494 501
494 514
495 505
496 501
496 530
496 533
496 536
497 498
498 514
499 503
499 506
500 502
500 592
500 594
500 596
500 597
500 600
501 514
502 592
502 594
502 596
502 597
502 600
503 504
503 505
507 511
507 518
507 524
507 542
507 567
507 570
508 511
508 512
508 518
508 525
508 538
508 541
508 542
508 569
508 570
508 573
508 574
508 577
509 519
509 520
509 522
509 551
509 552
509 556
509 557
510 527
510 543
510 600
511 518
511 522
511 524
511 525
511 538
511 542
511 557
511 558
511 560
511 567
511 570
511 573
511 577
512 513
512 517
512 518
512 525
512 528
512 541
512 542
512 569
512 570
512 577
513 518
513 521
513 525
513 542
515 545
515 562
516 517
516 519
516 526
516 541
516 569
516 577
516 578
517 518
517 519
517 528
517 570
517 577
518 524
518 525
518 528
518 542
518 557
518 558
518 560
518 567
518 569
518 570
518 572
518 573
518 577
519 521
519 526
519 540
519 552
519 578
521 538
521 540
521 541
521 542
521 570
521 573
521 581
522 556
522 557
522 558
522 570
525 538
525 541
525 542
525 567
525 573
526 540
528 569
528 570
528 573
528 574
528 577
529 584
530 533
530 534
530 535
530 536
530 579
531 539
531 548
531 553
531 555
532 533
532 553
533 535
533 536
533 553
534 579
535 536
535 553
538 541
538 542
538 558
538 560
538 566
538 567
538 570
538 572
538 573
538 577
539 555
539 599
539 600
540 542
540 547
540 549
540 551
540 556
540 581
541 542
541 566
541 570
541 573
541 574
541 577
542 557
542 558
542 560
542 567
542 570
542 572
542 573
542 577
543 562
544 560
544 571
544 573
544 574
544 575
545 562
547 549
547 551
547 556
547 557
548 554
548 555
549 554
549 556
551 552
552 565
553 554
553 555
556 557
556 558
556 568
556 588
557 558
557 560
557 561
557 567
557 570
557 572
557 573
558 560
558 561
558 563
558 567
558 570
558 572
558 573
558 577
560 561
560 566
560 567
560 570
560 572
560 573
560 575
560 577
561 570
561 573
561 575
564 588
564 590
565 592
565 593
565 594
565 596
565 597
565 598
566 567
566 572
566 573
567 570
567 572
567 573
567 577
569 570
569 572
569 573
569 577
570 572
570 573
570 577
571 574
571 576
572 573
572 577
573 574
573 577
575 576
576 577
577 578
582 583
583 584
585 587
591 593
591 598
592 593
592 594
592 596
592 597
592 598
592 599
592 600
593 594
593 596
593 598
594 596
594 597
594 598
594 599
594 600
595 599
596 597
596 598
596 599
596 600
597 598
597 599
597 600
599 600
