600 3597

1 2
1 4
1 5
1 23
1 94
1 305
2 3
2 4
2 5
2 16
2 21
2 33
2 93
2 94
2 95
2 103
2 108
2 110
2 301
2 304
2 305
2 321
2 395
2 399
3 5
3 6
3 12
3 16
3 93
4 5
4 21
4 22
4 23
4 32
4 35
4 37
4 291
4 328
4 333
5 16
5 19
5 20
5 21
5 23
5 24
5 30
5 32
5 33
5 35
5 37
5 75
5 93
5 94
5 95
5 103
5 108
5 324
5 328
5 333
5 335
5 395
6 16
6 68
6 338
7 306
8 9
8 11
8 12
8 546
10 309
11 12
11 19
11 93
11 94
11 317
12 37
12 93
12 94
12 184
12 310
12 317
13 313
14 29
14 312
14 326
14 331
15 17
16 21
16 93
16 94
16 95
17 19
18 20
18 98
18 100
18 313
18 317
18 388
18 389
18 580
19 37
19 93
19 291
19 320
19 328
20 93
20 98
20 100
20 101
20 103
20 104
20 106
20 110
20 290
20 304
20 317
20 321
20 388
20 389
20 390
20 391
20 395
20 580
21 35
21 37
21 93
21 94
21 95
21 103
21 108
21 324
21 333
21 335
21 336
21 391
21 393
21 395
22 23
22 28
22 31
22 35
22 36
22 37
22 333
23 24
23 27
23 28
23 30
23 31
23 32
23 33
23 35
23 36
23 37
23 108
23 324
23 328
23 329
23 332
23 333
23 334
23 335
24 27
24 29
24 30
24 33
24 35
24 334
25 102
25 266
25 285
25 286
25 582
25 583
26 32
26 328
27 30
27 35
27 328
27 329
27 333
28 30
28 31
28 32
28 33
28 34
28 35
28 36
28 37
28 327
28 328
28 329
28 330
28 332
28 333
28 335
29 30
29 312
29 321
29 322
29 326
29 327
29 329
29 331
30 31
30 32
30 33
30 35
30 37
30 108
30 290
30 327
30 328
30 329
30 333
30 334
30 335
31 32
31 33
31 34
31 35
31 36
31 37
31 107
31 108
31 110
31 327
31 328
31 329
31 330
31 332
31 333
31 335
31 395
32 35
32 37
32 328
32 329
32 332
32 333
32 334
33 34
33 35
33 36
33 37
33 38
33 93
33 95
33 108
33 110
33 327
33 330
33 332
33 333
33 335
33 395
34 184
34 287
34 302
34 322
34 330
34 332
34 584
34 586
35 36
35 37
35 38
35 95
35 328
35 329
35 332
35 333
35 334
35 335
36 37
36 38
36 95
36 287
36 332
36 333
36 335
36 339
36 530
37 94
37 95
37 291
37 320
37 328
37 332
37 333
37 334
37 335
37 336
38 220
38 221
38 335
38 530
39 41
39 42
39 43
39 45
39 46
39 47
39 48
39 53
39 54
39 55
39 56
39 72
39 73
39 77
39 79
39 82
39 88
39 89
39 91
39 113
39 115
39 116
39 117
39 118
39 142
39 337
39 338
39 340
39 342
39 344
39 346
39 348
39 353
39 367
39 371
39 373
39 375
39 380
39 382
39 396
39 405
39 406
39 407
39 409
39 410
40 44
40 58
40 80
40 83
40 130
40 341
40 371
40 438
40 440
41 42
41 43
41 45
41 46
41 47
41 48
41 54
41 55
41 56
41 73
41 79
41 82
41 88
41 89
41 91
41 113
41 115
41 116
41 117
41 118
41 140
41 142
41 337
41 338
41 340
41 342
41 343
41 344
41 346
41 348
41 353
41 367
41 371
41 373
41 375
41 380
41 382
41 396
41 405
41 406
41 407
41 409
41 410
41 434
42 45
42 46
42 47
42 48
42 54
42 56
42 78
42 89
42 113
42 115
42 116
42 117
42 118
42 337
42 338
42 340
42 342
42 344
42 346
42 405
42 406
42 407
42 409
42 410
43 46
43 47
43 48
43 54
43 55
43 68
43 74
43 75
43 76
43 77
43 82
43 91
43 115
43 117
43 118
43 130
43 142
43 337
43 338
43 339
43 342
43 343
43 344
43 350
43 357
43 371
43 380
43 382
43 396
43 421
43 422
43 434
43 439
43 443
43 446
43 461
43 534
44 50
44 51
44 55
44 58
44 60
44 61
44 64
44 66
44 80
44 82
44 83
44 130
44 134
44 140
44 144
44 149
44 341
44 347
44 348
44 349
44 354
44 355
44 356
44 367
44 371
44 372
44 375
44 396
44 422
44 430
44 434
44 436
44 438
44 439
44 440
44 444
45 46
45 47
45 48
45 54
45 56
45 113
45 115
45 116
45 117
45 337
45 338
45 340
45 342
45 344
45 346
45 406
45 407
45 409
46 47
46 48
46 54
46 89
46 91
46 113
46 115
46 116
46 117
46 118
46 175
46 337
46 338
46 340
46 342
46 343
46 344
46 346
46 405
46 406
46 407
46 408
46 409
46 410
47 48
47 53
47 54
47 55
47 56
47 88
47 89
47 91
47 113
47 115
47 116
47 117
47 118
47 142
47 337
47 338
47 340
47 342
47 343
47 344
47 346
47 347
47 348
47 349
47 353
47 373
47 382
47 396
47 405
47 406
47 407
47 408
47 409
47 410
47 411
48 53
48 54
48 55
48 56
48 68
48 73
48 77
48 79
48 82
48 88
48 89
48 91
48 113
48 115
48 116
48 117
48 118
48 142
48 337
48 338
48 340
48 342
48 343
48 344
48 346
48 347
48 348
48 349
48 353
48 367
48 371
48 373
48 375
48 381
48 382
48 396
48 405
48 406
48 407
48 408
48 409
48 410
49 90
49 127
49 128
49 149
49 151
49 160
49 161
49 440
49 446
50 51
50 58
50 59
50 60
50 61
50 62
50 64
50 66
50 67
50 80
50 82
50 83
50 144
50 145
50 147
50 149
50 341
50 345
50 372
50 438
51 58
51 59
51 61
51 62
51 63
51 64
51 66
51 67
51 82
51 83
51 145
51 147
51 149
51 341
51 345
51 372
51 440
52 111
52 123
52 157
52 194
53 54
53 55
53 56
53 58
53 60
53 68
53 72
53 77
53 82
53 117
53 118
53 297
53 337
53 340
53 344
53 346
53 348
53 349
53 353
53 354
53 356
53 372
53 373
53 375
53 382
53 396
53 405
53 407
53 409
53 410
53 413
53 438
54 56
54 60
54 79
54 88
54 89
54 91
54 113
54 115
54 116
54 117
54 118
54 142
54 337
54 338
54 340
54 342
54 343
54 344
54 346
54 348
54 349
54 353
54 373
54 382
54 405
54 406
54 407
54 409
54 410
55 82
55 88
55 91
55 113
55 115
55 116
55 117
55 118
55 348
55 356
55 368
55 371
55 372
55 373
55 375
55 396
55 398
55 401
55 405
55 408
55 409
55 410
55 411
55 413
55 438
55 534
56 60
56 88
56 89
56 91
56 115
56 117
56 118
56 337
56 340
56 344
56 346
56 348
56 353
56 373
56 382
56 405
56 407
56 409
56 410
57 65
57 124
58 60
58 61
58 64
58 74
58 82
58 83
58 130
58 134
58 140
58 144
58 341
58 356
58 375
58 396
58 422
58 439
58 440
59 62
59 64
59 66
59 67
59 147
60 61
60 64
60 68
60 79
60 80
60 82
60 83
60 84
60 88
60 118
60 344
60 345
60 348
60 353
60 372
60 373
60 375
60 382
60 396
60 410
60 413
60 429
60 430
60 434
60 438
60 439
60 444
61 64
61 66
61 146
61 345
62 64
62 66
62 67
62 145
62 147
62 345
63 64
63 66
63 128
63 145
63 147
63 149
63 341
63 358
63 436
63 439
63 440
63 445
63 446
63 506
63 534
64 66
64 82
64 83
64 144
64 145
64 147
64 345
64 372
64 375
64 413
66 67
66 145
66 146
66 147
66 149
66 341
66 345
66 362
66 440
68 71
68 73
68 77
68 83
68 85
68 88
68 91
68 118
68 130
68 140
68 142
68 337
68 338
68 340
68 342
68 344
68 348
68 364
68 367
68 372
68 373
68 374
68 376
68 380
68 382
68 396
68 405
68 410
68 422
68 434
68 439
68 491
69 365
70 77
70 79
70 80
70 83
71 72
71 77
71 364
71 365
71 370
71 372
71 434
71 438
72 77
72 82
72 297
72 372
72 438
72 439
73 79
73 85
73 118
73 337
73 338
73 340
73 342
73 344
73 346
73 367
73 373
73 374
73 380
73 382
73 405
73 429
73 434
74 77
74 82
74 83
74 142
74 145
74 225
74 242
74 367
74 439
74 445
74 534
75 142
75 343
76 95
76 127
76 297
77 82
77 83
77 118
77 142
77 297
77 370
77 372
77 373
77 376
77 434
77 438
77 439
77 598
79 80
79 83
79 84
79 85
79 86
79 87
79 88
79 89
79 91
79 118
79 130
79 140
79 242
79 337
79 338
79 340
79 342
79 344
79 373
79 374
79 375
79 376
79 380
79 382
79 405
79 430
79 434
80 83
80 84
80 87
80 130
80 137
80 140
80 205
80 341
80 372
80 374
80 376
80 380
80 422
80 430
80 434
80 436
80 438
80 440
81 85
81 86
81 374
81 381
81 434
82 83
82 118
82 144
82 145
82 225
82 372
82 375
82 396
82 434
82 438
82 439
83 84
83 87
83 118
83 130
83 134
83 140
83 142
83 149
83 242
83 341
83 367
83 372
83 374
83 375
83 376
83 380
83 396
83 422
83 430
83 434
83 435
83 436
83 438
83 439
83 440
84 85
84 86
84 87
84 140
84 344
84 366
84 367
84 374
84 380
84 429
84 430
84 434
84 436
84 484
85 86
85 88
85 89
85 140
85 338
85 340
85 348
85 373
85 374
85 377
85 380
85 381
85 405
85 434
86 88
86 89
86 91
86 118
86 337
86 340
86 344
86 348
86 373
86 374
86 377
86 381
86 405
87 130
87 134
87 140
87 380
87 436
88 89
88 91
88 113
88 115
88 117
88 118
88 337
88 338
88 340
88 342
88 344
88 346
88 348
88 353
88 368
88 372
88 373
88 374
88 375
88 377
88 381
88 382
88 396
88 405
88 406
88 407
88 408
88 409
88 410
88 413
88 444
89 91
89 113
89 115
89 117
89 118
89 337
89 338
89 340
89 342
89 344
89 346
89 348
89 353
89 373
89 374
89 377
89 381
89 382
89 405
89 406
89 407
89 409
89 410
90 127
91 115
91 117
91 118
91 142
91 337
91 338
91 340
91 342
91 343
91 344
91 348
91 373
91 374
91 380
91 381
91 382
91 405
91 406
91 407
91 409
91 410
92 187
93 94
93 95
93 101
93 103
93 106
93 110
93 184
93 301
93 302
93 317
93 322
93 386
93 391
93 392
93 395
94 95
94 301
94 302
94 336
94 391
95 297
96 597
97 98
97 287
97 290
98 100
98 184
98 290
98 291
98 317
98 388
98 389
98 391
98 579
98 580
98 583
99 168
99 170
99 213
99 226
99 228
99 229
99 234
99 235
99 236
99 238
99 239
99 240
99 252
99 255
99 262
99 263
99 264
99 270
99 282
99 298
99 387
99 475
99 476
99 479
99 547
99 556
99 572
99 579
100 102
100 106
100 188
100 223
100 283
100 388
100 389
100 390
100 391
100 489
100 497
100 580
101 103
101 104
101 105
101 106
101 110
101 187
101 189
101 304
101 308
101 321
101 326
101 390
101 391
101 392
101 395
102 106
102 222
102 223
102 282
102 283
102 317
102 581
102 583
103 104
103 106
103 108
103 110
103 308
103 321
103 391
103 392
103 393
103 395
104 105
104 106
104 110
104 123
104 187
104 188
104 189
104 191
104 192
104 193
104 194
104 199
104 200
104 221
104 389
104 390
104 395
104 397
104 489
105 106
105 110
105 112
105 114
105 123
105 126
105 187
105 188
105 189
105 191
105 193
105 194
105 199
105 200
105 202
105 221
105 389
105 390
105 395
105 397
105 489
105 533
106 110
106 187
106 188
106 189
106 221
106 223
106 389
106 390
106 391
106 392
106 395
106 397
106 489
106 580
107 108
107 110
107 332
107 335
107 395
107 481
108 110
108 120
108 329
108 332
108 333
108 335
108 393
108 395
109 191
109 194
109 202
109 212
110 301
110 304
110 332
110 388
110 390
110 391
110 395
110 397
111 123
112 114
112 126
112 141
112 187
112 188
112 191
112 194
112 199
112 379
112 397
112 404
112 417
112 419
112 500
112 533
113 115
113 116
113 117
113 118
113 337
113 340
113 344
113 346
113 347
113 348
113 349
113 353
113 375
113 396
113 405
113 406
113 407
113 408
113 409
113 410
113 411
114 126
114 141
114 187
114 191
114 194
114 199
114 201
114 379
114 417
114 419
114 585
115 116
115 117
115 118
115 337
115 338
115 340
115 342
115 343
115 344
115 346
115 348
115 349
115 353
115 371
115 373
115 382
115 396
115 405
115 406
115 407
115 408
115 409
115 410
116 117
116 118
116 337
116 340
116 342
116 343
116 344
116 348
116 349
116 396
116 405
116 406
116 407
116 408
116 409
116 410
117 118
117 142
117 337
117 338
117 340
117 342
117 343
117 344
117 346
117 347
117 348
117 349
117 353
117 367
117 371
117 373
117 375
117 382
117 396
117 405
117 406
117 407
117 408
117 409
117 410
117 411
117 439
118 142
118 337
118 338
118 340
118 342
118 343
118 344
118 346
118 348
118 349
118 353
118 356
118 368
118 371
118 372
118 373
118 374
118 375
118 380
118 381
118 382
118 396
118 398
118 405
118 406
118 407
118 408
118 409
118 410
118 411
118 413
118 438
119 223
119 399
120 121
120 393
120 399
120 534
121 145
121 147
121 225
121 399
121 401
121 534
122 150
123 157
123 193
123 194
123 379
123 416
124 233
125 153
125 196
125 201
125 218
125 232
126 129
126 130
126 141
126 191
126 194
126 199
126 379
126 417
126 419
126 494
126 496
126 500
127 149
128 136
128 160
128 161
128 164
129 130
129 134
129 141
129 149
129 341
129 350
129 357
129 421
129 422
129 440
130 134
130 140
130 141
130 142
130 144
130 149
130 341
130 350
130 355
130 357
130 367
130 371
130 375
130 380
130 396
130 403
130 422
130 423
130 430
130 434
130 435
130 436
130 439
130 440
131 198
131 199
131 281
131 404
131 424
131 435
131 451
131 500
132 135
133 242
133 420
133 428
133 432
133 462
133 552
134 140
134 141
134 149
134 157
134 162
134 341
134 350
134 357
134 367
134 420
134 421
134 422
134 430
134 431
134 434
134 435
134 436
134 437
134 439
134 440
134 446
134 461
134 515
135 370
136 156
136 160
136 161
136 162
136 277
136 418
136 437
136 446
136 448
136 462
137 430
138 149
138 430
138 431
139 598
140 338
140 340
140 341
140 342
140 344
140 348
140 350
140 357
140 364
140 367
140 371
140 372
140 373
140 374
140 380
140 382
140 396
140 403
140 404
140 421
140 422
140 423
140 429
140 430
140 434
140 435
140 436
140 439
140 440
140 461
140 491
141 157
141 194
141 199
141 251
141 341
141 350
141 357
141 379
141 416
141 435
141 436
141 494
141 496
141 515
142 242
142 338
142 342
142 343
142 370
142 371
142 380
142 382
142 410
142 439
142 461
143 145
143 225
143 244
143 531
145 147
145 225
145 375
145 445
145 534
147 225
148 150
148 163
149 156
149 161
149 162
149 341
149 350
149 357
149 422
149 430
149 431
149 435
149 436
149 439
149 440
149 446
149 515
151 160
151 161
152 160
152 277
153 181
153 196
153 209
153 215
153 217
153 230
153 232
153 269
153 467
154 195
154 197
154 202
154 203
154 209
154 212
154 214
154 215
154 216
154 230
154 501
155 156
155 160
155 164
155 268
155 277
155 448
156 162
156 163
156 233
156 253
156 420
156 437
156 446
156 448
156 462
156 515
156 543
157 251
157 350
157 416
157 515
158 428
159 203
159 215
159 279
160 161
160 277
161 358
161 431
161 446
162 357
162 418
162 437
162 448
162 462
162 515
163 253
163 437
164 448
165 180
166 168
166 255
166 256
166 288
167 594
168 170
168 228
168 247
168 252
168 255
168 256
168 270
168 475
168 476
168 479
169 216
170 228
170 229
170 247
170 255
170 270
170 282
170 387
170 475
170 476
170 479
170 556
170 572
170 579
171 198
171 201
171 280
171 459
171 504
172 478
172 568
172 583
173 278
173 594
174 534
176 311
176 486
177 325
178 256
179 249
179 384
180 566
180 588
182 567
183 257
183 258
183 488
184 289
184 317
184 322
184 487
184 529
185 510
186 293
187 189
187 191
187 201
187 325
187 379
187 390
187 392
188 191
188 221
188 223
188 389
188 390
188 397
188 489
188 580
189 191
189 196
189 197
189 201
189 202
189 204
189 207
189 221
189 280
189 390
189 489
190 209
190 210
190 231
190 499
190 512
191 194
191 197
191 199
191 201
191 202
191 204
191 207
191 212
191 280
191 379
191 390
191 417
191 419
191 489
191 490
191 497
191 500
191 503
191 504
191 514
192 495
193 194
193 221
193 397
194 379
194 390
194 397
194 419
195 197
195 202
195 207
195 209
195 211
195 212
195 214
195 215
195 230
196 232
196 234
196 269
196 283
197 201
197 202
197 204
197 207
197 210
197 211
197 212
197 214
197 215
197 216
197 280
197 459
197 501
197 504
197 509
197 525
198 201
198 280
198 281
198 499
199 200
199 201
199 404
199 417
199 419
199 500
200 204
201 202
201 204
201 207
201 212
201 280
201 419
201 459
201 502
201 504
202 204
202 207
202 210
202 211
202 212
202 214
202 215
202 216
202 280
202 459
202 497
202 504
203 209
203 210
203 214
203 215
203 216
203 219
203 231
203 259
203 265
203 271
203 279
203 501
203 505
204 207
204 280
204 379
206 209
206 216
206 230
206 271
206 501
206 512
206 513
206 516
206 525
207 209
207 210
207 211
207 212
207 214
207 215
207 216
207 230
207 490
207 509
207 514
208 219
208 265
208 273
208 298
208 564
209 210
209 212
209 214
209 215
209 216
209 217
209 219
209 230
209 231
209 232
209 265
209 271
209 295
209 501
209 509
209 512
209 519
210 212
210 214
210 215
210 216
210 231
210 467
210 474
210 490
210 499
210 501
210 505
210 509
210 512
210 513
210 514
210 516
210 525
211 214
212 214
212 215
212 216
212 497
212 514
213 228
213 234
213 282
213 283
213 581
214 215
214 216
214 230
214 241
214 501
214 516
214 525
215 216
215 230
215 231
215 232
215 509
215 512
216 230
216 271
216 280
216 501
216 509
216 516
216 525
217 232
219 227
219 230
219 231
219 259
219 265
219 270
219 271
219 274
219 276
219 278
219 279
219 298
220 237
220 287
220 529
220 530
220 584
221 222
221 223
221 390
221 392
221 397
221 489
221 526
221 530
222 223
222 240
222 283
222 520
222 553
222 581
223 286
223 392
223 397
224 245
225 399
225 445
225 531
225 534
226 228
226 229
226 234
226 235
226 236
226 238
226 247
226 262
226 266
226 282
226 387
226 535
226 556
227 230
227 270
227 460
227 573
228 229
228 234
228 235
228 236
228 238
228 239
228 240
228 247
228 255
228 262
228 263
228 264
228 270
228 282
228 387
228 475
228 476
228 540
228 547
229 234
229 235
229 238
229 239
229 240
229 255
229 262
229 263
229 264
229 270
229 282
229 387
229 472
229 540
229 567
229 572
229 581
230 231
230 269
230 270
230 271
230 498
230 501
230 509
230 525
230 567
230 573
231 259
231 265
231 271
231 279
231 460
231 501
231 505
231 509
231 512
231 517
231 522
231 542
232 269
233 563
234 236
234 238
234 247
234 262
234 266
234 269
234 282
234 556
235 236
235 238
235 240
235 247
235 266
235 282
235 285
235 475
235 546
235 547
236 238
236 247
236 252
236 300
236 475
236 546
236 547
236 560
236 569
236 588
237 240
237 266
237 549
238 239
238 240
238 247
238 252
238 262
238 263
238 282
238 300
238 547
239 240
239 258
239 262
239 263
239 264
239 270
239 274
239 282
239 299
239 300
240 263
240 264
240 266
240 282
240 283
240 553
242 376
242 380
242 430
242 432
242 434
242 435
242 438
242 552
243 245
243 300
246 531
246 554
246 555
247 255
247 266
247 475
247 479
247 546
247 547
247 556
247 560
248 250
248 558
248 560
248 561
250 254
250 275
250 538
250 558
250 560
250 561
250 569
250 570
250 575
251 267
252 258
252 268
252 298
252 300
252 476
252 528
252 547
252 569
252 570
253 254
253 462
253 463
253 466
253 552
255 256
255 258
255 262
255 270
255 387
255 476
255 479
255 567
255 572
255 573
256 263
256 270
256 314
258 264
258 299
258 300
259 265
259 279
259 501
260 261
261 277
262 263
262 270
262 274
262 387
263 264
263 265
263 274
263 298
263 299
264 274
264 282
264 298
264 299
264 300
264 539
265 271
265 273
265 298
265 509
265 541
265 542
266 285
266 286
266 583
268 272
268 276
268 298
269 270
269 283
270 271
270 387
270 476
270 567
270 572
270 573
270 579
271 509
271 512
271 542
271 557
271 573
272 276
272 277
272 278
272 298
273 298
274 298
274 299
276 298
277 296
277 456
277 458
277 466
277 578
278 279
278 477
278 576
278 577
279 522
280 390
280 459
280 489
280 490
280 502
280 504
282 283
282 285
282 475
282 556
282 579
282 581
282 583
283 579
283 581
284 285
284 583
285 286
285 582
285 583
286 287
286 582
286 583
286 584
287 529
287 584
290 291
290 321
290 322
291 328
291 582
291 583
292 587
293 294
293 591
297 596
297 598
298 528
299 300
300 539
301 302
301 303
301 324
301 392
301 395
302 322
302 391
302 395
304 308
304 395
305 323
305 587
306 307
306 309
308 321
308 326
309 313
312 321
312 326
312 331
313 579
315 317
316 518
317 321
317 322
317 386
317 388
317 391
317 580
318 319
318 334
319 320
320 334
321 322
321 326
321 391
321 395
322 323
322 391
322 395
326 331
327 328
327 329
327 330
327 332
327 333
327 335
327 395
328 329
328 330
328 332
328 333
328 335
329 330
329 332
329 333
329 335
329 339
329 446
330 332
330 333
330 335
332 333
332 335
332 336
332 395
332 529
332 584
333 334
333 335
333 395
335 336
335 339
335 395
337 338
337 340
337 342
337 343
337 344
337 346
337 348
337 349
337 353
337 367
337 371
337 373
337 374
337 381
337 382
337 396
337 405
337 406
337 407
337 408
337 409
337 410
337 491
338 340
338 342
338 343
338 344
338 346
338 348
338 353
338 367
338 371
338 373
338 374
338 380
338 382
338 396
338 405
338 406
338 407
338 409
338 410
338 429
338 434
338 491
339 350
339 357
339 393
339 420
339 421
339 435
339 446
339 461
339 515
340 342
340 343
340 344
340 346
340 348
340 349
340 353
340 354
340 367
340 368
340 371
340 372
340 373
340 374
340 380
340 381
340 382
340 396
340 405
340 406
340 407
340 408
340 409
340 410
340 434
340 491
341 345
341 350
341 357
341 358
341 372
341 420
341 421
341 422
341 430
341 431
341 434
341 435
341 436
341 438
341 439
341 440
341 446
341 515
342 343
342 344
342 346
342 347
342 348
342 349
342 353
342 373
342 380
342 382
342 396
342 405
342 406
342 407
342 408
342 409
342 410
342 491
343 344
343 347
343 382
343 396
343 406
343 407
343 408
343 409
343 410
344 346
344 348
344 349
344 353
344 354
344 367
344 371
344 373
344 374
344 380
344 381
344 382
344 396
344 405
344 406
344 407
344 408
344 409
344 410
344 429
344 469
344 486
344 491
345 351
345 352
345 358
345 362
345 363
345 372
345 412
345 445
346 348
346 349
346 353
346 354
346 367
346 373
346 381
346 382
346 405
346 406
346 407
346 408
346 409
346 410
347 349
347 353
347 354
347 356
347 406
347 444
348 349
348 353
348 354
348 356
348 359
348 367
348 368
348 371
348 372
348 373
348 374
348 375
348 376
348 381
348 382
348 396
348 398
348 405
348 406
348 407
348 408
348 409
348 410
348 413
348 429
348 434
348 438
348 444
348 491
349 353
349 354
349 356
349 396
349 406
349 407
349 408
349 409
349 410
349 411
349 444
350 357
350 394
350 399
350 403
350 416
350 420
350 421
350 422
350 423
350 435
350 436
350 439
350 440
350 443
350 446
350 461
350 515
350 534
351 352
351 360
351 361
351 362
351 363
351 412
351 414
351 447
352 360
352 361
352 362
352 363
352 412
352 414
352 447
353 354
353 356
353 359
353 368
353 372
353 373
353 374
353 381
353 382
353 396
353 405
353 406
353 407
353 408
353 409
353 410
353 444
354 356
354 407
354 408
354 409
354 410
354 444
355 396
355 398
356 372
356 375
356 396
356 405
356 406
356 407
356 408
356 410
356 444
357 367
357 396
357 403
357 418
357 420
357 421
357 422
357 423
357 424
357 431
357 435
357 436
357 439
357 440
357 443
357 446
357 448
357 461
357 462
357 506
357 515
357 534
358 370
358 401
358 420
358 421
358 422
358 431
358 439
358 445
358 446
358 461
358 506
358 534
359 361
359 413
359 414
360 361
360 363
360 412
360 414
361 363
361 412
361 414
362 363
362 412
362 444
363 412
363 414
365 368
365 372
365 373
365 376
365 438
367 396
367 406
367 407
367 422
367 436
368 372
368 373
368 374
368 375
368 376
368 381
368 382
368 409
368 410
368 413
368 438
369 372
370 376
370 382
370 420
370 421
370 434
370 438
370 461
370 534
370 598
371 372
371 373
371 374
371 376
371 382
371 396
371 410
371 434
371 439
371 440
372 373
372 374
372 375
372 376
372 396
372 398
372 405
372 410
372 413
372 430
372 434
372 438
372 439
372 444
373 374
373 376
373 377
373 380
373 381
373 382
373 396
373 405
373 406
373 407
373 409
373 410
373 434
373 438
374 376
374 377
374 378
374 380
374 381
374 382
374 405
374 410
374 429
374 434
375 396
375 398
375 401
375 405
375 410
375 411
375 413
375 422
375 430
375 434
375 438
375 439
375 440
375 444
376 380
376 382
376 422
376 430
376 434
376 438
376 439
377 381
377 405
379 403
379 436
379 492
380 382
380 422
380 423
380 429
380 430
380 434
380 435
381 405
381 409
381 410
382 396
382 405
382 406
382 407
382 409
382 410
382 429
382 434
382 491
383 496
384 385
384 483
385 386
387 476
387 479
387 498
387 528
387 539
387 540
387 547
387 572
387 573
387 579
388 389
388 391
388 580
389 390
389 397
389 489
389 497
389 533
389 580
390 391
390 392
390 395
390 397
390 419
390 489
390 490
390 504
390 533
390 580
391 392
391 395
391 580
391 583
391 586
392 395
392 397
392 586
393 395
393 495
394 403
394 422
395 397
395 399
395 495
396 398
396 401
396 405
396 406
396 407
396 408
396 409
396 410
396 411
396 413
396 422
396 430
396 434
396 438
396 439
396 440
396 444
396 491
397 399
397 489
397 530
397 532
397 533
397 580
398 401
398 411
398 413
398 434
398 440
398 441
398 534
399 534
400 401
401 412
401 413
401 445
401 534
402 490
402 513
402 514
403 404
403 422
403 423
403 435
403 436
403 491
403 492
403 494
403 500
404 417
404 419
404 422
404 423
404 435
404 451
404 461
404 491
404 500
405 406
405 407
405 408
405 409
405 410
406 407
406 408
406 409
406 410
406 491
406 492
407 408
407 409
407 410
407 491
408 409
408 410
408 411
408 491
408 492
409 410
409 444
410 413
410 444
410 491
410 492
412 413
412 414
412 445
413 414
413 441
413 444
413 445
415 442
415 493
415 513
415 516
416 417
416 446
416 515
416 532
416 533
417 419
417 451
417 467
417 490
417 494
417 497
417 500
417 503
417 514
417 533
418 424
418 432
418 435
418 437
418 443
418 448
418 454
418 462
418 515
418 545
418 552
419 489
419 490
419 500
419 504
419 514
420 421
420 424
420 428
420 431
420 432
420 435
420 446
420 448
420 461
420 462
420 466
420 515
420 552
420 598
420 599
421 422
421 423
421 424
421 430
421 431
421 434
421 435
421 439
421 440
421 443
421 446
421 461
421 515
421 534
421 552
421 598
422 423
422 424
422 430
422 431
422 434
422 435
422 436
422 439
422 440
422 443
422 446
422 461
422 491
422 515
422 534
423 424
423 434
423 435
423 436
423 443
423 461
423 491
423 500
424 432
424 435
424 448
424 461
424 462
424 506
424 515
424 552
425 453
425 510
425 578
426 428
427 550
428 432
428 433
428 450
428 462
428 466
428 510
428 544
428 552
428 599
429 434
430 431
430 434
430 435
430 436
430 438
430 439
430 440
431 434
431 435
431 440
431 552
432 435
432 446
432 448
432 450
432 456
432 461
432 462
432 466
432 510
432 515
432 544
432 552
432 578
432 598
432 599
432 600
434 435
434 438
434 439
434 440
434 461
434 491
434 598
435 436
435 437
435 439
435 440
435 443
435 446
435 453
435 461
435 462
435 515
435 545
435 552
436 439
436 440
437 454
437 462
437 515
437 545
437 552
438 440
438 444
439 440
439 441
439 445
439 461
439 534
440 443
440 446
441 445
443 446
443 448
443 515
445 531
445 534
446 448
446 461
446 462
446 506
446 515
446 599
448 450
448 454
448 462
448 466
448 515
448 543
448 552
448 600
449 450
449 463
449 464
449 544
450 453
450 456
450 466
450 510
450 544
450 565
450 578
450 599
450 600
451 453
451 474
451 490
451 496
451 499
451 503
451 513
452 518
453 510
453 544
453 545
454 515
454 518
454 543
454 545
455 456
456 458
456 465
456 466
456 576
456 577
456 578
456 599
456 600
457 578
458 465
458 466
458 510
458 576
458 577
458 578
458 594
458 600
459 502
459 504
460 493
460 498
460 501
460 509
460 516
460 522
460 540
460 542
460 573
461 515
461 552
461 598
461 599
462 466
462 515
462 543
462 552
463 464
465 466
465 510
465 517
465 522
465 576
465 577
465 578
465 594
465 600
466 544
466 577
466 578
466 599
466 600
467 474
467 490
467 503
467 512
467 513
467 514
467 521
467 527
467 571
468 505
468 510
468 512
468 517
468 519
468 541
468 544
468 565
468 571
468 574
468 576
468 577
470 514
471 475
473 535
474 490
474 499
474 503
474 512
474 513
474 514
474 571
475 546
475 547
475 556
476 479
476 528
476 556
476 572
476 573
478 547
478 560
478 583
479 528
479 547
479 556
479 559
479 569
480 490
480 591
482 483
485 524
489 490
489 497
489 502
489 504
489 533
489 580
490 497
490 499
490 503
490 504
490 513
490 514
491 492
493 501
493 502
493 509
493 513
493 516
493 521
493 524
493 525
493 542
493 553
494 496
494 503
494 514
496 530
497 520
497 581
498 519
498 521
498 540
498 567
498 573
499 503
499 505
499 512
499 513
499 514
499 516
499 524
500 504
501 509
501 516
501 525
502 504
503 513
503 514
505 510
505 512
505 513
505 516
505 517
505 519
505 522
505 542
505 571
507 509
508 564
509 516
509 525
509 542
509 573
510 517
510 536
510 544
510 565
510 571
510 576
510 577
510 578
510 600
511 513
511 521
512 513
512 514
512 516
512 517
512 519
512 524
512 527
512 541
512 542
512 571
512 574
513 514
513 516
513 521
513 524
513 527
513 542
513 571
515 543
515 545
516 524
516 525
516 542
517 519
517 522
517 541
517 571
517 574
517 576
517 577
517 594
519 541
519 542
519 571
519 574
519 576
520 581
522 576
523 577
527 541
527 571
528 539
528 547
528 548
528 569
528 570
529 530
529 584
530 533
530 550
530 584
531 534
531 555
532 533
532 555
532 580
533 580
537 542
538 597
539 547
539 569
539 570
540 573
541 542
541 565
541 571
541 574
542 571
543 550
544 565
544 578
544 600
545 552
546 547
546 560
547 560
547 569
548 551
550 600
554 555
556 557
556 561
556 572
556 579
557 561
557 572
557 573
558 561
560 561
560 569
562 600
564 570
565 571
567 572
567 573
569 570
571 574
572 573
574 594
576 577
576 578
576 594
577 578
577 594
577 599
578 592
578 599
578 600
579 581
579 583
580 581
582 583
589 598
590 592
591 593
592 596
595 597
596 598
596 600
597 600
598 599
599 600
