600 3594

1 2
1 4
1 12
1 19
1 22
1 37
1 184
1 301
1 302
1 322
1 389
1 487
1 586
2 4
2 5
2 19
2 20
2 21
2 22
2 23
2 25
2 28
2 35
2 36
2 37
2 38
2 108
2 110
2 184
2 221
2 292
2 301
2 302
2 305
2 320
2 321
2 322
2 323
2 327
2 328
2 329
2 330
2 332
2 333
2 334
2 335
2 361
2 389
2 487
2 529
2 553
2 586
3 5
3 7
3 12
3 16
3 19
3 37
3 302
3 303
3 304
3 305
3 308
3 324
3 326
4 5
4 18
4 19
4 20
4 21
4 22
4 28
4 30
4 32
4 35
4 36
4 37
4 38
4 100
4 108
4 221
4 290
4 292
4 301
4 302
4 305
4 320
4 321
4 322
4 323
4 327
4 328
4 329
4 330
4 332
4 333
4 335
4 387
4 388
4 389
4 487
4 532
4 553
4 586
5 19
5 21
5 24
5 28
5 29
5 35
5 37
5 38
5 108
5 302
5 304
5 305
5 322
5 324
5 326
5 329
5 389
6 303
7 16
7 304
7 306
7 308
7 324
8 21
8 37
8 94
8 204
8 317
8 321
8 389
9 10
9 13
9 15
9 310
9 313
9 314
10 13
10 216
10 217
10 306
10 309
10 313
11 93
11 94
11 98
11 321
11 389
11 395
11 470
11 500
11 519
12 16
12 19
12 303
12 304
12 305
12 315
12 317
12 319
13 15
13 308
13 310
13 313
13 314
13 315
13 316
14 16
14 17
14 304
14 312
14 318
15 16
15 308
15 313
15 314
15 315
15 316
16 19
16 303
16 304
16 308
16 312
16 315
16 319
17 312
17 318
18 20
18 35
18 37
18 38
18 98
18 100
18 302
18 317
18 320
18 322
18 387
18 388
18 389
18 487
18 580
18 595
19 20
19 21
19 28
19 29
19 35
19 36
19 37
19 38
19 108
19 110
19 290
19 291
19 292
19 302
19 304
19 305
19 319
19 320
19 321
19 322
19 327
19 330
19 334
19 335
19 389
19 586
20 21
20 22
20 24
20 28
20 30
20 32
20 35
20 36
20 37
20 38
20 50
20 98
20 100
20 108
20 110
20 221
20 290
20 292
20 302
20 320
20 321
20 322
20 323
20 327
20 328
20 329
20 330
20 331
20 332
20 333
20 334
20 335
20 387
20 388
20 389
20 487
20 530
20 553
21 35
21 36
21 37
21 38
21 94
21 98
21 100
21 108
21 110
21 184
21 221
21 302
21 320
21 321
21 322
21 333
21 334
21 335
21 388
21 389
21 395
21 487
21 530
21 553
22 23
22 28
22 36
22 38
22 110
22 292
22 302
22 321
22 322
22 323
22 327
22 329
22 335
22 389
22 534
22 553
23 28
23 30
23 36
23 322
23 323
23 327
23 328
23 329
23 330
23 360
23 582
24 26
24 27
24 28
24 29
24 30
24 32
24 35
24 37
24 38
24 305
24 320
24 324
24 326
24 327
24 328
24 329
24 331
24 332
24 333
24 334
24 335
25 28
25 36
25 329
25 332
25 529
26 27
26 28
26 29
26 30
26 31
26 32
26 35
26 36
26 38
26 220
26 221
26 284
26 320
26 323
26 327
26 328
26 329
26 330
26 331
26 332
26 333
26 334
26 335
27 28
27 30
27 32
27 35
27 320
27 323
27 327
27 328
27 329
27 330
27 331
27 332
27 333
27 334
27 335
28 30
28 31
28 32
28 35
28 36
28 38
28 292
28 302
28 305
28 322
28 323
28 327
28 328
28 329
28 330
28 331
28 332
28 333
28 334
28 335
28 553
28 582
29 30
29 305
29 324
29 328
29 329
29 330
30 31
30 32
30 35
30 36
30 38
30 220
30 221
30 320
30 322
30 323
30 327
30 328
30 329
30 330
30 331
30 332
30 333
30 334
30 335
30 553
30 582
31 32
31 36
31 290
31 327
31 328
31 330
31 331
31 332
31 579
31 582
31 583
31 584
32 35
32 36
32 38
32 292
32 320
32 321
32 322
32 323
32 327
32 328
32 329
32 330
32 331
32 332
32 333
32 334
32 335
32 387
32 388
32 389
32 530
32 540
32 553
33 236
33 237
33 238
33 239
33 285
33 286
33 287
33 535
33 547
33 548
33 549
33 551
33 579
33 584
34 236
34 286
34 299
34 547
34 551
34 584
34 585
35 36
35 37
35 38
35 98
35 100
35 108
35 110
35 221
35 292
35 302
35 320
35 321
35 322
35 323
35 327
35 328
35 329
35 330
35 331
35 332
35 333
35 334
35 335
35 387
35 388
35 389
35 530
35 553
36 38
36 50
36 100
36 108
36 110
36 220
36 221
36 290
36 292
36 302
36 320
36 321
36 322
36 323
36 325
36 327
36 328
36 329
36 330
36 331
36 332
36 333
36 334
36 335
36 351
36 387
36 388
36 389
36 487
36 529
36 530
36 534
36 553
36 582
36 586
37 38
37 98
37 100
37 108
37 110
37 302
37 305
37 320
37 321
37 322
37 333
37 334
37 335
37 388
37 389
38 98
38 100
38 108
38 110
38 221
38 302
38 320
38 321
38 322
38 327
38 328
38 329
38 330
38 331
38 332
38 333
38 334
38 335
38 388
38 389
38 395
38 529
38 530
38 553
39 42
39 68
39 75
39 79
39 83
39 87
39 88
39 89
39 112
39 126
39 129
39 130
39 134
39 137
39 158
39 337
39 338
39 357
39 376
39 377
39 378
39 379
39 380
39 403
39 405
39 406
39 422
39 430
39 446
39 456
40 149
41 73
41 79
41 80
41 81
41 89
41 91
41 338
41 339
41 377
41 382
42 44
42 46
42 47
42 48
42 54
42 56
42 116
42 117
42 118
42 126
42 129
42 150
42 446
43 296
44 46
44 47
44 48
44 54
44 55
44 56
44 58
44 60
44 68
44 70
44 75
44 82
44 115
44 116
44 117
44 126
44 129
44 137
44 138
44 139
44 149
44 150
44 341
44 347
44 357
44 371
44 418
44 423
44 430
44 437
44 446
44 448
45 46
45 47
45 48
45 54
45 56
45 60
46 48
46 54
46 56
47 48
47 54
47 55
47 56
47 58
47 60
47 116
47 117
47 118
47 149
47 341
48 54
48 56
48 57
48 58
48 68
48 75
48 115
48 116
48 117
48 124
48 139
48 140
48 150
48 341
48 347
48 357
48 407
48 446
48 448
49 84
49 87
49 380
50 51
50 345
50 351
50 352
51 59
51 62
51 345
51 352
51 361
52 57
52 63
52 65
52 109
52 116
52 120
52 124
52 141
52 350
52 357
52 399
52 425
53 60
53 375
54 56
55 60
55 63
55 64
55 65
55 82
55 116
55 117
55 118
55 120
55 129
55 131
55 145
55 150
55 155
55 341
55 350
55 411
55 412
55 413
55 440
55 442
55 446
55 453
56 117
56 118
57 58
57 63
57 65
57 115
57 116
57 117
57 124
57 126
57 140
57 150
57 155
57 341
57 350
57 357
57 418
57 446
57 448
58 61
58 124
58 466
59 62
59 352
59 360
59 361
60 64
60 69
60 70
60 81
60 137
60 138
60 139
60 145
60 373
60 375
60 434
60 440
61 66
61 354
61 356
61 363
62 67
62 352
62 360
62 361
62 362
63 64
63 65
63 120
63 131
63 150
63 155
63 350
63 357
63 440
63 446
64 120
64 121
64 145
64 358
64 375
64 401
64 412
64 413
64 414
64 445
64 447
64 450
64 510
65 115
65 116
65 117
65 124
65 129
65 131
65 134
65 137
65 140
65 150
65 155
65 267
65 350
65 357
65 437
65 440
65 442
65 446
66 67
66 293
66 363
67 319
67 351
67 360
67 361
67 362
67 363
67 586
68 69
68 70
68 74
68 75
68 79
68 112
68 126
68 128
68 129
68 132
68 134
68 137
68 139
68 140
68 158
68 186
68 367
68 371
68 373
68 409
68 428
68 430
68 434
68 437
68 446
69 70
69 71
69 79
69 81
69 112
69 126
69 129
69 131
69 133
69 137
69 364
69 373
69 375
69 422
69 428
69 430
69 434
69 440
69 450
69 454
69 510
70 71
70 72
70 74
70 75
70 77
70 78
70 79
70 127
70 128
70 129
70 135
70 137
70 369
70 370
70 371
70 373
70 375
70 420
70 422
70 428
70 430
70 443
70 447
70 450
70 541
71 72
71 76
71 77
71 79
71 81
71 133
71 294
71 364
71 366
71 370
71 375
71 420
71 450
72 77
72 370
73 81
73 137
74 76
74 77
74 78
74 79
74 129
74 371
74 373
74 420
74 422
75 82
75 83
75 117
75 129
75 371
75 446
76 77
76 297
76 420
76 598
76 599
77 82
77 99
77 127
77 128
77 145
77 366
77 375
77 420
77 421
77 450
77 599
78 82
78 367
78 371
79 83
79 89
79 112
79 129
79 137
79 367
79 371
79 373
79 422
79 430
80 86
80 347
80 377
80 446
81 339
81 374
81 541
81 593
82 83
82 128
82 129
82 371
83 86
83 87
83 88
83 89
83 91
83 337
83 338
83 340
83 342
83 377
83 378
83 380
83 381
83 403
83 405
83 422
83 446
83 456
84 86
84 126
85 140
86 87
86 88
86 89
86 91
86 337
86 338
86 342
86 377
86 378
86 380
86 381
86 382
86 405
87 88
87 89
87 113
87 115
87 126
87 130
87 337
87 377
87 378
87 380
87 381
87 403
87 405
87 406
87 446
87 456
87 458
88 89
88 91
88 337
88 338
88 342
88 377
88 378
88 380
88 381
88 382
88 403
88 405
89 91
89 337
89 338
89 342
89 377
89 378
89 380
89 381
89 382
89 405
90 191
91 337
91 338
91 342
91 377
91 378
91 381
91 382
91 405
92 93
92 500
93 94
93 98
93 104
93 187
93 204
93 395
93 402
93 500
94 102
94 104
94 187
94 189
94 192
94 211
94 212
94 321
94 389
94 393
94 395
94 460
94 495
94 500
94 519
94 586
95 96
95 103
95 105
95 106
95 154
95 196
95 223
95 224
95 392
95 394
95 399
95 417
96 97
96 99
96 209
96 325
96 336
96 386
96 393
96 402
96 494
96 595
97 99
97 386
97 421
97 423
98 204
98 320
98 321
98 333
98 335
98 336
98 386
98 387
98 389
98 487
98 530
98 553
98 580
98 595
99 128
99 387
99 420
99 450
99 534
99 541
99 595
99 599
100 108
100 110
100 221
100 302
100 320
100 321
100 322
100 333
100 334
100 335
100 388
100 389
100 395
100 487
100 530
100 553
100 582
100 586
101 103
102 103
102 104
102 106
102 189
103 104
103 105
103 106
103 122
103 154
103 189
103 192
103 196
103 223
103 224
103 245
103 273
104 105
104 106
104 122
104 187
104 189
104 192
104 196
104 211
104 214
104 215
104 223
104 245
104 273
104 274
104 393
104 395
105 106
105 109
105 111
105 154
105 192
105 193
105 212
105 223
105 224
105 393
105 397
105 533
106 189
106 196
106 223
106 224
106 273
106 392
107 246
108 110
108 184
108 221
108 290
108 302
108 320
108 321
108 322
108 329
108 334
108 335
108 389
108 553
108 586
109 111
109 114
109 120
109 131
109 141
109 190
109 191
109 194
109 210
109 350
109 394
109 396
109 398
109 399
109 401
109 408
109 416
109 417
109 490
109 492
109 514
109 533
110 184
110 221
110 292
110 320
110 321
110 322
110 335
110 388
110 389
110 530
110 553
111 193
111 210
111 394
111 397
111 398
111 399
111 400
111 416
112 113
112 114
112 115
112 126
112 128
112 129
112 130
112 131
112 132
112 137
112 191
112 367
112 373
112 404
112 406
112 424
112 425
112 428
112 434
112 450
112 451
112 510
113 114
113 115
113 126
113 130
113 406
113 432
113 456
113 491
114 115
114 126
114 130
114 131
114 141
114 190
114 191
114 194
114 396
114 398
114 408
114 451
114 490
114 492
114 514
115 116
115 117
115 124
115 126
115 130
115 136
115 137
115 139
115 140
115 150
115 357
115 407
115 410
115 432
115 446
115 456
116 117
116 120
116 124
116 126
116 129
116 137
116 150
116 155
116 191
116 341
116 350
116 357
116 407
116 409
116 410
116 418
116 430
116 442
116 446
116 453
117 118
117 126
117 129
117 150
117 341
117 350
117 357
117 407
117 409
117 410
117 437
117 446
118 129
118 410
118 411
119 123
119 225
119 246
119 399
119 416
119 534
120 121
120 131
120 190
120 210
120 350
120 394
120 396
120 398
120 399
120 401
120 407
120 408
120 409
120 410
120 411
120 412
120 413
120 416
120 453
120 490
120 510
120 514
121 131
121 190
121 401
121 411
121 412
121 413
122 189
122 192
122 195
122 196
122 200
122 214
122 215
122 219
122 224
122 273
122 274
122 281
123 125
123 154
123 196
123 224
123 416
123 417
123 440
123 520
124 150
124 341
124 357
124 418
124 446
124 448
125 154
125 157
125 161
125 195
125 196
125 199
125 212
125 214
125 222
125 224
125 273
125 520
126 129
126 130
126 131
126 137
126 191
126 350
126 357
126 423
126 425
126 428
126 432
126 446
126 453
126 454
126 456
127 128
127 129
127 386
127 420
127 421
127 450
127 539
127 595
127 599
127 600
128 129
128 131
128 262
128 357
128 375
128 420
128 424
128 450
128 510
128 599
128 600
129 131
129 137
129 139
129 357
129 371
129 373
129 375
129 411
129 421
129 422
129 423
129 424
129 428
129 430
129 446
129 450
129 510
130 379
130 404
130 406
130 491
131 134
131 137
131 138
131 141
131 190
131 210
131 350
131 357
131 371
131 373
131 396
131 399
131 401
131 408
131 409
131 411
131 412
131 413
131 422
131 424
131 428
131 430
131 431
131 435
131 436
131 440
131 442
131 445
131 450
131 451
131 453
131 454
131 490
131 510
131 512
131 514
132 158
132 186
132 253
132 428
132 434
132 437
132 455
133 294
133 364
133 443
134 137
134 138
134 140
134 155
134 371
134 373
134 428
134 430
134 431
134 436
134 440
134 442
136 156
136 159
136 446
136 456
136 458
137 138
137 139
137 140
137 158
137 191
137 341
137 350
137 357
137 367
137 371
137 373
137 428
137 430
137 431
137 432
137 434
137 435
137 436
137 440
137 442
137 446
137 453
137 454
137 456
137 461
138 139
138 140
138 150
138 341
138 357
138 371
138 373
138 428
138 430
138 431
138 434
138 436
138 440
138 442
138 453
138 454
139 158
139 341
139 357
139 371
139 373
139 428
139 430
139 431
139 446
140 141
140 150
140 155
140 350
140 357
140 373
140 380
140 430
140 440
140 446
141 155
141 156
141 157
141 190
141 350
141 357
141 383
141 399
141 417
141 435
141 440
141 442
141 453
141 454
141 461
141 490
141 492
142 225
143 452
144 441
145 225
145 375
145 412
145 443
145 445
145 447
145 453
145 534
146 600
147 571
148 152
148 232
148 250
148 253
148 464
149 341
149 344
149 446
150 155
150 341
150 347
150 350
150 357
150 407
150 437
150 442
150 446
150 448
151 198
151 272
153 232
153 233
153 234
153 244
153 521
153 547
153 585
154 196
154 197
154 199
154 212
154 222
154 223
154 224
154 273
154 417
154 497
154 503
154 520
155 156
155 267
155 341
155 350
155 357
155 409
155 430
155 437
155 440
155 442
155 446
155 453
156 440
157 161
157 164
157 467
157 515
157 520
158 428
158 430
158 442
158 455
159 341
159 437
159 456
160 277
162 462
163 197
163 199
163 219
163 233
163 254
163 274
163 281
165 166
165 167
165 168
165 171
165 471
165 475
165 476
165 478
166 167
166 168
166 471
166 475
166 476
166 478
166 479
166 556
167 168
168 172
168 471
168 475
168 478
169 300
170 247
170 282
170 476
170 479
172 247
172 248
172 250
172 252
172 476
172 478
172 556
172 557
172 560
173 321
174 470
175 177
175 178
175 179
175 180
175 181
175 288
175 480
175 481
175 482
175 484
176 178
176 183
176 484
177 178
177 179
177 180
177 181
177 288
177 289
177 481
177 482
177 483
177 484
177 486
177 566
177 586
178 179
178 183
178 288
178 481
178 484
178 486
178 566
179 180
179 182
179 288
179 289
179 483
179 487
180 288
180 289
180 484
180 486
181 485
182 415
182 519
183 476
183 479
183 481
183 484
183 486
183 488
183 538
183 558
183 566
183 586
184 302
184 321
184 322
184 389
184 487
184 586
185 568
187 188
187 207
188 207
188 265
188 509
189 192
189 195
189 196
189 200
189 211
189 213
189 214
189 215
189 219
189 222
189 223
189 224
189 230
189 239
189 273
189 395
190 208
190 210
190 394
190 396
190 398
190 399
190 401
190 408
190 411
190 413
190 416
190 417
190 435
190 436
190 440
190 442
190 445
190 451
190 454
190 490
190 510
190 512
190 514
191 194
191 210
191 396
191 408
192 193
192 196
192 200
192 211
192 212
192 215
192 222
192 245
192 273
192 274
192 393
192 395
192 495
192 532
193 204
193 209
193 212
193 393
193 460
193 494
193 533
194 210
194 408
194 492
195 196
195 213
195 222
195 224
195 233
195 273
195 498
196 197
196 211
196 212
196 213
196 214
196 215
196 219
196 222
196 223
196 224
196 230
196 245
196 273
196 274
196 497
196 503
196 520
197 211
197 215
197 219
197 273
197 274
197 497
197 527
198 202
198 203
198 219
198 281
199 212
199 222
199 281
199 497
199 503
200 202
200 215
200 219
200 274
200 281
201 277
204 214
205 537
206 508
206 528
206 564
207 239
207 528
208 209
208 210
208 394
208 396
208 399
208 401
208 416
208 417
208 440
208 445
208 494
208 496
208 510
208 512
208 513
208 514
209 211
209 212
209 222
209 265
209 460
209 493
209 494
209 496
209 513
209 519
210 375
210 394
210 396
210 398
210 399
210 401
210 408
210 416
210 417
210 445
210 450
210 451
210 490
210 494
210 496
210 501
210 510
210 512
210 513
210 514
211 212
211 215
211 222
211 230
211 231
211 239
211 265
211 273
211 274
211 493
211 495
212 215
212 222
212 273
212 274
212 460
212 495
212 496
212 503
212 519
212 520
212 533
213 219
213 230
213 233
213 234
213 240
213 273
213 282
214 215
214 273
215 219
215 222
215 273
215 274
215 280
215 281
215 516
216 217
216 276
216 278
216 457
216 522
216 523
216 524
216 525
216 526
217 251
217 523
217 525
217 526
217 562
218 233
218 273
218 520
218 545
219 240
219 273
219 274
219 280
219 281
219 516
220 221
220 226
220 239
220 243
220 287
220 328
220 329
220 330
220 335
220 529
220 535
220 549
220 553
221 222
221 225
221 320
221 321
221 322
221 323
221 325
221 328
221 329
221 330
221 332
221 333
221 334
221 335
221 336
221 389
221 395
221 397
221 529
221 530
221 532
221 533
221 534
221 553
222 223
222 224
222 245
222 273
222 274
222 495
222 520
222 532
222 533
223 224
223 245
223 273
223 520
223 533
224 245
224 273
224 417
224 497
224 520
225 244
225 245
225 246
225 348
225 534
226 287
227 346
228 282
228 531
229 231
229 259
229 261
229 265
229 271
229 295
229 540
229 542
229 565
230 273
230 489
230 495
230 511
231 265
231 274
231 508
231 542
232 233
232 238
232 241
232 250
232 253
232 275
232 463
232 521
232 544
233 234
233 240
233 241
233 242
233 244
233 521
233 544
233 545
234 236
234 241
234 244
234 248
234 250
234 252
234 254
234 282
234 285
234 286
234 511
234 521
234 545
234 547
234 551
234 558
235 236
236 237
236 238
236 240
236 248
236 250
236 252
236 279
236 282
236 285
236 286
236 547
236 551
237 238
237 240
237 243
237 282
237 287
237 528
237 547
237 548
237 549
237 584
238 240
238 243
238 248
238 250
238 252
238 268
238 282
238 286
238 287
238 528
238 544
238 547
238 548
238 549
238 561
239 240
239 243
239 287
239 528
239 547
239 548
239 551
240 243
240 247
240 282
240 286
240 547
241 242
241 244
241 250
241 287
241 441
241 452
241 463
241 544
241 551
241 558
243 528
244 286
244 287
244 545
244 547
244 551
244 555
244 558
244 585
245 532
246 534
247 248
247 250
247 252
247 476
247 479
247 556
247 560
248 250
248 252
248 266
248 282
248 538
248 547
248 556
248 557
248 560
248 561
249 477
250 252
250 253
250 547
250 556
250 557
250 558
250 560
250 561
252 547
252 548
252 556
252 557
252 560
252 561
253 462
253 543
253 561
255 268
255 573
255 581
256 387
256 540
256 565
256 579
256 581
256 594
256 595
257 488
257 568
258 260
258 538
259 260
259 271
259 295
259 508
259 538
259 540
259 542
259 564
259 565
259 589
259 591
260 298
260 517
260 531
260 538
260 564
260 589
260 591
261 540
261 565
261 579
261 589
261 594
261 597
263 298
264 298
264 300
265 274
265 531
266 267
267 437
268 269
268 270
268 271
268 282
268 528
268 565
268 570
268 572
268 573
269 270
269 271
269 272
269 275
269 277
269 572
269 573
270 509
270 570
271 508
271 542
271 564
273 274
273 280
273 281
273 520
274 280
274 281
275 277
275 455
275 522
275 575
275 576
276 277
276 278
276 457
276 522
276 523
276 524
276 525
276 526
276 577
277 278
277 457
277 458
277 522
277 525
277 526
277 575
277 576
278 457
278 522
278 523
278 524
278 525
278 526
278 577
280 281
282 547
283 489
283 511
283 559
283 566
283 581
284 328
284 329
284 330
284 331
284 332
284 333
284 334
284 335
284 548
285 286
285 291
285 547
285 583
285 585
286 287
286 489
286 546
286 547
286 551
286 584
286 585
287 529
287 535
287 549
287 551
287 555
287 584
288 289
288 481
288 484
289 484
289 486
289 487
289 586
290 291
290 292
290 322
290 325
290 328
290 330
290 332
290 553
290 586
291 292
291 302
291 322
291 558
291 583
291 584
291 586
291 587
292 301
292 302
292 321
292 322
292 387
292 389
292 553
292 582
292 586
294 364
294 366
294 589
294 591
295 300
295 565
296 299
297 364
297 420
297 540
297 579
297 598
298 300
298 387
298 579
299 300
300 596
300 600
301 302
301 303
301 317
301 322
301 389
301 487
301 586
302 304
302 305
302 317
302 322
302 389
302 487
302 532
302 553
302 580
302 586
303 304
303 317
304 305
304 308
304 312
304 324
305 322
305 323
305 324
305 329
305 389
306 308
307 315
308 313
308 316
308 324
310 313
310 314
310 315
311 354
312 318
313 314
313 315
313 316
314 315
315 316
317 389
317 487
317 580
317 586
320 321
320 322
320 327
320 328
320 329
320 330
320 331
320 332
320 333
320 334
320 335
320 336
320 388
320 389
320 530
320 553
321 322
321 329
321 331
321 332
321 333
321 334
321 335
321 336
321 388
321 389
321 395
321 487
321 529
321 530
321 536
321 553
321 586
322 323
322 325
322 327
322 328
322 329
322 330
322 332
322 333
322 335
322 387
322 388
322 389
322 415
322 487
322 532
322 553
322 582
322 586
323 327
323 328
323 329
323 330
323 331
323 332
323 333
323 335
323 529
323 534
323 553
324 326
325 365
325 386
325 387
325 487
325 534
325 586
327 328
327 329
327 330
327 331
327 332
327 333
327 335
327 553
327 582
328 329
328 330
328 331
328 332
328 333
328 334
328 335
328 530
328 553
328 582
328 583
328 584
329 330
329 331
329 332
329 333
329 334
329 335
329 529
329 530
329 553
330 331
330 332
330 333
330 334
330 335
330 529
330 530
330 553
330 582
330 583
330 584
331 332
331 333
331 334
331 335
331 530
331 553
331 584
332 333
332 334
332 335
332 389
332 529
332 530
332 553
332 582
332 584
333 334
333 335
333 388
333 389
333 530
333 553
334 335
334 388
334 389
334 530
335 388
335 389
335 529
335 530
335 553
336 388
336 392
336 393
336 395
336 397
336 530
336 533
337 338
337 342
337 377
337 378
337 380
337 381
337 382
337 403
337 405
337 406
338 342
338 377
338 378
338 380
338 381
338 382
338 403
338 405
339 363
339 374
340 341
340 347
340 380
340 403
340 446
341 347
341 350
341 357
341 409
341 418
341 430
341 437
341 440
341 442
341 444
341 446
341 448
341 456
342 377
342 378
342 381
342 382
342 405
343 349
344 346
346 349
347 357
347 446
347 448
348 353
350 357
350 373
350 396
350 399
350 401
350 407
350 409
350 410
350 411
350 425
350 440
350 442
350 445
350 446
350 453
350 454
350 492
351 352
351 353
351 354
351 360
351 361
352 360
352 361
353 354
353 359
353 363
354 355
354 356
354 363
355 356
356 363
357 373
357 380
357 407
357 423
357 424
357 430
357 440
357 446
359 447
360 361
360 362
361 363
362 363
364 365
364 366
364 370
364 420
364 427
364 428
364 429
364 434
364 443
364 450
364 588
365 429
366 368
366 370
366 420
366 427
366 429
366 439
366 443
366 450
366 591
367 371
367 373
367 428
367 429
367 430
367 431
367 436
367 454
368 369
368 370
368 372
369 371
369 372
369 375
370 420
370 427
370 439
370 598
371 373
371 375
371 409
371 422
371 428
371 430
371 431
371 443
371 447
371 462
372 375
372 447
373 375
373 424
373 428
373 430
373 431
373 434
373 436
373 439
373 440
373 443
373 445
373 450
373 454
373 510
373 514
375 412
375 420
375 422
375 439
375 443
375 445
375 447
375 450
375 454
375 510
375 512
375 513
375 514
376 421
377 378
377 380
377 381
377 382
377 405
378 380
378 381
378 382
378 403
378 405
379 380
379 403
379 406
379 423
379 436
380 381
380 403
380 405
380 406
380 446
381 382
381 405
382 405
384 385
384 393
384 419
385 393
385 394
385 400
386 387
386 394
386 450
386 513
386 541
387 389
387 487
387 505
387 539
387 540
387 541
387 553
387 579
387 580
387 595
387 598
387 599
387 600
388 389
388 530
388 580
389 487
389 530
389 553
389 580
389 586
390 500
391 392
391 477
391 489
391 511
391 520
391 546
391 547
392 397
392 503
393 394
393 395
393 400
393 495
393 496
393 533
394 396
394 398
394 399
394 400
394 401
394 408
394 413
394 416
394 417
394 435
394 445
394 490
394 494
394 496
394 497
394 501
394 503
394 510
394 512
394 513
394 514
394 533
395 397
395 495
395 500
395 530
396 398
396 399
396 400
396 401
396 408
396 411
396 412
396 413
396 416
396 417
396 419
396 435
396 436
396 451
396 454
396 490
396 494
396 496
396 510
396 512
396 514
397 530
398 399
398 400
398 401
398 408
398 411
398 490
398 514
399 400
399 401
399 408
399 412
399 413
399 416
399 417
399 445
399 490
399 494
399 496
399 510
399 512
399 513
399 514
400 401
400 494
400 496
400 513
400 514
401 408
401 411
401 412
401 413
401 417
401 451
401 490
401 494
401 496
401 510
401 512
401 513
401 514
402 500
402 507
402 530
403 405
403 406
403 422
404 406
404 424
404 451
406 491
407 409
407 410
407 423
407 424
407 446
407 492
408 410
408 419
408 451
408 490
408 491
408 492
408 514
409 410
409 411
409 430
409 446
409 491
409 492
410 411
410 446
411 413
411 490
411 510
411 514
412 413
412 414
412 435
412 439
412 440
412 442
412 445
412 453
412 454
412 510
412 512
412 513
412 514
413 414
413 445
413 447
413 454
413 490
413 510
413 514
414 510
414 514
415 418
415 487
416 417
416 445
416 453
416 494
416 496
416 510
416 514
416 533
416 534
417 435
417 436
417 440
417 445
417 454
417 461
417 467
417 490
417 494
417 496
417 497
417 503
417 513
417 514
417 520
417 533
418 448
418 453
418 600
419 494
419 501
419 504
419 512
420 443
420 450
420 588
420 589
420 598
420 599
421 422
421 423
421 599
422 430
422 436
422 451
423 424
424 450
424 451
424 490
424 510
425 510
425 541
426 427
427 429
427 434
427 439
427 588
428 430
428 431
428 432
428 434
428 435
428 436
428 440
428 442
428 443
428 445
428 453
428 454
428 455
428 456
429 445
429 588
430 431
430 434
430 435
430 436
430 437
430 440
430 442
430 443
430 445
430 446
430 447
430 453
430 454
430 456
431 433
431 435
431 436
431 440
431 442
431 454
432 435
432 436
432 442
432 454
432 456
432 461
433 447
434 443
434 450
434 453
435 436
435 440
435 442
435 445
435 453
435 454
435 461
435 474
435 496
435 501
435 510
435 512
435 513
435 514
436 440
436 442
436 445
436 447
436 453
436 454
436 461
436 490
436 501
436 510
436 512
436 514
437 446
437 448
437 543
438 452
439 440
439 443
439 445
439 510
439 514
440 442
440 443
440 445
440 447
440 453
440 454
440 461
440 510
440 514
442 443
442 445
442 446
442 453
442 454
442 461
442 467
443 445
443 447
443 450
443 462
443 510
445 447
445 450
445 452
445 453
445 454
445 461
445 467
445 496
445 510
445 512
445 513
445 514
445 533
445 534
446 448
446 456
447 510
449 468
449 517
449 571
449 572
449 574
450 510
450 512
450 513
450 514
450 541
450 599
450 600
451 490
451 510
451 514
452 454
452 551
453 454
453 461
454 461
454 501
454 510
454 514
455 456
455 576
456 458
457 458
457 522
457 523
457 524
457 525
457 575
457 576
459 468
460 493
460 495
460 519
461 467
462 543
463 465
463 521
463 544
463 545
464 543
465 503
465 537
465 578
467 515
467 520
467 545
468 517
468 571
468 574
469 471
471 475
471 477
471 478
471 479
472 476
472 477
472 479
472 556
473 501
473 504
475 476
475 478
476 477
476 478
476 479
476 556
476 557
476 560
477 479
477 556
477 557
478 479
478 556
478 560
479 556
479 557
479 560
480 481
480 483
480 485
480 486
480 566
481 483
481 484
481 486
481 488
481 566
481 567
481 586
482 484
483 485
483 486
483 487
483 488
483 566
483 567
483 568
483 586
484 486
484 566
485 566
486 566
486 586
487 586
488 538
488 566
488 567
488 568
488 586
489 511
489 546
489 547
489 551
489 587
490 492
490 510
490 514
491 492
493 495
493 518
493 519
493 531
493 535
493 551
494 496
494 501
494 510
494 512
494 513
494 514
495 503
495 519
496 497
496 503
496 512
496 513
496 514
496 533
497 503
497 520
499 505
500 519
501 504
501 512
502 504
503 515
503 520
503 527
503 533
505 595
505 597
506 578
508 542
508 564
510 512
510 513
510 514
511 542
512 513
512 514
512 541
513 514
515 520
515 527
515 545
515 578
516 518
516 528
516 549
517 528
517 594
518 519
518 542
518 564
520 533
520 545
521 544
521 545
521 551
521 558
521 561
521 564
522 523
522 524
522 525
522 526
522 562
522 575
522 576
522 577
523 524
523 525
523 526
523 562
524 525
525 526
525 562
525 576
526 562
527 578
528 549
528 570
528 573
529 530
529 553
529 584
530 553
531 551
531 555
531 564
531 591
532 533
532 534
532 553
533 534
534 541
534 553
535 547
535 549
535 551
535 555
535 584
536 549
538 551
538 558
538 566
538 567
538 585
538 589
539 541
539 580
539 595
539 599
539 600
540 542
540 564
540 565
540 579
540 581
540 594
541 595
541 600
542 564
543 544
544 545
544 561
544 563
545 551
546 547
547 548
547 549
547 551
547 556
547 557
547 583
547 584
547 585
548 549
548 550
548 554
549 551
549 553
549 554
549 584
551 555
551 557
551 558
551 584
551 585
552 561
552 585
553 584
554 565
554 594
556 557
556 558
556 560
556 561
557 558
557 560
557 561
558 561
558 585
560 561
561 570
561 573
564 591
565 573
565 579
565 592
565 594
566 567
566 568
566 581
566 586
567 568
567 586
568 594
569 570
569 571
569 572
569 573
569 575
569 594
570 572
570 573
571 572
571 592
572 573
572 575
572 594
573 594
575 576
576 577
579 581
579 584
579 594
579 596
579 598
580 595
582 583
582 586
583 584
583 585
583 586
584 587
588 598
589 590
589 591
589 592
589 597
590 591
592 594
592 597
595 597
595 598
595 599
595 600
596 597
596 599
596 600
597 599
597 600
598 599
599 600
