600 3598

1 4
2 3
2 4
2 5
2 11
2 18
2 20
2 21
2 100
2 120
2 283
2 302
2 321
2 389
2 392
2 580
3 4
3 5
3 6
3 21
3 100
3 392
4 6
4 20
4 21
4 100
4 120
4 322
4 392
5 7
5 20
5 21
5 304
5 321
5 389
6 13
8 9
8 12
8 15
8 18
10 559
11 18
11 20
11 97
11 98
11 100
11 120
11 386
11 389
12 15
12 16
12 18
12 306
12 315
12 316
12 319
14 29
15 16
15 313
15 316
16 19
16 316
16 319
17 19
17 307
18 20
18 100
18 120
18 283
18 389
18 580
19 29
20 21
20 100
20 120
20 305
20 321
20 336
20 389
20 392
20 530
20 580
21 100
21 120
21 221
21 321
21 322
21 336
21 389
21 392
21 397
21 401
21 530
21 533
22 322
22 325
23 26
23 30
23 34
23 36
23 327
23 328
23 332
24 324
25 325
25 327
26 28
26 30
26 327
26 328
26 330
26 332
26 335
26 473
27 30
27 582
28 284
29 318
30 33
30 34
30 35
30 36
30 38
30 160
30 323
30 327
30 328
30 329
30 330
30 332
30 335
30 428
30 442
30 444
30 464
31 33
32 33
32 35
32 331
32 333
33 35
33 328
33 329
33 332
34 36
34 327
34 329
34 330
34 332
34 335
35 329
35 332
35 333
35 334
36 38
36 323
36 327
36 329
36 332
36 335
37 320
37 334
38 64
38 94
38 96
38 114
38 115
38 119
38 121
38 221
38 225
38 323
38 332
38 335
38 336
38 397
38 407
38 408
38 410
38 412
38 467
39 41
39 42
39 43
39 45
39 46
39 48
39 69
39 81
39 83
39 88
39 89
39 126
40 45
41 42
41 43
41 45
41 46
41 48
41 69
41 79
41 81
41 83
41 88
41 89
41 126
41 338
42 45
42 46
42 47
42 48
42 55
42 69
42 80
42 88
42 96
42 113
42 114
42 115
42 116
42 130
42 134
42 135
42 136
42 137
42 140
42 141
42 153
42 160
42 161
42 199
42 378
42 405
42 409
42 422
42 428
42 430
42 456
43 46
43 48
43 68
43 79
43 91
43 126
43 150
43 161
43 338
43 339
43 436
43 437
43 448
43 449
44 49
44 57
44 82
45 46
45 48
45 69
45 81
45 88
46 48
46 57
46 69
46 79
46 80
46 81
46 82
46 88
46 89
46 126
46 337
46 338
46 347
47 48
47 53
47 55
47 56
47 57
47 60
47 65
47 113
47 115
47 116
47 117
47 118
47 134
47 135
47 191
47 194
47 403
47 406
47 409
47 422
47 430
48 52
48 57
48 69
48 79
48 81
48 82
48 88
48 89
48 337
48 338
48 347
48 379
48 381
49 54
49 57
49 68
49 79
49 81
49 90
49 91
49 124
49 126
49 129
49 130
49 135
49 140
49 149
49 150
49 151
49 152
49 338
49 364
49 374
49 425
49 434
49 446
49 448
50 56
50 60
50 185
50 351
51 62
51 63
51 66
51 358
51 362
51 363
53 56
53 60
53 65
53 353
53 403
54 57
54 446
55 56
55 57
55 64
55 92
55 96
55 112
55 113
55 114
55 115
55 116
55 118
55 119
55 121
55 124
55 125
55 131
55 134
55 140
55 147
55 148
55 149
55 153
55 160
55 161
55 194
55 204
55 225
55 337
55 340
55 344
55 348
55 403
55 404
55 405
55 406
55 407
55 409
55 410
55 412
55 413
55 416
55 417
55 422
55 423
55 424
55 430
55 467
56 58
56 60
56 64
56 65
56 117
56 353
56 357
56 403
56 424
57 65
57 82
57 124
57 125
57 144
57 337
57 338
57 409
57 419
57 422
58 60
58 61
58 65
58 356
59 351
60 61
60 64
60 65
60 351
60 353
60 403
61 78
61 146
61 355
61 356
62 66
63 66
63 67
64 92
64 96
64 112
64 113
64 114
64 115
64 119
64 121
64 125
64 131
64 147
64 194
64 225
64 344
64 348
64 351
64 353
64 403
64 409
64 410
64 412
64 413
64 414
64 417
64 423
64 424
64 441
64 467
65 135
66 67
66 358
66 363
67 361
67 363
68 69
68 79
68 80
68 81
68 84
68 90
68 91
68 126
68 129
68 130
68 131
68 132
68 134
68 135
68 136
68 137
68 140
68 148
68 149
68 150
68 151
68 152
68 155
68 160
68 161
68 338
68 364
68 365
68 373
68 374
68 419
68 422
68 425
68 428
68 430
68 432
68 434
68 436
68 437
68 446
68 448
69 79
69 80
69 81
69 88
69 90
69 115
69 126
69 129
69 130
69 134
69 135
69 137
69 140
69 149
69 161
69 337
69 338
69 364
69 365
69 367
69 374
69 376
69 378
69 405
69 422
69 428
69 430
70 365
71 72
71 76
71 77
71 127
71 128
71 129
71 264
71 294
71 297
71 298
71 368
71 370
71 596
71 599
72 76
72 77
72 127
72 128
72 297
72 298
72 368
72 420
72 447
73 84
73 86
73 89
73 377
74 78
74 375
75 367
75 371
76 77
76 127
76 128
76 260
76 264
76 297
76 298
76 300
76 370
76 596
76 597
76 598
76 599
76 600
77 127
77 128
77 297
77 368
77 370
77 596
77 598
77 599
79 80
79 81
79 84
79 87
79 88
79 89
79 90
79 91
79 126
79 130
79 137
79 140
79 338
79 364
79 367
79 373
79 374
79 376
79 382
79 436
79 437
79 448
80 81
80 90
80 126
80 130
80 134
80 135
80 136
80 137
80 140
80 148
80 149
80 152
80 160
80 161
80 199
80 337
80 338
80 364
80 365
80 374
80 376
80 405
80 419
80 422
80 428
80 430
80 431
80 432
80 433
80 434
80 436
80 437
80 446
80 448
81 83
81 84
81 87
81 88
81 89
81 90
81 91
81 126
81 130
81 137
81 140
81 161
81 338
81 364
81 365
81 373
81 374
81 376
81 380
81 382
81 434
81 436
82 149
82 337
82 422
83 86
83 87
83 88
83 89
83 126
83 376
83 377
83 380
84 86
84 87
84 89
84 91
84 339
84 373
84 374
84 380
84 382
84 434
85 86
85 87
85 89
85 377
85 380
86 87
86 89
86 377
86 380
86 382
87 88
87 89
87 376
87 377
87 380
87 382
88 89
88 115
88 126
88 130
88 137
88 140
88 338
88 376
88 378
88 381
89 377
89 380
89 381
89 382
90 126
90 130
90 134
90 137
90 140
90 149
90 151
90 161
90 338
90 364
90 374
90 419
90 425
90 430
90 434
90 435
90 436
90 437
90 448
90 449
91 135
91 152
91 338
91 364
91 367
91 373
91 374
91 382
91 434
91 448
92 93
92 94
92 95
92 96
92 99
92 103
92 112
92 113
92 114
92 115
92 116
92 117
92 118
92 119
92 131
92 147
92 194
92 201
92 204
92 214
92 215
92 225
92 228
92 262
92 384
92 386
92 387
92 403
92 404
92 407
92 423
92 424
93 94
93 95
93 103
93 110
93 204
93 215
93 384
93 386
94 95
94 96
94 103
94 107
94 119
94 123
94 147
94 204
94 214
94 221
94 225
94 228
94 262
94 386
94 387
94 391
94 395
94 397
94 399
94 401
94 540
95 96
95 99
95 102
95 103
95 105
95 106
95 107
95 110
95 114
95 115
95 116
95 117
95 118
95 119
95 154
95 191
95 194
95 196
95 201
95 203
95 204
95 214
95 215
95 223
95 225
95 228
95 262
95 384
95 404
95 407
95 410
95 423
95 424
96 99
96 107
96 113
96 114
96 115
96 116
96 117
96 118
96 119
96 121
96 125
96 131
96 136
96 142
96 147
96 153
96 157
96 190
96 191
96 194
96 196
96 199
96 201
96 204
96 214
96 225
96 228
96 262
96 348
96 408
96 409
96 410
96 412
96 413
96 423
96 424
96 425
96 450
96 451
96 467
97 98
97 99
97 186
97 262
97 299
97 348
97 386
97 387
97 425
97 540
99 114
99 115
99 116
99 131
99 136
99 201
99 203
99 204
99 214
99 225
99 228
99 262
99 299
99 387
99 404
99 407
99 420
99 425
99 503
99 600
100 120
100 221
100 283
100 321
100 322
100 389
100 392
100 415
100 530
100 580
101 102
101 106
101 189
101 234
101 290
101 291
102 106
102 196
102 234
102 244
102 289
102 290
102 391
103 110
103 119
103 123
103 147
103 194
103 196
103 204
103 214
103 215
103 223
103 391
103 395
103 397
103 399
103 401
104 106
105 106
105 107
105 108
105 110
105 117
105 154
105 187
105 194
105 196
105 201
105 203
105 214
105 215
105 271
105 395
105 396
106 108
106 110
106 154
106 187
106 189
106 196
106 215
106 234
106 271
106 289
107 108
107 109
107 110
107 114
107 115
107 116
107 118
107 119
107 123
107 153
107 154
107 191
107 192
107 194
107 195
107 196
107 201
107 204
107 214
107 215
107 223
107 224
107 225
107 228
107 348
107 397
107 410
108 110
108 154
108 187
108 192
108 195
108 215
108 223
109 117
109 118
109 157
109 191
109 196
109 233
109 244
109 271
110 116
110 117
110 118
110 119
110 123
110 154
110 187
110 194
110 196
110 203
110 204
110 214
110 215
110 223
110 228
110 395
110 396
111 243
112 113
112 114
112 115
112 121
112 131
112 134
112 136
112 137
112 140
112 160
112 194
112 403
112 404
112 405
112 422
112 423
112 424
112 428
112 430
112 432
113 114
113 115
113 116
113 118
113 119
113 130
113 131
113 134
113 136
113 137
113 139
113 140
113 149
113 160
113 161
113 194
113 344
113 403
113 404
113 405
113 406
113 407
113 409
113 422
113 423
113 424
113 428
113 430
113 431
114 115
114 116
114 117
114 118
114 119
114 121
114 125
114 131
114 136
114 142
114 147
114 153
114 190
114 191
114 194
114 196
114 201
114 204
114 214
114 225
114 228
114 344
114 348
114 403
114 404
114 407
114 409
114 410
114 412
114 413
114 423
114 424
114 428
114 445
114 467
115 116
115 118
115 119
115 125
115 130
115 134
115 135
115 136
115 137
115 139
115 140
115 153
115 160
115 161
115 194
115 201
115 204
115 225
115 337
115 338
115 340
115 344
115 348
115 403
115 404
115 405
115 406
115 407
115 409
115 410
115 413
115 419
115 422
115 423
115 424
115 425
115 428
115 430
115 431
115 456
115 467
116 117
116 118
116 119
116 134
116 137
116 153
116 191
116 194
116 196
116 201
116 204
116 214
116 215
116 223
116 225
116 228
116 337
116 340
116 344
116 348
116 403
116 404
116 405
116 406
116 407
116 409
116 410
116 413
116 423
116 430
117 118
117 154
117 157
117 171
117 187
117 191
117 194
117 196
117 201
117 204
117 215
117 228
117 233
117 271
117 396
117 410
118 119
118 121
118 153
118 157
118 191
118 194
118 196
118 201
118 204
118 214
118 215
118 225
118 228
118 348
118 407
118 408
118 409
118 410
118 413
118 424
118 467
119 121
119 123
119 125
119 147
119 153
119 157
119 191
119 194
119 196
119 204
119 214
119 223
119 224
119 225
119 228
119 348
119 397
119 399
119 401
119 408
119 409
119 410
119 412
119 413
119 417
119 423
119 424
119 445
119 467
119 497
119 534
120 221
120 389
120 415
120 580
121 123
121 125
121 147
121 153
121 194
121 225
121 399
121 408
121 409
121 410
121 412
121 413
121 417
121 423
121 424
121 442
121 445
121 464
121 467
122 123
122 204
122 214
122 282
122 415
122 425
122 435
122 497
122 505
122 519
123 147
123 153
123 196
123 204
123 214
123 215
123 223
123 225
123 397
123 401
123 417
123 497
124 125
124 350
124 413
124 419
125 131
125 147
125 153
125 194
125 225
125 409
125 412
125 413
125 417
125 467
126 130
126 132
126 134
126 136
126 137
126 138
126 140
126 151
126 160
126 161
126 338
126 364
126 374
126 376
126 419
126 425
126 430
126 431
126 434
126 436
126 437
126 448
126 456
127 128
127 264
127 293
127 297
127 298
127 368
127 370
127 593
127 596
127 598
127 599
127 600
128 264
128 297
128 298
128 300
128 370
128 420
128 502
128 503
128 505
128 596
128 597
128 598
128 599
128 600
129 130
129 131
129 133
129 134
129 135
129 137
129 140
129 149
129 364
129 365
129 374
129 376
129 403
129 421
129 422
129 429
129 434
129 484
130 131
130 132
130 134
130 135
130 136
130 137
130 139
130 140
130 149
130 160
130 161
130 338
130 364
130 365
130 374
130 376
130 378
130 405
130 419
130 422
130 425
130 428
130 430
130 431
130 436
130 437
130 456
131 134
131 135
131 136
131 140
131 152
131 155
131 160
131 190
131 194
131 225
131 262
131 403
131 409
131 410
131 412
131 420
131 423
131 424
131 425
131 428
131 432
131 447
131 450
132 134
132 135
132 136
132 137
132 140
132 159
132 160
132 425
132 428
132 435
132 436
132 437
132 456
132 503
132 506
133 135
133 137
133 149
133 403
133 404
133 429
134 135
134 136
134 137
134 138
134 140
134 148
134 149
134 160
134 161
134 337
134 338
134 364
134 365
134 374
134 403
134 404
134 405
134 406
134 407
134 409
134 419
134 422
134 425
134 428
134 429
134 430
134 431
134 432
134 434
134 435
134 436
134 437
134 456
134 458
135 136
135 137
135 140
135 149
135 160
135 161
135 364
135 365
135 367
135 374
135 376
135 403
135 405
135 422
135 428
135 429
135 430
135 434
135 456
136 137
136 139
136 140
136 141
136 142
136 148
136 153
136 159
136 160
136 161
136 190
136 199
136 201
136 202
136 214
136 228
136 405
136 419
136 422
136 425
136 428
136 429
136 430
136 432
136 435
136 436
136 450
136 456
136 458
136 578
137 138
137 139
137 140
137 149
137 160
137 161
137 337
137 338
137 364
137 365
137 367
137 374
137 376
137 378
137 403
137 404
137 405
137 419
137 422
137 428
137 429
137 430
137 431
137 436
137 456
138 161
138 430
138 436
139 140
139 160
139 376
139 430
140 141
140 148
140 149
140 155
140 159
140 160
140 161
140 190
140 199
140 338
140 364
140 365
140 374
140 376
140 405
140 419
140 422
140 425
140 428
140 429
140 430
140 432
140 434
140 436
140 437
140 456
140 458
141 199
141 202
141 279
141 438
142 144
142 159
142 160
142 409
142 456
143 351
144 160
145 224
145 225
145 228
145 246
145 534
146 341
146 345
146 354
146 356
146 361
146 372
146 414
147 153
147 194
147 196
147 225
147 228
147 397
147 399
147 412
147 417
147 445
147 497
147 534
148 149
148 150
148 153
148 155
148 156
148 159
148 160
148 161
148 163
148 190
148 428
148 432
148 434
148 437
148 442
148 453
148 454
148 456
148 458
148 462
148 464
148 465
149 337
149 403
149 406
149 422
149 430
150 152
150 155
150 161
150 432
150 434
150 437
150 446
150 448
150 449
151 161
151 436
151 437
152 155
152 364
152 374
152 432
152 434
152 437
152 446
152 447
152 448
153 155
153 156
153 157
153 159
153 161
153 190
153 191
153 199
153 214
153 225
153 228
153 408
153 409
153 410
153 425
153 432
153 442
153 453
153 454
153 464
153 465
153 467
153 534
154 171
154 187
154 194
154 195
154 196
154 201
154 203
154 204
154 214
154 215
154 228
154 234
154 271
155 156
155 157
155 160
155 161
155 190
155 199
155 225
155 408
155 425
155 428
155 432
155 435
155 437
155 439
155 442
155 444
155 448
155 453
155 454
155 456
155 458
155 464
155 465
155 467
155 510
155 543
155 571
156 157
156 160
156 161
156 163
156 217
156 225
156 432
156 442
156 453
156 454
156 458
156 464
156 465
156 467
156 543
157 163
157 190
157 191
157 194
157 196
157 225
157 228
157 233
157 396
157 408
157 410
157 454
157 465
157 467
157 515
157 534
157 543
157 544
158 159
158 160
158 455
158 464
159 160
159 161
159 164
159 190
159 199
159 201
159 202
159 214
159 228
159 428
159 442
159 456
159 458
159 465
160 161
160 190
160 405
160 422
160 423
160 428
160 430
160 432
160 436
160 437
160 442
160 453
160 456
160 458
160 462
160 464
161 364
161 419
161 422
161 425
161 428
161 430
161 431
161 432
161 434
161 435
161 436
161 437
161 442
161 446
161 448
161 453
161 454
161 456
161 458
161 464
162 462
163 464
163 465
163 543
164 195
164 196
164 201
164 214
164 233
164 281
165 457
166 384
167 276
168 170
168 172
168 189
168 247
168 256
168 390
168 585
169 471
169 575
170 172
170 188
170 189
170 207
170 213
170 230
170 231
170 239
170 247
170 248
170 256
170 258
170 266
170 269
170 276
170 476
170 509
170 511
170 538
170 548
170 556
170 570
170 573
171 181
171 271
172 189
172 230
172 231
172 236
172 238
172 247
172 248
172 249
172 252
172 256
172 258
172 269
172 478
172 493
172 509
172 511
172 548
172 556
172 559
172 560
173 268
174 217
174 477
175 180
176 452
176 562
177 482
178 207
178 252
178 265
178 268
178 567
178 569
178 570
178 572
179 398
180 503
182 314
182 483
183 268
184 540
185 309
187 188
187 196
187 215
187 234
187 271
187 400
188 189
188 207
188 213
188 216
188 229
188 230
188 231
188 256
188 266
188 270
188 476
188 509
188 573
189 213
189 229
189 230
189 234
189 236
189 247
189 256
189 266
189 509
189 511
189 542
190 199
190 202
190 225
190 425
190 428
190 432
190 435
190 444
190 450
190 451
190 454
190 456
190 458
190 465
190 510
191 194
191 201
191 225
191 228
192 222
192 245
193 492
194 196
194 201
194 204
194 214
194 215
194 225
194 228
194 344
194 396
194 403
194 404
194 407
194 409
194 410
194 412
194 417
194 423
194 424
194 467
195 196
195 201
195 214
195 228
195 233
195 263
195 515
195 519
196 201
196 203
196 204
196 214
196 215
196 223
196 225
196 228
196 233
196 271
196 396
196 399
196 410
196 417
196 515
197 213
197 229
197 266
197 273
198 459
200 208
200 255
200 263
200 272
200 274
200 279
200 280
201 203
201 204
201 214
201 215
201 225
201 228
202 503
203 204
203 205
203 214
203 215
203 228
203 502
203 503
204 214
204 215
204 228
204 262
204 348
204 383
204 384
204 387
204 404
204 407
204 409
204 410
204 417
204 419
204 425
204 497
206 207
206 212
206 518
206 521
206 574
207 209
207 211
207 213
207 216
207 229
207 230
207 231
207 239
207 247
207 248
207 252
207 256
207 258
207 265
207 266
207 268
207 269
207 270
207 476
207 488
207 493
207 509
207 511
207 513
207 538
207 542
207 548
207 565
207 567
207 570
207 573
208 210
208 255
208 259
208 295
208 296
208 561
209 212
209 243
209 254
209 255
209 265
209 268
209 270
209 295
209 463
209 508
209 514
209 528
209 561
209 566
209 572
210 267
210 295
211 213
211 230
211 231
211 239
211 394
211 493
211 509
211 513
211 518
211 542
211 551
211 565
211 573
212 232
212 273
213 229
213 230
213 231
213 234
213 256
213 266
213 273
213 509
213 521
213 542
213 565
213 573
214 215
214 225
214 228
214 262
214 387
214 407
214 410
214 425
214 435
214 503
214 519
215 228
216 229
216 248
216 252
216 265
216 266
216 268
216 270
216 485
216 509
216 523
216 567
216 577
218 251
219 273
219 274
220 287
220 328
220 369
221 348
221 386
221 397
221 401
222 224
222 226
222 240
222 245
222 532
222 536
222 551
222 554
223 224
223 225
223 397
223 399
223 401
223 410
223 412
223 534
224 225
224 245
224 246
224 397
224 399
224 531
224 532
224 534
224 553
225 228
225 246
225 262
225 397
225 399
225 408
225 410
225 412
225 424
225 445
225 450
225 467
225 534
226 227
226 245
226 532
226 535
226 536
226 554
227 242
227 253
227 536
227 537
227 550
228 233
228 262
228 387
228 396
228 399
228 410
228 451
228 534
229 230
229 256
229 258
229 265
229 266
229 270
229 273
230 231
230 239
230 247
230 248
230 256
230 258
230 265
230 266
230 269
230 479
230 488
230 493
230 495
230 509
230 511
230 513
230 538
230 542
230 548
230 567
230 570
230 573
230 589
231 239
231 247
231 248
231 256
231 258
231 266
231 269
231 479
231 488
231 493
231 495
231 509
231 511
231 513
231 538
231 542
231 548
231 560
231 565
231 567
231 570
231 573
233 234
233 244
233 271
234 271
234 273
235 236
236 238
236 239
236 240
236 247
236 266
236 479
236 493
236 511
236 542
236 547
236 548
236 551
236 556
236 559
236 560
236 589
237 287
238 239
238 240
238 243
238 247
238 248
238 252
238 493
238 511
238 542
238 547
238 548
238 550
238 551
238 556
238 560
238 561
238 570
238 589
239 240
239 243
239 247
239 248
239 252
239 256
239 265
239 493
239 509
239 513
239 542
239 548
239 550
239 551
239 556
239 560
239 567
239 570
239 589
240 243
240 286
240 542
240 547
240 548
240 549
240 550
240 551
240 554
240 560
241 244
242 552
243 250
243 252
243 254
243 265
243 268
243 508
243 548
243 561
243 570
246 531
246 534
247 248
247 249
247 252
247 256
247 258
247 265
247 266
247 269
247 276
247 478
247 488
247 509
247 511
247 538
247 548
247 556
247 567
247 570
247 589
248 249
248 250
248 252
248 254
248 256
248 258
248 265
248 266
248 268
248 269
248 270
248 276
248 478
248 493
248 509
248 511
248 538
248 548
248 556
248 567
248 570
249 252
250 252
250 254
250 265
250 268
250 269
250 270
250 561
250 570
251 273
252 254
252 256
252 258
252 265
252 266
252 268
252 269
252 270
252 276
252 478
252 493
252 538
252 548
252 556
252 557
252 561
252 567
252 570
253 277
253 552
253 558
253 563
254 265
254 268
254 269
254 270
254 561
254 567
254 570
255 295
255 561
256 258
256 265
256 266
256 269
256 493
256 509
256 511
256 538
256 548
256 573
257 260
258 265
258 266
258 269
258 509
258 511
258 522
258 548
258 556
258 589
259 564
261 296
261 499
262 299
262 383
262 386
262 387
262 420
262 425
262 450
262 502
262 503
262 540
263 273
263 274
263 280
264 296
264 297
264 298
264 300
264 459
264 502
264 594
264 596
264 598
264 599
264 600
265 266
265 268
265 269
265 270
265 509
265 548
265 561
265 567
265 570
266 269
266 270
266 273
266 479
266 509
266 511
266 542
266 570
266 573
267 272
267 274
267 279
267 499
267 571
268 269
268 270
268 561
268 567
268 570
268 577
269 270
269 276
269 511
270 273
270 567
270 570
271 402
272 274
274 279
274 280
274 281
275 277
277 278
278 279
281 465
282 519
283 392
283 581
283 588
285 286
285 292
285 583
286 547
286 549
286 583
286 584
288 585
290 489
294 368
294 370
294 593
295 565
295 572
296 297
296 300
297 298
297 368
297 592
297 593
297 596
297 599
298 300
299 387
299 425
299 502
299 503
299 505
299 519
299 600
300 598
301 302
301 317
301 389
302 322
302 580
303 304
303 306
304 305
304 308
304 312
305 321
305 389
305 580
306 310
308 326
311 313
313 314
315 316
316 319
317 388
320 321
320 336
320 389
320 469
321 322
321 336
321 389
321 392
321 530
321 580
322 323
322 389
322 392
322 529
322 530
322 533
323 324
323 327
323 329
323 332
323 334
323 335
323 336
323 526
323 529
323 533
324 329
324 336
325 546
327 328
327 329
327 330
327 332
327 335
327 526
327 529
328 329
328 330
328 332
328 335
329 330
329 332
329 334
329 335
329 526
330 332
330 335
331 333
332 335
333 334
334 562
335 336
335 529
336 389
336 392
336 530
336 533
337 338
337 340
337 342
337 344
337 346
337 347
337 350
337 375
337 379
337 381
337 405
337 406
337 407
337 409
337 416
337 422
337 430
338 340
338 342
338 343
338 344
338 346
338 347
338 350
338 364
338 365
338 375
338 376
338 378
338 379
338 405
338 406
338 409
338 419
338 422
338 425
338 430
338 436
338 448
339 437
339 448
339 449
339 461
340 342
340 343
340 344
340 346
340 347
340 350
340 375
340 403
340 404
340 405
340 406
340 407
340 409
340 416
340 422
340 430
342 343
342 344
342 346
342 347
343 344
343 346
343 347
344 346
344 348
344 350
344 375
344 403
344 404
344 405
344 406
344 407
344 409
344 412
344 413
344 416
344 417
344 421
344 422
344 423
344 430
345 352
345 354
345 356
346 347
346 375
346 486
347 350
347 379
347 422
348 383
348 386
348 401
348 406
348 407
348 408
348 409
348 410
348 412
348 413
348 416
348 417
348 425
348 467
348 497
349 353
349 354
350 416
351 353
351 412
352 354
352 358
352 362
352 363
353 354
353 359
353 414
354 355
354 356
354 414
355 356
357 418
358 360
358 361
358 362
358 363
360 362
360 363
361 362
361 363
362 363
364 365
364 374
364 422
364 428
364 430
364 434
364 436
364 437
364 446
364 448
365 366
365 367
365 374
365 405
365 422
365 429
365 430
365 433
365 434
366 370
367 373
367 374
367 429
368 370
370 593
370 598
370 599
371 373
371 374
371 382
373 374
373 382
373 434
373 436
374 376
374 382
374 434
374 436
374 437
374 448
375 421
375 422
376 378
376 419
376 422
376 436
377 380
377 382
378 405
378 422
380 382
382 436
383 384
383 385
383 386
383 387
383 410
383 540
384 385
384 387
384 390
384 395
385 386
385 390
385 391
385 395
385 401
386 387
386 391
386 397
386 539
386 540
386 579
387 391
387 420
387 425
387 502
387 503
387 519
387 540
387 600
389 392
389 530
389 580
390 395
390 489
390 586
391 395
391 397
391 399
391 401
391 412
391 445
391 534
391 540
392 397
392 530
392 533
393 394
393 395
393 398
393 400
393 495
393 518
393 545
393 551
394 398
394 400
394 452
394 460
394 493
394 495
394 496
394 518
394 521
394 527
394 536
394 545
394 551
395 396
395 397
395 399
395 400
395 401
395 487
395 540
395 586
396 399
396 408
396 410
396 451
396 467
396 491
396 515
396 517
396 519
397 399
397 401
397 408
397 410
397 412
397 417
397 487
397 497
397 530
397 531
397 533
397 534
397 540
398 400
398 452
398 460
398 518
398 521
399 401
399 408
399 410
399 412
399 417
399 445
399 497
399 515
399 519
399 531
399 533
399 534
399 540
399 553
400 460
400 474
400 495
400 507
400 518
400 521
400 545
401 412
401 417
401 487
401 534
401 540
403 404
403 405
403 406
403 409
403 422
403 423
403 424
403 429
403 430
404 405
404 406
404 407
404 409
404 422
404 423
404 424
404 428
404 429
404 430
405 406
405 407
405 409
405 419
405 422
405 423
405 428
405 429
405 430
405 431
406 407
406 409
406 416
406 422
406 425
406 430
407 409
407 410
407 413
407 416
407 417
407 419
407 422
407 425
407 430
408 409
408 410
408 412
408 432
408 435
408 439
408 451
408 453
408 454
408 464
408 467
408 492
408 515
408 543
409 410
409 412
409 413
409 416
409 417
409 419
409 422
409 423
409 424
409 425
409 430
409 431
409 467
410 412
410 417
410 424
410 435
410 451
410 454
410 467
410 515
411 492
411 552
412 413
412 414
412 417
412 423
412 424
412 445
412 467
412 497
412 534
413 417
413 424
413 467
414 441
416 417
417 467
417 497
419 422
419 425
419 430
419 436
419 448
420 421
420 425
420 450
420 600
422 429
422 430
423 424
423 428
423 430
423 445
424 467
425 430
425 435
425 437
425 448
425 450
425 456
425 595
426 584
427 568
428 429
428 430
428 431
428 432
428 435
428 436
428 437
428 450
428 456
428 458
428 464
429 430
429 433
429 484
430 431
430 456
432 434
432 435
432 437
432 439
432 442
432 453
432 454
432 456
432 458
432 464
432 465
432 467
432 526
434 436
434 437
434 446
434 448
434 449
435 436
435 437
435 448
435 451
435 454
435 456
435 458
435 461
435 503
435 504
436 437
436 448
436 456
436 458
437 444
437 446
437 448
437 449
437 454
437 456
437 458
437 571
439 453
439 454
439 458
439 464
439 465
439 467
439 492
439 510
439 525
439 543
440 441
440 446
442 444
442 453
442 454
442 456
442 458
442 464
442 465
442 467
443 453
444 453
444 454
444 458
444 464
444 465
445 534
446 448
447 450
448 449
449 454
450 451
450 503
451 492
451 515
452 460
452 496
452 515
452 516
452 518
452 520
452 521
452 527
452 545
452 555
452 574
453 454
453 458
453 462
453 464
453 465
453 467
453 468
453 492
453 526
453 543
453 544
453 571
454 458
454 461
454 464
454 465
454 467
454 468
454 492
454 510
454 543
454 571
456 458
456 462
456 464
456 465
457 577
458 461
458 462
458 464
458 465
458 468
458 510
458 571
459 502
459 598
460 474
460 490
460 500
460 501
460 516
460 518
460 527
461 465
461 468
461 492
461 510
462 464
462 465
462 526
463 494
463 508
463 512
463 514
463 528
463 552
463 558
463 561
463 572
463 576
464 465
464 467
464 543
465 468
465 510
465 525
465 571
466 468
468 492
468 510
468 571
470 562
472 485
475 509
476 509
476 548
476 570
478 548
478 556
478 557
478 560
478 561
478 567
478 570
479 495
479 509
479 511
479 538
479 559
479 573
480 481
480 526
482 523
485 507
485 523
487 586
488 513
488 538
488 548
488 556
488 564
488 567
489 495
489 547
489 549
489 551
489 559
489 586
490 492
490 494
490 500
490 514
490 518
490 527
490 574
491 501
491 515
491 519
493 495
493 496
493 507
493 508
493 509
493 511
493 513
493 518
493 521
493 527
493 538
493 542
493 547
493 548
493 551
493 557
493 559
493 560
493 564
493 567
493 570
493 573
493 589
494 512
494 514
494 527
494 572
494 574
495 496
495 509
495 511
495 513
495 518
495 521
495 542
495 547
495 548
495 551
495 554
495 555
495 559
495 560
495 573
495 589
496 513
496 518
496 521
496 527
496 542
496 545
496 551
496 555
496 560
497 519
497 534
498 520
498 543
499 510
499 512
499 524
499 568
499 571
500 516
500 518
500 527
500 574
501 502
501 516
502 503
502 504
502 505
502 600
503 504
503 505
503 600
505 600
507 518
508 557
508 558
508 561
508 566
508 567
509 511
509 513
509 521
509 538
509 542
509 547
509 548
509 551
509 559
509 560
509 565
509 567
509 570
509 573
509 589
510 512
510 525
510 571
511 513
511 538
511 542
511 547
511 548
511 551
511 559
511 560
511 570
511 573
511 589
512 543
512 571
513 518
513 521
513 527
513 538
513 542
513 547
513 548
513 551
513 560
513 564
513 565
513 567
513 570
513 573
513 589
514 527
514 528
514 552
514 562
514 566
514 572
515 517
515 519
516 518
516 521
516 542
516 545
516 565
516 574
517 519
518 521
518 527
518 545
518 551
518 555
518 573
518 574
519 540
520 521
520 543
520 544
520 545
520 555
521 542
521 545
521 551
521 555
521 573
521 574
522 587
525 526
527 562
527 564
527 565
527 572
527 574
528 569
528 572
529 584
530 533
531 532
531 534
531 535
531 553
531 554
532 534
532 535
532 553
532 554
532 555
534 540
534 553
536 551
536 554
536 562
537 552
538 548
538 556
538 560
538 564
538 567
538 570
538 589
539 579
540 579
540 600
541 592
542 547
542 548
542 551
542 554
542 560
542 565
542 570
542 573
542 589
543 544
545 551
545 555
545 574
547 548
547 549
547 551
547 554
547 555
547 559
547 560
547 589
548 550
548 551
548 556
548 560
548 567
548 570
548 589
549 551
549 553
549 554
549 555
549 583
550 554
550 560
550 564
551 554
551 555
551 560
551 573
552 558
552 572
553 584
554 555
556 570
557 558
557 560
557 561
557 570
558 560
558 561
558 563
559 573
560 561
560 570
560 573
560 589
561 566
561 567
561 570
561 572
561 576
562 572
564 567
564 590
565 574
566 567
566 570
566 572
566 575
567 570
569 570
569 572
570 573
570 589
583 584
588 591
592 596
593 598
593 599
594 596
594 598
596 598
596 599
596 600
597 599
597 600
598 599
598 600
599 600
