600 3596

1 4
1 20
1 21
1 38
1 98
1 290
1 321
1 322
1 336
1 390
1 391
2 3
2 93
2 94
2 95
2 96
2 386
3 6
3 7
3 303
3 360
4 22
4 23
4 26
4 28
4 30
4 31
4 35
4 36
4 292
4 323
4 325
4 327
4 328
4 329
4 332
5 24
5 59
5 305
7 10
7 312
7 360
8 12
8 316
8 319
8 565
8 571
8 572
8 575
9 310
9 311
9 315
10 471
11 94
12 15
12 16
12 19
12 316
12 319
12 538
12 557
13 15
13 249
13 310
13 315
13 316
14 17
14 29
14 312
14 313
14 318
14 331
15 16
15 313
15 315
15 316
15 557
16 17
16 19
16 37
16 312
16 313
16 318
16 557
17 19
17 21
17 29
17 35
17 37
17 38
17 312
17 318
17 320
17 331
17 334
17 336
18 20
18 98
18 100
18 102
18 389
19 21
19 37
19 312
19 316
19 318
19 320
19 331
19 334
19 336
20 21
20 37
20 94
20 98
20 102
20 319
20 320
20 321
20 336
20 391
21 35
21 37
21 38
21 94
21 95
21 98
21 102
21 103
21 319
21 320
21 321
21 334
21 336
21 391
22 23
22 26
22 30
22 31
22 35
22 36
22 38
22 292
22 323
22 325
22 327
22 328
22 329
22 332
22 333
22 335
23 25
23 26
23 27
23 28
23 29
23 30
23 31
23 32
23 33
23 35
23 36
23 38
23 292
23 323
23 324
23 325
23 327
23 328
23 329
23 331
23 332
23 333
23 334
23 335
24 27
24 30
24 324
24 326
24 328
24 329
25 26
25 28
25 31
25 325
25 328
25 332
25 550
26 27
26 28
26 30
26 31
26 32
26 33
26 35
26 36
26 38
26 323
26 324
26 325
26 327
26 328
26 329
26 331
26 332
26 333
26 334
26 335
27 28
27 30
27 31
27 32
27 33
27 35
27 36
27 38
27 323
27 324
27 325
27 327
27 328
27 329
27 331
27 332
27 333
27 334
27 335
28 30
28 31
28 34
28 35
28 38
28 284
28 285
28 325
28 327
28 328
28 332
28 582
29 37
29 312
29 318
29 331
30 31
30 32
30 33
30 35
30 36
30 38
30 323
30 324
30 325
30 327
30 328
30 329
30 331
30 332
30 333
30 334
30 335
31 36
31 323
31 324
31 325
31 327
31 328
31 329
31 332
31 333
32 35
32 36
32 38
32 320
32 323
32 325
32 327
32 329
32 331
32 332
32 333
32 334
32 335
32 336
33 34
33 36
33 220
33 226
33 235
33 239
33 286
33 287
33 332
33 529
33 549
33 584
34 220
34 226
34 235
34 239
34 240
34 286
34 287
34 547
34 553
34 584
35 36
35 37
35 38
35 320
35 323
35 325
35 327
35 329
35 331
35 332
35 333
35 334
35 335
35 336
36 38
36 220
36 323
36 324
36 325
36 328
36 329
36 332
36 333
36 334
36 335
37 38
37 318
37 319
37 320
37 331
37 334
37 336
37 391
38 108
38 221
38 320
38 325
38 327
38 329
38 331
38 332
38 333
38 334
38 335
38 336
38 391
39 42
39 56
39 79
39 83
39 87
39 88
39 89
39 113
39 115
39 126
39 130
39 139
39 337
39 367
39 374
39 376
39 379
39 405
39 410
40 44
40 58
40 78
40 146
40 149
40 150
40 341
40 353
40 368
40 371
40 440
41 42
41 43
41 45
41 46
41 48
41 54
41 56
41 80
41 140
41 338
41 339
41 342
41 343
41 346
41 347
41 349
42 44
42 45
42 47
42 51
42 56
42 60
42 68
42 74
42 75
42 79
42 80
42 82
42 83
42 89
42 113
42 115
42 126
42 130
42 139
42 140
42 337
42 341
42 344
42 345
42 348
42 359
42 365
42 367
42 369
42 371
42 372
42 373
42 374
42 375
42 376
42 379
42 410
42 421
42 422
42 430
42 440
43 46
43 48
43 49
43 80
43 86
43 91
43 284
43 338
43 339
43 343
43 346
43 347
43 382
44 49
44 51
44 56
44 57
44 58
44 60
44 61
44 63
44 64
44 65
44 68
44 70
44 74
44 75
44 78
44 82
44 83
44 130
44 134
44 138
44 139
44 140
44 146
44 147
44 149
44 150
44 337
44 341
44 344
44 345
44 348
44 353
44 356
44 357
44 358
44 359
44 365
44 367
44 368
44 369
44 371
44 372
44 373
44 375
44 376
44 414
44 421
44 422
44 430
44 431
44 434
44 440
44 444
44 446
44 447
45 46
45 48
45 54
45 56
45 70
45 80
45 139
46 48
46 53
46 54
46 61
46 339
46 343
46 346
46 349
47 55
47 56
47 60
47 82
47 113
47 115
47 117
47 118
47 337
47 340
47 344
47 375
47 410
47 411
47 414
47 422
47 440
47 441
48 54
48 56
48 58
48 61
48 80
48 89
48 91
48 338
48 339
48 342
48 343
48 346
48 347
48 349
48 354
48 355
48 371
48 374
48 382
48 475
49 80
49 86
49 90
49 127
49 150
49 342
49 343
49 347
49 382
49 431
49 434
49 446
49 448
50 51
50 59
50 62
50 64
50 145
50 147
50 351
50 357
50 358
50 412
50 445
51 59
51 60
51 62
51 63
51 64
51 65
51 66
51 82
51 147
51 341
51 345
51 348
51 351
51 352
51 353
51 358
51 359
51 361
51 362
51 363
51 369
51 372
51 375
51 421
51 436
52 105
52 110
52 119
52 123
52 124
52 145
52 350
52 394
52 398
52 415
52 416
52 417
52 445
52 534
54 56
54 61
54 80
54 338
54 343
54 346
54 347
54 349
55 60
55 64
55 82
55 118
55 120
55 121
55 145
55 146
55 147
55 341
55 357
55 359
55 412
55 413
55 414
55 421
55 440
55 447
56 60
56 68
56 82
56 139
56 337
56 344
56 348
56 354
56 371
56 374
56 375
57 63
57 65
57 123
57 124
57 146
57 149
57 150
57 341
57 350
57 357
57 359
57 368
57 412
57 421
57 430
57 434
57 437
57 440
57 441
57 444
58 60
58 61
58 75
58 78
58 341
58 353
58 354
58 355
58 356
58 368
59 62
59 64
59 66
59 67
59 147
59 351
59 352
59 358
59 361
59 362
59 363
60 61
60 64
60 75
60 78
60 82
60 118
60 139
60 140
60 146
60 147
60 337
60 341
60 344
60 345
60 348
60 351
60 353
60 357
60 359
60 369
60 372
60 373
60 375
60 413
60 414
60 421
60 422
60 440
60 447
61 78
61 353
61 354
61 355
61 356
62 63
62 66
62 67
62 147
62 351
62 352
62 358
62 360
62 361
62 362
62 363
62 369
63 64
63 65
63 75
63 78
63 82
63 134
63 140
63 146
63 147
63 150
63 341
63 345
63 348
63 351
63 352
63 353
63 357
63 358
63 359
63 361
63 369
63 372
63 375
63 412
63 413
63 414
63 421
63 430
63 434
63 440
64 82
64 118
64 120
64 147
64 341
64 351
64 357
64 359
64 369
64 412
64 413
64 414
64 447
65 124
65 130
65 140
65 146
65 149
65 150
65 341
65 345
65 348
65 357
65 358
65 359
65 412
65 420
65 421
65 422
65 430
65 434
65 440
65 446
66 67
66 351
66 352
66 361
66 362
66 363
67 330
67 351
67 352
67 360
67 361
67 362
67 363
68 75
68 79
68 82
68 83
68 130
68 138
68 139
68 140
68 337
68 341
68 344
68 345
68 353
68 365
68 367
68 368
68 373
68 375
68 376
68 422
68 430
68 440
69 71
69 72
69 79
69 81
69 83
69 365
69 370
69 373
69 376
69 422
69 473
70 71
70 72
70 74
70 75
70 78
70 82
70 83
70 139
70 140
70 365
70 366
70 368
70 370
70 376
70 421
70 429
70 439
70 444
71 72
71 76
71 79
71 135
71 365
71 370
72 365
72 366
72 370
73 133
74 75
74 77
74 78
74 82
74 140
74 147
74 348
74 369
74 372
74 375
74 421
74 469
75 78
75 79
75 82
75 83
75 127
75 130
75 135
75 138
75 139
75 140
75 146
75 149
75 150
75 337
75 341
75 344
75 345
75 348
75 353
75 356
75 357
75 359
75 365
75 366
75 367
75 368
75 369
75 371
75 372
75 373
75 375
75 376
75 420
75 421
75 422
75 429
75 430
75 431
75 434
75 437
75 440
75 441
75 444
75 447
75 478
76 127
76 135
76 144
76 370
77 82
78 82
78 134
78 138
78 146
78 149
78 150
78 341
78 344
78 345
78 348
78 353
78 355
78 357
78 365
78 368
78 372
78 375
78 413
78 414
78 421
78 422
78 430
78 431
78 434
78 440
78 444
78 447
79 81
79 83
79 86
79 89
79 90
79 130
79 135
79 139
79 140
79 294
79 365
79 367
79 370
79 373
79 375
79 376
79 405
79 422
79 429
79 473
80 84
80 86
80 87
80 89
80 91
80 338
80 342
80 343
80 346
80 347
80 349
80 374
80 382
80 427
81 84
81 86
81 87
81 88
81 89
81 90
81 377
81 380
81 381
82 83
82 118
82 138
82 139
82 140
82 146
82 147
82 337
82 341
82 344
82 345
82 348
82 358
82 359
82 365
82 367
82 368
82 369
82 372
82 373
82 375
82 376
82 413
82 414
82 421
82 422
82 430
82 440
82 444
82 447
83 126
83 130
83 138
83 139
83 140
83 337
83 341
83 344
83 345
83 365
83 367
83 370
83 372
83 373
83 375
83 376
83 410
83 420
83 421
83 422
83 430
83 440
84 86
84 87
84 91
84 377
84 380
84 381
84 382
85 88
86 87
86 89
86 90
86 91
86 377
86 380
86 381
86 382
86 506
87 88
87 89
87 91
87 377
87 380
87 381
87 382
88 89
88 113
88 115
88 116
88 126
88 130
88 337
88 340
88 367
88 378
88 380
88 405
89 91
89 126
89 139
89 337
89 374
89 377
89 379
89 380
89 381
89 382
89 405
90 127
90 132
90 137
90 291
90 377
90 380
90 381
90 506
91 167
91 339
91 343
91 346
91 347
91 377
91 380
91 381
91 382
92 165
92 187
92 198
92 207
92 279
92 281
92 296
92 402
92 585
93 94
93 95
93 96
93 303
93 386
94 95
94 319
94 320
95 96
95 97
95 319
95 385
96 97
97 98
97 385
98 100
98 102
98 317
98 319
98 321
98 385
98 389
98 391
99 262
100 102
100 249
100 283
100 389
100 580
101 189
101 192
101 195
101 489
101 523
102 391
103 104
103 390
103 391
103 396
104 105
104 106
104 114
104 116
104 189
104 191
104 193
104 194
104 201
104 390
104 393
104 394
104 395
104 396
104 397
104 408
104 492
104 495
104 504
105 106
105 110
105 112
105 114
105 116
105 117
105 188
105 194
105 290
105 390
105 393
105 394
105 395
105 396
105 397
105 398
105 399
105 401
105 407
105 408
105 417
105 418
105 419
105 451
105 491
105 495
105 504
106 110
106 188
106 194
106 290
106 388
106 390
106 393
106 394
106 395
106 396
106 397
106 399
106 401
106 408
106 417
106 418
106 451
106 495
106 504
107 108
107 111
107 120
108 336
108 390
108 391
108 395
109 114
109 191
109 194
109 396
110 119
110 123
110 124
110 145
110 350
110 388
110 393
110 394
110 395
110 397
110 398
110 399
110 400
110 401
110 408
110 417
110 418
110 423
110 451
110 534
111 118
111 120
112 113
112 114
112 115
112 194
112 367
112 393
112 403
112 404
112 406
112 408
112 410
112 419
112 423
112 430
112 451
112 491
112 495
112 504
113 114
113 115
113 116
113 117
113 123
113 126
113 130
113 133
113 139
113 337
113 340
113 350
113 367
113 372
113 403
113 404
113 406
113 407
113 408
113 409
113 410
113 411
113 419
113 421
114 115
114 116
114 123
114 159
114 191
114 193
114 194
114 199
114 201
114 207
114 212
114 393
114 394
114 396
114 397
114 403
114 407
114 408
114 410
114 419
114 442
114 451
114 467
114 491
114 492
114 495
114 504
114 505
115 116
115 117
115 123
115 126
115 130
115 133
115 139
115 194
115 337
115 340
115 367
115 372
115 375
115 379
115 403
115 406
115 407
115 409
115 410
115 419
115 422
116 117
116 194
116 340
116 393
116 396
116 407
116 408
116 410
117 123
117 194
117 340
117 350
117 393
117 396
117 403
117 404
117 406
117 407
117 408
117 409
117 410
117 411
117 418
117 419
117 491
118 120
118 121
118 145
118 146
118 147
118 357
118 359
118 412
118 413
118 414
118 421
118 438
118 445
118 447
119 120
119 121
119 123
119 124
119 125
119 145
119 225
119 350
119 397
119 398
119 399
119 401
119 412
119 417
119 418
119 445
119 467
119 534
120 121
120 124
120 145
120 147
120 398
120 401
120 412
120 413
120 414
120 445
120 447
121 124
121 145
121 147
121 350
121 398
121 401
121 412
121 413
121 414
121 418
121 441
122 127
122 137
122 148
122 158
122 161
122 437
122 506
123 124
123 130
123 136
123 145
123 194
123 204
123 350
123 393
123 394
123 401
123 403
123 407
123 408
123 417
123 418
123 419
123 430
123 441
123 442
124 129
124 145
124 350
124 359
124 398
124 401
124 412
124 413
124 417
124 418
124 423
124 441
124 445
124 534
125 159
125 164
125 196
125 224
125 397
125 399
125 417
125 418
125 467
125 498
125 534
125 545
126 130
126 139
126 140
126 337
126 367
126 375
126 376
126 410
126 422
127 135
127 138
127 366
127 371
128 131
128 158
128 161
128 164
128 204
128 259
128 261
128 272
128 274
128 277
128 281
128 296
128 297
128 299
129 130
129 142
129 144
129 145
129 146
129 149
129 359
129 370
129 401
129 403
129 406
129 419
129 420
129 421
129 422
129 423
129 430
129 437
129 441
129 444
129 598
130 138
130 139
130 140
130 141
130 337
130 345
130 359
130 365
130 367
130 372
130 375
130 376
130 378
130 403
130 406
130 409
130 410
130 419
130 420
130 421
130 422
130 430
131 136
131 159
131 204
131 207
131 212
131 264
131 279
131 281
131 424
131 450
131 594
132 137
132 275
132 428
132 506
133 409
133 410
133 419
134 136
134 146
134 341
134 372
134 426
134 430
135 137
135 138
135 370
135 426
135 430
136 138
136 161
136 204
136 261
136 420
136 425
136 426
136 430
136 434
136 442
136 454
136 458
137 138
137 158
137 276
137 277
137 506
137 591
138 139
138 140
138 148
138 150
138 337
138 341
138 345
138 348
138 365
138 367
138 371
138 372
138 375
138 376
138 379
138 420
138 421
138 422
138 425
138 429
138 430
138 431
138 434
138 440
138 444
139 140
139 337
139 341
139 345
139 348
139 365
139 367
139 371
139 372
139 373
139 375
139 376
139 379
139 403
139 406
139 409
139 410
139 421
139 422
139 429
139 430
139 431
139 440
139 444
140 150
140 337
140 341
140 342
140 344
140 345
140 348
140 359
140 365
140 369
140 372
140 373
140 375
140 376
140 421
140 422
140 430
140 440
142 144
142 438
143 149
144 296
144 365
144 370
144 422
144 441
145 146
145 147
145 149
145 350
145 357
145 359
145 398
145 401
145 412
145 413
145 417
145 421
145 437
145 441
145 445
145 447
145 534
146 147
146 149
146 341
146 345
146 348
146 353
146 357
146 359
146 365
146 368
146 372
146 375
146 412
146 413
146 414
146 421
146 422
146 430
146 437
146 438
146 440
146 441
146 443
146 444
146 447
147 341
147 348
147 351
147 352
147 357
147 358
147 359
147 361
147 369
147 372
147 412
147 413
147 414
147 421
147 440
147 447
148 149
148 150
148 156
148 163
148 205
148 296
148 297
148 365
148 370
148 420
148 431
148 437
148 444
148 462
149 150
149 204
149 341
149 344
149 348
149 350
149 353
149 357
149 359
149 365
149 367
149 368
149 370
149 372
149 373
149 376
149 412
149 413
149 414
149 420
149 421
149 422
149 425
149 430
149 431
149 434
149 437
149 438
149 440
149 441
149 444
149 445
149 447
150 341
150 344
150 345
150 348
150 353
150 357
150 359
150 365
150 368
150 375
150 421
150 422
150 430
150 431
150 434
150 437
150 440
150 444
150 446
150 447
151 272
151 466
152 164
152 296
153 246
154 155
154 171
154 190
154 191
154 195
154 196
154 197
154 203
154 209
154 210
154 212
154 219
155 219
156 161
156 545
157 196
157 498
157 545
158 161
158 290
158 455
159 164
159 195
159 196
159 199
159 200
159 201
159 203
159 204
159 207
159 212
159 224
159 281
159 394
159 442
159 505
160 277
161 186
161 204
161 219
161 272
161 296
161 356
161 426
162 163
162 462
162 598
163 254
163 462
163 464
164 195
164 196
164 203
164 274
164 279
164 281
164 442
164 467
164 498
166 472
168 172
169 472
170 247
172 556
172 557
173 174
173 249
173 317
173 526
173 580
174 249
174 389
174 526
174 580
175 177
175 178
175 179
175 180
175 183
175 486
176 177
176 178
176 179
176 180
176 480
177 179
177 180
177 482
177 486
178 180
178 183
178 249
178 480
179 180
179 184
179 487
180 183
181 586
182 231
182 271
182 307
183 186
183 255
183 257
183 293
183 484
183 486
185 426
186 257
186 293
186 426
187 191
187 198
187 207
187 280
187 384
188 277
188 279
188 289
188 419
189 191
189 192
189 193
189 194
189 195
189 196
189 211
189 212
189 223
189 489
189 495
189 496
190 203
190 208
190 209
190 210
190 212
190 219
190 461
191 192
191 193
191 194
191 195
191 196
191 198
191 199
191 200
191 201
191 207
191 212
191 505
192 193
192 195
192 199
192 211
192 212
192 222
192 223
192 496
193 194
193 195
193 199
193 200
193 201
193 211
193 212
193 223
193 394
193 492
193 495
193 496
193 504
193 505
194 201
194 212
194 393
194 394
194 396
194 397
194 403
194 404
194 407
194 408
194 419
194 451
194 490
194 491
194 492
194 495
194 504
195 196
195 198
195 199
195 200
195 201
195 203
195 207
195 211
195 212
195 223
195 224
195 467
195 498
196 199
196 207
196 212
196 224
196 281
196 467
196 498
196 545
197 211
197 218
198 199
198 200
198 201
198 207
198 212
199 200
199 201
199 207
199 212
199 224
199 281
199 499
199 504
199 505
200 201
200 202
200 207
200 212
200 281
200 499
201 207
201 212
201 492
201 504
201 505
202 211
202 214
203 210
203 214
203 215
203 216
204 207
204 277
204 279
204 281
204 296
204 420
204 425
204 430
204 433
204 442
205 506
206 541
207 212
207 279
207 281
207 402
207 424
208 209
208 210
208 219
208 264
209 210
209 216
209 219
209 231
210 215
210 219
210 231
210 271
211 212
211 222
212 281
212 492
212 495
212 496
212 504
212 505
213 234
214 215
215 231
215 265
215 274
216 219
217 231
219 465
220 226
220 287
220 529
220 553
220 584
221 223
221 394
221 530
221 533
222 223
222 226
222 245
222 553
223 224
223 397
223 399
223 533
224 245
224 399
224 467
224 498
224 533
225 244
225 534
226 227
226 239
226 287
226 529
226 536
226 553
226 584
227 536
228 229
228 236
228 238
228 263
228 282
228 540
229 230
229 234
229 236
229 238
229 241
229 256
229 265
229 269
229 511
229 518
229 540
229 542
229 544
229 552
229 554
229 559
229 567
229 573
229 581
230 237
230 238
230 239
230 240
230 241
230 251
230 265
230 511
230 552
231 265
232 233
232 234
232 271
233 234
233 267
233 521
234 241
234 269
234 273
234 520
234 521
234 581
235 236
235 238
235 239
235 248
235 286
235 547
235 548
235 550
235 584
236 238
236 239
236 240
236 286
236 539
236 540
236 547
236 548
236 552
236 554
236 567
237 238
237 239
237 240
237 263
237 287
237 548
237 549
238 239
238 240
238 243
238 286
238 540
238 547
238 548
238 549
238 552
238 554
239 240
239 241
239 286
239 287
239 536
239 547
239 548
239 549
239 551
239 584
240 243
240 286
240 532
240 539
240 547
240 548
240 549
240 553
240 554
240 584
241 520
241 551
242 552
242 567
242 573
242 574
243 539
243 547
243 548
243 554
243 584
244 555
246 263
246 273
247 250
247 556
248 250
248 550
248 557
249 266
249 283
249 314
249 317
249 480
249 580
250 252
250 254
250 268
250 556
250 557
250 558
250 560
250 561
250 570
251 562
252 255
252 266
252 268
252 270
252 387
252 479
252 538
252 557
252 560
252 569
252 570
253 558
253 561
254 463
254 558
255 258
255 537
256 468
256 542
256 544
256 566
256 567
256 573
256 574
257 258
257 293
257 345
258 293
259 260
259 261
259 278
259 295
259 297
259 299
260 261
260 277
260 588
260 592
260 593
261 272
261 277
261 281
261 296
261 297
261 299
262 298
265 273
266 269
266 282
267 273
267 544
269 270
269 567
269 573
272 274
272 277
272 296
272 297
272 466
272 517
272 592
273 507
276 277
276 278
276 279
277 278
277 279
277 281
277 296
277 297
278 279
278 281
279 281
279 295
279 296
279 298
279 402
279 424
279 450
279 451
279 594
281 296
281 299
281 424
281 450
282 579
283 580
284 339
284 382
284 547
284 550
284 554
285 583
286 547
286 548
286 549
286 550
286 554
286 584
287 529
287 549
287 553
287 584
288 377
292 336
292 535
295 296
295 297
295 298
296 297
296 298
297 298
298 299
300 594
300 597
301 385
301 386
302 305
302 322
303 304
304 305
304 308
305 323
306 315
308 326
309 315
310 315
310 316
310 566
312 313
312 318
312 331
312 547
313 318
313 567
313 573
314 316
316 479
316 538
316 570
316 571
317 388
317 389
317 580
318 320
318 331
318 334
318 547
318 567
319 320
319 321
319 391
320 321
320 334
320 335
320 336
320 391
321 322
321 336
321 389
321 390
321 391
322 325
323 324
323 325
323 327
323 328
323 329
323 332
323 333
323 335
324 326
324 328
324 329
324 332
324 333
324 335
325 327
325 328
325 329
325 332
325 333
325 335
327 328
327 332
327 333
327 335
328 329
328 332
328 333
328 335
329 331
329 332
329 333
329 334
329 335
329 336
331 334
331 335
331 336
332 333
332 335
333 334
333 335
334 335
334 336
335 336
336 391
336 400
337 340
337 341
337 348
337 365
337 367
337 369
337 372
337 373
337 374
337 375
337 376
337 379
337 405
337 406
337 409
337 410
337 421
337 422
337 430
337 440
338 339
338 342
338 343
338 346
338 347
338 349
338 382
339 343
339 346
339 347
339 382
340 403
340 404
340 405
340 406
340 407
340 410
340 411
340 419
340 422
340 491
341 344
341 345
341 348
341 351
341 353
341 356
341 357
341 358
341 359
341 365
341 368
341 369
341 372
341 373
341 375
341 376
341 412
341 413
341 414
341 421
341 422
341 430
341 431
341 434
341 440
341 441
341 444
341 446
341 447
342 343
342 346
342 347
342 520
342 532
342 550
343 346
343 347
343 349
343 354
343 382
344 348
344 353
344 357
344 359
344 364
344 365
344 372
344 373
344 374
344 375
344 376
344 410
344 421
344 422
344 430
344 431
344 434
344 440
344 446
344 447
345 348
345 353
345 356
345 358
345 359
345 365
345 367
345 369
345 371
345 372
345 373
345 375
345 376
345 421
345 422
345 430
345 431
345 434
345 440
345 444
345 446
346 347
346 349
346 354
346 382
347 349
347 353
347 354
347 371
347 374
347 382
348 351
348 352
348 353
348 357
348 358
348 359
348 368
348 369
348 371
348 372
348 374
348 375
348 376
348 421
348 422
348 430
348 434
348 440
348 444
348 447
349 354
350 401
350 407
350 408
350 411
350 412
350 417
350 418
350 419
350 441
350 467
350 534
350 545
351 352
351 358
351 359
351 360
351 361
351 362
351 363
351 369
351 414
351 447
352 358
352 360
352 361
352 362
352 363
352 369
353 354
353 356
353 357
353 358
353 359
353 368
353 371
353 374
353 434
353 440
353 446
354 355
354 356
354 374
356 357
356 434
356 440
357 358
357 359
357 368
357 412
357 413
357 414
357 421
357 434
357 437
357 440
357 441
357 445
357 447
358 359
358 361
358 363
358 364
358 369
358 372
358 375
358 412
358 414
358 421
358 430
358 434
358 440
359 365
359 369
359 372
359 375
359 376
359 412
359 413
359 414
359 421
359 422
359 430
359 437
359 440
359 447
360 361
360 362
360 363
361 362
361 363
362 363
364 365
364 373
364 374
364 430
364 434
365 367
365 368
365 370
365 371
365 372
365 373
365 375
365 376
365 379
365 420
365 421
365 422
365 425
365 429
365 430
365 431
365 434
365 437
365 438
365 440
365 441
365 447
365 597
366 368
366 370
366 371
366 429
367 371
367 372
367 373
367 375
367 376
367 406
367 410
367 419
367 421
367 422
367 425
367 429
367 430
367 431
367 434
367 440
367 441
368 370
368 371
368 373
368 375
368 376
368 420
368 421
368 422
368 429
368 430
368 431
368 434
368 437
368 438
368 440
368 441
368 447
369 372
369 375
369 421
369 440
370 376
370 420
370 421
370 422
370 429
370 430
370 437
370 441
370 546
370 596
370 598
371 373
371 375
371 376
371 421
371 429
371 430
371 431
371 432
371 434
371 440
372 375
372 376
372 410
372 420
372 421
372 422
372 425
372 430
372 431
372 434
372 440
372 447
373 374
373 375
373 376
373 421
373 422
373 430
373 431
373 434
373 440
373 447
374 379
374 382
375 376
375 379
375 410
375 421
375 422
375 430
375 431
375 434
375 440
375 444
375 447
376 379
376 405
376 420
376 421
376 422
376 430
376 431
376 440
376 447
377 380
377 381
377 382
378 403
378 405
379 405
379 421
379 422
380 381
380 382
381 382
383 509
384 459
387 518
387 538
387 539
387 540
387 554
387 579
388 389
388 401
388 580
389 392
389 580
390 391
390 392
390 393
390 394
390 395
390 396
390 492
390 504
391 392
392 395
393 394
393 395
393 396
393 397
393 398
393 399
393 401
393 403
393 404
393 406
393 407
393 408
393 417
393 418
393 419
393 423
393 451
393 491
393 495
393 504
394 395
394 396
394 397
394 399
394 408
394 416
394 417
394 451
394 490
394 492
394 495
394 504
394 530
394 533
395 396
395 397
395 398
395 399
395 401
395 408
395 418
395 451
396 397
396 407
396 408
396 419
396 451
396 490
396 492
396 495
396 504
397 399
397 408
397 417
397 418
397 451
397 467
397 490
397 492
397 495
397 504
397 530
397 533
397 534
398 400
398 401
398 408
398 416
398 445
399 401
399 408
399 417
399 418
399 451
399 467
399 495
399 530
399 533
399 534
401 408
401 412
401 417
401 418
401 423
401 441
401 445
401 451
401 491
401 534
402 424
402 450
402 451
402 594
403 404
403 405
403 406
403 407
403 408
403 409
403 410
403 419
403 422
403 423
403 491
404 406
404 407
404 408
404 409
404 410
404 419
404 423
404 451
404 491
404 495
405 406
405 422
406 407
406 408
406 409
406 410
406 419
406 421
406 422
406 491
407 408
407 409
407 410
407 419
407 491
408 409
408 417
408 418
408 419
408 423
408 451
408 491
408 495
408 504
409 410
409 419
409 421
409 422
410 419
410 422
410 430
411 413
411 419
411 491
412 413
412 414
412 417
412 421
412 437
412 440
412 441
412 445
412 447
413 414
413 421
413 440
413 445
413 447
414 440
414 447
415 416
415 425
415 431
415 434
415 437
415 445
415 446
415 596
415 599
417 418
417 423
417 441
417 451
417 467
417 495
417 530
417 534
417 545
418 441
418 449
418 451
418 467
418 491
418 495
418 534
418 545
419 423
419 430
419 451
419 491
419 495
419 504
420 421
420 422
420 425
420 430
420 431
420 434
420 437
420 440
420 594
420 596
420 598
420 599
421 422
421 425
421 430
421 431
421 434
421 437
421 438
421 440
421 441
421 444
421 447
422 425
422 430
422 431
422 434
422 437
422 440
422 441
422 447
423 424
423 425
423 430
423 441
423 451
423 491
424 450
424 451
425 430
425 431
425 434
425 437
425 440
425 441
425 446
425 594
425 596
425 598
425 599
429 430
429 431
430 431
430 434
430 437
430 440
430 441
430 444
430 446
430 447
430 599
431 434
431 437
431 440
431 441
431 446
431 599
432 455
432 456
432 458
434 437
434 440
434 441
434 446
434 599
435 460
435 490
435 492
435 501
435 504
435 514
437 438
437 440
437 441
437 444
437 445
437 446
437 447
437 462
437 598
438 440
438 447
440 441
440 444
440 446
440 447
441 445
441 447
441 491
442 454
442 467
442 490
442 505
443 445
443 447
444 447
445 447
445 534
446 448
446 599
449 498
449 534
449 545
450 594
451 460
451 490
451 491
451 492
451 495
451 504
452 525
452 527
453 463
453 479
453 508
453 561
453 562
453 571
453 577
454 458
454 460
454 524
455 456
455 575
456 458
456 465
457 501
459 491
459 495
460 490
460 491
460 492
460 501
461 578
462 597
462 598
463 464
463 525
463 527
463 558
463 561
463 563
464 465
464 558
464 563
466 517
466 572
466 577
466 590
466 592
467 490
467 495
467 498
467 534
467 545
468 507
468 512
468 516
468 521
468 542
468 544
470 472
471 476
471 477
472 476
473 506
473 556
474 493
476 477
479 538
479 539
479 556
479 560
479 569
479 570
479 571
481 593
483 485
484 486
485 507
485 509
485 511
488 538
488 566
488 572
489 496
490 491
490 492
490 495
490 504
491 495
491 504
492 495
492 496
492 504
492 505
493 496
493 499
493 502
493 503
493 513
493 514
494 512
494 513
494 514
495 496
495 504
496 499
496 505
497 527
497 531
498 534
498 545
499 505
500 578
501 514
502 503
503 515
504 505
507 508
507 516
507 542
507 574
508 525
508 527
508 528
508 564
508 571
508 572
508 574
508 577
510 512
511 518
511 521
511 540
511 541
511 542
511 544
511 552
511 554
511 559
511 560
511 567
511 570
511 573
511 581
512 513
512 514
512 516
512 525
512 541
512 542
513 514
513 516
513 527
516 527
516 542
516 574
517 519
517 565
517 571
517 577
517 590
517 592
518 521
518 539
518 540
518 542
518 544
518 547
518 549
518 550
518 554
518 567
518 570
518 573
518 581
519 522
519 528
519 565
519 571
519 572
519 574
519 577
520 521
520 532
521 540
521 542
521 544
521 567
521 573
521 581
522 572
522 573
522 574
522 576
522 577
525 527
526 562
528 565
528 566
528 571
528 572
528 573
528 574
528 577
529 553
529 584
530 533
532 547
532 548
532 549
532 550
532 553
532 554
532 584
534 545
534 600
538 539
538 540
538 557
538 560
538 566
538 567
538 569
538 570
538 571
538 572
539 540
539 547
539 554
539 559
539 570
539 579
539 581
540 542
540 544
540 547
540 548
540 549
540 550
540 552
540 554
540 560
540 566
540 567
540 569
540 570
540 573
540 579
540 581
541 542
542 544
542 567
542 573
542 581
543 598
544 552
544 559
544 560
544 562
544 567
544 569
544 570
544 573
544 574
544 581
547 548
547 549
547 550
547 552
547 554
547 557
547 567
547 581
548 549
548 550
548 551
548 554
548 584
549 550
549 552
549 553
549 554
549 557
549 584
550 554
550 557
550 584
552 560
552 566
552 567
552 573
552 574
553 584
554 567
554 579
554 581
556 557
556 570
557 560
557 561
557 569
557 570
558 560
558 561
558 563
558 570
559 560
559 567
559 569
559 570
559 573
559 581
560 561
560 562
560 567
560 569
560 570
560 573
560 581
561 562
561 563
561 570
562 571
562 573
564 571
564 574
565 571
565 572
565 574
565 576
565 577
565 588
565 589
565 590
565 592
566 567
566 569
566 571
566 572
566 573
566 574
567 570
567 573
567 581
568 588
569 570
569 571
569 573
570 571
570 573
570 581
571 572
571 574
571 577
571 590
572 573
572 574
572 576
572 577
572 590
573 574
573 581
574 577
575 576
576 577
576 590
577 590
579 581
585 586
586 587
588 589
588 590
588 592
588 593
590 592
590 593
592 593
594 596
594 597
594 598
595 597
596 597
596 598
596 599
597 598
597 600
