600 3595

1 4
1 21
1 22
1 23
1 25
1 26
1 28
1 31
1 33
1 36
1 38
1 290
1 291
1 302
1 321
1 322
1 330
1 332
1 335
1 339
1 529
1 530
2 4
2 5
2 11
2 20
2 21
2 23
2 26
2 93
2 94
2 100
2 184
2 290
2 301
2 302
2 305
2 321
2 586
3 5
3 6
3 94
4 20
4 21
4 23
4 26
4 28
4 31
4 33
4 36
4 38
4 100
4 290
4 291
4 302
4 305
4 321
4 322
4 323
4 327
4 328
4 330
4 332
4 335
4 336
4 391
4 530
5 24
5 94
5 304
7 206
7 230
7 485
7 507
7 567
7 580
8 12
8 15
8 16
8 18
8 102
8 313
8 314
8 315
8 316
8 317
9 304
10 162
11 18
11 21
11 93
11 94
11 98
11 100
11 283
11 317
11 336
11 389
11 391
12 15
12 16
12 304
12 313
12 314
12 315
12 317
12 319
13 15
13 313
14 15
14 17
14 29
14 312
14 318
15 16
15 17
15 19
15 304
15 312
15 313
15 314
15 315
15 318
15 319
15 511
16 17
16 18
16 19
16 98
16 102
16 304
16 312
16 313
16 314
16 315
16 317
16 318
16 319
16 320
17 19
17 313
17 318
17 334
17 511
18 20
18 21
18 37
18 98
18 100
18 102
18 283
18 304
18 317
18 320
18 336
18 389
18 391
19 37
19 102
19 318
19 319
19 320
19 334
20 21
20 23
20 26
20 31
20 33
20 35
20 36
20 38
20 100
20 291
20 305
20 317
20 320
20 321
20 322
20 323
20 324
20 332
20 335
20 336
20 391
20 392
21 26
21 31
21 36
21 100
21 107
21 189
21 321
21 335
21 336
21 391
21 392
22 25
22 31
22 33
22 34
22 36
22 38
22 220
22 292
22 328
22 330
22 332
22 335
22 529
22 530
23 26
23 28
23 30
23 31
23 33
23 35
23 36
23 38
23 321
23 328
23 336
23 391
24 304
24 324
24 326
25 28
25 31
25 33
25 34
25 35
25 36
25 38
25 83
25 118
25 220
25 287
25 292
25 325
25 328
25 330
25 332
25 335
25 339
25 529
25 530
26 28
26 31
26 33
26 35
26 36
26 38
26 321
26 323
26 327
26 328
26 330
26 332
26 335
26 336
26 391
26 530
27 30
28 31
28 33
28 36
28 38
28 291
28 292
28 323
28 327
28 328
28 330
28 332
28 582
29 240
29 331
30 32
31 33
31 34
31 35
31 36
31 38
31 220
31 284
31 290
31 291
31 292
31 321
31 322
31 323
31 327
31 328
31 330
31 332
31 335
31 336
31 339
31 529
31 530
31 582
31 584
32 329
32 333
33 34
33 35
33 36
33 38
33 220
33 221
33 291
33 292
33 322
33 323
33 325
33 327
33 328
33 330
33 332
33 335
33 336
33 339
33 529
33 530
34 35
34 36
34 38
34 220
34 221
34 237
34 287
34 322
34 323
34 325
34 327
34 328
34 330
34 332
34 335
34 339
34 529
34 530
34 549
34 582
34 584
35 36
35 37
35 38
35 220
35 221
35 291
35 323
35 330
35 332
35 333
35 335
35 336
35 339
35 392
35 529
35 530
35 553
36 38
36 118
36 220
36 291
36 323
36 327
36 328
36 330
36 332
36 335
36 339
36 529
36 530
37 38
37 100
37 102
37 320
37 334
37 336
37 392
38 220
38 221
38 291
38 292
38 323
38 327
38 328
38 330
38 332
38 335
38 336
38 339
38 392
38 529
38 530
38 582
39 41
39 42
39 45
39 48
39 54
39 83
39 88
39 113
39 115
39 130
39 343
39 347
39 381
39 405
39 419
39 425
40 44
40 80
40 133
40 149
40 372
40 432
40 434
40 446
40 599
41 43
41 46
41 48
41 80
41 322
41 325
41 339
41 425
41 448
42 45
42 47
42 48
42 54
42 87
42 112
42 113
42 114
42 115
42 124
42 130
42 142
42 201
42 337
42 340
42 343
42 347
42 403
42 404
42 405
42 406
42 409
42 419
42 424
42 491
43 323
43 325
43 327
43 332
43 339
43 415
43 448
44 54
44 56
44 58
44 80
44 82
44 83
44 87
44 133
44 137
44 139
44 141
44 142
44 144
44 149
44 203
44 337
44 364
44 367
44 370
44 372
44 375
44 419
44 420
44 422
44 423
44 424
44 428
44 429
44 439
44 440
44 446
44 451
44 502
44 505
44 594
45 46
45 47
45 48
45 54
45 113
45 115
45 130
45 142
45 337
45 340
45 343
45 381
45 405
45 406
46 48
46 54
46 342
47 48
47 54
47 117
47 139
47 144
47 337
47 340
47 344
47 346
47 347
47 349
47 407
48 52
48 54
48 115
48 124
48 130
48 343
48 381
48 405
48 419
48 424
48 425
49 90
49 446
49 448
50 51
50 59
50 62
50 352
51 59
51 62
51 360
52 89
52 109
52 114
52 115
52 120
52 123
52 124
52 125
52 152
52 190
52 201
52 350
52 408
52 410
52 416
52 417
52 418
52 419
52 451
52 491
52 534
53 72
53 341
53 355
53 369
53 431
53 441
54 113
54 115
54 130
54 142
54 201
54 337
54 340
54 367
54 381
54 405
54 419
55 341
57 120
57 125
58 144
59 62
59 67
59 147
59 345
59 351
59 352
59 360
59 361
59 414
60 61
60 359
60 363
60 372
61 357
61 363
62 345
62 351
62 352
62 360
63 65
63 66
63 358
64 67
64 358
64 445
65 83
65 435
65 446
66 143
66 159
67 146
67 244
67 345
67 360
67 361
67 363
67 447
68 72
68 77
68 364
68 365
68 368
68 421
69 71
69 72
69 79
69 297
69 364
69 375
69 376
69 426
69 429
70 294
70 338
70 365
71 72
71 77
71 79
71 297
71 364
71 367
71 370
71 373
71 375
71 376
71 426
71 429
72 77
72 78
72 82
72 341
72 364
72 365
72 367
72 368
72 370
72 375
72 376
72 422
72 441
73 75
74 372
74 375
74 429
75 79
75 371
76 77
76 128
76 370
76 372
76 458
76 588
76 591
77 78
77 82
77 127
77 140
77 341
77 365
77 368
77 370
77 372
77 375
77 422
77 431
77 441
77 591
78 82
78 341
78 368
79 80
79 81
79 82
79 83
79 132
79 140
79 142
79 149
79 297
79 367
79 371
79 373
79 375
79 382
79 421
79 422
79 423
79 424
79 426
79 428
79 429
79 436
79 440
79 446
80 82
80 83
80 84
80 87
80 127
80 128
80 129
80 140
80 149
80 296
80 297
80 367
80 372
80 375
80 420
80 421
80 422
80 423
80 424
80 425
80 428
80 431
80 432
80 434
80 435
80 436
80 441
80 446
80 448
80 599
82 83
82 127
82 129
82 137
82 139
82 140
82 149
82 341
82 367
82 370
82 371
82 372
82 375
82 378
82 403
82 420
82 421
82 422
82 423
82 424
82 428
82 431
82 436
82 439
82 440
82 441
83 87
83 126
83 129
83 130
83 137
83 140
83 141
83 149
83 296
83 339
83 367
83 372
83 375
83 403
83 421
83 422
83 423
83 425
83 426
83 428
83 429
83 430
83 431
83 432
83 434
83 435
83 446
83 448
83 458
84 374
85 113
85 130
86 377
86 486
87 115
87 126
87 129
87 130
87 133
87 137
87 140
87 141
87 142
87 149
87 296
87 367
87 403
87 419
87 422
87 423
87 424
87 425
87 426
87 428
87 430
87 432
87 433
87 435
87 446
87 598
87 599
88 89
88 380
88 381
89 91
89 380
91 534
92 104
92 187
92 192
92 207
92 224
92 384
92 390
92 393
92 399
92 400
92 401
92 413
92 498
92 534
92 555
93 94
93 95
93 101
93 107
93 108
93 184
93 189
93 192
93 290
93 301
93 302
93 321
93 384
93 389
93 390
93 586
94 95
94 100
94 184
94 301
94 302
94 321
94 586
95 101
95 107
95 187
95 189
95 290
95 321
95 384
95 385
95 389
95 390
95 586
96 97
96 99
96 215
96 282
96 402
96 579
97 98
97 99
97 213
97 229
97 282
97 387
97 521
97 540
98 100
98 102
98 229
98 230
98 283
98 304
98 317
98 389
98 391
98 483
98 485
99 215
99 245
99 259
99 282
99 286
99 387
99 532
99 555
99 579
99 594
99 596
99 597
100 102
100 283
100 305
100 317
100 320
100 321
100 336
100 389
100 391
100 392
101 107
101 108
101 184
101 189
101 194
101 384
101 390
101 393
102 283
102 313
102 315
102 320
102 336
102 485
103 107
103 189
103 390
103 396
104 105
104 107
104 108
104 110
104 119
104 189
104 192
104 194
104 196
104 224
104 384
104 390
104 393
104 394
104 395
104 396
104 399
104 400
104 489
104 495
104 496
104 498
105 106
105 119
105 192
105 224
105 245
105 395
105 399
105 417
105 496
105 532
105 534
106 237
106 549
107 108
107 189
107 192
107 290
107 321
108 110
108 189
108 192
108 321
108 390
109 111
109 116
109 120
109 123
109 124
109 125
109 191
109 194
109 196
109 201
109 207
109 212
109 350
109 393
109 394
109 396
109 398
109 400
109 407
109 408
109 411
109 417
109 467
109 492
109 496
109 498
109 504
110 192
110 193
110 196
110 207
110 211
110 212
110 224
110 230
110 245
110 283
110 384
110 390
110 393
110 394
110 395
110 399
110 400
110 401
110 489
110 495
110 498
111 116
111 123
111 189
111 191
111 194
111 288
111 398
111 411
112 113
112 114
112 115
112 120
112 124
112 130
112 201
112 357
112 403
112 404
112 405
112 406
112 409
112 491
112 504
113 114
113 115
113 116
113 124
113 130
113 201
113 337
113 340
113 347
113 403
113 404
113 405
113 406
113 407
113 409
113 410
113 419
113 491
113 504
114 115
114 116
114 120
114 124
114 130
114 137
114 190
114 201
114 337
114 340
114 350
114 357
114 402
114 403
114 404
114 405
114 406
114 407
114 409
114 416
114 418
114 419
114 423
114 451
114 491
114 504
115 116
115 117
115 124
115 130
115 137
115 139
115 142
115 201
115 337
115 340
115 343
115 347
115 350
115 381
115 403
115 404
115 405
115 406
115 407
115 409
115 419
115 423
115 424
115 491
116 124
116 130
116 191
116 194
116 201
116 340
116 347
116 350
116 398
116 405
116 406
116 407
116 409
116 411
117 343
117 405
118 339
119 120
119 224
119 225
119 245
119 395
119 399
119 401
119 412
119 532
119 534
120 123
120 124
120 190
120 350
120 398
120 399
120 401
120 413
120 416
120 418
120 491
120 534
121 225
122 152
123 124
123 125
123 191
123 194
123 196
123 198
123 201
123 207
123 210
123 212
123 350
123 394
123 396
123 398
123 407
123 408
123 416
123 417
123 418
123 467
123 490
123 492
123 496
123 498
123 504
124 125
124 130
124 191
124 194
124 201
124 350
124 405
124 406
124 407
124 409
125 150
125 152
125 196
126 141
127 129
127 137
127 140
127 149
127 403
127 420
127 421
127 422
127 423
127 431
128 131
128 246
128 297
128 372
128 420
128 422
128 430
128 432
128 458
128 502
128 565
128 592
128 594
128 598
128 599
129 131
129 134
129 136
129 137
129 138
129 139
129 140
129 141
129 149
129 161
129 261
129 367
129 371
129 372
129 375
129 403
129 404
129 420
129 421
129 422
129 423
129 424
129 425
129 428
129 430
129 431
129 432
129 433
129 435
129 437
129 439
129 440
129 446
129 448
129 458
129 502
130 137
130 139
130 141
130 337
130 340
130 343
130 347
130 381
130 403
130 404
130 405
130 406
130 407
130 409
130 419
130 423
130 430
130 435
130 491
131 134
131 136
131 137
131 149
131 161
131 357
131 367
131 403
131 404
131 420
131 421
131 422
131 423
131 424
131 428
131 430
131 432
131 439
131 440
131 446
131 451
131 458
131 502
132 133
132 142
132 242
132 367
132 373
132 421
132 424
132 426
132 428
132 429
132 436
132 439
132 552
133 137
133 144
133 149
133 296
133 367
133 373
133 421
133 422
133 423
133 424
133 425
133 428
133 431
133 432
133 435
133 436
133 439
133 440
133 441
133 446
133 448
134 136
134 137
134 140
134 141
134 161
134 403
134 423
134 430
134 431
134 432
134 433
134 435
134 437
134 456
134 457
134 458
134 461
134 462
134 502
135 140
135 431
136 138
136 140
136 148
136 161
136 430
136 431
136 437
136 456
136 458
136 462
136 590
137 139
137 140
137 141
137 149
137 337
137 340
137 367
137 371
137 372
137 375
137 378
137 403
137 404
137 405
137 419
137 421
137 422
137 423
137 424
137 425
137 428
137 430
137 431
137 433
137 435
137 436
137 439
137 440
137 441
137 446
138 140
138 161
138 422
138 423
138 430
138 431
138 437
138 458
139 140
139 141
139 337
139 338
139 340
139 367
139 371
139 375
139 378
139 403
139 405
139 419
139 422
139 423
139 424
139 425
139 428
139 431
139 433
139 436
139 440
139 441
140 141
140 149
140 367
140 371
140 372
140 375
140 403
140 421
140 422
140 423
140 425
140 428
140 430
140 431
140 432
140 433
140 434
140 435
140 437
140 440
140 441
140 446
140 448
140 458
141 423
141 430
141 433
141 435
141 446
141 458
142 144
142 296
142 340
142 364
142 367
142 373
142 375
142 376
142 405
142 421
142 422
142 423
142 424
142 426
142 428
142 429
142 438
142 439
142 440
142 552
143 341
143 358
143 372
143 439
143 445
144 344
144 349
144 370
145 225
145 244
145 246
145 412
145 445
146 360
146 447
148 155
148 161
148 163
149 296
149 367
149 372
149 375
149 403
149 404
149 420
149 421
149 422
149 423
149 424
149 425
149 428
149 430
149 431
149 432
149 435
149 437
149 439
149 440
149 446
149 448
149 458
149 502
149 599
151 163
151 164
151 200
151 218
151 272
151 274
152 156
153 154
153 157
153 164
153 195
153 196
153 200
153 207
153 209
153 210
153 211
153 212
153 215
153 224
153 233
153 245
153 467
154 193
154 196
154 197
154 198
154 209
154 210
154 211
154 212
154 213
154 493
154 544
155 218
155 267
157 209
157 213
157 222
157 231
157 233
157 234
157 263
157 269
157 271
157 273
157 274
157 279
157 518
157 571
158 242
160 260
160 272
160 279
161 430
161 437
161 456
161 458
161 461
161 578
162 253
163 218
163 254
163 267
163 272
164 195
164 196
164 200
164 202
164 212
164 214
164 219
164 231
164 271
164 272
164 274
165 576
166 169
166 476
166 556
167 171
167 276
167 474
168 170
169 171
169 472
169 476
169 477
169 479
169 523
169 556
170 236
170 247
171 218
171 276
171 523
172 250
173 185
174 175
174 177
174 178
174 179
174 181
174 182
174 186
174 217
174 249
175 177
175 178
175 179
175 181
175 182
175 185
175 186
175 249
175 482
176 179
176 182
176 256
177 179
177 181
177 283
177 385
177 480
177 482
177 483
177 567
177 580
178 249
178 255
178 257
179 181
179 182
179 186
179 402
179 482
179 580
180 183
181 185
181 186
181 482
182 256
183 255
183 258
183 488
183 499
184 487
184 586
185 186
186 257
187 207
187 384
187 385
187 390
187 393
187 398
188 385
189 391
189 393
190 224
190 350
190 357
190 416
190 417
190 418
190 451
190 490
190 491
190 534
191 194
191 196
191 201
191 207
191 210
191 212
191 350
191 393
191 394
191 396
191 398
191 407
191 408
191 409
191 411
191 417
191 490
191 492
191 496
191 504
192 224
192 245
192 390
192 393
192 395
192 489
192 496
192 498
193 196
193 211
193 212
194 196
194 201
194 207
194 212
194 350
194 384
194 390
194 393
194 394
194 396
194 398
194 400
194 407
194 408
194 411
194 417
194 489
194 492
194 496
194 498
194 504
195 196
195 202
195 211
195 212
195 213
195 215
195 234
195 245
195 282
195 467
195 498
195 521
196 200
196 202
196 207
196 210
196 211
196 212
196 213
196 215
196 224
196 233
196 234
196 384
196 393
196 394
196 400
196 408
196 417
196 467
196 496
196 498
196 509
196 516
196 521
196 544
197 209
197 231
197 265
197 271
197 276
197 524
198 199
198 200
198 209
198 210
198 212
198 490
198 492
199 201
199 210
199 408
199 490
199 492
200 202
200 209
200 212
201 204
201 241
201 350
201 396
201 406
201 407
201 408
201 409
201 416
201 417
201 419
201 491
201 492
201 504
202 211
202 214
202 215
202 386
203 204
203 367
203 370
203 372
203 375
203 420
203 426
203 440
203 502
203 505
203 594
203 596
204 504
204 505
205 212
206 213
206 214
206 229
206 230
206 231
206 265
206 283
206 480
206 483
206 485
206 493
206 507
206 508
206 511
206 513
206 521
206 542
206 567
207 211
207 212
207 224
207 350
207 390
207 393
207 394
207 396
207 398
207 399
207 400
207 408
207 417
207 467
207 490
207 496
208 209
209 210
209 212
209 213
209 219
209 231
209 233
209 265
209 271
209 273
209 492
210 212
210 490
210 492
211 212
211 213
211 214
211 215
211 223
211 224
211 230
211 231
211 233
211 234
211 245
211 384
211 393
211 394
211 400
211 467
211 489
211 495
211 496
211 498
211 507
211 509
211 544
212 215
212 224
212 393
212 394
212 399
212 400
212 408
212 417
212 467
212 490
212 492
212 493
212 496
212 498
212 509
212 516
212 544
213 214
213 229
213 230
213 231
213 232
213 233
213 234
213 265
213 269
213 271
213 273
213 493
213 507
213 508
213 511
213 513
213 518
213 520
213 521
213 540
213 542
213 544
213 567
213 581
214 231
214 234
214 271
214 507
214 511
214 581
215 224
215 245
215 282
215 386
215 467
215 496
215 498
215 579
216 256
216 271
218 254
218 267
218 272
219 231
219 232
219 263
219 271
219 273
219 274
219 279
219 280
219 465
219 497
219 513
219 518
220 221
220 237
220 287
220 322
220 323
220 325
220 330
220 332
220 333
220 335
220 339
220 397
220 529
220 530
220 533
220 546
220 549
220 553
221 237
221 287
221 333
221 335
221 397
221 529
221 530
221 533
221 546
221 549
221 553
222 223
222 240
222 245
222 532
223 240
223 245
224 225
224 245
224 282
224 390
224 399
224 401
224 412
224 417
224 467
224 496
224 498
224 532
224 534
224 545
224 555
225 244
225 246
225 412
225 445
225 534
226 227
226 535
227 536
228 229
228 236
228 238
228 240
228 539
228 540
228 541
228 542
228 554
228 572
229 230
229 234
229 240
229 507
229 511
229 521
229 540
229 542
229 551
229 572
229 581
230 234
230 282
230 283
230 385
230 400
230 483
230 485
230 489
230 495
230 507
230 511
230 521
230 580
230 581
231 265
231 271
231 273
231 493
231 507
231 511
231 513
231 518
231 520
231 542
232 233
232 263
232 269
232 271
232 273
233 234
233 271
233 521
234 269
234 271
234 282
234 489
234 511
234 521
234 540
234 544
234 551
234 581
235 236
235 240
235 546
236 238
236 240
236 284
236 547
236 568
236 572
237 284
237 285
237 286
237 287
237 333
237 529
237 530
237 533
237 547
237 549
237 553
237 583
237 584
237 597
237 599
238 240
238 243
238 247
238 478
238 547
238 548
238 550
238 554
238 597
239 243
239 252
239 275
239 548
239 550
240 243
240 532
240 547
240 554
242 428
242 552
243 548
243 550
243 553
243 554
244 246
244 412
244 445
245 282
245 390
245 395
245 399
245 412
245 467
245 489
245 496
245 532
245 555
246 445
247 248
247 252
247 473
247 556
247 558
247 563
247 575
248 250
248 252
248 463
248 473
248 556
248 558
248 563
248 575
249 251
250 252
250 253
250 254
250 268
250 275
250 277
250 488
250 558
250 561
250 575
250 593
252 266
252 268
252 275
252 488
252 558
252 574
252 575
252 593
254 260
254 267
254 268
254 269
254 270
254 272
255 257
255 258
255 262
255 263
255 266
255 299
255 539
255 541
255 566
256 567
257 293
258 263
258 266
258 269
258 566
259 600
260 268
260 270
260 272
260 488
261 297
261 370
261 375
261 403
261 420
261 422
261 424
261 440
261 502
262 263
262 539
262 541
263 265
263 269
263 270
263 271
263 273
263 274
263 499
263 510
263 512
263 518
263 541
263 564
263 566
263 571
263 573
263 574
264 512
264 538
264 541
265 271
265 273
265 512
265 513
265 518
265 541
265 542
265 571
265 573
266 269
268 269
268 270
268 275
268 488
268 564
268 574
269 270
269 271
269 273
270 271
270 272
270 273
270 274
270 280
270 295
270 564
271 273
271 274
271 512
271 513
271 518
271 571
272 274
272 279
272 295
273 274
273 279
273 518
273 571
274 279
274 295
274 300
275 277
275 488
275 558
276 523
277 278
277 279
277 281
277 477
277 488
277 523
277 576
277 578
278 280
279 281
282 283
282 390
282 401
282 467
282 483
282 489
282 498
282 521
282 532
282 555
282 579
282 580
282 581
283 303
283 317
283 384
283 385
283 389
283 391
283 482
283 483
283 485
283 489
283 580
283 581
284 285
284 286
284 289
284 291
284 328
284 335
284 547
284 582
284 583
284 584
285 286
285 289
285 547
285 582
285 583
285 584
286 287
286 289
286 333
286 529
286 549
286 582
286 583
286 584
286 596
286 597
287 322
287 323
287 325
287 332
287 333
287 335
287 529
287 530
287 546
287 549
287 584
289 583
289 584
289 586
290 291
290 302
290 321
290 322
290 391
290 584
290 586
291 305
291 321
291 322
291 332
291 335
291 529
291 530
291 582
291 584
292 328
293 365
293 588
294 365
296 297
296 376
296 421
296 422
296 428
296 429
296 432
296 446
296 448
297 370
297 372
297 375
297 376
297 420
297 421
297 422
297 426
298 300
299 566
301 389
301 487
301 586
301 587
302 321
302 322
302 586
303 308
304 305
304 306
304 313
304 315
304 317
304 324
305 321
305 322
305 323
305 324
305 595
307 553
309 509
310 477
311 485
312 318
312 319
313 314
313 315
313 318
313 319
313 485
313 507
313 508
313 512
313 513
314 315
314 317
314 319
315 317
315 319
315 512
316 485
317 319
317 320
317 321
317 388
317 389
318 319
319 320
319 389
320 334
320 336
320 392
321 336
321 389
321 391
322 323
322 325
322 332
322 529
322 530
323 325
323 327
323 328
323 330
323 332
323 335
323 339
323 529
323 530
323 582
324 326
325 327
325 330
325 332
325 335
325 339
325 448
325 529
325 530
325 546
327 328
327 330
327 332
327 335
327 336
327 530
327 582
328 330
328 332
328 335
328 529
328 530
328 582
330 332
330 335
330 339
330 529
330 530
330 582
330 584
332 335
332 339
332 529
332 530
332 582
332 584
333 530
333 533
333 549
334 392
335 336
335 339
335 392
335 529
335 530
335 533
335 553
335 582
336 391
336 392
336 530
336 582
337 340
337 344
337 347
337 349
337 350
337 357
337 367
337 375
337 378
337 402
337 403
337 404
337 405
337 406
337 407
337 409
337 419
337 422
337 423
337 424
337 439
337 440
337 451
337 491
338 342
338 344
338 347
338 378
338 441
339 415
339 425
339 446
339 448
339 529
339 530
340 343
340 344
340 347
340 357
340 367
340 375
340 402
340 403
340 404
340 405
340 406
340 407
340 409
340 410
340 419
340 423
340 424
340 439
340 440
340 491
341 368
341 371
341 372
341 431
341 441
342 343
343 344
343 347
343 381
343 405
343 409
343 410
343 419
344 346
344 347
344 348
344 349
344 355
344 410
344 439
345 351
345 352
345 360
345 361
346 347
346 348
346 349
346 353
346 411
347 348
347 349
347 381
347 405
347 406
347 409
347 410
348 353
348 409
348 410
349 355
350 357
350 396
350 398
350 402
350 406
350 407
350 408
350 409
350 410
350 411
350 416
350 417
350 418
350 419
350 451
350 490
350 491
350 492
350 504
351 352
351 360
351 361
351 412
352 360
352 361
353 354
353 356
354 355
354 356
354 362
356 411
356 444
357 403
357 404
357 406
357 409
357 413
357 416
357 418
357 423
357 440
357 451
357 491
358 414
358 443
359 363
360 361
360 412
360 447
361 412
361 414
362 363
364 367
364 375
364 376
364 424
364 426
364 429
364 439
365 368
365 370
365 588
365 591
365 593
366 421
367 370
367 371
367 372
367 373
367 375
367 376
367 403
367 420
367 421
367 422
367 423
367 424
367 426
367 428
367 429
367 430
367 431
367 436
367 439
367 440
367 441
367 446
368 370
370 372
370 375
370 376
370 422
370 426
370 591
371 372
371 375
371 403
371 421
371 422
371 423
371 424
371 428
371 430
371 431
371 439
371 440
371 441
372 375
372 403
372 420
372 421
372 422
372 423
372 424
372 428
372 429
372 430
372 431
372 432
372 439
372 440
372 441
372 446
372 594
372 599
373 375
373 428
373 436
375 376
375 403
375 420
375 421
375 422
375 423
375 424
375 426
375 428
375 429
375 430
375 431
375 436
375 439
375 440
375 441
375 446
376 422
376 426
376 428
376 429
376 591
377 380
378 381
378 405
378 419
378 424
378 441
379 424
380 381
381 405
381 419
383 506
384 385
384 390
384 393
384 394
384 400
384 401
384 489
384 496
384 498
384 580
385 386
385 389
385 391
385 393
385 400
385 401
385 402
385 483
385 580
385 581
387 540
387 579
388 389
389 391
390 393
390 394
390 395
390 396
390 398
390 399
390 400
390 401
390 489
390 495
390 496
390 498
390 532
391 392
392 530
393 394
393 395
393 396
393 398
393 399
393 400
393 401
393 467
393 489
393 495
393 496
393 498
394 396
394 398
394 400
394 401
394 408
394 467
394 489
394 495
394 496
394 498
395 399
395 489
395 495
395 532
396 398
396 407
396 408
396 416
396 417
396 489
396 495
396 496
396 498
396 504
397 530
397 533
397 549
397 553
398 399
398 400
398 401
398 407
398 408
398 411
399 400
399 401
399 408
399 412
399 414
399 417
399 532
399 534
400 401
400 467
400 489
400 495
400 496
400 498
401 412
401 413
401 414
401 489
401 498
401 534
401 555
402 404
402 406
402 416
402 451
402 491
402 505
402 531
402 594
403 404
403 405
403 406
403 419
403 420
403 421
403 422
403 423
403 424
403 425
403 428
403 430
403 431
403 433
403 435
403 439
403 440
403 446
403 451
403 491
403 502
404 405
404 406
404 419
404 421
404 423
404 424
404 425
404 430
404 433
404 440
404 446
404 451
404 491
405 406
405 407
405 409
405 419
405 423
405 424
405 491
406 407
406 409
406 416
406 418
406 419
406 423
406 451
406 491
406 504
407 408
407 409
407 411
407 418
407 419
407 491
407 504
408 409
408 416
408 417
408 418
408 467
408 490
408 492
408 494
408 496
408 504
409 410
409 411
409 416
409 419
409 491
409 492
409 504
410 491
411 492
412 413
412 414
412 445
412 532
412 534
413 414
413 534
413 555
415 448
415 466
416 417
416 418
416 451
416 491
416 504
416 505
417 418
417 467
417 490
417 492
417 496
417 498
417 504
417 534
418 451
418 491
418 534
419 423
419 424
419 425
419 440
419 451
419 491
419 504
420 421
420 422
420 423
420 424
420 430
420 431
420 440
420 458
420 502
420 505
420 594
420 598
420 599
421 422
421 423
421 424
421 428
421 429
421 430
421 431
421 432
421 436
421 439
421 440
421 446
422 423
422 424
422 425
422 428
422 429
422 430
422 431
422 432
422 436
422 439
422 440
422 441
422 446
422 448
422 458
423 424
423 425
423 428
423 430
423 431
423 432
423 433
423 435
423 437
423 439
423 440
423 441
423 446
423 448
423 451
423 458
423 491
423 502
424 425
424 426
424 428
424 429
424 436
424 439
424 440
424 441
424 446
424 451
424 491
425 428
425 432
425 435
425 440
425 446
425 448
425 599
426 428
426 429
426 439
427 591
428 429
428 430
428 431
428 432
428 435
428 436
428 439
428 440
428 441
428 446
428 448
428 458
428 462
428 552
429 430
429 439
429 552
430 431
430 432
430 433
430 435
430 437
430 439
430 440
430 446
430 448
430 456
430 458
430 502
431 432
431 433
431 435
431 437
431 439
431 440
431 441
431 446
431 448
431 458
431 462
432 434
432 435
432 437
432 439
432 446
432 448
432 458
432 462
432 466
432 552
432 598
432 599
433 435
434 435
434 437
434 446
434 448
435 437
435 446
435 448
435 458
437 446
437 448
437 458
437 462
439 440
439 441
439 446
439 451
439 458
439 552
440 441
440 446
440 451
440 491
440 502
442 500
443 445
445 534
446 448
446 458
446 599
448 458
448 462
448 466
448 599
449 452
450 522
451 491
451 502
451 534
451 594
452 453
452 454
452 490
452 543
453 454
453 474
454 460
454 463
454 514
455 463
456 458
456 464
457 459
457 577
458 462
458 466
458 502
458 589
458 598
458 599
460 500
460 519
460 527
461 578
463 473
463 474
463 561
465 501
465 517
465 518
467 489
467 495
467 496
467 498
467 516
467 521
467 532
467 544
467 545
467 579
467 581
468 490
468 494
468 497
468 516
469 575
470 471
470 472
470 476
470 477
470 556
470 557
472 476
472 477
472 523
472 556
472 557
473 474
473 556
473 558
473 561
473 563
474 525
474 561
475 541
475 542
475 570
476 477
476 556
476 557
477 479
477 523
477 525
477 556
477 557
478 556
479 523
479 556
479 557
480 482
480 483
480 485
480 580
481 569
482 483
482 485
482 580
483 484
483 485
483 507
483 508
483 580
483 581
484 498
485 507
485 508
485 509
485 511
485 513
485 567
485 580
485 581
487 586
488 564
488 576
489 495
489 496
489 498
489 521
489 532
489 544
489 579
489 580
489 581
490 492
490 494
490 514
490 519
491 504
491 534
492 494
492 500
492 504
492 514
493 501
493 507
493 511
493 513
493 515
493 516
493 518
493 519
493 520
493 521
493 540
493 542
493 544
493 567
494 496
494 500
494 501
494 514
494 516
494 519
495 496
495 498
495 521
495 532
495 544
496 498
496 501
496 504
496 516
496 544
496 579
498 521
498 544
498 579
498 581
500 501
500 519
501 503
501 513
501 515
501 516
501 519
501 544
502 505
502 594
502 598
504 505
504 579
505 534
505 594
505 596
506 521
507 508
507 509
507 511
507 513
507 520
507 521
507 542
507 544
507 567
507 580
507 581
508 513
508 559
508 567
508 581
509 580
511 512
511 513
511 518
511 520
511 521
511 540
511 541
511 542
511 544
511 551
511 567
511 581
512 513
512 518
512 528
512 538
512 541
512 542
512 564
512 567
512 571
512 573
513 515
513 518
513 520
513 521
513 542
513 544
513 567
515 518
515 544
516 521
516 544
517 518
517 566
517 569
517 571
518 520
518 521
518 541
518 542
518 544
518 551
518 567
518 571
518 573
520 521
520 542
520 544
520 551
521 540
521 542
521 544
521 551
521 567
521 581
521 585
522 525
522 561
522 570
523 525
523 557
524 526
524 562
525 557
527 537
528 541
528 569
528 570
528 571
528 573
529 530
529 533
529 549
529 553
529 582
529 584
530 533
530 549
530 553
530 582
530 584
531 594
532 533
532 534
532 545
532 551
532 555
532 597
533 547
533 549
533 553
534 545
534 555
534 594
534 596
536 547
538 541
538 566
538 567
539 541
539 570
539 572
540 542
540 544
540 551
540 567
540 572
540 581
540 597
541 542
541 566
541 567
541 569
541 570
541 571
541 572
541 573
542 544
542 551
542 567
542 571
542 572
542 573
544 551
544 567
545 596
546 549
546 553
546 554
547 549
547 553
548 550
549 553
549 584
550 552
550 553
550 554
550 597
551 581
552 591
553 554
555 579
555 594
555 596
555 597
556 557
556 558
556 563
558 560
558 561
558 563
558 575
560 575
561 570
563 575
564 574
566 567
567 580
568 588
569 571
570 573
571 573
571 574
572 573
572 595
575 576
575 591
576 577
576 578
579 580
579 581
579 596
580 581
582 584
582 595
583 584
583 597
588 589
588 591
588 593
591 593
594 596
594 597
594 598
594 599
594 600
596 597
596 600
598 599
598 600
599 600
