600 3594

1 103
1 107
1 236
1 285
1 286
1 289
1 290
1 291
1 586
2 4
2 18
2 301
2 302
2 317
3 6
3 12
3 20
3 303
3 304
3 306
3 319
3 321
3 389
4 5
4 18
4 20
4 21
4 22
4 38
4 100
4 302
4 305
4 317
4 321
4 322
4 389
4 398
4 400
4 425
5 12
5 20
5 21
5 22
5 24
5 30
5 32
5 36
5 37
5 38
5 90
5 100
5 221
5 302
5 304
5 305
5 319
5 320
5 321
5 322
5 323
5 324
5 327
5 329
5 336
5 389
5 530
6 12
7 10
7 14
7 15
7 16
7 19
7 29
7 306
7 308
7 309
7 313
7 314
7 315
7 316
8 12
8 38
9 15
9 314
9 316
10 13
10 14
10 29
10 306
10 308
10 309
10 313
10 316
11 55
11 93
11 94
11 95
11 110
11 114
11 116
11 117
11 120
11 194
11 386
11 400
12 16
12 18
12 19
12 20
12 21
12 100
12 302
12 303
12 304
12 305
12 306
12 315
12 319
12 320
12 321
12 389
12 425
13 292
14 16
14 17
14 19
14 29
14 306
14 308
14 309
14 312
14 313
14 318
15 16
15 314
15 315
15 316
16 19
16 306
16 308
16 309
16 312
16 313
16 315
16 316
16 319
17 19
17 312
17 313
17 318
17 319
17 331
18 20
18 21
18 100
18 302
18 317
18 321
18 322
18 389
18 425
19 306
19 308
19 309
19 312
19 313
19 318
19 319
20 21
20 22
20 36
20 100
20 302
20 303
20 304
20 305
20 319
20 320
20 321
20 322
20 389
20 398
20 425
21 22
21 36
21 38
21 100
21 302
21 303
21 304
21 305
21 319
21 320
21 321
21 322
21 336
21 389
21 425
22 304
22 305
22 321
22 322
22 323
22 327
22 389
23 28
23 30
23 31
23 36
23 90
23 323
23 327
23 328
23 336
24 27
24 30
24 32
24 33
24 35
24 36
24 90
24 220
24 221
24 305
24 320
24 324
24 329
24 333
24 334
24 336
24 530
25 284
25 325
26 30
26 327
26 328
26 329
26 331
27 30
27 32
27 33
27 35
27 320
27 324
27 329
27 333
27 334
28 31
28 34
28 36
28 90
28 323
28 327
28 335
28 336
28 441
29 308
29 309
29 312
29 313
29 318
30 31
30 32
30 35
30 36
30 90
30 220
30 320
30 323
30 324
30 327
30 328
30 329
30 333
30 335
30 336
30 530
31 34
31 36
31 43
31 90
31 220
31 323
31 327
31 328
31 330
31 332
31 335
31 380
31 382
31 530
32 35
32 37
32 90
32 320
32 324
32 329
32 333
32 334
33 35
33 36
33 332
33 333
33 334
33 335
33 336
33 530
34 36
34 323
34 327
34 332
34 335
35 36
35 37
35 90
35 220
35 221
35 320
35 324
35 329
35 333
35 334
35 335
35 336
35 530
36 38
36 43
36 90
36 220
36 221
36 305
36 320
36 321
36 323
36 327
36 329
36 335
36 336
36 339
36 380
36 389
36 530
37 305
37 318
37 319
37 320
37 324
37 329
37 334
37 336
38 90
38 100
38 221
38 283
38 287
38 320
38 326
38 336
38 389
38 530
39 41
39 42
39 45
40 49
40 51
40 54
40 63
40 78
40 80
40 81
40 140
40 146
40 149
40 345
40 354
40 358
40 369
40 372
40 374
40 421
40 440
40 448
41 42
41 45
41 46
41 47
41 48
41 54
41 338
41 381
42 45
42 46
42 47
42 48
42 115
43 49
43 81
43 89
43 90
43 91
43 220
43 323
43 327
43 328
43 332
43 335
43 338
43 339
43 380
43 382
43 420
43 440
43 441
43 448
43 529
43 530
43 579
44 47
44 48
44 52
44 54
44 57
44 65
44 79
44 84
44 113
44 150
44 152
44 405
44 436
45 46
45 47
45 48
45 54
46 47
46 48
47 48
47 54
47 337
47 342
47 346
47 484
48 54
48 66
48 346
49 50
49 56
49 68
49 80
49 81
49 84
49 91
49 127
49 139
49 140
49 142
49 146
49 149
49 150
49 152
49 339
49 354
49 369
49 372
49 373
49 374
49 382
49 420
49 421
49 431
49 434
49 437
49 440
49 446
49 447
49 448
49 579
50 53
50 56
50 97
50 142
50 146
50 149
50 351
50 441
50 444
50 447
51 54
51 58
51 60
51 61
51 62
51 63
51 65
51 66
51 74
51 84
51 138
51 341
51 345
51 349
51 354
51 355
51 356
51 376
52 57
52 116
52 123
52 124
52 126
53 97
53 113
53 127
54 58
54 61
54 66
54 78
54 341
54 349
54 354
54 355
54 356
55 57
55 59
55 64
55 95
55 110
55 112
55 114
55 116
55 117
55 118
55 119
55 120
55 121
55 131
55 135
55 147
55 190
55 191
55 194
55 348
55 386
55 404
55 406
55 409
55 412
55 413
55 534
56 58
56 61
56 68
56 81
56 91
56 142
56 144
56 146
56 351
56 353
56 354
56 355
56 356
56 434
56 444
56 447
56 448
56 579
57 65
57 79
57 87
57 97
57 112
57 113
57 114
57 117
57 118
57 123
57 124
57 125
57 126
57 129
57 130
57 134
57 137
57 147
57 150
57 152
57 191
57 194
57 357
57 403
57 404
57 405
57 406
57 409
57 418
57 423
57 424
58 60
58 61
58 62
58 63
58 65
58 66
58 74
58 84
58 341
58 345
58 349
58 353
58 354
58 355
58 356
58 372
58 376
59 64
59 95
59 110
59 114
59 117
59 118
59 119
59 121
59 131
59 135
59 143
59 147
59 190
59 348
59 351
59 386
59 404
59 412
59 413
59 423
59 443
59 534
60 61
60 74
60 78
60 82
60 138
60 173
60 345
60 353
60 354
60 358
60 359
60 414
60 421
60 438
61 66
61 74
61 78
61 81
61 345
61 353
61 354
61 355
61 356
61 359
61 369
61 372
61 447
62 66
62 345
62 349
62 352
63 64
63 65
63 345
63 358
64 95
64 110
64 114
64 117
64 118
64 121
64 135
64 143
64 147
64 412
64 413
64 414
65 79
65 113
65 152
65 341
65 357
65 358
65 421
66 185
66 345
66 349
66 352
66 356
66 362
67 352
68 69
68 70
68 72
68 77
68 81
68 83
68 91
68 128
68 132
68 133
68 134
68 138
68 140
68 142
68 149
68 162
68 293
68 364
68 365
68 369
68 370
68 372
68 373
68 374
68 376
68 420
68 422
68 428
68 429
68 430
68 431
68 433
68 434
68 439
68 440
68 444
68 447
68 448
68 579
69 70
69 71
69 72
69 74
69 77
69 81
69 83
69 128
69 129
69 132
69 133
69 134
69 138
69 146
69 351
69 353
69 364
69 365
69 367
69 369
69 370
69 372
69 373
69 374
69 375
69 376
69 421
69 422
69 429
69 434
69 438
69 444
69 447
70 71
70 72
70 74
70 77
70 81
70 128
70 129
70 133
70 134
70 146
70 365
70 366
70 369
70 370
70 372
70 421
70 429
70 438
71 72
71 74
71 76
71 77
71 364
71 365
71 370
71 372
71 537
71 598
71 599
72 74
72 76
72 77
72 81
72 364
72 365
72 366
72 370
72 372
72 599
73 75
73 79
73 130
73 137
73 367
73 371
73 429
74 77
74 78
74 79
74 82
74 128
74 129
74 132
74 134
74 137
74 138
74 146
74 345
74 355
74 364
74 365
74 366
74 367
74 369
74 370
74 372
74 373
74 375
74 376
74 421
74 422
74 429
74 438
75 79
75 82
75 83
75 92
75 112
75 129
75 131
75 132
75 134
75 135
75 137
75 138
75 139
75 367
75 371
75 375
75 376
75 403
75 404
75 423
75 429
76 77
76 299
76 598
76 599
77 81
77 127
77 353
77 355
77 364
77 365
77 369
77 370
77 372
77 374
77 376
77 579
77 599
78 79
78 82
78 138
78 146
78 341
78 345
78 358
78 369
78 372
78 373
78 375
78 421
79 80
79 82
79 83
79 84
79 99
79 112
79 128
79 129
79 130
79 134
79 135
79 137
79 138
79 139
79 149
79 367
79 371
79 373
79 375
79 376
79 377
79 378
79 403
79 404
79 421
79 422
79 423
79 429
79 436
80 82
80 84
80 99
80 128
80 132
80 134
80 140
80 149
80 150
80 152
80 358
80 373
80 374
80 375
80 376
80 420
80 421
80 422
80 434
80 440
80 448
81 91
81 98
81 127
81 139
81 142
81 146
81 149
81 351
81 353
81 354
81 355
81 364
81 365
81 369
81 370
81 372
81 373
81 374
81 376
81 382
81 420
81 422
81 433
81 434
81 440
81 447
81 448
81 579
82 84
82 128
82 129
82 358
82 367
82 373
82 375
82 376
82 421
82 423
82 429
83 84
83 86
83 128
83 130
83 139
83 364
83 365
83 367
83 373
83 374
83 375
83 376
83 377
83 422
83 429
84 127
84 139
84 150
84 367
84 373
84 374
84 375
84 376
84 377
84 421
84 422
84 448
85 86
86 87
86 88
86 130
86 377
86 379
86 381
87 112
87 113
87 114
87 116
87 124
87 126
87 130
87 194
87 379
87 406
87 409
88 89
88 130
88 377
88 380
88 381
89 91
89 380
89 381
89 382
90 220
90 221
90 302
90 305
90 320
90 321
90 323
90 327
90 329
90 333
90 334
90 335
90 336
90 338
90 339
90 380
90 389
90 530
91 332
91 338
91 339
91 374
91 380
91 381
91 382
91 441
91 447
91 448
92 93
92 95
92 96
92 108
92 110
92 112
92 114
92 116
92 117
92 126
92 131
92 137
92 386
92 391
92 403
92 404
92 407
92 491
93 94
93 105
93 107
93 111
93 385
93 386
94 95
94 110
94 116
94 117
94 120
94 385
94 386
94 400
94 407
95 96
95 108
95 110
95 112
95 114
95 116
95 117
95 118
95 119
95 123
95 124
95 125
95 126
95 131
95 134
95 135
95 137
95 143
95 147
95 156
95 157
95 190
95 191
95 194
95 196
95 225
95 386
95 391
95 399
95 403
95 404
95 406
95 407
95 412
95 413
95 417
95 423
95 424
95 443
95 451
95 491
95 534
96 112
96 114
96 131
96 134
96 135
96 137
96 147
96 190
96 198
96 386
96 403
96 404
96 406
96 423
96 451
97 118
97 127
97 129
97 146
97 282
97 444
97 579
98 579
99 128
99 129
99 132
99 133
99 134
99 135
99 138
99 149
99 367
99 373
99 421
99 422
99 423
99 429
100 302
100 320
100 321
100 322
100 389
100 425
101 103
101 236
102 203
102 290
103 104
103 105
103 106
103 189
103 233
103 235
103 236
103 237
103 285
103 286
103 290
103 489
103 547
103 585
104 105
104 106
104 189
104 192
104 235
104 236
105 106
105 196
106 189
106 195
106 234
106 235
106 236
106 237
106 238
106 239
106 240
106 244
106 495
106 548
106 562
106 585
107 111
107 398
107 400
107 586
108 110
108 114
108 117
108 147
108 190
108 191
108 386
108 406
108 491
109 204
109 394
110 112
110 114
110 117
110 118
110 119
110 120
110 121
110 123
110 131
110 147
110 156
110 157
110 190
110 191
110 194
110 224
110 225
110 350
110 386
110 395
110 399
110 401
110 408
110 409
110 412
110 413
110 417
110 443
110 491
110 534
112 114
112 116
112 117
112 123
112 124
112 125
112 126
112 129
112 130
112 131
112 134
112 135
112 137
112 147
112 190
112 191
112 194
112 386
112 391
112 403
112 404
112 405
112 406
112 407
112 409
112 423
112 424
112 451
112 491
112 534
113 114
113 116
113 118
113 124
113 130
113 150
113 405
114 115
114 116
114 117
114 118
114 123
114 124
114 125
114 126
114 129
114 130
114 131
114 135
114 137
114 143
114 147
114 157
114 190
114 191
114 194
114 386
114 403
114 404
114 405
114 406
114 407
114 409
114 413
114 423
114 424
114 443
114 451
114 491
114 534
115 116
115 337
115 405
115 407
116 117
116 118
116 126
116 194
116 337
116 386
116 405
116 406
116 407
116 409
116 491
117 118
117 119
117 123
117 124
117 125
117 126
117 131
117 137
117 147
117 157
117 190
117 191
117 194
117 386
117 403
117 404
117 406
117 407
117 408
117 409
117 413
117 443
117 491
117 534
118 119
118 120
118 121
118 147
118 157
118 190
118 191
118 194
118 348
118 409
118 410
118 412
118 413
118 418
118 443
119 120
119 121
119 123
119 125
119 145
119 147
119 157
119 190
119 191
119 194
119 224
119 225
119 350
119 395
119 399
119 401
119 408
119 409
119 412
119 413
119 417
119 418
119 424
119 443
119 445
119 515
119 534
119 545
120 121
120 194
120 400
120 401
120 412
120 413
121 145
121 147
121 157
121 194
121 225
121 395
121 399
121 401
121 409
121 412
121 413
121 534
122 141
122 164
122 264
122 272
122 278
122 466
123 124
123 125
123 126
123 147
123 157
123 190
123 191
123 194
123 225
123 350
123 391
123 399
123 404
123 408
123 409
123 416
123 417
123 418
123 424
123 443
123 461
123 491
123 534
124 125
124 126
124 147
124 191
124 194
124 404
124 406
124 409
124 418
124 424
125 126
125 143
125 147
125 152
125 157
125 190
125 191
125 225
125 350
125 403
125 404
125 406
125 409
125 416
125 417
125 418
125 424
125 435
125 443
125 451
125 491
125 515
125 534
126 129
126 130
126 131
126 137
126 147
126 191
126 194
126 386
126 403
126 404
126 406
126 409
126 423
126 424
126 491
127 365
127 370
127 372
127 373
127 374
127 420
127 421
127 422
127 448
127 579
127 599
128 129
128 132
128 133
128 134
128 135
128 138
128 364
128 365
128 367
128 369
128 372
128 373
128 375
128 376
128 420
128 421
128 422
128 423
128 429
128 434
128 438
129 130
129 131
129 132
129 133
129 134
129 135
129 137
129 147
129 365
129 367
129 373
129 375
129 376
129 403
129 404
129 421
129 422
129 423
129 424
129 429
129 434
129 438
129 451
130 137
130 147
130 367
130 371
130 377
130 378
130 379
130 403
130 404
130 406
131 134
131 135
131 137
131 147
131 157
131 190
131 191
131 194
131 198
131 367
131 386
131 391
131 403
131 404
131 406
131 423
131 424
131 429
131 451
131 491
131 534
132 133
132 134
132 135
132 137
132 138
132 139
132 140
132 149
132 162
132 364
132 365
132 367
132 369
132 373
132 375
132 376
132 421
132 422
132 428
132 429
132 433
132 434
132 444
133 134
133 135
133 138
133 364
133 365
133 367
133 369
133 375
133 376
133 422
133 429
133 434
133 444
133 534
133 563
134 135
134 136
134 137
134 138
134 140
134 143
134 146
134 147
134 149
134 161
134 162
134 365
134 367
134 373
134 375
134 376
134 403
134 404
134 418
134 421
134 422
134 423
134 424
134 429
134 434
134 435
134 438
134 439
134 440
134 444
134 451
134 534
135 137
135 138
135 143
135 147
135 367
135 375
135 386
135 403
135 404
135 406
135 412
135 423
135 424
135 429
135 451
135 534
136 137
136 161
136 404
136 429
137 138
137 147
137 201
137 367
137 371
137 375
137 376
137 386
137 403
137 404
137 406
137 418
137 423
137 424
137 429
137 434
137 435
137 438
137 451
137 491
138 139
138 143
138 146
138 149
138 341
138 345
138 365
138 367
138 369
138 373
138 375
138 376
138 421
138 422
138 429
138 433
138 434
138 444
138 447
139 149
139 364
139 365
139 367
139 369
139 372
139 373
139 374
139 375
139 376
139 433
139 434
139 440
140 142
140 148
140 149
140 150
140 152
140 161
140 162
140 373
140 418
140 420
140 422
140 428
140 431
140 433
140 434
140 435
140 439
140 440
140 444
140 447
140 448
140 450
141 199
141 264
141 468
142 144
142 146
142 149
142 162
142 420
142 428
142 434
142 439
142 440
142 444
142 447
142 448
142 579
143 146
143 147
143 157
143 190
143 225
143 404
143 423
143 424
143 439
143 443
143 444
143 451
143 534
144 146
144 149
144 373
144 434
144 444
144 447
145 225
145 399
145 401
145 443
145 445
145 534
146 149
146 345
146 351
146 358
146 365
146 369
146 372
146 373
146 376
146 420
146 421
146 434
146 440
146 444
146 447
147 157
147 190
147 191
147 194
147 198
147 225
147 348
147 350
147 386
147 399
147 403
147 404
147 406
147 408
147 409
147 412
147 413
147 417
147 418
147 423
147 424
147 435
147 439
147 443
147 444
147 451
147 490
147 491
147 492
147 515
147 534
148 149
148 152
148 161
148 162
148 431
148 437
148 440
148 462
149 150
149 152
149 161
149 162
149 345
149 357
149 358
149 369
149 373
149 374
149 376
149 418
149 420
149 421
149 422
149 428
149 431
149 433
149 434
149 437
149 440
149 444
149 447
149 448
149 462
150 151
150 152
150 437
150 440
150 446
150 448
152 161
152 162
152 418
152 431
152 434
152 440
152 448
153 214
153 449
153 468
154 157
154 171
154 435
154 450
154 454
154 461
154 524
155 452
155 543
155 544
156 224
156 417
157 190
157 191
157 194
157 198
157 205
157 210
157 225
157 348
157 350
157 399
157 404
157 409
157 412
157 413
157 418
157 424
157 435
157 439
157 443
157 444
157 451
157 454
157 461
157 490
157 492
157 514
157 515
157 524
157 534
157 545
158 159
158 161
158 455
159 161
159 430
159 455
159 456
159 458
160 180
160 200
160 297
161 162
161 416
161 418
161 424
161 431
161 435
161 436
161 437
161 461
161 462
162 253
162 428
162 431
162 434
162 439
162 440
162 444
163 462
164 272
164 466
165 167
165 477
166 475
167 348
167 357
167 413
168 247
169 476
170 239
170 247
170 257
170 258
170 266
171 202
171 424
171 435
172 247
172 248
172 478
174 483
174 526
175 301
176 523
177 244
177 587
178 255
178 257
178 481
178 566
179 187
181 482
182 206
183 229
183 230
183 238
183 239
183 243
183 247
183 252
183 255
183 256
183 257
183 258
183 259
183 266
183 268
183 270
183 296
183 488
183 538
183 566
183 567
183 570
184 480
184 586
186 471
187 384
187 393
188 196
188 402
189 195
189 213
189 230
189 234
189 236
189 238
189 239
189 240
189 244
189 247
189 251
189 258
189 266
189 269
189 511
189 538
189 542
189 548
189 562
189 567
189 573
189 585
190 191
190 194
190 198
190 210
190 225
190 348
190 350
190 399
190 404
190 408
190 418
190 424
190 435
190 439
190 443
190 451
190 454
190 490
190 492
190 514
190 515
190 524
190 534
191 194
191 198
191 225
191 350
191 386
191 396
191 399
191 404
191 406
191 408
191 409
191 413
191 417
191 418
191 424
191 443
191 451
191 490
191 491
191 492
191 534
192 195
192 296
192 551
193 270
194 386
194 401
194 404
194 408
194 409
194 412
194 413
194 534
195 213
195 239
195 258
195 266
195 295
195 493
195 509
195 511
195 562
196 402
196 417
196 489
197 215
197 218
198 210
198 280
198 404
198 443
198 451
198 459
198 490
198 492
198 514
201 491
201 500
201 506
205 451
206 207
207 234
208 435
208 449
208 450
208 510
208 514
208 524
208 595
208 600
209 212
209 219
209 265
209 274
209 281
209 465
209 494
209 510
209 512
209 513
209 522
210 225
210 435
210 439
210 443
210 444
210 450
210 451
210 454
210 490
210 492
210 514
210 515
210 524
210 534
210 545
210 595
211 213
211 230
211 231
211 269
211 270
211 281
211 295
211 296
211 493
211 509
211 513
211 528
211 542
211 565
213 216
213 229
213 230
213 234
213 239
213 266
213 269
213 270
213 273
213 295
213 296
213 493
213 509
213 511
213 542
213 562
213 567
213 573
214 416
214 449
215 274
216 229
216 230
216 269
216 270
216 273
216 274
216 295
216 509
216 542
216 573
216 574
217 218
219 231
219 254
219 265
219 274
219 281
220 327
220 330
220 333
220 335
220 336
220 339
220 529
220 530
221 320
221 336
221 530
222 226
222 227
222 240
222 533
222 535
222 536
222 548
222 550
222 553
222 554
223 397
224 225
224 399
224 417
224 443
224 534
225 399
225 412
225 417
225 418
225 424
225 439
225 443
225 444
225 445
225 450
225 451
225 454
225 490
225 492
225 531
225 534
225 545
226 227
226 535
227 535
227 536
227 552
228 263
228 300
229 230
229 231
229 252
229 255
229 259
229 265
229 268
229 270
229 273
229 274
229 277
229 278
229 295
229 296
229 517
229 542
229 565
229 570
229 572
229 574
230 231
230 234
230 238
230 239
230 247
230 255
230 256
230 259
230 266
230 268
230 269
230 270
230 273
230 295
230 296
230 509
230 511
230 542
230 562
230 567
230 573
231 259
231 265
231 274
231 512
231 542
231 565
232 233
232 234
233 290
233 521
234 236
234 238
234 239
234 240
234 247
234 266
234 269
234 511
234 542
234 562
234 567
234 573
234 585
235 236
235 237
235 240
235 244
235 285
235 286
235 546
235 547
235 583
236 237
236 238
236 239
236 240
236 244
236 247
236 251
236 266
236 285
236 286
236 288
236 289
236 547
236 562
236 585
237 238
237 240
237 244
237 285
237 286
237 547
237 549
238 239
238 240
238 243
238 247
238 256
238 258
238 266
238 538
238 542
238 547
238 548
238 562
238 567
238 573
239 240
239 243
239 244
239 247
239 255
239 257
239 258
239 266
239 269
239 270
239 296
239 538
239 542
239 548
239 562
239 567
239 588
240 243
240 244
240 247
240 258
240 266
240 267
240 547
240 548
240 553
240 554
240 562
240 588
241 242
241 536
241 552
242 536
242 550
242 552
243 244
243 247
243 255
243 256
243 258
243 266
243 268
243 538
243 547
243 548
243 554
243 588
244 258
244 267
244 547
244 548
244 554
244 588
245 532
245 533
246 531
247 248
247 255
247 256
247 258
247 259
247 266
247 538
247 562
247 566
247 567
248 250
248 556
248 558
249 251
250 252
250 558
251 266
251 269
251 288
251 289
251 562
251 585
251 586
252 255
252 259
252 268
252 270
252 277
252 488
252 566
252 570
252 574
252 575
255 257
255 258
255 259
255 260
255 261
255 266
255 268
255 270
255 273
255 277
255 295
255 296
255 297
255 488
255 538
255 566
255 570
255 572
256 266
256 538
256 567
256 573
257 258
257 259
257 260
257 261
257 296
257 297
258 260
258 266
258 267
258 269
258 296
258 547
258 548
258 562
258 588
259 261
259 265
259 268
259 270
259 273
259 274
259 295
259 296
259 297
259 542
259 565
259 572
260 261
260 296
260 588
261 263
261 264
261 265
261 296
261 297
261 592
261 597
262 299
262 387
262 420
262 458
262 599
262 600
263 264
263 300
263 468
263 592
263 597
264 265
264 300
264 468
264 481
264 577
265 268
265 271
265 273
265 274
265 278
265 281
265 512
265 517
265 519
265 522
265 528
265 541
265 565
265 569
265 571
265 574
265 576
265 577
266 269
266 270
266 296
266 538
266 548
266 562
266 567
266 573
268 270
268 273
268 274
268 276
268 277
268 278
268 281
268 295
268 296
268 488
268 528
268 565
268 570
268 572
269 270
269 273
269 295
269 296
269 562
269 567
269 573
270 273
270 274
270 276
270 277
270 278
270 295
270 296
270 567
270 572
271 272
271 466
271 468
271 574
272 277
272 278
272 466
273 274
273 277
273 278
273 295
273 573
273 574
274 276
274 278
274 281
274 295
274 512
274 517
274 519
274 565
275 432
276 278
276 512
276 571
276 577
277 278
277 466
277 488
277 570
277 572
277 574
277 575
278 281
278 295
278 296
278 572
278 577
279 459
280 474
281 528
281 565
281 571
281 576
282 580
284 285
284 286
285 286
285 290
285 547
285 583
286 290
286 547
286 549
286 583
286 584
288 482
288 585
288 586
289 586
290 391
293 294
293 364
295 296
295 297
295 493
295 509
295 542
295 565
295 572
296 297
296 572
297 592
297 596
298 300
298 597
300 597
301 317
302 303
302 304
302 305
302 317
302 319
302 320
302 321
302 322
302 389
302 398
303 304
303 307
303 319
303 320
303 321
303 389
303 398
304 305
304 318
304 319
304 320
304 321
304 322
304 323
304 336
304 389
305 319
305 320
305 321
305 322
305 323
305 324
305 327
305 336
305 389
305 530
306 308
306 309
306 312
306 313
306 315
306 316
306 319
308 309
308 312
308 313
308 315
308 316
308 319
309 312
309 313
309 315
309 316
310 314
311 317
312 313
312 318
313 315
313 316
313 318
314 315
314 316
315 316
315 319
317 321
317 389
317 398
318 319
318 320
318 331
319 320
319 321
319 336
319 389
320 321
320 324
320 329
320 334
320 336
320 388
320 389
320 530
321 322
321 336
321 388
321 389
321 398
321 425
321 530
322 389
322 425
323 327
323 328
323 329
323 332
323 335
323 336
323 380
323 389
323 445
323 530
324 329
324 333
324 334
324 336
327 328
327 329
327 332
327 335
327 336
327 441
327 530
327 582
328 329
328 330
328 332
328 335
329 331
329 333
329 334
329 335
329 530
330 332
332 335
332 339
332 529
333 334
333 335
333 338
333 339
333 530
335 336
335 338
335 339
335 380
335 382
335 441
335 530
336 389
336 530
337 340
337 342
337 346
337 383
338 339
338 380
338 382
338 441
339 380
339 382
339 420
339 441
339 448
339 530
339 579
340 346
341 344
341 345
341 349
341 358
341 363
341 369
341 372
341 375
341 421
342 343
342 346
342 347
343 347
344 348
344 349
344 357
344 372
344 410
345 351
345 352
345 353
345 354
345 356
345 358
345 363
345 369
345 372
345 376
345 421
345 447
346 349
348 350
348 357
348 365
348 408
348 410
348 413
348 475
348 492
349 372
350 357
350 396
350 399
350 406
350 408
350 409
350 410
350 417
350 418
350 419
350 424
350 435
350 451
350 461
350 490
350 492
350 534
351 352
351 353
351 358
351 361
351 365
351 369
351 372
351 376
351 447
353 354
353 355
353 359
353 365
353 369
353 370
353 372
353 374
353 447
354 355
354 356
354 359
354 369
354 372
354 374
355 356
355 369
355 370
355 372
355 374
357 358
357 410
357 418
357 424
358 369
358 375
358 414
358 421
359 414
360 362
360 469
362 363
364 365
364 367
364 369
364 370
364 372
364 373
364 374
364 375
364 376
364 422
364 428
364 429
364 430
364 434
364 447
364 599
365 367
365 368
365 369
365 370
365 372
365 373
365 374
365 375
365 376
365 421
365 422
365 429
365 430
365 433
365 434
365 438
365 444
365 447
367 371
367 373
367 375
367 376
367 403
367 404
367 421
367 422
367 423
367 429
367 430
367 433
367 434
367 435
367 436
367 438
367 444
367 451
367 492
368 370
369 370
369 372
369 373
369 375
369 376
369 421
369 422
369 429
369 433
369 434
369 447
370 372
370 373
370 374
370 375
370 376
370 420
370 421
370 422
370 434
370 599
371 375
371 403
371 406
371 422
371 429
371 436
372 373
372 374
372 375
372 376
372 421
372 422
372 434
372 447
372 599
373 374
373 375
373 376
373 420
373 421
373 422
373 429
373 433
373 434
373 440
373 448
374 376
374 420
374 422
374 433
374 434
374 440
374 447
374 448
375 376
375 403
375 421
375 422
375 423
375 429
375 434
375 438
376 377
376 421
376 422
376 429
376 433
376 434
376 447
377 378
377 381
378 403
378 405
380 382
381 382
382 441
385 386
385 390
385 395
386 391
386 403
386 404
386 406
386 407
386 491
387 531
387 595
387 600
388 389
389 425
389 530
390 391
391 404
391 417
391 489
391 491
392 530
393 495
394 493
394 509
394 551
395 397
395 399
395 401
396 408
396 419
397 533
398 400
398 425
399 408
399 417
399 418
399 443
399 445
399 492
399 534
401 412
401 413
402 489
403 404
403 405
403 406
403 407
403 423
403 424
403 429
403 436
403 491
404 406
404 408
404 417
404 418
404 423
404 424
404 429
404 435
404 451
404 491
404 534
405 406
406 407
406 409
406 423
406 424
406 451
406 491
407 409
407 491
408 409
408 410
408 417
408 418
408 424
408 435
408 443
408 451
408 461
408 492
408 534
409 413
409 424
409 491
409 534
410 439
411 520
412 413
412 418
412 443
412 534
415 600
416 417
416 424
417 418
417 424
417 443
417 491
417 497
417 534
418 423
418 424
418 434
418 435
418 439
418 440
418 443
418 444
418 445
418 461
418 534
419 436
419 500
420 421
420 422
420 428
420 430
420 434
420 440
420 448
420 579
420 599
421 422
421 423
421 429
421 434
422 423
422 428
422 429
422 430
422 433
422 434
422 435
422 436
422 448
422 599
423 424
423 429
423 451
423 534
424 434
424 435
424 439
424 444
424 451
424 461
424 490
424 492
424 515
424 534
424 545
426 428
427 588
427 589
428 430
428 431
428 432
428 434
428 437
428 446
428 448
428 450
428 455
428 458
428 462
428 600
429 434
429 438
429 563
430 431
430 434
430 435
430 444
430 447
430 458
430 461
431 432
431 433
431 434
431 440
431 446
431 448
431 462
432 449
432 450
432 455
432 458
433 434
433 447
434 435
434 436
434 439
434 440
434 444
434 447
434 448
434 450
434 451
434 461
434 492
434 524
435 436
435 439
435 444
435 450
435 451
435 454
435 461
435 464
435 490
435 492
435 514
435 515
435 524
435 534
435 545
435 595
436 461
436 500
437 440
437 446
437 448
439 443
439 444
439 447
439 450
439 451
439 454
439 490
439 492
439 514
439 515
439 524
439 534
439 545
440 446
440 447
440 448
442 465
442 578
443 444
443 451
443 490
443 492
443 534
444 445
444 447
444 451
444 454
444 492
444 534
445 450
445 454
445 531
445 534
446 448
447 448
447 579
448 579
449 464
450 454
450 461
450 490
450 492
450 515
450 524
450 534
450 545
450 595
451 454
451 459
451 461
451 490
451 492
451 514
451 515
451 524
451 534
451 595
452 454
453 510
453 561
454 490
454 492
454 515
454 524
454 534
454 545
455 456
455 458
455 461
455 463
455 464
456 458
456 500
456 600
457 504
457 594
457 597
458 462
459 490
459 492
459 514
460 552
461 464
461 490
461 492
461 515
461 534
464 525
465 494
465 578
466 468
466 574
467 514
470 499
470 559
471 559
472 476
472 576
473 499
474 501
474 503
474 512
474 518
474 519
474 522
479 569
481 486
481 488
481 566
485 567
487 586
488 528
488 541
488 566
488 570
488 574
488 575
489 497
489 498
489 521
490 492
490 514
490 515
490 524
490 534
490 595
492 514
492 515
492 524
492 534
492 595
493 501
493 509
493 511
493 513
493 542
493 548
493 551
494 505
494 510
494 519
494 522
494 576
496 564
497 498
498 521
499 509
501 513
501 519
501 520
502 600
505 594
507 509
507 562
508 564
509 511
509 513
509 542
510 576
510 577
511 542
511 573
511 581
512 513
512 516
512 517
512 518
512 519
512 522
512 528
512 541
512 565
513 517
513 519
513 522
514 515
514 595
515 523
515 534
515 545
516 517
516 519
516 541
516 564
516 565
516 576
517 519
517 522
517 528
517 541
517 542
517 564
517 565
517 573
517 576
517 594
518 519
518 522
519 522
519 528
519 541
519 564
519 565
519 594
522 528
522 565
522 571
522 576
522 577
526 559
527 545
528 541
528 542
528 564
528 565
528 569
528 570
528 571
528 574
528 576
528 592
529 531
529 579
533 535
534 545
535 536
535 546
535 552
535 553
536 550
536 552
536 553
538 566
538 567
538 570
538 574
539 597
539 600
540 555
540 588
541 564
541 565
541 566
541 570
541 576
541 592
541 594
542 548
542 565
542 573
542 574
544 560
546 549
547 548
547 549
547 554
547 556
547 588
548 553
548 554
548 562
548 588
549 583
550 552
550 553
550 554
551 555
553 554
554 588
555 594
556 566
557 560
562 567
562 588
564 565
564 576
564 592
564 594
565 576
566 570
566 574
567 573
567 574
568 588
569 570
569 574
570 573
570 574
570 575
571 572
571 576
571 577
576 577
590 592
591 592
591 593
592 594
592 597
594 597
595 600
