600 3594

1 2
1 4
1 22
1 25
1 98
1 100
1 101
1 103
1 184
1 284
1 285
1 287
1 290
1 292
1 305
1 322
1 323
1 325
1 392
1 583
1 584
2 4
2 5
2 11
2 18
2 20
2 21
2 22
2 37
2 94
2 98
2 100
2 101
2 103
2 292
2 302
2 304
2 305
2 308
2 319
2 320
2 321
2 322
2 390
2 392
2 400
2 584
3 304
4 5
4 11
4 19
4 20
4 21
4 22
4 25
4 28
4 31
4 34
4 37
4 98
4 101
4 103
4 120
4 284
4 302
4 305
4 318
4 320
4 321
4 322
4 323
4 324
4 327
4 329
4 332
4 336
4 392
4 400
4 582
4 584
4 588
5 11
5 18
5 19
5 20
5 21
5 29
5 103
5 302
5 304
5 305
5 308
5 319
5 320
5 321
5 322
5 324
5 326
5 400
6 21
7 10
8 12
8 15
8 16
9 310
10 376
11 18
11 19
11 20
11 21
11 37
11 94
11 97
11 98
11 103
11 302
11 304
11 305
11 311
11 315
11 317
11 319
11 320
11 321
11 322
11 324
11 336
11 388
11 400
12 15
12 16
12 303
12 310
12 315
13 313
14 19
14 312
14 324
15 16
15 315
16 303
16 304
16 315
16 319
17 19
17 37
17 312
17 318
17 320
18 20
18 21
18 94
18 98
18 103
18 302
18 304
18 305
18 311
18 315
18 317
18 319
18 321
18 322
18 400
19 20
19 21
19 37
19 302
19 304
19 305
19 312
19 313
19 315
19 316
19 317
19 318
19 319
19 320
19 322
19 324
19 326
19 400
20 21
20 37
20 94
20 103
20 302
20 304
20 305
20 308
20 317
20 319
20 320
20 321
20 322
20 324
20 326
20 336
20 400
21 22
21 31
21 34
21 35
21 37
21 94
21 98
21 101
21 103
21 120
21 122
21 302
21 304
21 305
21 317
21 319
21 320
21 321
21 322
21 324
21 326
21 327
21 329
21 330
21 332
21 333
21 334
21 336
21 400
21 415
22 23
22 25
22 26
22 28
22 30
22 31
22 32
22 33
22 34
22 35
22 36
22 37
22 38
22 103
22 237
22 284
22 285
22 287
22 292
22 305
22 320
22 323
22 325
22 327
22 328
22 329
22 330
22 332
22 333
22 334
22 335
22 336
22 337
22 582
22 583
22 584
23 25
23 26
23 27
23 28
23 30
23 31
23 32
23 33
23 34
23 36
23 37
23 38
23 284
23 287
23 323
23 327
23 328
23 329
23 330
23 331
23 332
23 333
23 334
23 335
23 582
23 583
23 584
24 27
24 28
24 29
24 30
24 31
24 32
24 33
24 323
24 326
24 327
24 328
24 329
24 330
24 332
25 26
25 28
25 30
25 31
25 33
25 34
25 36
25 38
25 284
25 285
25 287
25 292
25 320
25 323
25 325
25 327
25 328
25 329
25 330
25 332
25 335
25 336
25 337
25 582
25 583
25 584
26 27
26 28
26 30
26 31
26 33
26 34
26 36
26 37
26 38
26 284
26 287
26 320
26 323
26 327
26 328
26 329
26 330
26 332
26 334
26 335
26 336
26 582
26 583
27 28
27 30
27 31
27 32
27 33
27 36
27 328
27 329
27 330
27 332
27 335
28 30
28 31
28 32
28 33
28 34
28 36
28 37
28 38
28 237
28 284
28 287
28 320
28 323
28 327
28 328
28 329
28 330
28 332
28 333
28 334
28 335
28 336
28 582
28 583
28 584
29 308
29 324
29 326
30 31
30 32
30 33
30 34
30 35
30 36
30 37
30 38
30 284
30 287
30 320
30 323
30 327
30 328
30 329
30 330
30 331
30 332
30 333
30 334
30 335
30 336
30 582
30 584
31 32
31 33
31 34
31 36
31 37
31 38
31 237
31 284
31 285
31 287
31 292
31 320
31 323
31 327
31 328
31 329
31 330
31 332
31 333
31 334
31 335
31 336
31 582
31 583
31 584
32 33
32 34
32 35
32 36
32 37
32 38
32 287
32 320
32 323
32 327
32 328
32 329
32 330
32 331
32 332
32 333
32 334
32 335
32 339
33 34
33 36
33 37
33 38
33 237
33 284
33 287
33 320
33 323
33 324
33 327
33 328
33 329
33 330
33 332
33 333
33 334
33 335
33 336
33 582
33 583
33 584
34 35
34 36
34 37
34 38
34 122
34 284
34 287
34 312
34 320
34 323
34 324
34 327
34 328
34 329
34 330
34 332
34 333
34 334
34 335
34 336
34 415
34 582
34 583
34 584
35 36
35 37
35 38
35 122
35 320
35 329
35 330
35 331
35 332
35 333
35 334
35 335
36 37
36 38
36 237
36 284
36 287
36 320
36 323
36 327
36 328
36 329
36 330
36 331
36 332
36 333
36 334
36 335
36 336
36 337
36 582
36 583
36 584
37 38
37 103
37 122
37 305
37 312
37 318
37 320
37 323
37 324
37 327
37 328
37 329
37 330
37 332
37 333
37 334
37 335
37 336
37 400
37 415
37 582
38 237
38 284
38 292
38 320
38 323
38 324
38 327
38 328
38 329
38 330
38 332
38 333
38 334
38 335
38 336
38 337
38 413
38 582
38 583
38 584
39 41
39 42
39 82
39 83
39 88
39 92
39 95
39 104
39 110
39 113
39 115
39 117
39 118
39 130
39 187
39 194
39 201
39 204
39 229
39 282
39 283
39 340
39 376
39 384
39 397
39 399
39 404
39 406
39 409
39 422
39 459
39 498
40 338
41 42
41 83
41 138
41 404
41 422
42 45
42 115
42 118
42 397
43 48
44 354
45 46
45 54
47 117
47 118
48 62
48 63
48 67
48 347
48 349
48 358
48 360
49 57
49 65
49 80
49 89
49 124
49 141
49 149
49 150
49 152
49 353
49 373
49 418
49 430
49 431
49 434
49 435
49 440
49 446
49 448
50 125
50 146
50 155
50 196
50 225
50 228
50 412
50 423
50 439
50 444
50 445
50 447
50 534
51 62
51 63
51 65
51 67
51 352
51 358
51 360
52 357
53 55
53 60
53 228
53 282
53 337
53 406
55 93
55 110
55 119
55 120
55 121
55 282
55 386
55 389
55 401
55 580
56 59
56 60
56 64
56 123
56 344
56 348
56 353
56 359
57 65
57 124
57 345
57 373
57 430
58 66
58 345
58 362
58 363
59 60
59 61
59 64
59 125
59 228
59 351
59 353
59 359
59 361
59 418
59 440
60 61
60 64
60 80
60 89
60 125
60 228
60 351
60 353
60 359
60 361
60 418
60 421
60 434
60 440
61 75
61 345
61 354
61 359
61 361
61 440
62 63
62 67
62 358
62 360
62 369
63 67
63 357
63 358
63 360
64 97
64 121
64 123
64 125
64 147
64 228
64 348
64 386
64 388
64 401
64 413
64 497
64 579
64 580
65 345
65 354
66 67
66 347
66 355
66 356
66 362
66 363
67 357
67 358
67 360
68 140
69 71
70 149
71 72
71 422
73 367
74 363
76 153
76 260
76 261
76 272
76 278
76 279
76 281
76 294
76 296
76 297
76 300
77 420
78 79
78 82
78 83
78 363
78 365
78 376
79 83
79 84
79 85
79 371
79 373
79 378
79 430
80 82
80 88
80 89
80 125
80 132
80 134
80 141
80 146
80 149
80 150
80 351
80 364
80 373
80 418
80 421
80 423
80 428
80 429
80 430
80 431
80 432
80 434
80 440
80 448
81 141
82 83
82 88
82 99
82 129
82 130
82 132
82 134
82 135
82 141
82 149
82 229
82 359
82 364
82 365
82 372
82 375
82 376
82 404
82 421
82 422
82 423
82 424
82 429
82 431
82 434
82 440
82 498
83 88
83 113
83 129
83 130
83 132
83 134
83 135
83 364
83 365
83 372
83 375
83 376
83 399
83 404
83 421
83 422
83 423
83 429
83 434
84 139
85 86
85 87
85 377
86 87
86 367
86 371
86 377
86 380
86 381
86 436
87 367
87 371
87 377
87 380
87 381
87 436
88 89
88 130
88 132
88 134
88 141
88 373
88 376
88 421
88 423
88 431
88 434
89 134
89 141
89 149
89 150
89 353
89 373
89 418
89 430
89 431
89 432
89 434
89 435
89 448
90 405
90 430
91 380
92 93
92 95
92 104
92 110
92 113
92 118
92 130
92 187
92 194
92 201
92 298
92 301
92 384
92 391
92 395
92 397
92 404
92 422
92 424
92 502
93 95
93 96
93 99
93 110
93 213
93 282
93 301
93 389
93 390
93 391
93 581
94 97
94 98
94 103
94 303
94 304
94 305
94 317
94 319
94 321
94 322
94 388
95 96
95 104
95 105
95 106
95 110
95 113
95 116
95 117
95 118
95 130
95 187
95 188
95 194
95 200
95 201
95 202
95 203
95 213
95 219
95 274
95 280
95 283
95 298
95 301
95 384
95 385
95 391
95 393
95 395
95 404
95 409
95 501
95 502
95 503
95 505
96 99
96 301
96 389
96 390
96 398
96 581
97 98
97 317
97 386
97 388
98 103
98 184
98 305
98 317
98 322
98 388
98 392
99 129
99 130
99 199
99 228
99 389
99 390
99 403
99 404
99 421
99 423
99 444
99 490
99 504
100 101
100 103
100 106
100 322
100 389
100 390
100 391
100 392
100 398
100 529
101 103
101 119
101 121
101 147
101 321
101 322
101 389
101 390
101 392
101 398
101 401
101 504
101 584
102 287
103 120
103 302
103 304
103 305
103 317
103 319
103 320
103 321
103 322
103 392
103 400
104 105
104 106
104 108
104 110
104 113
104 115
104 116
104 117
104 118
104 130
104 187
104 188
104 189
104 191
104 194
104 200
104 201
104 202
104 203
104 207
104 213
104 219
104 223
104 234
104 274
104 280
104 283
104 384
104 385
104 391
104 393
104 395
104 404
104 408
104 409
104 501
104 502
104 503
104 505
104 595
105 108
105 109
105 110
105 113
105 115
105 116
105 117
105 118
105 187
105 188
105 189
105 191
105 194
105 200
105 201
105 202
105 203
105 207
105 213
105 215
105 219
105 223
105 274
105 280
105 384
105 385
105 391
105 393
105 394
105 395
105 402
105 408
105 409
105 501
105 503
105 505
105 519
105 595
106 110
106 118
106 220
106 290
106 384
106 389
106 390
106 391
106 392
106 397
106 399
106 529
106 581
107 192
108 109
108 116
108 188
108 189
108 191
108 192
108 202
108 203
108 207
108 214
108 215
108 216
108 219
108 274
108 295
108 393
108 394
108 395
108 396
108 408
108 501
108 503
108 505
108 517
108 519
108 527
108 594
109 114
109 116
109 154
109 188
109 191
109 192
109 193
109 194
109 197
109 202
109 203
109 207
109 214
109 215
109 216
109 217
109 219
109 223
109 276
109 393
109 394
109 395
109 396
109 402
109 408
109 495
109 501
109 503
109 517
109 519
109 524
109 527
109 594
109 595
110 113
110 117
110 118
110 130
110 187
110 194
110 201
110 213
110 229
110 282
110 283
110 384
110 385
110 389
110 391
110 397
110 399
110 404
110 409
110 498
110 529
111 206
111 479
111 493
111 495
111 513
112 113
112 129
112 130
112 264
112 298
112 387
112 403
112 404
112 423
112 424
112 451
112 459
112 490
112 491
112 492
112 498
113 115
113 116
113 117
113 118
113 130
113 187
113 188
113 194
113 197
113 200
113 201
113 203
113 204
113 207
113 219
113 234
113 280
113 283
113 298
113 340
113 384
113 385
113 393
113 395
113 397
113 399
113 404
113 407
113 409
113 422
113 424
113 459
113 460
113 491
113 498
113 501
113 502
113 503
113 505
113 516
113 595
114 207
114 276
114 524
115 116
115 117
115 118
115 130
115 187
115 188
115 194
115 197
115 201
115 203
115 204
115 207
115 219
115 223
115 234
115 283
115 340
115 384
115 385
115 393
115 394
115 395
115 397
115 404
115 407
115 408
115 409
115 410
115 459
115 460
115 465
115 491
115 498
115 501
115 505
115 516
115 595
116 117
116 118
116 130
116 187
116 188
116 189
116 191
116 194
116 197
116 200
116 201
116 202
116 203
116 204
116 207
116 213
116 215
116 219
116 223
116 234
116 274
116 280
116 384
116 385
116 393
116 394
116 395
116 402
116 407
116 408
116 409
116 465
116 501
116 503
116 505
116 517
116 524
116 595
117 118
117 187
117 188
117 189
117 191
117 194
117 197
117 200
117 201
117 202
117 203
117 204
117 207
117 213
117 219
117 274
117 280
117 283
117 384
117 385
117 393
117 395
117 402
117 408
117 409
117 410
117 501
117 503
117 505
117 595
118 130
118 187
118 188
118 194
118 200
118 201
118 202
118 203
118 204
118 207
118 213
118 219
118 280
118 283
118 340
118 384
118 385
118 391
118 393
118 395
118 397
118 399
118 404
118 409
118 501
118 502
118 505
119 121
119 147
119 196
119 225
119 228
119 389
119 390
119 399
119 401
119 412
119 423
119 447
119 490
119 534
119 579
119 580
119 581
120 121
121 147
121 389
121 401
121 412
121 413
121 447
121 579
121 580
122 320
122 332
122 333
122 334
122 336
122 339
122 400
122 415
123 147
123 344
123 348
123 417
123 418
123 497
123 579
124 150
124 430
124 446
125 140
125 141
125 146
125 149
125 150
125 152
125 196
125 225
125 228
125 351
125 412
125 418
125 421
125 423
125 431
125 432
125 434
125 437
125 440
125 444
125 447
125 448
125 534
125 579
126 141
126 362
126 374
127 128
127 264
128 129
128 142
128 264
128 490
129 199
129 264
129 403
129 421
129 423
129 424
129 451
129 490
129 510
130 132
130 187
130 194
130 199
130 200
130 201
130 204
130 264
130 283
130 298
130 384
130 387
130 397
130 399
130 403
130 404
130 422
130 423
130 424
130 451
130 459
130 490
130 491
130 498
130 502
130 516
131 160
131 281
132 134
132 141
132 364
132 421
132 428
132 434
133 422
134 136
134 138
134 140
134 141
134 364
134 418
134 423
134 428
134 430
134 431
134 432
134 434
134 440
134 458
135 361
135 373
135 429
136 159
136 161
136 428
136 432
136 455
136 458
137 204
137 373
137 427
138 428
138 430
138 431
138 440
139 371
139 470
140 418
140 431
140 432
140 434
140 437
141 146
141 149
141 150
141 152
141 373
141 418
141 421
141 423
141 428
141 430
141 431
141 432
141 434
141 435
141 437
141 440
141 447
141 448
141 461
143 481
144 228
144 406
144 421
144 423
145 225
146 196
146 225
146 228
146 351
146 412
146 418
146 423
146 432
146 434
146 437
146 439
146 444
146 447
146 467
146 490
146 534
146 579
147 196
147 401
147 412
147 497
147 579
147 584
148 161
148 437
149 228
149 373
149 418
149 421
149 423
149 430
149 431
149 432
149 434
149 435
149 440
149 448
150 152
150 418
150 430
150 431
150 434
150 440
150 446
150 448
151 466
152 428
152 432
152 440
152 448
152 458
153 160
153 260
153 271
153 272
153 277
153 278
153 279
153 281
153 296
153 297
154 197
154 202
154 207
154 216
154 218
154 516
155 445
155 453
155 463
156 234
157 445
158 161
158 432
159 275
160 279
160 281
160 296
160 457
160 500
161 432
162 462
163 254
163 463
163 464
164 205
164 274
165 403
166 471
167 276
168 170
168 172
168 242
168 247
168 250
168 252
168 256
168 471
168 508
168 556
168 573
169 170
169 255
169 256
169 269
169 270
169 569
169 573
170 232
170 238
170 239
170 242
170 247
170 252
170 256
170 258
170 269
170 554
170 572
171 574
172 250
172 252
172 556
172 563
173 295
173 472
174 249
174 526
174 562
175 177
175 181
175 482
175 483
176 178
176 190
176 255
176 256
176 266
176 485
176 569
177 585
178 183
178 255
178 257
178 260
178 266
178 449
178 480
178 500
178 566
178 569
178 578
179 508
180 449
182 206
182 212
182 231
182 507
182 508
182 522
182 571
183 255
183 257
183 260
183 266
183 336
183 566
183 569
184 289
184 290
184 292
184 389
184 392
184 487
184 584
185 426
186 458
187 188
187 194
187 200
187 201
187 203
187 204
187 207
187 219
187 280
187 283
187 298
187 340
187 376
187 384
187 385
187 393
187 395
187 402
187 404
187 407
187 408
187 409
187 459
187 501
187 503
187 505
187 595
188 189
188 191
188 194
188 197
188 200
188 201
188 202
188 203
188 207
188 214
188 215
188 219
188 274
188 280
188 295
188 298
188 384
188 385
188 393
188 394
188 395
188 402
188 408
188 460
188 501
188 503
188 505
188 524
188 594
188 595
189 202
189 230
189 489
189 594
189 595
190 250
190 255
190 260
190 261
190 266
190 267
190 268
190 270
190 271
190 277
190 278
190 279
190 297
190 438
190 449
190 468
190 485
190 512
190 567
190 569
190 573
190 578
190 592
191 194
191 197
191 198
191 200
191 202
191 203
191 207
191 214
191 215
191 216
191 217
191 219
191 273
191 274
191 276
191 280
191 295
191 385
191 394
191 402
191 408
191 465
191 501
191 503
191 517
191 524
191 527
191 528
191 594
191 595
192 193
192 202
192 214
192 215
193 214
193 273
194 197
194 200
194 201
194 202
194 203
194 204
194 207
194 213
194 219
194 223
194 280
194 283
194 298
194 340
194 384
194 385
194 393
194 394
194 395
194 402
194 404
194 407
194 408
194 409
194 410
194 459
194 465
194 501
194 503
194 505
194 519
194 595
195 196
195 437
195 442
195 456
195 579
196 225
196 228
196 412
196 423
196 444
196 447
196 467
196 534
196 579
197 200
197 201
197 202
197 203
197 207
197 215
197 216
197 218
197 219
197 234
197 276
197 280
197 460
197 501
197 524
198 214
198 215
198 216
198 219
198 273
198 274
198 280
198 295
199 298
199 404
199 451
200 201
200 202
200 203
200 207
200 213
200 215
200 219
200 274
200 280
200 298
200 385
200 408
200 501
200 502
200 503
200 505
201 202
201 203
201 204
201 207
201 213
201 219
201 274
201 280
201 283
201 298
201 376
201 384
201 385
201 393
201 395
201 402
201 404
201 408
201 409
201 422
201 459
201 501
201 502
201 503
201 505
201 595
202 203
202 207
202 214
202 215
202 216
202 217
202 219
202 223
202 274
202 280
202 385
202 393
202 394
202 395
202 402
202 408
202 465
202 501
202 503
202 505
202 517
202 524
202 527
202 594
202 595
203 207
203 214
203 215
203 219
203 223
203 274
203 280
203 385
203 393
203 394
203 395
203 402
203 408
203 465
203 501
203 503
203 505
203 524
203 595
204 283
204 340
204 384
204 407
204 459
204 498
206 209
206 211
206 212
206 231
206 493
206 495
206 513
207 214
207 215
207 216
207 219
207 276
207 280
207 295
207 384
207 385
207 393
207 394
207 395
207 396
207 402
207 408
207 460
207 501
207 503
207 505
207 517
207 519
207 524
207 527
207 594
207 595
208 494
209 212
209 259
209 513
209 518
209 540
210 216
210 314
210 522
211 212
211 231
211 238
211 240
211 245
211 265
211 269
211 493
211 508
211 511
211 513
211 542
212 224
212 231
212 273
212 297
212 493
212 495
212 513
213 223
213 234
213 391
213 397
213 399
214 215
214 216
214 217
214 219
214 273
214 295
214 527
214 594
215 216
215 219
215 274
215 276
215 280
215 402
215 408
215 501
215 503
215 524
215 527
215 594
216 217
216 219
216 273
216 276
216 280
216 524
216 527
216 594
217 527
219 274
219 280
219 385
219 393
219 394
219 395
219 402
219 408
219 409
219 410
219 465
219 501
219 503
219 505
219 517
219 524
219 527
219 528
219 594
219 595
220 221
220 235
220 237
220 391
220 529
220 530
220 549
220 583
221 226
221 530
222 533
222 540
222 551
222 553
222 555
223 234
223 393
223 394
223 395
223 489
224 233
224 245
224 532
225 228
225 351
225 412
225 439
225 444
225 445
225 447
225 534
226 227
226 443
226 530
226 533
226 535
226 545
227 533
227 536
228 412
228 421
228 423
228 444
228 447
228 534
228 579
228 580
229 282
229 283
229 290
229 359
229 389
229 391
229 397
229 399
229 406
229 421
229 498
229 580
229 581
230 246
230 489
231 245
231 265
231 493
231 511
231 513
231 542
232 239
232 247
232 269
232 571
236 238
236 239
236 240
236 245
236 265
236 547
236 548
236 549
237 284
237 285
237 286
237 287
237 323
237 327
237 332
237 334
237 335
237 549
237 582
237 583
237 584
238 239
238 240
238 243
238 245
238 256
238 258
238 265
238 542
238 547
238 548
238 554
238 572
239 240
239 242
239 247
239 256
239 258
239 265
239 548
239 554
239 572
240 245
240 265
240 532
240 542
240 547
240 548
240 549
240 553
240 554
241 244
241 597
242 250
242 252
242 255
242 256
242 269
242 556
242 566
242 567
242 569
242 573
243 255
243 256
243 269
243 554
244 295
245 265
245 532
245 542
247 556
248 254
248 556
248 561
250 252
250 253
250 254
250 255
250 269
250 271
250 277
250 468
250 478
250 556
250 558
250 569
250 573
251 526
252 256
252 266
252 271
252 556
252 560
252 563
252 567
252 569
252 572
252 573
253 478
253 563
254 556
255 256
255 260
255 261
255 266
255 268
255 269
255 271
255 277
255 278
255 279
255 297
255 468
255 500
255 508
255 566
255 567
255 569
255 573
256 265
256 266
256 269
256 297
256 508
256 554
256 566
256 567
256 569
256 572
256 573
257 260
257 261
257 566
258 538
259 278
259 297
260 261
260 266
260 268
260 269
260 271
260 277
260 279
260 281
260 297
260 438
260 449
260 468
260 500
260 569
261 277
261 278
261 279
261 281
261 296
261 297
261 500
261 512
262 444
263 541
264 293
264 298
264 424
264 451
264 490
264 502
264 600
265 269
265 542
265 572
266 267
266 268
266 270
266 271
266 277
266 438
266 449
266 468
266 512
266 569
266 578
267 268
267 270
267 271
267 468
267 512
267 575
268 269
268 270
268 271
268 272
268 277
268 278
268 279
268 297
268 468
269 270
269 297
269 569
269 572
269 573
270 271
270 277
270 278
270 279
270 297
271 277
271 279
271 438
271 449
271 468
271 569
271 573
271 578
272 278
272 279
272 281
272 296
273 295
274 280
274 408
274 501
274 503
274 505
276 524
277 279
277 449
277 468
277 500
277 569
277 578
278 279
278 281
278 296
278 297
279 281
279 296
279 457
279 500
279 578
280 298
280 385
280 402
280 450
280 501
280 503
281 296
281 300
281 500
282 283
282 389
282 391
282 397
282 399
282 529
282 580
283 340
283 384
283 391
283 397
283 399
283 404
283 409
283 489
283 498
283 529
284 285
284 287
284 292
284 312
284 320
284 323
284 325
284 327
284 328
284 329
284 330
284 332
284 335
284 336
284 582
284 583
284 584
285 286
285 292
285 323
285 325
285 547
285 582
285 583
285 584
286 547
286 549
287 323
287 329
287 330
287 332
287 529
287 583
287 584
288 585
290 389
290 391
290 392
290 529
290 581
290 586
291 587
292 325
292 392
292 401
292 582
292 583
292 584
293 299
294 568
295 402
295 594
296 297
296 300
297 573
298 368
298 384
298 404
298 424
298 451
298 459
298 502
298 503
300 488
301 391
301 581
302 304
302 305
302 311
302 317
302 319
302 320
302 321
302 322
302 400
303 304
303 315
303 317
303 319
304 305
304 308
304 315
304 317
304 319
304 321
304 322
304 400
305 308
305 312
305 319
305 320
305 321
305 322
305 323
305 324
305 326
305 327
305 329
305 336
305 392
305 400
305 584
306 309
306 310
307 315
308 324
308 326
311 315
311 316
311 317
311 319
311 400
312 318
312 320
312 323
312 324
312 327
312 328
312 329
312 330
312 332
313 316
315 316
315 317
315 319
315 400
316 319
317 319
317 320
317 388
317 400
318 320
319 320
319 321
319 322
319 400
320 321
320 322
320 323
320 324
320 326
320 327
320 328
320 329
320 330
320 332
320 333
320 334
320 335
320 336
320 400
320 582
320 584
321 322
321 398
321 400
322 392
322 400
323 324
323 327
323 328
323 329
323 330
323 332
323 334
323 335
323 336
323 582
323 583
323 584
324 326
324 327
324 328
324 329
324 330
324 332
324 336
324 582
325 583
325 584
327 328
327 329
327 330
327 332
327 333
327 334
327 335
327 336
327 582
327 583
327 584
328 329
328 330
328 332
328 333
328 334
328 335
328 336
328 582
328 583
328 584
329 330
329 331
329 332
329 333
329 334
329 335
329 336
329 582
329 583
329 584
330 332
330 333
330 334
330 335
330 336
330 337
330 582
330 583
330 584
331 332
331 333
331 334
332 333
332 334
332 335
332 336
332 415
332 582
332 583
332 584
333 334
333 335
333 336
333 415
334 335
334 336
334 415
334 582
335 336
335 337
335 582
335 583
335 584
336 441
336 582
337 338
337 344
337 348
337 406
337 419
337 579
338 341
339 383
339 415
340 384
340 397
340 404
340 407
340 459
340 460
340 491
340 498
340 516
342 343
343 347
344 346
344 348
344 413
345 354
345 363
345 433
345 587
348 353
348 388
348 401
348 413
349 350
349 358
349 360
350 358
350 360
351 361
351 412
351 440
351 444
353 354
353 359
353 417
353 418
353 431
353 440
354 362
356 362
356 374
357 358
357 360
358 360
359 421
359 431
359 434
359 440
361 431
362 363
362 374
364 372
364 373
364 421
364 428
364 429
364 430
364 431
364 434
364 440
365 372
365 375
365 376
365 422
366 372
367 371
367 377
367 380
367 381
368 477
370 420
371 373
371 377
372 375
372 422
373 428
373 429
373 430
373 431
373 434
373 446
374 435
374 436
375 376
375 422
375 429
376 378
376 422
377 380
377 381
377 436
379 380
380 381
380 436
381 436
382 417
382 497
384 385
384 391
384 393
384 395
384 397
384 402
384 404
384 407
384 409
384 410
384 422
384 459
384 501
384 502
384 503
384 505
384 595
385 393
385 395
385 402
385 404
385 407
385 408
385 409
385 410
385 465
385 501
385 503
385 505
385 506
385 595
386 388
386 389
386 401
386 579
386 580
387 397
387 399
387 403
387 404
387 412
387 423
387 424
387 435
387 439
387 444
387 447
387 459
387 490
387 491
387 492
387 498
387 516
387 529
387 581
388 401
388 413
389 390
389 391
389 392
389 397
389 399
389 401
389 404
389 422
389 529
389 580
389 581
390 391
390 392
390 397
390 398
390 401
390 502
390 504
390 529
390 581
391 392
391 397
391 399
391 489
391 529
391 581
392 401
392 529
392 584
393 394
393 395
393 396
393 402
393 408
393 411
393 501
393 503
393 505
393 516
393 517
393 519
393 527
393 595
394 395
394 396
394 402
394 407
394 408
394 465
394 491
394 495
394 496
394 501
394 503
394 505
394 516
394 517
394 519
394 524
394 527
394 594
394 595
395 396
395 397
395 402
395 407
395 408
395 409
395 410
395 465
395 501
395 502
395 503
395 505
395 516
395 517
395 519
395 595
396 407
396 408
396 410
396 411
396 460
396 465
396 491
396 495
396 496
396 501
396 516
396 517
396 519
396 524
396 527
396 528
396 594
396 595
397 399
397 403
397 404
397 406
397 407
397 409
397 412
397 423
397 498
397 529
397 581
398 504
399 403
399 404
399 406
399 412
399 421
399 423
399 498
399 529
399 534
399 581
400 415
401 412
401 413
401 579
401 580
401 584
402 407
402 408
402 410
402 460
402 465
402 501
402 503
402 505
402 509
402 517
402 524
402 528
402 594
402 595
403 404
403 421
403 423
403 424
403 425
403 435
403 451
403 490
403 498
404 421
404 422
404 423
404 424
404 459
404 498
404 502
406 412
406 419
406 423
406 444
406 447
406 498
406 579
407 408
407 409
407 410
407 459
407 465
407 491
407 498
407 501
407 505
407 516
407 595
408 409
408 410
408 465
408 501
408 503
408 505
408 516
408 517
408 519
408 524
408 594
408 595
409 410
409 465
409 501
409 505
410 465
410 501
410 505
410 516
410 517
410 595
411 519
412 421
412 423
412 444
412 447
412 498
412 534
412 579
412 581
413 497
414 497
416 585
417 418
417 497
418 423
418 428
418 430
418 431
418 432
418 434
418 435
418 437
418 440
418 447
418 448
418 461
418 579
420 599
421 422
421 423
421 424
421 429
421 431
421 434
421 435
421 440
421 444
421 490
421 498
422 424
423 424
423 431
423 434
423 435
423 444
423 447
423 490
423 498
423 534
423 579
424 451
424 459
424 490
424 491
424 498
424 502
425 435
425 442
426 462
428 430
428 431
428 432
428 434
428 440
428 448
428 458
429 430
429 431
429 434
430 431
430 432
430 434
430 435
430 440
430 446
430 448
431 432
431 434
431 435
431 440
431 448
432 434
432 437
432 442
432 448
432 456
432 458
432 461
432 464
432 467
434 435
434 440
434 448
435 442
435 448
435 458
435 461
435 490
435 498
437 442
437 448
437 461
438 512
438 567
438 569
438 573
439 443
439 444
439 445
439 447
439 467
439 514
439 533
439 534
439 535
439 543
439 545
442 448
442 456
442 458
442 461
442 466
443 444
443 447
443 494
443 545
444 447
444 534
444 579
445 447
445 453
445 467
445 514
445 531
445 534
445 535
445 545
447 467
447 490
447 498
447 534
447 579
447 581
448 458
448 461
449 468
449 500
449 569
449 578
451 458
451 459
451 490
451 510
452 453
452 454
452 525
452 543
453 463
453 467
453 514
453 515
453 525
453 543
453 593
454 467
456 458
456 461
456 466
456 490
456 510
457 500
457 541
457 566
457 569
457 578
457 596
458 461
458 466
458 490
458 510
459 460
459 491
459 498
459 502
459 516
459 595
460 491
460 501
460 509
460 516
460 524
460 527
460 528
460 595
461 510
462 463
463 514
463 560
465 501
465 503
465 505
465 517
465 524
465 528
465 594
465 595
468 569
468 573
469 486
470 474
473 517
475 523
475 548
476 488
477 591
479 551
480 483
481 554
484 547
485 507
485 567
485 592
486 512
489 496
489 520
489 521
490 492
490 510
490 534
490 590
491 492
491 498
491 516
491 595
492 498
492 516
492 525
493 495
493 496
493 511
493 513
493 518
493 521
493 532
493 540
493 542
493 551
494 593
495 496
495 509
495 511
495 513
495 517
495 518
495 527
495 540
495 551
496 520
496 521
496 525
496 527
497 579
498 516
498 529
498 581
499 597
500 569
500 578
501 502
501 503
501 505
501 516
501 517
501 519
501 524
501 527
501 528
501 594
501 595
502 503
502 504
502 505
502 516
502 519
503 505
503 516
503 517
503 519
503 524
503 528
503 594
503 595
505 517
505 519
505 595
507 508
507 513
507 562
509 522
509 527
509 565
509 594
511 513
511 518
511 521
511 532
511 540
511 542
511 544
511 551
512 515
512 541
512 566
512 567
512 569
512 573
512 578
512 592
513 518
513 522
513 542
513 565
514 525
514 593
515 574
516 517
516 519
516 595
517 519
517 524
517 527
517 528
517 594
517 595
518 540
518 542
518 544
518 555
519 595
520 521
520 525
520 527
521 525
521 532
521 533
521 543
521 544
521 545
521 551
522 524
522 565
524 527
524 594
524 595
525 533
525 543
526 562
527 528
527 594
527 595
528 576
528 595
529 546
529 581
529 584
530 533
530 536
531 541
531 553
531 555
532 542
532 549
532 553
533 535
533 536
533 543
533 545
533 551
534 581
535 536
535 545
535 553
536 537
536 551
539 541
540 551
540 552
540 553
540 555
541 555
541 566
541 567
541 573
541 596
542 544
542 548
542 551
542 553
542 554
542 555
542 572
542 573
543 544
543 545
544 545
544 548
544 551
544 553
544 555
547 548
547 549
547 553
547 583
548 549
548 551
548 553
548 554
548 555
548 572
549 551
549 553
549 555
550 554
551 552
551 553
551 555
552 553
552 555
553 554
553 555
554 567
554 572
554 573
556 560
556 573
557 560
559 560
560 563
560 573
564 593
566 567
566 569
566 573
567 569
567 573
569 573
569 578
570 572
572 573
577 592
577 598
579 580
582 583
582 584
583 584
589 596
592 598
594 595
599 600
