600 3594

1 2
1 4
1 21
1 22
1 100
1 290
1 322
1 389
2 4
2 20
2 21
2 98
2 100
2 107
2 302
2 305
2 321
2 336
2 389
3 5
3 20
3 301
4 20
4 21
4 305
4 321
4 389
5 20
5 24
5 29
5 305
5 324
5 326
6 37
7 10
7 14
7 171
8 542
9 314
11 94
11 97
11 98
11 317
11 322
11 386
12 15
12 16
12 17
12 19
12 319
12 320
13 508
14 206
15 315
15 316
16 19
16 319
16 320
17 19
17 318
18 20
18 21
18 37
18 97
18 98
18 100
18 322
18 388
18 389
19 37
19 319
19 320
20 21
20 100
20 107
20 302
20 305
20 321
20 322
20 388
20 389
21 37
21 98
21 100
21 107
21 302
21 321
21 322
21 334
21 336
21 388
21 389
23 30
23 36
23 186
23 305
23 324
23 329
24 29
24 324
24 326
25 56
26 30
26 32
26 328
26 329
26 330
27 30
27 329
27 330
27 332
28 31
28 327
29 312
29 326
30 31
30 32
30 33
30 35
30 329
30 330
30 331
30 332
30 333
31 34
31 329
31 330
31 332
31 584
32 33
32 35
32 60
32 329
32 331
32 333
33 35
34 292
34 332
34 584
35 60
35 331
35 333
35 453
36 38
36 90
36 335
36 392
37 98
37 102
37 107
37 317
37 320
37 334
37 336
37 388
38 90
38 144
38 333
38 335
38 339
38 392
38 415
39 42
40 156
41 91
42 47
43 82
43 90
43 127
43 129
43 140
43 339
43 376
43 382
43 415
43 425
43 434
43 435
43 448
43 466
44 61
44 446
45 47
46 47
46 54
47 56
47 58
47 117
48 54
48 343
49 357
49 358
49 431
49 446
49 448
50 225
50 412
50 415
51 61
51 62
51 66
51 180
51 345
51 352
51 356
52 57
52 65
52 350
52 418
53 55
53 60
53 118
53 344
53 348
53 418
54 349
55 57
55 60
55 64
55 65
55 118
55 119
55 120
55 121
55 155
55 348
55 401
55 411
55 413
55 416
55 418
55 449
57 65
57 118
57 123
57 124
57 125
57 145
57 155
57 350
57 416
57 417
57 418
57 440
57 449
59 119
60 64
60 65
60 121
60 147
60 155
60 348
60 353
60 359
60 414
61 352
61 354
61 355
61 356
61 365
62 66
62 67
62 362
63 65
63 140
63 147
63 150
63 161
63 341
63 357
63 358
63 431
63 440
63 446
64 65
64 121
64 155
64 359
64 401
64 413
64 414
65 118
65 125
65 145
65 147
65 150
65 155
65 161
65 357
65 416
65 418
65 437
65 440
66 67
66 362
67 360
67 363
68 69
68 71
68 77
68 79
68 83
68 129
68 130
68 131
68 135
68 294
68 364
68 365
68 370
68 373
68 376
68 420
68 423
68 424
68 434
68 451
69 70
69 71
69 72
69 75
69 76
69 77
69 79
69 129
69 294
69 364
69 365
69 370
69 373
69 374
69 376
69 593
69 598
70 71
70 72
70 77
70 294
70 365
70 370
70 374
70 593
71 72
71 73
71 76
71 77
71 129
71 294
71 364
71 365
71 368
71 370
71 373
71 374
71 591
71 593
71 598
72 74
72 77
72 294
72 365
72 370
72 374
72 593
72 598
74 78
76 79
76 82
76 122
76 129
76 198
76 201
76 202
76 203
76 295
76 370
76 373
76 376
76 420
76 423
76 428
76 429
76 499
76 500
76 504
76 592
76 596
77 365
77 368
77 370
77 373
77 376
77 593
77 598
78 369
79 82
79 83
79 85
79 126
79 127
79 129
79 139
79 140
79 373
79 376
79 420
79 421
79 422
79 423
79 428
79 494
79 592
80 371
81 92
82 83
82 126
82 127
82 129
82 140
82 367
82 372
82 373
82 375
82 376
82 378
82 405
82 420
82 421
82 422
82 423
82 429
82 430
82 431
82 434
82 435
82 504
82 592
83 85
83 113
83 114
83 122
83 126
83 127
83 129
83 130
83 131
83 140
83 201
83 373
83 375
83 376
83 378
83 403
83 404
83 405
83 420
83 421
83 422
83 423
83 424
83 428
83 429
83 430
83 434
83 435
83 451
83 501
83 504
84 86
84 87
85 88
85 421
86 87
87 91
89 91
89 261
89 380
90 129
90 221
90 339
90 415
90 530
91 380
91 482
92 101
92 189
92 192
92 202
92 276
93 100
93 101
93 103
93 106
93 108
93 109
93 110
93 282
93 302
93 336
93 391
93 392
93 394
93 398
93 400
93 586
94 95
94 107
94 108
94 317
94 320
94 386
94 388
95 386
96 99
97 580
98 100
98 107
98 302
98 317
98 322
98 349
98 388
98 389
99 213
99 282
99 387
99 579
100 101
100 103
100 107
100 108
100 110
100 120
100 184
100 290
100 302
100 321
100 322
100 336
100 388
100 389
100 391
100 398
100 400
100 487
100 586
101 103
101 104
101 105
101 106
101 109
101 110
101 187
101 189
101 207
101 223
101 276
101 282
101 390
101 391
101 393
101 394
101 395
101 443
101 489
101 495
103 106
103 109
103 110
103 120
103 223
103 282
103 390
103 391
103 393
103 398
103 400
103 443
103 445
103 586
104 105
104 106
104 109
104 110
104 116
104 119
104 123
104 131
104 187
104 188
104 189
104 192
104 194
104 195
104 196
104 198
104 202
104 203
104 204
104 207
104 214
104 223
104 276
104 282
104 384
104 390
104 393
104 395
104 397
104 399
104 443
104 489
104 495
104 496
104 502
104 505
105 106
105 109
105 110
105 116
105 187
105 188
105 189
105 194
105 196
105 202
105 203
105 204
105 207
105 221
105 223
105 390
105 393
105 395
105 397
105 495
105 529
106 109
106 110
106 119
106 187
106 196
106 207
106 223
106 276
106 282
106 289
106 390
106 391
106 392
106 393
106 394
106 395
106 399
106 401
106 412
106 443
106 445
106 489
106 495
107 108
107 120
107 302
107 317
107 321
107 322
107 334
107 336
107 388
107 389
107 391
107 392
107 398
107 400
108 110
108 302
108 322
108 336
108 391
108 394
108 398
109 110
109 116
109 187
109 189
109 196
109 207
109 223
109 282
109 289
109 390
109 391
109 393
109 394
109 395
109 398
109 399
109 417
109 443
109 445
109 489
109 495
110 120
110 184
110 187
110 189
110 223
110 282
110 336
110 390
110 391
110 393
110 394
110 395
110 398
110 400
110 443
110 445
110 487
110 489
110 495
111 256
112 113
112 114
112 115
112 119
112 122
112 123
112 125
112 126
112 127
112 128
112 130
112 131
112 132
112 134
112 143
112 149
112 154
112 157
112 188
112 195
112 196
112 201
112 203
112 204
112 295
112 340
112 344
112 403
112 404
112 405
112 406
112 407
112 408
112 409
112 410
112 423
112 424
112 435
112 450
112 451
112 461
112 491
112 496
112 504
113 114
113 115
113 130
113 340
113 378
113 403
113 404
113 405
113 406
113 409
113 491
114 129
114 130
114 131
114 154
114 188
114 192
114 194
114 195
114 196
114 198
114 201
114 202
114 203
114 204
114 276
114 295
114 403
114 404
114 424
114 450
114 451
114 491
114 496
115 116
115 130
115 340
115 407
115 410
116 123
116 191
116 196
118 124
118 417
119 121
119 123
119 125
119 128
119 131
119 143
119 145
119 157
119 195
119 196
119 223
119 390
119 395
119 399
119 401
119 412
119 416
119 417
119 424
119 443
119 445
119 449
120 391
120 398
120 400
120 401
120 413
121 185
121 401
121 413
122 126
122 127
122 128
122 129
122 131
122 188
122 194
122 198
122 201
122 203
122 221
122 295
122 403
122 404
122 408
122 409
122 415
122 420
122 422
122 423
122 424
122 428
122 430
122 435
122 450
122 461
122 470
122 496
122 500
122 501
122 502
122 504
123 125
123 143
123 145
123 149
123 157
123 188
123 195
123 196
123 390
123 395
123 399
123 401
123 416
123 417
123 418
123 443
123 445
123 449
123 454
123 467
124 417
125 128
125 134
125 142
125 143
125 145
125 149
125 150
125 155
125 157
125 161
125 340
125 416
125 418
125 435
125 437
125 439
125 440
125 444
125 449
125 450
125 453
125 454
125 461
126 127
126 128
126 130
126 132
126 134
126 140
126 201
126 340
126 378
126 403
126 404
126 405
126 420
126 422
126 423
126 424
126 428
126 430
126 431
126 435
126 456
126 461
126 470
126 504
127 128
127 129
127 130
127 134
127 140
127 148
127 161
127 201
127 373
127 376
127 378
127 403
127 404
127 405
127 409
127 415
127 420
127 421
127 422
127 423
127 424
127 428
127 430
127 431
127 434
127 435
127 448
127 451
127 461
127 466
127 470
127 504
128 131
128 132
128 134
128 136
128 140
128 148
128 154
128 161
128 201
128 203
128 295
128 403
128 404
128 415
128 420
128 423
128 424
128 428
128 430
128 431
128 432
128 435
128 437
128 448
128 450
128 451
128 453
128 461
128 466
128 470
128 501
128 504
129 130
129 131
129 140
129 154
129 201
129 203
129 221
129 370
129 373
129 376
129 403
129 415
129 420
129 422
129 423
129 424
129 428
129 429
129 434
129 435
129 451
129 461
129 500
129 501
129 504
130 140
130 340
130 344
130 378
130 403
130 404
130 405
130 409
130 420
130 422
130 423
130 424
130 434
130 435
130 451
130 461
131 132
131 154
131 157
131 188
131 190
131 192
131 193
131 194
131 198
131 201
131 202
131 203
131 204
131 207
131 221
131 225
131 276
131 295
131 403
131 404
131 415
131 420
131 423
131 424
131 426
131 428
131 435
131 450
131 451
131 461
131 496
131 499
131 500
131 501
131 504
132 134
132 149
132 154
132 403
132 404
132 420
132 424
132 428
132 429
132 435
132 450
132 451
132 504
133 140
133 428
133 435
133 451
133 461
133 501
134 136
134 138
134 140
134 141
134 148
134 150
134 152
134 161
134 403
134 404
134 428
134 430
134 431
134 432
134 434
134 435
134 437
134 461
134 470
135 429
136 148
136 158
136 159
136 160
136 161
136 163
136 277
136 405
136 430
136 431
136 432
136 442
136 455
136 456
136 470
136 525
137 201
137 378
137 403
137 422
137 426
137 430
138 140
138 403
138 405
138 430
138 431
138 434
138 470
140 147
140 150
140 161
140 357
140 373
140 378
140 403
140 405
140 420
140 421
140 422
140 423
140 424
140 428
140 430
140 431
140 434
140 435
140 446
140 448
140 461
141 148
141 151
141 152
141 430
141 437
141 470
143 145
143 149
143 157
143 399
143 401
143 449
143 453
145 149
145 196
145 390
145 401
145 416
145 417
145 437
145 445
145 449
146 162
147 351
147 412
148 150
148 151
148 152
148 155
148 161
148 431
148 432
148 435
148 437
148 448
148 470
149 154
149 157
149 188
149 403
149 404
149 439
149 450
149 451
149 491
150 151
150 152
150 155
150 161
150 341
150 357
150 418
150 431
150 432
150 437
150 440
150 442
150 446
151 152
151 155
151 161
151 442
151 466
152 155
152 161
152 348
152 432
152 433
152 437
152 440
152 442
153 164
153 218
153 272
154 157
154 190
154 193
154 194
154 198
154 201
154 203
154 204
154 276
154 295
154 403
154 404
154 420
154 423
154 424
154 428
154 438
154 439
154 450
154 451
154 461
154 490
154 491
154 492
154 496
154 500
154 501
154 504
154 519
154 523
155 161
155 348
155 418
155 432
155 437
155 440
155 442
155 447
155 449
155 453
155 454
156 218
157 190
157 196
157 251
157 399
157 449
157 450
157 453
158 159
158 277
158 455
158 456
158 525
159 160
159 217
159 218
159 219
159 277
159 455
159 456
159 525
161 431
161 432
161 435
161 437
161 440
161 442
161 448
161 461
162 462
163 432
163 464
163 468
164 272
165 167
166 213
166 236
166 475
166 550
166 572
167 224
168 169
168 170
168 172
168 213
168 228
168 229
168 232
168 233
168 234
168 236
168 238
168 239
168 247
168 255
168 256
168 258
168 266
168 269
168 387
168 475
168 476
168 480
168 522
168 538
168 539
168 540
168 541
168 542
168 544
168 548
168 550
168 551
168 554
168 559
168 560
168 566
168 567
168 572
168 573
168 581
168 595
169 173
169 228
169 229
169 236
169 238
169 247
169 256
169 258
169 269
169 476
169 539
169 540
169 548
169 550
169 554
169 559
169 566
169 572
170 229
170 247
170 255
170 256
170 265
170 298
170 299
170 539
170 540
170 541
170 542
170 548
170 554
170 564
170 569
170 572
170 595
170 600
172 232
172 238
172 247
172 248
172 250
172 258
172 560
173 247
173 476
173 479
174 231
174 244
175 177
175 181
175 256
176 178
176 255
176 480
176 581
178 183
178 255
178 263
178 270
178 298
178 300
178 480
178 488
178 566
178 567
178 569
179 192
179 198
179 200
179 202
179 276
182 206
183 247
183 255
183 258
183 262
183 269
183 298
183 480
183 488
183 566
183 595
184 391
184 487
187 189
187 207
187 395
188 192
188 194
188 195
188 196
188 198
188 201
188 202
188 203
188 204
188 207
188 225
188 295
188 384
188 390
188 395
188 403
188 408
188 424
188 491
188 496
188 502
188 504
188 505
188 529
189 192
189 193
189 194
189 200
189 202
189 207
189 211
189 214
189 223
189 276
189 489
189 495
189 588
190 450
190 451
190 490
190 501
191 306
192 193
192 194
192 195
192 196
192 198
192 200
192 201
192 202
192 203
192 204
192 207
192 211
192 214
192 221
192 276
192 295
192 395
192 496
192 499
192 502
192 504
192 505
192 578
193 194
193 198
193 202
193 204
193 207
193 211
193 212
193 214
193 215
193 221
193 276
193 499
193 500
193 503
193 519
193 578
194 195
194 196
194 198
194 201
194 202
194 203
194 204
194 207
194 211
194 212
194 214
194 221
194 223
194 276
194 295
194 395
194 397
194 408
194 492
194 496
194 499
194 500
194 501
194 502
194 503
194 504
194 505
194 519
194 578
195 196
195 198
195 201
195 202
195 203
195 204
195 223
195 225
195 276
195 295
195 384
195 390
195 395
195 399
195 489
195 584
196 198
196 202
196 203
196 204
196 207
196 223
196 276
196 282
196 283
196 295
196 384
196 390
196 393
196 395
196 397
196 399
196 408
196 417
196 443
196 445
196 467
196 489
196 496
196 498
196 505
197 199
197 208
198 200
198 201
198 202
198 203
198 204
198 207
198 211
198 214
198 276
198 295
198 451
198 460
198 496
198 499
198 500
198 501
198 502
198 504
198 505
198 519
198 578
199 279
199 281
200 202
200 296
200 499
201 202
201 203
201 204
201 207
201 221
201 295
201 403
201 404
201 405
201 408
201 409
201 420
201 422
201 423
201 424
201 426
201 430
201 435
201 450
201 451
201 470
201 491
201 496
201 499
201 500
201 501
201 502
201 504
201 505
201 578
202 203
202 204
202 207
202 214
202 225
202 276
202 295
202 395
202 489
202 496
202 499
202 502
202 503
202 505
202 578
203 204
203 207
203 221
203 225
203 276
203 295
203 395
203 403
203 423
203 424
203 435
203 450
203 496
203 499
203 500
203 502
203 504
203 505
204 207
204 211
204 212
204 214
204 276
204 295
204 408
204 451
204 491
204 492
204 496
204 499
204 504
204 505
204 577
204 578
205 506
206 213
206 229
206 230
206 231
206 239
206 244
206 256
206 258
206 259
206 265
206 266
206 269
206 273
206 481
206 507
206 508
206 509
206 522
206 538
206 539
206 540
206 541
206 542
206 551
206 554
206 555
206 567
206 572
207 211
207 212
207 223
207 276
207 295
207 384
207 390
207 395
207 499
207 505
208 209
208 278
209 216
209 231
209 263
209 265
209 273
209 274
209 510
209 512
210 273
210 514
211 212
211 215
211 276
212 215
212 274
213 228
213 229
213 230
213 231
213 233
213 234
213 236
213 238
213 245
213 256
213 258
213 265
213 269
213 273
213 387
213 511
213 522
213 532
213 539
213 540
213 554
213 559
213 572
213 581
214 493
214 496
214 497
214 503
214 505
214 519
215 244
215 273
215 274
215 457
215 500
215 516
215 577
216 229
216 231
216 265
216 273
216 508
216 512
216 513
216 518
216 520
216 541
216 581
217 218
217 219
217 525
218 219
218 525
219 277
219 455
219 456
219 465
219 525
220 221
220 226
220 227
220 287
220 530
220 536
221 226
221 227
221 287
221 397
221 415
221 423
221 424
221 435
221 529
221 530
221 536
222 493
222 533
223 276
223 282
223 283
223 289
223 384
223 390
223 393
223 395
223 397
223 399
223 401
223 443
223 445
223 489
223 495
224 399
225 412
225 499
225 529
225 534
226 227
226 287
226 339
226 529
226 530
226 535
226 536
227 246
227 422
227 530
227 536
227 537
228 229
228 233
228 234
228 236
228 238
228 239
228 247
228 255
228 256
228 258
228 262
228 265
228 266
228 269
228 298
228 299
228 387
228 475
228 476
228 488
228 539
228 540
228 541
228 542
228 544
228 548
228 550
228 554
228 559
228 560
228 566
228 567
228 572
228 573
228 581
228 595
229 230
229 231
229 233
229 234
229 236
229 238
229 239
229 240
229 245
229 247
229 249
229 255
229 256
229 258
229 265
229 266
229 269
229 273
229 299
229 387
229 475
229 476
229 481
229 511
229 520
229 521
229 522
229 532
229 538
229 539
229 540
229 541
229 542
229 544
229 548
229 550
229 551
229 554
229 555
229 559
229 566
229 567
229 572
229 573
229 581
229 595
230 231
230 234
230 236
230 240
230 245
230 265
230 273
230 511
230 532
230 554
230 559
231 239
231 244
231 265
231 273
231 274
231 508
231 513
231 542
231 554
232 234
232 238
232 247
232 248
232 250
232 258
232 269
232 475
232 478
232 550
232 560
233 234
233 238
233 243
233 247
233 255
233 258
233 262
233 263
233 268
233 269
233 271
233 298
233 539
233 566
233 572
233 595
234 236
234 238
234 239
234 240
234 243
234 247
234 249
234 255
234 256
234 258
234 262
234 265
234 266
234 269
234 271
234 387
234 475
234 521
234 539
234 540
234 541
234 544
234 548
234 550
234 554
234 559
234 560
234 566
234 567
234 572
234 573
234 581
234 595
235 286
235 549
235 553
236 238
236 239
236 240
236 247
236 249
236 258
236 266
236 269
236 299
236 475
236 476
236 539
236 540
236 542
236 547
236 548
236 550
236 554
236 559
236 572
236 581
237 286
237 287
237 549
237 553
238 239
238 240
238 243
238 247
238 249
238 258
238 262
238 269
238 299
238 475
238 476
238 539
238 540
238 547
238 548
238 549
238 550
238 554
238 559
238 572
239 240
239 243
239 247
239 249
239 256
239 258
239 265
239 266
239 269
239 475
239 539
239 540
239 541
239 542
239 544
239 548
239 550
239 551
239 554
239 555
239 560
239 566
239 567
239 572
239 573
240 249
240 547
240 548
240 549
240 550
240 553
240 554
240 559
241 483
242 552
243 249
243 252
243 262
243 268
244 274
244 552
245 273
245 511
245 520
245 532
247 255
247 256
247 258
247 262
247 266
247 269
247 298
247 299
247 387
247 475
247 476
247 480
247 488
247 538
247 539
247 540
247 541
247 544
247 548
247 550
247 554
247 555
247 559
247 560
247 566
247 567
247 572
247 595
248 250
248 253
248 254
248 558
248 560
249 266
249 269
249 548
249 550
249 554
250 252
250 253
250 254
250 263
250 268
250 463
250 478
250 543
250 557
250 560
250 570
252 262
252 263
252 268
252 270
252 298
254 463
255 256
255 258
255 262
255 263
255 264
255 266
255 268
255 269
255 270
255 298
255 299
255 300
255 480
255 488
255 538
255 539
255 540
255 541
255 542
255 544
255 548
255 555
255 560
255 566
255 567
255 569
255 572
255 595
256 258
256 265
256 266
256 269
256 387
256 475
256 480
256 481
256 488
256 522
256 538
256 539
256 540
256 541
256 542
256 544
256 548
256 550
256 551
256 554
256 555
256 559
256 560
256 566
256 567
256 572
256 573
256 581
256 595
257 261
257 300
258 265
258 266
258 269
258 387
258 475
258 476
258 478
258 481
258 486
258 488
258 522
258 538
258 539
258 540
258 541
258 542
258 544
258 548
258 550
258 551
258 554
258 555
258 559
258 560
258 566
258 567
258 572
258 573
258 595
259 278
259 280
259 524
259 595
260 261
262 263
262 264
262 265
262 268
262 269
262 270
262 298
262 299
262 539
262 540
262 541
262 548
262 560
262 566
262 567
262 569
263 264
263 265
263 268
263 270
263 271
263 298
263 299
263 512
263 541
263 543
263 560
263 566
263 570
264 268
264 270
264 279
264 280
264 281
264 298
264 299
264 300
264 524
264 566
264 569
264 574
264 600
265 266
265 269
265 273
265 512
265 513
265 539
265 540
265 541
265 542
265 544
265 548
265 550
265 551
265 554
265 555
265 566
265 567
265 572
265 573
265 581
266 269
266 271
266 475
266 480
266 481
266 538
266 539
266 540
266 541
266 542
266 544
266 548
266 550
266 551
266 554
266 560
266 566
266 567
266 572
266 573
266 581
266 595
267 452
268 270
268 271
268 275
268 298
268 462
268 566
268 570
269 387
269 475
269 476
269 480
269 481
269 488
269 538
269 539
269 540
269 541
269 542
269 544
269 548
269 550
269 551
269 554
269 555
269 559
269 560
269 566
269 567
269 572
269 573
269 580
269 581
269 595
270 280
270 298
270 299
270 300
272 303
273 274
273 278
273 516
273 520
275 575
276 295
276 390
276 499
278 281
278 506
279 281
280 281
280 298
280 299
280 300
280 524
280 574
280 589
282 283
282 289
282 390
282 391
282 393
282 395
282 399
282 417
282 443
282 445
282 489
282 534
282 586
283 289
283 390
283 399
283 443
283 445
283 489
283 534
284 285
284 582
284 587
285 286
285 288
285 547
285 549
285 559
285 582
285 583
286 287
286 529
286 547
286 549
286 583
286 584
287 529
287 530
287 535
287 536
287 546
287 584
288 585
289 390
289 399
289 489
289 586
290 586
291 587
293 294
293 365
293 588
293 593
294 365
294 366
294 368
294 370
294 593
295 403
295 404
295 420
295 423
295 424
295 426
295 450
295 451
295 496
295 499
295 500
295 501
295 502
295 504
297 589
298 299
298 300
298 488
298 539
298 566
298 569
298 595
299 300
299 488
299 539
299 566
299 572
299 595
300 569
302 317
302 321
302 322
302 336
302 389
302 487
304 305
305 321
305 324
305 389
306 308
307 311
309 310
309 512
311 369
311 472
313 511
313 581
314 316
315 316
317 320
317 336
317 386
317 388
317 389
319 320
320 334
321 336
321 388
321 389
321 391
321 392
322 388
322 389
322 398
323 328
324 326
324 329
325 558
326 329
329 330
329 331
329 332
329 333
331 333
332 529
332 583
332 584
333 335
333 392
334 335
334 336
334 392
335 336
335 339
335 392
335 398
335 415
335 466
336 391
336 392
336 398
336 400
337 340
337 405
337 406
338 342
338 347
338 381
339 373
339 415
339 434
339 448
339 466
339 530
340 344
340 403
340 404
340 405
340 406
340 407
340 409
340 410
341 345
341 357
341 446
342 343
342 346
343 346
344 409
344 410
344 416
344 424
344 451
344 453
344 461
345 356
345 357
345 448
348 410
348 418
350 418
351 412
352 358
352 361
352 362
353 359
353 375
354 355
354 356
357 418
357 440
357 446
358 446
359 401
359 412
359 414
364 365
364 370
364 434
364 591
364 593
365 366
365 368
365 370
365 374
365 591
365 593
366 368
367 371
367 372
367 373
367 376
367 429
367 592
368 370
370 373
370 374
370 376
370 591
370 593
370 598
371 373
372 373
372 376
372 421
373 374
373 375
373 376
373 420
373 421
373 422
373 423
373 429
373 434
373 592
373 598
375 376
375 378
375 421
375 422
376 420
376 421
376 422
376 423
376 429
376 592
376 598
377 379
378 403
378 405
378 421
378 422
378 434
379 436
383 516
384 385
384 390
384 393
384 395
384 396
384 408
384 489
384 495
384 505
384 584
387 475
387 480
387 509
387 520
387 521
387 522
387 532
387 538
387 539
387 540
387 541
387 542
387 544
387 550
387 554
387 559
387 566
387 567
387 572
387 573
387 579
387 581
387 595
387 597
388 389
388 580
389 400
389 580
390 393
390 394
390 395
390 396
390 399
390 417
390 443
390 445
390 467
390 489
390 495
390 502
390 505
391 392
391 398
391 400
391 413
391 586
392 398
393 394
393 395
393 396
393 397
393 401
393 445
393 489
393 495
393 584
394 395
394 398
394 495
394 502
395 397
395 399
395 401
395 417
395 443
395 445
395 489
395 495
395 502
395 529
395 584
396 406
396 407
396 408
397 408
397 495
397 496
397 529
397 533
398 400
398 413
399 401
399 417
399 443
399 445
399 449
399 452
399 467
399 489
399 496
399 515
399 534
400 411
400 413
401 412
401 413
401 416
401 417
401 445
401 449
402 565
403 404
403 405
403 406
403 408
403 409
403 410
403 420
403 422
403 423
403 424
403 426
403 428
403 430
403 431
403 434
403 435
403 450
403 451
403 461
403 470
403 491
403 501
403 504
404 405
404 406
404 407
404 408
404 409
404 410
404 420
404 422
404 423
404 424
404 430
404 435
404 450
404 451
404 461
404 470
404 491
404 501
404 504
405 406
405 409
405 420
405 422
405 423
405 430
405 431
405 435
405 470
405 504
406 407
406 408
406 409
406 470
406 491
406 504
407 408
407 409
407 410
407 491
408 409
408 467
408 491
408 492
408 496
408 498
408 501
408 502
408 504
408 505
408 517
408 578
409 410
409 416
409 424
409 470
409 491
409 504
411 413
412 415
412 447
415 416
415 420
415 423
415 424
415 434
415 435
415 447
415 448
415 461
415 466
415 530
416 418
416 440
416 466
417 443
417 445
417 449
417 452
417 467
417 489
418 440
418 444
418 449
419 425
420 421
420 422
420 423
420 424
420 428
420 429
420 430
420 431
420 434
420 435
420 448
420 450
420 451
420 461
420 470
420 500
420 501
420 504
420 592
421 422
421 423
421 429
421 431
421 434
422 423
422 424
422 429
422 430
422 431
422 434
422 435
422 504
422 592
423 424
423 426
423 428
423 429
423 430
423 431
423 434
423 435
423 448
423 450
423 451
423 461
423 500
423 501
423 504
423 596
424 426
424 428
424 434
424 435
424 450
424 451
424 461
424 499
424 500
424 501
424 504
425 436
426 430
426 435
426 451
426 500
426 501
426 504
427 484
428 429
428 430
428 431
428 432
428 434
428 435
428 450
428 451
428 453
428 456
428 461
428 500
428 501
429 592
429 596
430 431
430 434
430 435
430 448
430 450
430 461
430 466
430 470
430 504
430 590
431 432
431 434
431 435
431 448
431 461
431 470
432 435
432 437
432 442
432 448
432 454
432 461
432 525
434 435
434 448
434 461
434 466
435 437
435 448
435 450
435 451
435 461
435 466
435 470
435 501
435 504
436 592
437 440
437 447
437 448
437 454
437 461
438 439
438 451
438 490
438 501
438 517
438 523
439 444
439 453
441 453
442 464
443 445
443 467
443 489
444 453
445 489
445 534
447 448
447 453
447 466
448 461
448 466
448 530
449 453
449 454
450 451
450 461
450 490
450 491
450 492
450 496
450 499
450 500
450 501
450 504
450 599
451 461
451 490
451 491
451 492
451 496
451 499
451 500
451 501
451 504
451 519
451 523
451 578
452 467
452 474
452 489
452 515
453 454
453 461
453 525
455 456
455 458
455 465
455 576
456 458
456 465
456 494
456 501
456 525
456 576
457 460
457 500
457 577
457 578
458 460
458 465
458 494
458 576
459 473
459 594
460 490
460 496
460 500
460 501
460 514
460 516
460 519
460 528
460 576
460 577
460 578
461 501
462 570
463 543
463 570
465 528
467 489
467 492
467 496
467 498
467 505
467 515
468 525
468 543
469 556
470 504
471 557
474 493
474 503
475 476
475 478
475 521
475 522
475 538
475 539
475 540
475 541
475 542
475 544
475 548
475 550
475 554
475 559
475 560
475 566
475 567
475 572
475 573
475 579
475 581
475 595
476 486
476 539
476 559
476 572
476 595
477 523
478 521
478 544
478 556
478 560
478 566
480 488
480 538
480 539
480 566
480 567
480 569
480 572
480 581
480 595
481 507
481 538
481 540
481 541
481 542
481 544
481 550
481 551
481 554
481 565
481 566
481 567
481 572
481 581
483 509
483 511
483 520
484 588
485 507
485 508
485 520
486 488
486 539
486 572
486 595
486 597
488 539
488 540
488 541
488 560
488 566
488 567
488 568
488 569
488 572
488 595
489 495
489 498
489 502
489 505
489 534
490 492
490 494
490 500
490 501
490 514
490 517
490 519
490 523
491 492
491 496
491 500
491 501
491 504
491 505
492 496
492 500
492 501
492 502
492 503
492 504
492 505
492 515
492 517
492 519
492 523
492 576
492 578
493 503
493 516
493 533
494 501
494 517
496 499
496 500
496 501
496 502
496 503
496 504
496 505
496 517
496 519
496 577
496 578
498 505
499 500
499 501
499 502
499 504
499 505
499 578
499 596
500 501
500 502
500 503
500 504
500 517
500 519
500 577
500 578
500 592
500 596
501 504
501 517
501 519
501 523
501 576
501 577
501 578
502 504
502 505
502 529
502 578
503 505
503 516
503 517
503 519
503 578
504 505
504 578
504 596
505 578
507 508
507 512
507 513
507 538
507 541
507 542
507 551
507 555
507 562
507 567
507 581
508 513
508 542
508 551
508 562
509 520
509 522
509 594
510 512
510 518
510 571
510 600
511 520
511 532
511 538
511 542
511 551
511 554
511 559
511 581
512 513
512 518
512 541
512 542
512 544
512 555
512 564
512 567
512 600
513 516
513 518
513 541
513 542
513 551
513 555
513 562
513 564
513 581
514 516
514 518
515 527
515 545
516 519
516 577
517 519
517 533
518 520
518 524
518 541
518 544
518 571
518 600
520 521
520 522
520 532
520 539
520 540
520 541
520 542
520 544
520 551
520 573
520 581
521 532
521 538
521 540
521 541
521 544
521 554
521 559
521 560
521 567
521 573
521 581
522 538
522 539
522 540
522 542
522 544
522 551
522 559
522 572
522 573
523 526
524 569
524 574
524 600
529 530
529 535
529 536
529 584
530 535
530 536
531 548
531 569
532 540
532 542
532 554
532 559
532 573
532 581
535 536
538 539
538 540
538 541
538 542
538 544
538 551
538 554
538 555
538 559
538 560
538 566
538 567
538 572
538 573
538 581
539 540
539 541
539 542
539 544
539 548
539 550
539 551
539 554
539 555
539 559
539 560
539 566
539 567
539 569
539 572
539 573
539 581
539 595
539 600
540 541
540 542
540 544
540 548
540 550
540 551
540 554
540 555
540 559
540 560
540 566
540 567
540 572
540 573
540 581
540 595
541 542
541 544
541 548
541 550
541 551
541 554
541 555
541 559
541 560
541 566
541 567
541 569
541 572
541 573
541 581
541 595
541 600
542 544
542 548
542 550
542 551
542 554
542 555
542 559
542 566
542 567
542 572
542 573
542 581
543 563
543 570
544 548
544 550
544 551
544 554
544 555
544 559
544 560
544 566
544 567
544 572
544 573
544 581
544 595
547 549
547 553
547 559
547 583
548 550
548 551
548 554
548 555
548 559
548 560
548 566
548 567
548 572
549 553
549 559
549 583
550 551
550 554
550 555
550 559
550 560
550 567
550 572
550 573
550 581
551 552
551 554
551 555
551 559
551 562
551 567
551 573
551 581
552 555
554 555
554 559
554 560
554 566
554 567
554 572
554 573
554 581
554 595
555 560
555 566
555 567
558 561
559 567
559 572
559 573
559 579
559 581
560 566
560 567
560 569
560 570
560 572
560 573
560 595
564 600
565 594
565 595
565 597
566 567
566 569
566 570
566 572
566 573
566 595
567 569
567 572
567 573
567 581
567 595
569 572
569 574
569 595
569 600
572 573
572 581
572 595
572 597
573 581
574 595
577 578
582 583
583 584
586 587
588 594
591 593
592 596
592 598
593 598
594 597
595 597
