600 3594

1 5
2 4
2 5
2 20
2 21
2 23
2 30
2 32
2 35
2 36
2 37
2 38
2 94
2 106
2 221
2 302
2 305
2 321
2 323
2 324
2 329
2 415
2 530
3 5
3 6
3 7
3 93
3 303
3 304
4 5
4 20
4 21
4 22
4 23
4 24
4 26
4 30
4 31
4 32
4 33
4 35
4 36
4 37
4 38
4 93
4 94
4 96
4 97
4 100
4 101
4 103
4 104
4 106
4 221
4 237
4 301
4 302
4 305
4 320
4 321
4 322
4 323
4 324
4 327
4 329
4 330
4 331
4 332
4 333
4 335
4 389
4 391
4 392
4 395
4 415
4 487
4 530
4 549
4 583
5 7
5 11
5 18
5 20
5 21
5 24
5 35
5 37
5 38
5 93
5 94
5 100
5 122
5 301
5 302
5 304
5 305
5 308
5 312
5 320
5 321
5 322
5 324
5 389
5 580
7 10
7 303
7 308
8 315
9 245
11 16
11 19
11 20
11 21
11 29
11 37
11 94
11 96
11 97
11 101
11 103
11 107
11 117
11 122
11 318
11 319
11 320
11 321
11 330
11 335
11 389
12 16
12 61
12 315
12 317
13 182
14 318
15 18
15 316
16 315
16 316
16 317
16 319
17 19
17 318
17 320
18 20
18 102
18 316
18 336
19 20
19 21
19 37
19 94
19 117
19 318
19 319
19 320
19 321
19 334
20 21
20 24
20 29
20 30
20 31
20 36
20 37
20 38
20 93
20 94
20 97
20 100
20 101
20 103
20 107
20 302
20 304
20 305
20 318
20 319
20 320
20 321
20 324
20 327
20 329
20 330
20 333
20 334
20 335
20 389
20 530
20 580
20 583
21 24
21 30
21 32
21 35
21 36
21 37
21 38
21 93
21 94
21 95
21 96
21 97
21 99
21 100
21 101
21 103
21 104
21 105
21 106
21 107
21 110
21 111
21 117
21 120
21 189
21 221
21 301
21 302
21 304
21 305
21 320
21 321
21 322
21 323
21 324
21 328
21 329
21 330
21 333
21 335
21 336
21 386
21 389
21 390
21 391
21 392
21 395
21 400
21 487
21 530
21 580
21 583
22 23
22 28
22 30
22 31
22 32
22 33
22 34
22 36
22 106
22 221
22 237
22 287
22 323
22 332
22 333
22 549
22 584
23 24
23 35
23 122
23 305
23 323
23 324
23 329
23 331
23 333
24 35
24 36
24 38
24 122
24 302
24 304
24 305
24 321
24 322
24 323
24 324
24 329
24 333
24 335
24 389
24 530
24 580
25 34
25 284
25 287
25 325
26 237
26 333
27 30
27 32
27 329
28 30
28 31
28 32
28 33
28 34
28 237
28 287
28 329
28 549
29 30
29 31
29 36
29 237
29 287
29 329
29 330
29 332
30 31
30 32
30 33
30 34
30 36
30 106
30 221
30 237
30 287
30 302
30 305
30 321
30 327
30 329
30 330
30 333
30 530
30 549
30 583
31 32
31 33
31 34
31 36
31 221
31 237
31 285
31 287
31 290
31 329
31 330
31 332
31 333
31 448
31 549
31 583
31 584
32 33
32 34
32 35
32 36
32 100
32 105
32 106
32 221
32 237
32 287
32 305
32 321
32 323
32 329
32 330
32 331
32 332
32 333
32 335
32 530
32 549
32 583
33 34
33 35
33 36
33 106
33 220
33 221
33 237
33 287
33 329
33 330
33 332
33 333
33 533
33 549
33 583
33 584
34 36
34 136
34 221
34 237
34 285
34 287
34 329
34 330
34 332
34 333
34 549
34 583
34 584
35 36
35 37
35 38
35 93
35 95
35 96
35 100
35 101
35 103
35 104
35 105
35 106
35 110
35 221
35 237
35 302
35 305
35 320
35 321
35 322
35 323
35 324
35 328
35 329
35 331
35 333
35 334
35 335
35 386
35 389
35 390
35 391
35 392
35 395
35 415
35 530
35 533
35 549
35 580
35 583
36 37
36 38
36 100
36 106
36 221
36 237
36 287
36 302
36 305
36 321
36 322
36 323
36 324
36 327
36 329
36 330
36 332
36 333
36 335
36 389
36 419
36 530
36 549
36 583
36 584
37 38
37 93
37 94
37 95
37 96
37 97
37 100
37 101
37 103
37 105
37 106
37 107
37 110
37 117
37 118
37 120
37 221
37 222
37 301
37 302
37 305
37 312
37 320
37 321
37 322
37 323
37 324
37 328
37 329
37 331
37 333
37 334
37 335
37 336
37 386
37 389
37 390
37 391
37 395
37 400
37 401
37 409
37 410
37 487
37 530
37 580
37 583
38 55
38 93
38 94
38 96
38 97
38 99
38 100
38 101
38 103
38 106
38 107
38 110
38 117
38 118
38 120
38 221
38 301
38 302
38 304
38 305
38 312
38 320
38 321
38 322
38 323
38 324
38 333
38 334
38 335
38 336
38 386
38 389
38 391
38 392
38 395
38 400
38 409
38 410
38 419
38 487
38 530
38 580
38 583
39 125
40 49
40 149
40 434
40 441
40 447
41 43
41 46
41 48
41 89
41 338
41 339
41 342
41 343
41 347
41 350
42 92
42 95
42 99
42 110
42 112
42 113
42 114
42 115
42 120
42 123
42 124
42 147
42 193
42 201
42 403
42 404
42 406
42 407
42 412
42 417
42 419
42 451
42 501
43 48
43 338
43 339
43 342
43 343
43 347
43 382
44 58
44 61
44 65
44 81
44 341
44 349
44 434
45 46
45 47
45 48
45 52
45 89
45 90
45 344
45 350
45 364
46 48
46 346
47 48
48 87
48 342
48 346
48 347
48 350
48 380
48 382
49 54
49 80
49 126
49 140
49 149
49 374
49 425
49 434
49 448
50 53
50 64
50 147
50 156
50 351
50 417
50 448
51 58
51 62
51 66
51 67
51 345
51 354
51 355
51 356
51 358
51 360
51 362
51 382
52 90
52 347
52 350
53 60
53 64
53 351
53 353
53 412
53 414
54 56
54 58
54 61
54 80
54 81
54 87
54 349
54 434
55 93
55 96
55 99
55 107
55 116
55 117
55 118
55 120
55 124
55 147
55 262
55 344
55 348
55 378
55 387
55 391
55 409
55 410
55 413
55 415
55 416
55 419
55 530
56 60
56 61
56 65
56 73
56 75
56 79
56 349
56 353
56 354
56 357
56 359
57 157
57 416
57 418
58 61
58 65
58 81
58 345
58 354
58 355
58 356
58 358
58 362
59 64
59 351
59 361
59 363
59 406
60 61
60 63
60 64
60 65
60 73
60 353
60 359
60 361
60 414
61 65
61 73
61 81
61 345
61 349
61 353
61 354
61 355
61 356
61 357
61 359
62 66
62 67
62 317
62 342
62 343
62 355
62 356
62 358
62 360
62 362
62 363
62 579
63 358
64 361
64 414
65 81
65 353
65 354
65 358
66 67
66 309
66 343
66 356
66 358
66 360
66 362
67 354
67 356
67 358
67 360
67 362
67 363
68 293
68 294
68 365
69 365
69 368
70 132
71 296
72 372
73 75
73 79
73 139
73 341
73 359
73 434
73 447
74 269
75 79
75 80
75 139
75 341
75 434
76 299
76 422
77 371
78 82
78 250
79 139
79 341
79 359
79 373
79 434
80 84
80 87
80 126
80 140
80 374
80 380
80 434
80 436
81 434
83 346
83 422
84 87
84 126
84 345
84 374
84 377
84 380
84 434
85 262
86 90
87 126
87 345
87 374
87 377
87 380
87 434
88 117
88 118
88 409
89 90
90 118
90 122
90 324
90 348
90 350
90 579
91 149
92 95
92 96
92 99
92 101
92 115
92 173
93 94
93 95
93 96
93 99
93 100
93 101
93 103
93 104
93 107
93 110
93 111
93 115
93 117
93 118
93 120
93 301
93 302
93 304
93 305
93 320
93 321
93 324
93 385
93 386
93 387
93 389
93 390
93 391
93 395
93 416
93 487
93 530
93 580
94 95
94 96
94 97
94 100
94 101
94 103
94 104
94 107
94 117
94 122
94 301
94 302
94 305
94 318
94 319
94 320
94 321
94 322
94 324
94 335
94 385
94 386
94 389
94 391
94 395
94 580
95 96
95 97
95 99
95 100
95 101
95 103
95 104
95 105
95 107
95 108
95 109
95 110
95 111
95 115
95 116
95 117
95 118
95 120
95 147
95 189
95 201
95 320
95 321
95 335
95 385
95 386
95 389
95 390
95 391
95 395
95 398
95 400
95 401
95 416
95 487
95 530
95 580
95 581
96 97
96 99
96 100
96 101
96 103
96 104
96 105
96 106
96 107
96 108
96 109
96 110
96 111
96 115
96 116
96 117
96 118
96 120
96 123
96 124
96 130
96 147
96 189
96 262
96 301
96 320
96 321
96 328
96 334
96 335
96 378
96 385
96 386
96 387
96 389
96 390
96 391
96 395
96 398
96 399
96 400
96 401
96 409
96 410
96 416
96 417
96 419
96 487
96 530
96 581
96 583
97 98
97 99
97 100
97 101
97 103
97 107
97 116
97 117
97 118
97 120
97 304
97 305
97 320
97 321
97 324
97 335
97 336
97 378
97 386
97 389
97 391
97 392
97 395
97 400
97 410
97 530
97 580
98 184
98 319
99 100
99 101
99 103
99 104
99 107
99 108
99 109
99 110
99 111
99 115
99 116
99 117
99 118
99 120
99 121
99 123
99 124
99 130
99 189
99 201
99 262
99 335
99 378
99 386
99 387
99 390
99 391
99 395
99 398
99 400
99 401
99 416
99 419
99 474
99 530
99 581
100 101
100 103
100 104
100 105
100 106
100 107
100 110
100 111
100 115
100 117
100 120
100 189
100 221
100 301
100 302
100 305
100 320
100 321
100 322
100 323
100 324
100 328
100 329
100 330
100 333
100 335
100 336
100 385
100 386
100 389
100 390
100 391
100 392
100 395
100 400
100 487
100 530
100 580
101 103
101 104
101 107
101 108
101 110
101 111
101 115
101 116
101 117
101 118
101 120
101 184
101 187
101 189
101 301
101 302
101 305
101 320
101 321
101 333
101 335
101 385
101 386
101 387
101 389
101 390
101 391
101 395
101 400
101 401
101 410
101 416
101 419
101 487
101 530
101 580
101 581
102 336
102 392
102 476
103 104
103 106
103 107
103 111
103 115
103 117
103 118
103 120
103 189
103 302
103 305
103 320
103 321
103 335
103 336
103 378
103 385
103 386
103 389
103 390
103 391
103 392
103 395
103 400
103 401
103 410
103 487
103 530
103 580
104 105
104 106
104 107
104 108
104 110
104 111
104 115
104 120
104 189
104 201
104 321
104 333
104 335
104 385
104 386
104 389
104 390
104 391
104 392
104 395
104 398
104 400
104 401
104 487
104 530
105 106
105 110
105 120
105 193
105 194
105 201
105 220
105 221
105 222
105 328
105 333
105 335
105 390
105 395
105 397
105 398
105 399
105 417
105 501
105 530
105 533
105 553
106 110
106 221
106 237
106 305
106 321
106 322
106 323
106 328
106 329
106 333
106 335
106 392
106 395
106 397
106 487
106 530
106 533
106 549
106 583
107 108
107 111
107 115
107 116
107 117
107 118
107 120
107 123
107 124
107 262
107 301
107 320
107 321
107 330
107 333
107 334
107 335
107 386
107 389
107 390
107 391
107 395
107 398
107 400
107 401
107 410
107 416
107 419
107 530
107 583
108 109
108 110
108 111
108 120
108 189
108 201
108 384
108 385
108 386
108 390
108 391
108 393
108 395
108 398
108 400
108 401
108 487
108 581
109 110
109 111
109 114
109 115
109 116
109 118
109 119
109 120
109 121
109 123
109 130
109 188
109 189
109 193
109 378
109 400
109 401
109 416
109 595
110 111
110 115
110 119
110 120
110 121
110 123
110 124
110 189
110 193
110 201
110 221
110 222
110 283
110 335
110 390
110 391
110 395
110 397
110 398
110 399
110 400
110 401
110 417
110 419
110 487
110 530
110 533
110 595
111 115
111 117
111 118
111 120
111 121
111 189
111 335
111 378
111 384
111 385
111 386
111 387
111 389
111 390
111 391
111 395
111 398
111 400
111 401
111 409
111 410
111 416
111 419
111 487
111 530
111 580
111 581
112 113
112 114
112 115
112 123
112 124
112 125
112 130
112 147
112 193
112 298
112 417
112 450
112 451
112 474
112 595
113 114
113 115
113 123
113 124
113 125
113 397
113 450
113 451
113 474
114 115
114 123
114 124
114 125
114 130
114 147
114 154
114 190
114 193
114 233
114 298
114 417
114 450
114 451
114 474
114 490
114 595
115 116
115 117
115 118
115 120
115 123
115 124
115 130
115 147
115 201
115 335
115 390
115 395
115 398
115 400
115 401
115 403
115 406
115 416
115 419
115 530
116 117
116 118
116 120
116 123
116 124
116 130
116 262
116 335
116 337
116 348
116 378
116 381
116 386
116 387
116 391
116 398
116 400
116 401
116 409
116 410
116 416
116 595
117 118
117 120
117 305
117 320
117 321
117 324
117 334
117 335
117 336
117 378
117 386
117 387
117 389
117 391
117 395
117 400
117 409
117 410
117 416
117 419
117 530
117 580
118 120
118 124
118 335
118 337
118 344
118 348
118 350
118 378
118 386
118 387
118 391
118 400
118 401
118 409
118 410
118 413
118 416
118 419
118 530
118 595
119 120
119 121
119 193
119 222
119 223
119 225
119 283
119 399
119 401
119 412
119 595
120 121
120 123
120 124
120 130
120 147
120 189
120 262
120 301
120 321
120 335
120 378
120 385
120 386
120 387
120 389
120 390
120 391
120 395
120 398
120 399
120 400
120 401
120 409
120 410
120 416
120 419
120 487
120 530
121 307
121 378
121 400
121 401
121 407
121 409
121 410
121 412
121 595
122 301
122 302
122 305
122 321
122 322
122 324
122 333
122 389
122 391
122 519
122 580
123 124
123 125
123 130
123 201
123 335
123 416
123 417
123 419
123 474
123 530
123 595
124 125
124 147
124 157
124 262
124 412
124 416
124 417
124 418
124 419
124 474
124 530
124 595
125 154
125 155
125 449
126 140
126 374
126 425
126 434
127 502
128 131
128 178
128 215
128 257
128 260
128 264
128 278
128 279
128 280
128 297
128 300
129 370
130 262
130 335
130 378
130 403
130 406
130 419
131 190
131 277
131 449
131 465
131 490
131 517
131 576
132 133
132 563
133 535
134 446
135 275
136 141
136 148
136 152
136 159
136 160
136 161
136 220
136 285
136 332
136 428
136 432
136 437
136 448
136 449
136 451
136 455
136 456
136 458
136 464
136 466
136 501
136 504
136 576
136 584
137 138
137 428
137 430
137 431
138 139
138 367
138 430
138 431
138 435
139 341
139 373
139 434
140 374
140 430
140 434
140 435
140 461
141 149
142 144
143 234
144 148
144 437
144 455
144 510
145 262
146 162
146 227
146 404
146 437
146 444
146 447
147 157
147 399
147 412
147 417
147 418
147 595
148 149
148 152
148 158
148 159
148 161
148 162
148 163
148 232
148 242
148 253
148 275
148 277
148 428
148 437
148 438
148 448
148 449
148 455
148 456
148 458
148 462
148 464
148 466
148 543
148 544
148 545
148 558
148 561
148 575
148 576
149 150
149 423
149 430
149 435
149 437
149 440
149 441
149 447
149 448
150 160
150 366
150 437
150 446
151 272
151 278
151 279
151 297
151 578
152 456
153 163
153 178
153 260
153 269
153 275
153 277
153 278
153 465
154 193
154 194
154 417
155 190
155 274
155 510
156 157
156 448
156 515
157 418
157 515
158 159
158 162
158 242
158 253
158 275
158 428
158 437
158 438
158 439
158 440
158 455
158 456
158 462
158 464
158 466
158 552
158 558
158 561
158 575
158 576
159 160
159 161
159 162
159 199
159 428
159 432
159 437
159 442
159 455
159 456
159 458
159 464
159 466
159 502
160 161
160 432
160 437
160 451
160 456
160 458
160 464
160 491
160 504
161 199
161 281
161 432
161 437
161 449
161 456
161 458
161 464
161 466
161 576
162 163
162 227
162 250
162 253
162 275
162 437
162 439
162 444
162 455
162 462
162 463
162 464
162 543
162 544
162 558
162 561
162 575
163 232
163 242
163 250
163 253
163 254
163 275
163 277
163 449
163 453
163 455
163 462
163 463
163 464
163 465
163 544
163 558
163 561
163 575
164 197
164 497
165 167
166 167
166 168
166 471
167 202
168 207
168 288
168 475
169 182
169 276
169 472
170 182
170 206
170 229
170 247
170 255
170 265
170 476
170 542
170 556
171 191
172 235
172 241
172 248
172 478
173 174
175 265
175 482
176 190
177 482
178 183
178 257
178 259
178 260
178 264
178 269
178 270
178 272
178 278
178 279
178 280
178 297
178 528
179 181
179 182
180 599
182 206
182 276
182 476
183 255
183 257
183 258
183 259
183 260
183 264
183 280
183 488
184 301
184 317
184 362
184 387
184 579
185 428
186 294
187 320
188 189
188 228
188 283
188 402
188 511
189 283
189 384
189 385
189 386
189 390
189 391
189 393
189 395
189 400
189 401
189 402
189 487
189 489
189 511
189 581
190 210
190 490
191 194
192 393
192 495
193 194
193 223
193 226
193 399
193 412
193 501
194 227
194 399
195 202
195 209
195 211
195 213
195 214
195 218
195 230
196 212
196 218
196 230
196 234
196 244
196 248
196 267
196 273
197 509
198 200
199 437
200 210
200 216
200 261
200 272
200 281
201 328
201 390
201 395
201 398
201 417
201 419
201 503
202 207
202 209
202 211
202 213
202 214
202 218
202 229
202 230
202 231
202 236
202 244
202 271
202 493
203 281
203 404
204 477
205 213
206 229
206 247
206 256
206 265
206 271
206 476
206 507
206 513
206 542
206 556
206 557
206 567
206 569
207 211
207 229
207 230
207 495
207 560
208 209
208 210
208 214
208 219
208 229
208 231
208 243
208 244
208 252
208 255
208 256
208 258
208 259
208 263
208 264
208 265
208 293
208 295
209 211
209 213
209 218
209 229
209 230
209 231
209 244
209 255
209 265
209 271
209 295
209 493
209 513
209 542
210 216
210 295
210 296
211 213
211 214
211 229
211 230
211 231
211 235
211 236
211 265
211 266
211 271
211 493
211 495
211 509
211 513
211 542
211 555
211 560
213 218
213 229
213 230
213 266
213 271
213 493
213 509
213 542
213 560
214 229
214 230
214 231
215 257
215 260
215 278
215 296
215 297
215 300
216 276
216 524
217 566
218 229
218 230
218 234
218 244
218 266
218 267
218 273
219 258
219 259
219 260
219 268
219 269
219 270
219 272
219 278
219 280
220 221
220 222
220 223
220 227
220 287
220 332
220 397
220 399
220 533
220 549
220 553
220 583
221 222
221 237
221 287
221 322
221 323
221 324
221 328
221 329
221 330
221 332
221 333
221 334
221 335
221 397
221 399
221 419
221 530
221 533
221 549
221 553
221 583
222 223
222 226
222 328
222 397
222 399
222 530
222 532
222 533
222 553
223 226
223 227
223 239
223 240
223 532
223 546
223 548
223 551
223 553
223 555
224 245
224 251
224 531
225 298
225 445
226 399
226 548
226 551
227 428
227 439
227 455
227 501
227 532
227 536
227 551
227 552
227 553
228 282
228 385
228 540
228 581
229 230
229 231
229 236
229 238
229 244
229 245
229 247
229 248
229 252
229 255
229 265
229 266
229 271
229 481
229 493
229 512
229 513
229 541
229 542
229 556
229 557
229 560
229 569
230 231
230 234
230 235
230 236
230 238
230 241
230 244
230 245
230 248
230 266
230 271
230 493
230 495
230 511
230 542
230 547
230 560
231 236
231 238
231 239
231 243
231 247
231 255
231 265
231 493
231 495
231 509
231 513
231 542
231 555
231 557
232 449
232 453
232 518
232 539
232 543
232 544
232 545
232 558
234 244
234 267
235 236
235 238
235 241
235 248
235 546
235 547
236 238
236 244
236 245
236 248
236 252
236 255
236 265
236 266
236 271
236 512
236 541
236 542
236 547
236 550
236 556
236 557
236 560
237 287
237 323
237 329
237 330
237 332
237 333
237 549
237 583
237 584
238 240
238 241
238 244
238 245
238 248
238 250
238 531
238 541
238 546
238 547
238 550
238 555
239 240
239 243
239 546
239 548
239 551
239 555
240 531
240 546
240 547
240 548
240 550
240 553
240 555
241 244
241 248
241 250
241 253
241 254
241 531
241 546
241 547
241 551
241 555
241 558
241 561
242 253
242 272
242 275
242 277
242 439
242 441
242 455
242 462
242 463
242 466
242 552
242 558
242 561
242 575
243 245
243 246
243 247
243 263
243 265
243 555
244 246
244 248
244 250
244 254
244 267
244 512
244 541
245 246
245 266
245 531
245 540
245 541
245 542
245 560
246 531
247 252
247 255
247 263
247 265
247 268
247 271
247 276
247 542
247 556
247 557
247 567
248 250
248 254
248 271
248 478
248 493
248 547
248 556
249 251
250 253
250 254
250 269
250 275
250 443
250 453
250 462
250 463
250 512
250 558
250 561
250 570
252 255
252 256
252 265
252 268
252 269
252 271
252 276
252 481
252 512
252 556
252 557
252 565
252 567
253 254
253 275
253 439
253 443
253 455
253 462
253 463
253 464
253 544
253 552
253 558
253 561
253 563
253 570
253 575
254 463
254 558
254 561
255 256
255 258
255 263
255 265
255 268
255 271
255 293
255 481
255 512
255 513
255 542
255 547
255 556
255 557
255 567
255 574
256 258
256 265
256 271
256 557
256 565
257 259
257 260
257 264
257 294
257 296
257 297
258 259
258 263
258 264
258 265
258 268
258 270
258 293
258 512
258 565
259 260
259 261
259 264
259 265
259 268
259 270
259 272
259 278
259 279
259 280
259 296
259 297
260 264
260 270
260 272
260 278
260 279
260 280
260 300
261 296
262 419
262 477
263 264
263 265
263 268
263 293
264 268
264 280
265 268
265 271
265 276
265 295
265 481
265 513
265 542
265 556
265 557
266 271
266 542
266 556
266 560
268 269
268 270
268 272
268 512
268 565
268 572
268 574
269 270
269 272
269 275
269 481
269 512
269 564
269 565
269 570
269 573
270 272
270 278
270 279
270 280
270 565
271 478
271 481
271 493
271 496
271 512
271 513
271 542
271 556
271 557
271 560
271 565
271 567
271 569
271 574
272 277
272 278
272 279
272 280
272 297
272 465
275 277
275 439
275 453
275 455
275 462
275 463
275 465
275 468
275 552
275 558
275 561
275 564
275 570
275 575
277 278
277 438
277 442
277 449
277 455
277 458
277 465
277 466
277 575
277 576
277 578
278 279
278 280
278 297
278 465
278 528
278 564
278 578
279 280
279 281
279 297
279 465
279 578
280 296
280 297
281 459
281 466
281 491
281 502
281 578
282 511
282 540
283 384
283 385
283 511
285 287
285 584
286 325
287 325
287 329
287 330
287 332
287 333
287 530
287 533
287 549
287 583
287 584
289 586
291 367
292 382
293 294
294 591
296 297
296 300
298 503
298 505
298 597
298 600
301 302
301 312
301 319
301 321
301 322
301 324
301 335
301 389
301 391
301 395
301 401
301 409
301 416
301 419
301 487
301 530
301 580
302 304
302 305
302 320
302 321
302 322
302 323
302 324
302 327
302 329
302 333
302 335
302 389
302 391
302 530
302 580
303 304
303 308
304 305
304 306
304 308
304 312
304 319
304 320
304 321
304 324
304 389
304 580
305 320
305 321
305 322
305 323
305 324
305 329
305 331
305 333
305 335
305 336
305 386
305 389
305 391
305 392
305 415
305 519
305 530
305 580
308 580
310 498
311 334
313 495
314 569
315 316
315 317
315 356
316 317
316 318
316 319
317 319
317 356
317 360
317 362
317 388
317 579
318 319
318 320
318 334
319 320
319 321
319 389
319 580
320 321
320 324
320 334
320 335
320 336
320 386
320 389
320 391
320 395
320 410
320 580
321 322
321 323
321 324
321 329
321 330
321 333
321 334
321 335
321 336
321 385
321 386
321 389
321 390
321 391
321 392
321 395
321 400
321 487
321 530
321 580
321 583
322 323
322 324
322 333
322 335
322 389
322 391
322 487
322 530
322 580
323 324
323 329
323 331
323 332
323 333
323 335
323 530
324 329
324 331
324 333
324 335
324 336
324 389
324 391
324 392
324 530
324 580
325 327
325 549
325 584
325 587
326 334
327 330
327 583
327 584
328 330
328 332
328 333
328 335
328 395
328 397
328 398
328 399
328 529
328 530
328 533
328 549
328 583
329 330
329 331
329 332
329 333
329 335
329 530
329 549
329 583
330 332
330 333
330 335
330 389
330 530
330 533
330 549
330 583
330 584
331 333
332 333
332 335
332 530
332 533
332 549
332 583
332 584
333 335
333 389
333 391
333 392
333 395
333 415
333 419
333 519
333 530
333 549
333 583
334 335
334 530
334 583
335 386
335 389
335 390
335 391
335 392
335 395
335 398
335 400
335 401
335 410
335 416
335 419
335 487
335 530
335 533
335 549
335 580
335 583
336 386
336 389
336 391
336 392
336 580
337 340
337 344
337 346
337 348
337 378
337 381
337 387
337 405
337 407
337 413
337 416
338 339
338 340
338 342
338 343
338 347
338 381
338 382
338 579
339 342
339 343
339 347
339 350
339 381
339 382
339 579
340 342
340 344
340 346
340 347
340 348
340 350
340 376
340 381
340 405
340 413
341 345
341 349
341 353
341 357
341 373
341 434
342 343
342 347
342 350
342 381
342 382
343 347
343 381
343 382
343 579
344 346
344 347
344 348
344 350
344 376
344 378
344 381
344 387
344 409
344 410
344 413
344 579
345 349
345 354
345 355
345 356
345 357
345 358
345 374
345 380
345 434
346 348
346 350
346 353
346 363
346 381
346 413
347 348
347 350
347 364
347 381
347 382
347 579
348 350
348 378
348 381
348 387
348 405
348 409
348 410
348 413
348 416
348 579
349 353
349 354
349 357
349 359
349 380
349 434
351 414
351 418
351 447
352 355
353 354
353 357
353 358
353 359
353 361
353 414
354 355
354 356
354 358
354 360
354 361
354 363
355 356
355 358
355 362
355 363
356 358
356 360
356 362
356 363
357 371
358 360
358 361
358 362
358 363
359 361
359 414
359 447
360 361
360 362
360 363
361 363
361 414
362 363
362 579
369 480
370 421
372 375
372 421
373 434
374 380
374 434
375 376
376 377
376 381
377 379
378 386
378 387
378 391
378 400
378 401
378 405
378 409
378 410
378 416
378 419
380 425
381 405
381 579
383 403
384 385
384 390
384 391
384 393
384 395
384 398
384 400
384 401
384 402
384 487
384 489
384 511
384 581
385 386
385 387
385 389
385 390
385 391
385 395
385 400
385 401
385 402
385 487
385 511
385 580
385 581
385 586
386 387
386 389
386 390
386 391
386 392
386 395
386 398
386 400
386 401
386 410
386 487
386 530
386 580
386 581
387 391
387 400
387 401
387 409
387 410
387 416
387 579
387 580
387 581
388 389
388 579
388 580
389 390
389 391
389 395
389 400
389 487
389 530
389 580
390 391
390 393
390 395
390 398
390 400
390 401
390 402
390 487
390 489
390 580
390 581
390 586
391 395
391 400
391 401
391 409
391 410
391 416
391 419
391 487
391 530
391 580
391 581
392 395
392 530
393 394
393 398
393 400
393 401
393 402
393 489
393 495
393 503
394 495
395 398
395 399
395 400
395 401
395 416
395 419
395 487
395 530
395 580
395 581
396 398
396 399
396 406
396 407
396 408
396 417
396 432
396 460
396 491
396 501
397 399
397 417
397 451
397 501
397 533
397 536
397 553
398 399
398 400
398 401
398 406
398 417
398 460
398 501
399 401
399 412
399 417
399 532
399 533
399 534
399 553
400 401
400 402
400 410
400 419
400 487
400 530
400 580
400 581
401 407
401 409
401 410
401 412
401 416
401 419
401 487
401 530
401 581
402 489
402 495
402 511
403 406
403 407
403 419
403 424
404 406
404 428
404 437
404 450
404 451
404 456
404 501
404 502
405 407
405 413
406 407
406 419
406 424
406 432
406 451
406 460
406 474
406 491
406 500
406 501
406 502
407 412
407 491
408 411
408 449
408 490
408 491
408 492
408 518
409 410
409 416
409 419
409 595
410 416
410 580
412 413
412 417
412 418
412 595
415 416
415 530
416 419
416 580
417 450
417 474
418 427
418 515
419 474
419 487
419 530
420 422
420 599
423 424
424 450
424 599
426 439
428 430
428 431
428 432
428 437
428 440
428 448
428 450
428 451
428 455
428 456
428 464
428 466
428 470
428 501
428 502
429 440
430 431
430 432
430 434
430 435
430 440
432 455
432 456
432 458
432 460
432 491
432 501
432 502
433 434
434 435
435 461
437 440
437 448
437 451
437 455
437 456
437 458
437 464
437 466
438 440
438 455
438 575
438 576
439 443
439 455
439 462
439 518
439 544
439 552
439 558
439 561
440 455
440 456
442 455
442 456
442 458
442 464
442 465
442 466
442 490
442 491
442 492
442 502
442 578
443 445
443 518
443 558
443 561
444 543
445 518
445 531
445 539
448 451
448 456
449 452
449 453
449 455
449 456
449 458
449 464
449 466
449 490
449 510
449 517
449 518
449 543
449 544
449 576
450 451
450 459
450 469
450 474
450 499
450 501
450 502
450 599
451 454
451 455
451 456
451 459
451 466
451 490
451 491
451 501
451 502
451 576
452 453
452 465
452 492
452 517
452 564
453 544
453 561
453 589
454 501
454 515
455 456
455 458
455 459
455 462
455 464
455 466
455 490
455 499
455 502
455 552
455 558
455 561
455 575
455 576
456 458
456 464
456 466
456 501
457 468
457 528
457 566
457 573
457 593
458 464
458 465
458 466
458 575
458 576
458 578
459 466
459 490
459 499
459 502
459 516
459 517
459 576
459 577
460 501
460 537
462 463
462 464
462 552
462 558
462 561
462 563
462 575
463 552
463 558
463 561
463 570
463 573
463 575
464 465
464 466
464 490
464 558
464 561
464 575
465 466
465 492
465 528
465 564
465 578
466 499
466 501
466 502
466 575
466 576
466 578
467 492
467 514
467 520
467 521
468 514
468 528
468 566
468 568
468 570
468 573
468 589
469 473
474 505
476 485
476 507
476 542
476 556
476 567
476 569
476 574
477 523
479 482
480 598
481 486
481 496
481 512
481 538
481 541
481 542
481 565
481 573
481 574
482 483
482 585
483 484
485 569
487 530
487 580
487 581
488 566
488 568
488 591
488 593
489 495
489 511
489 534
490 491
490 492
490 499
490 502
490 505
490 517
491 492
491 501
491 502
493 495
493 498
493 509
493 513
493 542
493 562
494 514
494 520
494 521
494 589
495 509
495 511
495 562
496 513
496 542
498 513
498 521
499 502
499 505
499 516
499 517
499 539
499 597
499 599
499 600
501 502
501 504
501 533
502 503
502 504
502 505
502 516
502 599
503 516
503 519
504 505
505 516
505 517
505 576
506 535
507 509
507 513
508 527
508 565
509 513
509 525
510 517
510 518
510 539
510 544
511 581
512 513
512 541
512 542
512 556
512 557
512 560
512 565
512 567
512 569
512 573
512 574
513 542
513 556
513 567
513 574
514 520
514 521
514 589
517 576
518 539
518 543
518 544
519 583
520 521
521 571
521 574
522 572
526 533
526 559
528 564
528 566
528 570
529 584
530 533
530 549
530 583
531 540
531 541
531 547
531 550
531 554
531 555
532 533
532 534
532 536
532 548
532 553
533 536
533 549
533 553
533 583
536 553
538 567
539 590
539 595
539 597
539 600
540 541
540 560
541 542
541 560
542 556
542 557
542 560
542 567
542 569
542 574
543 544
543 545
544 545
544 558
544 561
546 547
546 551
546 555
547 550
547 555
548 551
548 553
548 555
549 583
549 584
550 554
550 555
551 552
551 555
552 558
552 561
552 575
556 557
556 560
556 567
556 569
556 574
557 560
557 567
558 561
560 567
560 569
561 570
561 575
564 593
565 574
565 592
566 568
566 589
567 569
567 574
568 588
568 589
568 591
568 593
569 574
570 573
572 574
573 598
574 594
575 576
579 580
580 581
581 586
582 583
583 584
588 589
588 591
591 593
595 597
596 599
597 600
599 600
