600 8988

1 2
1 4
1 5
1 11
1 16
1 18
1 20
1 21
1 22
1 29
1 30
1 31
1 32
1 33
1 34
1 35
1 36
1 37
1 38
1 94
1 97
1 98
1 99
1 100
1 101
1 102
1 103
1 104
1 105
1 106
1 107
1 108
1 109
1 110
1 117
1 118
1 119
1 143
1 145
1 147
1 194
1 220
1 221
1 223
1 225
1 245
1 285
1 286
1 287
1 290
1 291
1 301
1 302
1 304
1 305
1 308
1 312
1 315
1 317
1 319
1 320
1 321
1 322
1 323
1 324
1 326
1 327
1 328
1 329
1 332
1 333
1 335
1 385
1 388
1 389
1 390
1 391
1 392
1 394
1 395
1 397
1 398
1 399
1 400
1 411
1 445
1 529
1 530
1 533
1 534
1 579
1 583
1 584
1 586
2 3
2 4
2 5
2 11
2 12
2 14
2 16
2 18
2 19
2 20
2 21
2 22
2 23
2 24
2 29
2 30
2 32
2 35
2 36
2 37
2 38
2 93
2 94
2 98
2 100
2 101
2 103
2 104
2 105
2 106
2 107
2 108
2 109
2 117
2 118
2 122
2 123
2 143
2 189
2 192
2 194
2 199
2 220
2 221
2 223
2 301
2 302
2 303
2 304
2 305
2 308
2 312
2 315
2 317
2 318
2 319
2 320
2 321
2 322
2 323
2 324
2 326
2 329
2 332
2 333
2 384
2 385
2 388
2 389
2 390
2 391
2 392
2 393
2 394
2 395
2 396
2 397
2 398
2 408
2 411
2 530
2 533
3 4
3 5
3 6
3 11
3 12
3 16
3 18
3 19
3 20
3 21
3 22
3 23
3 24
3 25
3 28
3 29
3 30
3 31
3 32
3 35
3 36
3 37
3 38
3 93
3 94
3 98
3 100
3 101
3 103
3 106
3 109
3 117
3 118
3 122
3 194
3 221
3 301
3 302
3 303
3 304
3 305
3 307
3 308
3 312
3 315
3 317
3 319
3 320
3 321
3 322
3 323
3 324
3 326
3 327
3 328
3 329
3 330
3 332
3 333
3 334
3 335
3 336
3 385
3 386
3 388
3 389
3 390
3 391
3 392
3 394
3 396
3 411
3 445
3 519
3 530
3 533
4 5
4 11
4 12
4 14
4 16
4 18
4 19
4 20
4 21
4 22
4 23
4 24
4 25
4 28
4 29
4 30
4 31
4 32
4 34
4 35
4 36
4 37
4 38
4 94
4 97
4 98
4 99
4 100
4 101
4 102
4 103
4 104
4 105
4 106
4 107
4 108
4 109
4 110
4 117
4 118
4 122
4 123
4 143
4 145
4 147
4 194
4 220
4 221
4 224
4 225
4 286
4 290
4 301
4 302
4 303
4 304
4 305
4 307
4 308
4 312
4 315
4 317
4 319
4 320
4 321
4 322
4 323
4 324
4 326
4 327
4 328
4 329
4 332
4 333
4 335
4 336
4 385
4 386
4 388
4 389
4 390
4 391
4 392
4 394
4 395
4 396
4 397
4 398
4 400
4 411
4 445
4 530
4 533
4 579
4 586
5 6
5 7
5 11
5 12
5 16
5 18
5 19
5 20
5 21
5 22
5 23
5 24
5 25
5 28
5 29
5 30
5 31
5 32
5 34
5 35
5 36
5 37
5 38
5 94
5 97
5 98
5 100
5 101
5 102
5 103
5 104
5 105
5 106
5 109
5 117
5 118
5 122
5 194
5 220
5 221
5 224
5 301
5 302
5 303
5 304
5 305
5 307
5 308
5 312
5 315
5 317
5 319
5 320
5 321
5 322
5 323
5 324
5 325
5 326
5 327
5 328
5 329
5 332
5 333
5 335
5 336
5 385
5 386
5 388
5 389
5 390
5 391
5 392
5 394
5 396
5 411
5 445
5 530
5 533
6 11
6 12
6 20
6 24
6 31
6 32
6 36
6 94
6 303
6 304
6 305
6 307
6 308
6 324
6 326
6 332
7 10
7 12
7 14
7 16
7 24
7 29
7 122
7 304
7 306
7 308
7 310
7 311
7 312
7 313
7 315
7 326
8 9
8 316
10 14
10 17
10 27
10 29
10 236
10 238
10 241
10 285
10 286
10 306
10 309
10 313
10 318
10 529
10 547
10 584
11 12
11 16
11 18
11 19
11 20
11 21
11 22
11 23
11 24
11 25
11 28
11 29
11 30
11 31
11 32
11 34
11 35
11 36
11 37
11 38
11 94
11 97
11 98
11 100
11 101
11 102
11 103
11 104
11 105
11 106
11 109
11 117
11 118
11 122
11 194
11 221
11 301
11 302
11 303
11 304
11 305
11 307
11 308
11 312
11 315
11 317
11 319
11 320
11 321
11 322
11 323
11 324
11 326
11 327
11 328
11 329
11 330
11 332
11 333
11 335
11 336
11 385
11 386
11 388
11 389
11 390
11 391
11 392
11 394
11 396
11 398
11 411
11 530
11 533
12 14
12 15
12 16
12 18
12 19
12 20
12 21
12 22
12 23
12 24
12 29
12 30
12 31
12 32
12 35
12 37
12 38
12 94
12 98
12 100
12 101
12 102
12 103
12 106
12 109
12 122
12 221
12 301
12 302
12 303
12 304
12 305
12 307
12 308
12 311
12 312
12 315
12 317
12 319
12 320
12 321
12 322
12 323
12 324
12 326
12 327
12 328
12 329
12 332
12 333
12 335
12 336
12 388
12 389
12 390
12 391
12 392
12 394
12 396
12 411
12 519
13 293
14 16
14 17
14 18
14 19
14 22
14 23
14 27
14 29
14 30
14 37
14 94
14 98
14 101
14 103
14 104
14 105
14 106
14 107
14 109
14 117
14 122
14 123
14 194
14 285
14 286
14 290
14 292
14 301
14 303
14 304
14 308
14 309
14 312
14 313
14 315
14 317
14 318
14 322
14 323
14 324
14 326
14 329
14 331
14 388
14 389
14 390
14 393
14 394
15 16
15 315
15 316
16 18
16 19
16 20
16 21
16 22
16 23
16 24
16 29
16 30
16 31
16 32
16 36
16 37
16 38
16 94
16 98
16 100
16 101
16 102
16 103
16 104
16 106
16 107
16 109
16 117
16 118
16 122
16 123
16 221
16 301
16 302
16 303
16 304
16 305
16 307
16 308
16 311
16 312
16 315
16 316
16 317
16 318
16 319
16 320
16 321
16 322
16 323
16 324
16 326
16 327
16 328
16 329
16 332
16 335
16 336
16 385
16 386
16 388
16 389
16 390
16 391
16 392
16 394
16 396
16 410
16 411
16 425
16 530
17 26
17 27
17 318
18 19
18 20
18 21
18 22
18 23
18 24
18 25
18 29
18 30
18 31
18 32
18 34
18 35
18 36
18 37
18 38
18 94
18 97
18 98
18 100
18 101
18 102
18 103
18 104
18 105
18 106
18 107
18 108
18 109
18 110
18 117
18 118
18 122
18 194
18 221
18 290
18 301
18 302
18 303
18 304
18 305
18 308
18 312
18 315
18 317
18 319
18 320
18 321
18 322
18 323
18 324
18 326
18 327
18 328
18 329
18 332
18 335
18 336
18 385
18 388
18 389
18 390
18 391
18 392
18 393
18 394
18 395
18 396
18 398
18 400
18 411
18 445
18 530
19 20
19 21
19 22
19 23
19 24
19 29
19 30
19 32
19 35
19 37
19 38
19 94
19 98
19 100
19 101
19 102
19 103
19 106
19 107
19 109
19 117
19 118
19 122
19 221
19 301
19 302
19 303
19 304
19 305
19 308
19 311
19 312
19 315
19 316
19 317
19 318
19 319
19 320
19 321
19 322
19 323
19 324
19 326
19 328
19 329
19 332
19 333
19 335
19 336
19 385
19 388
19 389
19 390
19 392
19 394
19 396
19 410
19 411
19 425
19 445
19 530
20 21
20 22
20 23
20 24
20 28
20 29
20 30
20 31
20 32
20 34
20 35
20 36
20 37
20 38
20 93
20 94
20 97
20 98
20 100
20 101
20 102
20 103
20 104
20 105
20 106
20 108
20 109
20 110
20 117
20 118
20 122
20 123
20 189
20 194
20 220
20 221
20 223
20 301
20 302
20 303
20 304
20 305
20 307
20 308
20 312
20 315
20 317
20 319
20 320
20 321
20 322
20 323
20 324
20 326
20 327
20 328
20 329
20 332
20 333
20 334
20 335
20 336
20 385
20 386
20 388
20 389
20 390
20 391
20 392
20 394
20 395
20 396
20 397
20 398
20 400
20 411
20 425
20 445
20 519
20 530
20 533
21 22
21 23
21 24
21 29
21 30
21 31
21 32
21 34
21 35
21 36
21 37
21 38
21 94
21 97
21 98
21 100
21 101
21 102
21 103
21 104
21 105
21 106
21 109
21 110
21 117
21 118
21 122
21 221
21 301
21 302
21 303
21 304
21 305
21 307
21 308
21 312
21 315
21 317
21 319
21 320
21 321
21 322
21 323
21 324
21 326
21 327
21 329
21 332
21 333
21 334
21 335
21 336
21 385
21 386
21 388
21 389
21 390
21 391
21 392
21 394
21 395
21 396
21 397
21 398
21 411
21 425
21 445
21 519
21 530
21 533
22 23
22 24
22 25
22 28
22 29
22 30
22 31
22 32
22 34
22 35
22 36
22 37
22 38
22 94
22 97
22 98
22 100
22 101
22 102
22 103
22 104
22 105
22 106
22 107
22 108
22 109
22 110
22 117
22 118
22 122
22 143
22 194
22 221
22 301
22 302
22 303
22 304
22 305
22 307
22 308
22 312
22 315
22 317
22 319
22 320
22 321
22 322
22 323
22 324
22 326
22 327
22 328
22 329
22 330
22 332
22 333
22 335
22 385
22 386
22 388
22 389
22 390
22 391
22 392
22 394
22 395
22 396
22 398
22 411
22 445
22 530
22 533
23 24
23 25
23 27
23 28
23 29
23 30
23 31
23 32
23 34
23 35
23 37
23 38
23 94
23 98
23 100
23 101
23 103
23 104
23 106
23 109
23 122
23 123
23 194
23 224
23 301
23 302
23 303
23 304
23 305
23 308
23 312
23 315
23 317
23 318
23 319
23 320
23 321
23 322
23 323
23 324
23 326
23 327
23 328
23 329
23 332
23 333
23 335
23 388
23 389
23 390
23 392
23 394
23 411
23 417
23 445
23 530
23 533
24 25
24 28
24 29
24 30
24 31
24 32
24 35
24 36
24 38
24 94
24 98
24 100
24 101
24 103
24 106
24 109
24 118
24 122
24 221
24 303
24 304
24 305
24 307
24 308
24 312
24 313
24 315
24 317
24 319
24 320
24 321
24 323
24 324
24 326
24 327
24 328
24 329
24 332
24 335
24 385
24 388
24 389
24 390
24 391
24 392
24 394
24 519
25 28
25 30
25 31
25 34
25 98
25 194
25 304
25 305
25 308
25 322
25 323
25 324
25 325
25 327
25 328
25 329
25 332
25 445
26 286
26 529
26 587
27 29
27 30
27 309
27 312
27 313
27 318
27 329
27 331
27 556
28 30
28 31
28 32
28 33
28 34
28 36
28 94
28 109
28 118
28 221
28 304
28 305
28 308
28 312
28 323
28 324
28 326
28 327
28 328
28 329
28 330
28 332
28 335
28 397
28 445
28 530
28 533
29 30
29 32
29 35
29 36
29 37
29 38
29 94
29 98
29 100
29 101
29 103
29 104
29 105
29 106
29 107
29 109
29 117
29 118
29 122
29 123
29 194
29 220
29 221
29 286
29 290
29 292
29 301
29 302
29 303
29 304
29 305
29 308
29 312
29 313
29 315
29 317
29 318
29 319
29 320
29 321
29 322
29 323
29 324
29 326
29 328
29 329
29 332
29 385
29 388
29 389
29 390
29 391
29 392
29 394
29 417
29 445
29 516
29 533
30 31
30 32
30 33
30 34
30 35
30 36
30 38
30 93
30 94
30 97
30 98
30 100
30 101
30 102
30 103
30 104
30 105
30 106
30 107
30 109
30 117
30 118
30 122
30 123
30 145
30 194
30 220
30 221
30 224
30 245
30 286
30 287
30 290
30 302
30 303
30 304
30 305
30 308
30 312
30 313
30 315
30 317
30 319
30 320
30 321
30 322
30 323
30 324
30 326
30 327
30 328
30 329
30 330
30 332
30 333
30 335
30 385
30 388
30 389
30 390
30 391
30 394
30 395
30 396
30 397
30 411
30 417
30 445
30 516
30 529
30 530
30 533
30 579
30 584
31 32
31 33
31 34
31 35
31 36
31 38
31 94
31 97
31 98
31 100
31 101
31 102
31 103
31 105
31 106
31 109
31 118
31 124
31 194
31 220
31 221
31 302
31 304
31 305
31 307
31 308
31 312
31 317
31 321
31 322
31 323
31 324
31 325
31 326
31 327
31 328
31 329
31 330
31 332
31 333
31 335
31 336
31 385
31 386
31 397
31 411
31 445
31 530
31 533
32 33
32 34
32 35
32 36
32 37
32 38
32 93
32 94
32 97
32 98
32 100
32 101
32 102
32 103
32 104
32 105
32 106
32 107
32 108
32 109
32 110
32 117
32 118
32 122
32 123
32 147
32 191
32 194
32 220
32 221
32 223
32 224
32 301
32 302
32 303
32 304
32 305
32 307
32 308
32 312
32 315
32 317
32 319
32 320
32 321
32 322
32 323
32 324
32 326
32 327
32 328
32 329
32 330
32 331
32 332
32 333
32 335
32 336
32 385
32 386
32 388
32 389
32 390
32 391
32 392
32 394
32 395
32 396
32 397
32 398
32 408
32 411
32 445
32 519
32 530
32 533
33 34
33 36
33 93
33 97
33 98
33 99
33 104
33 105
33 109
33 119
33 145
33 147
33 189
33 220
33 221
33 222
33 223
33 224
33 225
33 226
33 236
33 237
33 238
33 240
33 243
33 245
33 282
33 283
33 285
33 286
33 287
33 290
33 317
33 324
33 329
33 332
33 389
33 395
33 397
33 399
33 412
33 438
33 443
33 445
33 529
33 530
33 531
33 532
33 533
33 534
33 535
33 546
33 549
33 550
33 553
33 579
33 580
33 583
33 584
33 586
34 36
34 38
34 94
34 97
34 98
34 99
34 100
34 101
34 103
34 104
34 105
34 106
34 108
34 109
34 110
34 118
34 119
34 122
34 143
34 145
34 147
34 157
34 220
34 221
34 222
34 223
34 224
34 225
34 245
34 282
34 283
34 285
34 286
34 287
34 290
34 302
34 304
34 305
34 308
34 312
34 317
34 321
34 322
34 323
34 324
34 325
34 326
34 327
34 328
34 329
34 332
34 335
34 385
34 386
34 388
34 389
34 391
34 395
34 397
34 399
34 400
34 401
34 411
34 412
34 443
34 445
34 529
34 530
34 533
34 534
34 549
34 553
34 579
34 583
34 584
34 586
35 36
35 37
35 38
35 93
35 94
35 97
35 98
35 100
35 101
35 102
35 103
35 104
35 105
35 106
35 109
35 118
35 122
35 189
35 191
35 194
35 201
35 220
35 221
35 223
35 301
35 302
35 303
35 304
35 305
35 307
35 308
35 312
35 317
35 319
35 320
35 321
35 322
35 323
35 324
35 326
35 327
35 329
35 330
35 332
35 333
35 334
35 335
35 336
35 388
35 389
35 390
35 391
35 392
35 394
35 396
35 397
35 408
35 411
35 445
35 530
35 533
36 38
36 93
36 94
36 97
36 98
36 99
36 100
36 101
36 102
36 103
36 104
36 105
36 106
36 108
36 109
36 110
36 117
36 118
36 119
36 122
36 143
36 145
36 147
36 220
36 221
36 222
36 223
36 224
36 225
36 245
36 286
36 287
36 290
36 301
36 302
36 303
36 304
36 305
36 308
36 312
36 315
36 317
36 319
36 320
36 321
36 322
36 323
36 324
36 326
36 327
36 328
36 329
36 330
36 332
36 333
36 335
36 336
36 385
36 386
36 388
36 389
36 390
36 391
36 392
36 394
36 395
36 397
36 398
36 400
36 411
36 445
36 529
36 530
36 533
36 534
36 579
36 584
36 586
37 38
37 94
37 98
37 100
37 101
37 102
37 103
37 106
37 109
37 122
37 221
37 301
37 302
37 303
37 304
37 305
37 307
37 308
37 312
37 315
37 317
37 318
37 319
37 320
37 321
37 322
37 323
37 324
37 326
37 327
37 329
37 333
37 334
37 335
37 336
37 388
37 389
37 390
37 391
37 392
37 394
37 396
37 411
37 530
38 93
38 94
38 97
38 98
38 99
38 100
38 101
38 102
38 103
38 104
38 105
38 106
38 108
38 109
38 110
38 118
38 122
38 143
38 189
38 191
38 194
38 220
38 221
38 223
38 301
38 302
38 303
38 304
38 305
38 307
38 308
38 312
38 317
38 319
38 320
38 321
38 322
38 323
38 324
38 326
38 327
38 329
38 330
38 332
38 333
38 334
38 335
38 336
38 384
38 385
38 386
38 388
38 389
38 390
38 391
38 392
38 394
38 395
38 396
38 397
38 398
38 400
38 411
38 445
38 530
38 533
39 42
39 47
39 52
39 56
39 83
39 94
39 95
39 101
39 103
39 104
39 105
39 107
39 108
39 109
39 112
39 113
39 114
39 115
39 116
39 117
39 118
39 119
39 120
39 137
39 199
39 224
39 337
39 384
39 385
39 386
39 388
39 389
39 390
39 393
39 395
39 396
39 397
39 398
39 403
39 405
39 406
39 407
39 409
39 410
39 411
39 491
40 64
40 142
40 351
40 352
40 414
40 418
40 440
41 42
41 44
41 45
41 46
41 48
41 54
41 82
42 44
42 47
42 54
42 56
42 58
42 83
42 95
42 107
42 109
42 112
42 113
42 114
42 115
42 116
42 117
42 126
42 137
42 138
42 199
42 337
42 340
42 344
42 385
42 403
42 405
42 406
42 407
42 409
42 410
42 446
43 415
44 57
44 65
44 66
44 82
44 115
44 116
44 133
44 137
44 139
44 341
44 446
45 46
45 48
45 54
46 48
46 54
47 52
47 56
47 83
47 94
47 95
47 101
47 103
47 104
47 105
47 107
47 108
47 109
47 110
47 111
47 112
47 113
47 114
47 115
47 116
47 117
47 118
47 119
47 120
47 121
47 123
47 125
47 126
47 129
47 130
47 137
47 147
47 199
47 308
47 337
47 344
47 350
47 384
47 385
47 386
47 390
47 393
47 395
47 396
47 398
47 400
47 403
47 406
47 407
47 409
47 410
47 411
48 54
48 58
48 82
49 152
50 60
50 63
50 95
50 112
50 119
50 121
50 131
50 145
50 146
50 147
50 157
50 188
50 345
50 351
50 412
50 447
50 579
51 345
51 441
52 55
52 56
52 57
52 94
52 101
52 103
52 104
52 105
52 107
52 108
52 109
52 110
52 111
52 113
52 115
52 116
52 117
52 118
52 119
52 120
52 123
52 124
52 125
52 126
52 192
52 194
52 348
52 350
52 357
52 385
52 390
52 393
52 394
52 395
52 396
52 397
52 398
52 400
52 409
52 410
52 411
52 413
52 416
52 417
53 55
53 120
53 124
53 125
53 330
53 348
54 56
54 58
55 56
55 57
55 60
55 64
55 107
55 108
55 112
55 113
55 114
55 119
55 120
55 121
55 124
55 125
55 337
55 350
55 393
55 395
55 401
55 406
55 407
55 413
55 418
55 440
56 57
56 60
56 65
56 75
56 82
56 83
56 107
56 111
56 112
56 113
56 114
56 115
56 116
56 117
56 120
56 121
56 125
56 129
56 137
56 141
56 150
56 199
56 337
56 340
56 344
56 350
56 385
56 403
56 406
56 407
56 409
56 410
56 428
56 446
56 491
57 60
57 65
57 78
57 111
57 115
57 116
57 120
57 124
57 125
57 126
57 149
57 150
57 350
57 357
57 401
57 413
57 416
57 440
57 446
58 60
58 61
58 65
58 66
58 137
58 341
58 354
58 356
59 62
59 121
59 351
59 352
59 360
59 361
59 440
60 61
60 63
60 64
60 65
60 66
60 67
60 75
60 112
60 114
60 119
60 120
60 121
60 131
60 337
60 359
60 406
60 407
60 413
60 440
60 491
61 65
61 66
61 345
61 353
61 354
61 356
61 359
63 65
63 78
63 121
63 137
63 345
63 361
63 447
64 75
64 152
64 351
64 361
64 369
64 414
64 440
65 66
65 125
65 149
65 150
65 152
65 440
65 446
66 67
66 137
66 341
66 345
66 354
66 356
66 359
66 362
66 363
66 381
66 405
67 131
67 132
67 157
67 345
67 359
67 361
67 362
67 363
68 76
68 140
68 148
68 161
68 178
68 369
68 372
68 434
68 448
69 208
69 213
69 288
69 368
69 565
69 592
70 135
70 365
70 368
71 72
71 76
71 90
72 76
72 77
72 365
72 368
72 370
72 372
72 598
73 87
73 95
73 116
73 117
73 383
73 446
74 364
74 429
74 480
74 484
75 79
75 82
75 83
75 121
75 137
75 369
75 430
75 446
76 372
76 376
76 428
76 434
77 177
77 364
78 82
78 83
78 89
78 127
78 341
78 367
78 370
78 372
78 375
78 427
79 82
79 369
79 370
80 229
81 91
82 83
82 129
82 137
82 370
82 372
82 375
82 403
82 421
82 446
83 115
83 116
83 129
83 130
83 137
83 337
83 340
83 341
83 367
83 375
83 403
83 407
83 428
83 446
84 512
85 374
85 377
86 377
88 381
89 372
90 274
90 294
90 377
90 442
90 466
91 462
91 463
91 563
92 167
92 168
92 169
92 184
92 187
92 198
92 201
92 207
92 383
92 384
92 487
92 499
93 94
93 98
93 101
93 103
93 104
93 105
93 106
93 107
93 108
93 109
93 110
93 117
93 118
93 119
93 123
93 189
93 192
93 194
93 199
93 220
93 221
93 222
93 223
93 224
93 287
93 301
93 302
93 303
93 308
93 317
93 321
93 323
93 324
93 332
93 333
93 384
93 385
93 388
93 389
93 390
93 391
93 392
93 393
93 394
93 395
93 397
93 398
93 399
93 400
93 411
93 530
93 533
94 97
94 98
94 100
94 101
94 102
94 103
94 104
94 105
94 106
94 107
94 108
94 109
94 110
94 113
94 117
94 118
94 122
94 123
94 143
94 192
94 194
94 220
94 221
94 223
94 301
94 302
94 303
94 304
94 305
94 307
94 308
94 312
94 315
94 317
94 318
94 319
94 320
94 321
94 322
94 323
94 324
94 326
94 327
94 328
94 329
94 330
94 332
94 333
94 335
94 336
94 385
94 386
94 388
94 389
94 390
94 391
94 392
94 393
94 394
94 395
94 396
94 397
94 398
94 400
94 410
94 411
94 425
94 445
94 530
94 533
95 101
95 103
95 104
95 105
95 106
95 107
95 108
95 109
95 110
95 112
95 113
95 114
95 115
95 116
95 117
95 118
95 119
95 120
95 121
95 129
95 131
95 145
95 146
95 147
95 188
95 199
95 223
95 337
95 383
95 384
95 385
95 386
95 388
95 389
95 390
95 393
95 395
95 397
95 398
95 400
95 403
95 406
95 412
95 423
95 424
95 586
96 97
96 99
96 128
96 188
96 225
96 233
96 264
96 282
96 387
96 531
96 596
96 600
97 98
97 99
97 100
97 101
97 103
97 104
97 105
97 106
97 109
97 118
97 143
97 145
97 147
97 189
97 191
97 196
97 220
97 221
97 222
97 223
97 224
97 225
97 230
97 233
97 245
97 282
97 285
97 286
97 287
97 290
97 291
97 302
97 304
97 308
97 317
97 321
97 322
97 326
97 332
97 335
97 385
97 386
97 388
97 389
97 391
97 397
97 445
97 487
97 529
97 530
97 533
97 534
97 554
97 579
97 583
97 584
97 586
98 99
98 100
98 101
98 102
98 103
98 104
98 105
98 106
98 107
98 108
98 109
98 110
98 117
98 118
98 119
98 122
98 123
98 143
98 145
98 147
98 189
98 191
98 192
98 194
98 220
98 221
98 223
98 224
98 225
98 245
98 286
98 290
98 301
98 302
98 303
98 304
98 305
98 307
98 308
98 312
98 315
98 317
98 319
98 320
98 321
98 322
98 323
98 324
98 326
98 327
98 328
98 329
98 332
98 333
98 335
98 336
98 385
98 386
98 388
98 389
98 390
98 391
98 392
98 393
98 394
98 395
98 396
98 397
98 398
98 400
98 411
98 445
98 529
98 530
98 533
98 579
98 584
98 586
99 101
99 118
99 128
99 143
99 145
99 147
99 188
99 191
99 196
99 220
99 221
99 222
99 223
99 224
99 225
99 230
99 233
99 243
99 244
99 245
99 282
99 283
99 285
99 286
99 287
99 290
99 291
99 317
99 322
99 332
99 386
99 388
99 399
99 445
99 487
99 530
99 531
99 533
99 534
99 554
99 579
99 583
99 586
100 101
100 102
100 103
100 104
100 105
100 106
100 109
100 117
100 118
100 122
100 143
100 221
100 290
100 301
100 302
100 303
100 304
100 305
100 308
100 312
100 315
100 317
100 319
100 320
100 321
100 322
100 323
100 324
100 326
100 327
100 329
100 332
100 333
100 334
100 335
100 336
100 385
100 386
100 388
100 389
100 390
100 391
100 392
100 394
100 395
100 396
100 398
100 411
100 425
100 445
100 530
100 533
100 586
101 103
101 104
101 105
101 106
101 107
101 108
101 109
101 110
101 113
101 114
101 116
101 117
101 118
101 119
101 122
101 123
101 145
101 147
101 189
101 191
101 192
101 194
101 199
101 220
101 221
101 222
101 223
101 224
101 225
101 245
101 290
101 301
101 302
101 303
101 304
101 305
101 307
101 308
101 312
101 315
101 317
101 319
101 320
101 321
101 322
101 323
101 324
101 326
101 329
101 332
101 333
101 335
101 337
101 384
101 385
101 386
101 388
101 389
101 390
101 391
101 392
101 393
101 394
101 395
101 396
101 397
101 398
101 399
101 400
101 408
101 410
101 411
101 417
101 425
101 445
101 487
101 530
101 533
101 579
101 586
102 103
102 105
102 106
102 109
102 118
102 122
102 221
102 302
102 304
102 305
102 312
102 315
102 317
102 319
102 320
102 321
102 322
102 323
102 324
102 326
102 327
102 328
102 329
102 332
102 335
102 336
102 388
102 389
102 390
102 391
102 392
102 394
102 398
102 530
103 104
103 105
103 106
103 107
103 108
103 109
103 110
103 113
103 117
103 118
103 119
103 120
103 122
103 123
103 124
103 126
103 143
103 147
103 189
103 192
103 194
103 220
103 221
103 223
103 224
103 290
103 301
103 302
103 303
103 304
103 305
103 307
103 308
103 312
103 315
103 317
103 319
103 320
103 321
103 322
103 323
103 324
103 326
103 327
103 328
103 329
103 332
103 333
103 335
103 336
103 337
103 350
103 384
103 385
103 386
103 388
103 389
103 390
103 391
103 392
103 393
103 394
103 395
103 396
103 397
103 398
103 400
103 410
103 411
103 417
103 425
103 445
103 530
103 533
104 105
104 106
104 107
104 108
104 109
104 110
104 113
104 116
104 117
104 118
104 119
104 120
104 122
104 123
104 124
104 126
104 143
104 145
104 147
104 189
104 191
104 192
104 194
104 199
104 201
104 220
104 221
104 222
104 223
104 224
104 245
104 286
104 289
104 290
104 292
104 301
104 303
104 304
104 308
104 312
104 317
104 319
104 321
104 322
104 323
104 324
104 326
104 329
104 332
104 333
104 335
104 337
104 350
104 384
104 385
104 386
104 388
104 389
104 390
104 391
104 392
104 393
104 394
104 395
104 396
104 397
104 398
104 399
104 400
104 401
104 408
104 410
104 411
104 413
104 417
104 445
104 529
104 530
104 533
104 579
104 586
105 106
105 107
105 108
105 109
105 110
105 111
105 113
105 116
105 117
105 118
105 119
105 120
105 122
105 123
105 124
105 143
105 145
105 147
105 189
105 192
105 194
105 199
105 220
105 221
105 223
105 224
105 286
105 290
105 301
105 302
105 304
105 308
105 312
105 317
105 321
105 322
105 323
105 324
105 326
105 329
105 332
105 333
105 335
105 337
105 350
105 384
105 385
105 386
105 388
105 389
105 390
105 391
105 392
105 393
105 394
105 395
105 396
105 397
105 398
105 399
105 400
105 401
105 410
105 411
105 412
105 413
105 417
105 445
105 529
105 530
105 533
105 579
105 586
106 107
106 108
106 109
106 110
106 113
106 117
106 118
106 119
106 122
106 123
106 124
106 143
106 145
106 147
106 189
106 194
106 220
106 221
106 223
106 224
106 290
106 301
106 302
106 303
106 304
106 305
106 307
106 308
106 312
106 317
106 319
106 320
106 321
106 322
106 323
106 324
106 326
106 327
106 328
106 329
106 332
106 333
106 335
106 336
106 384
106 385
106 386
106 388
106 389
106 390
106 391
106 392
106 393
106 394
106 395
106 396
106 397
106 398
106 400
106 410
106 411
106 425
106 445
106 530
106 533
106 586
107 108
107 109
107 110
107 111
107 112
107 113
107 114
107 115
107 116
107 117
107 118
107 119
107 120
107 121
107 123
107 124
107 125
107 126
107 143
107 145
107 147
107 192
107 194
107 199
107 223
107 224
107 290
107 304
107 308
107 312
107 315
107 317
107 319
107 321
107 322
107 323
107 324
107 326
107 337
107 344
107 350
107 384
107 385
107 386
107 388
107 389
107 390
107 391
107 392
107 393
107 394
107 395
107 396
107 397
107 398
107 399
107 400
107 401
107 406
107 407
107 408
107 409
107 410
107 411
107 413
107 416
107 417
107 445
107 530
107 533
108 109
108 110
108 111
108 112
108 113
108 114
108 116
108 117
108 118
108 119
108 120
108 121
108 123
108 124
108 126
108 143
108 145
108 147
108 192
108 194
108 199
108 220
108 221
108 223
108 224
108 290
108 301
108 303
108 308
108 317
108 321
108 322
108 323
108 324
108 337
108 348
108 350
108 384
108 385
108 386
108 388
108 389
108 390
108 391
108 392
108 393
108 394
108 395
108 396
108 397
108 398
108 399
108 400
108 401
108 406
108 407
108 408
108 409
108 410
108 411
108 412
108 413
108 417
108 445
108 530
108 533
109 110
109 111
109 113
109 114
109 115
109 116
109 117
109 118
109 119
109 120
109 122
109 123
109 124
109 126
109 133
109 143
109 145
109 147
109 189
109 192
109 194
109 199
109 220
109 221
109 222
109 223
109 224
109 225
109 245
109 286
109 290
109 301
109 302
109 303
109 304
109 305
109 308
109 312
109 315
109 317
109 319
109 320
109 321
109 322
109 323
109 324
109 326
109 328
109 329
109 332
109 333
109 335
109 336
109 337
109 350
109 384
109 385
109 386
109 388
109 389
109 390
109 391
109 392
109 393
109 394
109 395
109 396
109 397
109 398
109 399
109 400
109 408
109 410
109 411
109 417
109 425
109 445
109 530
109 533
109 579
109 586
110 113
110 117
110 118
110 119
110 120
110 123
110 124
110 143
110 145
110 147
110 187
110 194
110 220
110 221
110 222
110 223
110 290
110 317
110 321
110 322
110 335
110 348
110 350
110 384
110 385
110 386
110 388
110 389
110 390
110 391
110 392
110 393
110 394
110 395
110 396
110 397
110 398
110 399
110 400
110 401
110 410
110 411
110 412
110 530
110 533
111 113
111 114
111 115
111 116
111 117
111 118
111 120
111 123
111 124
111 125
111 126
111 145
111 147
111 149
111 337
111 344
111 350
111 357
111 385
111 393
111 396
111 400
111 401
111 407
111 409
111 410
111 411
111 413
111 416
112 113
112 114
112 115
112 116
112 117
112 118
112 119
112 120
112 121
112 129
112 130
112 131
112 147
112 199
112 337
112 385
112 393
112 395
112 401
112 403
112 404
112 406
112 407
112 412
112 422
112 423
112 424
112 447
112 491
113 114
113 115
113 116
113 117
113 118
113 119
113 120
113 121
113 124
113 147
113 192
113 194
113 199
113 223
113 304
113 308
113 321
113 337
113 384
113 385
113 386
113 388
113 389
113 390
113 392
113 393
113 395
113 396
113 397
113 398
113 399
113 400
113 401
113 403
113 406
113 407
113 408
113 410
113 411
113 412
113 491
113 533
114 115
114 116
114 117
114 118
114 119
114 120
114 121
114 125
114 126
114 129
114 131
114 137
114 147
114 157
114 199
114 224
114 337
114 340
114 385
114 393
114 397
114 401
114 403
114 404
114 406
114 407
114 408
114 412
114 422
114 423
114 424
114 447
114 491
115 116
115 117
115 118
115 119
115 120
115 121
115 125
115 126
115 129
115 137
115 199
115 337
115 340
115 344
115 350
115 385
115 403
115 406
115 407
115 409
115 410
115 446
115 491
116 117
116 118
116 123
116 125
116 126
116 129
116 137
116 147
116 337
116 344
116 350
116 385
116 386
116 393
116 396
116 403
116 406
116 407
116 409
116 410
116 411
116 416
116 423
116 446
117 118
117 119
117 120
117 121
117 122
117 123
117 124
117 126
117 145
117 147
117 192
117 194
117 199
117 221
117 223
117 224
117 290
117 302
117 304
117 308
117 312
117 315
117 317
117 319
117 321
117 322
117 323
117 324
117 326
117 335
117 337
117 344
117 350
117 384
117 385
117 386
117 388
117 389
117 390
117 391
117 392
117 393
117 394
117 395
117 396
117 397
117 398
117 400
117 401
117 403
117 406
117 407
117 409
117 410
117 411
117 416
117 417
117 445
117 530
117 533
118 119
118 120
118 122
118 123
118 124
118 143
118 145
118 147
118 192
118 194
118 220
118 221
118 223
118 224
118 225
118 290
118 301
118 302
118 303
118 304
118 305
118 307
118 308
118 312
118 315
118 317
118 319
118 320
118 321
118 322
118 323
118 324
118 326
118 327
118 328
118 329
118 332
118 333
118 335
118 336
118 337
118 350
118 384
118 385
118 386
118 388
118 389
118 390
118 391
118 392
118 393
118 394
118 395
118 396
118 397
118 398
118 399
118 400
118 401
118 410
118 411
118 412
118 417
118 445
118 530
118 533
119 120
119 121
119 123
119 124
119 131
119 133
119 143
119 145
119 146
119 147
119 192
119 199
119 220
119 221
119 222
119 223
119 224
119 225
119 286
119 287
119 290
119 317
119 384
119 385
119 386
119 388
119 389
119 390
119 393
119 395
119 397
119 398
119 399
119 400
119 401
119 406
119 411
119 412
119 413
119 445
119 447
119 530
119 533
119 534
119 579
120 121
120 123
120 124
120 125
120 147
120 337
120 348
120 350
120 385
120 390
120 393
120 395
120 397
120 398
120 399
120 400
120 401
120 403
120 406
120 407
120 411
120 412
120 413
120 417
120 491
121 124
121 131
121 133
121 145
121 146
121 147
121 199
121 223
121 385
121 393
121 395
121 397
121 399
121 401
121 403
121 404
121 406
121 407
121 412
121 413
121 418
121 422
121 423
121 447
121 491
122 123
122 189
122 192
122 220
122 221
122 290
122 301
122 304
122 305
122 308
122 311
122 312
122 315
122 317
122 318
122 319
122 321
122 322
122 323
122 324
122 326
122 329
122 332
122 333
122 335
122 385
122 388
122 389
122 390
122 393
122 394
122 396
122 410
122 411
122 417
122 425
122 445
122 516
122 530
122 533
123 124
123 126
123 133
123 145
123 147
123 189
123 192
123 199
123 201
123 220
123 223
123 224
123 245
123 290
123 308
123 312
123 317
123 321
123 322
123 323
123 333
123 335
123 337
123 344
123 350
123 357
123 384
123 385
123 388
123 389
123 390
123 391
123 393
123 394
123 395
123 396
123 397
123 398
123 400
123 409
123 410
123 411
123 413
123 416
123 417
123 425
123 445
123 495
123 530
123 533
124 125
124 147
124 348
124 350
124 357
124 385
124 390
124 393
124 395
124 396
124 398
124 400
124 401
124 410
124 411
124 412
124 413
124 417
124 445
125 126
125 129
125 149
125 150
125 337
125 340
125 350
125 401
125 403
125 407
125 409
125 418
125 428
125 440
125 446
126 130
126 150
126 199
126 337
126 344
126 350
126 393
126 394
126 396
126 406
126 407
126 409
126 410
126 411
126 413
126 416
126 417
126 446
127 359
127 372
127 375
128 131
128 157
128 188
128 190
128 232
128 233
128 264
128 373
128 450
128 510
128 531
128 574
128 597
128 600
129 130
129 131
129 137
129 147
129 157
129 337
129 340
129 367
129 375
129 403
129 404
129 405
129 406
129 407
129 409
129 421
129 422
129 423
129 424
129 428
129 430
129 444
129 446
129 450
129 491
130 132
130 137
130 337
130 403
130 406
130 407
130 446
131 132
131 133
131 137
131 146
131 147
131 157
131 188
131 190
131 199
131 345
131 403
131 404
131 406
131 412
131 421
131 422
131 423
131 424
131 428
131 429
131 430
131 444
131 447
131 450
131 491
132 133
132 157
132 186
132 407
132 429
133 192
133 199
133 223
133 224
133 385
133 399
133 429
134 157
134 345
134 354
134 361
134 375
134 421
134 430
135 365
135 439
136 150
136 151
136 155
136 158
136 257
136 428
136 442
136 448
136 455
137 138
137 337
137 340
137 341
137 358
137 367
137 375
137 403
137 406
137 407
137 409
137 423
137 428
137 431
137 446
137 491
138 159
138 340
138 409
138 429
138 433
138 446
139 345
140 153
140 161
140 259
140 274
140 279
140 281
140 294
141 152
141 491
142 351
143 144
143 145
143 147
143 194
143 220
143 221
143 223
143 286
143 287
143 290
143 301
143 317
143 321
143 322
143 323
143 333
143 388
143 389
143 390
143 391
143 395
143 397
143 398
143 399
143 412
143 445
143 530
143 533
143 586
144 412
144 443
145 146
145 147
145 220
145 221
145 222
145 223
145 224
145 225
145 243
145 245
145 282
145 283
145 285
145 286
145 287
145 290
145 292
145 302
145 317
145 322
145 332
145 385
145 386
145 388
145 389
145 395
145 397
145 399
145 400
145 401
145 412
145 438
145 443
145 445
145 447
145 529
145 530
145 531
145 533
145 534
145 579
145 583
145 584
145 586
146 147
146 157
146 188
146 412
146 445
146 447
146 586
147 157
147 220
147 221
147 223
147 225
147 286
147 290
147 301
147 302
147 304
147 308
147 317
147 321
147 322
147 385
147 386
147 388
147 389
147 390
147 393
147 395
147 397
147 398
147 399
147 400
147 401
147 403
147 411
147 412
147 423
147 445
147 447
147 530
147 533
147 579
147 586
148 150
148 155
148 156
148 158
148 160
148 163
148 432
148 437
148 442
148 448
148 449
148 455
148 464
149 440
149 446
150 151
150 152
150 340
150 407
150 409
150 428
150 437
150 440
150 446
150 448
151 152
151 159
151 417
152 414
152 440
152 448
153 161
153 272
153 274
153 275
153 281
153 294
153 442
153 466
154 545
155 156
155 158
155 437
155 442
155 448
155 449
155 452
155 453
155 454
155 455
155 458
155 464
155 497
155 543
156 158
156 164
156 437
156 464
156 557
157 188
157 190
157 345
157 412
157 421
157 422
157 423
157 424
157 437
157 444
157 445
157 447
157 450
157 534
157 544
157 545
157 579
158 257
158 455
161 178
161 183
161 257
161 259
161 260
161 272
161 274
161 275
161 277
161 278
161 279
161 281
161 294
161 297
161 466
161 577
162 175
162 185
162 232
162 233
162 242
162 253
162 438
162 439
162 451
162 462
162 552
162 558
163 250
163 253
163 437
163 449
163 451
163 452
163 453
163 462
163 463
163 464
163 510
163 544
163 558
163 561
164 200
164 203
164 219
164 272
164 281
164 442
165 469
166 173
167 168
167 172
167 239
167 241
167 247
167 248
167 266
167 478
167 499
168 172
168 234
168 247
168 248
168 266
168 269
168 472
168 499
168 548
168 550
168 556
168 560
169 173
169 197
169 206
169 207
169 216
169 217
169 267
169 471
169 472
169 473
169 474
169 476
169 479
169 500
169 503
169 509
169 523
169 524
169 525
170 255
170 270
170 476
170 480
170 569
170 570
171 173
171 174
171 471
171 473
171 474
171 479
171 523
172 247
172 248
172 250
172 266
172 478
172 560
173 174
173 216
173 217
173 278
173 280
173 471
173 473
173 474
173 479
173 523
173 524
174 251
174 469
174 479
174 523
175 183
175 481
175 598
176 178
176 206
176 208
176 256
176 263
176 268
176 298
176 463
176 468
176 483
176 485
176 493
176 512
176 513
176 514
176 518
176 520
176 522
176 526
176 528
176 539
176 541
176 565
176 570
176 571
176 574
176 576
176 592
176 594
176 595
176 596
176 597
176 598
177 180
178 183
178 259
178 268
178 277
178 468
178 483
178 512
178 571
178 577
178 596
178 598
179 593
180 181
180 438
180 484
181 364
181 484
182 208
182 256
182 298
182 485
182 507
182 518
182 520
182 541
182 565
183 382
183 483
183 598
184 187
184 383
184 384
185 484
187 189
187 198
187 201
187 222
187 223
187 383
187 384
187 389
187 419
187 487
187 504
188 199
188 345
188 429
189 192
189 193
189 194
189 195
189 196
189 198
189 200
189 201
189 211
189 212
189 220
189 222
189 223
189 224
189 230
189 237
189 240
189 244
189 245
189 282
189 286
189 287
189 289
189 317
189 384
189 388
189 389
189 390
189 391
189 394
189 396
189 397
189 419
189 487
189 530
189 532
189 533
189 553
189 584
190 232
190 264
190 451
190 490
190 510
190 531
190 544
190 545
190 558
190 561
190 597
190 600
191 192
191 193
191 194
191 221
191 222
191 223
191 224
191 225
191 245
191 291
191 303
191 322
191 333
191 334
191 388
191 389
191 391
191 392
191 397
191 399
191 408
191 487
191 530
191 533
192 193
192 194
192 199
192 201
192 220
192 222
192 223
192 224
192 245
192 286
192 289
192 308
192 384
192 385
192 388
192 389
192 390
192 393
192 394
192 395
192 396
192 397
192 399
192 408
192 411
192 417
192 419
192 495
192 532
192 533
192 579
192 580
193 195
193 196
193 200
193 201
193 202
193 211
193 212
193 214
193 215
193 220
193 222
193 223
193 224
193 237
193 240
193 245
193 289
193 419
193 489
193 496
193 532
193 533
193 553
193 581
194 220
194 221
194 223
194 224
194 245
194 289
194 292
194 301
194 303
194 304
194 307
194 308
194 312
194 317
194 321
194 322
194 323
194 324
194 326
194 327
194 328
194 329
194 333
194 385
194 388
194 389
194 390
194 391
194 392
194 393
194 394
194 395
194 396
194 397
194 398
194 399
194 411
194 530
194 533
195 196
195 197
195 200
195 202
195 203
195 207
195 209
195 211
195 214
195 215
195 228
195 229
195 230
195 231
195 234
195 235
195 236
195 237
195 238
195 239
195 240
195 241
195 244
195 247
195 265
195 266
195 267
195 273
195 419
195 489
195 503
195 505
195 509
195 511
195 515
195 517
195 521
195 540
195 542
195 548
195 550
195 551
195 581
196 201
196 208
196 209
196 210
196 211
196 212
196 214
196 222
196 228
196 229
196 230
196 231
196 240
196 244
196 245
196 271
196 273
196 419
196 467
196 485
196 489
196 493
196 507
196 511
196 520
196 521
196 532
196 540
196 542
196 551
196 554
196 581
197 202
197 203
197 206
197 207
197 208
197 209
197 211
197 216
197 217
197 218
197 219
197 228
197 229
197 231
197 256
197 258
197 265
197 267
197 269
197 271
197 460
197 503
197 509
197 513
197 527
197 551
198 201
198 207
198 212
198 222
198 266
198 499
199 223
199 224
199 337
199 384
199 385
199 393
199 395
199 397
199 406
199 429
199 491
200 201
200 202
200 203
200 211
200 212
200 214
200 215
200 265
200 281
200 419
200 502
200 503
201 212
201 222
201 289
201 309
201 333
201 384
201 396
201 419
201 504
202 203
202 209
202 211
202 212
202 214
202 215
202 216
202 217
202 231
202 240
202 265
202 273
202 280
202 419
202 489
202 494
202 496
202 503
202 509
202 511
202 515
202 524
202 525
202 532
202 542
203 208
203 209
203 210
203 211
203 214
203 215
203 219
203 265
203 272
203 274
203 280
203 489
203 494
203 503
203 505
203 509
203 511
203 513
203 515
203 525
203 542
203 551
204 337
204 344
204 405
204 409
204 425
205 227
205 505
205 536
206 207
206 208
206 209
206 213
206 219
206 228
206 244
206 256
206 262
206 263
206 265
206 271
206 277
206 295
206 298
206 387
206 473
206 485
206 494
206 503
206 507
206 509
206 512
206 513
206 514
206 520
206 522
206 541
206 542
206 565
206 567
206 571
206 594
206 595
207 209
207 211
207 213
207 228
207 229
207 231
207 234
207 239
207 241
207 244
207 247
207 256
207 265
207 266
207 267
207 269
207 270
207 271
207 273
207 503
207 548
207 550
207 551
207 565
207 595
208 209
208 210
208 211
208 213
208 219
208 228
208 231
208 246
208 256
208 262
208 263
208 264
208 265
208 270
208 271
208 273
208 295
208 387
208 463
208 476
208 485
208 493
208 494
208 503
208 507
208 508
208 509
208 511
208 512
208 513
208 514
208 517
208 518
208 520
208 521
208 527
208 540
208 541
208 542
208 555
208 565
208 567
208 570
208 571
208 577
208 592
208 594
208 595
209 210
209 211
209 212
209 213
209 214
209 217
209 219
209 228
209 229
209 231
209 244
209 256
209 258
209 262
209 263
209 265
209 267
209 270
209 271
209 273
209 280
209 298
209 465
209 483
209 485
209 493
209 494
209 503
209 507
209 508
209 509
209 511
209 512
209 513
209 514
209 515
209 518
209 520
209 524
209 527
209 540
209 541
209 542
209 551
209 564
209 565
209 567
209 571
209 595
210 244
210 263
210 265
210 273
210 485
210 489
210 493
210 494
210 496
210 507
210 511
210 513
210 514
210 515
210 517
210 518
210 520
210 521
210 527
210 532
210 540
210 541
210 542
210 549
210 551
210 553
210 554
210 555
211 212
211 213
211 214
211 216
211 217
211 222
211 228
211 229
211 230
211 231
211 240
211 243
211 244
211 245
211 262
211 263
211 265
211 267
211 271
211 273
211 280
211 419
211 485
211 493
211 494
211 503
211 507
211 508
211 509
211 511
211 513
211 515
211 532
211 542
211 551
211 554
211 581
212 213
212 214
212 222
212 231
212 237
212 240
212 243
212 244
212 245
212 246
212 263
212 265
212 496
212 503
212 508
212 532
212 549
212 553
212 554
213 219
213 228
213 229
213 230
213 231
213 234
213 239
213 244
213 246
213 252
213 255
213 256
213 258
213 262
213 263
213 265
213 267
213 269
213 270
213 271
213 273
213 276
213 295
213 387
213 483
213 485
213 503
213 508
213 513
213 518
213 521
213 541
213 542
213 565
213 567
213 571
213 594
213 595
214 215
214 216
214 217
214 231
214 240
214 265
214 273
214 280
214 299
214 419
214 489
214 494
214 503
214 509
214 511
214 515
214 524
214 532
214 542
215 240
215 265
215 272
215 274
215 419
215 489
215 494
215 503
215 511
215 515
215 542
215 551
216 217
216 219
216 231
216 256
216 258
216 262
216 265
216 267
216 271
216 276
216 278
216 280
216 479
216 485
216 509
216 513
216 523
216 524
216 525
216 567
217 228
217 231
217 256
217 262
217 267
217 271
217 278
217 280
217 479
217 480
217 485
217 507
217 508
217 509
217 524
217 525
218 342
218 343
218 346
218 349
218 527
219 256
219 258
219 259
219 263
219 265
219 268
219 269
219 270
219 271
219 272
219 273
219 277
219 278
219 280
219 463
219 465
219 485
219 493
219 494
219 503
219 507
219 509
219 511
219 512
219 513
219 514
219 520
219 522
219 525
219 528
219 542
219 565
219 571
219 577
219 595
220 221
220 222
220 223
220 224
220 225
220 226
220 237
220 240
220 243
220 245
220 282
220 285
220 286
220 287
220 290
220 291
220 302
220 308
220 312
220 317
220 321
220 322
220 323
220 324
220 326
220 329
220 332
220 335
220 385
220 388
220 389
220 391
220 395
220 397
220 399
220 411
220 412
220 445
220 516
220 529
220 530
220 531
220 532
220 533
220 534
220 535
220 536
220 549
220 553
220 579
220 583
220 584
220 586
221 222
221 223
221 225
221 287
221 290
221 301
221 302
221 303
221 304
221 305
221 307
221 308
221 312
221 317
221 319
221 320
221 321
221 322
221 323
221 324
221 326
221 327
221 328
221 329
221 330
221 332
221 333
221 335
221 336
221 385
221 386
221 388
221 389
221 390
221 391
221 392
221 394
221 395
221 396
221 397
221 398
221 400
221 411
221 445
221 529
221 530
221 533
221 586
222 223
222 224
222 225
222 226
222 230
222 237
222 240
222 243
222 244
222 245
222 282
222 286
222 287
222 332
222 384
222 385
222 389
222 397
222 399
222 487
222 496
222 529
222 530
222 532
222 533
222 534
222 549
222 553
222 554
222 579
222 580
222 584
223 224
223 225
223 245
223 286
223 287
223 303
223 307
223 308
223 317
223 321
223 384
223 385
223 386
223 388
223 389
223 390
223 391
223 392
223 393
223 395
223 396
223 397
223 398
223 399
223 408
223 411
223 412
223 445
223 530
223 532
223 533
223 534
223 553
223 579
224 225
224 245
224 286
224 287
224 304
224 308
224 317
224 323
224 324
224 326
224 332
224 385
224 388
224 389
224 390
224 395
224 396
224 397
224 399
224 408
224 411
224 417
224 445
224 529
224 532
224 533
224 534
224 579
224 580
224 584
225 243
225 245
225 246
225 282
225 286
225 287
225 302
225 317
225 322
225 332
225 386
225 397
225 399
225 412
225 445
225 487
225 529
225 530
225 531
225 533
225 534
225 549
225 579
226 227
226 237
226 238
226 239
226 240
226 241
226 243
226 287
226 309
226 535
226 536
226 537
226 548
226 549
226 551
226 553
227 237
227 364
227 535
227 536
227 537
227 550
228 229
228 230
228 231
228 234
228 239
228 240
228 241
228 243
228 244
228 247
228 252
228 254
228 255
228 256
228 258
228 262
228 263
228 265
228 266
228 267
228 269
228 270
228 271
228 273
228 295
228 387
228 483
228 485
228 493
228 494
228 503
228 507
228 509
228 511
228 513
228 517
228 518
228 520
228 521
228 527
228 540
228 541
228 542
228 548
228 550
228 551
228 554
228 560
228 565
228 567
228 594
228 595
229 230
229 231
229 234
229 236
229 237
229 238
229 239
229 240
229 241
229 243
229 244
229 246
229 247
229 252
229 256
229 265
229 266
229 267
229 269
229 271
229 273
229 282
229 387
229 503
229 507
229 509
229 511
229 517
229 521
229 540
229 542
229 548
229 549
229 550
229 551
229 553
229 554
229 555
229 560
229 567
229 581
229 583
230 231
230 233
230 234
230 235
230 236
230 237
230 238
230 239
230 240
230 241
230 243
230 244
230 245
230 250
230 266
230 271
230 282
230 283
230 285
230 286
230 287
230 387
230 402
230 517
230 521
230 538
230 540
230 541
230 542
230 547
230 548
230 549
230 550
230 551
230 552
230 553
230 554
230 555
230 556
230 558
230 560
230 567
230 580
230 581
230 583
230 584
230 594
231 239
231 240
231 241
231 243
231 244
231 246
231 247
231 255
231 256
231 262
231 263
231 265
231 267
231 269
231 271
231 273
231 483
231 485
231 493
231 503
231 508
231 509
231 511
231 513
231 540
231 542
231 548
231 551
231 554
231 565
231 567
232 233
232 242
232 510
232 552
232 570
232 572
232 574
233 234
233 250
233 253
233 282
233 283
233 285
233 286
233 287
233 387
233 438
233 538
233 558
233 560
233 572
233 579
233 583
233 586
234 236
234 238
234 239
234 241
234 244
234 247
234 248
234 250
234 252
234 253
234 254
234 258
234 266
234 267
234 269
234 271
234 273
234 282
234 387
234 517
234 521
234 538
234 540
234 548
234 550
234 551
234 552
234 554
234 556
234 558
234 560
234 561
234 583
234 594
235 236
235 238
235 239
235 240
235 241
235 244
235 266
235 551
235 552
236 237
236 238
236 239
236 240
236 241
236 244
236 245
236 247
236 248
236 250
236 266
236 282
236 285
236 286
236 287
236 289
236 443
236 529
236 535
236 540
236 546
236 547
236 548
236 549
236 550
236 551
236 553
236 554
236 555
236 556
236 581
236 583
236 584
237 238
237 239
237 240
237 241
237 243
237 244
237 245
237 265
237 282
237 285
237 286
237 287
237 443
237 496
237 529
237 532
237 535
237 536
237 540
237 542
237 546
237 547
237 548
237 549
237 550
237 551
237 553
237 554
237 555
237 581
237 583
237 584
238 239
238 240
238 241
238 243
238 244
238 247
238 248
238 266
238 282
238 285
238 286
238 287
238 289
238 529
238 535
238 540
238 547
238 548
238 549
238 550
238 551
238 554
238 556
238 583
238 584
239 240
239 241
239 243
239 244
239 246
239 247
239 248
239 265
239 266
239 267
239 269
239 271
239 460
239 537
239 540
239 542
239 547
239 548
239 549
239 550
239 551
239 552
239 553
239 554
239 555
240 241
240 243
240 244
240 245
240 265
240 266
240 282
240 286
240 287
240 419
240 496
240 529
240 532
240 540
240 542
240 547
240 548
240 549
240 550
240 551
240 553
240 554
240 555
240 581
240 584
241 243
241 244
241 247
241 265
241 266
241 267
241 269
241 271
241 282
241 285
241 460
241 517
241 521
241 540
241 547
241 548
241 549
241 550
241 551
241 552
241 553
241 554
241 555
241 556
241 583
242 244
242 366
242 438
242 439
242 462
242 521
242 552
242 555
242 594
243 244
243 245
243 246
243 263
243 265
243 282
243 286
243 287
243 496
243 517
243 529
243 531
243 532
243 538
243 542
243 548
243 549
243 550
243 551
243 552
243 553
243 554
243 555
243 584
244 246
244 247
244 256
244 262
244 263
244 265
244 266
244 267
244 271
244 282
244 285
244 287
244 387
244 496
244 517
244 521
244 540
244 542
244 547
244 548
244 549
244 550
244 551
244 552
244 553
244 554
244 555
244 581
244 583
244 584
245 282
245 286
245 287
245 332
245 397
245 399
245 417
245 443
245 467
245 496
245 529
245 532
245 533
245 534
245 549
245 553
245 554
245 579
245 580
245 581
245 583
245 584
246 262
246 263
246 265
246 295
246 531
246 538
246 548
246 549
246 550
246 554
246 555
246 567
246 594
247 248
247 250
247 252
247 258
247 266
247 267
247 269
247 271
247 293
247 460
247 478
247 503
247 505
247 540
247 542
247 548
247 550
247 551
247 556
247 560
247 583
248 250
248 252
248 254
248 258
248 266
248 269
248 293
248 460
248 478
248 540
248 548
248 551
248 556
248 558
248 560
248 561
249 251
250 252
250 253
250 254
250 266
250 439
250 478
250 547
250 552
250 556
250 558
250 560
250 561
251 356
251 477
252 254
252 255
252 256
252 258
252 266
252 269
252 270
252 271
252 276
252 387
252 560
252 570
252 572
252 573
253 254
253 451
253 462
253 521
253 544
253 558
253 561
254 256
254 258
254 268
254 269
254 270
254 271
254 387
254 463
254 518
254 521
254 540
254 541
254 558
254 560
254 561
254 570
254 572
254 573
254 594
254 595
254 598
255 256
255 258
255 262
255 268
255 269
255 270
255 271
255 276
255 277
255 298
255 480
255 483
255 485
255 565
255 567
255 594
256 258
256 262
256 267
256 269
256 270
256 271
256 273
256 276
256 298
256 387
256 465
256 483
256 485
256 493
256 507
256 509
256 511
256 512
256 513
256 514
256 518
256 520
256 521
256 522
256 540
256 541
256 542
256 565
256 567
256 570
256 571
256 594
256 595
257 260
257 272
257 274
257 279
257 281
257 297
258 267
258 268
258 269
258 270
258 271
258 465
258 478
258 483
258 485
258 493
258 507
258 509
258 511
258 513
258 520
258 528
258 540
258 560
258 565
258 567
258 595
259 260
259 262
259 268
259 270
259 272
259 274
259 277
259 278
259 279
259 281
259 294
259 297
259 465
259 483
259 509
259 522
259 524
259 528
259 564
259 565
259 576
259 577
260 261
260 272
260 274
260 277
260 278
260 279
260 281
260 294
260 296
260 297
260 299
261 279
261 296
261 297
262 263
262 265
262 271
262 273
262 276
262 280
262 295
262 298
262 480
262 483
262 485
262 493
262 494
262 508
262 509
262 513
262 520
262 524
262 528
262 542
262 564
262 565
262 567
262 577
262 594
262 595
263 265
263 271
263 277
263 295
263 298
263 387
263 463
263 483
263 485
263 493
263 494
263 496
263 508
263 509
263 512
263 513
263 514
263 518
263 520
263 521
263 527
263 528
263 539
263 540
263 541
263 542
263 554
263 555
263 565
263 567
263 571
263 577
263 592
263 594
263 595
264 387
264 453
264 510
264 518
264 520
264 531
264 539
264 541
264 569
264 571
264 574
264 594
264 595
264 597
264 600
265 267
265 271
265 364
265 460
265 494
265 496
265 503
265 508
265 509
265 511
265 513
265 517
265 527
265 540
265 542
265 548
265 549
265 550
265 551
265 553
265 554
265 555
265 565
266 267
266 269
266 285
266 548
266 551
266 583
267 269
267 270
267 271
267 460
267 503
267 513
267 540
267 542
267 548
267 550
267 551
268 269
268 270
268 277
268 278
268 463
268 512
268 522
268 528
268 565
268 566
268 570
268 571
268 572
268 573
268 574
268 576
268 592
268 594
268 595
268 598
269 270
269 271
269 276
269 293
269 460
269 503
269 548
269 550
269 551
269 560
269 565
269 567
269 573
269 585
269 594
270 271
270 276
270 277
270 380
270 463
270 485
270 512
270 513
270 565
270 567
270 570
270 571
270 572
270 573
270 594
270 595
270 598
271 273
271 276
271 387
271 460
271 463
271 465
271 478
271 483
271 485
271 493
271 494
271 503
271 507
271 509
271 511
271 512
271 513
271 517
271 518
271 520
271 521
271 525
271 527
271 528
271 540
271 541
271 542
271 548
271 551
271 552
271 554
271 560
271 565
271 567
271 571
271 573
271 594
271 595
272 274
272 277
272 278
272 279
272 281
272 294
272 296
272 297
272 299
272 466
272 511
273 485
273 493
273 507
273 509
273 511
273 513
273 515
273 518
273 521
273 540
273 541
273 542
273 565
274 279
274 281
274 294
274 296
274 297
274 299
274 442
274 465
274 466
274 489
274 498
274 506
274 511
274 515
275 442
275 455
275 458
275 468
275 575
275 590
276 295
276 565
276 567
276 594
277 278
277 279
277 281
277 295
277 463
277 512
277 522
277 565
277 570
277 571
277 576
277 577
278 279
278 280
278 281
278 295
278 297
278 465
278 479
278 509
278 522
278 524
278 528
278 565
278 576
278 577
279 281
279 296
279 297
279 457
279 577
280 465
280 477
280 479
280 485
280 493
280 494
280 509
280 513
280 515
280 524
280 525
281 296
281 297
281 299
281 577
282 283
282 285
282 286
282 287
282 290
282 291
282 292
282 387
282 443
282 529
282 531
282 547
282 548
282 549
282 550
282 553
282 554
282 558
282 579
282 580
282 583
282 584
282 586
283 285
283 286
283 287
283 290
283 516
283 529
283 531
283 558
283 579
283 586
284 285
285 286
285 287
285 289
285 290
285 291
285 292
285 443
285 529
285 546
285 547
285 548
285 549
285 550
285 553
285 554
285 556
285 579
285 583
285 584
285 586
286 287
286 290
286 291
286 292
286 317
286 322
286 332
286 388
286 389
286 395
286 397
286 399
286 401
286 412
286 438
286 443
286 445
286 529
286 532
286 533
286 534
286 546
286 547
286 549
286 553
286 554
286 579
286 580
286 583
286 584
286 586
287 290
287 291
287 332
287 397
287 399
287 412
287 438
287 443
287 445
287 529
287 531
287 532
287 533
287 534
287 535
287 536
287 546
287 547
287 548
287 549
287 550
287 553
287 554
287 555
287 579
287 580
287 583
287 584
287 586
289 292
289 547
290 291
290 292
290 317
290 321
290 322
290 332
290 385
290 388
290 389
290 390
290 393
290 395
290 398
290 400
290 401
290 438
290 445
290 529
290 530
290 579
290 583
290 584
290 586
291 292
291 529
291 547
291 554
291 579
291 583
291 584
291 586
292 318
292 583
292 584
293 568
294 297
295 522
295 565
295 567
295 577
295 578
295 592
295 594
295 595
296 297
296 578
298 476
298 485
298 514
298 520
298 522
298 528
298 539
298 541
298 565
298 570
298 571
298 592
298 595
298 597
300 539
300 596
300 600
301 302
301 303
301 304
301 305
301 308
301 311
301 312
301 315
301 317
301 318
301 319
301 320
301 321
301 322
301 323
301 324
301 326
301 332
301 333
301 335
301 385
301 386
301 388
301 389
301 390
301 391
301 392
301 395
301 396
301 398
301 411
301 445
301 530
301 533
302 303
302 304
302 305
302 307
302 308
302 312
302 315
302 317
302 319
302 320
302 321
302 322
302 323
302 324
302 326
302 329
302 330
302 332
302 333
302 335
302 336
302 385
302 386
302 388
302 389
302 390
302 391
302 392
302 397
302 411
302 445
302 530
302 533
303 304
303 305
303 307
303 308
303 312
303 315
303 317
303 319
303 320
303 321
303 322
303 323
303 324
303 326
303 327
303 329
303 332
303 333
303 334
303 335
303 385
303 388
303 389
303 390
303 391
303 392
303 394
303 395
303 396
303 397
303 398
303 408
303 411
303 530
303 533
304 305
304 307
304 308
304 311
304 312
304 315
304 317
304 318
304 319
304 320
304 321
304 322
304 323
304 324
304 326
304 327
304 328
304 329
304 332
304 333
304 335
304 336
304 385
304 386
304 388
304 389
304 390
304 391
304 392
304 394
304 396
304 411
304 445
304 530
304 533
305 307
305 308
305 312
305 315
305 317
305 319
305 320
305 321
305 322
305 323
305 324
305 326
305 327
305 328
305 329
305 332
305 335
305 336
305 385
305 388
305 389
305 390
305 391
305 392
305 394
305 411
305 519
305 530
305 533
306 309
306 313
307 308
307 317
307 319
307 320
307 321
307 323
307 324
307 326
307 327
307 385
307 386
307 388
307 389
307 390
307 391
307 392
307 397
307 411
307 530
307 533
308 310
308 312
308 313
308 315
308 317
308 318
308 319
308 320
308 321
308 322
308 323
308 324
308 326
308 327
308 328
308 329
308 332
308 335
308 385
308 386
308 388
308 389
308 390
308 391
308 392
308 394
308 395
308 396
308 397
308 411
308 445
308 530
308 533
309 313
309 502
311 315
311 316
311 317
311 319
312 313
312 315
312 317
312 318
312 319
312 320
312 321
312 322
312 323
312 324
312 326
312 327
312 328
312 329
312 331
312 332
312 333
312 335
312 385
312 388
312 389
312 390
312 391
312 392
312 394
312 445
312 516
312 530
312 533
313 328
313 329
314 575
315 316
315 317
315 318
315 319
315 320
315 321
315 322
315 323
315 324
315 326
315 328
315 329
315 332
315 385
315 388
315 389
315 394
315 396
315 425
315 445
317 318
317 319
317 320
317 321
317 322
317 323
317 324
317 326
317 327
317 328
317 329
317 332
317 333
317 335
317 336
317 385
317 386
317 388
317 389
317 390
317 391
317 392
317 393
317 394
317 395
317 396
317 397
317 398
317 400
317 411
317 445
317 487
317 529
317 530
317 533
317 586
318 319
318 323
318 324
318 389
319 320
319 321
319 322
319 323
319 324
319 326
319 329
319 332
319 334
319 335
319 336
319 385
319 386
319 388
319 389
319 390
319 391
319 392
319 394
319 396
319 411
319 425
319 530
319 533
320 321
320 322
320 323
320 324
320 326
320 329
320 332
320 333
320 334
320 335
320 336
320 386
320 388
320 389
320 390
320 391
320 392
320 394
320 396
320 425
320 530
321 322
321 323
321 324
321 326
321 327
321 329
321 332
321 333
321 335
321 336
321 384
321 385
321 386
321 388
321 389
321 390
321 391
321 392
321 393
321 394
321 395
321 396
321 397
321 398
321 400
321 411
321 425
321 445
321 530
321 533
322 323
322 324
322 326
322 327
322 328
322 329
322 332
322 333
322 334
322 335
322 336
322 385
322 386
322 388
322 389
322 390
322 391
322 392
322 394
322 395
322 396
322 397
322 398
322 400
322 411
322 445
322 529
322 530
322 533
322 586
323 324
323 326
323 327
323 328
323 329
323 330
323 332
323 333
323 334
323 335
323 336
323 385
323 386
323 388
323 389
323 390
323 391
323 392
323 394
323 395
323 396
323 398
323 411
323 417
323 445
323 530
323 533
324 326
324 327
324 328
324 329
324 330
324 332
324 333
324 335
324 336
324 385
324 386
324 388
324 389
324 390
324 391
324 392
324 394
324 396
324 397
324 411
324 417
324 425
324 445
324 516
324 519
324 529
324 530
324 533
325 327
325 328
326 327
326 328
326 329
326 330
326 332
326 333
326 335
326 336
326 385
326 386
326 388
326 389
326 390
326 391
326 392
326 394
326 396
326 411
326 425
326 445
326 516
326 519
326 530
326 533
327 328
327 329
327 330
327 332
327 333
327 335
327 388
327 389
327 390
327 391
327 392
327 394
327 411
327 445
327 530
328 329
328 330
328 332
328 335
328 445
329 330
329 331
329 332
329 333
329 335
329 388
329 389
329 390
329 394
329 417
329 445
329 516
329 529
329 530
330 332
330 333
330 335
332 333
332 335
332 336
332 385
332 386
332 388
332 389
332 391
332 392
332 394
332 397
332 411
332 417
332 445
332 529
332 530
332 533
332 534
332 579
332 584
333 334
333 335
333 336
333 388
333 389
333 390
333 391
333 392
333 394
333 395
333 396
333 397
333 398
333 408
333 411
333 445
333 530
333 533
334 335
335 336
335 385
335 386
335 388
335 389
335 390
335 391
335 392
335 394
335 395
335 396
335 397
335 398
335 400
335 411
335 417
335 425
335 445
335 530
335 533
336 386
336 389
336 390
336 391
336 392
336 394
336 398
336 411
336 425
336 530
337 338
337 340
337 344
337 375
337 385
337 386
337 390
337 393
337 394
337 395
337 396
337 403
337 404
337 405
337 406
337 407
337 409
337 410
337 411
337 423
337 446
337 491
338 339
338 340
338 341
338 342
338 343
338 346
338 347
338 349
338 375
338 381
338 405
339 342
339 343
339 346
339 347
339 349
339 381
340 341
340 342
340 344
340 347
340 367
340 375
340 381
340 405
340 407
340 409
340 428
340 446
340 491
340 495
341 342
341 345
341 349
341 367
341 370
341 375
341 446
342 343
342 346
342 347
342 349
342 381
343 346
343 347
343 349
343 381
344 393
344 394
344 396
344 405
344 407
344 409
344 410
344 416
344 417
344 425
344 495
345 354
345 359
345 362
345 363
345 372
345 421
345 429
345 444
345 447
346 347
346 349
347 349
347 381
348 350
348 357
348 395
348 398
348 400
348 410
348 411
348 413
350 357
350 385
350 393
350 395
350 396
350 398
350 400
350 401
350 409
350 410
350 411
350 413
350 416
350 417
350 418
351 352
351 358
351 360
351 361
351 421
351 440
351 447
352 358
352 360
352 361
353 354
353 359
354 355
354 356
354 359
354 363
355 356
355 591
355 593
356 358
356 362
357 396
357 409
357 410
357 413
357 416
357 417
358 361
358 362
358 363
359 361
359 363
359 369
359 372
360 361
361 363
361 440
362 363
364 429
364 484
365 368
365 370
365 371
365 372
365 373
365 421
365 426
365 430
365 439
365 441
365 450
365 596
365 599
365 600
367 369
367 373
367 375
367 403
367 428
367 431
367 450
367 543
368 370
368 372
368 599
369 370
369 414
369 430
370 372
370 375
371 372
371 375
371 421
371 430
372 375
372 421
372 434
372 599
373 376
373 423
373 424
373 428
373 441
373 450
373 458
373 510
373 544
373 599
373 600
374 377
374 436
375 376
375 381
375 403
375 405
375 407
375 409
375 421
375 428
375 430
375 434
375 446
375 491
376 435
376 599
377 380
377 436
378 432
379 525
381 405
383 384
384 385
384 388
384 389
384 390
384 391
384 392
384 393
384 394
384 395
384 396
384 397
384 398
384 400
384 408
384 410
384 411
384 530
384 533
385 386
385 388
385 389
385 390
385 391
385 392
385 393
385 394
385 395
385 396
385 397
385 398
385 399
385 400
385 406
385 407
385 408
385 410
385 411
385 417
385 445
385 530
385 533
386 388
386 389
386 390
386 391
386 392
386 395
386 396
386 397
386 398
386 411
386 445
386 530
386 533
387 402
387 485
387 507
387 517
387 518
387 520
387 521
387 527
387 531
387 538
387 539
387 540
387 541
387 542
387 552
387 554
387 555
387 556
387 558
387 560
387 561
387 565
387 567
387 569
387 570
387 572
387 573
387 581
387 594
387 595
387 596
387 597
388 389
388 390
388 391
388 392
388 393
388 394
388 395
388 396
388 397
388 398
388 400
388 411
388 445
388 487
388 530
388 533
388 579
388 586
389 390
389 391
389 392
389 393
389 394
389 395
389 396
389 397
389 398
389 399
389 400
389 408
389 411
389 417
389 445
389 530
389 533
389 579
389 586
390 391
390 392
390 393
390 394
390 395
390 396
390 397
390 398
390 400
390 408
390 410
390 411
390 417
390 445
390 530
390 533
391 392
391 393
391 394
391 395
391 396
391 397
391 398
391 400
391 411
391 530
391 533
392 393
392 394
392 395
392 396
392 397
392 398
392 408
392 411
392 530
392 533
393 394
393 395
393 396
393 397
393 398
393 399
393 400
393 401
393 406
393 408
393 409
393 410
393 411
393 413
393 416
393 417
393 530
393 533
394 395
394 396
394 397
394 398
394 400
394 408
394 410
394 411
394 417
394 425
394 530
394 533
395 396
395 397
395 398
395 399
395 400
395 401
395 406
395 408
395 410
395 411
395 412
395 413
395 417
395 445
395 530
395 533
396 397
396 398
396 400
396 409
396 410
396 411
396 416
396 417
396 425
396 530
396 533
397 398
397 399
397 400
397 408
397 411
397 412
397 417
397 445
397 530
397 533
397 534
397 579
398 399
398 400
398 401
398 410
398 411
398 413
398 417
398 445
398 530
398 533
399 401
399 411
399 412
399 443
399 445
399 529
399 530
399 532
399 533
399 534
399 546
399 579
399 580
399 584
400 401
400 410
400 411
400 412
400 413
400 530
401 406
401 412
401 413
401 418
401 443
401 447
402 540
402 580
402 581
403 404
403 405
403 406
403 407
403 409
403 410
403 421
403 422
403 423
403 424
403 426
403 428
403 430
403 491
404 406
404 407
404 421
404 422
404 423
404 424
404 426
404 428
404 447
404 491
405 406
405 407
405 409
405 410
405 425
406 407
406 409
406 410
406 421
406 422
406 423
406 491
407 409
407 410
407 421
407 422
407 423
407 428
407 491
408 491
408 492
408 504
408 533
409 410
409 416
409 417
409 425
409 446
410 411
410 416
410 417
410 425
411 413
411 417
411 425
411 445
411 530
411 533
412 413
412 418
412 423
412 438
412 443
412 445
412 447
412 534
413 416
413 417
413 418
414 440
415 420
415 519
416 417
416 425
416 495
417 425
417 445
417 495
417 533
418 440
418 447
419 489
419 504
419 505
420 434
420 441
420 599
421 422
421 423
421 426
421 428
421 430
421 447
421 450
421 599
422 423
422 424
422 426
422 428
422 430
422 491
423 424
423 426
423 428
423 430
423 444
423 447
423 450
423 491
423 600
424 426
424 428
424 450
424 459
424 510
424 543
424 600
426 430
426 432
426 435
426 600
428 430
428 431
428 437
428 448
428 449
428 450
428 455
428 456
428 458
428 491
428 543
429 484
431 449
431 543
432 434
432 437
432 449
432 451
432 455
432 458
432 461
432 590
434 437
434 458
434 590
437 442
437 448
437 449
437 451
437 455
437 458
437 510
437 544
437 590
438 529
439 462
439 538
439 552
439 555
439 560
439 561
441 597
441 599
441 600
442 448
442 452
442 454
442 455
442 466
442 515
442 590
443 529
443 546
443 547
443 549
443 555
443 580
443 583
443 584
444 445
445 529
445 530
445 533
445 534
445 579
445 586
448 455
448 590
449 450
449 451
449 453
449 455
449 458
449 510
449 543
449 544
449 600
450 458
450 510
450 544
450 596
450 599
450 600
451 453
451 458
451 462
451 464
451 490
451 501
451 510
451 544
451 545
451 558
451 561
452 453
452 454
452 464
452 490
452 512
452 543
453 454
453 458
453 464
453 468
453 490
453 501
453 510
453 512
453 514
453 544
453 545
454 490
454 497
455 458
455 497
455 543
455 575
455 590
457 568
457 577
457 578
457 589
458 459
458 466
458 468
458 510
458 544
458 574
458 590
458 592
458 596
458 600
460 494
460 496
460 503
460 504
460 511
460 513
460 517
460 527
460 540
460 542
460 550
460 551
460 552
460 555
460 556
461 578
462 552
462 555
462 558
462 561
463 464
463 465
463 485
463 493
463 512
463 513
463 514
463 518
463 520
463 521
463 522
463 541
463 561
463 565
463 570
463 571
463 573
463 574
463 577
463 592
463 594
463 595
464 557
465 483
465 485
465 493
465 494
465 498
465 507
465 509
465 511
465 512
465 513
465 514
465 515
465 520
465 522
465 524
465 525
465 526
465 527
465 528
465 565
465 571
465 595
466 468
467 489
467 493
467 498
467 511
467 515
467 520
467 521
467 532
467 542
467 580
467 581
468 490
468 510
468 512
468 514
468 520
468 526
468 541
468 590
468 597
470 472
471 473
471 474
471 479
471 523
471 525
472 473
472 476
472 500
473 474
473 476
473 479
473 485
473 500
473 522
473 523
473 565
473 567
473 576
474 476
474 500
474 522
474 523
474 525
474 527
475 478
476 480
476 485
476 500
476 522
476 565
476 571
478 560
479 509
479 523
479 524
479 525
480 483
480 565
480 566
480 567
482 494
483 485
483 493
483 509
483 511
483 512
483 513
483 520
483 524
483 528
483 540
483 541
483 542
483 565
483 567
483 571
483 577
483 594
483 595
483 598
485 493
485 494
485 498
485 507
485 509
485 511
485 512
485 513
485 514
485 518
485 520
485 521
485 522
485 524
485 525
485 527
485 528
485 540
485 541
485 542
485 565
485 567
485 570
485 571
485 594
485 595
486 488
487 530
487 586
488 589
489 493
489 494
489 496
489 498
489 509
489 511
489 515
489 520
489 525
489 532
489 542
489 581
490 492
490 501
490 510
490 512
490 514
490 541
490 544
490 545
491 492
492 501
492 504
492 514
493 494
493 496
493 498
493 503
493 507
493 509
493 511
493 512
493 513
493 514
493 515
493 518
493 520
493 521
493 525
493 527
493 528
493 540
493 541
493 542
493 565
493 571
493 581
493 595
494 496
494 498
494 503
494 509
494 511
494 512
494 513
494 514
494 515
494 520
494 521
494 524
494 525
494 527
494 540
494 541
494 542
494 551
494 555
494 565
496 504
496 517
496 527
496 532
496 540
496 542
496 549
496 551
496 553
496 555
497 514
498 509
498 511
498 512
498 513
498 514
498 515
498 520
498 521
498 525
498 527
498 528
498 542
500 503
500 522
501 546
502 503
502 505
503 504
503 505
503 509
503 511
503 513
503 517
503 527
503 540
503 542
503 551
503 565
505 516
505 517
505 550
507 508
507 509
507 511
507 512
507 513
507 514
507 518
507 520
507 521
507 527
507 528
507 540
507 541
507 542
507 565
507 571
507 595
508 520
508 541
508 542
508 594
509 511
509 512
509 513
509 515
509 520
509 524
509 525
509 527
509 528
509 540
509 541
509 542
509 565
509 567
509 595
510 518
510 539
510 541
510 544
510 545
510 558
510 561
510 574
510 596
510 597
510 600
511 512
511 513
511 515
511 517
511 520
511 521
511 525
511 528
511 540
511 542
511 551
511 555
511 581
512 513
512 514
512 518
512 520
512 521
512 522
512 526
512 527
512 528
512 539
512 541
512 561
512 565
512 570
512 571
512 573
512 574
512 576
512 577
512 592
512 595
512 597
512 598
513 514
513 518
513 520
513 521
513 522
513 525
513 527
513 528
513 540
513 541
513 542
513 551
513 565
513 571
513 595
514 518
514 520
514 521
514 522
514 525
514 526
514 527
514 541
514 542
514 565
514 571
514 595
514 597
515 532
515 542
516 517
516 529
516 550
517 518
517 520
517 521
517 527
517 528
517 531
517 538
517 540
517 541
517 542
517 548
517 549
517 550
517 551
517 552
517 553
517 554
517 555
517 556
517 560
517 594
517 595
518 520
518 521
518 527
518 528
518 538
518 539
518 540
518 541
518 542
518 555
518 561
518 565
518 566
518 569
518 570
518 571
518 572
518 573
518 574
518 592
518 594
518 595
518 596
518 597
518 598
520 521
520 522
520 525
520 527
520 528
520 539
520 540
520 541
520 542
520 565
520 570
520 571
520 577
520 594
520 595
520 597
521 527
521 528
521 538
521 539
521 540
521 541
521 542
521 549
521 550
521 551
521 552
521 553
521 554
521 555
521 556
521 558
521 560
521 561
521 581
521 594
521 595
522 526
522 527
522 528
522 565
522 566
522 567
522 569
522 570
522 571
522 572
522 573
522 574
522 576
522 577
522 592
522 594
522 595
523 525
524 525
525 527
525 540
525 542
526 571
526 575
526 576
527 528
527 540
527 541
527 542
527 565
527 571
527 595
528 539
528 565
528 570
528 571
528 573
528 576
528 577
528 594
528 595
529 531
529 532
529 533
529 534
529 536
529 547
529 549
529 550
529 553
529 554
529 579
529 583
529 584
530 533
531 534
531 538
531 539
531 549
531 550
531 553
531 554
531 555
531 558
531 579
531 584
531 600
532 533
532 534
532 540
532 542
532 549
532 553
532 554
532 555
532 581
532 584
533 534
533 553
533 579
533 584
534 545
534 549
534 553
534 579
534 580
534 584
535 536
535 548
535 549
535 550
535 553
536 537
536 548
536 549
536 550
537 550
538 548
538 549
538 550
538 554
538 556
538 560
538 566
538 567
538 568
538 572
538 588
538 594
539 541
539 562
539 566
539 569
539 570
539 571
539 572
539 573
539 574
539 592
539 594
539 595
539 596
539 597
539 600
540 541
540 542
540 547
540 548
540 549
540 550
540 551
540 552
540 553
540 554
540 555
540 556
540 560
540 561
540 565
540 567
540 581
540 583
540 595
541 542
541 554
541 555
541 561
541 562
541 565
541 567
541 570
541 571
541 573
541 574
541 592
541 594
541 595
541 596
541 597
542 548
542 549
542 550
542 551
542 552
542 553
542 554
542 555
542 556
542 565
542 567
542 581
542 595
543 544
544 545
544 600
545 558
545 600
546 547
546 549
546 552
546 553
546 555
546 582
546 583
546 584
547 548
547 549
547 551
547 553
547 554
547 555
547 556
547 582
547 583
547 584
548 549
548 550
548 551
548 552
548 553
548 554
548 555
548 556
548 560
548 583
549 550
549 551
549 552
549 553
549 554
549 555
549 556
549 581
549 583
549 584
550 551
550 552
550 553
550 554
550 555
550 556
550 558
550 560
550 583
551 552
551 553
551 554
551 555
551 556
551 581
552 553
552 554
552 555
552 556
552 558
552 560
552 561
552 594
553 554
553 555
553 583
553 584
554 555
554 560
554 567
554 581
554 583
554 584
555 556
555 558
555 561
555 581
555 584
556 558
556 560
556 561
556 583
558 560
558 561
558 572
559 573
560 561
560 567
560 572
560 573
560 594
560 595
561 570
561 572
561 573
561 594
561 595
561 596
564 565
564 571
565 566
565 567
565 569
565 570
565 571
565 573
565 577
565 592
565 594
565 595
565 598
566 567
566 569
566 570
566 572
566 573
566 574
566 592
566 594
566 596
566 597
566 598
567 570
567 577
567 594
567 595
568 588
569 570
569 571
569 572
569 573
569 574
569 592
569 594
569 595
569 596
569 597
569 598
570 571
570 572
570 573
570 574
570 576
570 592
570 594
570 595
570 596
570 597
570 598
571 572
571 573
571 574
571 576
571 577
571 592
571 594
571 595
571 597
571 598
572 573
572 574
572 592
572 594
572 595
572 596
572 597
572 598
572 600
573 574
573 592
573 594
573 595
573 596
573 597
573 598
574 576
574 578
574 592
574 594
574 595
574 596
574 597
574 598
574 600
575 576
575 596
576 577
576 592
576 596
577 592
577 594
577 595
578 592
579 580
579 583
579 584
579 586
580 581
581 584
583 584
592 594
592 595
592 596
592 597
592 598
594 595
594 596
594 597
594 598
595 596
595 597
596 597
596 598
596 600
597 598
597 600
599 600
