600 8985

1 4
1 20
1 25
1 41
1 59
1 98
1 285
1 286
1 287
1 291
1 343
1 382
1 391
1 530
1 549
1 583
1 584
1 586
2 3
2 5
2 8
2 11
2 12
2 20
2 39
2 41
2 42
2 45
2 47
2 51
2 56
2 59
2 60
2 62
2 66
2 67
2 88
2 89
2 93
2 94
2 97
2 98
2 99
2 112
2 116
2 117
2 118
2 258
2 301
2 302
2 303
2 304
2 311
2 323
2 325
2 327
2 332
2 335
2 337
2 344
2 345
2 346
2 351
2 352
2 353
2 363
2 384
2 385
2 386
2 387
2 405
2 407
2 410
2 487
2 538
2 579
2 580
2 584
2 598
2 599
3 4
3 5
3 6
3 7
3 8
3 11
3 12
3 16
3 18
3 19
3 20
3 41
3 42
3 45
3 47
3 53
3 54
3 56
3 59
3 60
3 62
3 64
3 66
3 67
3 91
3 93
3 94
3 98
3 116
3 184
3 194
3 302
3 303
3 304
3 305
3 311
3 317
3 320
3 321
3 322
3 323
3 324
3 325
3 327
3 329
3 332
3 344
3 345
3 346
3 349
3 352
3 353
3 359
3 362
3 363
3 385
3 389
3 390
3 393
3 410
3 414
3 487
3 586
4 5
4 12
4 18
4 19
4 20
4 22
4 24
4 25
4 41
4 42
4 45
4 54
4 56
4 60
4 66
4 67
4 91
4 94
4 98
4 142
4 235
4 292
4 302
4 304
4 305
4 317
4 320
4 321
4 322
4 323
4 324
4 325
4 327
4 328
4 329
4 332
4 333
4 335
4 349
4 355
4 385
4 389
4 390
4 414
4 447
4 487
4 583
4 584
4 586
5 6
5 7
5 8
5 11
5 12
5 16
5 18
5 19
5 20
5 24
5 41
5 42
5 45
5 47
5 51
5 53
5 54
5 56
5 59
5 60
5 64
5 66
5 67
5 72
5 74
5 77
5 91
5 93
5 94
5 97
5 98
5 99
5 116
5 184
5 302
5 303
5 304
5 305
5 311
5 317
5 320
5 321
5 322
5 323
5 324
5 325
5 327
5 328
5 329
5 332
5 333
5 335
5 344
5 345
5 346
5 349
5 351
5 352
5 353
5 359
5 361
5 362
5 363
5 385
5 386
5 389
5 390
5 414
5 447
5 475
5 487
5 579
5 583
5 584
5 586
6 7
6 8
6 11
6 12
6 16
6 17
6 18
6 19
6 53
6 59
6 60
6 64
6 66
6 67
6 93
6 94
6 302
6 303
6 304
6 311
6 317
6 319
6 320
6 321
6 325
6 327
6 328
6 329
6 344
6 346
6 352
6 353
6 355
6 358
6 359
6 362
6 363
6 389
6 414
6 487
7 10
7 12
7 16
7 19
7 42
7 45
7 60
7 93
7 303
7 304
7 315
7 317
7 319
7 321
7 324
7 344
7 359
7 388
7 389
7 414
8 11
8 12
8 16
8 18
8 19
8 54
8 59
8 60
8 61
8 62
8 64
8 65
8 66
8 67
8 91
8 93
8 94
8 98
8 110
8 184
8 280
8 302
8 303
8 304
8 311
8 317
8 320
8 325
8 327
8 346
8 348
8 349
8 352
8 353
8 354
8 358
8 362
8 363
8 385
8 389
8 390
8 414
8 416
8 487
9 13
9 15
9 110
9 175
9 177
9 179
9 180
9 193
9 218
9 280
9 289
9 314
9 315
9 316
9 480
10 14
10 29
10 308
10 318
10 326
11 12
11 18
11 20
11 47
11 51
11 53
11 55
11 59
11 60
11 62
11 66
11 67
11 74
11 89
11 93
11 94
11 97
11 98
11 112
11 116
11 302
11 303
11 305
11 311
11 320
11 321
11 323
11 325
11 327
11 328
11 332
11 344
11 345
11 346
11 350
11 352
11 353
11 363
11 384
11 385
11 386
11 387
11 389
11 402
11 407
11 410
11 487
11 579
11 580
11 584
11 599
12 16
12 18
12 19
12 20
12 41
12 54
12 56
12 59
12 60
12 66
12 67
12 93
12 94
12 98
12 302
12 303
12 304
12 305
12 311
12 315
12 317
12 320
12 321
12 322
12 323
12 324
12 325
12 327
12 332
12 353
12 363
12 385
12 388
12 389
12 390
12 414
12 416
12 487
13 15
13 17
13 175
13 177
13 218
13 289
13 312
13 315
13 316
13 318
13 319
13 355
13 388
13 459
14 16
14 17
14 19
14 27
14 29
14 30
14 312
14 318
14 319
14 326
14 329
14 331
14 355
14 437
15 175
15 179
15 217
15 218
15 251
15 280
15 314
15 315
15 316
15 480
15 559
15 562
16 19
16 50
16 54
16 56
16 60
16 235
16 302
16 303
16 304
16 311
16 315
16 317
16 318
16 319
16 321
16 329
16 349
16 359
16 388
16 389
16 390
16 414
17 19
17 27
17 29
17 30
17 50
17 58
17 142
17 235
17 312
17 318
17 319
17 320
17 326
17 329
17 331
17 355
18 20
18 42
18 45
18 47
18 53
18 54
18 55
18 60
18 66
18 67
18 94
18 98
18 116
18 142
18 184
18 302
18 305
18 311
18 317
18 320
18 321
18 322
18 323
18 324
18 325
18 327
18 329
18 332
18 333
18 385
18 386
18 389
18 390
18 487
18 580
19 20
19 21
19 27
19 29
19 30
19 50
19 54
19 56
19 58
19 60
19 93
19 142
19 235
19 302
19 303
19 304
19 311
19 312
19 315
19 317
19 318
19 319
19 320
19 321
19 322
19 324
19 326
19 329
19 349
19 355
19 359
19 388
19 389
19 390
19 395
19 414
19 583
20 21
20 22
20 24
20 25
20 41
20 42
20 45
20 46
20 47
20 48
20 56
20 59
20 60
20 66
20 98
20 116
20 286
20 287
20 302
20 303
20 305
20 317
20 320
20 321
20 322
20 323
20 324
20 327
20 332
20 385
20 386
20 387
20 389
20 390
20 391
20 414
20 579
20 584
21 22
21 30
21 48
21 52
21 100
21 101
21 103
21 119
21 120
21 124
21 145
21 221
21 223
21 224
21 225
21 235
21 321
21 389
21 390
21 391
21 395
21 401
21 413
21 415
21 417
21 534
22 23
22 24
22 25
22 28
22 32
22 33
22 35
22 38
22 98
22 286
22 287
22 302
22 305
22 320
22 321
22 322
22 323
22 332
22 333
22 335
22 385
22 530
22 584
23 24
23 25
23 26
23 28
23 31
23 33
23 35
23 36
23 37
23 38
23 287
23 335
24 35
24 42
24 45
24 47
24 56
24 60
24 76
24 98
24 116
24 117
24 294
24 297
24 302
24 305
24 321
24 322
24 323
24 324
24 325
24 327
24 332
24 333
24 335
24 386
24 425
25 28
25 38
25 55
25 59
25 60
25 63
25 96
25 97
25 98
25 99
25 287
25 305
25 320
25 322
25 323
25 325
25 327
25 328
25 332
25 333
25 335
25 385
25 386
25 387
25 402
25 487
25 579
25 580
25 583
25 584
26 28
26 38
26 583
27 29
27 30
27 32
27 50
27 58
27 142
27 149
27 312
27 318
27 319
27 320
27 326
27 328
27 329
27 331
27 354
27 355
27 443
28 31
28 33
28 35
28 36
28 37
28 38
28 98
28 221
28 286
28 287
29 30
29 32
29 312
29 318
29 319
29 326
29 329
29 331
30 32
30 312
30 319
30 326
30 329
30 331
30 443
31 33
31 36
31 37
31 38
31 330
32 33
32 35
32 146
32 149
32 320
32 329
32 331
32 333
32 443
33 34
33 35
33 36
33 37
33 38
33 221
33 286
33 287
33 333
33 335
33 584
34 36
34 38
34 335
35 36
35 37
35 38
35 286
35 287
35 320
35 331
35 332
35 333
35 334
35 335
36 37
36 38
36 221
36 287
36 333
36 335
36 336
37 38
37 100
37 221
37 287
38 221
38 286
38 287
38 333
38 335
38 336
38 530
38 584
39 41
39 44
39 45
39 46
39 47
39 51
39 59
39 67
39 69
39 71
39 72
39 73
39 74
39 75
39 76
39 77
39 78
39 79
39 82
39 83
39 85
39 86
39 88
39 89
39 97
39 99
39 112
39 113
39 115
39 116
39 117
39 118
39 129
39 130
39 236
39 258
39 285
39 295
39 296
39 297
39 298
39 300
39 301
39 332
39 337
39 338
39 341
39 342
39 345
39 347
39 351
39 352
39 364
39 365
39 367
39 370
39 371
39 372
39 373
39 375
39 376
39 377
39 378
39 379
39 380
39 381
39 386
39 387
39 403
39 404
39 405
39 406
39 407
39 420
39 421
39 422
39 425
39 434
39 444
39 447
39 502
39 538
39 539
39 547
39 557
39 579
39 584
39 588
39 591
39 592
39 593
39 594
39 596
39 598
39 599
39 600
40 44
40 51
40 54
40 59
40 60
40 61
40 66
40 67
40 71
40 72
40 74
40 77
40 78
40 82
40 89
40 142
40 201
40 300
40 305
40 345
40 346
40 347
40 349
40 351
40 353
40 354
40 358
40 362
40 363
40 367
40 368
40 369
40 371
40 372
40 377
40 382
40 429
40 439
40 440
40 445
40 447
40 450
40 458
40 510
40 595
40 597
40 599
41 42
41 45
41 46
41 47
41 48
41 51
41 54
41 56
41 59
41 60
41 66
41 67
41 89
41 91
41 97
41 302
41 305
41 317
41 322
41 323
41 325
41 327
41 332
41 338
41 343
41 345
41 346
41 347
41 349
41 351
41 353
41 354
41 358
41 362
41 363
41 382
41 385
41 386
41 414
41 447
41 547
41 549
41 579
41 584
41 586
42 45
42 46
42 47
42 48
42 53
42 54
42 56
42 59
42 60
42 66
42 67
42 74
42 97
42 98
42 99
42 116
42 117
42 259
42 302
42 303
42 304
42 305
42 321
42 322
42 323
42 324
42 325
42 327
42 332
42 340
42 344
42 345
42 351
42 414
42 447
42 487
42 579
42 584
42 586
43 48
43 50
43 58
43 59
43 61
43 63
43 64
43 96
43 100
43 101
43 121
43 122
43 144
43 145
43 146
43 147
43 339
43 348
43 411
43 413
43 415
43 439
43 443
43 445
43 448
43 490
43 531
44 51
44 59
44 60
44 61
44 63
44 67
44 68
44 71
44 72
44 73
44 74
44 75
44 76
44 77
44 78
44 79
44 81
44 82
44 83
44 85
44 86
44 89
44 96
44 97
44 98
44 113
44 129
44 130
44 144
44 146
44 149
44 201
44 285
44 295
44 297
44 298
44 300
44 337
44 338
44 341
44 345
44 347
44 349
44 351
44 353
44 354
44 358
44 362
44 363
44 364
44 365
44 367
44 368
44 369
44 371
44 372
44 373
44 375
44 377
44 380
44 381
44 382
44 405
44 421
44 422
44 429
44 434
44 440
44 443
44 444
44 445
44 447
44 450
44 510
44 539
44 594
44 595
44 596
44 597
44 598
44 599
44 600
45 46
45 47
45 48
45 51
45 54
45 56
45 59
45 60
45 66
45 67
45 74
45 97
45 98
45 99
45 116
45 117
45 262
45 286
45 302
45 303
45 304
45 305
45 310
45 324
45 325
45 327
45 340
45 344
45 345
45 351
45 352
45 362
45 363
45 414
45 447
45 487
45 547
45 579
45 584
45 586
46 47
46 48
46 54
46 62
46 89
46 96
46 97
46 99
46 116
46 117
46 118
46 236
46 258
46 282
46 296
46 298
46 345
46 351
46 547
46 579
47 48
47 51
47 53
47 54
47 55
47 56
47 59
47 60
47 62
47 66
47 67
47 74
47 76
47 77
47 78
47 82
47 97
47 98
47 99
47 112
47 115
47 116
47 117
47 118
47 129
47 236
47 262
47 294
47 297
47 298
47 299
47 300
47 302
47 303
47 304
47 305
47 322
47 323
47 324
47 325
47 327
47 332
47 340
47 344
47 345
47 351
47 352
47 353
47 363
47 386
47 387
47 447
47 487
47 538
47 547
47 579
47 584
47 586
47 588
47 599
48 50
48 53
48 54
48 55
48 58
48 59
48 60
48 61
48 64
48 66
48 67
48 116
48 317
48 389
48 390
48 414
48 415
49 52
49 57
49 120
49 121
49 145
49 151
49 152
49 350
49 418
49 446
49 448
49 497
50 53
50 54
50 55
50 56
50 58
50 59
50 60
50 61
50 64
50 66
50 67
50 120
50 121
50 142
50 143
50 145
50 146
50 175
50 235
50 317
50 319
50 320
50 324
50 329
50 348
50 349
50 353
50 354
50 355
50 359
50 361
50 362
50 363
50 389
50 413
50 414
50 439
50 445
50 447
51 53
51 54
51 55
51 56
51 59
51 60
51 61
51 62
51 63
51 64
51 66
51 67
51 69
51 70
51 71
51 72
51 73
51 74
51 75
51 76
51 77
51 78
51 79
51 82
51 83
51 88
51 89
51 91
51 96
51 97
51 98
51 99
51 113
51 115
51 116
51 127
51 128
51 129
51 130
51 201
51 258
51 295
51 297
51 298
51 299
51 300
51 305
51 332
51 337
51 338
51 340
51 341
51 342
51 343
51 344
51 345
51 346
51 347
51 349
51 351
51 352
51 353
51 354
51 358
51 359
51 362
51 363
51 364
51 365
51 367
51 368
51 369
51 371
51 372
51 373
51 375
51 376
51 377
51 378
51 381
51 382
51 386
51 387
51 402
51 403
51 405
51 420
51 421
51 422
51 434
51 447
51 450
51 487
51 538
51 539
51 556
51 579
51 584
51 588
51 592
51 594
51 595
51 596
51 597
51 598
51 599
51 600
52 57
52 64
52 65
52 95
52 101
52 107
52 110
52 111
52 119
52 120
52 121
52 122
52 123
52 124
52 125
52 145
52 147
52 150
52 223
52 224
52 225
52 245
52 350
52 357
52 389
52 395
52 396
52 398
52 400
52 401
52 412
52 413
52 415
52 416
52 417
52 418
52 437
52 446
52 448
52 497
52 531
52 534
53 54
53 55
53 56
53 58
53 59
53 60
53 61
53 62
53 64
53 66
53 67
53 74
53 98
53 116
53 128
53 142
53 184
53 279
53 302
53 304
53 305
53 320
53 321
53 322
53 323
53 324
53 325
53 327
53 328
53 329
53 332
53 340
53 344
53 348
53 351
53 352
53 353
53 389
53 410
53 414
53 487
54 56
54 58
54 59
54 60
54 61
54 64
54 66
54 67
54 74
54 91
54 116
54 142
54 299
54 302
54 304
54 305
54 317
54 322
54 324
54 325
54 344
54 345
54 346
54 349
54 351
54 352
54 353
54 354
54 355
54 358
54 359
54 362
54 363
54 369
54 382
54 389
54 390
54 414
54 447
54 487
54 499
54 583
54 586
55 58
55 59
55 60
55 62
55 63
55 64
55 67
55 96
55 97
55 98
55 107
55 111
55 112
55 114
55 116
55 117
55 118
55 121
55 128
55 129
55 131
55 147
55 191
55 327
55 328
55 332
55 340
55 344
55 348
55 350
55 352
55 386
55 396
55 402
55 407
55 410
55 423
55 450
55 451
55 491
55 579
55 580
56 59
56 60
56 64
56 66
56 67
56 72
56 74
56 76
56 98
56 99
56 116
56 297
56 299
56 302
56 303
56 304
56 305
56 317
56 320
56 321
56 322
56 323
56 324
56 325
56 327
56 332
56 333
56 344
56 345
56 346
56 349
56 351
56 353
56 359
56 361
56 362
56 363
56 369
56 385
56 389
56 390
56 414
56 425
56 447
56 487
56 583
56 584
56 586
56 597
57 65
57 110
57 111
57 121
57 122
57 123
57 124
57 125
57 147
57 150
57 350
57 357
57 401
57 416
57 417
57 418
57 446
57 448
57 467
57 531
57 534
57 580
58 59
58 60
58 61
58 64
58 95
58 101
58 119
58 120
58 121
58 142
58 145
58 146
58 147
58 225
58 320
58 329
58 348
58 354
58 355
58 412
58 413
58 414
58 443
58 445
58 534
59 60
59 61
59 62
59 63
59 64
59 65
59 66
59 67
59 71
59 72
59 74
59 89
59 91
59 96
59 97
59 98
59 99
59 116
59 121
59 129
59 147
59 150
59 258
59 295
59 298
59 299
59 300
59 303
59 317
59 320
59 323
59 327
59 328
59 332
59 333
59 340
59 343
59 344
59 345
59 346
59 347
59 348
59 349
59 351
59 352
59 353
59 354
59 358
59 359
59 361
59 362
59 363
59 367
59 369
59 382
59 385
59 386
59 387
59 389
59 402
59 414
59 445
59 447
59 451
59 487
59 505
59 529
59 579
59 580
59 583
59 584
59 595
59 597
59 598
59 599
60 61
60 62
60 64
60 66
60 67
60 71
60 72
60 74
60 76
60 77
60 89
60 91
60 94
60 97
60 98
60 99
60 116
60 117
60 142
60 184
60 297
60 299
60 300
60 302
60 303
60 304
60 305
60 311
60 317
60 320
60 321
60 322
60 323
60 324
60 325
60 327
60 328
60 329
60 332
60 333
60 340
60 343
60 344
60 345
60 346
60 347
60 348
60 349
60 351
60 352
60 353
60 354
60 355
60 358
60 359
60 361
60 362
60 363
60 369
60 372
60 382
60 385
60 386
60 387
60 389
60 414
60 445
60 447
60 451
60 487
60 505
60 579
60 583
60 584
60 586
60 595
60 597
60 599
61 62
61 64
61 66
61 67
61 74
61 89
61 91
61 121
61 142
61 145
61 329
61 341
61 345
61 346
61 348
61 349
61 351
61 353
61 354
61 355
61 356
61 358
61 359
61 362
61 363
61 369
61 382
61 413
61 414
61 445
61 447
62 63
62 64
62 66
62 67
62 74
62 89
62 96
62 97
62 98
62 99
62 112
62 114
62 115
62 116
62 118
62 128
62 129
62 194
62 258
62 295
62 298
62 299
62 340
62 344
62 345
62 348
62 351
62 352
62 353
62 358
62 359
62 362
62 363
62 367
62 386
62 387
62 407
62 410
62 414
62 450
62 579
62 580
62 598
63 64
63 71
63 86
63 89
63 96
63 97
63 121
63 129
63 137
63 147
63 149
63 295
63 298
63 341
63 351
63 358
63 367
63 386
63 387
63 402
63 423
63 424
63 434
63 440
63 445
63 446
63 450
63 451
63 539
63 579
63 593
63 594
63 595
63 598
64 65
64 66
64 67
64 91
64 96
64 120
64 121
64 128
64 142
64 145
64 147
64 320
64 328
64 329
64 344
64 348
64 351
64 352
64 353
64 354
64 355
64 357
64 358
64 359
64 361
64 362
64 363
64 413
64 414
64 445
64 448
64 531
64 595
65 96
65 121
65 123
65 124
65 125
65 150
65 247
65 295
65 350
65 354
65 356
65 357
65 358
65 402
65 416
65 418
65 446
65 448
65 485
65 580
65 595
66 67
66 74
66 77
66 89
66 91
66 94
66 97
66 98
66 99
66 116
66 142
66 200
66 299
66 302
66 303
66 304
66 305
66 311
66 317
66 320
66 322
66 323
66 324
66 325
66 327
66 328
66 329
66 332
66 333
66 344
66 345
66 346
66 348
66 349
66 351
66 352
66 353
66 354
66 358
66 359
66 361
66 362
66 363
66 369
66 385
66 386
66 387
66 414
66 447
66 487
66 579
66 584
66 586
66 597
67 71
67 72
67 74
67 77
67 89
67 91
67 94
67 96
67 97
67 98
67 99
67 299
67 302
67 303
67 304
67 305
67 311
67 317
67 320
67 323
67 324
67 325
67 327
67 328
67 332
67 333
67 344
67 345
67 346
67 347
67 348
67 349
67 351
67 352
67 353
67 354
67 358
67 359
67 361
67 362
67 363
67 369
67 385
67 386
67 387
67 414
67 447
67 487
67 579
67 583
67 584
67 586
67 595
67 599
68 69
68 70
68 71
68 72
68 73
68 75
68 76
68 77
68 78
68 79
68 82
68 83
68 86
68 127
68 129
68 140
68 161
68 297
68 300
68 301
68 337
68 338
68 360
68 364
68 365
68 367
68 369
68 370
68 371
68 372
68 373
68 375
68 376
68 377
68 380
68 381
68 403
68 404
68 405
68 406
68 419
68 421
68 422
68 423
68 424
68 425
68 434
68 488
68 491
68 502
68 504
68 539
68 588
68 593
68 596
68 597
68 598
68 600
69 70
69 71
69 72
69 73
69 75
69 76
69 77
69 81
69 82
69 83
69 97
69 113
69 129
69 130
69 137
69 238
69 294
69 297
69 298
69 300
69 301
69 337
69 338
69 341
69 342
69 364
69 365
69 366
69 367
69 368
69 370
69 371
69 372
69 373
69 374
69 375
69 376
69 377
69 378
69 380
69 381
69 403
69 405
69 406
69 420
69 421
69 422
69 423
69 430
69 434
69 450
69 502
69 513
69 538
69 539
69 540
69 541
69 542
69 557
69 567
69 581
69 588
69 591
69 592
69 593
69 594
69 596
69 598
69 599
69 600
70 71
70 72
70 73
70 74
70 75
70 76
70 77
70 78
70 79
70 82
70 83
70 96
70 97
70 99
70 112
70 113
70 114
70 127
70 128
70 129
70 130
70 131
70 137
70 201
70 295
70 297
70 298
70 300
70 337
70 338
70 347
70 351
70 352
70 364
70 365
70 367
70 368
70 369
70 370
70 371
70 372
70 373
70 375
70 376
70 377
70 378
70 381
70 387
70 402
70 403
70 404
70 405
70 406
70 407
70 420
70 421
70 422
70 423
70 429
70 434
70 450
70 451
70 491
70 502
70 538
70 539
70 581
70 588
70 590
70 591
70 592
70 593
70 594
70 595
70 596
70 597
70 598
70 599
70 600
71 72
71 73
71 74
71 75
71 76
71 77
71 78
71 79
71 82
71 83
71 85
71 88
71 89
71 96
71 97
71 98
71 99
71 112
71 113
71 114
71 115
71 118
71 127
71 129
71 130
71 131
71 258
71 262
71 294
71 295
71 297
71 298
71 299
71 300
71 301
71 332
71 337
71 338
71 341
71 342
71 345
71 346
71 347
71 351
71 352
71 353
71 363
71 364
71 365
71 367
71 368
71 369
71 370
71 371
71 372
71 373
71 375
71 376
71 377
71 378
71 380
71 381
71 386
71 387
71 402
71 403
71 405
71 406
71 407
71 420
71 421
71 422
71 423
71 434
71 450
71 451
71 491
71 502
71 538
71 539
71 540
71 541
71 542
71 579
71 581
71 588
71 591
71 592
71 593
71 594
71 595
71 596
71 597
71 598
71 599
71 600
72 73
72 74
72 75
72 76
72 77
72 78
72 79
72 82
72 89
72 96
72 97
72 98
72 99
72 113
72 127
72 128
72 129
72 132
72 135
72 142
72 149
72 201
72 295
72 297
72 298
72 299
72 300
72 302
72 304
72 305
72 324
72 327
72 328
72 332
72 337
72 338
72 342
72 343
72 345
72 346
72 347
72 349
72 351
72 352
72 353
72 354
72 362
72 363
72 364
72 365
72 367
72 368
72 369
72 370
72 371
72 372
72 373
72 375
72 376
72 377
72 378
72 382
72 386
72 387
72 402
72 403
72 405
72 406
72 407
72 421
72 422
72 423
72 429
72 434
72 445
72 447
72 450
72 451
72 491
72 538
72 539
72 584
72 588
72 594
72 595
72 596
72 597
72 598
72 599
72 600
73 74
73 75
73 76
73 77
73 78
73 79
73 82
73 83
73 85
73 86
73 88
73 89
73 96
73 97
73 112
73 113
73 129
73 130
73 201
73 297
73 298
73 300
73 301
73 337
73 338
73 345
73 347
73 364
73 365
73 367
73 370
73 371
73 372
73 373
73 375
73 376
73 377
73 378
73 380
73 381
73 387
73 403
73 405
73 406
73 419
73 421
73 422
73 423
73 434
73 444
73 450
73 491
73 539
73 588
73 592
73 593
73 594
73 595
73 596
73 597
73 598
73 599
73 600
74 75
74 76
74 77
74 78
74 82
74 89
74 91
74 96
74 97
74 98
74 99
74 112
74 113
74 115
74 116
74 127
74 128
74 129
74 131
74 142
74 201
74 262
74 295
74 297
74 298
74 299
74 300
74 302
74 303
74 304
74 305
74 324
74 327
74 328
74 332
74 337
74 338
74 342
74 343
74 345
74 346
74 347
74 349
74 351
74 352
74 353
74 354
74 362
74 363
74 364
74 365
74 367
74 368
74 369
74 370
74 371
74 372
74 373
74 375
74 376
74 377
74 378
74 382
74 386
74 387
74 402
74 403
74 405
74 407
74 420
74 421
74 422
74 423
74 447
74 450
74 451
74 487
74 491
74 538
74 539
74 579
74 584
74 586
74 588
74 592
74 594
74 595
74 596
74 597
74 598
74 599
74 600
75 76
75 77
75 78
75 79
75 81
75 82
75 83
75 84
75 85
75 86
75 87
75 88
75 89
75 96
75 97
75 113
75 115
75 117
75 118
75 127
75 129
75 130
75 140
75 144
75 183
75 200
75 201
75 258
75 285
75 297
75 298
75 300
75 301
75 337
75 338
75 341
75 342
75 345
75 351
75 360
75 364
75 365
75 367
75 369
75 370
75 371
75 372
75 373
75 374
75 375
75 376
75 377
75 378
75 379
75 380
75 381
75 382
75 403
75 404
75 405
75 406
75 407
75 419
75 420
75 421
75 422
75 423
75 434
75 444
75 447
75 450
75 491
75 502
75 538
75 539
75 588
75 591
75 592
75 593
75 594
75 596
75 597
75 598
75 599
75 600
76 77
76 78
76 79
76 82
76 83
76 88
76 89
76 97
76 98
76 99
76 112
76 113
76 114
76 115
76 116
76 117
76 118
76 127
76 129
76 262
76 294
76 297
76 298
76 299
76 300
76 301
76 305
76 323
76 332
76 337
76 338
76 340
76 345
76 347
76 351
76 364
76 365
76 367
76 368
76 369
76 370
76 371
76 372
76 373
76 375
76 376
76 377
76 378
76 380
76 381
76 386
76 387
76 403
76 404
76 405
76 406
76 407
76 420
76 421
76 422
76 423
76 425
76 434
76 447
76 450
76 451
76 491
76 502
76 538
76 539
76 579
76 584
76 588
76 590
76 591
76 592
76 593
76 594
76 595
76 596
76 597
76 598
76 599
76 600
77 78
77 79
77 82
77 83
77 89
77 91
77 96
77 97
77 99
77 112
77 113
77 114
77 115
77 117
77 118
77 127
77 128
77 129
77 130
77 132
77 135
77 201
77 262
77 294
77 295
77 297
77 298
77 299
77 300
77 301
77 327
77 332
77 337
77 338
77 340
77 342
77 343
77 345
77 346
77 347
77 351
77 352
77 353
77 362
77 363
77 364
77 365
77 367
77 368
77 369
77 370
77 371
77 372
77 373
77 375
77 376
77 377
77 378
77 381
77 382
77 386
77 387
77 403
77 404
77 405
77 406
77 407
77 420
77 421
77 422
77 423
77 434
77 447
77 450
77 451
77 491
77 502
77 538
77 539
77 579
77 581
77 584
77 588
77 591
77 592
77 593
77 594
77 595
77 596
77 597
77 598
77 599
77 600
78 79
78 82
78 83
78 86
78 89
78 115
78 127
78 128
78 129
78 131
78 144
78 161
78 200
78 201
78 262
78 285
78 297
78 298
78 300
78 337
78 338
78 351
78 364
78 365
78 367
78 368
78 369
78 370
78 371
78 372
78 373
78 375
78 376
78 377
78 378
78 381
78 403
78 404
78 405
78 406
78 420
78 421
78 422
78 423
78 434
78 447
78 450
78 451
78 538
78 539
78 588
78 590
78 592
78 593
78 594
78 596
78 597
78 598
78 599
78 600
79 82
79 83
79 86
79 88
79 89
79 96
79 97
79 113
79 115
79 118
79 129
79 130
79 137
79 298
79 300
79 337
79 338
79 345
79 347
79 364
79 365
79 367
79 369
79 371
79 372
79 373
79 374
79 375
79 376
79 377
79 378
79 379
79 380
79 381
79 382
79 403
79 404
79 405
79 406
79 419
79 422
79 423
79 424
79 434
79 450
79 491
79 502
79 588
79 594
79 596
79 598
80 154
80 190
80 208
80 419
80 435
80 452
80 453
80 454
80 490
80 504
80 510
80 527
81 83
81 85
81 89
81 126
81 129
81 130
81 137
81 138
81 139
81 140
81 182
81 183
81 238
81 255
81 257
81 277
81 337
81 338
81 341
81 365
81 366
81 367
81 373
81 374
81 376
81 377
81 380
81 381
81 421
81 422
81 430
81 431
81 432
81 434
81 557
81 558
81 575
81 592
81 593
81 596
82 83
82 84
82 86
82 88
82 89
82 97
82 99
82 112
82 113
82 115
82 116
82 117
82 118
82 127
82 129
82 130
82 131
82 140
82 144
82 201
82 262
82 285
82 294
82 297
82 298
82 300
82 301
82 337
82 338
82 345
82 347
82 351
82 364
82 365
82 367
82 368
82 369
82 370
82 371
82 372
82 373
82 374
82 375
82 376
82 377
82 378
82 380
82 381
82 387
82 403
82 404
82 405
82 406
82 407
82 420
82 421
82 422
82 423
82 424
82 434
82 447
82 450
82 451
82 502
82 538
82 539
82 579
82 588
82 591
82 592
82 593
82 594
82 595
82 596
82 597
82 598
82 599
82 600
83 85
83 86
83 88
83 89
83 113
83 115
83 129
83 130
83 238
83 296
83 297
83 298
83 301
83 337
83 338
83 341
83 342
83 364
83 365
83 367
83 370
83 371
83 372
83 373
83 374
83 375
83 376
83 377
83 378
83 380
83 381
83 403
83 405
83 406
83 420
83 421
83 422
83 423
83 434
83 444
83 502
83 538
83 539
83 556
83 557
83 588
83 591
83 592
83 593
83 594
83 596
83 598
83 599
83 600
84 288
84 337
84 360
84 375
84 380
84 422
84 444
84 561
85 86
85 88
85 89
85 113
85 126
85 129
85 130
85 182
85 183
85 255
85 257
85 337
85 367
85 380
85 381
85 596
85 598
86 87
86 88
86 89
86 97
86 112
86 113
86 117
86 118
86 129
86 130
86 131
86 182
86 285
86 337
86 372
86 376
86 378
86 380
86 381
86 402
86 403
86 405
86 406
86 419
86 421
86 422
86 423
86 424
86 434
86 588
86 593
86 596
86 598
87 88
87 112
87 114
87 118
87 129
87 130
87 131
87 137
87 139
87 140
87 191
87 364
87 365
87 367
87 370
87 373
87 376
87 378
87 380
87 403
87 404
87 405
87 406
87 419
87 422
87 423
87 424
87 434
87 541
87 593
87 596
88 89
88 97
88 112
88 113
88 114
88 115
88 117
88 118
88 129
88 130
88 258
88 296
88 297
88 298
88 301
88 337
88 338
88 345
88 364
88 365
88 367
88 370
88 371
88 372
88 373
88 375
88 376
88 377
88 378
88 380
88 381
88 386
88 387
88 403
88 404
88 405
88 406
88 407
88 420
88 421
88 422
88 434
88 502
88 538
88 579
88 588
88 591
88 592
88 593
88 594
88 596
88 598
88 599
89 91
89 96
89 97
89 98
89 112
89 113
89 115
89 117
89 118
89 129
89 130
89 201
89 258
89 285
89 295
89 296
89 298
89 300
89 301
89 332
89 335
89 337
89 338
89 341
89 342
89 343
89 345
89 347
89 351
89 352
89 353
89 363
89 364
89 365
89 367
89 369
89 371
89 372
89 373
89 374
89 375
89 376
89 377
89 378
89 379
89 380
89 381
89 382
89 386
89 387
89 403
89 405
89 406
89 420
89 421
89 422
89 423
89 434
89 440
89 444
89 447
89 450
89 502
89 538
89 539
89 547
89 556
89 579
89 584
89 588
89 592
89 593
89 594
89 595
89 596
89 598
89 599
89 600
90 136
90 154
90 155
90 396
90 415
90 425
90 452
90 453
90 454
90 492
90 501
90 527
90 571
91 97
91 302
91 344
91 345
91 346
91 349
91 351
91 352
91 353
91 354
91 355
91 359
91 362
91 363
91 382
91 487
91 529
91 585
91 586
92 191
92 261
92 301
92 404
93 94
93 95
93 194
93 303
93 311
93 317
93 321
93 384
93 385
93 389
93 390
93 391
93 393
93 395
94 98
94 110
94 302
94 305
94 311
94 317
94 321
94 322
94 323
94 325
94 332
94 350
94 384
94 385
94 389
94 390
94 391
94 393
94 395
94 398
94 410
94 416
94 487
94 579
94 586
95 101
95 119
95 167
95 223
95 225
95 395
95 534
96 97
96 98
96 99
96 112
96 113
96 128
96 129
96 130
96 131
96 137
96 201
96 258
96 263
96 264
96 282
96 295
96 296
96 298
96 299
96 300
96 327
96 345
96 347
96 351
96 352
96 356
96 358
96 367
96 386
96 387
96 402
96 403
96 423
96 424
96 450
96 451
96 491
96 505
96 538
96 539
96 579
96 580
96 588
96 592
96 593
96 594
96 595
96 596
96 597
96 598
96 599
96 600
97 98
97 99
97 112
97 113
97 114
97 115
97 116
97 117
97 118
97 129
97 130
97 131
97 236
97 258
97 282
97 285
97 294
97 295
97 296
97 297
97 298
97 299
97 300
97 301
97 305
97 323
97 325
97 327
97 328
97 332
97 333
97 335
97 337
97 338
97 340
97 345
97 347
97 351
97 352
97 353
97 363
97 364
97 365
97 367
97 370
97 371
97 372
97 373
97 376
97 377
97 378
97 381
97 382
97 385
97 386
97 387
97 402
97 403
97 405
97 406
97 407
97 420
97 421
97 422
97 423
97 450
97 487
97 502
97 538
97 539
97 540
97 579
97 580
97 581
97 584
97 588
97 591
97 592
97 593
97 594
97 595
97 596
97 597
97 598
97 599
97 600
98 99
98 112
98 116
98 117
98 129
98 286
98 295
98 297
98 298
98 300
98 302
98 303
98 305
98 311
98 320
98 321
98 322
98 323
98 324
98 325
98 327
98 328
98 332
98 333
98 335
98 345
98 351
98 352
98 353
98 363
98 382
98 384
98 385
98 386
98 387
98 389
98 402
98 407
98 447
98 451
98 487
98 538
98 539
98 579
98 580
98 583
98 584
98 586
98 588
98 595
98 598
98 599
99 112
99 113
99 114
99 115
99 116
99 117
99 118
99 129
99 131
99 184
99 228
99 258
99 259
99 262
99 282
99 286
99 293
99 294
99 295
99 297
99 298
99 299
99 300
99 301
99 303
99 327
99 332
99 337
99 340
99 344
99 345
99 347
99 351
99 352
99 363
99 364
99 365
99 367
99 370
99 371
99 386
99 387
99 402
99 403
99 405
99 423
99 450
99 505
99 538
99 539
99 540
99 579
99 580
99 584
99 588
99 591
99 592
99 593
99 594
99 595
99 596
99 597
99 598
99 599
99 600
100 101
100 103
100 119
100 122
100 124
100 221
100 283
100 412
100 443
100 534
101 103
101 119
101 120
101 121
101 124
101 143
101 145
101 221
101 223
101 224
101 225
101 245
101 390
101 391
101 395
101 397
101 399
101 401
101 412
101 413
101 448
101 531
101 534
102 189
102 230
102 283
102 511
103 104
103 105
103 107
103 119
103 192
103 193
103 222
103 223
103 224
103 225
103 495
103 531
103 534
104 105
104 107
104 108
104 175
104 177
104 180
104 189
104 192
104 193
104 210
104 212
104 215
104 222
104 224
104 394
104 495
104 496
105 107
105 109
105 175
105 192
105 193
105 199
105 210
105 212
105 214
105 222
105 223
105 224
105 225
105 245
105 394
105 396
105 495
105 496
105 534
106 187
106 189
106 207
107 108
107 109
107 111
107 119
107 120
107 125
107 143
107 147
107 190
107 191
107 192
107 193
107 194
107 210
107 221
107 222
107 223
107 224
107 225
107 245
107 348
107 393
107 394
107 395
107 396
107 397
107 401
107 408
107 412
107 413
107 417
107 492
107 495
107 534
108 192
108 209
108 222
108 244
108 274
108 555
109 114
109 154
109 191
109 192
109 193
109 194
109 210
109 212
109 214
109 393
109 394
109 396
109 408
109 409
109 410
109 492
109 495
109 501
110 280
110 416
110 448
111 120
111 143
111 223
111 350
111 396
111 398
111 400
111 411
111 413
111 416
111 417
111 418
112 113
112 114
112 115
112 116
112 117
112 118
112 129
112 130
112 131
112 191
112 258
112 298
112 300
112 301
112 327
112 332
112 337
112 338
112 352
112 364
112 365
112 367
112 370
112 372
112 373
112 376
112 378
112 381
112 386
112 387
112 402
112 403
112 404
112 405
112 406
112 407
112 410
112 420
112 421
112 422
112 423
112 424
112 451
112 491
112 538
112 539
112 579
112 580
112 588
112 593
112 594
112 595
112 596
112 598
112 599
113 114
113 115
113 117
113 118
113 129
113 130
113 258
113 295
113 296
113 297
113 298
113 299
113 300
113 301
113 337
113 338
113 341
113 345
113 347
113 351
113 352
113 364
113 365
113 367
113 370
113 371
113 372
113 373
113 374
113 375
113 376
113 377
113 378
113 379
113 380
113 381
113 382
113 387
113 403
113 405
113 406
113 420
113 421
113 422
113 423
113 434
113 444
113 450
113 502
113 538
113 539
113 579
113 588
113 591
113 592
113 593
113 594
113 596
113 598
113 599
113 600
114 115
114 116
114 117
114 118
114 129
114 131
114 191
114 194
114 258
114 301
114 340
114 352
114 367
114 370
114 376
114 378
114 384
114 387
114 402
114 403
114 404
114 405
114 406
114 407
114 409
114 410
114 420
114 423
114 491
114 539
114 579
114 588
114 594
115 116
115 117
115 118
115 127
115 129
115 130
115 131
115 258
115 297
115 298
115 300
115 337
115 338
115 340
115 344
115 345
115 351
115 352
115 364
115 365
115 367
115 370
115 371
115 372
115 373
115 375
115 376
115 377
115 378
115 379
115 380
115 381
115 403
115 404
115 405
115 406
115 407
115 420
115 421
115 422
115 423
115 450
115 538
115 539
115 588
115 591
115 592
115 593
115 594
115 596
115 598
115 599
116 117
116 118
116 129
116 131
116 191
116 194
116 298
116 299
116 300
116 301
116 302
116 305
116 323
116 324
116 325
116 327
116 332
116 340
116 344
116 345
116 351
116 352
116 387
116 403
116 404
116 405
116 406
116 407
116 410
116 423
116 487
116 579
116 588
116 598
117 118
117 129
117 258
117 261
117 294
117 297
117 298
117 300
117 301
117 305
117 323
117 327
117 332
117 335
117 337
117 338
117 340
117 345
117 364
117 367
117 370
117 371
117 372
117 376
117 377
117 378
117 381
117 386
117 387
117 403
117 404
117 405
117 406
117 407
117 410
117 422
117 423
117 425
117 502
117 538
117 579
117 584
117 588
117 591
117 594
117 596
117 598
117 599
118 127
118 129
118 130
118 131
118 191
118 258
118 261
118 294
118 298
118 300
118 301
118 332
118 337
118 340
118 352
118 364
118 367
118 370
118 371
118 372
118 373
118 375
118 376
118 377
118 378
118 380
118 381
118 386
118 387
118 403
118 404
118 405
118 406
118 407
118 410
118 419
118 420
118 421
118 422
118 423
118 424
118 450
118 491
118 538
118 539
118 579
118 581
118 588
118 591
118 592
118 593
118 594
118 596
118 598
118 599
119 120
119 121
119 122
119 123
119 125
119 143
119 145
119 147
119 151
119 190
119 221
119 222
119 223
119 224
119 225
119 245
119 395
119 397
119 399
119 400
119 401
119 412
119 413
119 417
119 418
119 442
119 448
119 449
119 497
119 531
119 533
119 534
120 121
120 124
120 143
120 145
120 147
120 223
120 224
120 225
120 390
120 395
120 397
120 398
120 400
120 401
120 413
120 417
120 448
120 534
121 145
121 147
121 225
121 348
121 350
121 357
121 401
121 412
121 413
121 416
121 417
121 418
121 445
121 446
121 448
121 490
121 534
122 123
122 124
122 125
122 147
122 225
122 411
122 413
122 415
122 417
122 418
122 442
122 446
122 448
122 449
122 467
122 534
123 125
123 357
123 417
123 418
123 531
124 125
124 223
124 357
124 389
124 395
124 401
124 416
124 417
124 418
124 448
124 534
125 157
125 190
125 223
125 224
125 357
125 417
125 418
125 437
125 446
125 448
125 449
125 467
125 534
126 138
126 140
126 183
126 201
126 257
126 267
126 373
126 380
126 488
127 128
127 129
127 131
127 140
127 178
127 201
127 338
127 364
127 365
127 367
127 368
127 369
127 371
127 372
127 373
127 375
127 376
127 403
127 419
127 420
127 421
127 422
127 423
127 424
127 450
127 504
127 539
127 600
128 129
128 131
128 137
128 161
128 191
128 201
128 208
128 263
128 264
128 295
128 298
128 299
128 300
128 367
128 369
128 373
128 402
128 423
128 424
128 450
128 451
128 490
128 491
128 504
128 510
128 539
128 588
128 594
128 595
128 597
128 600
129 130
129 131
129 201
129 258
129 262
129 285
129 295
129 297
129 298
129 300
129 301
129 332
129 337
129 338
129 341
129 342
129 345
129 347
129 351
129 352
129 364
129 365
129 367
129 369
129 370
129 371
129 372
129 373
129 374
129 375
129 376
129 377
129 378
129 380
129 381
129 382
129 386
129 387
129 402
129 403
129 404
129 405
129 406
129 407
129 419
129 420
129 421
129 422
129 423
129 424
129 434
129 440
129 444
129 450
129 451
129 491
129 502
129 538
129 539
129 579
129 581
129 584
129 588
129 591
129 592
129 593
129 594
129 595
129 596
129 597
129 598
129 599
129 600
130 137
130 139
130 255
130 258
130 295
130 296
130 298
130 300
130 337
130 338
130 341
130 364
130 365
130 367
130 370
130 371
130 372
130 373
130 374
130 375
130 376
130 377
130 378
130 379
130 380
130 381
130 403
130 405
130 406
130 421
130 422
130 434
130 444
130 538
130 539
130 557
130 588
130 591
130 592
130 593
130 594
130 596
130 598
130 599
130 600
131 191
131 258
131 282
131 298
131 300
131 364
131 365
131 367
131 370
131 373
131 376
131 387
131 402
131 403
131 404
131 405
131 406
131 419
131 421
131 422
131 423
131 424
131 434
131 450
131 451
131 539
131 541
131 581
131 588
131 593
131 594
131 595
131 596
131 598
131 600
132 134
132 135
133 241
134 136
134 430
134 458
135 369
136 138
136 140
136 161
136 199
136 419
136 430
136 431
136 432
136 458
137 138
137 139
137 140
137 208
137 263
137 278
137 298
137 341
137 365
137 366
137 367
137 373
137 374
137 376
137 377
137 380
137 403
137 419
137 429
137 430
137 431
137 434
137 450
137 539
137 541
137 564
137 592
137 593
137 594
137 600
138 139
138 140
138 144
138 158
138 161
138 183
138 208
138 257
138 263
138 277
138 431
138 432
138 434
138 435
138 458
138 510
138 600
139 140
139 183
139 255
139 341
139 431
139 434
139 593
140 144
140 161
140 204
140 365
140 373
140 374
140 375
140 376
140 377
140 380
140 403
140 419
140 421
140 422
140 424
140 429
140 430
140 431
140 432
140 434
140 435
140 450
140 453
140 458
140 502
140 504
140 510
140 592
140 600
141 199
141 204
141 432
141 461
141 500
141 504
141 514
142 235
142 279
142 281
142 302
142 305
142 317
142 320
142 324
142 328
142 329
142 349
142 353
142 354
142 355
142 356
142 363
142 369
142 389
142 414
142 439
142 443
142 445
142 499
143 145
143 151
143 164
143 220
143 223
143 224
143 225
143 241
143 245
143 397
143 411
143 413
143 417
143 445
143 534
144 146
144 161
144 200
144 201
144 285
144 288
144 432
144 440
144 444
144 445
144 447
144 462
144 504
145 147
145 151
145 223
145 224
145 225
145 245
145 401
145 412
145 413
145 417
145 445
145 448
145 534
146 149
146 200
146 331
146 412
146 424
146 443
146 445
146 447
146 451
146 462
146 490
147 221
147 225
147 246
147 348
147 357
147 401
147 412
147 413
147 417
147 418
147 445
147 446
147 448
147 531
147 534
148 158
148 163
148 164
148 428
148 437
148 462
148 464
148 506
149 320
149 331
149 333
149 443
149 445
149 451
149 490
149 595
150 295
150 418
150 437
150 446
150 448
150 466
150 595
151 224
151 225
151 412
151 415
151 437
151 442
151 497
151 534
152 418
152 442
152 446
152 449
152 497
153 466
154 155
154 157
154 190
154 191
154 194
154 198
154 202
154 396
154 408
154 419
154 452
154 453
154 454
154 490
154 491
154 492
154 501
154 527
155 156
155 157
155 169
155 173
155 250
155 267
155 268
155 452
155 453
155 454
155 463
155 477
155 488
155 515
155 525
155 527
155 543
155 545
155 560
155 561
155 570
155 571
156 157
156 169
156 172
156 173
156 250
156 254
156 267
156 268
156 452
156 453
156 463
156 488
156 525
156 543
156 545
156 558
156 560
156 561
156 563
156 570
156 571
157 190
157 418
157 449
157 452
157 454
157 515
157 545
158 163
158 164
158 428
158 462
158 464
159 164
159 456
160 267
161 208
161 419
161 432
161 451
161 458
161 600
162 163
163 164
163 169
163 250
163 253
163 254
163 267
163 272
163 462
163 463
163 464
163 558
163 563
164 464
165 325
166 205
166 532
167 171
167 475
168 172
168 248
168 250
168 268
168 270
168 478
168 528
168 560
168 561
168 570
168 573
169 173
169 250
169 477
169 478
169 560
169 561
170 172
170 476
172 248
172 250
172 268
172 478
172 556
172 557
172 561
172 570
172 573
173 250
173 267
173 452
173 453
173 477
173 488
173 525
173 527
173 560
173 561
173 570
173 571
174 217
175 177
175 179
175 180
175 193
175 289
175 314
175 480
175 481
175 482
175 484
175 486
176 178
176 313
176 567
177 179
177 180
177 181
177 185
177 193
177 218
177 289
177 314
177 480
177 481
177 482
177 483
177 484
177 486
177 585
178 182
178 183
178 486
179 180
179 247
179 251
179 266
179 279
179 280
179 289
179 314
179 459
179 480
179 482
179 483
179 486
179 559
180 193
180 279
180 281
180 293
180 314
180 480
180 481
180 482
180 486
180 516
182 183
182 256
183 201
183 204
183 257
183 263
183 341
183 380
184 259
184 302
184 303
184 304
184 311
184 327
184 487
184 584
184 586
185 186
185 293
187 207
188 198
188 244
188 283
188 316
189 211
189 228
189 229
189 230
189 489
189 493
189 511
190 191
190 208
190 210
190 224
190 225
190 245
190 417
190 418
190 534
191 192
191 193
191 194
191 393
191 396
191 403
191 404
191 406
191 407
191 408
191 409
191 410
191 419
191 423
191 424
191 454
191 491
191 492
191 495
192 193
192 210
192 212
192 214
192 222
192 224
192 245
192 394
192 396
192 408
192 495
192 496
193 194
193 210
193 212
193 214
193 222
193 224
193 225
193 245
193 348
193 393
193 394
193 396
193 408
193 495
193 496
193 531
193 534
194 303
194 348
194 384
194 393
194 396
194 407
194 408
194 409
194 410
194 454
194 491
194 492
194 495
194 501
195 273
196 234
196 271
196 273
197 210
197 214
197 216
197 495
197 524
198 202
198 210
198 212
198 214
198 460
198 495
198 501
199 204
199 212
199 263
199 504
199 510
200 201
200 202
200 236
200 349
200 362
200 447
201 264
201 298
201 300
201 368
201 369
201 372
201 373
201 377
201 382
201 421
201 447
201 450
201 510
201 588
201 592
201 594
201 596
201 598
201 600
202 214
202 495
202 501
203 215
203 519
204 215
204 263
204 264
204 419
204 486
204 496
204 516
206 559
207 259
208 209
208 231
208 263
208 264
208 265
208 419
208 431
208 510
208 512
209 210
209 212
209 490
209 494
209 496
209 512
209 514
210 212
210 224
210 225
210 244
210 484
210 495
211 229
211 230
211 231
211 234
211 265
211 493
211 513
211 542
212 214
212 494
212 495
212 496
212 514
213 233
213 234
213 271
213 520
213 521
213 548
213 554
213 573
214 215
214 495
214 501
215 274
215 516
217 247
217 251
217 266
217 280
217 559
217 562
218 251
218 280
218 314
218 316
219 244
219 273
219 274
219 465
219 518
220 221
220 287
220 413
220 445
220 530
221 223
221 225
221 245
221 246
221 287
221 391
221 397
221 399
221 401
221 412
221 417
221 418
221 467
221 530
221 531
221 534
222 223
222 224
222 225
222 245
222 246
222 394
222 397
222 399
222 412
222 531
222 532
222 533
222 534
222 553
223 224
223 225
223 245
223 395
223 397
223 399
223 401
223 412
223 413
223 417
223 534
224 225
224 245
224 395
224 396
224 397
224 399
224 401
224 412
224 413
224 417
224 495
224 534
225 245
225 395
225 397
225 399
225 401
225 412
225 413
225 417
225 418
225 531
225 533
225 534
226 227
226 254
226 535
226 536
227 235
227 241
227 242
228 229
228 236
228 240
228 262
228 282
228 423
228 489
228 493
228 538
228 539
228 540
228 541
228 542
228 549
228 581
228 591
229 230
229 278
229 282
229 528
229 540
229 542
229 581
230 231
230 234
230 457
230 493
230 511
230 513
230 542
230 574
231 265
231 457
231 493
231 512
231 513
231 572
231 574
232 250
232 253
232 254
232 267
232 268
232 269
232 272
232 463
232 558
232 560
232 561
232 563
232 570
232 571
232 573
233 234
233 248
233 254
233 271
233 573
234 244
234 271
234 273
234 573
234 574
235 302
235 304
235 317
235 319
235 320
235 321
235 329
235 355
235 388
235 389
235 390
235 546
236 237
236 238
236 240
236 243
236 282
236 285
236 345
236 351
236 352
236 421
236 489
236 538
236 540
236 542
236 547
236 549
236 556
236 557
236 579
236 581
236 582
237 238
237 240
237 243
237 268
237 285
237 286
237 547
237 549
237 553
237 570
237 582
238 240
238 243
238 256
238 268
238 282
238 285
238 338
238 341
238 365
238 421
238 520
238 538
238 540
238 547
238 549
238 553
238 554
238 556
238 557
238 567
238 593
239 243
239 548
239 550
239 551
240 243
240 262
240 285
240 489
240 493
240 540
240 541
240 542
240 547
240 549
240 553
240 554
241 242
241 244
241 552
242 438
242 552
243 246
243 547
243 554
244 524
244 551
244 555
245 246
245 394
245 395
245 397
245 399
245 401
245 412
245 413
245 531
245 532
245 533
245 534
246 399
246 412
246 531
246 532
246 533
246 548
246 553
247 251
247 266
247 280
247 356
247 485
247 507
247 559
247 562
247 580
248 250
248 267
248 268
248 337
248 338
248 381
248 463
248 478
248 556
248 557
248 558
248 560
248 561
248 570
248 573
249 562
250 253
250 254
250 267
250 268
250 269
250 272
250 452
250 453
250 463
250 478
250 488
250 543
250 545
250 557
250 558
250 560
250 561
250 563
250 570
250 571
250 573
251 266
251 280
251 356
251 485
251 507
251 559
251 562
252 256
252 511
253 254
253 462
253 463
253 464
253 558
253 561
253 563
254 268
254 269
254 270
254 271
254 463
254 558
254 560
254 561
254 563
254 570
254 573
255 341
256 498
256 520
256 567
257 267
257 268
257 360
257 380
257 381
257 444
257 488
257 570
257 571
258 261
258 262
258 282
258 285
258 294
258 295
258 296
258 298
258 300
258 301
258 337
258 338
258 351
258 352
258 380
258 381
258 386
258 387
258 403
258 405
258 538
258 539
258 547
258 553
258 556
258 579
258 588
258 591
258 592
258 593
258 594
258 596
258 598
259 260
259 293
259 303
259 307
259 327
259 344
259 387
259 414
259 580
260 261
260 294
260 538
261 301
261 409
262 282
262 286
262 294
262 295
262 297
262 298
262 299
262 300
262 337
262 351
262 352
262 364
262 365
262 369
262 370
262 371
262 387
262 405
262 423
262 538
262 539
262 584
262 588
262 591
262 593
262 594
262 596
262 598
262 600
263 264
263 265
263 431
263 510
264 300
264 427
264 450
264 496
264 510
264 512
264 516
264 568
265 512
265 513
266 280
266 356
266 485
266 507
266 559
266 562
266 580
267 268
267 272
267 452
267 453
267 463
267 477
267 488
267 558
267 560
267 561
267 563
267 570
267 571
268 269
268 444
268 463
268 488
268 528
268 557
268 558
268 560
268 561
268 570
268 571
268 573
269 463
269 528
269 558
269 560
269 561
269 570
269 573
270 271
270 478
270 573
271 273
271 573
271 574
272 463
272 558
272 560
272 561
273 274
273 518
274 519
275 322
276 522
277 278
277 512
277 575
277 578
278 282
278 457
278 538
278 567
278 581
279 281
279 319
279 499
280 314
280 559
280 562
281 293
281 299
281 499
281 503
282 293
282 298
282 300
282 489
282 538
282 539
282 540
282 541
282 542
282 567
282 581
282 588
282 591
282 593
282 594
283 512
283 559
283 569
284 285
284 286
285 286
285 291
285 301
285 337
285 338
285 342
285 343
285 351
285 365
285 372
285 375
285 381
285 382
285 421
285 422
285 447
285 538
285 547
285 549
285 582
285 584
285 586
285 593
285 596
285 598
286 287
286 327
286 332
286 333
286 335
286 387
286 529
286 530
286 547
286 549
286 579
286 583
286 584
287 335
287 530
287 584
289 480
289 481
289 482
289 483
289 484
289 486
289 566
290 292
291 341
291 586
292 305
292 322
293 299
293 344
293 352
293 516
293 580
294 297
294 298
294 299
294 300
294 301
294 335
294 352
294 364
294 365
294 370
294 372
294 378
294 386
294 387
294 403
294 405
294 407
294 538
294 539
294 579
294 588
294 591
294 593
294 594
294 596
294 598
294 599
295 296
295 298
295 299
295 300
295 327
295 338
295 342
295 347
295 351
295 352
295 353
295 356
295 358
295 367
295 368
295 369
295 386
295 387
295 402
295 450
295 451
295 538
295 539
295 579
295 580
295 588
295 592
295 593
295 594
295 595
295 596
295 597
295 598
295 599
295 600
296 298
296 337
296 338
296 380
296 381
296 498
296 538
296 556
296 557
296 592
296 593
296 594
296 596
296 598
297 298
297 299
297 300
297 301
297 337
297 345
297 351
297 364
297 365
297 367
297 369
297 370
297 371
297 372
297 373
297 375
297 376
297 377
297 381
297 386
297 387
297 403
297 404
297 405
297 406
297 407
297 420
297 422
297 423
297 425
297 450
297 502
297 538
297 539
297 579
297 584
297 588
297 590
297 591
297 592
297 593
297 594
297 596
297 597
297 598
297 599
297 600
298 299
298 300
298 301
298 327
298 337
298 338
298 345
298 347
298 351
298 352
298 364
298 365
298 367
298 368
298 369
298 370
298 371
298 372
298 373
298 374
298 375
298 376
298 377
298 378
298 380
298 381
298 382
298 386
298 387
298 402
298 403
298 405
298 406
298 407
298 421
298 422
298 423
298 434
298 450
298 451
298 502
298 538
298 539
298 540
298 541
298 579
298 580
298 581
298 588
298 590
298 591
298 592
298 593
298 594
298 595
298 596
298 597
298 598
298 599
298 600
299 300
299 327
299 345
299 351
299 352
299 353
299 362
299 367
299 369
299 371
299 386
299 387
299 402
299 450
299 538
299 539
299 588
299 594
299 595
299 596
299 597
299 598
299 599
299 600
300 327
300 332
300 337
300 338
300 345
300 347
300 351
300 352
300 364
300 365
300 367
300 368
300 369
300 370
300 371
300 372
300 373
300 376
300 377
300 378
300 381
300 382
300 386
300 387
300 402
300 403
300 405
300 421
300 422
300 423
300 434
300 450
300 451
300 502
300 538
300 539
300 579
300 580
300 581
300 588
300 590
300 591
300 592
300 593
300 594
300 595
300 596
300 597
300 598
300 599
300 600
301 303
301 327
301 332
301 337
301 338
301 364
301 365
301 367
301 370
301 371
301 372
301 373
301 375
301 376
301 377
301 378
301 380
301 381
301 384
301 386
301 387
301 403
301 404
301 405
301 406
301 407
301 409
301 410
301 420
301 421
301 422
301 423
301 425
301 491
301 502
301 538
301 539
301 579
301 584
301 588
301 591
301 592
301 593
301 594
301 596
301 598
301 599
302 303
302 304
302 305
302 311
302 317
302 320
302 321
302 322
302 323
302 324
302 325
302 327
302 328
302 329
302 332
302 333
302 340
302 343
302 345
302 346
302 349
302 353
302 359
302 362
302 363
302 385
302 386
302 389
302 390
302 414
302 447
302 487
302 583
302 584
302 586
302 599
303 304
303 307
303 311
303 317
303 320
303 321
303 322
303 323
303 324
303 325
303 327
303 328
303 329
303 332
303 346
303 352
303 353
303 359
303 361
303 362
303 363
303 384
303 385
303 386
303 389
303 409
303 410
303 414
303 475
303 487
303 579
303 583
303 584
304 305
304 311
304 317
304 320
304 321
304 322
304 323
304 324
304 325
304 327
304 329
304 346
304 349
304 353
304 359
304 361
304 362
304 363
304 369
304 383
304 385
304 388
304 389
304 390
304 414
304 447
304 475
304 487
304 583
304 586
305 317
305 320
305 321
305 322
305 323
305 324
305 325
305 327
305 328
305 332
305 333
305 335
305 345
305 346
305 349
305 363
305 385
305 386
305 389
305 447
305 487
305 579
305 583
305 584
305 586
305 599
306 308
309 334
311 315
311 317
311 322
311 323
311 325
311 363
311 385
311 389
311 390
311 410
311 487
312 318
312 319
312 326
312 329
312 331
312 355
314 480
315 316
315 317
315 319
315 388
315 389
315 390
315 395
316 318
316 319
316 388
316 459
317 319
317 320
317 321
317 322
317 323
317 324
317 325
317 327
317 329
317 349
317 353
317 354
317 355
317 359
317 362
317 363
317 385
317 388
317 389
317 390
317 414
317 487
317 499
317 583
318 319
318 326
318 329
318 355
318 577
319 320
319 326
319 329
319 355
319 388
319 389
320 321
320 322
320 323
320 324
320 327
320 328
320 329
320 331
320 332
320 333
320 335
320 353
320 354
320 355
320 363
320 389
320 414
320 443
320 445
320 487
320 530
320 583
320 595
321 322
321 323
321 324
321 325
321 327
321 329
321 332
321 385
321 388
321 389
321 390
321 391
321 395
321 414
321 416
321 583
322 323
322 324
322 325
322 327
322 328
322 332
322 333
322 335
322 385
322 386
322 389
322 390
322 447
322 487
322 583
322 584
322 586
323 324
323 325
323 327
323 328
323 332
323 333
323 335
323 340
323 347
323 353
323 363
323 385
323 386
323 387
323 407
323 414
323 487
323 579
323 583
323 584
323 586
323 599
324 325
324 327
324 328
324 329
324 332
324 333
324 385
324 389
324 447
324 487
325 327
325 328
325 332
325 335
325 340
325 345
325 346
325 385
325 386
325 389
325 487
325 584
325 586
325 599
326 329
326 469
327 328
327 332
327 333
327 335
327 347
327 350
327 351
327 352
327 353
327 362
327 363
327 385
327 386
327 387
327 389
327 402
327 407
327 414
327 451
327 487
327 505
327 539
327 579
327 580
327 583
327 584
327 588
327 594
327 595
327 597
327 598
327 599
328 329
328 332
328 333
328 335
328 347
328 350
328 353
328 354
328 358
328 363
328 385
328 386
328 387
328 414
328 451
328 487
328 505
328 579
328 583
328 584
328 595
328 597
328 599
329 331
329 349
329 353
329 354
329 355
329 359
329 389
329 414
329 487
329 583
329 587
331 333
331 439
331 443
331 445
332 333
332 335
332 347
332 351
332 352
332 353
332 363
332 372
332 385
332 386
332 387
332 407
332 414
332 447
332 451
332 487
332 502
332 539
332 579
332 580
332 583
332 584
332 588
332 595
332 597
332 598
332 599
333 335
333 336
333 363
333 386
333 387
333 445
333 447
333 530
333 579
333 583
333 584
333 595
333 599
335 336
335 385
335 386
335 387
335 502
335 529
335 530
335 579
335 583
335 584
335 599
337 338
337 342
337 345
337 347
337 351
337 360
337 364
337 365
337 367
337 370
337 371
337 372
337 373
337 374
337 375
337 376
337 377
337 378
337 379
337 380
337 381
337 386
337 387
337 403
337 404
337 405
337 406
337 407
337 420
337 421
337 422
337 423
337 434
337 444
337 502
337 538
337 539
337 557
337 570
337 579
337 584
337 588
337 591
337 592
337 593
337 594
337 596
337 598
337 599
337 600
338 341
338 342
338 343
338 345
338 346
338 347
338 351
338 352
338 353
338 364
338 365
338 367
338 368
338 369
338 370
338 371
338 372
338 373
338 374
338 375
338 376
338 377
338 378
338 379
338 380
338 381
338 382
338 386
338 387
338 403
338 405
338 406
338 407
338 420
338 421
338 422
338 423
338 430
338 434
338 444
338 450
338 502
338 538
338 539
338 556
338 557
338 579
338 588
338 591
338 592
338 593
338 594
338 595
338 596
338 597
338 598
338 599
338 600
339 415
339 439
339 440
339 445
339 502
339 600
340 344
340 345
340 348
340 351
340 352
340 367
340 371
340 372
340 373
340 375
340 384
340 385
340 393
340 396
340 403
340 404
340 405
340 406
340 407
340 409
340 410
340 420
340 425
340 487
340 491
340 492
340 579
340 586
340 588
340 597
340 599
341 342
341 343
341 345
341 351
341 354
341 365
341 377
341 380
341 381
341 382
341 421
341 440
341 444
341 592
342 343
342 345
342 346
342 347
342 351
342 352
342 353
342 363
342 364
342 365
342 367
342 368
342 369
342 371
342 372
342 377
342 381
342 382
342 386
342 405
342 420
342 421
342 422
342 538
342 539
342 547
342 556
342 557
342 579
342 584
342 592
342 594
342 598
342 599
342 600
343 346
343 347
343 349
343 351
343 353
343 354
343 363
343 365
343 367
343 368
343 369
343 371
343 372
343 375
343 377
343 382
343 386
343 421
343 422
343 447
343 539
343 579
343 583
343 584
343 586
343 599
343 600
344 345
344 346
344 348
344 351
344 352
344 353
344 359
344 410
344 414
344 487
344 586
345 346
345 347
345 349
345 351
345 352
345 353
345 354
345 358
345 359
345 362
345 363
345 364
345 365
345 367
345 369
345 371
345 372
345 377
345 378
345 381
345 382
345 386
345 387
345 447
345 450
345 487
345 538
345 539
345 579
345 584
345 585
345 586
345 594
345 596
345 598
345 599
346 347
346 349
346 351
346 352
346 353
346 354
346 358
346 359
346 362
346 363
346 368
346 369
346 372
346 382
346 447
346 487
346 586
346 599
347 349
347 351
347 352
347 353
347 354
347 358
347 362
347 363
347 364
347 365
347 367
347 368
347 369
347 371
347 372
347 373
347 375
347 376
347 377
347 382
347 386
347 387
347 405
347 422
347 499
347 502
347 538
347 539
347 579
347 584
347 588
347 592
347 594
347 595
347 596
347 597
347 598
347 599
347 600
348 353
348 357
348 359
348 393
348 396
348 408
348 410
348 411
348 413
348 414
348 487
348 495
349 351
349 353
349 354
349 355
349 358
349 359
349 362
349 363
349 369
349 382
349 414
349 447
350 357
350 385
350 398
350 400
350 407
350 410
350 411
350 416
350 417
350 418
350 446
350 448
350 537
350 579
351 352
351 353
351 354
351 358
351 359
351 362
351 363
351 364
351 365
351 367
351 368
351 369
351 370
351 371
351 372
351 373
351 375
351 377
351 381
351 386
351 387
351 405
351 414
351 420
351 421
351 422
351 447
351 450
351 487
351 505
351 529
351 538
351 539
351 547
351 579
351 583
351 584
351 586
351 588
351 591
351 592
351 593
351 594
351 595
351 596
351 597
351 598
351 599
351 600
352 353
352 358
352 362
352 363
352 367
352 385
352 386
352 387
352 407
352 410
352 487
352 538
352 539
352 579
352 580
352 584
352 588
352 594
352 596
352 598
352 599
353 354
353 355
353 356
353 358
353 359
353 361
353 362
353 363
353 367
353 368
353 369
353 372
353 382
353 385
353 386
353 414
353 447
353 487
353 579
353 583
353 595
353 599
354 355
354 356
354 358
354 359
354 362
354 363
354 369
354 382
354 445
354 447
355 359
355 389
356 357
356 358
356 448
356 485
356 559
356 562
357 358
357 413
357 416
357 417
357 418
357 446
357 448
357 485
357 580
358 359
358 362
358 363
358 414
358 583
358 595
359 361
359 362
359 363
359 369
359 414
359 487
359 583
360 380
360 381
360 405
360 478
360 488
360 561
361 362
361 363
361 414
361 445
361 583
361 597
362 363
362 369
362 414
362 447
362 583
362 597
363 369
363 385
363 386
363 387
363 414
363 447
363 487
363 579
363 583
363 584
363 595
363 597
364 365
364 367
364 368
364 369
364 370
364 371
364 372
364 373
364 374
364 375
364 376
364 377
364 378
364 380
364 381
364 386
364 387
364 403
364 404
364 405
364 406
364 407
364 420
364 421
364 422
364 423
364 434
364 450
364 502
364 538
364 539
364 540
364 542
364 557
364 579
364 581
364 588
364 591
364 592
364 593
364 594
364 595
364 596
364 597
364 598
364 599
364 600
365 366
365 367
365 368
365 369
365 370
365 371
365 372
365 373
365 374
365 375
365 376
365 377
365 378
365 380
365 381
365 386
365 387
365 403
365 404
365 405
365 406
365 407
365 420
365 421
365 422
365 423
365 429
365 430
365 434
365 450
365 502
365 538
365 539
365 540
365 541
365 542
365 557
365 579
365 581
365 588
365 590
365 591
365 592
365 593
365 594
365 595
365 596
365 598
365 599
365 600
366 368
366 370
366 372
366 374
366 376
366 421
366 429
366 430
366 508
366 512
366 513
366 541
366 564
366 600
367 368
367 369
367 370
367 371
367 372
367 373
367 374
367 375
367 376
367 377
367 378
367 380
367 381
367 382
367 386
367 387
367 402
367 403
367 404
367 405
367 406
367 407
367 419
367 420
367 421
367 422
367 423
367 424
367 429
367 433
367 434
367 450
367 451
367 491
367 502
367 538
367 539
367 579
367 581
367 588
367 591
367 592
367 593
367 594
367 595
367 596
367 597
367 598
367 599
367 600
368 369
368 370
368 371
368 372
368 373
368 375
368 376
368 377
368 420
368 421
368 422
368 429
368 430
368 450
368 451
368 539
368 592
368 594
368 595
368 597
368 599
368 600
369 371
369 372
369 373
369 375
369 376
369 377
369 382
369 405
369 421
369 422
369 423
369 429
369 445
369 447
369 450
369 451
369 458
369 491
369 539
369 595
369 596
369 597
369 598
369 599
369 600
370 371
370 372
370 373
370 374
370 375
370 376
370 377
370 378
370 380
370 381
370 386
370 387
370 403
370 404
370 405
370 406
370 407
370 420
370 421
370 422
370 423
370 434
370 450
370 491
370 502
370 538
370 539
370 540
370 541
370 542
370 564
370 579
370 581
370 588
370 589
370 590
370 591
370 592
370 593
370 594
370 595
370 596
370 597
370 598
370 599
370 600
371 372
371 373
371 374
371 375
371 376
371 377
371 378
371 379
371 380
371 381
371 382
371 403
371 404
371 405
371 406
371 407
371 420
371 421
371 422
371 423
371 429
371 434
371 450
371 502
371 538
371 539
371 542
371 557
371 581
371 588
371 591
371 592
371 593
371 594
371 596
371 597
371 598
371 599
371 600
372 373
372 374
372 375
372 376
372 377
372 378
372 380
372 381
372 382
372 386
372 387
372 403
372 404
372 405
372 406
372 407
372 420
372 421
372 422
372 423
372 429
372 434
372 447
372 450
372 451
372 491
372 502
372 538
372 539
372 579
372 584
372 588
372 590
372 591
372 592
372 593
372 594
372 595
372 596
372 597
372 598
372 599
372 600
373 374
373 375
373 376
373 377
373 378
373 380
373 381
373 387
373 403
373 404
373 405
373 406
373 407
373 419
373 420
373 421
373 422
373 423
373 424
373 429
373 434
373 450
373 451
373 491
373 502
373 538
373 539
373 588
373 591
373 592
373 593
373 594
373 595
373 596
373 597
373 598
373 599
373 600
374 375
374 376
374 377
374 378
374 380
374 381
374 403
374 405
374 420
374 421
374 422
374 430
374 431
374 434
374 450
374 502
374 539
374 541
374 557
374 592
374 593
374 594
374 596
374 598
374 599
374 600
375 376
375 377
375 378
375 379
375 380
375 381
375 403
375 404
375 405
375 406
375 407
375 420
375 421
375 422
375 423
375 429
375 434
375 444
375 450
375 491
375 502
375 538
375 539
375 588
375 591
375 592
375 593
375 594
375 596
375 597
375 598
375 599
375 600
376 377
376 378
376 380
376 381
376 387
376 403
376 404
376 405
376 406
376 407
376 419
376 420
376 421
376 422
376 423
376 429
376 430
376 434
376 450
376 491
376 502
376 538
376 539
376 541
376 557
376 588
376 591
376 592
376 593
376 594
376 596
376 597
376 598
376 599
376 600
377 378
377 379
377 380
377 381
377 382
377 403
377 404
377 405
377 406
377 407
377 419
377 420
377 421
377 422
377 423
377 430
377 434
377 450
377 502
377 538
377 539
377 556
377 557
377 588
377 591
377 592
377 593
377 594
377 596
377 597
377 598
377 599
377 600
378 379
378 380
378 381
378 403
378 405
378 406
378 407
378 420
378 421
378 422
378 423
378 434
378 450
378 502
378 538
378 539
378 588
378 591
378 592
378 593
378 594
378 596
378 598
378 599
378 600
379 380
379 381
379 405
380 381
380 403
380 405
380 406
380 419
380 421
380 422
380 423
380 424
380 434
380 444
380 488
380 502
380 557
380 588
380 592
380 593
380 594
380 596
380 598
380 599
380 600
381 387
381 403
381 405
381 406
381 420
381 421
381 422
381 423
381 434
381 444
381 502
381 538
381 539
381 556
381 557
381 588
381 591
381 592
381 593
381 594
381 596
381 598
381 599
381 600
382 386
382 430
382 447
382 450
382 586
382 598
382 599
382 600
384 385
384 386
384 390
384 393
384 396
384 407
384 408
384 409
384 410
384 487
384 491
384 492
384 584
384 586
385 386
385 387
385 389
385 390
385 398
385 407
385 410
385 416
385 487
385 579
385 580
385 583
385 584
385 586
385 599
386 387
386 402
386 403
386 405
386 407
386 420
386 450
386 451
386 487
386 502
386 538
386 539
386 579
386 580
386 584
386 588
386 591
386 592
386 593
386 594
386 595
386 596
386 597
386 598
386 599
386 600
387 402
387 403
387 404
387 405
387 406
387 407
387 420
387 422
387 423
387 424
387 450
387 451
387 491
387 502
387 505
387 538
387 539
387 564
387 579
387 580
387 581
387 584
387 588
387 590
387 591
387 592
387 593
387 594
387 595
387 596
387 597
387 598
387 599
387 600
388 389
388 390
388 395
389 390
389 391
389 395
389 414
389 416
389 487
389 583
390 391
390 393
390 395
390 398
390 401
390 503
390 586
391 393
391 395
391 398
391 400
391 401
391 417
391 467
391 529
391 530
391 549
391 584
391 586
392 530
393 395
393 396
393 398
393 400
393 408
393 409
393 410
393 417
393 492
393 495
393 534
394 396
394 408
394 489
394 494
394 495
394 496
394 516
394 531
395 397
395 398
395 399
395 400
395 401
395 413
395 416
395 417
395 534
396 398
396 407
396 408
396 409
396 410
396 411
396 413
396 417
396 419
396 451
396 454
396 490
396 491
396 492
396 495
396 501
396 504
396 534
397 399
397 401
397 412
397 534
398 400
398 401
398 408
398 410
398 411
398 413
398 416
398 417
398 492
398 495
399 401
399 412
399 532
399 533
399 534
400 401
400 416
400 417
400 418
401 412
401 413
401 416
401 417
401 418
401 534
402 403
402 407
402 423
402 424
402 450
402 451
402 491
402 539
402 579
402 580
402 588
402 594
402 595
402 597
402 600
403 404
403 405
403 406
403 407
403 419
403 420
403 421
403 422
403 423
403 424
403 430
403 434
403 450
403 451
403 491
403 502
403 538
403 539
403 541
403 579
403 581
403 588
403 591
403 592
403 593
403 594
403 595
403 596
403 597
403 598
403 599
403 600
404 405
404 406
404 407
404 409
404 419
404 422
404 423
404 424
404 425
404 434
404 451
404 454
404 491
404 492
404 539
404 588
404 593
404 596
404 597
404 598
404 599
404 600
405 406
405 407
405 419
405 420
405 421
405 422
405 423
405 424
405 434
405 444
405 450
405 491
405 502
405 538
405 539
405 557
405 579
405 588
405 591
405 592
405 593
405 594
405 595
405 596
405 597
405 598
405 599
405 600
406 407
406 409
406 419
406 420
406 421
406 422
406 423
406 424
406 425
406 434
406 451
406 454
406 491
406 492
406 502
406 539
406 579
406 588
406 591
406 592
406 593
406 594
406 596
406 597
406 598
406 599
406 600
407 408
407 409
407 410
407 419
407 420
407 421
407 422
407 423
407 425
407 434
407 450
407 451
407 491
407 492
407 539
407 579
407 584
407 588
407 596
407 597
407 598
407 599
407 600
408 409
408 410
408 454
408 491
408 492
408 495
408 501
408 504
409 410
409 425
409 454
409 491
409 492
410 491
410 492
410 495
411 413
411 417
411 418
412 413
412 445
412 490
412 531
412 532
412 533
412 534
413 414
413 416
413 417
413 418
413 445
413 448
413 534
414 487
414 583
414 584
415 416
415 425
415 445
415 451
415 458
415 490
415 499
415 503
415 505
415 534
415 597
416 417
416 418
416 437
416 445
416 446
416 448
416 506
416 534
416 537
417 418
417 446
417 448
417 467
417 497
417 534
418 442
418 446
418 448
418 449
418 467
418 497
418 531
418 534
419 422
419 423
419 424
419 431
419 432
419 434
419 435
419 436
419 450
419 451
419 452
419 453
419 454
419 490
419 491
419 504
419 571
419 597
419 600
420 421
420 422
420 423
420 434
420 450
420 502
420 538
420 539
420 541
420 579
420 584
420 588
420 590
420 591
420 592
420 593
420 594
420 596
420 598
420 599
420 600
421 422
421 423
421 434
421 450
421 502
421 538
421 539
421 540
421 541
421 542
421 579
421 581
421 588
421 590
421 591
421 592
421 593
421 594
421 596
421 598
421 599
421 600
422 423
422 424
422 430
422 434
422 444
422 450
422 451
422 491
422 502
422 538
422 539
422 579
422 584
422 588
422 590
422 591
422 592
422 593
422 594
422 595
422 596
422 597
422 598
422 599
422 600
423 424
423 434
423 450
423 451
423 491
423 502
423 504
423 538
423 539
423 541
423 588
423 591
423 593
423 594
423 595
423 596
423 597
423 598
423 599
423 600
424 434
424 435
424 436
424 450
424 451
424 453
424 454
424 488
424 491
424 504
424 595
424 597
425 436
425 491
425 492
425 502
425 503
425 588
425 597
425 599
426 455
428 464
428 490
429 430
429 432
429 434
429 450
429 458
429 510
429 597
429 600
430 431
430 432
430 434
430 458
430 600
431 432
431 434
431 435
431 455
431 458
431 461
431 510
431 600
432 434
432 435
432 458
432 461
432 462
432 504
432 510
432 600
433 450
434 435
434 440
434 450
434 451
434 491
434 502
434 538
434 539
434 588
434 591
434 592
434 593
434 594
434 595
434 596
434 597
434 598
434 599
434 600
435 436
435 451
435 452
435 453
435 454
435 458
435 461
435 490
435 500
435 504
435 510
435 517
435 597
436 451
436 453
436 454
436 490
436 491
436 504
436 597
437 442
437 445
437 448
437 506
437 537
438 474
438 552
439 443
439 445
439 451
439 490
439 510
439 517
439 595
440 445
441 478
441 561
441 563
442 446
442 448
442 449
442 465
442 490
442 497
443 445
443 451
443 490
443 510
443 595
444 463
444 570
444 598
445 447
445 451
445 490
445 510
445 530
445 595
445 597
446 448
447 584
447 586
447 597
447 599
448 449
448 483
448 534
449 468
449 497
450 451
450 491
450 502
450 504
450 505
450 510
450 538
450 539
450 541
450 564
450 579
450 588
450 590
450 591
450 592
450 593
450 594
450 595
450 596
450 597
450 598
450 599
450 600
451 454
451 490
451 491
451 492
451 502
451 504
451 505
451 510
451 539
451 588
451 590
451 595
451 596
451 597
451 598
451 599
451 600
452 453
452 454
452 463
452 477
452 488
452 504
452 515
452 525
452 527
452 543
452 545
452 560
452 561
452 570
452 571
453 454
453 463
453 477
453 488
453 504
453 515
453 525
453 527
453 543
453 545
453 560
453 561
453 570
453 571
454 490
454 491
454 492
454 501
454 504
454 525
454 527
454 543
454 571
455 456
455 458
455 461
455 514
455 576
456 458
456 499
456 503
457 577
457 578
458 461
458 500
458 504
458 510
458 578
458 597
458 600
459 460
459 562
459 576
459 577
460 484
460 501
460 524
461 500
461 504
461 510
461 514
461 578
462 464
463 478
463 488
463 543
463 545
463 557
463 558
463 560
463 561
463 563
463 570
463 571
463 573
464 536
465 473
465 519
465 574
470 562
471 475
472 506
477 525
477 560
477 571
478 543
478 556
478 557
478 558
478 560
478 561
478 570
478 573
479 480
480 481
480 482
480 483
480 484
480 485
480 486
480 566
481 482
481 483
481 484
481 486
481 566
481 568
482 483
482 484
482 486
483 485
483 486
484 486
484 495
485 507
485 559
485 562
485 567
486 585
487 579
487 583
487 584
487 586
487 599
488 527
488 557
488 558
488 560
488 561
488 570
488 571
489 493
489 496
489 532
489 540
489 541
489 549
490 491
490 504
490 510
490 534
490 595
490 597
491 492
491 504
491 588
491 595
491 597
491 598
491 599
491 600
492 495
492 501
493 509
493 511
493 512
493 513
493 540
493 541
493 542
493 581
494 496
494 510
494 512
494 514
495 501
496 512
496 514
496 516
498 520
498 521
498 550
498 554
499 503
500 503
500 504
500 517
500 565
501 503
501 505
502 538
502 539
502 556
502 579
502 584
502 588
502 591
502 592
502 593
502 594
502 595
502 596
502 597
502 598
502 599
502 600
503 504
503 505
503 586
504 505
504 527
504 597
505 516
505 517
505 539
505 583
505 595
505 597
505 600
506 537
507 521
507 559
507 562
508 521
510 514
510 517
510 595
510 597
510 600
511 512
511 513
511 520
511 521
511 540
511 541
511 542
511 567
511 581
512 513
512 514
512 541
512 542
513 540
513 541
513 542
513 581
515 525
515 527
515 544
515 545
515 571
516 517
516 568
520 521
520 548
520 550
520 554
520 567
521 544
522 576
523 526
523 551
524 525
524 526
524 527
525 527
525 543
525 545
525 560
525 561
525 570
525 571
527 543
527 560
527 571
528 571
528 573
529 530
529 549
529 583
529 584
530 583
530 584
531 532
531 533
531 534
531 553
532 533
532 549
532 553
532 554
533 534
533 553
536 552
538 539
538 540
538 541
538 542
538 547
538 564
538 579
538 581
538 584
538 588
538 589
538 590
538 591
538 592
538 593
538 594
538 596
538 598
538 599
538 600
539 540
539 541
539 542
539 564
539 579
539 580
539 581
539 584
539 588
539 591
539 592
539 593
539 594
539 595
539 596
539 597
539 598
539 599
539 600
540 541
540 542
540 549
540 567
540 581
540 591
540 593
540 594
540 596
540 600
541 542
541 549
541 564
541 567
541 581
541 591
541 593
541 594
541 596
541 600
542 567
542 581
543 545
543 558
543 560
543 561
543 570
543 571
544 545
545 558
545 560
545 561
545 570
545 571
546 583
547 549
547 553
547 554
547 556
547 579
547 582
547 584
548 550
548 553
548 554
549 553
549 554
549 579
549 584
550 553
550 554
551 552
551 555
553 554
556 557
556 592
556 594
556 596
556 598
557 558
557 560
557 561
557 570
557 592
557 593
557 596
557 598
558 560
558 561
558 563
558 570
558 571
558 573
559 562
559 569
560 561
560 570
560 571
560 573
561 563
561 570
561 571
561 573
562 577
563 570
564 581
564 588
564 590
564 591
564 593
564 594
564 600
566 568
567 581
570 571
570 573
574 577
575 578
576 577
579 580
579 581
579 584
579 588
579 591
579 592
579 593
579 594
579 595
579 596
579 598
579 599
579 600
580 588
580 595
581 588
581 591
581 593
581 594
581 596
581 599
583 584
583 586
584 586
584 588
584 593
584 596
584 598
584 599
585 586
588 589
588 590
588 591
588 592
588 593
588 594
588 595
588 596
588 597
588 598
588 599
588 600
589 590
589 591
589 592
589 593
589 596
590 592
590 593
590 594
590 596
590 598
590 599
590 600
591 592
591 593
591 594
591 596
591 598
591 599
591 600
592 593
592 594
592 595
592 596
592 597
592 598
592 599
592 600
593 594
593 596
593 598
593 599
593 600
594 595
594 596
594 597
594 598
594 599
594 600
595 596
595 597
595 598
595 599
595 600
596 597
596 598
596 599
596 600
597 598
597 599
597 600
598 599
598 600
599 600
