600 8986

1 20
1 50
1 61
1 290
1 302
1 304
1 312
1 317
1 321
1 328
1 331
1 353
1 354
1 355
1 356
1 362
1 447
2 3
2 187
2 303
2 304
2 305
2 308
2 359
2 495
3 5
3 7
3 24
3 93
3 171
3 303
3 304
3 306
3 308
3 309
3 326
3 390
3 393
3 395
3 489
3 495
3 559
3 562
4 5
4 19
4 20
4 21
4 22
4 23
4 24
4 27
4 29
4 30
4 31
4 32
4 37
4 100
4 102
4 105
4 195
4 290
4 305
4 318
4 320
4 321
4 322
4 323
4 324
4 326
4 328
4 329
4 330
4 333
4 364
4 587
5 20
5 21
5 23
5 24
5 29
5 30
5 32
5 100
5 105
5 171
5 304
5 305
5 312
5 318
5 320
5 321
5 322
5 323
5 324
5 326
5 329
5 364
6 9
6 45
6 165
6 167
6 310
6 471
6 475
6 507
7 10
7 95
7 108
7 385
7 386
7 393
7 460
7 492
7 495
7 523
7 527
7 562
8 426
9 11
9 12
9 15
9 16
9 95
9 101
9 165
9 301
9 310
9 315
9 317
9 385
9 390
9 507
9 517
10 460
10 513
10 527
10 562
11 12
11 15
11 16
11 18
11 93
11 94
11 95
11 98
11 101
11 311
11 315
11 316
11 317
11 385
11 386
11 389
11 390
12 14
12 15
12 16
12 93
12 94
12 95
12 98
12 101
12 165
12 166
12 168
12 170
12 301
12 304
12 312
12 315
12 317
12 385
12 390
12 471
13 18
13 99
13 179
13 188
13 314
13 316
13 477
13 483
14 15
14 16
14 20
14 21
14 29
14 247
14 312
14 313
14 329
14 331
14 556
15 16
15 18
15 98
15 165
15 312
15 315
15 317
16 20
16 29
16 98
16 165
16 170
16 301
16 304
16 312
16 315
16 317
16 319
16 331
17 18
17 19
17 21
17 22
17 32
17 37
17 97
17 100
17 102
17 198
17 259
17 290
17 295
17 297
17 318
17 319
17 320
17 321
17 370
17 388
17 389
17 487
17 499
17 580
17 586
17 598
18 19
18 97
18 98
18 99
18 179
18 388
18 389
18 477
18 479
18 483
18 580
19 20
19 21
19 22
19 26
19 27
19 29
19 30
19 32
19 35
19 37
19 38
19 70
19 77
19 97
19 99
19 100
19 102
19 105
19 225
19 259
19 261
19 290
19 291
19 294
19 295
19 297
19 318
19 320
19 321
19 322
19 323
19 324
19 329
19 333
19 334
19 370
19 389
19 499
19 580
19 583
19 586
19 588
19 593
19 598
20 21
20 24
20 26
20 29
20 30
20 32
20 37
20 100
20 101
20 102
20 103
20 105
20 168
20 170
20 290
20 291
20 301
20 302
20 304
20 305
20 312
20 318
20 319
20 320
20 321
20 322
20 323
20 324
20 326
20 328
20 329
20 330
20 331
20 389
20 390
20 586
20 587
20 588
21 22
21 23
21 24
21 26
21 27
21 28
21 29
21 30
21 31
21 32
21 37
21 100
21 102
21 103
21 105
21 107
21 143
21 168
21 225
21 239
21 261
21 290
21 291
21 302
21 305
21 312
21 318
21 319
21 320
21 321
21 322
21 323
21 324
21 326
21 328
21 329
21 330
21 331
21 364
21 389
21 391
21 531
21 556
21 586
21 587
21 588
22 23
22 28
22 30
22 31
22 32
22 33
22 35
22 36
22 37
22 38
22 76
22 82
22 100
22 102
22 105
22 142
22 143
22 145
22 186
22 221
22 225
22 290
22 292
22 318
22 320
22 321
22 322
22 325
22 332
22 333
22 334
22 335
22 336
22 365
22 387
22 389
22 443
22 445
22 530
22 531
22 534
22 583
22 586
22 587
22 588
22 590
23 24
23 28
23 30
23 32
23 33
23 35
23 37
23 38
23 102
23 105
23 107
23 221
23 224
23 305
23 320
23 321
23 322
23 324
23 327
23 332
23 333
23 334
23 335
23 391
23 392
23 395
23 397
23 399
23 530
23 531
23 534
23 555
23 583
23 584
24 26
24 29
24 30
24 32
24 37
24 41
24 90
24 100
24 102
24 105
24 107
24 223
24 224
24 235
24 305
24 320
24 321
24 322
24 323
24 324
24 326
24 329
24 332
24 333
24 334
24 335
24 391
24 392
24 395
24 397
24 399
24 530
24 531
24 534
24 583
25 32
25 34
25 35
25 36
25 38
25 102
25 106
25 174
25 222
25 223
25 224
25 236
25 240
25 284
25 286
25 314
25 327
25 336
25 422
25 443
25 487
25 547
25 549
25 553
25 580
25 582
25 583
25 584
25 585
26 27
26 29
26 30
26 32
26 37
26 72
26 88
26 99
26 100
26 102
26 105
26 119
26 123
26 223
26 224
26 225
26 245
26 283
26 285
26 286
26 291
26 320
26 321
26 324
26 328
26 329
26 331
26 370
26 377
26 380
26 397
26 532
26 582
26 583
26 584
26 586
26 588
27 30
27 31
27 32
27 34
27 35
27 36
27 37
27 38
27 70
27 71
27 72
27 77
27 91
27 102
27 105
27 119
27 122
27 143
27 221
27 224
27 225
27 244
27 246
27 285
27 286
27 294
27 298
27 320
27 321
27 323
27 329
27 333
27 334
27 335
27 336
27 365
27 366
27 370
27 377
27 380
27 531
27 534
27 555
27 583
28 30
28 31
28 32
28 35
28 37
28 38
28 100
28 102
28 105
28 119
28 121
28 143
28 224
28 225
28 226
28 257
28 285
28 291
28 301
28 302
28 320
28 321
28 328
28 364
28 531
28 535
28 583
28 586
28 587
28 588
29 30
29 312
29 323
29 326
29 328
29 329
29 331
30 31
30 32
30 35
30 36
30 37
30 38
30 40
30 70
30 72
30 76
30 77
30 79
30 86
30 88
30 91
30 100
30 102
30 103
30 105
30 143
30 145
30 195
30 221
30 224
30 225
30 235
30 239
30 244
30 261
30 285
30 290
30 294
30 297
30 298
30 305
30 320
30 321
30 322
30 323
30 324
30 328
30 329
30 333
30 334
30 335
30 339
30 364
30 370
30 376
30 377
30 380
30 389
30 445
30 531
30 534
30 583
30 588
31 32
31 33
31 35
31 36
31 37
31 38
31 72
31 102
31 105
31 145
31 221
31 225
31 235
31 246
31 261
31 285
31 287
31 290
31 294
31 296
31 297
31 320
31 322
31 328
31 333
31 334
31 336
31 375
31 376
31 445
31 529
31 549
31 550
31 583
31 588
31 589
31 596
32 33
32 34
32 35
32 36
32 37
32 38
32 43
32 71
32 72
32 79
32 82
32 100
32 102
32 105
32 106
32 107
32 119
32 121
32 143
32 145
32 221
32 223
32 224
32 225
32 235
32 285
32 286
32 290
32 291
32 292
32 320
32 321
32 322
32 323
32 324
32 328
32 329
32 332
32 333
32 334
32 335
32 336
32 339
32 370
32 376
32 377
32 391
32 397
32 425
32 443
32 445
32 530
32 531
32 534
32 549
32 582
32 583
32 584
32 586
32 587
33 34
33 35
33 36
33 37
33 38
33 49
33 102
33 105
33 149
33 150
33 156
33 203
33 221
33 235
33 285
33 286
33 292
33 320
33 327
33 332
33 333
33 334
33 335
33 336
33 391
33 397
33 416
33 529
33 530
33 533
33 534
33 543
33 583
33 584
34 35
34 36
34 37
34 38
34 102
34 105
34 106
34 107
34 220
34 221
34 222
34 224
34 226
34 236
34 237
34 238
34 240
34 243
34 245
34 285
34 286
34 287
34 289
34 320
34 332
34 333
34 334
34 335
34 336
34 391
34 392
34 397
34 439
34 452
34 529
34 530
34 531
34 532
34 533
34 534
34 543
34 547
34 549
34 553
34 554
34 582
34 583
34 584
34 585
35 36
35 37
35 38
35 49
35 52
35 76
35 82
35 100
35 102
35 105
35 106
35 107
35 119
35 121
35 123
35 143
35 145
35 147
35 150
35 156
35 198
35 203
35 221
35 223
35 224
35 225
35 235
35 285
35 286
35 291
35 292
35 296
35 320
35 327
35 332
35 333
35 334
35 335
35 336
35 339
35 370
35 387
35 391
35 397
35 399
35 422
35 439
35 443
35 445
35 530
35 531
35 534
35 543
35 549
35 579
35 580
35 582
35 583
35 584
35 586
35 592
36 37
36 38
36 40
36 49
36 77
36 102
36 105
36 106
36 121
36 145
36 147
36 149
36 150
36 156
36 220
36 221
36 222
36 224
36 225
36 235
36 237
36 240
36 243
36 285
36 286
36 287
36 296
36 320
36 332
36 333
36 334
36 335
36 336
36 339
36 387
36 391
36 397
36 416
36 421
36 439
36 443
36 445
36 505
36 529
36 530
36 531
36 532
36 533
36 534
36 543
36 547
36 549
36 553
36 554
36 580
36 582
36 583
36 584
36 589
37 38
37 70
37 72
37 76
37 77
37 82
37 99
37 100
37 102
37 103
37 105
37 106
37 107
37 119
37 121
37 142
37 143
37 145
37 147
37 150
37 156
37 198
37 221
37 224
37 225
37 235
37 261
37 285
37 286
37 290
37 291
37 294
37 295
37 296
37 297
37 320
37 321
37 322
37 328
37 329
37 332
37 333
37 334
37 335
37 336
37 339
37 370
37 387
37 389
37 391
37 397
37 422
37 443
37 445
37 530
37 531
37 534
37 549
37 579
37 580
37 582
37 583
37 584
37 586
37 587
37 588
37 589
37 592
38 43
38 49
38 70
38 72
38 74
38 77
38 78
38 82
38 100
38 102
38 105
38 106
38 107
38 119
38 121
38 123
38 143
38 145
38 147
38 149
38 150
38 156
38 221
38 224
38 225
38 235
38 237
38 285
38 286
38 291
38 292
38 320
38 322
38 327
38 332
38 333
38 334
38 335
38 336
38 387
38 391
38 397
38 416
38 422
38 439
38 443
38 445
38 529
38 530
38 531
38 534
38 543
38 580
38 582
38 583
38 584
38 586
38 592
39 41
39 42
39 58
39 66
39 67
39 73
39 87
39 88
39 89
39 113
39 114
39 115
39 116
39 117
39 130
39 337
39 338
39 341
39 353
39 354
39 373
39 381
39 403
39 405
39 406
39 407
40 41
40 43
40 44
40 49
40 50
40 51
40 61
40 62
40 66
40 68
40 70
40 72
40 74
40 77
40 78
40 79
40 82
40 83
40 84
40 85
40 86
40 87
40 91
40 121
40 135
40 136
40 138
40 142
40 145
40 147
40 149
40 150
40 161
40 185
40 225
40 292
40 294
40 296
40 297
40 339
40 345
40 351
40 355
40 358
40 360
40 362
40 363
40 365
40 366
40 367
40 368
40 369
40 372
40 374
40 375
40 376
40 377
40 380
40 382
40 387
40 412
40 415
40 421
40 422
40 425
40 434
40 438
40 440
40 441
40 445
40 447
40 448
40 458
40 505
40 543
40 589
41 43
41 48
41 61
41 66
41 67
41 68
41 73
41 75
41 77
41 79
41 80
41 81
41 84
41 85
41 86
41 87
41 88
41 89
41 91
41 130
41 145
41 149
41 305
41 339
41 355
41 374
41 376
41 377
41 380
41 382
41 425
41 443
41 530
42 45
42 46
42 47
42 48
42 53
42 54
42 56
42 58
42 60
42 113
42 115
42 116
42 117
42 337
42 338
42 340
42 381
42 405
42 407
43 44
43 49
43 50
43 61
43 66
43 67
43 68
43 69
43 71
43 72
43 74
43 77
43 78
43 79
43 80
43 82
43 83
43 84
43 85
43 86
43 87
43 88
43 90
43 91
43 102
43 119
43 121
43 123
43 132
43 136
43 138
43 142
43 143
43 144
43 145
43 147
43 149
43 150
43 221
43 225
43 289
43 292
43 297
43 320
43 333
43 335
43 336
43 339
43 351
43 355
43 358
43 374
43 376
43 377
43 380
43 382
43 387
43 415
43 416
43 422
43 425
43 437
43 443
43 445
43 446
43 454
43 505
43 531
43 579
43 580
43 581
44 48
44 49
44 51
44 55
44 58
44 61
44 63
44 64
44 66
44 68
44 72
44 73
44 78
44 82
44 87
44 135
44 136
44 138
44 144
44 145
44 147
44 149
44 150
44 158
44 233
44 341
44 345
44 357
44 358
44 375
44 416
44 437
44 438
44 440
44 441
44 445
44 446
44 447
44 458
44 464
44 537
45 46
45 47
45 48
45 53
45 54
45 56
45 60
45 115
45 116
45 117
45 227
45 231
45 466
45 476
45 507
46 47
46 48
46 53
46 54
46 56
46 58
46 60
46 115
46 116
46 117
46 227
46 231
46 337
46 432
46 449
46 466
47 48
47 53
47 54
47 56
47 60
47 115
47 116
47 117
47 227
47 231
47 407
47 466
47 507
48 53
48 54
48 56
48 60
48 73
48 75
48 115
48 117
48 227
49 51
49 52
49 63
49 74
49 77
49 78
49 79
49 82
49 124
49 136
49 138
49 142
49 145
49 149
49 150
49 156
49 161
49 286
49 292
49 333
49 336
49 339
49 345
49 350
49 357
49 358
49 372
49 375
49 382
49 415
49 416
49 422
49 425
49 434
49 438
49 439
49 440
49 441
49 445
49 448
49 534
49 583
50 51
50 59
50 61
50 62
50 66
50 67
50 68
50 84
50 87
50 88
50 89
50 91
50 345
50 351
50 352
50 355
50 360
50 361
50 362
50 363
50 412
50 414
50 445
50 447
51 55
51 59
51 61
51 62
51 63
51 66
51 68
51 84
51 87
51 136
51 138
51 145
51 161
51 292
51 339
51 345
51 351
51 352
51 355
51 358
51 360
51 362
51 363
51 382
51 412
51 414
51 415
51 425
51 440
51 441
51 445
51 447
51 448
51 458
51 505
52 57
52 65
52 109
52 110
52 112
52 119
52 121
52 123
52 124
52 129
52 131
52 192
52 203
52 204
52 210
52 224
52 225
52 282
52 283
52 295
52 401
52 416
52 505
52 581
53 54
53 56
53 60
53 115
53 116
53 117
53 118
53 407
53 409
54 56
54 58
54 60
54 115
54 116
54 117
54 227
54 231
55 58
55 59
55 62
55 63
55 64
55 67
55 118
55 120
55 126
55 130
55 137
55 138
55 147
55 149
55 157
55 350
55 357
55 358
55 401
55 413
55 416
55 417
55 418
55 446
56 58
56 60
56 116
56 227
56 231
57 65
57 108
57 109
57 112
57 118
57 119
57 120
57 121
57 123
57 124
57 125
57 129
57 131
57 137
57 157
57 191
57 192
57 196
57 201
57 210
57 350
57 357
57 401
57 416
57 418
57 501
57 581
58 61
58 66
58 115
58 231
58 233
58 254
58 341
58 354
58 356
58 357
58 358
58 362
58 449
58 463
58 468
58 521
58 528
58 558
58 561
58 563
58 574
59 62
59 63
59 64
59 67
59 90
59 120
59 121
59 147
59 351
59 352
59 358
59 360
59 412
59 414
59 416
59 417
59 446
60 64
60 115
60 116
60 117
60 146
60 446
60 466
61 66
61 67
61 68
61 73
61 75
61 77
61 78
61 79
61 80
61 82
61 84
61 85
61 86
61 87
61 88
61 89
61 91
61 135
61 138
61 161
61 242
61 264
61 339
61 341
61 345
61 351
61 354
61 355
61 356
61 358
61 362
61 363
61 365
61 367
61 368
61 369
61 371
61 372
61 374
61 375
61 376
61 377
61 380
61 382
61 430
61 438
61 440
61 441
61 445
61 447
61 448
61 552
61 600
62 121
62 135
62 339
62 345
62 351
62 352
62 358
62 360
62 362
62 363
62 412
62 414
62 415
62 448
62 505
62 569
63 64
63 79
63 130
63 133
63 138
63 141
63 145
63 149
63 204
63 292
63 345
63 358
63 415
63 416
63 417
63 425
63 441
63 445
63 446
63 447
64 66
64 67
64 109
64 118
64 120
64 121
64 129
64 130
64 147
64 149
64 402
64 412
64 417
64 446
65 96
65 104
65 108
65 109
65 112
65 114
65 119
65 120
65 123
65 137
65 141
65 151
65 157
65 189
65 191
65 192
65 194
65 196
65 203
65 204
65 210
65 212
65 396
65 408
65 416
65 435
65 446
65 504
66 67
66 68
66 73
66 75
66 80
66 84
66 85
66 86
66 87
66 89
66 91
66 130
66 135
66 138
66 145
66 242
66 339
66 345
66 351
66 355
66 356
66 358
66 362
66 363
66 369
66 376
66 380
66 382
66 425
66 430
66 438
66 440
66 445
66 447
66 589
67 73
67 80
67 86
67 87
67 88
67 89
67 91
67 130
67 133
67 149
67 355
67 362
67 363
67 376
67 377
67 380
67 382
67 417
67 425
67 447
68 69
68 71
68 72
68 73
68 74
68 77
68 78
68 79
68 80
68 82
68 83
68 84
68 85
68 86
68 87
68 91
68 126
68 135
68 145
68 149
68 292
68 294
68 297
68 305
68 339
68 345
68 355
68 358
68 362
68 364
68 365
68 366
68 368
68 369
68 372
68 374
68 375
68 376
68 377
68 380
68 382
68 387
68 421
68 425
68 429
68 445
68 447
68 458
68 505
68 529
68 530
68 532
69 70
69 71
69 72
69 74
69 77
69 83
69 119
69 121
69 147
69 149
69 185
69 364
69 375
69 387
69 416
70 72
70 74
70 77
70 78
70 82
70 83
70 119
70 121
70 140
70 147
70 176
70 185
70 224
70 225
70 244
70 261
70 294
70 296
70 365
70 375
70 438
70 440
70 445
70 534
71 72
71 74
71 77
71 79
71 82
71 83
71 84
71 100
71 102
71 105
71 119
71 123
71 131
71 132
71 133
71 141
71 145
71 149
71 188
71 225
71 291
71 292
71 295
71 297
71 305
71 318
71 320
71 322
71 333
71 334
71 339
71 364
71 365
71 366
71 370
71 372
71 374
71 375
71 376
71 377
71 387
71 404
71 421
71 422
71 423
71 424
71 425
71 443
71 445
71 531
71 534
71 579
71 592
71 595
71 596
72 74
72 77
72 78
72 79
72 80
72 82
72 83
72 84
72 85
72 86
72 87
72 91
72 100
72 102
72 105
72 119
72 121
72 123
72 133
72 143
72 145
72 147
72 149
72 224
72 225
72 226
72 246
72 261
72 291
72 294
72 295
72 297
72 320
72 329
72 339
72 364
72 365
72 366
72 370
72 372
72 375
72 376
72 377
72 380
72 387
72 421
72 422
72 425
72 429
72 443
72 445
72 447
72 505
72 531
72 532
72 580
72 596
73 75
73 78
73 79
73 80
73 86
73 87
73 89
73 113
73 130
73 132
73 133
73 135
73 138
73 145
73 149
73 376
73 382
73 403
73 429
73 430
73 447
74 77
74 78
74 79
74 80
74 82
74 83
74 84
74 86
74 91
74 121
74 126
74 132
74 133
74 135
74 145
74 147
74 149
74 185
74 225
74 294
74 297
74 333
74 339
74 365
74 367
74 368
74 369
74 372
74 375
74 376
74 377
74 380
74 382
74 387
74 421
74 422
74 425
74 428
74 438
74 440
74 445
74 505
75 78
75 79
75 82
75 89
75 130
75 132
75 133
75 138
75 145
75 149
75 339
75 355
75 369
75 374
75 375
75 376
75 382
75 403
75 430
75 441
75 447
76 77
76 79
76 82
76 99
76 102
76 122
76 134
76 142
76 145
76 156
76 176
76 179
76 198
76 201
76 225
76 232
76 259
76 260
76 261
76 266
76 267
76 276
76 279
76 294
76 295
76 296
76 297
76 298
76 300
76 334
76 336
76 339
76 415
76 420
76 421
76 422
76 443
76 445
76 477
76 483
76 499
76 534
76 557
76 565
76 589
76 590
76 592
77 78
77 79
77 80
77 82
77 83
77 84
77 86
77 91
77 102
77 105
77 132
77 133
77 142
77 143
77 145
77 147
77 149
77 180
77 185
77 225
77 261
77 290
77 294
77 295
77 296
77 297
77 320
77 329
77 336
77 339
77 345
77 355
77 365
77 366
77 368
77 369
77 370
77 372
77 375
77 376
77 377
77 380
77 382
77 387
77 415
77 421
77 422
77 425
77 438
77 440
77 443
77 445
77 447
77 477
77 505
77 580
77 592
77 596
78 79
78 80
78 82
78 86
78 129
78 132
78 133
78 135
78 136
78 138
78 143
78 144
78 145
78 147
78 149
78 150
78 158
78 225
78 336
78 339
78 345
78 351
78 355
78 357
78 358
78 368
78 372
78 374
78 375
78 382
78 421
78 422
78 428
78 437
78 438
78 439
78 440
78 443
78 445
78 481
79 80
79 82
79 83
79 84
79 86
79 91
79 130
79 132
79 133
79 138
79 141
79 143
79 145
79 149
79 224
79 225
79 261
79 290
79 297
79 339
79 355
79 364
79 366
79 370
79 372
79 374
79 375
79 376
79 377
79 380
79 382
79 415
79 422
79 425
79 443
79 445
79 447
79 531
79 534
80 81
80 82
80 83
80 84
80 85
80 86
80 87
80 89
80 91
80 132
80 133
80 138
80 145
80 149
80 305
80 319
80 339
80 364
80 375
80 376
80 377
80 380
80 382
80 425
80 443
81 86
81 87
81 88
81 89
81 91
81 376
81 377
81 380
81 397
81 533
82 83
82 84
82 99
82 102
82 105
82 119
82 121
82 129
82 132
82 133
82 135
82 136
82 138
82 141
82 142
82 143
82 144
82 145
82 147
82 149
82 150
82 161
82 224
82 225
82 261
82 295
82 297
82 320
82 334
82 336
82 339
82 345
82 355
82 358
82 365
82 366
82 368
82 369
82 372
82 374
82 375
82 376
82 382
82 387
82 388
82 415
82 421
82 422
82 425
82 429
82 438
82 439
82 440
82 441
82 443
82 445
82 447
82 477
82 481
82 531
82 534
82 580
83 109
83 112
83 119
83 121
83 123
83 126
83 129
83 130
83 131
83 132
83 135
83 138
83 140
83 141
83 145
83 147
83 149
83 161
83 224
83 225
83 297
83 305
83 333
83 339
83 355
83 369
83 375
83 387
83 396
83 397
83 401
83 404
83 421
83 425
83 438
83 440
83 443
83 445
83 531
83 534
83 579
83 595
84 85
84 86
84 87
84 88
84 89
84 91
84 126
84 136
84 145
84 161
84 294
84 297
84 305
84 339
84 345
84 355
84 360
84 362
84 363
84 365
84 366
84 368
84 374
84 376
84 377
84 380
84 382
84 415
84 425
84 445
84 448
84 557
85 86
85 87
85 88
85 89
85 91
85 294
85 377
85 380
85 382
85 497
86 87
86 88
86 89
86 91
86 133
86 145
86 149
86 305
86 339
86 345
86 355
86 362
86 376
86 377
86 380
86 382
86 425
86 445
86 526
87 88
87 89
87 91
87 126
87 205
87 339
87 345
87 355
87 362
87 376
87 377
87 380
87 382
87 425
87 497
87 526
88 89
88 91
88 339
88 355
88 376
88 377
88 380
88 382
88 425
89 91
89 130
89 339
89 355
89 376
89 377
89 379
89 380
89 382
89 425
89 526
90 92
90 100
90 101
90 102
90 103
90 105
90 106
90 107
90 109
90 110
90 119
90 120
90 123
90 147
90 188
90 189
90 203
90 291
90 390
90 391
90 394
90 395
90 396
90 397
90 399
90 416
90 425
90 446
90 489
90 516
90 579
90 580
90 584
91 294
91 339
91 345
91 351
91 355
91 362
91 363
91 365
91 366
91 368
91 370
91 374
91 376
91 377
91 380
91 382
91 425
91 440
91 445
92 93
92 384
93 94
93 95
93 98
93 101
93 189
93 384
93 385
93 390
93 393
93 489
93 495
94 95
94 98
94 101
94 103
94 317
94 390
95 101
95 108
95 110
95 114
95 188
95 189
95 191
95 317
95 384
95 385
95 386
95 390
95 393
95 394
95 495
95 517
95 562
95 576
96 97
96 101
96 109
96 119
96 123
96 131
96 141
96 385
96 579
96 581
97 98
97 99
97 100
97 107
97 179
97 236
97 240
97 282
97 487
98 311
98 315
98 317
98 385
98 390
99 100
99 102
99 105
99 106
99 119
99 122
99 123
99 129
99 131
99 143
99 154
99 179
99 188
99 198
99 203
99 223
99 224
99 225
99 261
99 282
99 283
99 291
99 295
99 297
99 298
99 300
99 320
99 370
99 388
99 389
99 443
99 477
99 479
99 483
99 531
99 534
99 580
99 581
99 582
99 586
100 101
100 102
100 103
100 105
100 106
100 107
100 110
100 119
100 123
100 143
100 184
100 188
100 223
100 224
100 225
100 283
100 285
100 291
100 295
100 297
100 301
100 302
100 318
100 320
100 321
100 324
100 326
100 332
100 334
100 364
100 370
100 388
100 389
100 390
100 391
100 395
100 397
100 425
100 443
100 502
100 530
100 531
100 579
100 580
100 582
100 583
100 584
100 586
100 587
100 588
101 103
101 104
101 105
101 107
101 108
101 109
101 110
101 188
101 189
101 291
101 301
101 302
101 326
101 385
101 390
101 391
101 393
101 394
101 395
101 396
101 402
101 489
101 502
101 517
102 103
102 105
102 106
102 107
102 119
102 121
102 123
102 142
102 143
102 145
102 147
102 150
102 198
102 203
102 221
102 223
102 224
102 225
102 261
102 282
102 283
102 285
102 286
102 290
102 291
102 292
102 295
102 297
102 320
102 321
102 322
102 332
102 333
102 334
102 335
102 336
102 339
102 370
102 387
102 389
102 391
102 397
102 422
102 425
102 443
102 445
102 530
102 531
102 534
102 549
102 579
102 580
102 581
102 582
102 583
102 584
102 585
102 586
102 587
102 588
102 592
103 105
103 107
103 143
103 290
103 291
103 302
103 320
103 321
103 322
103 324
103 389
103 390
103 391
103 395
103 398
103 586
104 108
104 109
104 110
104 151
104 189
104 191
104 192
104 193
104 194
104 196
104 202
104 203
104 204
104 211
104 212
104 230
104 393
104 394
104 396
104 408
104 419
104 489
104 492
104 493
104 495
104 496
104 501
104 503
104 504
104 516
105 106
105 107
105 119
105 123
105 143
105 145
105 147
105 221
105 224
105 225
105 261
105 285
105 290
105 291
105 295
105 297
105 302
105 319
105 320
105 321
105 322
105 323
105 324
105 328
105 329
105 332
105 333
105 334
105 335
105 336
105 364
105 370
105 389
105 390
105 391
105 395
105 397
105 443
105 445
105 529
105 530
105 531
105 534
105 579
105 580
105 582
105 583
105 584
105 586
105 587
105 588
106 110
106 119
106 143
106 184
106 188
106 220
106 221
106 222
106 223
106 224
106 226
106 283
106 285
106 286
106 291
106 320
106 332
106 334
106 335
106 370
106 391
106 392
106 397
106 399
106 443
106 529
106 530
106 531
106 532
106 533
106 534
106 553
106 579
106 580
106 582
106 583
106 584
106 586
106 587
106 588
106 589
107 120
107 236
107 286
107 291
107 332
107 333
107 390
107 391
107 395
107 398
107 516
107 531
107 547
107 583
107 584
108 109
108 110
108 111
108 112
108 114
108 120
108 131
108 188
108 189
108 191
108 192
108 193
108 194
108 204
108 210
108 211
108 212
108 384
108 393
108 395
108 396
108 398
108 402
108 408
108 411
108 489
108 492
108 495
108 501
108 504
109 110
109 112
109 114
109 118
109 119
109 120
109 121
109 123
109 129
109 131
109 137
109 141
109 147
109 188
109 189
109 190
109 191
109 196
109 203
109 204
109 210
109 212
109 395
109 396
109 399
109 401
109 402
109 404
109 408
109 416
109 534
109 579
110 112
110 114
110 119
110 120
110 131
110 188
110 189
110 191
110 192
110 193
110 194
110 204
110 210
110 223
110 392
110 395
110 396
110 397
110 399
110 408
110 489
110 495
110 501
110 533
110 540
110 582
110 584
111 116
111 120
111 393
111 398
111 400
112 113
112 114
112 118
112 119
112 120
112 123
112 129
112 130
112 131
112 137
112 140
112 141
112 188
112 190
112 191
112 192
112 194
112 204
112 210
112 212
112 396
112 399
112 401
112 402
112 404
112 408
112 461
112 491
113 114
113 115
113 116
113 117
113 130
113 137
113 139
113 191
113 403
113 405
113 406
113 407
113 409
113 410
113 461
114 116
114 117
114 120
114 131
114 137
114 189
114 190
114 191
114 192
114 194
114 204
114 210
114 211
114 212
114 393
114 396
114 402
114 404
114 407
114 408
114 409
114 461
114 491
114 492
114 495
114 504
114 562
115 116
115 117
115 337
115 338
115 340
115 341
115 342
115 354
115 373
115 381
115 403
115 405
115 406
115 407
115 409
116 117
116 118
116 191
116 194
116 214
116 337
116 400
116 405
116 407
116 409
116 410
116 461
116 466
116 490
116 492
116 504
116 507
116 514
117 118
117 194
117 337
117 340
117 400
117 405
117 406
117 407
117 409
117 410
117 411
117 507
118 120
118 123
118 129
118 130
118 137
118 157
118 194
118 350
118 357
118 396
118 400
118 401
118 407
118 409
118 413
118 416
118 418
118 446
119 120
119 121
119 123
119 129
119 131
119 141
119 143
119 145
119 147
119 149
119 154
119 188
119 210
119 223
119 224
119 225
119 261
119 283
119 291
119 295
119 320
119 332
119 333
119 334
119 335
119 336
119 370
119 387
119 397
119 399
119 401
119 402
119 404
119 416
119 423
119 443
119 454
119 531
119 532
119 534
119 579
119 580
119 581
119 582
119 583
119 584
119 586
119 587
120 121
120 123
120 147
120 393
120 395
120 396
120 397
120 398
120 399
120 401
120 412
120 416
120 516
121 123
121 129
121 143
121 145
121 147
121 149
121 224
121 225
121 286
121 291
121 332
121 333
121 334
121 336
121 387
121 397
121 399
121 401
121 412
121 414
121 416
121 438
121 443
121 445
121 505
121 531
121 532
121 534
121 545
121 583
121 584
122 128
122 152
122 201
122 294
122 300
123 129
123 131
123 133
123 143
123 145
123 147
123 149
123 157
123 196
123 203
123 224
123 225
123 234
123 283
123 285
123 286
123 291
123 333
123 336
123 387
123 391
123 397
123 401
123 416
123 417
123 425
123 443
123 446
123 454
123 505
123 521
123 531
123 534
123 579
123 580
123 581
123 582
123 584
124 125
124 151
124 176
124 196
124 201
124 235
124 325
124 350
124 401
124 418
125 152
125 153
125 176
125 190
125 196
125 197
125 201
125 209
125 213
125 217
125 218
125 234
125 271
125 272
125 273
126 345
126 355
126 358
126 363
126 367
126 505
127 128
127 246
127 250
127 262
127 263
127 265
127 267
127 300
127 315
127 565
127 597
128 153
128 197
128 208
128 209
128 213
128 228
128 251
128 254
128 259
128 263
128 264
128 265
128 267
128 268
128 269
128 270
128 271
128 272
128 273
128 280
128 299
128 341
128 342
128 343
128 346
128 349
128 354
128 356
128 363
128 371
128 450
128 468
128 508
128 510
128 563
128 564
128 567
128 570
128 597
128 600
129 130
129 131
129 132
129 133
129 135
129 137
129 138
129 139
129 140
129 141
129 143
129 145
129 147
129 149
129 157
129 190
129 199
129 201
129 210
129 224
129 225
129 295
129 375
129 387
129 401
129 402
129 404
129 406
129 423
129 438
129 439
129 441
129 443
129 445
129 531
129 534
129 581
129 595
130 132
130 135
130 138
130 139
130 140
130 141
130 149
130 357
130 359
130 369
130 438
131 132
131 137
131 140
131 141
131 154
131 188
131 190
131 191
131 196
131 201
131 210
131 212
131 295
131 402
131 404
131 423
131 424
131 491
131 501
131 581
132 133
132 135
132 137
132 139
132 140
132 141
132 145
132 149
132 185
132 199
132 339
132 376
132 404
132 422
132 425
132 428
132 438
132 443
133 141
133 145
133 149
133 195
133 199
133 224
133 225
133 364
133 375
133 377
133 382
133 425
133 429
133 447
133 502
134 136
134 138
134 161
134 162
134 175
134 176
134 198
134 201
134 232
134 276
134 277
134 339
134 345
134 355
134 362
134 363
134 382
134 415
134 430
134 440
134 448
134 477
134 480
134 481
134 482
134 483
134 484
134 506
135 137
135 138
135 140
135 147
135 149
135 161
135 339
135 345
135 351
135 355
135 356
135 357
135 358
135 362
135 363
135 369
135 375
135 382
135 387
135 438
135 440
135 441
135 445
135 447
136 142
136 144
136 148
136 149
136 150
136 155
136 156
136 158
136 159
136 160
136 161
136 162
136 198
136 205
136 232
136 233
136 266
136 336
136 339
136 345
136 357
136 358
136 415
136 416
136 418
136 431
136 437
136 440
136 445
136 448
136 455
136 458
136 477
136 479
136 506
136 544
136 557
137 139
137 140
137 141
137 149
137 157
137 191
137 194
137 210
137 357
137 358
137 404
137 406
137 505
137 581
138 145
138 147
138 149
138 161
138 339
138 341
138 345
138 351
138 355
138 356
138 358
138 362
138 369
138 375
138 382
138 415
138 430
138 438
138 440
138 441
138 445
138 447
138 448
139 140
139 141
139 190
139 199
139 406
139 461
140 141
140 357
140 438
140 441
140 534
141 149
141 190
141 199
141 201
141 210
141 224
141 443
141 534
142 144
142 145
142 156
142 161
142 198
142 225
142 232
142 233
142 242
142 248
142 250
142 252
142 259
142 266
142 282
142 297
142 300
142 339
142 345
142 355
142 362
142 365
142 374
142 382
142 415
142 420
142 445
142 448
142 477
142 544
142 557
142 558
142 589
142 592
143 144
143 145
143 147
143 149
143 221
143 224
143 225
143 226
143 246
143 261
143 283
143 285
143 291
143 295
143 302
143 320
143 321
143 332
143 334
143 336
143 364
143 388
143 389
143 391
143 425
143 443
143 445
143 531
143 534
143 580
143 582
143 584
143 585
143 586
144 145
144 149
144 158
144 226
144 246
144 345
144 358
144 437
144 444
144 445
144 585
145 147
145 149
145 221
145 224
145 225
145 233
145 245
145 246
145 261
145 285
145 286
145 290
145 291
145 292
145 296
145 297
145 320
145 322
145 330
145 332
145 333
145 334
145 335
145 336
145 339
145 345
145 355
145 358
145 364
145 374
145 375
145 376
145 377
145 382
145 387
145 416
145 422
145 425
145 438
145 440
145 443
145 445
145 447
145 529
145 531
145 532
145 534
145 549
145 580
145 581
145 583
145 584
145 596
146 172
146 195
146 302
146 304
146 447
147 149
147 221
147 224
147 225
147 289
147 291
147 332
147 333
147 334
147 335
147 336
147 358
147 375
147 387
147 391
147 401
147 412
147 416
147 421
147 422
147 425
147 438
147 440
147 443
147 445
147 505
147 531
147 534
147 579
147 580
147 589
148 150
148 155
148 156
148 158
148 160
148 163
148 198
148 221
148 232
148 233
148 248
148 252
148 253
148 254
148 260
148 277
148 336
148 431
148 437
148 464
148 506
148 544
148 557
148 558
148 560
149 150
149 199
149 224
149 225
149 332
149 333
149 335
149 336
149 339
149 358
149 375
149 382
149 387
149 416
149 422
149 425
149 428
149 438
149 440
149 443
149 445
149 446
149 447
149 454
149 505
149 531
149 534
150 155
150 156
150 161
150 221
150 286
150 333
150 335
150 336
150 357
150 416
150 418
150 422
150 428
150 437
150 439
150 440
150 445
150 446
150 543
150 580
151 164
151 196
151 202
151 215
151 218
151 230
151 418
151 520
152 153
152 176
152 198
152 281
153 163
153 178
153 197
153 208
153 209
153 213
153 219
153 228
153 229
153 231
153 248
153 254
153 256
153 263
153 264
153 265
153 267
153 268
153 269
153 270
153 271
153 272
153 273
153 275
153 277
153 278
153 280
153 281
153 299
153 337
153 338
153 342
153 343
153 346
153 349
153 354
153 356
153 381
153 405
153 449
153 528
153 561
153 563
153 567
153 570
154 188
154 201
154 210
154 233
154 234
154 283
154 424
154 454
154 501
154 545
154 581
155 156
155 157
155 233
155 437
155 453
155 544
156 160
156 161
156 198
156 221
156 232
156 233
156 333
156 334
156 335
156 336
156 357
156 418
156 431
156 437
156 439
156 445
156 448
156 477
156 543
156 544
156 557
156 592
157 159
157 214
157 233
157 341
157 357
157 409
157 413
157 416
157 418
157 451
157 454
157 467
157 490
157 545
158 159
158 162
158 232
158 253
158 254
158 277
158 278
158 428
158 437
158 449
158 462
158 463
158 464
158 480
158 481
158 565
159 162
159 164
159 194
159 199
159 205
159 272
159 456
159 465
159 466
159 480
159 507
160 181
160 260
160 277
160 281
160 477
161 232
161 339
161 345
161 355
161 356
161 358
161 362
161 363
161 369
161 372
161 375
161 382
161 415
161 426
161 430
161 431
161 434
161 438
161 440
161 441
161 445
161 447
161 448
162 172
162 199
162 205
162 206
162 268
162 298
162 462
162 478
162 480
162 537
162 556
162 565
163 178
163 183
163 228
163 248
163 250
163 252
163 253
163 254
163 255
163 267
163 268
163 269
163 271
163 275
163 277
163 299
163 449
163 464
163 478
163 557
163 563
164 197
164 209
164 214
164 218
164 219
164 272
164 281
164 442
164 456
164 465
164 470
164 494
164 518
164 520
164 523
165 172
165 215
165 249
165 301
165 309
165 310
165 312
165 315
165 317
165 331
165 471
166 168
166 301
166 304
166 309
166 310
166 317
166 385
166 390
166 471
166 475
166 562
167 215
167 276
167 279
167 383
168 170
168 172
168 206
168 239
168 268
168 301
168 302
168 317
168 389
168 471
168 475
168 556
168 568
169 174
169 216
169 217
170 172
170 239
170 247
170 259
170 263
170 265
170 268
170 269
170 270
170 278
170 280
170 315
170 317
170 459
170 475
170 478
170 499
170 539
170 556
170 570
170 597
171 196
171 304
171 305
172 195
172 206
172 229
172 239
172 247
172 250
172 268
172 269
172 270
172 478
172 536
172 556
173 209
174 216
174 217
174 249
174 314
174 487
175 176
175 177
175 179
175 180
175 182
175 183
175 201
175 202
175 282
175 480
175 481
175 482
175 483
175 484
175 486
176 178
176 179
176 181
176 182
176 183
176 198
176 200
176 201
176 207
176 217
176 248
176 266
176 275
176 277
176 477
176 485
177 179
177 181
177 182
177 183
177 482
177 484
177 486
178 183
178 206
178 208
178 228
178 254
178 255
178 264
178 269
178 270
178 271
178 275
178 277
178 278
178 279
178 338
178 346
178 349
178 354
178 462
178 485
179 180
179 181
179 198
179 202
179 266
179 282
179 283
179 295
179 298
179 300
179 477
179 479
179 480
179 482
179 483
179 486
179 487
179 580
180 182
180 183
180 259
180 295
180 300
180 365
180 366
180 372
180 429
180 448
180 470
180 477
180 479
180 480
180 481
180 482
180 483
180 484
180 486
180 593
181 422
181 481
182 183
182 206
182 207
182 228
183 198
183 200
183 206
183 228
183 232
183 247
183 254
183 255
183 258
183 259
183 260
183 268
183 269
183 270
183 276
183 277
183 278
183 420
183 448
183 478
183 480
183 482
183 499
183 566
183 570
183 590
184 226
184 227
184 236
184 284
184 291
184 301
184 319
184 388
184 487
184 502
184 517
184 535
184 536
184 586
184 598
185 325
185 339
185 365
185 367
185 368
185 376
185 421
185 422
185 426
185 428
185 434
185 438
185 439
185 440
185 469
187 359
188 189
188 192
188 193
188 210
188 223
188 283
188 295
188 370
188 392
188 394
188 396
188 397
188 399
188 532
188 533
188 540
188 579
188 580
188 581
188 582
188 584
189 191
189 192
189 193
189 194
189 196
189 202
189 203
189 204
189 210
189 211
189 212
189 230
189 384
189 390
189 393
189 394
189 395
189 396
189 402
189 408
189 419
189 489
189 492
189 493
189 495
189 496
189 503
189 504
189 516
189 517
190 191
190 196
190 201
190 209
190 210
190 212
190 213
190 402
190 404
190 423
190 491
190 524
191 192
191 193
191 194
191 196
191 203
191 204
191 210
191 211
191 212
191 396
191 402
191 407
191 408
191 435
191 461
191 491
191 492
191 494
191 495
191 496
191 501
191 503
191 504
191 514
191 517
192 193
192 194
192 196
192 202
192 203
192 204
192 210
192 211
192 212
192 230
192 287
192 396
192 408
192 493
193 194
193 202
193 204
193 210
193 211
193 212
193 230
193 396
193 408
193 419
193 435
193 492
193 493
193 494
193 496
193 501
193 503
193 504
193 515
193 533
194 203
194 204
194 210
194 394
194 396
194 408
194 416
194 419
194 454
194 492
194 494
194 496
194 504
194 515
194 517
195 196
195 213
195 215
195 228
195 234
195 239
195 255
195 273
195 274
196 202
196 204
196 210
196 211
196 212
196 215
196 218
196 230
196 234
197 208
197 209
197 213
197 214
197 218
197 219
197 231
197 251
197 256
197 264
197 265
197 271
197 272
197 273
197 280
197 281
197 405
197 460
197 465
197 508
197 512
197 523
197 524
197 528
197 567
198 232
198 248
198 259
198 260
198 266
198 276
198 277
198 279
198 281
198 282
198 296
198 300
198 420
198 477
198 483
198 499
198 580
198 590
198 592
200 202
200 206
200 248
200 255
200 258
200 260
200 268
200 269
200 270
200 274
200 276
200 277
201 207
201 210
201 212
201 501
201 506
202 203
202 204
202 215
202 230
202 274
202 503
203 204
203 230
203 285
203 286
203 332
203 334
203 336
203 391
203 394
203 396
203 416
203 419
203 501
203 503
203 516
203 580
203 584
204 210
204 212
204 215
204 230
204 282
204 283
204 394
204 396
204 402
204 408
204 419
204 461
204 501
204 502
204 503
204 504
204 516
204 517
205 233
205 234
205 380
205 506
206 208
206 213
206 228
206 229
206 247
206 255
206 256
206 263
206 264
206 268
206 269
206 270
206 271
206 509
206 556
206 570
207 212
208 209
208 213
208 219
208 229
208 231
208 251
208 254
208 256
208 263
208 264
208 265
208 267
208 268
208 269
208 270
208 271
208 272
208 273
208 280
208 342
208 343
208 346
208 349
208 353
208 354
208 356
208 405
208 449
208 450
208 465
208 468
208 485
208 508
208 510
208 512
208 524
208 528
208 541
208 561
208 564
208 567
208 569
208 570
208 571
208 574
208 600
209 211
209 212
209 213
209 215
209 216
209 218
209 219
209 231
209 251
209 256
209 271
209 272
209 273
209 281
209 308
209 465
209 508
209 514
209 523
209 524
210 211
210 212
210 283
210 402
210 404
210 408
210 491
210 492
210 501
210 504
210 581
211 212
211 215
211 408
211 492
211 494
211 495
211 514
212 215
212 216
212 230
212 272
212 408
212 410
212 461
212 491
212 492
212 495
212 504
212 514
213 215
213 218
213 219
213 228
213 231
213 234
213 251
213 263
213 264
213 265
213 268
213 269
213 270
213 271
213 272
213 273
213 274
213 338
213 342
213 343
213 346
213 349
213 354
213 381
214 218
214 219
214 273
214 307
214 460
214 465
214 494
214 508
214 514
214 518
214 520
214 523
214 524
214 527
215 218
215 230
215 272
215 273
215 274
216 217
216 249
216 251
216 272
216 508
216 524
216 525
216 578
217 251
217 272
217 485
218 272
218 273
218 274
218 518
218 520
218 523
218 524
219 231
219 251
219 256
219 263
219 265
219 271
219 272
219 273
219 280
219 460
219 465
219 466
219 468
219 476
219 507
219 508
219 510
219 512
219 513
219 514
219 518
219 523
219 524
219 525
219 528
219 564
219 567
219 571
219 572
219 574
220 221
220 222
220 223
220 226
220 227
220 236
220 237
220 238
220 240
220 243
220 286
220 287
220 335
220 521
220 529
220 530
220 532
220 533
220 536
220 538
220 546
220 547
220 551
220 552
220 553
220 554
220 555
220 582
220 584
220 588
221 222
221 225
221 226
221 235
221 237
221 243
221 285
221 286
221 287
221 291
221 292
221 320
221 322
221 325
221 327
221 332
221 333
221 334
221 335
221 336
221 365
221 368
221 387
221 391
221 397
221 439
221 443
221 445
221 529
221 530
221 531
221 533
221 534
221 543
221 545
221 547
221 554
221 555
221 582
221 583
221 584
221 589
222 223
222 235
222 236
222 237
222 238
222 239
222 240
222 243
222 245
222 285
222 286
222 287
222 529
222 530
222 532
222 533
222 546
222 547
222 548
222 549
222 550
222 551
222 553
222 554
222 582
222 583
222 584
222 588
223 224
223 283
223 286
223 320
223 334
223 370
223 392
223 397
223 399
223 530
223 531
223 532
223 533
223 534
223 553
223 582
223 583
223 584
223 586
224 225
224 245
224 261
224 283
224 285
224 286
224 320
224 332
224 333
224 334
224 335
224 336
224 370
224 397
224 399
224 439
224 443
224 445
224 531
224 532
224 534
224 549
224 582
224 583
224 584
225 244
225 245
225 246
225 261
225 283
225 286
225 290
225 291
225 294
225 295
225 296
225 297
225 298
225 320
225 323
225 329
225 333
225 334
225 335
225 336
225 339
225 364
225 365
225 370
225 397
225 421
225 422
225 425
225 439
225 443
225 445
225 477
225 529
225 531
225 532
225 534
225 547
225 555
225 580
225 581
225 582
225 583
225 584
225 588
225 596
226 227
226 236
226 237
226 238
226 242
226 246
226 291
226 437
226 464
226 521
226 529
226 530
226 535
226 536
226 538
226 547
226 551
226 552
226 554
226 555
226 568
226 582
226 584
226 585
226 586
226 588
226 599
227 238
227 242
227 246
227 250
227 253
227 257
227 437
227 458
227 463
227 464
227 468
227 521
227 535
227 536
227 542
227 548
227 550
227 552
227 558
227 561
227 574
228 229
228 232
228 239
228 247
228 248
228 250
228 252
228 254
228 255
228 259
228 262
228 263
228 264
228 265
228 266
228 267
228 268
228 269
228 270
228 271
228 274
228 276
228 277
228 278
228 282
228 298
228 299
228 300
228 343
228 346
228 349
228 356
228 539
228 556
228 563
228 570
229 231
229 239
229 247
229 255
229 256
229 262
229 263
229 264
229 265
229 268
229 269
229 270
229 271
229 274
229 299
229 338
229 342
229 343
229 346
229 539
229 541
229 566
230 266
230 274
230 282
230 283
230 378
231 241
231 250
231 256
231 263
231 265
231 269
231 271
231 273
231 463
231 465
231 468
231 476
231 512
231 561
231 567
231 571
231 574
232 233
232 242
232 243
232 247
232 248
232 250
232 252
232 253
232 254
232 258
232 259
232 260
232 262
232 264
232 266
232 267
232 268
232 269
232 276
232 277
232 278
232 294
232 296
232 299
232 300
232 415
232 420
232 437
232 445
232 448
232 477
232 499
232 544
232 557
232 558
232 560
232 563
232 565
232 570
232 573
232 597
232 599
233 234
233 244
233 250
233 252
233 253
233 254
233 357
233 358
233 437
233 439
233 445
233 454
233 463
233 464
233 506
233 521
233 544
233 545
233 558
233 560
233 563
234 244
234 252
234 273
234 282
234 283
234 298
235 243
235 285
235 286
235 325
235 333
235 334
235 335
235 336
235 529
235 534
235 583
236 237
236 238
236 239
236 240
236 243
236 245
236 246
236 252
236 262
236 284
236 285
236 286
236 287
236 535
236 547
236 548
236 549
236 551
236 553
236 554
236 582
236 583
236 584
236 585
237 238
237 240
237 243
237 245
237 246
237 285
237 286
237 287
237 335
237 336
237 521
237 529
237 530
237 532
237 533
237 546
237 547
237 548
237 549
237 550
237 553
237 554
237 555
237 582
237 583
237 584
238 239
238 240
238 241
238 242
238 243
238 245
238 246
238 250
238 252
238 262
238 287
238 521
238 529
238 538
238 539
238 546
238 547
238 548
238 549
238 550
238 552
238 553
238 554
239 240
239 241
239 242
239 243
239 244
239 246
239 247
239 250
239 252
239 255
239 257
239 262
239 263
239 268
239 269
239 270
239 298
239 300
239 539
239 547
239 548
239 550
239 551
239 552
239 556
240 243
240 245
240 246
240 285
240 286
240 287
240 529
240 532
240 538
240 546
240 547
240 548
240 549
240 550
240 553
240 554
240 582
240 583
240 584
241 242
241 243
241 244
241 247
241 248
241 250
241 252
241 254
241 255
241 257
241 269
241 270
241 290
241 463
241 464
241 539
241 546
241 547
241 548
241 550
241 551
241 552
241 555
241 556
241 558
241 560
241 561
242 243
242 246
242 247
242 248
242 250
242 252
242 253
242 254
242 257
242 258
242 260
242 261
242 268
242 269
242 270
242 300
242 345
242 355
242 362
242 382
242 420
242 437
242 445
242 450
242 463
242 464
242 468
242 478
242 529
242 536
242 538
242 539
242 544
242 548
242 550
242 551
242 552
242 556
242 557
242 558
242 561
242 570
242 573
242 589
242 596
242 597
242 599
243 244
243 246
243 248
243 250
243 252
243 254
243 258
243 262
243 286
243 287
243 299
243 300
243 529
243 538
243 544
243 546
243 547
243 548
243 552
243 553
243 554
243 555
243 557
243 558
243 599
244 250
244 252
244 254
244 298
244 439
244 551
244 555
244 558
245 246
245 261
245 285
245 286
245 287
245 397
245 521
245 529
245 531
245 532
245 534
245 547
245 549
245 553
245 554
245 582
245 583
245 584
246 250
246 253
246 257
246 261
246 285
246 287
246 298
246 300
246 437
246 445
246 464
246 521
246 529
246 532
246 536
246 538
246 547
246 548
246 549
246 550
246 552
246 554
246 588
246 596
246 599
247 248
247 250
247 252
247 253
247 254
247 255
247 258
247 259
247 262
247 263
247 264
247 265
247 267
247 268
247 269
247 270
247 271
247 277
247 278
247 300
247 315
247 478
247 499
247 539
247 541
247 556
247 566
247 568
247 569
247 570
247 573
247 597
248 250
248 252
248 253
248 254
248 255
248 258
248 259
248 263
248 264
248 266
248 267
248 268
248 269
248 270
248 271
248 275
248 276
248 277
248 288
248 294
248 299
248 300
248 338
248 345
248 349
248 355
248 363
248 448
248 544
248 556
248 557
248 558
248 560
248 563
248 570
249 284
249 314
249 315
249 461
249 487
250 252
250 253
250 254
250 257
250 258
250 259
250 262
250 263
250 264
250 265
250 267
250 268
250 269
250 270
250 271
250 298
250 299
250 300
250 463
250 464
250 478
250 536
250 538
250 539
250 541
250 544
250 548
250 552
250 556
250 557
250 558
250 560
250 561
250 563
250 570
250 573
251 264
251 265
251 267
251 272
251 274
251 508
251 525
251 564
252 253
252 254
252 255
252 257
252 262
252 266
252 267
252 268
252 269
252 271
252 276
252 298
252 299
252 463
252 506
252 544
252 552
252 556
252 557
252 558
252 560
252 563
252 570
253 254
253 257
253 258
253 267
253 268
253 269
253 420
253 437
253 449
253 450
253 458
253 463
253 464
253 468
253 478
253 539
253 541
253 544
253 552
253 556
253 557
253 558
253 561
253 563
253 570
253 573
254 255
254 258
254 259
254 262
254 263
254 264
254 265
254 267
254 268
254 269
254 270
254 271
254 275
254 277
254 278
254 299
254 356
254 420
254 437
254 448
254 449
254 450
254 462
254 463
254 464
254 468
254 478
254 539
254 541
254 544
254 552
254 556
254 557
254 558
254 561
254 563
254 567
254 570
254 572
254 573
254 597
254 600
255 262
255 263
255 268
255 269
255 270
255 271
255 275
255 276
255 277
255 278
255 279
255 290
255 462
255 539
255 556
255 570
256 258
256 262
256 263
256 264
256 265
256 269
256 271
256 280
256 508
256 541
256 567
257 463
257 464
257 552
257 556
257 558
257 561
258 259
258 260
258 262
258 263
258 264
258 267
258 268
258 269
258 270
258 277
258 294
258 299
258 300
258 437
258 449
258 463
258 464
258 468
258 478
258 538
258 539
258 541
258 544
258 552
258 558
258 564
258 567
258 570
258 572
258 573
258 575
258 597
258 599
258 600
259 260
259 261
259 262
259 263
259 264
259 266
259 267
259 268
259 269
259 270
259 294
259 295
259 296
259 297
259 298
259 299
259 300
259 319
259 329
259 389
259 499
259 538
259 566
259 570
259 588
259 591
259 593
259 597
260 267
260 277
260 279
260 294
260 296
260 299
260 300
260 415
260 420
260 448
260 481
260 590
261 290
261 291
261 294
261 295
261 296
261 297
261 300
261 370
261 421
261 443
261 445
261 505
261 531
261 532
261 538
261 554
261 588
261 589
261 595
261 596
262 263
262 264
262 265
262 267
262 268
262 269
262 270
262 271
262 278
262 299
262 300
262 539
262 541
262 548
262 552
262 566
262 597
263 264
263 265
263 267
263 268
263 269
263 270
263 271
263 277
263 278
263 280
263 299
263 337
263 338
263 342
263 343
263 344
263 346
263 349
263 353
263 354
263 356
263 381
263 450
263 468
263 539
263 541
263 552
263 556
263 564
263 566
263 567
263 569
263 570
263 573
263 574
263 597
263 600
264 265
264 267
264 268
264 269
264 270
264 271
264 280
264 299
264 338
264 341
264 342
264 343
264 345
264 346
264 349
264 353
264 354
264 355
264 356
264 362
264 363
264 367
264 371
264 449
264 450
264 468
264 508
264 510
264 539
264 541
264 552
264 558
264 561
264 563
264 564
264 566
264 567
264 569
264 570
264 571
264 573
264 574
264 597
264 600
265 267
265 268
265 269
265 270
265 271
265 273
265 278
265 280
265 299
265 338
265 342
265 343
265 346
265 349
265 353
265 354
265 356
265 405
265 449
265 450
265 468
265 510
265 512
265 539
265 541
265 552
265 561
265 564
265 566
265 567
265 569
265 570
265 571
265 573
265 574
265 597
265 600
266 267
266 268
266 269
266 274
266 276
266 277
266 282
266 298
266 299
266 300
266 448
266 477
266 499
266 557
266 563
267 268
267 269
267 270
267 271
267 274
267 277
267 278
267 299
267 300
267 557
267 558
267 563
267 564
267 566
267 570
267 573
267 597
268 269
268 270
268 271
268 276
268 277
268 278
268 298
268 300
268 459
268 478
268 499
268 556
268 570
269 270
269 271
269 274
269 275
269 276
269 277
269 278
269 298
269 299
269 300
269 346
269 349
269 459
269 462
269 478
269 499
269 539
269 541
269 556
269 563
269 566
269 567
269 570
269 573
270 271
270 276
270 277
270 278
270 280
270 299
270 300
270 468
270 478
270 539
270 541
270 556
270 566
270 570
270 573
270 574
271 272
271 273
271 274
271 277
271 278
271 280
271 299
271 338
271 342
271 343
271 344
271 346
271 349
271 354
271 381
271 405
271 563
271 567
271 570
272 273
272 281
272 465
272 508
272 524
273 274
274 298
274 299
275 277
275 278
275 279
276 277
276 279
276 499
276 570
277 278
277 279
277 281
277 300
277 448
277 499
277 539
277 563
277 566
277 570
277 573
278 279
278 280
278 299
278 459
278 499
278 566
278 570
278 573
279 499
280 459
280 476
280 508
280 524
280 567
280 578
282 283
282 285
282 298
282 477
282 479
282 483
282 557
282 581
282 582
282 583
283 285
283 286
283 295
283 298
283 370
283 388
283 425
283 443
283 479
283 483
283 534
283 580
283 581
283 582
283 583
283 584
283 585
284 285
284 314
284 456
284 516
284 535
284 585
285 286
285 287
285 291
285 298
285 320
285 332
285 333
285 334
285 335
285 336
285 370
285 391
285 445
285 521
285 529
285 547
285 549
285 582
285 583
285 584
285 585
286 287
286 332
286 333
286 334
286 335
286 336
286 370
286 391
286 397
286 399
286 416
286 439
286 516
286 529
286 530
286 531
286 532
286 534
286 547
286 549
286 553
286 582
286 583
286 584
286 585
287 294
287 328
287 335
287 521
287 529
287 530
287 532
287 546
287 547
287 548
287 549
287 550
287 553
287 554
287 583
287 584
288 426
288 498
288 560
289 291
289 443
290 291
290 294
290 296
290 297
290 320
290 321
290 322
290 323
290 328
290 329
290 333
290 389
290 445
290 588
291 297
291 302
291 320
291 321
291 334
291 370
291 387
291 389
291 391
291 443
291 445
291 505
291 530
291 531
291 532
291 534
291 579
291 582
291 584
291 586
291 587
291 588
291 589
291 595
291 596
291 598
292 305
292 320
292 322
292 325
292 330
292 332
292 333
292 334
292 335
292 336
292 339
292 376
292 382
292 387
292 445
292 530
292 587
293 428
293 464
293 478
293 568
294 296
294 297
294 300
294 329
294 339
294 355
294 365
294 372
294 380
294 415
294 421
294 445
294 529
294 532
294 538
294 544
294 549
294 560
294 589
294 593
294 596
294 599
295 297
295 318
295 320
295 331
295 365
295 366
295 370
295 372
295 374
295 375
295 387
295 388
295 389
295 421
295 422
295 423
295 424
295 427
295 429
295 483
295 531
295 580
295 581
295 586
295 588
295 592
295 593
295 594
295 595
295 596
295 598
296 297
296 300
296 336
296 339
296 368
296 372
296 375
296 387
296 415
296 421
296 422
296 438
296 440
296 445
296 534
296 589
296 590
296 592
296 596
297 318
297 319
297 320
297 339
297 355
297 364
297 365
297 368
297 370
297 372
297 374
297 375
297 376
297 377
297 382
297 387
297 389
297 415
297 421
297 422
297 424
297 425
297 427
297 445
297 447
297 531
297 579
297 586
297 588
297 589
297 590
297 591
297 592
297 593
297 594
297 595
297 596
298 299
298 300
298 388
298 565
299 300
299 349
299 557
299 563
300 388
300 477
300 483
300 538
300 539
300 557
300 565
300 589
300 590
300 593
300 597
300 599
301 302
301 309
301 317
301 318
301 319
301 321
301 326
301 364
301 384
301 385
301 389
301 390
301 471
301 475
301 489
301 502
301 517
301 586
301 587
302 304
302 309
302 312
302 317
302 318
302 319
302 320
302 321
302 322
302 324
302 326
302 329
302 330
302 331
302 364
302 389
302 390
302 586
302 587
302 591
303 304
303 306
303 308
303 309
303 326
303 384
303 393
303 489
303 495
303 562
304 305
304 308
304 309
304 312
304 317
304 318
304 321
304 322
304 324
304 326
304 330
304 447
304 475
304 591
305 312
305 318
305 320
305 321
305 322
305 323
305 324
305 326
305 328
305 329
305 330
305 364
305 365
305 376
305 377
305 587
306 309
306 326
309 326
309 384
309 385
309 471
309 475
309 476
310 471
311 316
311 317
311 319
311 385
311 386
311 389
312 317
312 318
312 319
312 321
312 323
312 324
312 326
312 329
312 331
312 364
312 389
312 591
314 315
314 487
315 316
315 317
315 319
315 385
315 507
315 541
316 317
316 318
316 319
317 318
317 319
317 385
317 386
317 389
317 475
317 507
317 571
317 574
318 319
318 320
318 321
318 322
318 323
318 324
318 326
318 329
318 330
318 364
318 389
318 587
318 588
318 591
319 320
319 321
319 324
319 329
319 331
319 364
319 388
319 389
319 536
319 538
319 568
319 588
319 591
320 321
320 322
320 323
320 324
320 327
320 329
320 330
320 332
320 333
320 334
320 335
320 336
320 364
320 365
320 370
320 387
320 389
320 391
320 392
320 397
320 443
320 445
320 530
320 531
320 534
320 579
320 580
320 582
320 583
320 584
320 586
320 587
320 588
320 592
321 322
321 323
321 324
321 326
321 328
321 329
321 330
321 331
321 364
321 389
321 390
321 391
321 586
321 587
322 323
322 324
322 326
322 328
322 329
322 330
322 332
322 333
322 334
322 335
322 364
322 389
322 391
322 531
322 587
323 324
323 326
323 328
323 329
323 330
323 331
323 365
323 593
324 326
324 328
324 329
324 330
324 331
324 364
324 389
324 587
325 333
325 334
325 426
325 427
326 329
326 330
326 331
326 364
326 390
326 395
326 587
327 332
327 333
327 334
327 335
327 336
327 397
327 399
327 439
327 443
327 582
327 583
328 329
328 330
328 521
328 583
329 330
329 331
329 364
329 365
329 389
329 588
329 593
330 364
330 389
330 587
330 591
330 596
331 389
332 333
332 334
332 335
332 336
332 387
332 391
332 392
332 395
332 396
332 397
332 399
332 443
332 445
332 529
332 530
332 531
332 533
332 534
332 549
332 580
332 582
332 583
332 584
333 334
333 335
333 336
333 339
333 387
333 391
333 397
333 399
333 422
333 443
333 445
333 530
333 531
333 534
333 543
333 583
333 584
334 335
334 336
334 339
334 370
334 387
334 391
334 392
334 397
334 399
334 422
334 439
334 443
334 445
334 529
334 530
334 531
334 533
334 534
334 543
334 549
334 579
334 580
334 582
334 583
334 584
334 586
334 592
335 336
335 391
335 392
335 397
335 399
335 439
335 443
335 445
335 529
335 530
335 531
335 532
335 533
335 534
335 543
335 549
335 582
335 583
335 584
336 339
336 387
336 391
336 397
336 401
336 416
336 422
336 439
336 443
336 445
336 529
336 530
336 531
336 534
336 543
336 545
336 549
336 580
336 582
336 583
336 584
336 592
337 338
337 340
337 341
337 342
337 343
337 344
337 346
337 347
337 348
337 349
337 353
337 354
337 356
337 371
337 373
337 379
337 381
337 403
337 405
337 406
337 407
337 409
337 410
338 340
338 341
338 342
338 343
338 344
338 346
338 347
338 348
338 349
338 353
338 354
338 356
338 359
338 371
338 373
338 379
338 381
338 403
338 405
339 345
339 355
339 358
339 362
339 365
339 366
339 368
339 370
339 372
339 374
339 375
339 376
339 377
339 380
339 382
339 387
339 415
339 420
339 421
339 422
339 425
339 438
339 440
339 443
339 445
339 448
339 477
339 505
339 534
339 557
339 583
339 584
339 592
340 341
340 342
340 343
340 344
340 346
340 347
340 348
340 349
340 353
340 354
340 371
340 373
340 381
340 403
340 405
340 406
340 407
340 409
340 410
341 342
341 343
341 344
341 345
341 346
341 347
341 348
341 349
341 353
341 354
341 355
341 356
341 357
341 358
341 363
341 369
341 371
341 373
341 375
341 381
341 403
341 405
341 406
341 409
341 413
341 438
341 440
341 441
342 343
342 344
342 346
342 347
342 348
342 349
342 353
342 354
342 356
342 371
342 373
342 379
342 381
342 400
342 403
342 405
342 409
342 410
343 344
343 346
343 347
343 348
343 349
343 353
343 354
343 356
343 371
343 373
343 379
343 381
343 405
343 409
343 410
344 346
344 347
344 348
344 349
344 353
344 354
344 373
344 381
344 400
344 405
344 407
344 409
344 410
344 411
345 351
345 352
345 355
345 356
345 358
345 360
345 362
345 363
345 369
345 372
345 375
345 380
345 382
345 415
345 430
345 438
345 440
345 441
345 445
345 447
345 448
345 458
345 557
346 347
346 348
346 349
346 353
346 354
346 356
346 371
346 373
346 379
346 381
346 405
346 409
346 410
347 348
347 349
347 350
347 353
347 354
347 357
347 371
347 373
347 379
347 381
347 400
347 405
347 409
348 349
348 353
348 354
348 359
348 373
348 381
348 400
348 405
348 407
348 409
348 410
348 411
349 353
349 354
349 356
349 363
349 371
349 373
349 379
349 381
349 405
350 357
350 358
350 400
350 401
350 413
350 418
350 440
351 352
351 355
351 356
351 358
351 360
351 362
351 363
351 367
351 412
352 360
352 362
352 412
352 414
352 415
352 448
352 505
352 569
353 354
353 356
353 359
353 362
353 363
353 371
353 373
353 381
353 405
353 407
353 409
353 410
353 413
353 441
354 355
354 356
354 359
354 362
354 363
354 371
354 373
354 379
354 381
354 405
355 356
355 358
355 362
355 363
355 365
355 367
355 368
355 369
355 372
355 374
355 375
355 376
355 377
355 380
355 382
355 415
355 425
355 430
355 438
355 440
355 441
355 445
355 447
355 448
355 557
355 589
356 358
356 362
356 363
356 369
356 371
356 381
356 382
356 440
356 441
356 447
356 448
356 449
356 450
356 468
356 510
356 526
356 563
356 570
357 358
357 401
357 413
357 416
357 418
357 431
357 438
357 439
357 440
357 455
357 545
358 362
358 363
358 369
358 375
358 382
358 413
358 415
358 416
358 425
358 437
358 438
358 440
358 441
358 445
358 446
358 447
358 448
358 458
359 362
359 363
359 406
359 413
360 361
360 362
360 363
360 412
360 415
361 414
362 363
362 367
362 369
362 380
362 382
362 430
362 438
362 440
362 445
362 447
362 448
362 450
362 570
363 367
363 369
363 382
363 430
363 438
363 440
363 447
363 448
363 563
364 365
364 586
364 587
364 588
364 591
365 366
365 368
365 369
365 370
365 372
365 374
365 375
365 376
365 382
365 387
365 421
365 424
365 426
365 427
365 438
365 440
365 445
365 530
365 531
365 534
365 588
365 589
365 591
365 593
365 595
365 596
366 368
366 369
366 372
366 374
366 375
366 376
366 377
366 382
366 421
366 422
366 429
366 477
366 479
366 557
367 368
367 369
367 371
367 426
367 431
367 438
367 440
367 455
367 600
368 369
368 370
368 372
368 374
368 375
368 376
368 382
368 387
368 420
368 421
368 422
368 423
368 424
368 426
368 427
368 438
368 440
368 445
368 544
368 557
368 589
368 592
368 593
368 594
368 595
368 596
368 597
368 600
369 371
369 372
369 375
369 382
369 387
369 429
369 430
369 434
369 438
369 440
369 441
369 447
369 595
370 374
370 376
370 377
370 397
370 399
370 415
370 421
370 422
370 425
370 443
370 445
370 531
370 534
370 579
370 581
370 582
370 583
370 584
370 590
370 592
370 598
371 373
371 375
371 381
371 403
371 405
371 406
371 431
371 438
371 440
371 441
372 374
372 375
372 382
372 421
372 422
372 427
372 429
372 434
372 438
372 440
372 441
372 445
372 593
372 596
373 381
373 403
373 405
373 406
373 434
374 375
374 376
374 377
374 382
374 420
374 421
374 422
374 423
374 445
375 376
375 382
375 387
375 421
375 422
375 423
375 429
375 434
375 438
375 440
375 441
375 445
375 447
375 531
375 596
376 377
376 380
376 382
376 387
376 421
376 422
376 425
376 440
376 445
377 380
377 382
377 425
377 445
377 526
378 429
378 432
378 436
378 502
379 381
380 382
380 425
380 479
380 526
381 403
381 405
381 406
381 407
381 409
381 410
382 425
382 430
382 434
382 438
382 440
382 441
382 445
382 447
382 448
382 557
384 385
384 386
384 390
384 393
384 394
384 395
384 396
384 402
384 408
384 489
384 493
384 495
384 496
384 504
385 386
385 390
385 393
385 395
385 402
385 471
385 489
385 495
386 387
386 396
386 454
386 519
386 579
387 415
387 416
387 421
387 422
387 423
387 424
387 425
387 438
387 443
387 445
387 454
387 505
387 534
387 579
387 580
387 581
387 589
387 592
387 594
387 595
387 596
388 389
388 443
388 477
388 479
388 480
388 481
388 482
388 483
388 487
388 565
388 580
388 586
389 390
389 391
389 568
389 579
389 580
389 586
389 587
390 391
390 393
390 394
390 395
390 398
390 489
390 495
391 394
391 395
391 396
391 397
391 398
391 489
391 531
391 534
391 579
391 582
391 583
391 584
391 586
391 587
392 395
392 397
392 399
392 489
392 496
392 530
392 533
392 534
392 553
392 582
392 583
392 584
393 395
393 396
393 398
393 400
393 402
393 411
393 489
393 495
393 562
394 395
394 396
394 397
394 408
394 416
394 417
394 419
394 446
394 489
394 493
394 495
394 496
394 503
394 504
394 516
394 517
394 519
394 533
394 549
394 579
395 396
395 397
395 398
395 399
395 402
395 411
395 489
395 495
395 579
396 397
396 399
396 402
396 408
396 411
396 416
396 417
396 446
396 454
396 489
396 491
396 492
396 495
396 496
396 504
396 516
396 579
397 399
397 401
397 408
397 412
397 443
397 489
397 496
397 529
397 530
397 531
397 532
397 533
397 534
397 549
397 553
397 579
397 581
397 582
397 583
397 584
398 400
398 411
398 489
399 401
399 402
399 408
399 412
399 489
399 496
399 501
399 531
399 532
399 533
399 534
399 579
399 581
399 582
399 583
399 584
400 405
400 407
400 409
400 410
400 411
401 413
401 416
401 418
401 438
401 440
401 501
401 534
401 545
402 404
402 489
402 491
402 495
402 504
402 579
403 405
403 406
403 407
404 406
404 423
404 424
404 491
405 406
405 407
405 409
405 410
405 433
406 407
406 409
406 410
406 423
406 434
406 438
406 441
406 491
407 409
407 410
407 411
407 413
407 419
407 490
407 491
407 492
407 514
408 416
408 417
408 418
408 419
408 435
408 446
408 461
408 489
408 490
408 491
408 492
408 493
408 494
408 495
408 496
408 497
408 501
408 504
408 514
408 515
408 516
408 520
408 562
408 577
409 410
409 411
409 413
410 411
411 495
412 414
412 415
412 417
412 532
413 441
415 420
415 421
415 422
415 425
415 437
415 443
415 445
415 448
415 505
415 519
415 589
415 590
415 592
415 594
416 417
416 418
416 425
416 443
416 445
416 446
416 454
416 505
416 516
416 580
416 581
417 418
417 425
417 435
417 446
417 454
417 467
417 491
417 492
417 496
417 497
417 504
417 511
417 515
417 520
417 521
417 545
418 435
418 446
418 492
418 520
418 545
419 435
419 504
419 505
419 516
420 421
420 422
420 437
420 448
420 478
420 480
420 483
420 499
420 519
420 544
420 556
420 570
420 573
420 589
420 590
420 592
420 593
420 594
420 596
420 597
420 598
420 599
421 422
421 424
421 427
421 438
421 440
421 445
421 505
421 532
421 554
421 589
421 592
421 593
421 594
421 595
421 596
421 599
422 425
422 428
422 438
422 439
422 440
422 443
422 445
422 534
422 543
422 579
422 580
422 581
422 590
422 592
423 424
423 438
423 594
423 595
423 596
424 426
424 427
424 450
424 593
424 594
424 595
424 596
424 597
425 443
425 445
425 502
425 505
425 581
425 584
426 427
426 595
427 530
427 588
427 592
427 593
427 595
427 596
428 443
428 455
428 469
428 481
429 430
429 482
429 484
429 486
429 575
429 596
430 432
430 434
430 438
430 440
430 441
430 447
430 482
430 484
431 448
431 449
431 455
431 506
431 544
431 545
431 557
431 558
432 447
432 449
432 468
432 510
432 578
434 438
434 440
434 441
435 446
435 456
435 461
435 490
435 491
435 492
435 493
435 494
435 496
435 504
435 515
435 520
437 446
437 449
437 453
437 455
437 458
437 463
437 464
437 536
437 537
437 543
437 544
437 545
437 552
437 558
437 572
437 573
437 589
437 599
438 440
438 441
438 445
438 447
438 534
439 443
439 444
439 531
439 534
439 545
439 555
439 581
439 582
440 441
440 445
440 448
440 543
441 447
442 449
442 452
442 453
442 455
442 456
442 460
442 464
442 465
442 466
442 467
442 490
442 493
442 494
442 496
442 497
442 498
442 512
442 513
442 514
442 515
442 518
442 520
442 527
442 528
442 572
443 445
443 487
443 505
443 530
443 531
443 534
443 579
443 580
443 581
443 582
443 583
443 584
443 586
443 592
445 447
445 477
445 505
445 531
445 534
445 549
445 580
445 583
445 584
445 589
446 456
446 496
446 497
446 504
446 515
446 516
448 449
448 458
448 477
448 544
448 557
448 563
448 570
449 450
449 453
449 458
449 463
449 464
449 465
449 468
449 478
449 510
449 512
449 513
449 528
449 537
449 541
449 544
449 552
449 558
449 561
449 563
449 564
449 567
449 569
449 570
449 571
449 572
449 573
449 574
449 597
449 600
450 451
450 458
450 463
450 468
450 478
450 510
450 512
450 513
450 525
450 537
450 541
450 544
450 552
450 558
450 561
450 564
450 567
450 569
450 570
450 571
450 572
450 573
450 574
450 575
450 597
450 599
450 600
451 460
451 465
451 466
451 467
451 468
451 490
451 510
451 512
451 513
451 514
451 525
451 527
451 537
451 561
451 571
451 574
451 576
451 600
452 453
452 455
452 470
452 494
452 497
452 498
452 501
452 515
452 543
452 545
453 454
453 455
453 458
453 464
453 497
453 513
453 515
453 521
453 527
453 543
453 544
453 545
453 558
453 572
454 467
454 497
454 501
454 515
454 519
454 545
454 581
455 456
455 458
455 464
455 469
455 498
455 515
455 544
456 458
456 465
456 466
456 467
456 492
456 494
456 496
456 497
456 502
456 503
456 504
456 514
456 515
456 516
456 517
456 518
456 519
456 520
456 523
456 525
456 577
457 459
457 473
457 578
458 464
458 468
458 478
458 497
458 536
458 537
458 544
458 558
458 575
458 599
458 600
459 522
459 539
459 578
459 597
460 465
460 466
460 467
460 490
460 492
460 494
460 497
460 508
460 510
460 512
460 513
460 514
460 515
460 518
460 520
460 523
460 524
460 525
460 527
460 528
460 567
460 571
460 576
461 471
461 491
461 492
461 502
461 503
461 504
461 507
462 568
463 464
463 468
463 478
463 510
463 521
463 528
463 536
463 538
463 541
463 544
463 552
463 556
463 558
463 561
463 567
463 570
463 571
463 572
463 573
463 574
464 478
464 521
464 536
464 537
464 544
464 551
464 552
464 558
464 561
464 572
464 599
465 466
465 467
465 468
465 490
465 494
465 497
465 500
465 507
465 508
465 510
465 512
465 513
465 514
465 518
465 520
465 523
465 524
465 525
465 527
465 528
465 564
465 567
465 571
465 572
465 574
466 467
466 468
466 490
466 492
466 494
466 497
466 500
466 504
466 507
466 508
466 510
466 512
466 513
466 514
466 517
466 518
466 520
466 523
466 524
466 525
466 527
466 528
466 564
466 574
466 576
467 490
467 491
467 492
467 494
467 496
467 497
467 512
467 513
467 514
467 515
467 518
467 520
467 521
467 523
467 524
467 525
467 527
467 528
467 545
468 478
468 488
468 508
468 510
468 512
468 513
468 525
468 528
468 537
468 539
468 541
468 542
468 552
468 561
468 564
468 567
468 569
468 570
468 571
468 572
468 573
468 574
468 575
468 576
468 597
468 600
469 545
470 498
470 501
471 473
471 475
471 507
472 474
472 523
473 578
474 501
475 476
475 507
475 576
477 479
477 482
477 483
477 534
477 557
477 592
478 538
478 539
478 541
478 552
478 556
478 558
478 564
478 568
478 570
478 573
478 574
478 597
478 599
478 600
479 482
479 483
479 526
479 557
479 580
479 581
480 481
480 482
480 483
480 484
480 485
480 486
480 487
480 565
481 482
481 483
481 484
481 485
481 486
481 487
481 565
482 483
482 484
482 485
482 486
482 566
482 590
483 487
483 499
483 565
483 580
483 581
483 582
483 592
483 594
484 486
484 590
485 565
485 567
486 566
487 568
487 580
487 585
487 586
487 598
488 538
488 539
488 566
488 573
489 493
489 495
489 496
489 504
489 533
489 562
490 491
490 492
490 494
490 496
490 497
490 500
490 510
490 512
490 513
490 514
490 515
490 518
490 520
490 523
490 524
490 525
490 527
490 528
490 576
491 492
491 494
491 495
491 496
491 501
491 504
491 514
491 523
491 527
492 493
492 494
492 495
492 496
492 497
492 504
492 513
492 514
492 515
492 518
492 520
492 523
492 527
492 577
493 494
493 495
493 496
493 497
493 498
493 504
493 513
493 514
493 515
493 518
493 520
493 523
493 527
493 533
493 562
494 496
494 497
494 504
494 512
494 513
494 514
494 515
494 518
494 520
494 523
494 524
494 525
494 527
494 577
495 496
495 504
495 562
496 497
496 504
496 514
496 515
496 518
496 520
496 527
496 533
496 562
497 504
497 511
497 512
497 513
497 514
497 515
497 518
497 520
497 521
497 523
497 527
497 542
497 545
498 515
498 520
498 543
499 522
499 556
499 568
499 570
499 590
499 592
499 593
499 594
499 597
499 598
500 512
500 523
500 524
500 576
500 578
502 503
502 504
502 505
502 516
502 517
502 519
503 504
503 516
503 517
503 519
504 515
504 517
504 519
504 520
505 516
505 519
505 532
505 549
505 581
505 584
505 589
505 595
505 596
506 557
507 574
508 510
508 512
508 514
508 523
508 524
508 525
508 528
508 564
508 567
508 574
508 577
508 600
510 512
510 513
510 514
510 524
510 525
510 527
510 528
510 537
510 541
510 542
510 552
510 561
510 564
510 567
510 569
510 571
510 572
510 573
510 574
510 575
510 576
510 597
510 600
511 513
511 542
512 513
512 514
512 518
512 523
512 524
512 525
512 527
512 528
512 541
512 542
512 561
512 564
512 567
512 571
512 572
512 574
512 576
512 600
513 514
513 515
513 518
513 520
513 523
513 525
513 527
513 528
513 542
513 564
513 567
513 571
513 572
513 574
513 576
513 600
514 515
514 518
514 520
514 523
514 524
514 525
514 527
514 528
514 564
514 576
515 516
515 518
515 519
515 520
515 523
515 525
515 527
516 517
516 519
516 532
516 549
516 553
516 580
516 584
517 519
517 542
518 520
518 523
518 524
518 525
518 527
518 528
520 523
520 524
520 527
520 528
521 529
521 536
521 542
521 545
521 548
521 550
521 551
521 555
521 558
521 560
523 524
523 525
523 527
523 528
523 577
524 525
524 527
524 528
524 564
524 567
524 571
524 574
525 527
525 528
525 564
525 567
525 571
525 572
525 574
525 576
525 600
526 559
527 528
527 571
527 572
527 576
528 561
528 564
528 567
528 569
528 571
528 572
528 574
529 530
529 532
529 533
529 546
529 547
529 548
529 549
529 550
529 551
529 553
529 554
529 555
529 583
529 584
529 588
530 531
530 532
530 533
530 534
530 547
530 553
530 554
530 555
530 582
530 583
530 584
530 588
530 589
531 532
531 534
531 555
531 579
531 582
531 583
531 584
531 586
532 533
532 534
532 547
532 548
532 549
532 550
532 553
532 554
532 582
532 583
532 584
532 589
533 553
533 554
533 582
533 583
533 584
534 579
534 581
534 582
534 583
534 584
534 592
535 536
535 538
535 542
535 548
535 553
535 554
535 585
535 599
536 538
536 542
536 548
536 551
536 552
536 568
536 599
537 600
538 539
538 541
538 542
538 546
538 547
538 548
538 551
538 552
538 553
538 554
538 555
538 556
538 558
538 568
538 573
538 588
538 593
538 599
538 600
539 541
539 542
539 546
539 548
539 550
539 552
539 554
539 556
539 564
539 566
539 568
539 570
539 573
539 593
539 597
539 599
539 600
540 581
541 542
541 548
541 552
541 561
541 564
541 566
541 567
541 569
541 570
541 571
541 572
541 573
541 574
541 575
541 597
541 599
541 600
542 548
542 550
542 552
542 553
543 544
543 545
543 583
544 545
544 552
544 557
544 558
544 560
544 561
544 572
544 573
544 597
544 599
544 600
545 558
545 581
546 547
546 548
546 552
546 553
546 554
547 548
547 549
547 550
547 551
547 553
547 554
547 582
547 583
547 584
548 549
548 550
548 551
548 552
548 553
548 554
548 588
549 550
549 553
549 554
549 582
549 583
549 584
550 552
550 554
550 596
551 552
551 555
552 554
552 555
552 558
552 561
552 571
552 573
552 597
552 599
552 600
553 554
553 582
553 583
553 584
554 555
554 584
554 588
554 593
554 599
556 570
556 573
556 598
557 558
557 560
557 563
558 560
558 561
558 563
558 599
559 562
561 567
561 571
561 572
561 573
561 574
561 600
563 570
564 566
564 567
564 569
564 570
564 571
564 572
564 573
564 574
564 575
564 576
564 597
564 600
566 570
566 573
566 597
566 600
567 569
567 570
567 571
567 572
567 573
567 574
567 600
568 573
568 588
568 597
569 570
569 571
569 573
569 574
569 600
570 573
570 574
570 597
571 572
571 573
571 574
571 575
571 576
571 600
572 573
572 574
572 575
572 600
573 574
573 593
573 597
573 599
573 600
574 575
574 576
574 600
575 597
575 599
575 600
576 600
579 580
579 581
579 582
579 586
579 587
579 592
580 581
580 582
580 584
580 585
580 586
580 592
581 582
581 584
581 592
582 583
582 584
582 585
582 586
582 592
583 584
584 585
584 586
586 587
586 588
586 598
588 589
588 591
588 593
588 596
588 598
589 590
589 593
589 595
589 596
590 592
590 593
590 596
590 598
591 593
592 594
592 596
592 598
593 594
593 595
593 596
593 597
593 598
593 599
594 595
594 596
594 597
594 598
595 596
595 597
596 597
596 598
596 599
597 599
597 600
598 599
599 600
