600 8985

1 2
1 4
1 5
1 6
1 23
1 24
1 36
1 93
1 108
1 145
1 146
1 161
1 169
1 186
1 204
1 221
1 257
1 284
1 286
1 292
1 302
1 303
1 304
1 317
1 322
1 419
1 491
1 599
2 4
2 5
2 11
2 16
2 19
2 20
2 21
2 22
2 23
2 24
2 29
2 30
2 32
2 35
2 37
2 58
2 60
2 66
2 93
2 105
2 107
2 108
2 111
2 121
2 145
2 146
2 186
2 221
2 287
2 301
2 302
2 303
2 304
2 305
2 312
2 318
2 319
2 322
2 324
2 326
2 328
2 329
2 331
2 333
2 348
2 353
2 384
2 393
2 398
2 411
2 413
2 414
3 5
3 7
3 11
3 14
3 19
3 20
3 29
3 43
3 44
3 51
3 55
3 56
3 60
3 61
3 64
3 71
3 72
3 74
3 118
3 120
3 121
3 133
3 147
3 312
3 313
3 318
3 348
3 351
3 353
3 354
3 356
3 359
3 362
3 365
3 375
3 386
3 412
3 413
3 421
3 422
3 423
3 424
3 426
3 429
3 430
3 444
3 445
3 487
3 526
4 5
4 11
4 19
4 20
4 21
4 22
4 23
4 24
4 25
4 26
4 27
4 28
4 30
4 32
4 33
4 34
4 35
4 36
4 37
4 38
4 41
4 60
4 67
4 107
4 108
4 110
4 111
4 120
4 121
4 143
4 145
4 146
4 220
4 221
4 286
4 287
4 301
4 302
4 303
4 304
4 305
4 308
4 315
4 317
4 318
4 319
4 320
4 321
4 322
4 323
4 324
4 325
4 326
4 327
4 328
4 329
4 330
4 331
4 332
4 333
4 334
4 335
4 343
4 348
4 382
4 393
4 397
4 398
4 411
4 413
4 445
4 530
4 533
5 11
5 16
5 19
5 20
5 21
5 22
5 23
5 24
5 29
5 30
5 36
5 37
5 38
5 58
5 60
5 77
5 105
5 107
5 108
5 111
5 120
5 145
5 221
5 287
5 302
5 303
5 304
5 305
5 308
5 312
5 315
5 317
5 318
5 319
5 321
5 322
5 324
5 326
5 329
5 331
5 335
5 340
5 343
5 393
5 396
5 398
5 408
5 411
5 425
5 491
5 492
5 530
6 75
6 82
6 91
6 96
6 135
6 146
6 166
6 178
6 186
6 275
6 298
6 302
6 372
6 470
6 585
6 599
7 10
7 14
7 16
7 83
7 282
7 306
7 312
7 313
7 318
7 361
7 386
7 402
7 482
7 565
7 580
7 581
8 166
9 340
10 14
10 17
10 83
10 102
10 173
10 217
10 230
10 251
10 282
10 306
10 313
10 387
10 402
10 511
10 547
10 565
10 567
10 579
10 580
11 16
11 19
11 20
11 29
11 30
11 72
11 289
11 302
11 304
11 305
11 312
11 317
11 318
11 319
11 322
11 324
11 331
12 16
12 29
12 63
12 90
12 312
12 318
12 590
13 543
14 16
14 17
14 19
14 29
14 43
14 63
14 71
14 76
14 83
14 133
14 134
14 149
14 301
14 306
14 312
14 313
14 317
14 318
14 331
14 386
14 402
14 429
14 535
14 565
14 580
15 19
15 29
15 104
15 105
15 134
15 149
15 303
15 312
15 318
15 331
16 19
16 20
16 24
16 29
16 63
16 90
16 302
16 303
16 304
16 312
16 313
16 315
16 318
16 319
16 331
16 400
17 102
17 251
17 318
17 331
17 402
17 485
17 487
17 495
17 523
17 526
18 47
18 73
18 80
18 85
18 98
18 293
18 590
19 20
19 21
19 22
19 23
19 24
19 29
19 30
19 32
19 37
19 41
19 60
19 63
19 67
19 71
19 105
19 107
19 108
19 111
19 134
19 145
19 149
19 221
19 287
19 289
19 301
19 302
19 303
19 304
19 305
19 308
19 312
19 313
19 315
19 317
19 318
19 319
19 322
19 324
19 326
19 329
19 331
19 384
19 389
19 393
19 398
19 411
19 425
19 530
20 21
20 22
20 23
20 24
20 29
20 30
20 36
20 37
20 38
20 63
20 67
20 81
20 105
20 107
20 108
20 110
20 111
20 221
20 301
20 302
20 303
20 304
20 305
20 308
20 312
20 315
20 317
20 318
20 319
20 320
20 321
20 322
20 324
20 326
20 331
20 335
20 340
20 393
20 394
20 396
20 398
20 400
20 411
20 530
21 23
21 24
21 28
21 29
21 30
21 34
21 36
21 37
21 38
21 92
21 95
21 103
21 105
21 106
21 107
21 108
21 109
21 110
21 111
21 114
21 120
21 145
21 220
21 221
21 223
21 285
21 286
21 287
21 302
21 321
21 322
21 326
21 327
21 329
21 332
21 333
21 335
21 350
21 384
21 385
21 393
21 394
21 395
21 396
21 397
21 398
21 400
21 401
21 408
21 411
21 425
21 492
21 530
22 23
22 24
22 25
22 26
22 27
22 28
22 30
22 32
22 33
22 34
22 35
22 36
22 37
22 38
22 41
22 107
22 108
22 111
22 143
22 145
22 220
22 221
22 286
22 287
22 302
22 303
22 304
22 305
22 320
22 322
22 323
22 324
22 325
22 326
22 327
22 328
22 329
22 330
22 331
22 332
22 333
22 334
22 335
22 382
22 393
22 398
22 445
22 529
22 533
23 24
23 25
23 26
23 27
23 28
23 30
23 32
23 33
23 34
23 35
23 36
23 37
23 38
23 105
23 107
23 108
23 111
23 145
23 146
23 162
23 220
23 221
23 223
23 286
23 287
23 302
23 303
23 304
23 305
23 319
23 320
23 321
23 322
23 323
23 324
23 325
23 326
23 327
23 328
23 329
23 330
23 331
23 332
23 333
23 334
23 335
23 382
23 393
23 397
23 398
23 411
23 413
23 530
23 533
24 29
24 30
24 36
24 37
24 38
24 48
24 58
24 105
24 107
24 108
24 110
24 111
24 120
24 145
24 220
24 221
24 286
24 287
24 302
24 303
24 304
24 305
24 308
24 312
24 315
24 318
24 319
24 321
24 322
24 324
24 326
24 329
24 332
24 335
24 340
24 343
24 393
24 394
24 396
24 398
24 408
24 410
24 411
24 425
24 491
24 492
24 530
25 26
25 28
25 33
25 35
25 37
25 38
25 53
25 159
25 237
25 320
25 323
25 324
25 327
25 328
25 330
25 332
25 334
25 335
25 336
25 443
25 464
25 487
26 27
26 28
26 30
26 31
26 32
26 33
26 34
26 35
26 36
26 37
26 38
26 107
26 145
26 220
26 221
26 286
26 287
26 320
26 322
26 323
26 324
26 325
26 326
26 327
26 328
26 329
26 330
26 331
26 332
26 333
26 334
26 335
26 398
26 411
26 413
26 533
26 543
27 28
27 30
27 32
27 33
27 35
27 37
27 38
27 107
27 111
27 221
27 304
27 305
27 320
27 322
27 323
27 324
27 326
27 328
27 329
27 330
27 332
27 333
27 334
27 335
27 382
27 398
27 411
28 30
28 32
28 33
28 34
28 35
28 36
28 37
28 38
28 107
28 108
28 145
28 162
28 220
28 221
28 285
28 286
28 287
28 302
28 305
28 320
28 322
28 323
28 324
28 325
28 326
28 327
28 328
28 329
28 330
28 331
28 332
28 333
28 334
28 335
28 336
28 382
28 398
28 411
28 530
28 533
29 60
29 63
29 71
29 72
29 105
29 107
29 108
29 111
29 134
29 149
29 287
29 302
29 304
29 312
29 313
29 317
29 318
29 319
29 326
29 331
29 339
29 393
29 400
29 427
29 456
30 32
30 33
30 34
30 35
30 36
30 37
30 38
30 41
30 107
30 108
30 111
30 145
30 146
30 220
30 221
30 223
30 286
30 287
30 301
30 302
30 303
30 304
30 305
30 308
30 317
30 319
30 320
30 321
30 322
30 323
30 324
30 326
30 327
30 328
30 329
30 330
30 331
30 332
30 333
30 334
30 335
30 382
30 393
30 396
30 398
30 411
30 413
30 530
30 533
31 327
31 330
31 334
31 336
32 33
32 34
32 35
32 36
32 37
32 38
32 107
32 108
32 111
32 145
32 162
32 220
32 221
32 223
32 286
32 287
32 302
32 303
32 304
32 305
32 320
32 322
32 323
32 324
32 325
32 326
32 327
32 328
32 329
32 330
32 331
32 332
32 333
32 334
32 335
32 382
32 384
32 393
32 397
32 398
32 411
32 523
32 529
32 533
33 34
33 35
33 36
33 37
33 38
33 107
33 108
33 145
33 156
33 220
33 221
33 286
33 287
33 302
33 304
33 305
33 320
33 322
33 323
33 324
33 325
33 326
33 327
33 328
33 329
33 330
33 332
33 333
33 334
33 335
33 336
33 382
33 393
33 396
33 398
33 408
33 411
33 530
33 533
34 35
34 36
34 37
34 38
34 95
34 107
34 108
34 110
34 111
34 116
34 145
34 220
34 221
34 225
34 286
34 287
34 320
34 321
34 322
34 323
34 325
34 327
34 328
34 329
34 330
34 332
34 333
34 334
34 335
34 350
34 384
34 393
34 394
34 396
34 397
34 398
34 401
34 407
34 408
34 411
34 443
34 445
34 490
34 491
34 492
34 529
34 533
35 36
35 37
35 38
35 107
35 108
35 145
35 220
35 221
35 223
35 286
35 287
35 302
35 303
35 304
35 305
35 320
35 322
35 323
35 324
35 325
35 326
35 327
35 328
35 329
35 330
35 332
35 333
35 334
35 335
35 382
35 393
35 398
35 411
35 533
36 37
36 38
36 105
36 107
36 108
36 109
36 111
36 145
36 220
36 221
36 284
36 286
36 287
36 302
36 303
36 304
36 305
36 317
36 319
36 320
36 321
36 322
36 323
36 324
36 325
36 326
36 327
36 328
36 329
36 332
36 333
36 334
36 335
36 336
36 384
36 393
36 396
36 398
36 411
36 530
36 533
37 38
37 71
37 107
37 108
37 111
37 120
37 145
37 220
37 221
37 286
37 287
37 301
37 302
37 303
37 304
37 305
37 308
37 318
37 319
37 320
37 321
37 322
37 323
37 324
37 326
37 327
37 328
37 329
37 330
37 331
37 332
37 333
37 334
37 335
37 336
37 384
37 393
37 394
37 396
37 398
37 411
37 413
37 530
38 41
38 107
38 108
38 111
38 143
38 145
38 156
38 220
38 221
38 223
38 225
38 286
38 287
38 302
38 303
38 304
38 305
38 319
38 320
38 321
38 322
38 323
38 324
38 325
38 326
38 327
38 328
38 329
38 330
38 331
38 332
38 333
38 334
38 335
38 336
38 382
38 393
38 397
38 398
38 408
38 411
38 413
38 443
38 445
38 529
38 530
38 533
39 42
39 113
39 115
39 337
39 342
39 380
39 406
39 409
39 492
40 64
40 129
40 137
40 139
40 144
40 188
40 225
40 325
40 367
40 368
40 369
40 373
40 407
40 420
40 428
40 431
40 433
40 438
40 439
40 441
40 443
40 445
40 450
40 451
40 453
40 474
40 520
40 545
40 555
40 582
40 583
41 43
41 48
41 55
41 58
41 60
41 61
41 64
41 71
41 82
41 88
41 89
41 91
41 107
41 111
41 118
41 120
41 129
41 134
41 143
41 145
41 146
41 149
41 220
41 221
41 225
41 287
41 304
41 312
41 322
41 323
41 329
41 332
41 333
41 335
41 338
41 339
41 341
41 342
41 343
41 344
41 347
41 348
41 354
41 356
41 357
41 358
41 373
41 374
41 380
41 382
41 398
41 411
41 413
41 421
41 445
41 451
41 529
41 533
42 45
42 47
42 113
42 115
42 116
42 394
42 396
42 400
42 408
42 409
42 410
42 492
43 44
43 48
43 51
43 55
43 56
43 60
43 61
43 63
43 64
43 65
43 67
43 76
43 118
43 132
43 134
43 146
43 149
43 312
43 339
43 341
43 344
43 345
43 347
43 348
43 351
43 353
43 354
43 355
43 356
43 358
43 362
43 363
43 413
43 429
43 430
43 432
43 434
43 444
43 458
44 48
44 51
44 54
44 55
44 56
44 58
44 59
44 60
44 61
44 64
44 65
44 74
44 79
44 120
44 121
44 129
44 131
44 133
44 134
44 143
44 147
44 149
44 341
44 344
44 345
44 347
44 348
44 351
44 353
44 354
44 356
44 357
44 358
44 359
44 362
44 363
44 373
44 374
44 375
44 412
44 413
44 421
44 422
44 423
44 424
44 429
44 430
44 432
44 434
44 440
44 444
44 445
44 447
44 451
44 535
44 536
44 553
45 47
45 48
45 54
45 56
45 58
45 81
45 110
45 120
45 131
45 340
45 342
45 343
45 344
45 346
45 347
45 348
45 356
45 409
45 410
45 411
45 413
45 414
45 491
45 492
46 48
46 54
46 78
46 82
46 130
46 136
46 343
46 344
46 346
46 349
46 373
46 377
46 406
46 407
46 410
46 419
46 450
46 491
46 504
47 48
47 54
47 56
47 73
47 80
47 116
47 340
47 344
47 346
47 349
47 410
48 51
48 53
48 54
48 55
48 56
48 58
48 60
48 61
48 64
48 66
48 79
48 118
48 120
48 121
48 129
48 130
48 131
48 132
48 137
48 140
48 149
48 233
48 321
48 340
48 341
48 342
48 343
48 344
48 345
48 346
48 347
48 348
48 349
48 353
48 354
48 356
48 357
48 358
48 359
48 362
48 373
48 380
48 401
48 406
48 407
48 409
48 410
48 413
48 414
48 421
48 423
48 425
48 433
48 434
48 444
48 451
48 491
48 504
49 90
49 125
49 136
49 152
49 339
49 400
49 448
50 51
50 53
50 55
50 60
50 61
50 127
50 143
50 145
50 220
50 222
50 225
50 227
50 287
50 334
50 341
50 345
50 353
50 354
50 358
50 359
50 363
50 370
50 421
50 438
50 439
50 440
50 443
50 445
50 447
50 535
50 553
50 583
51 53
51 54
51 55
51 56
51 58
51 60
51 61
51 62
51 63
51 64
51 66
51 118
51 120
51 132
51 139
51 143
51 146
51 147
51 149
51 312
51 341
51 344
51 345
51 346
51 348
51 351
51 353
51 354
51 355
51 356
51 358
51 359
51 362
51 363
51 410
51 413
51 421
51 423
51 439
51 440
51 444
51 445
51 447
51 583
52 57
52 92
52 104
52 105
52 109
52 124
52 141
52 187
52 191
52 193
52 198
52 199
52 200
52 201
52 204
52 223
52 394
52 416
52 417
52 457
52 496
52 514
53 54
53 55
53 60
53 118
53 139
53 147
53 348
53 351
53 355
53 356
53 357
53 360
53 371
53 412
53 439
53 440
53 487
53 555
53 583
53 586
54 55
54 56
54 58
54 60
54 64
54 73
54 79
54 120
54 132
54 137
54 139
54 147
54 340
54 341
54 343
54 344
54 345
54 346
54 347
54 348
54 349
54 351
54 353
54 354
54 356
54 357
54 358
54 359
54 363
54 371
54 373
54 407
54 409
54 410
54 413
54 414
54 422
54 423
54 424
54 434
54 440
54 444
54 546
55 56
55 58
55 60
55 61
55 63
55 64
55 65
55 66
55 74
55 118
55 119
55 120
55 121
55 127
55 129
55 131
55 143
55 146
55 147
55 149
55 221
55 225
55 287
55 341
55 344
55 345
55 347
55 348
55 351
55 353
55 354
55 355
55 356
55 357
55 358
55 359
55 362
55 363
55 375
55 412
55 413
55 414
55 421
55 422
55 423
55 424
55 430
55 434
55 440
55 443
55 444
55 445
55 447
55 451
55 553
55 583
56 58
56 60
56 61
56 64
56 118
56 120
56 147
56 340
56 341
56 344
56 346
56 348
56 351
56 353
56 354
56 356
56 357
56 359
56 362
56 363
56 375
56 409
56 410
56 413
56 414
56 422
56 423
56 434
56 444
57 65
57 92
57 119
57 124
57 149
57 171
57 184
57 187
57 191
57 223
57 233
57 350
57 416
57 418
57 437
57 600
58 60
58 61
58 64
58 65
58 66
58 111
58 118
58 120
58 129
58 130
58 131
58 146
58 147
58 149
58 321
58 341
58 343
58 344
58 345
58 347
58 348
58 349
58 350
58 353
58 354
58 356
58 357
58 358
58 359
58 362
58 380
58 401
58 407
58 410
58 412
58 413
58 414
58 423
58 433
58 444
58 445
58 451
58 491
59 60
59 64
59 67
59 121
59 353
59 354
59 359
59 362
59 375
60 61
60 63
60 64
60 65
60 66
60 67
60 71
60 74
60 111
60 118
60 120
60 121
60 129
60 132
60 134
60 143
60 146
60 147
60 149
60 221
60 225
60 287
60 312
60 318
60 331
60 341
60 344
60 345
60 346
60 347
60 348
60 351
60 353
60 354
60 355
60 356
60 357
60 358
60 359
60 362
60 363
60 374
60 375
60 410
60 412
60 413
60 414
60 421
60 422
60 423
60 430
60 434
60 440
60 443
60 444
60 445
60 447
60 451
60 583
61 63
61 64
61 65
61 66
61 71
61 111
61 118
61 120
61 121
61 127
61 129
61 132
61 134
61 143
61 146
61 149
61 220
61 221
61 222
61 225
61 237
61 240
61 287
61 312
61 323
61 328
61 329
61 338
61 341
61 344
61 345
61 347
61 348
61 353
61 354
61 355
61 356
61 357
61 358
61 359
61 362
61 363
61 373
61 374
61 375
61 382
61 411
61 412
61 413
61 414
61 421
61 422
61 423
61 430
61 433
61 440
61 443
61 444
61 445
61 447
61 451
61 529
61 535
61 553
61 583
61 584
62 86
62 147
62 351
62 352
62 360
63 65
63 66
63 67
63 76
63 84
63 90
63 118
63 120
63 132
63 134
63 146
63 149
63 312
63 313
63 318
63 339
63 347
63 348
63 358
63 362
63 413
63 427
63 502
64 65
64 119
64 120
64 121
64 129
64 131
64 143
64 147
64 149
64 225
64 341
64 344
64 345
64 347
64 348
64 351
64 353
64 354
64 356
64 357
64 358
64 359
64 362
64 363
64 365
64 412
64 413
64 414
64 421
64 422
64 423
64 424
64 430
64 434
64 443
64 444
64 445
64 447
64 451
65 110
65 111
65 118
65 119
65 120
65 121
65 134
65 143
65 145
65 149
65 221
65 222
65 233
65 301
65 321
65 341
65 348
65 351
65 353
65 354
65 356
65 357
65 358
65 359
65 362
65 401
65 412
65 413
65 423
65 430
65 437
65 440
65 443
65 445
65 447
66 67
66 111
66 118
66 120
66 146
66 289
66 345
66 348
66 353
66 356
66 358
66 359
66 362
66 363
66 413
66 444
67 87
67 289
67 312
67 318
67 339
67 361
68 140
69 119
69 129
69 131
69 225
69 347
69 349
69 376
69 434
69 439
69 451
70 74
70 75
70 79
70 82
70 365
70 374
70 375
70 421
70 422
70 429
70 430
70 493
70 495
70 507
70 508
70 593
71 129
71 143
71 149
71 220
71 225
71 287
71 312
71 329
71 331
71 365
71 370
71 412
71 529
72 82
72 96
72 134
72 145
72 287
72 331
72 345
72 372
72 421
72 445
72 447
73 79
73 80
73 85
73 86
73 98
73 139
73 283
73 371
73 404
73 464
73 484
73 486
73 556
73 597
74 75
74 78
74 82
74 96
74 118
74 127
74 129
74 130
74 131
74 135
74 137
74 155
74 222
74 345
74 348
74 351
74 353
74 354
74 357
74 358
74 362
74 372
74 373
74 374
74 375
74 421
74 422
74 444
74 447
74 451
74 482
74 501
74 504
74 516
75 78
75 82
75 91
75 96
75 123
75 135
75 166
75 175
75 179
75 186
75 192
75 200
75 202
75 226
75 276
75 345
75 372
75 374
75 375
75 403
75 447
75 482
75 483
75 508
75 509
75 585
75 599
76 90
76 133
76 297
76 339
76 364
76 365
76 538
76 590
76 591
76 593
77 140
77 162
77 185
77 186
77 200
77 470
77 496
78 82
78 96
78 372
78 406
78 585
79 80
79 81
79 86
79 132
79 233
79 338
79 341
79 347
79 348
79 356
79 357
79 371
79 373
79 375
79 380
79 381
79 405
79 418
79 422
79 424
79 426
79 429
79 430
79 432
79 434
79 546
79 597
80 85
80 86
80 98
80 283
80 371
80 484
80 486
80 487
80 556
80 586
81 340
81 342
81 343
81 347
82 88
82 91
82 96
82 127
82 129
82 131
82 134
82 135
82 145
82 146
82 162
82 186
82 222
82 226
82 240
82 286
82 287
82 302
82 322
82 337
82 345
82 358
82 365
82 372
82 373
82 374
82 375
82 377
82 380
82 382
82 406
82 407
82 420
82 421
82 444
82 445
82 447
82 450
82 470
82 490
82 491
82 501
82 532
82 585
82 599
83 251
83 282
83 306
83 313
83 317
83 386
83 387
83 389
83 402
83 482
83 547
83 580
84 86
84 87
84 97
84 427
84 482
84 502
85 98
85 283
86 87
86 352
86 371
86 484
87 91
87 126
87 177
87 179
87 339
87 373
87 389
87 427
87 448
87 480
87 482
87 483
87 502
88 89
88 91
88 130
88 337
88 338
88 373
88 374
88 377
88 380
88 381
88 382
88 405
88 406
89 91
89 175
89 337
89 380
89 381
89 382
90 160
90 260
90 312
90 339
90 364
90 427
90 488
90 589
90 590
90 591
91 186
91 284
91 337
91 372
91 380
91 381
91 382
91 406
91 470
91 585
92 95
92 105
92 109
92 112
92 141
92 187
92 191
92 198
92 200
92 204
92 384
92 394
92 419
92 425
92 491
92 505
93 95
93 96
93 103
93 105
93 109
93 111
93 184
93 191
93 301
93 302
93 303
93 384
93 490
94 95
94 102
94 112
94 286
94 309
94 367
94 579
95 96
95 103
95 109
95 110
95 112
95 114
95 119
95 130
95 131
95 145
95 188
95 190
95 225
95 395
95 397
95 399
95 408
95 412
95 443
95 490
95 491
95 514
96 112
96 118
96 127
96 129
96 130
96 131
96 135
96 145
96 146
96 155
96 186
96 192
96 197
96 200
96 302
96 345
96 372
96 374
96 375
96 406
96 421
96 444
96 447
96 491
96 585
96 599
97 282
98 165
98 205
98 230
98 282
98 283
98 386
98 402
98 426
98 484
98 487
99 157
99 182
99 195
99 262
99 277
99 298
99 300
100 101
100 102
100 172
100 177
100 189
100 202
100 203
100 230
100 234
100 235
100 236
100 244
100 266
100 283
100 309
100 367
100 390
100 391
100 452
100 467
100 473
100 485
100 489
100 498
100 503
100 505
100 511
100 519
100 521
100 522
100 527
100 551
100 555
100 562
100 579
100 581
100 594
101 114
101 172
101 189
101 235
101 236
101 244
101 390
101 391
101 478
101 489
101 521
101 522
101 547
101 548
101 551
101 555
101 556
101 573
101 582
102 251
102 282
102 391
102 547
102 555
102 579
103 106
103 107
103 109
103 110
103 111
103 114
103 119
103 145
103 194
103 221
103 223
103 225
103 321
103 326
103 350
103 384
103 393
103 394
103 395
103 397
103 408
103 411
103 530
104 105
104 123
104 141
104 151
104 155
104 161
104 186
104 192
104 193
104 198
104 200
104 202
104 203
104 204
104 215
104 257
104 276
104 281
104 345
104 457
104 505
105 106
105 107
105 108
105 109
105 110
105 117
105 191
105 204
105 302
105 303
105 326
105 384
105 393
105 394
105 395
105 396
105 398
105 400
105 425
105 530
106 109
106 110
106 117
106 350
106 394
106 395
106 396
106 400
106 408
106 492
107 108
107 109
107 110
107 111
107 116
107 120
107 121
107 145
107 220
107 221
107 223
107 287
107 301
107 302
107 303
107 304
107 305
107 308
107 312
107 315
107 317
107 319
107 320
107 321
107 322
107 323
107 324
107 326
107 327
107 328
107 329
107 332
107 333
107 334
107 335
107 350
107 384
107 393
107 394
107 395
107 396
107 397
107 398
107 400
107 408
107 411
107 413
107 529
107 530
107 533
108 109
108 110
108 111
108 116
108 121
108 136
108 145
108 149
108 220
108 221
108 287
108 301
108 302
108 303
108 304
108 305
108 308
108 312
108 317
108 319
108 320
108 321
108 322
108 323
108 324
108 326
108 328
108 329
108 332
108 333
108 335
108 384
108 393
108 394
108 396
108 398
108 400
108 411
108 425
108 530
108 533
109 110
109 111
109 116
109 117
109 141
109 191
109 194
109 223
109 384
109 385
109 393
109 394
109 395
109 396
109 397
109 398
109 400
109 408
109 411
109 530
110 111
110 115
110 116
110 117
110 118
110 119
110 120
110 136
110 194
110 221
110 301
110 321
110 326
110 343
110 350
110 385
110 393
110 394
110 395
110 396
110 397
110 398
110 400
110 401
110 408
110 411
110 413
110 491
110 492
110 530
111 116
111 117
111 118
111 120
111 121
111 145
111 221
111 223
111 301
111 302
111 303
111 304
111 305
111 312
111 317
111 319
111 320
111 321
111 322
111 323
111 324
111 326
111 329
111 332
111 333
111 335
111 348
111 382
111 384
111 385
111 393
111 394
111 395
111 396
111 397
111 398
111 400
111 408
111 411
111 413
111 491
111 530
112 113
112 130
112 131
112 135
112 140
112 141
112 154
112 179
112 187
112 190
112 197
112 198
112 200
112 204
112 337
112 349
112 367
112 407
112 419
112 425
112 435
112 450
112 459
112 460
112 474
112 490
112 491
112 494
112 499
112 501
112 503
112 504
112 505
112 510
112 514
113 114
113 115
113 116
113 130
113 180
113 337
113 343
113 350
113 380
113 396
113 406
113 407
113 408
113 419
113 491
113 492
113 582
114 194
114 385
114 394
114 396
114 400
114 408
114 492
115 116
115 117
115 385
115 388
115 394
115 396
115 398
115 400
115 406
115 408
115 492
116 117
116 118
116 130
116 340
116 343
116 350
116 380
116 384
116 385
116 393
116 394
116 395
116 396
116 398
116 400
116 406
116 407
116 408
116 410
116 411
116 419
116 490
116 491
116 492
117 118
117 194
117 394
117 395
117 396
117 400
117 408
117 411
117 492
117 530
118 120
118 129
118 130
118 134
118 146
118 321
118 345
118 348
118 353
118 354
118 355
118 356
118 357
118 359
118 362
118 375
118 410
118 411
118 413
118 421
118 423
118 445
118 491
118 583
119 120
119 121
119 129
119 131
119 143
119 149
119 220
119 221
119 222
119 223
119 225
119 321
119 328
119 329
119 330
119 332
119 333
119 347
119 348
119 351
119 353
119 354
119 356
119 357
119 358
119 359
119 397
119 399
119 401
119 411
119 412
119 413
119 414
119 423
119 424
119 432
119 443
119 445
119 451
119 490
119 518
119 529
119 533
120 121
120 129
120 131
120 143
120 145
120 147
120 149
120 220
120 221
120 225
120 308
120 321
120 330
120 332
120 341
120 343
120 344
120 346
120 347
120 348
120 349
120 351
120 353
120 354
120 356
120 357
120 358
120 359
120 362
120 401
120 407
120 410
120 411
120 412
120 413
120 414
120 421
120 423
120 424
120 443
120 444
120 445
120 451
120 491
121 129
121 131
121 143
121 145
121 149
121 221
121 222
121 223
121 301
121 305
121 328
121 329
121 330
121 333
121 344
121 347
121 348
121 351
121 353
121 354
121 356
121 357
121 358
121 359
121 362
121 363
121 411
121 412
121 413
121 414
121 423
121 424
121 430
121 437
121 443
121 444
121 445
121 447
121 451
121 518
122 151
122 152
122 157
122 174
122 199
122 261
122 262
122 270
122 274
122 277
122 278
122 281
122 296
122 298
122 299
122 300
123 124
123 151
123 154
123 155
123 164
123 166
123 167
123 192
123 193
123 196
123 197
123 198
123 200
123 202
123 203
123 207
123 209
123 211
123 212
123 214
123 215
123 216
123 218
123 266
123 267
123 276
123 279
123 280
123 417
123 452
123 454
123 467
123 482
123 489
123 493
123 495
123 508
123 509
123 515
123 517
123 519
124 125
124 150
124 151
124 154
124 161
124 191
124 193
124 198
124 199
124 203
124 209
124 210
124 211
124 212
124 214
124 418
124 449
124 457
124 537
125 152
125 163
125 182
125 196
125 206
125 209
125 212
125 213
125 232
125 234
125 383
125 449
125 537
126 203
126 364
126 403
126 475
126 482
126 565
127 129
127 134
127 135
127 143
127 146
127 186
127 222
127 225
127 226
127 227
127 240
127 246
127 331
127 345
127 354
127 358
127 362
127 365
127 372
127 374
127 421
127 444
127 447
127 535
127 552
127 553
128 157
128 208
128 209
128 210
128 242
128 254
128 262
128 263
128 272
128 273
128 383
128 459
128 510
128 541
128 544
129 130
129 131
129 140
129 143
129 220
129 221
129 222
129 225
129 287
129 323
129 325
129 338
129 341
129 344
129 348
129 353
129 354
129 356
129 357
129 358
129 359
129 362
129 365
129 368
129 370
129 372
129 373
129 374
129 375
129 399
129 407
129 412
129 413
129 414
129 420
129 421
129 422
129 423
129 424
129 430
129 433
129 434
129 435
129 439
129 443
129 444
129 445
129 447
129 451
129 490
129 491
129 501
129 504
129 510
129 529
129 532
129 533
129 545
129 553
130 131
130 135
130 137
130 140
130 200
130 337
130 343
130 349
130 350
130 357
130 367
130 368
130 373
130 380
130 406
130 407
130 408
130 410
130 419
130 420
130 425
130 433
130 441
130 450
130 451
130 490
130 491
130 492
130 501
130 504
130 505
130 516
130 582
131 137
131 140
131 190
131 225
131 338
131 348
131 349
131 353
131 356
131 357
131 358
131 401
131 407
131 412
131 413
131 414
131 420
131 421
131 423
131 424
131 433
131 434
131 435
131 444
131 450
131 451
131 490
131 491
131 501
131 504
131 510
132 140
132 149
132 233
132 341
132 344
132 347
132 348
132 354
132 355
132 356
132 358
132 373
132 432
132 434
132 438
132 440
132 458
132 600
133 134
133 149
133 301
133 351
133 375
133 426
133 429
133 430
133 444
133 535
133 580
134 146
134 149
134 222
134 226
134 227
134 233
134 287
134 312
134 318
134 331
134 339
134 341
134 344
134 345
134 348
134 354
134 358
134 362
134 372
134 374
134 375
134 421
134 429
134 430
134 437
134 440
134 444
134 447
134 458
134 529
134 535
134 553
135 140
135 141
135 142
135 155
135 162
135 186
135 192
135 193
135 197
135 198
135 200
135 202
135 204
135 215
135 291
135 302
135 337
135 367
135 372
135 379
135 419
135 435
135 447
135 450
135 474
135 499
135 501
135 505
135 510
135 599
136 148
136 149
136 156
136 233
136 339
136 340
136 343
136 401
136 410
136 431
136 437
136 440
136 446
136 448
136 456
136 458
137 139
137 140
137 341
137 344
137 349
137 357
137 373
137 407
137 410
137 420
137 431
137 433
137 434
137 438
137 439
137 444
137 458
137 504
137 505
137 559
137 600
138 167
138 276
138 340
138 344
138 346
138 349
139 371
139 410
140 141
140 162
140 171
140 193
140 200
140 338
140 343
140 344
140 349
140 368
140 373
140 407
140 420
140 425
140 428
140 434
140 435
140 438
140 446
140 450
140 458
140 474
140 491
140 501
140 504
140 505
140 510
140 516
140 599
140 600
141 142
141 193
141 198
141 199
141 200
141 201
141 204
141 291
141 425
141 457
141 494
141 496
141 505
141 516
141 599
142 144
142 367
142 369
142 428
142 431
142 450
142 599
143 145
143 146
143 149
143 220
143 221
143 222
143 225
143 227
143 246
143 287
143 320
143 322
143 323
143 325
143 327
143 328
143 329
143 330
143 332
143 333
143 334
143 335
143 336
143 341
143 345
143 348
143 353
143 354
143 356
143 357
143 358
143 359
143 362
143 363
143 372
143 374
143 412
143 413
143 421
143 423
143 439
143 440
143 443
143 444
143 445
143 447
143 451
143 529
143 532
143 533
143 536
143 553
144 242
144 338
144 368
144 369
144 373
144 428
144 439
144 441
144 474
145 146
145 162
145 186
145 220
145 221
145 222
145 223
145 225
145 284
145 286
145 287
145 290
145 302
145 303
145 304
145 305
145 320
145 321
145 322
145 323
145 324
145 325
145 326
145 327
145 328
145 329
145 331
145 332
145 333
145 334
145 335
145 343
145 354
145 372
145 384
145 393
145 397
145 398
145 401
145 411
145 413
145 421
145 443
145 445
145 447
145 491
145 529
145 530
145 533
146 149
146 162
146 186
146 192
146 220
146 222
146 240
146 287
146 302
146 322
146 323
146 328
146 329
146 345
146 348
146 354
146 357
146 358
146 362
146 363
146 372
146 374
146 382
146 413
146 421
146 444
146 445
146 447
146 585
147 346
147 348
147 351
147 353
147 356
147 410
147 487
148 149
148 156
148 163
148 171
148 432
148 437
148 440
148 448
148 449
148 456
148 458
148 462
148 518
149 221
149 222
149 233
149 287
149 294
149 312
149 326
149 339
149 340
149 341
149 343
149 344
149 347
149 348
149 351
149 353
149 354
149 356
149 357
149 358
149 362
149 413
149 424
149 430
149 431
149 432
149 434
149 437
149 440
149 444
149 445
149 458
149 518
149 529
149 553
150 267
150 448
151 161
151 166
151 192
151 193
151 198
151 199
151 200
151 202
151 203
151 204
151 209
151 211
151 212
151 214
151 215
151 272
151 278
151 279
151 280
151 281
152 153
152 157
152 174
152 228
152 232
152 247
152 252
152 255
152 261
152 262
152 264
152 268
152 269
152 270
152 271
152 274
152 277
152 296
152 300
152 568
153 157
153 159
153 164
153 170
153 174
153 195
153 196
153 206
153 209
153 217
153 219
153 228
153 229
153 231
153 232
153 245
153 250
153 252
153 254
153 255
153 256
153 259
153 261
153 262
153 263
153 264
153 265
153 268
153 269
153 270
153 271
153 272
153 273
153 274
153 278
153 296
153 300
153 463
153 574
154 155
154 164
154 182
154 187
154 193
154 196
154 197
154 198
154 199
154 201
154 202
154 204
154 206
154 207
154 208
154 209
154 210
154 211
154 212
154 214
154 215
154 216
154 217
154 218
154 219
154 231
154 265
154 272
154 279
154 280
154 295
154 417
154 435
154 442
154 454
154 459
154 460
154 474
154 485
154 494
154 498
154 501
154 503
154 504
154 509
154 510
154 512
154 513
154 514
154 515
154 524
154 542
154 571
155 192
155 193
155 197
155 198
155 200
155 202
155 203
155 211
155 214
155 215
155 218
155 267
155 279
155 280
155 438
155 452
155 499
155 599
156 220
156 249
156 321
156 326
156 332
156 335
156 398
156 401
156 437
156 448
157 174
157 231
157 232
157 247
157 249
157 252
157 254
157 255
157 256
157 261
157 262
157 263
157 264
157 268
157 269
157 270
157 272
157 273
157 274
157 275
157 277
157 278
157 300
157 466
158 159
158 163
158 369
158 441
159 160
159 163
160 260
160 339
160 448
160 590
161 162
161 193
161 198
161 199
161 204
161 208
161 209
161 212
161 272
161 284
162 180
162 186
162 191
162 193
162 220
162 222
162 225
162 253
162 284
162 286
162 287
162 291
162 302
162 322
162 323
162 328
162 370
162 372
162 418
162 428
162 435
162 437
162 445
162 447
162 450
162 462
162 494
162 496
162 501
162 510
162 599
162 600
163 165
163 213
163 248
163 250
163 283
163 449
163 463
163 464
163 554
164 196
164 197
164 199
164 201
164 208
164 209
164 210
164 211
164 212
164 213
164 216
164 217
164 219
164 231
164 242
164 254
164 256
164 265
164 266
164 271
164 272
164 273
164 274
164 278
164 279
164 280
164 383
164 454
164 497
164 512
164 513
164 515
164 524
164 542
164 571
165 206
165 228
165 229
165 232
165 250
165 265
165 426
165 468
165 574
166 168
166 192
166 196
166 204
166 215
166 216
166 276
166 288
166 475
167 168
167 226
167 248
167 267
167 276
167 473
168 170
168 172
168 177
168 178
168 196
168 235
168 236
168 239
168 244
168 258
168 266
168 267
168 271
168 276
168 379
168 403
168 452
168 470
168 471
168 475
168 476
168 478
168 482
168 489
168 499
168 519
168 522
168 527
168 551
168 556
168 557
168 560
168 581
169 174
169 215
169 219
169 257
169 272
169 274
169 278
169 279
169 322
170 178
170 219
170 228
170 229
170 236
170 238
170 239
170 242
170 243
170 247
170 250
170 252
170 254
170 255
170 256
170 258
170 268
170 269
170 271
170 272
170 273
170 274
170 479
170 560
170 573
170 574
171 210
171 368
171 373
171 376
171 418
171 434
171 437
171 438
171 449
171 453
171 459
171 501
171 510
171 518
171 520
171 544
171 545
171 600
172 189
172 234
172 235
172 236
172 239
172 244
172 248
172 390
172 473
172 478
172 522
172 548
172 551
172 556
172 557
173 251
173 266
173 306
173 309
173 313
174 178
174 217
174 232
174 249
174 252
174 254
174 255
174 256
174 262
174 263
174 268
174 269
174 270
174 274
174 275
174 277
174 278
174 303
174 317
175 176
175 177
175 178
175 179
175 226
175 482
175 483
175 484
175 508
175 581
175 585
176 178
176 179
176 182
176 195
176 206
176 209
176 216
176 217
176 231
176 249
176 255
176 256
176 263
176 265
176 298
176 300
176 377
176 383
176 483
176 485
176 507
176 508
176 509
176 512
176 513
176 567
177 179
177 196
177 201
177 202
177 216
177 266
177 267
177 291
177 467
177 475
177 480
177 481
177 482
177 483
177 498
177 503
177 522
177 551
177 585
178 183
178 216
178 217
178 219
178 247
178 255
178 256
178 258
178 263
178 268
178 269
178 270
178 271
178 274
178 275
178 277
178 475
178 479
178 509
178 567
179 181
179 182
179 187
179 197
179 198
179 200
179 201
179 202
179 206
179 207
179 216
179 276
179 379
179 403
179 482
179 483
179 485
179 498
179 503
179 504
179 508
179 594
180 183
180 200
180 285
180 286
180 290
180 291
180 292
180 337
180 349
180 367
180 428
180 450
180 599
181 182
181 202
181 216
181 417
181 454
181 480
181 482
181 483
181 485
181 509
181 515
181 567
182 195
182 196
182 206
182 207
182 209
182 210
182 211
182 212
182 213
182 216
182 217
182 231
182 232
182 251
182 256
182 265
182 298
182 383
182 483
182 485
182 507
182 508
182 512
182 513
182 567
182 594
184 191
184 223
184 301
184 437
185 276
185 598
186 192
186 193
186 200
186 215
186 257
186 281
186 284
186 294
186 302
186 322
186 372
186 374
186 472
186 598
186 599
187 191
187 198
187 201
187 207
187 446
188 190
188 225
188 391
188 399
188 435
188 453
188 459
188 460
188 498
188 501
188 510
188 514
188 531
188 534
188 545
188 555
188 561
189 196
189 207
189 229
189 230
189 234
189 235
189 236
189 244
189 248
189 266
189 267
189 282
189 283
189 387
189 390
189 391
189 467
189 478
189 489
189 498
189 511
189 519
189 521
189 522
189 527
189 540
189 542
189 547
189 548
189 551
189 556
189 557
189 560
189 562
189 580
189 581
189 594
190 208
190 210
190 295
190 399
190 416
190 418
190 435
190 459
190 460
190 490
190 494
190 501
190 510
190 514
190 600
191 198
191 204
191 210
191 223
191 284
191 394
191 417
191 494
191 514
192 193
192 197
192 198
192 200
192 202
192 203
192 204
192 211
192 214
192 215
192 276
192 279
192 345
192 417
192 471
192 472
192 475
192 482
192 496
192 505
192 509
192 515
192 516
192 517
192 598
192 599
193 197
193 198
193 200
193 201
193 202
193 203
193 204
193 211
193 214
193 215
193 222
193 279
193 370
193 438
193 457
193 494
193 496
193 505
193 510
193 516
193 599
194 385
194 393
194 394
194 395
194 396
194 398
194 400
195 196
195 206
195 211
195 212
195 213
195 216
195 217
195 219
195 228
195 229
195 230
195 231
195 234
195 254
195 256
195 259
195 264
195 265
195 266
195 269
195 271
195 273
195 274
195 454
195 509
195 511
195 540
195 542
195 567
195 581
196 201
196 202
196 206
196 207
196 209
196 211
196 212
196 214
196 216
196 217
196 219
196 229
196 230
196 231
196 234
196 239
196 256
196 259
196 265
196 266
196 267
196 271
196 274
196 280
196 454
196 467
196 498
196 507
196 508
196 509
196 511
196 512
196 515
196 519
196 524
196 542
196 562
196 571
196 581
197 198
197 200
197 201
197 202
197 203
197 204
197 207
197 211
197 214
197 215
197 216
197 218
197 276
197 279
197 280
197 435
197 442
197 454
197 460
197 474
197 499
197 501
197 503
197 504
197 510
197 599
198 199
198 200
198 201
198 202
198 203
198 204
198 208
198 209
198 210
198 211
198 212
198 214
198 215
198 216
198 279
198 280
198 417
198 442
198 457
198 459
198 494
198 496
198 498
198 503
198 504
198 505
198 515
198 516
198 599
199 200
199 201
199 204
199 208
199 209
199 211
199 212
199 216
199 272
199 278
199 279
199 295
199 298
200 201
200 202
200 203
200 204
200 215
200 276
200 279
200 281
200 367
200 425
200 438
200 442
200 457
200 472
200 496
200 503
200 504
200 505
200 516
200 517
200 599
201 202
201 203
201 204
201 211
201 216
201 276
201 367
201 442
201 474
201 498
201 503
201 505
201 515
202 203
202 204
202 211
202 214
202 215
202 216
202 266
202 267
202 276
202 279
202 280
202 291
202 309
202 367
202 417
202 442
202 452
202 454
202 467
202 474
202 482
202 498
202 499
202 503
202 505
202 509
202 515
202 516
202 517
202 519
202 524
202 599
203 204
203 214
203 215
203 267
203 276
203 425
203 438
203 473
203 482
203 505
203 599
204 215
204 216
204 276
204 279
204 280
204 284
204 290
204 291
204 292
204 337
204 367
204 419
204 425
204 503
204 505
204 509
204 516
204 599
206 207
206 209
206 211
206 212
206 213
206 216
206 217
206 219
206 228
206 229
206 230
206 231
206 232
206 234
206 254
206 256
206 259
206 264
206 265
206 269
206 271
206 273
206 402
206 454
206 468
206 483
206 485
206 507
206 508
206 511
206 512
206 513
206 542
206 581
206 594
207 211
207 212
207 216
207 217
207 218
207 230
207 231
207 234
207 267
207 483
207 507
207 508
207 511
207 581
207 594
208 209
208 210
208 211
208 212
208 213
208 231
208 242
208 265
208 272
208 273
208 295
208 383
208 435
208 459
208 494
208 496
208 501
208 510
208 512
208 513
208 514
208 515
208 520
208 541
208 544
208 552
209 210
209 211
209 212
209 216
209 231
209 232
209 253
209 254
209 256
209 265
209 272
209 273
209 295
209 383
209 417
209 449
209 459
209 468
209 494
209 512
209 513
209 515
209 537
209 571
210 211
210 212
210 213
210 295
210 383
210 399
210 435
210 449
210 459
210 494
210 510
210 512
210 513
210 514
211 212
211 214
211 215
211 216
211 218
211 231
211 265
211 267
211 279
211 280
211 295
211 383
211 417
211 454
211 493
211 507
211 508
211 509
211 512
211 513
211 515
211 519
211 524
211 542
211 571
212 216
212 217
212 219
212 231
212 256
212 265
212 272
212 278
212 295
212 383
212 417
212 507
212 509
212 512
212 513
212 515
212 524
212 571
213 231
213 232
213 234
213 250
213 251
213 256
213 265
213 273
213 463
213 497
213 512
213 513
213 542
213 561
213 563
214 215
214 218
214 266
214 267
214 280
214 452
214 453
214 454
214 467
214 482
214 489
214 493
214 495
214 516
214 517
214 519
214 527
215 218
215 276
215 279
215 280
215 452
215 472
215 499
215 505
215 517
215 599
216 217
216 219
216 231
216 256
216 265
216 266
216 271
216 274
216 278
216 279
216 280
216 298
216 454
216 483
216 485
216 507
216 508
216 509
216 515
216 524
216 567
216 571
217 218
217 219
217 228
217 229
217 231
217 232
217 249
217 251
217 252
217 254
217 255
217 256
217 259
217 263
217 265
217 268
217 269
217 270
217 271
217 272
217 273
217 274
217 278
217 280
217 454
217 508
217 509
217 511
217 542
217 567
218 231
218 251
218 279
218 280
218 444
218 454
218 504
219 228
219 229
219 231
219 232
219 242
219 247
219 252
219 254
219 255
219 256
219 259
219 261
219 262
219 263
219 264
219 265
219 268
219 269
219 270
219 271
219 272
219 273
219 274
219 278
219 279
219 280
219 296
219 454
219 497
220 221
220 222
220 223
220 225
220 227
220 237
220 240
220 286
220 287
220 302
220 304
220 305
220 320
220 321
220 322
220 323
220 324
220 325
220 326
220 327
220 328
220 329
220 330
220 331
220 332
220 333
220 334
220 335
220 336
220 354
220 357
220 372
220 382
220 393
220 397
220 398
220 401
220 411
220 412
220 413
220 421
220 437
220 440
220 443
220 445
220 529
220 530
220 532
220 533
220 536
220 543
220 553
221 222
221 223
221 225
221 286
221 287
221 302
221 304
221 305
221 320
221 321
221 322
221 323
221 324
221 325
221 326
221 327
221 328
221 329
221 330
221 331
221 332
221 333
221 334
221 335
221 343
221 347
221 348
221 350
221 353
221 354
221 356
221 357
221 358
221 382
221 384
221 393
221 396
221 397
221 398
221 401
221 408
221 411
221 412
221 413
221 414
221 437
221 443
221 445
221 451
221 491
221 529
221 530
221 533
222 223
222 224
222 225
222 226
222 227
222 237
222 240
222 246
222 286
222 287
222 323
222 328
222 329
222 345
222 351
222 354
222 357
222 358
222 359
222 372
222 374
222 375
222 397
222 399
222 412
222 421
222 430
222 437
222 440
222 443
222 445
222 447
222 453
222 462
222 501
222 529
222 532
222 533
222 535
222 536
222 552
222 553
222 584
223 224
223 225
223 287
223 321
223 322
223 323
223 328
223 329
223 332
223 333
223 334
223 335
223 350
223 382
223 395
223 397
223 399
223 411
223 412
223 413
223 437
223 518
223 529
223 530
223 533
224 225
224 287
224 368
224 397
224 399
224 449
224 453
224 462
224 520
224 529
224 532
224 533
224 534
224 536
224 543
224 545
224 553
224 555
224 561
224 563
225 227
225 246
225 286
225 287
225 323
225 325
225 327
225 328
225 329
225 331
225 332
225 348
225 354
225 357
225 358
225 359
225 370
225 372
225 397
225 399
225 401
225 407
225 412
225 413
225 420
225 421
225 423
225 431
225 439
225 440
225 443
225 445
225 451
225 490
225 501
225 510
225 529
225 531
225 532
225 533
225 543
225 553
225 584
226 227
226 237
226 240
226 241
226 244
226 245
226 246
226 287
226 345
226 366
226 372
226 375
226 421
226 447
226 532
226 535
226 536
226 549
226 552
226 553
226 554
227 237
227 240
227 246
227 287
227 345
227 372
227 421
227 529
227 532
227 533
227 535
227 536
227 549
227 552
227 553
228 229
228 231
228 232
228 239
228 243
228 245
228 247
228 250
228 252
228 254
228 255
228 256
228 258
228 259
228 261
228 262
228 263
228 264
228 265
228 268
228 269
228 270
228 271
228 273
228 274
228 278
228 463
228 468
228 511
228 574
229 230
229 231
229 234
229 239
229 254
229 256
229 259
229 264
229 265
229 266
229 271
229 283
229 402
229 454
229 463
229 468
229 497
229 507
229 508
229 511
229 527
229 540
229 542
229 557
229 560
229 562
229 564
229 565
229 573
229 574
229 581
230 234
230 239
230 244
230 248
230 259
230 266
230 271
230 282
230 283
230 387
230 391
230 402
230 454
230 467
230 468
230 481
230 487
230 489
230 493
230 495
230 497
230 507
230 508
230 511
230 519
230 521
230 522
230 526
230 527
230 538
230 540
230 542
230 547
230 548
230 551
230 556
230 557
230 560
230 562
230 564
230 565
230 573
230 580
230 581
230 594
231 232
231 245
231 247
231 254
231 255
231 256
231 259
231 262
231 263
231 264
231 265
231 268
231 269
231 271
231 272
231 273
231 274
231 278
231 280
231 295
231 298
231 383
231 454
231 468
231 485
231 497
231 507
231 508
231 509
231 511
231 512
231 513
231 515
231 541
231 542
231 567
231 571
232 249
232 250
232 252
232 254
232 255
232 256
232 263
232 264
232 265
232 268
232 269
232 270
232 271
232 272
232 273
232 274
232 574
233 343
233 418
233 430
233 431
233 432
233 437
233 440
233 448
233 458
233 502
233 518
233 539
233 596
233 600
234 239
234 244
234 248
234 266
234 267
234 282
234 283
234 467
234 468
234 489
234 498
234 511
234 521
234 522
234 527
234 540
234 542
234 548
234 550
234 551
234 556
234 557
234 562
234 580
234 581
234 594
235 236
235 239
235 244
235 248
235 283
235 355
235 390
235 473
235 478
235 481
235 486
235 521
235 522
235 546
235 548
235 550
235 551
235 554
235 556
235 557
235 582
235 583
236 238
236 239
236 258
236 473
236 489
236 519
236 522
236 547
236 548
236 550
236 560
236 573
236 579
237 240
237 246
237 287
237 320
237 329
237 332
237 333
237 334
237 335
237 336
237 348
237 354
237 359
237 375
237 382
237 421
237 529
237 532
237 533
237 535
237 536
237 546
237 549
237 553
237 558
237 583
237 584
238 239
238 243
238 246
238 247
238 258
238 387
238 391
238 511
238 531
238 540
238 547
238 548
238 549
238 550
238 557
238 560
238 565
238 569
238 573
238 574
238 576
238 592
239 243
239 244
239 248
239 258
239 259
239 266
239 271
239 387
239 468
239 478
239 489
239 511
239 527
239 540
239 547
239 548
239 549
239 550
239 551
239 554
239 556
239 557
239 560
239 573
239 581
239 592
240 241
240 242
240 245
240 246
240 287
240 345
240 372
240 375
240 421
240 445
240 447
240 529
240 532
240 533
240 535
240 536
240 549
240 552
240 553
240 554
240 583
241 243
241 244
241 248
241 429
241 453
241 468
241 478
241 520
241 535
241 536
241 546
241 551
241 552
241 553
241 554
241 562
242 243
242 246
242 254
242 272
242 273
242 274
242 369
242 435
242 459
242 501
242 510
242 520
242 541
242 543
242 552
243 245
243 246
243 250
243 254
243 265
243 468
243 535
243 549
243 554
243 569
243 574
244 248
244 345
244 355
244 390
244 391
244 429
244 453
244 467
244 468
244 478
244 489
244 493
244 497
244 498
244 511
244 519
244 521
244 527
244 542
244 548
244 549
244 551
244 552
244 554
244 556
244 562
244 564
244 581
244 594
245 246
245 250
245 254
245 256
245 259
245 265
245 269
245 271
245 273
245 468
245 532
245 535
245 552
245 553
246 421
246 443
246 445
246 531
246 532
246 535
246 536
246 543
246 549
246 552
246 553
246 558
246 563
247 249
247 250
247 252
247 254
247 255
247 256
247 258
247 261
247 262
247 268
247 269
247 270
247 271
247 272
247 273
247 274
247 275
247 277
247 278
247 298
247 479
247 574
248 267
248 426
248 478
248 488
248 538
248 548
248 554
248 556
248 557
248 558
248 560
249 251
249 252
249 255
249 256
249 268
249 269
249 270
249 273
249 275
249 300
249 480
250 252
250 254
250 256
250 265
250 268
250 269
250 271
250 273
250 277
250 463
250 558
250 563
250 574
251 316
251 402
252 254
252 255
252 256
252 262
252 265
252 268
252 269
252 270
252 271
252 272
252 273
252 274
252 275
252 277
252 278
252 574
253 449
253 462
253 466
253 563
253 570
254 255
254 256
254 259
254 262
254 263
254 264
254 265
254 268
254 269
254 270
254 271
254 272
254 273
254 274
254 278
254 383
254 463
254 512
254 574
255 256
255 258
255 259
255 261
255 262
255 263
255 264
255 265
255 268
255 269
255 270
255 271
255 272
255 273
255 274
255 275
255 277
255 300
255 479
255 566
255 574
256 259
256 262
256 263
256 264
256 265
256 268
256 269
256 270
256 271
256 272
256 273
256 274
256 275
256 300
256 507
256 508
256 512
256 513
256 542
256 567
256 574
257 277
257 281
257 302
257 457
257 472
257 598
258 268
258 271
258 475
258 478
258 479
258 557
258 560
258 573
258 574
258 581
259 261
259 262
259 263
259 264
259 265
259 268
259 269
259 270
259 271
259 273
259 274
259 296
259 300
259 468
259 507
259 508
259 511
259 540
259 542
259 574
259 581
260 261
260 299
260 488
260 589
260 590
261 262
261 263
261 264
261 268
261 269
261 270
261 271
261 274
261 277
261 278
261 296
261 297
261 300
261 566
261 568
261 574
261 576
262 263
262 264
262 265
262 268
262 269
262 270
262 272
262 273
262 274
262 275
262 277
262 278
262 296
262 298
262 300
263 264
263 265
263 268
263 269
263 270
263 271
263 272
263 273
263 274
263 278
263 296
263 300
264 265
264 268
264 269
264 270
264 271
264 272
264 273
264 274
264 300
264 569
265 268
265 269
265 271
265 272
265 273
265 274
265 278
265 454
265 463
265 468
265 497
265 507
265 508
265 511
265 512
265 513
265 542
265 574
266 267
266 271
266 280
266 482
266 511
266 548
266 550
266 580
266 581
267 276
267 556
268 269
268 270
268 271
268 272
268 273
268 274
268 275
268 277
268 278
268 300
268 574
269 270
269 271
269 272
269 273
269 274
269 275
269 277
269 278
269 300
269 574
270 271
270 272
270 273
270 274
270 275
270 277
270 278
270 296
270 298
270 300
271 273
271 274
271 278
271 508
271 511
271 542
271 574
271 581
272 273
272 274
272 277
272 278
272 279
272 280
272 295
272 298
272 512
273 274
273 278
273 300
273 574
274 275
274 277
274 278
274 279
274 296
274 300
274 574
275 277
275 298
275 302
275 317
275 322
277 278
277 296
277 298
278 279
278 280
278 296
279 280
281 457
281 472
281 502
281 577
281 598
282 391
282 402
282 482
282 487
282 489
282 511
282 547
282 562
282 565
282 579
282 580
282 581
283 371
283 463
283 464
283 498
283 506
283 511
283 521
283 542
283 546
283 556
283 562
283 581
284 286
284 288
284 302
284 585
285 286
285 287
285 290
285 291
285 292
285 325
285 327
285 332
285 445
285 582
285 583
285 584
286 287
286 290
286 291
286 292
286 302
286 320
286 322
286 323
286 325
286 327
286 328
286 329
286 332
286 333
286 334
286 335
286 337
286 382
286 397
286 398
286 408
286 419
286 445
286 491
286 533
286 582
286 584
287 302
287 305
287 320
287 321
287 322
287 323
287 324
287 325
287 326
287 327
287 328
287 329
287 331
287 332
287 333
287 334
287 335
287 348
287 354
287 357
287 358
287 359
287 372
287 382
287 397
287 398
287 411
287 412
287 413
287 421
287 437
287 440
287 443
287 445
287 447
287 462
287 529
287 530
287 532
287 533
287 536
287 553
287 583
287 584
288 483
288 585
289 382
289 389
289 585
289 587
290 291
290 292
290 367
290 599
291 292
291 367
291 428
291 450
291 474
291 599
292 325
292 349
292 367
292 425
292 450
292 474
293 591
294 427
294 458
294 591
295 298
295 383
295 417
295 435
295 459
295 494
295 496
295 510
295 512
295 513
295 514
295 515
295 599
296 299
296 300
297 300
301 308
301 317
301 319
301 324
301 326
301 384
301 385
301 393
301 395
301 396
301 398
301 411
301 426
302 303
302 304
302 305
302 315
302 317
302 319
302 320
302 322
302 323
302 326
302 328
302 329
302 331
302 332
302 333
302 335
302 372
302 393
302 398
302 491
302 530
302 599
303 304
303 305
303 308
303 317
303 318
303 319
303 320
303 322
303 324
303 326
303 384
303 389
303 393
303 398
303 425
304 305
304 308
304 312
304 315
304 317
304 318
304 319
304 320
304 321
304 322
304 323
304 324
304 326
304 329
304 331
304 332
304 333
304 334
304 335
304 393
304 396
304 398
304 411
304 414
304 530
305 308
305 315
305 317
305 319
305 320
305 321
305 322
305 323
305 324
305 326
305 328
305 329
305 332
305 333
305 334
305 335
305 382
305 393
305 397
305 398
305 411
305 413
305 414
305 530
305 533
306 309
306 313
306 318
306 389
307 471
308 315
308 317
308 319
308 320
308 321
308 322
308 324
308 326
308 343
308 346
308 386
308 389
308 393
308 398
309 367
309 369
309 485
309 505
309 511
309 562
309 579
310 399
311 341
311 359
311 440
312 313
312 318
312 319
312 326
312 331
312 339
312 393
312 427
313 318
313 386
313 482
313 565
314 379
315 318
315 319
315 320
315 322
315 326
315 393
315 398
317 318
317 319
317 322
317 326
317 388
317 393
317 396
317 398
317 400
318 319
318 326
318 331
318 339
318 389
319 320
319 322
319 324
319 326
319 329
319 331
319 388
319 389
319 393
319 394
319 396
319 398
319 400
319 411
319 530
320 321
320 322
320 323
320 324
320 325
320 326
320 327
320 328
320 329
320 332
320 333
320 334
320 335
320 336
320 382
320 393
320 397
320 398
320 411
320 443
320 533
321 322
321 325
321 326
321 327
321 329
321 332
321 333
321 334
321 335
321 343
321 350
321 357
321 385
321 393
321 394
321 395
321 396
321 397
321 398
321 400
321 401
321 408
321 410
321 411
321 412
321 413
321 443
321 445
321 491
321 530
322 323
322 324
322 325
322 326
322 327
322 328
322 329
322 331
322 332
322 333
322 334
322 335
322 343
322 382
322 393
322 397
322 398
322 411
322 413
322 445
322 530
322 533
323 324
323 325
323 327
323 328
323 329
323 330
323 331
323 332
323 333
323 334
323 335
323 382
323 397
323 398
323 411
323 413
323 414
323 443
323 445
323 529
323 532
323 533
324 326
324 328
324 329
324 330
324 331
324 332
324 333
324 334
324 335
324 382
324 393
324 398
324 411
324 413
324 533
325 327
325 328
325 329
325 330
325 332
325 333
325 334
325 335
325 349
325 350
325 368
325 397
325 401
325 407
325 408
325 412
325 413
325 420
325 428
325 441
325 443
325 445
325 451
325 490
325 501
325 529
325 533
325 543
325 582
325 583
325 584
326 328
326 329
326 331
326 332
326 333
326 334
326 335
326 384
326 393
326 394
326 395
326 396
326 398
326 400
326 411
326 530
327 328
327 329
327 330
327 332
327 333
327 334
327 335
327 336
327 350
327 397
327 398
327 401
327 408
327 411
327 412
327 413
327 443
327 445
327 529
327 533
327 543
327 545
327 582
328 329
328 330
328 331
328 332
328 333
328 334
328 335
328 354
328 357
328 358
328 382
328 397
328 398
328 411
328 412
328 413
328 443
328 445
328 529
328 533
328 543
328 545
329 330
329 331
329 332
329 333
329 334
329 335
329 336
329 354
329 359
329 382
329 384
329 393
329 397
329 398
329 411
329 412
329 413
329 421
329 443
329 445
329 529
329 530
329 533
330 332
330 333
330 334
330 335
330 354
330 357
330 358
330 412
330 413
330 432
330 443
330 445
330 451
331 333
331 445
331 523
331 526
331 529
332 333
332 334
332 335
332 336
332 382
332 393
332 397
332 398
332 401
332 408
332 411
332 412
332 413
332 443
332 445
332 529
332 530
332 533
333 334
333 335
333 336
333 354
333 382
333 393
333 397
333 398
333 411
333 413
333 443
333 445
333 529
333 533
334 335
334 336
334 354
334 382
334 397
334 398
334 411
334 412
334 413
334 443
334 445
334 529
334 533
334 553
335 336
335 382
335 393
335 397
335 398
335 408
335 411
335 413
335 443
335 445
335 529
335 530
335 533
336 443
336 533
337 338
337 372
337 373
337 377
337 379
337 380
337 381
337 382
337 403
337 406
337 419
337 450
337 491
337 585
338 341
338 347
338 358
338 368
338 371
338 373
338 374
338 376
338 381
338 382
338 405
338 407
338 422
338 434
338 451
338 545
339 427
339 448
339 488
339 502
340 342
340 343
340 344
340 346
340 348
340 375
340 380
340 409
340 410
340 430
340 444
340 491
340 492
341 344
341 345
341 346
341 347
341 348
341 349
341 351
341 353
341 354
341 355
341 356
341 357
341 358
341 359
341 362
341 363
341 373
341 375
341 410
341 412
341 413
341 414
341 421
341 422
341 423
341 424
341 429
341 430
341 432
341 433
341 434
341 440
341 443
341 444
341 445
341 447
341 451
341 535
341 536
341 553
341 583
342 343
342 344
342 346
342 347
342 348
342 358
342 374
342 380
342 406
342 409
342 410
342 444
343 344
343 346
343 347
343 348
343 349
343 357
343 358
343 374
343 380
343 398
343 401
343 406
343 407
343 409
343 410
343 413
343 419
343 425
343 444
343 491
343 492
344 345
344 346
344 347
344 348
344 349
344 351
344 353
344 354
344 356
344 357
344 358
344 359
344 362
344 363
344 373
344 374
344 375
344 380
344 407
344 409
344 410
344 413
344 414
344 421
344 422
344 424
344 430
344 434
344 440
344 444
344 445
344 447
344 451
344 458
345 348
345 351
345 353
345 354
345 355
345 356
345 358
345 359
345 362
345 363
345 372
345 373
345 374
345 375
345 421
345 422
345 433
345 438
345 444
345 445
345 447
345 471
345 472
345 475
345 482
345 532
345 535
345 549
345 551
345 553
345 583
345 585
346 348
346 349
346 353
346 354
346 356
346 409
346 410
346 414
346 434
346 444
347 348
347 353
347 354
347 356
347 357
347 358
347 359
347 362
347 363
347 373
347 376
347 401
347 412
347 413
347 414
347 422
347 424
347 430
347 432
347 434
347 440
347 451
347 458
347 518
347 596
348 349
348 351
348 353
348 354
348 355
348 356
348 357
348 358
348 359
348 362
348 363
348 373
348 374
348 375
348 380
348 382
348 410
348 411
348 412
348 413
348 414
348 421
348 422
348 423
348 424
348 430
348 434
348 440
348 444
348 445
348 447
348 451
348 583
349 353
349 354
349 357
349 373
349 401
349 407
349 410
349 414
349 425
349 433
349 441
349 450
349 451
349 491
349 501
349 504
350 357
350 394
350 395
350 396
350 397
350 398
350 399
350 400
350 401
350 407
350 408
350 411
350 413
350 416
350 420
350 431
350 490
350 491
350 518
350 545
351 353
351 354
351 356
351 357
351 358
351 359
351 362
351 363
351 375
351 412
351 413
351 414
351 421
351 422
351 423
351 424
351 426
351 430
351 440
351 444
351 445
351 447
352 360
352 371
352 484
352 487
352 590
353 354
353 355
353 356
353 357
353 358
353 359
353 362
353 363
353 375
353 410
353 412
353 413
353 414
353 421
353 422
353 423
353 424
353 430
353 434
353 440
353 444
353 445
353 447
353 451
353 583
354 355
354 356
354 357
354 358
354 359
354 362
354 363
354 375
354 412
354 413
354 414
354 421
354 422
354 423
354 424
354 430
354 433
354 434
354 440
354 443
354 444
354 445
354 447
354 451
354 535
354 553
354 583
355 359
355 363
355 440
355 478
355 546
355 551
355 554
355 583
356 357
356 358
356 359
356 362
356 363
356 412
356 413
356 414
356 421
356 422
356 423
356 424
356 434
356 440
356 444
356 445
356 451
357 358
357 359
357 362
357 363
357 373
357 375
357 380
357 401
357 407
357 412
357 413
357 414
357 421
357 422
357 423
357 424
357 430
357 432
357 433
357 434
357 440
357 443
357 444
357 445
357 447
357 451
357 458
357 490
357 491
357 518
358 359
358 362
358 363
358 373
358 374
358 375
358 382
358 412
358 413
358 414
358 421
358 422
358 423
358 424
358 430
358 432
358 434
358 440
358 443
358 444
358 445
358 447
358 451
358 458
358 518
358 553
358 583
359 362
359 363
359 365
359 375
359 412
359 413
359 414
359 421
359 422
359 423
359 440
359 443
359 444
359 445
359 447
359 451
359 532
359 553
359 583
361 386
362 363
362 374
362 375
362 412
362 413
362 414
362 421
362 422
362 423
362 424
362 430
362 440
362 444
362 445
362 447
362 451
362 583
363 413
363 414
363 421
363 422
363 423
363 439
363 440
363 444
363 445
363 447
363 451
363 583
364 475
364 482
364 495
364 527
364 581
364 591
364 593
365 366
365 370
365 374
365 375
365 421
365 422
365 430
365 532
365 553
365 593
366 372
366 421
366 579
367 369
367 379
367 428
367 433
367 435
367 438
367 441
367 450
367 474
367 499
367 503
367 505
367 582
367 599
368 369
368 373
368 376
368 377
368 407
368 418
368 421
368 428
368 434
368 435
368 438
368 450
368 453
368 464
368 474
368 501
368 504
368 520
368 543
368 545
368 552
368 562
369 371
369 428
369 438
369 441
369 520
369 543
369 545
369 555
369 582
370 428
370 438
370 439
370 445
370 462
370 496
370 505
371 373
371 487
372 374
372 375
372 380
372 406
372 421
372 444
372 445
372 447
372 532
372 533
372 585
372 599
373 375
373 377
373 380
373 381
373 405
373 407
373 421
373 422
373 428
373 430
373 433
373 434
373 438
373 439
373 440
373 444
373 447
373 450
373 453
373 458
373 504
373 516
373 518
373 545
373 600
374 375
374 377
374 380
374 382
374 406
374 421
374 422
374 430
374 434
374 444
374 447
374 451
374 532
375 377
375 380
375 406
375 421
375 422
375 423
375 424
375 430
375 434
375 444
375 447
375 535
375 553
376 418
376 432
376 434
376 439
376 464
376 518
376 520
376 545
377 380
377 381
377 403
377 405
377 406
377 422
377 450
377 483
377 485
377 504
378 380
378 491
379 403
379 417
379 450
379 471
379 475
379 499
380 381
380 382
380 396
380 406
380 407
380 409
380 410
380 491
380 492
380 585
381 382
381 405
382 398
382 411
382 413
382 421
382 533
382 585
383 417
383 459
383 485
383 494
383 507
383 509
383 510
383 512
383 513
383 514
383 515
383 537
383 571
384 393
384 394
384 395
384 396
384 398
384 408
384 411
385 393
385 394
385 395
385 396
385 398
385 400
385 411
385 492
386 389
386 402
386 423
386 487
387 391
387 489
387 511
387 531
387 540
387 547
387 548
387 565
387 579
387 580
387 581
387 592
387 595
389 425
389 482
390 391
390 439
390 452
390 467
390 471
390 478
390 482
390 489
390 495
390 498
390 505
390 517
390 519
390 521
390 522
390 531
390 534
390 547
390 548
390 549
390 551
390 555
390 562
390 584
391 467
391 485
391 489
391 493
391 495
391 498
391 511
391 521
391 527
391 531
391 534
391 542
391 547
391 562
391 565
391 573
391 579
391 594
392 395
392 397
392 495
392 525
393 394
393 395
393 396
393 398
393 400
393 408
393 411
393 530
394 395
394 396
394 398
394 400
394 408
394 411
394 491
394 492
394 530
395 396
395 397
395 398
395 400
395 408
395 411
395 492
395 530
396 398
396 400
396 406
396 408
396 411
396 491
396 492
396 530
397 398
397 399
397 411
397 412
397 413
397 443
397 445
397 490
397 529
397 530
397 532
397 533
397 584
398 400
398 401
398 408
398 411
398 492
398 530
399 412
399 416
399 417
399 418
399 435
399 439
399 443
399 453
399 459
399 490
399 494
399 496
399 501
399 510
399 514
399 520
399 534
399 545
399 561
400 408
400 411
400 492
400 530
401 407
401 408
401 410
401 412
401 413
401 431
401 441
401 443
401 445
401 451
401 491
402 468
402 485
402 487
402 495
402 507
402 511
402 523
402 526
402 542
402 562
402 565
402 580
402 581
403 406
403 450
403 475
403 480
403 482
403 483
404 534
405 422
405 434
405 504
406 407
406 419
406 420
406 421
406 490
406 491
406 492
406 585
407 408
407 410
407 419
407 420
407 421
407 423
407 428
407 433
407 434
407 435
407 436
407 441
407 450
407 451
407 474
407 490
407 491
407 501
407 504
407 510
408 410
408 411
408 419
408 420
408 490
408 491
408 492
408 530
409 410
409 492
410 420
410 431
410 440
410 491
410 492
411 413
411 490
411 491
411 492
411 530
412 413
412 414
412 421
412 423
412 424
412 432
412 443
412 445
412 451
412 490
413 414
413 421
413 422
413 423
413 424
413 434
413 443
413 445
413 451
413 518
413 529
413 583
414 423
414 424
414 434
414 445
414 447
414 451
415 528
415 537
415 539
415 578
415 588
415 592
415 595
415 596
415 597
416 417
416 418
416 435
416 459
416 494
416 496
416 501
416 504
416 510
416 514
416 515
416 516
416 534
417 435
417 442
417 454
417 467
417 470
417 485
417 493
417 494
417 496
417 498
417 503
417 507
417 509
417 510
417 512
417 513
417 514
417 515
417 534
417 542
417 571
418 432
418 437
418 438
418 449
418 453
418 462
418 518
418 520
418 534
418 537
418 545
418 597
418 600
419 425
419 490
419 491
419 492
419 499
419 501
419 504
420 421
420 435
420 451
420 490
420 491
420 492
420 501
421 422
421 423
421 430
421 433
421 434
421 440
421 443
421 444
421 445
421 447
421 451
421 453
421 501
421 529
421 532
421 533
421 535
421 536
421 549
421 553
421 583
422 423
422 424
422 429
422 430
422 432
422 434
422 440
422 444
422 447
422 451
422 546
422 553
423 424
423 430
423 434
423 443
423 444
423 445
423 447
423 451
423 490
424 426
424 430
424 432
424 434
424 444
424 451
425 491
425 496
425 503
425 504
425 505
425 516
426 429
426 455
426 469
426 538
426 580
426 590
427 488
427 502
427 589
427 596
428 431
428 438
428 439
428 441
428 450
428 474
428 599
428 600
429 430
429 432
429 468
429 535
429 538
429 553
429 554
429 580
429 597
430 432
430 434
430 437
430 440
430 444
430 445
430 447
430 458
430 529
430 535
430 536
430 553
430 593
431 438
431 440
431 450
431 458
431 518
431 600
432 434
432 437
432 440
432 453
432 455
432 456
432 458
432 518
432 545
432 597
432 600
433 450
433 451
433 490
433 491
433 501
433 582
434 440
434 444
434 451
434 458
434 461
434 504
434 518
434 593
434 600
435 450
435 459
435 460
435 474
435 485
435 490
435 494
435 496
435 501
435 504
435 510
435 512
435 513
435 514
435 515
435 520
435 544
435 552
437 440
437 448
437 456
437 458
437 462
437 518
437 529
437 533
437 545
437 600
438 439
438 441
438 450
438 453
438 457
438 458
438 504
438 505
438 516
438 545
438 551
438 552
438 555
438 578
438 599
438 600
439 440
439 441
439 443
439 445
439 520
439 534
439 552
439 555
439 578
439 600
440 443
440 444
440 445
440 447
440 458
440 518
440 529
440 536
440 553
440 600
442 452
442 454
442 460
442 465
442 467
442 470
442 474
442 489
442 493
442 494
442 496
442 498
442 499
442 501
442 503
442 505
442 515
442 516
442 517
442 519
442 522
442 524
442 542
442 579
443 445
443 451
443 529
443 533
443 536
443 553
443 555
443 583
443 584
444 445
444 447
445 447
445 451
445 529
445 532
445 533
445 553
445 583
445 584
446 458
446 505
446 539
446 600
447 532
447 535
447 553
447 583
447 599
448 502
448 518
449 453
449 462
449 520
449 543
449 545
449 561
449 563
450 459
450 474
450 494
450 496
450 499
450 501
450 504
450 510
450 599
450 600
451 490
451 491
451 501
451 545
452 454
452 465
452 467
452 471
452 472
452 475
452 482
452 489
452 495
452 499
452 503
452 505
452 516
452 517
452 519
452 521
452 522
452 527
452 540
452 551
452 557
452 562
452 564
452 579
452 581
453 454
453 464
453 498
453 501
453 515
453 520
453 521
453 532
453 533
453 534
453 543
453 545
453 552
453 553
453 555
453 561
453 562
453 571
453 600
454 460
454 465
454 467
454 468
454 485
454 489
454 493
454 495
454 497
454 498
454 499
454 503
454 507
454 508
454 509
454 511
454 512
454 513
454 515
454 517
454 519
454 521
454 524
454 525
454 527
454 540
454 542
454 562
454 564
454 565
454 571
454 581
454 594
455 456
455 561
456 458
456 502
456 518
457 500
457 502
457 539
457 577
457 596
457 598
457 599
457 600
458 502
458 518
458 539
458 596
458 600
459 460
459 474
459 494
459 496
459 500
459 501
459 504
459 510
459 512
459 513
459 514
459 515
459 520
459 541
459 543
459 544
459 571
459 600
460 461
460 474
460 485
460 493
460 494
460 497
460 498
460 499
460 501
460 503
460 504
460 510
460 512
460 513
460 514
460 515
460 520
460 524
460 541
460 542
460 559
460 564
460 594
461 541
462 518
462 543
462 545
462 600
463 464
463 497
463 542
463 558
463 561
463 562
463 569
463 571
464 520
464 521
464 545
464 561
464 562
465 467
465 489
465 493
465 499
465 503
465 517
465 519
465 521
465 522
465 524
465 527
465 540
465 557
465 564
465 565
465 581
465 589
466 500
466 570
466 572
467 470
467 471
467 481
467 482
467 485
467 489
467 493
467 495
467 498
467 503
467 507
467 508
467 511
467 513
467 515
467 516
467 517
467 519
467 521
467 522
467 524
467 527
467 534
467 540
467 542
467 551
467 562
467 564
467 581
467 594
468 493
468 495
468 497
468 508
468 511
468 512
468 521
468 535
468 540
468 542
468 554
468 569
468 571
468 581
468 594
470 471
470 472
470 475
470 485
470 489
470 496
470 498
470 503
470 515
471 472
471 475
471 489
472 475
472 517
473 486
473 522
473 546
473 556
473 575
474 494
474 496
474 499
474 500
474 501
474 503
474 504
474 505
474 510
474 515
474 516
475 476
475 482
475 489
475 499
475 519
475 522
475 551
475 585
476 477
476 479
476 566
478 481
478 489
478 521
478 522
478 527
478 538
478 540
478 546
478 548
478 550
478 551
478 554
478 556
478 557
478 562
478 569
478 578
478 590
479 566
479 573
480 481
480 482
480 483
481 482
481 484
481 486
481 488
481 489
481 511
481 521
481 522
481 527
481 540
481 556
481 557
481 559
481 564
481 565
481 581
481 589
482 483
482 484
482 485
482 487
482 489
482 495
482 503
482 505
482 508
482 511
482 516
482 522
482 551
482 565
482 581
482 585
483 485
483 487
483 507
483 508
483 511
483 562
483 585
484 486
484 487
484 488
484 556
484 557
484 581
484 589
484 590
485 489
485 493
485 494
485 495
485 496
485 497
485 498
485 501
485 503
485 507
485 508
485 509
485 511
485 512
485 513
485 514
485 515
485 521
485 523
485 524
485 525
485 526
485 542
485 559
485 562
485 564
485 565
485 567
485 571
485 579
485 581
485 594
486 488
486 556
486 557
486 588
487 495
487 511
487 521
487 526
487 551
487 562
487 565
487 581
487 586
488 502
488 538
488 548
488 550
488 556
488 557
488 588
488 589
488 590
488 596
489 493
489 495
489 498
489 503
489 507
489 508
489 511
489 513
489 515
489 517
489 519
489 521
489 522
489 527
489 534
489 540
489 542
489 547
489 548
489 549
489 551
489 557
489 559
489 562
489 564
489 565
489 573
489 579
489 581
489 594
490 491
490 492
490 501
490 510
490 514
491 492
491 504
492 530
493 495
493 496
493 497
493 498
493 503
493 507
493 508
493 509
493 511
493 512
493 513
493 515
493 517
493 519
493 521
493 524
493 525
493 526
493 527
493 540
493 542
493 551
493 562
493 564
493 565
493 567
493 571
493 581
493 594
494 496
494 498
494 501
494 504
494 510
494 512
494 513
494 514
494 515
494 571
495 498
495 507
495 508
495 511
495 513
495 517
495 519
495 521
495 525
495 526
495 527
495 542
495 551
495 562
495 564
495 565
495 581
495 594
496 498
496 500
496 501
496 503
496 505
496 510
496 512
496 513
496 514
496 515
496 516
496 517
497 498
497 511
497 512
497 513
497 515
497 519
497 520
497 521
497 527
497 540
497 541
497 542
497 544
497 561
497 562
497 564
497 569
497 571
497 581
497 594
498 503
498 505
498 507
498 511
498 512
498 513
498 515
498 517
498 519
498 521
498 522
498 524
498 527
498 534
498 542
498 551
498 562
498 564
498 571
498 594
499 503
499 504
499 505
499 517
499 519
499 522
499 527
499 559
499 579
500 510
500 517
500 541
500 543
500 571
500 577
500 578
501 504
501 510
501 512
501 513
501 514
501 515
501 520
501 543
501 552
502 539
502 596
503 504
503 505
503 509
503 512
503 513
503 515
503 516
503 517
503 519
503 522
503 524
503 527
503 542
503 551
503 559
503 562
503 594
504 505
504 510
504 516
504 600
505 516
505 517
505 599
506 520
506 564
507 508
507 509
507 511
507 512
507 513
507 515
507 523
507 524
507 525
507 526
507 542
507 562
507 564
507 567
507 581
507 594
508 509
508 511
508 513
508 521
508 524
508 525
508 526
508 527
508 542
508 562
508 564
508 567
508 581
508 594
509 512
509 513
509 515
509 524
509 525
509 542
509 567
510 512
510 513
510 514
510 515
510 541
510 544
510 552
510 599
510 600
511 512
511 513
511 519
511 521
511 522
511 524
511 525
511 526
511 527
511 540
511 542
511 551
511 557
511 560
511 562
511 564
511 565
511 567
511 569
511 573
511 579
511 580
511 581
511 594
512 513
512 514
512 515
512 519
512 524
512 541
512 542
512 552
512 561
512 564
512 567
512 571
512 594
513 514
513 515
513 519
513 523
513 524
513 525
513 541
513 542
513 561
513 562
513 564
513 567
513 571
513 594
514 515
515 516
515 517
515 519
515 524
515 542
515 552
515 562
515 564
515 567
515 571
515 594
516 517
517 519
517 522
517 524
517 527
517 564
517 565
518 539
518 545
518 600
519 521
519 522
519 524
519 527
519 540
519 542
519 551
519 557
519 562
519 564
519 565
519 571
519 573
519 581
519 589
519 594
520 534
520 541
520 543
520 544
520 545
520 552
520 561
520 563
520 571
521 522
521 525
521 526
521 527
521 534
521 540
521 542
521 548
521 549
521 551
521 556
521 557
521 559
521 562
521 564
521 565
521 581
521 583
521 594
522 527
522 540
522 547
522 548
522 551
522 557
522 565
522 573
522 581
522 589
523 524
523 525
523 526
524 527
524 542
524 564
524 571
524 594
525 526
525 527
525 540
525 542
525 564
525 565
525 567
525 581
526 562
526 581
526 594
527 540
527 542
527 548
527 551
527 556
527 557
527 559
527 562
527 564
527 565
527 581
527 592
527 594
528 539
528 570
528 572
528 575
528 596
529 530
529 532
529 533
529 535
529 536
529 553
529 584
530 533
531 534
531 555
531 579
531 592
532 533
532 535
532 536
532 549
532 552
532 553
533 536
533 543
533 545
533 553
534 545
534 555
534 561
535 536
535 549
535 552
535 553
535 554
535 558
536 552
536 553
536 554
536 558
538 540
538 546
538 548
538 554
538 556
538 557
538 560
538 565
538 580
538 581
538 589
538 590
538 592
539 578
539 588
539 592
539 595
539 596
539 597
539 600
540 542
540 547
540 548
540 550
540 556
540 557
540 559
540 560
540 562
540 564
540 565
540 566
540 569
540 573
540 581
540 589
540 590
540 592
541 544
541 592
541 595
542 561
542 562
542 564
542 565
542 567
542 571
542 579
542 581
542 594
543 544
543 545
543 552
543 561
543 563
544 595
544 600
545 561
546 549
546 551
546 554
546 556
546 583
546 584
547 548
547 549
547 550
547 557
547 560
547 573
547 579
548 549
548 550
548 551
548 554
548 556
548 557
548 560
548 573
548 592
548 595
548 597
549 550
549 551
549 553
549 554
549 583
549 584
550 551
550 554
550 556
550 557
550 560
550 566
550 573
550 576
550 589
550 592
551 554
551 555
551 556
551 557
551 562
551 581
551 583
551 584
551 594
552 553
552 561
552 563
553 554
553 558
553 583
554 556
554 569
554 592
554 597
555 582
555 583
555 584
556 557
556 560
556 578
556 581
556 589
556 590
556 596
556 597
557 559
557 560
557 562
557 565
557 566
557 569
557 573
557 581
557 589
557 592
558 569
559 562
559 564
559 581
560 573
560 574
560 581
561 563
561 571
562 564
562 565
562 571
562 579
562 581
562 594
564 565
564 571
564 581
564 590
564 592
564 594
565 580
565 581
565 589
565 590
565 592
565 594
566 568
566 569
566 573
566 574
566 576
566 592
568 570
568 574
568 576
569 573
569 574
570 572
570 575
570 576
571 594
572 576
572 577
573 574
573 581
573 592
575 576
576 577
576 592
577 589
578 596
578 597
580 581
580 590
581 594
582 583
582 584
583 584
588 591
589 590
589 591
589 592
590 591
590 592
591 593
592 595
592 596
595 596
595 597
595 600
596 597
596 600
597 600
598 599
599 600
