600 8990

1 4
1 18
1 22
1 100
1 290
1 302
1 304
1 305
1 316
1 319
1 320
1 322
1 323
1 336
1 487
1 530
2 52
2 93
2 94
2 95
2 101
2 106
2 107
2 123
2 124
2 125
2 304
2 321
2 348
2 350
2 359
3 11
3 12
3 16
3 304
4 5
4 18
4 20
4 21
4 22
4 23
4 28
4 30
4 31
4 33
4 34
4 37
4 100
4 290
4 304
4 305
4 316
4 319
4 320
4 322
4 323
4 324
4 325
4 329
4 336
5 16
5 18
5 19
5 20
5 21
5 23
5 24
5 26
5 27
5 29
5 30
5 34
5 100
5 101
5 106
5 221
5 304
5 305
5 308
5 312
5 318
5 319
5 320
5 322
5 323
5 324
5 326
5 329
5 331
5 497
5 530
6 340
7 10
8 540
8 582
9 589
10 239
10 242
10 552
11 12
11 21
11 94
11 98
11 395
12 15
12 16
12 17
12 19
12 98
12 110
12 271
12 313
12 315
12 318
12 319
12 320
12 331
13 175
13 278
13 308
14 313
15 16
15 17
15 19
15 24
15 29
15 154
15 313
15 318
15 331
16 17
16 18
16 19
16 20
16 21
16 23
16 24
16 27
16 29
16 100
16 304
16 308
16 312
16 315
16 318
16 324
16 331
16 506
17 19
17 21
17 23
17 24
17 27
17 29
17 271
17 305
17 318
17 320
17 323
17 324
17 329
17 331
18 20
18 21
18 94
18 98
18 100
18 105
18 106
18 290
18 303
18 304
18 305
18 315
18 316
18 319
18 320
18 321
18 322
18 323
18 336
18 392
18 393
18 395
19 20
19 21
19 23
19 24
19 27
19 29
19 271
19 304
19 305
19 312
19 316
19 318
19 320
19 323
19 324
19 329
19 331
20 21
20 23
20 24
20 94
20 100
20 101
20 106
20 221
20 304
20 308
20 315
20 319
20 320
20 321
20 324
20 329
20 331
20 395
21 23
21 24
21 26
21 27
21 28
21 30
21 31
21 32
21 37
21 38
21 98
21 100
21 106
21 110
21 304
21 305
21 318
21 319
21 320
21 323
21 324
21 328
21 329
21 330
21 331
21 336
21 392
21 395
22 25
22 28
22 31
22 33
22 290
22 323
22 333
23 24
23 26
23 27
23 28
23 29
23 30
23 31
23 284
23 304
23 305
23 308
23 312
23 316
23 318
23 320
23 323
23 324
23 326
23 328
23 329
23 331
24 26
24 27
24 29
24 221
24 304
24 305
24 308
24 312
24 316
24 318
24 323
24 324
24 326
24 329
24 331
25 185
26 27
26 30
26 33
26 122
26 285
26 324
26 328
26 329
26 331
26 574
27 29
27 221
27 308
27 312
27 318
27 324
27 326
27 329
27 331
28 30
28 31
28 32
28 33
28 37
28 284
28 285
28 320
28 323
28 327
28 328
28 330
28 332
28 333
28 334
28 336
28 468
29 108
29 110
29 195
29 196
29 197
29 308
29 312
29 318
29 324
29 326
29 329
29 331
30 31
30 32
30 33
30 34
30 36
30 37
30 38
30 285
30 290
30 305
30 320
30 323
30 327
30 328
30 329
30 330
30 332
30 333
30 334
31 32
31 33
31 34
31 35
31 36
31 37
31 38
31 285
31 290
31 320
31 323
31 327
31 328
31 329
31 330
31 332
31 333
31 334
31 336
31 468
32 33
32 35
32 37
32 328
32 330
32 333
32 334
33 34
33 35
33 36
33 38
33 285
33 320
33 323
33 325
33 327
33 328
33 330
33 332
33 333
33 334
33 335
33 336
33 584
34 36
34 38
34 78
34 290
34 328
34 329
34 332
35 37
35 333
35 334
36 38
36 332
36 333
36 335
36 336
36 405
37 320
37 323
37 330
37 333
37 334
37 336
37 468
38 320
38 327
38 328
38 333
38 335
38 336
38 395
38 530
39 41
39 45
39 48
39 52
39 87
39 88
39 90
39 103
39 109
39 115
39 123
39 124
39 125
39 136
39 144
39 151
39 152
39 337
39 355
39 406
39 407
39 491
39 492
40 50
40 57
40 64
40 65
40 82
40 127
40 128
40 129
40 132
40 137
40 139
40 147
40 367
40 369
40 371
40 373
40 385
40 421
40 424
40 429
40 430
40 433
40 440
40 441
40 450
40 451
40 600
41 43
41 45
41 48
41 49
41 51
41 52
41 55
41 57
41 58
41 60
41 61
41 64
41 66
41 80
41 82
41 87
41 88
41 90
41 91
41 95
41 109
41 112
41 113
41 114
41 115
41 117
41 118
41 119
41 120
41 123
41 124
41 125
41 126
41 127
41 128
41 129
41 130
41 131
41 134
41 136
41 138
41 139
41 140
41 141
41 144
41 148
41 150
41 152
41 156
41 157
41 159
41 188
41 191
41 202
41 337
41 338
41 339
41 341
41 342
41 345
41 347
41 348
41 351
41 352
41 353
41 354
41 356
41 357
41 359
41 364
41 371
41 373
41 374
41 375
41 379
41 380
41 382
41 385
41 396
41 397
41 398
41 399
41 403
41 404
41 406
41 407
41 408
41 409
41 410
41 412
41 413
41 416
41 421
41 422
41 423
41 424
41 430
41 431
41 433
41 434
41 436
41 437
41 440
41 442
41 444
41 446
41 447
41 448
41 450
41 451
41 456
41 458
41 490
41 491
41 492
41 510
41 514
41 600
42 46
42 47
42 48
42 54
42 115
42 362
43 49
43 55
43 58
43 60
43 61
43 66
43 87
43 90
43 91
43 95
43 107
43 109
43 113
43 118
43 120
43 124
43 126
43 128
43 130
43 134
43 136
43 148
43 338
43 339
43 342
43 348
43 350
43 353
43 354
43 359
43 379
43 380
43 382
43 396
43 398
43 404
43 408
43 409
43 410
43 413
43 416
43 422
43 423
43 424
43 437
43 444
43 446
43 448
43 492
44 48
44 49
44 53
44 58
44 75
44 87
44 113
44 115
44 130
44 144
44 150
44 341
44 346
44 354
44 356
44 357
44 367
44 371
44 404
44 406
44 418
44 423
44 424
44 440
44 444
44 446
45 46
45 47
45 48
45 49
45 55
45 56
45 60
45 80
45 87
45 90
45 95
45 112
45 118
45 128
45 131
45 134
45 136
45 138
45 140
45 141
45 144
45 152
45 157
45 188
45 202
45 338
45 359
45 374
45 408
45 410
45 416
45 424
45 430
45 434
45 436
45 448
45 450
45 451
45 456
45 464
45 510
45 514
45 600
46 47
46 48
46 52
46 53
46 54
46 55
46 58
46 60
46 61
46 116
46 117
46 118
46 144
46 344
46 349
46 355
46 359
46 362
46 363
47 48
47 53
47 54
47 55
47 56
47 60
47 95
47 111
47 115
47 116
47 117
47 118
47 120
47 339
47 359
47 399
47 407
47 408
47 409
47 410
47 416
47 491
47 492
48 52
48 53
48 54
48 55
48 58
48 60
48 87
48 90
48 95
48 115
48 116
48 117
48 118
48 123
48 124
48 125
48 144
48 337
48 339
48 340
48 342
48 343
48 344
48 346
48 347
48 348
48 349
48 353
48 355
48 359
48 362
48 406
48 407
48 408
48 409
48 410
48 446
48 448
48 491
48 492
49 51
49 52
49 55
49 57
49 58
49 60
49 64
49 65
49 75
49 80
49 82
49 87
49 88
49 90
49 95
49 96
49 109
49 112
49 113
49 118
49 119
49 120
49 121
49 123
49 125
49 126
49 127
49 128
49 129
49 130
49 131
49 134
49 136
49 137
49 138
49 139
49 140
49 141
49 144
49 148
49 149
49 150
49 151
49 152
49 157
49 159
49 163
49 188
49 339
49 341
49 345
49 348
49 352
49 354
49 356
49 357
49 358
49 359
49 364
49 367
49 371
49 373
49 374
49 375
49 379
49 380
49 382
49 385
49 396
49 399
49 403
49 404
49 406
49 408
49 409
49 410
49 412
49 413
49 416
49 418
49 420
49 421
49 422
49 423
49 424
49 430
49 431
49 433
49 434
49 436
49 437
49 440
49 442
49 444
49 446
49 447
49 448
49 450
49 456
49 458
49 492
49 510
49 600
50 51
50 57
50 59
50 63
50 64
50 65
50 80
50 82
50 96
50 117
50 121
50 127
50 129
50 139
50 140
50 146
50 147
50 157
50 194
50 345
50 351
50 352
50 358
50 413
50 414
50 430
50 434
50 436
50 445
50 447
50 451
50 510
50 514
51 55
51 57
51 59
51 62
51 63
51 64
51 65
51 66
51 67
51 90
51 117
51 118
51 121
51 136
51 138
51 139
51 144
51 152
51 351
51 352
51 357
51 358
51 359
51 363
51 379
51 386
51 410
51 414
51 416
51 433
51 441
51 446
51 448
52 55
52 58
52 60
52 87
52 90
52 93
52 95
52 101
52 103
52 109
52 111
52 113
52 115
52 117
52 118
52 119
52 120
52 123
52 124
52 125
52 126
52 130
52 144
52 151
52 152
52 204
52 224
52 337
52 339
52 340
52 342
52 343
52 344
52 346
52 347
52 348
52 349
52 350
52 353
52 354
52 355
52 356
52 357
52 359
52 384
52 396
52 397
52 398
52 399
52 401
52 404
52 406
52 407
52 408
52 409
52 410
52 413
52 416
52 417
52 418
52 491
52 492
53 55
53 58
53 60
53 61
53 144
53 204
53 342
53 344
53 346
53 353
53 359
53 379
54 60
54 144
55 57
55 58
55 60
55 61
55 64
55 80
55 87
55 90
55 95
55 109
55 113
55 117
55 118
55 120
55 121
55 124
55 125
55 127
55 129
55 130
55 136
55 138
55 139
55 144
55 150
55 152
55 157
55 337
55 341
55 342
55 344
55 346
55 347
55 348
55 349
55 351
55 352
55 353
55 354
55 356
55 357
55 359
55 373
55 380
55 396
55 399
55 404
55 406
55 408
55 410
55 412
55 413
55 414
55 416
55 418
55 421
55 422
55 423
55 424
55 433
55 446
55 448
55 492
56 60
56 66
56 112
56 116
56 117
56 118
56 128
56 129
56 131
56 188
56 191
56 194
56 210
56 364
56 396
56 408
56 410
56 413
56 430
56 450
56 510
56 514
57 59
57 63
57 64
57 65
57 66
57 75
57 80
57 82
57 88
57 90
57 95
57 96
57 113
57 117
57 118
57 119
57 120
57 121
57 125
57 127
57 128
57 129
57 130
57 136
57 137
57 138
57 139
57 140
57 147
57 148
57 149
57 150
57 152
57 157
57 159
57 345
57 351
57 352
57 357
57 358
57 373
57 374
57 380
57 386
57 396
57 403
57 412
57 413
57 414
57 416
57 418
57 421
57 422
57 423
57 424
57 430
57 431
57 433
57 434
57 436
57 437
57 440
57 441
57 446
57 447
57 448
57 450
57 504
57 600
58 60
58 61
58 66
58 87
58 90
58 113
58 123
58 124
58 126
58 136
58 144
58 148
58 149
58 151
58 152
58 341
58 344
58 345
58 346
58 348
58 349
58 352
58 353
58 354
58 355
58 356
58 357
58 359
58 379
58 422
58 437
58 448
59 62
59 63
59 64
59 65
59 66
59 67
59 96
59 121
59 139
59 147
59 157
59 351
59 358
59 360
59 361
59 386
59 414
60 61
60 66
60 80
60 87
60 90
60 95
60 103
60 109
60 112
60 113
60 114
60 115
60 116
60 117
60 118
60 119
60 120
60 123
60 124
60 125
60 126
60 128
60 129
60 130
60 131
60 136
60 138
60 141
60 144
60 152
60 188
60 191
60 194
60 202
60 204
60 224
60 225
60 338
60 339
60 348
60 352
60 353
60 354
60 359
60 379
60 380
60 396
60 397
60 399
60 404
60 408
60 409
60 410
60 413
60 416
60 422
60 423
60 424
60 437
60 448
60 492
60 534
61 66
61 112
61 126
61 131
61 136
61 167
61 188
61 191
61 194
61 202
61 204
61 210
61 341
61 345
61 352
61 353
61 354
61 356
61 359
61 379
61 413
61 422
61 424
61 437
61 458
61 490
61 514
62 63
62 64
62 65
62 66
62 67
62 351
62 352
62 358
62 360
62 361
62 362
62 363
62 414
63 64
63 65
63 66
63 67
63 117
63 121
63 127
63 136
63 138
63 139
63 140
63 147
63 152
63 157
63 351
63 352
63 358
63 360
63 361
63 386
63 414
63 416
63 430
63 434
63 436
63 446
63 448
63 456
63 510
63 514
64 65
64 66
64 80
64 82
64 90
64 95
64 96
64 117
64 118
64 119
64 120
64 121
64 125
64 127
64 128
64 129
64 134
64 136
64 138
64 139
64 140
64 147
64 150
64 152
64 157
64 159
64 188
64 351
64 352
64 358
64 359
64 360
64 373
64 374
64 385
64 386
64 396
64 399
64 408
64 412
64 413
64 414
64 416
64 421
64 422
64 424
64 430
64 431
64 433
64 434
64 436
64 437
64 440
64 446
64 447
64 448
64 450
64 451
64 456
64 510
64 514
64 600
65 66
65 75
65 80
65 82
65 90
65 96
65 121
65 125
65 127
65 128
65 134
65 136
65 138
65 139
65 140
65 147
65 148
65 150
65 152
65 157
65 159
65 345
65 351
65 352
65 357
65 358
65 373
65 374
65 375
65 379
65 396
65 412
65 414
65 416
65 418
65 419
65 421
65 422
65 423
65 424
65 430
65 431
65 434
65 436
65 437
65 440
65 441
65 446
65 447
65 448
65 450
65 451
65 456
65 490
65 504
65 510
65 600
66 67
66 90
66 118
66 136
66 138
66 148
66 351
66 352
66 358
66 359
66 360
66 361
66 362
66 363
66 379
66 383
66 437
66 448
67 351
67 360
67 361
67 362
67 363
68 69
68 70
68 76
68 77
68 78
68 79
68 81
68 82
68 83
68 129
68 132
68 133
68 140
68 293
68 364
68 365
68 368
68 370
68 420
68 484
68 599
69 70
69 71
69 72
69 76
69 77
69 365
69 368
69 370
69 598
69 599
70 71
70 72
70 76
70 77
70 79
70 81
70 365
70 368
70 370
70 598
71 72
71 76
71 77
71 78
71 368
71 598
71 599
72 74
72 76
72 77
72 78
72 79
72 365
72 368
72 370
72 377
72 598
72 599
73 74
73 75
73 79
73 114
73 126
73 130
73 132
73 137
73 200
73 280
73 367
73 369
73 371
73 373
73 403
73 420
73 422
73 423
73 424
73 462
74 75
74 77
74 78
74 79
74 81
74 82
74 83
74 132
74 368
74 369
74 370
74 371
74 372
74 375
74 420
74 429
74 435
74 441
74 504
74 596
75 79
75 82
75 87
75 88
75 101
75 103
75 109
75 112
75 113
75 114
75 119
75 125
75 126
75 130
75 136
75 140
75 141
75 150
75 151
75 152
75 159
75 161
75 204
75 345
75 354
75 357
75 367
75 369
75 371
75 373
75 374
75 379
75 380
75 396
75 399
75 403
75 404
75 407
75 411
75 416
75 418
75 419
75 420
75 421
75 422
75 423
75 424
75 434
75 440
75 441
75 446
75 458
75 490
75 491
75 492
75 504
76 77
76 78
76 83
76 299
76 300
76 370
76 420
76 598
76 599
77 78
77 79
77 81
77 82
77 83
77 84
77 129
77 299
77 300
77 364
77 365
77 368
77 370
77 372
77 377
77 420
77 483
77 596
77 598
77 599
78 79
78 83
78 84
78 365
78 368
78 370
78 377
78 420
78 598
78 599
79 80
79 81
79 82
79 83
79 84
79 91
79 112
79 127
79 129
79 132
79 140
79 200
79 345
79 364
79 365
79 367
79 368
79 369
79 370
79 371
79 372
79 373
79 374
79 375
79 376
79 403
79 420
79 421
79 422
79 423
79 424
79 428
79 429
79 434
79 435
79 440
79 444
79 450
79 451
79 598
79 599
80 82
80 83
80 84
80 87
80 88
80 90
80 91
80 95
80 96
80 112
80 113
80 114
80 120
80 121
80 125
80 126
80 127
80 128
80 129
80 130
80 131
80 134
80 136
80 137
80 138
80 139
80 140
80 141
80 147
80 148
80 149
80 150
80 152
80 157
80 159
80 188
80 191
80 202
80 339
80 341
80 345
80 348
80 352
80 353
80 354
80 358
80 364
80 367
80 371
80 372
80 373
80 374
80 375
80 380
80 385
80 386
80 396
80 399
80 403
80 404
80 408
80 410
80 412
80 413
80 414
80 416
80 418
80 419
80 420
80 421
80 422
80 423
80 424
80 428
80 430
80 431
80 433
80 434
80 436
80 437
80 440
80 446
80 447
80 448
80 450
80 451
80 456
80 458
80 490
80 492
80 504
80 510
80 514
80 600
81 83
81 129
81 364
81 368
81 370
81 372
81 421
81 457
81 499
82 83
82 84
82 87
82 88
82 90
82 95
82 96
82 112
82 113
82 121
82 127
82 128
82 129
82 130
82 131
82 132
82 134
82 135
82 136
82 137
82 138
82 139
82 140
82 141
82 145
82 146
82 147
82 148
82 149
82 150
82 152
82 157
82 159
82 161
82 163
82 188
82 225
82 298
82 300
82 341
82 345
82 352
82 358
82 364
82 367
82 371
82 372
82 373
82 374
82 375
82 379
82 380
82 385
82 396
82 402
82 403
82 404
82 412
82 413
82 414
82 419
82 420
82 421
82 422
82 423
82 424
82 428
82 430
82 431
82 433
82 434
82 435
82 436
82 437
82 440
82 441
82 444
82 446
82 447
82 448
82 450
82 451
82 455
82 456
82 458
82 464
82 490
82 504
82 510
82 514
82 599
82 600
83 84
83 86
83 87
83 91
83 112
83 114
83 126
83 127
83 128
83 129
83 131
83 132
83 134
83 136
83 137
83 140
83 141
83 146
83 147
83 188
83 202
83 225
83 298
83 300
83 345
83 364
83 365
83 370
83 371
83 372
83 374
83 375
83 376
83 377
83 380
83 402
83 403
83 419
83 420
83 421
83 422
83 423
83 424
83 428
83 429
83 430
83 431
83 434
83 435
83 436
83 437
83 440
83 447
83 450
83 451
83 456
83 464
83 490
83 504
83 510
83 514
83 599
83 600
84 86
84 89
84 91
84 220
84 364
84 365
84 370
84 372
84 374
84 375
84 376
84 377
84 381
84 420
84 421
84 428
84 434
84 456
84 529
84 599
85 86
85 264
86 89
86 188
86 372
86 376
86 377
87 88
87 90
87 91
87 95
87 103
87 109
87 112
87 113
87 114
87 115
87 118
87 119
87 120
87 123
87 124
87 125
87 126
87 128
87 129
87 130
87 131
87 134
87 136
87 137
87 138
87 140
87 141
87 144
87 148
87 152
87 157
87 159
87 188
87 191
87 202
87 224
87 225
87 338
87 339
87 341
87 345
87 348
87 354
87 359
87 364
87 367
87 371
87 373
87 374
87 379
87 380
87 396
87 399
87 403
87 404
87 406
87 407
87 408
87 409
87 410
87 411
87 413
87 416
87 418
87 420
87 421
87 422
87 423
87 424
87 430
87 431
87 434
87 437
87 442
87 444
87 446
87 447
87 448
87 450
87 451
87 456
87 458
87 490
87 491
87 492
87 600
88 90
88 91
88 95
88 109
88 113
88 120
88 128
88 130
88 136
88 137
88 139
88 144
88 148
88 150
88 151
88 159
88 367
88 371
88 373
88 380
88 396
88 403
88 404
88 406
88 421
88 422
88 423
88 424
88 431
88 433
88 440
88 444
88 600
89 91
89 147
89 157
89 188
89 287
89 338
89 376
89 557
90 95
90 109
90 112
90 113
90 115
90 117
90 118
90 120
90 123
90 124
90 125
90 126
90 128
90 130
90 131
90 134
90 136
90 137
90 138
90 139
90 140
90 141
90 144
90 148
90 149
90 150
90 152
90 157
90 159
90 163
90 188
90 202
90 341
90 345
90 348
90 351
90 352
90 353
90 357
90 359
90 364
90 373
90 374
90 379
90 380
90 385
90 396
90 397
90 399
90 403
90 404
90 406
90 408
90 409
90 410
90 413
90 416
90 418
90 421
90 422
90 423
90 424
90 430
90 431
90 433
90 434
90 437
90 440
90 444
90 446
90 447
90 448
90 450
90 451
90 491
90 492
90 510
90 600
91 112
91 136
91 338
91 374
91 375
91 376
91 377
91 380
91 403
91 404
91 420
91 422
91 423
91 424
92 206
92 349
93 94
93 95
93 101
93 103
93 123
93 124
93 151
93 187
93 301
93 303
93 304
93 321
93 357
93 412
93 487
93 491
94 98
94 101
94 103
94 106
94 107
94 123
94 303
94 304
94 319
94 321
94 350
94 395
94 407
94 491
95 96
95 99
95 103
95 109
95 113
95 117
95 118
95 119
95 120
95 121
95 125
95 127
95 128
95 129
95 130
95 136
95 138
95 139
95 140
95 144
95 148
95 152
95 157
95 159
95 188
95 224
95 225
95 298
95 338
95 339
95 347
95 348
95 359
95 364
95 367
95 373
95 374
95 380
95 382
95 385
95 386
95 396
95 398
95 399
95 403
95 404
95 406
95 407
95 408
95 409
95 410
95 413
95 416
95 418
95 421
95 422
95 423
95 424
95 430
95 431
95 433
95 434
95 446
95 448
95 450
95 456
95 491
95 492
95 600
96 97
96 99
96 118
96 127
96 128
96 136
96 138
96 139
96 150
96 152
96 298
96 300
96 386
96 430
96 431
96 446
96 448
96 600
97 99
97 262
97 386
98 105
98 106
98 153
98 271
98 319
98 350
98 392
98 393
98 395
98 401
99 262
99 386
100 101
100 102
100 105
100 106
100 221
100 290
100 304
100 314
100 316
100 319
100 320
100 321
100 322
100 323
100 336
100 392
100 395
100 530
101 102
101 103
101 106
101 107
101 109
101 115
101 119
101 123
101 125
101 187
101 204
101 221
101 223
101 224
101 304
101 308
101 321
101 339
101 389
101 390
101 399
101 407
101 411
101 417
101 491
101 492
101 497
101 530
102 103
102 105
102 107
102 109
102 119
102 221
102 224
102 225
102 390
102 530
102 534
103 106
103 107
103 109
103 113
103 114
103 115
103 116
103 119
103 120
103 123
103 125
103 126
103 130
103 144
103 152
103 187
103 204
103 221
103 223
103 224
103 321
103 339
103 350
103 355
103 367
103 384
103 390
103 396
103 397
103 398
103 399
103 401
103 404
103 406
103 407
103 408
103 409
103 411
103 416
103 417
103 418
103 490
103 491
103 492
103 497
104 108
104 189
104 192
104 215
104 251
104 495
104 586
104 598
105 106
105 153
105 232
105 272
105 336
105 392
105 530
105 594
106 107
106 109
106 119
106 123
106 153
106 221
106 223
106 272
106 304
106 319
106 320
106 321
106 328
106 336
106 350
106 392
106 393
106 395
106 397
106 398
106 400
106 401
106 407
106 411
106 468
106 530
107 109
107 111
107 126
107 204
107 215
107 221
107 337
107 339
107 350
107 390
107 398
107 400
107 401
107 407
107 492
108 110
108 154
108 189
108 192
108 195
108 196
108 197
108 206
108 211
108 215
108 230
108 231
108 234
108 241
108 266
108 267
108 274
108 297
108 495
108 509
109 111
109 112
109 113
109 114
109 115
109 116
109 118
109 119
109 120
109 123
109 125
109 126
109 128
109 130
109 131
109 136
109 152
109 188
109 191
109 194
109 204
109 210
109 221
109 223
109 224
109 225
109 338
109 339
109 342
109 347
109 348
109 354
109 359
109 380
109 384
109 396
109 397
109 398
109 399
109 401
109 403
109 404
109 406
109 407
109 408
109 409
109 410
109 411
109 412
109 413
109 416
109 418
109 422
109 423
109 424
109 444
109 448
109 456
109 490
109 491
109 492
110 122
110 154
110 195
110 206
110 218
110 230
110 233
110 234
110 244
110 259
110 266
110 267
110 269
110 271
110 274
110 284
110 285
110 297
110 393
110 395
111 115
111 116
111 117
111 118
111 120
111 125
111 194
111 223
111 224
111 340
111 342
111 343
111 347
111 348
111 359
111 399
111 407
111 408
111 409
111 413
111 417
111 474
111 491
111 492
111 532
111 533
112 113
112 114
112 115
112 126
112 127
112 128
112 129
112 130
112 131
112 132
112 134
112 136
112 137
112 140
112 141
112 149
112 150
112 152
112 188
112 190
112 191
112 202
112 204
112 210
112 345
112 364
112 367
112 371
112 372
112 374
112 375
112 379
112 380
112 385
112 396
112 398
112 399
112 402
112 403
112 404
112 408
112 410
112 411
112 413
112 416
112 419
112 420
112 421
112 422
112 423
112 424
112 428
112 429
112 430
112 431
112 434
112 436
112 437
112 440
112 444
112 446
112 447
112 448
112 450
112 451
112 456
112 457
112 458
112 490
112 492
112 504
112 510
112 514
112 600
113 114
113 115
113 117
113 118
113 120
113 123
113 125
113 126
113 128
113 130
113 131
113 136
113 141
113 144
113 149
113 150
113 151
113 152
113 188
113 191
113 204
113 210
113 345
113 348
113 353
113 354
113 356
113 357
113 367
113 371
113 374
113 379
113 380
113 396
113 397
113 398
113 399
113 403
113 404
113 406
113 407
113 408
113 410
113 411
113 412
113 413
113 416
113 418
113 421
113 422
113 423
113 424
113 430
113 433
113 440
113 444
113 446
113 448
113 450
113 451
113 490
113 491
113 492
114 115
114 123
114 126
114 130
114 131
114 136
114 141
114 188
114 190
114 191
114 194
114 202
114 204
114 210
114 367
114 371
114 372
114 380
114 396
114 398
114 399
114 403
114 404
114 408
114 411
114 422
114 423
114 424
114 434
114 444
114 451
114 457
114 490
114 492
115 116
115 118
115 120
115 123
115 125
115 126
115 130
115 144
115 188
115 191
115 204
115 223
115 224
115 339
115 340
115 342
115 343
115 344
115 346
115 347
115 348
115 353
115 354
115 356
115 357
115 359
115 380
115 396
115 397
115 398
115 399
115 404
115 406
115 407
115 408
115 409
115 410
115 411
115 413
115 416
115 417
115 418
115 423
115 490
115 491
115 492
115 497
116 117
116 118
116 125
116 191
116 194
116 340
116 342
116 344
116 346
116 347
116 396
116 399
116 407
116 408
116 409
116 416
116 491
116 492
117 118
117 120
117 121
117 125
117 127
117 138
117 139
117 157
117 342
117 343
117 344
117 346
117 347
117 348
117 349
117 351
117 352
117 357
117 359
117 386
117 396
117 406
117 408
117 409
117 410
117 413
117 414
117 416
117 418
117 446
117 448
117 492
118 120
118 121
118 124
118 125
118 136
118 138
118 139
118 144
118 148
118 157
118 337
118 338
118 339
118 340
118 342
118 343
118 344
118 346
118 347
118 348
118 349
118 350
118 351
118 353
118 357
118 359
118 363
118 385
118 386
118 396
118 398
118 404
118 406
118 407
118 408
118 409
118 410
118 413
118 414
118 416
118 446
118 448
118 491
118 492
119 120
119 121
119 123
119 125
119 136
119 148
119 152
119 157
119 159
119 188
119 221
119 223
119 224
119 225
119 359
119 374
119 396
119 397
119 398
119 399
119 401
119 404
119 407
119 408
119 411
119 412
119 413
119 416
119 418
119 448
119 456
119 491
119 492
119 530
119 534
120 121
120 123
120 125
120 127
120 128
120 129
120 130
120 136
120 138
120 139
120 148
120 152
120 157
120 188
120 224
120 225
120 342
120 347
120 348
120 350
120 354
120 357
120 359
120 374
120 380
120 385
120 396
120 397
120 398
120 399
120 401
120 403
120 404
120 406
120 407
120 408
120 409
120 410
120 412
120 413
120 414
120 416
120 418
120 421
120 422
120 423
120 424
120 433
120 446
120 447
120 448
120 450
120 491
120 492
121 125
121 127
121 129
121 136
121 138
121 139
121 140
121 147
121 150
121 152
121 157
121 159
121 357
121 358
121 373
121 374
121 385
121 396
121 399
121 408
121 412
121 413
121 414
121 416
121 418
121 421
121 422
121 424
121 430
121 431
121 434
121 440
121 446
121 447
121 448
121 450
121 451
121 456
121 510
121 514
121 600
122 272
122 297
122 574
123 124
123 125
123 126
123 130
123 136
123 144
123 151
123 152
123 187
123 204
123 321
123 339
123 340
123 342
123 343
123 344
123 346
123 347
123 348
123 349
123 350
123 353
123 354
123 355
123 356
123 357
123 359
123 396
123 397
123 398
123 399
123 401
123 404
123 406
123 407
123 408
123 409
123 410
123 411
123 416
123 417
123 418
123 491
123 492
124 125
124 144
124 151
124 153
124 337
124 342
124 344
124 346
124 347
124 348
124 349
124 350
124 353
124 355
124 357
124 359
124 363
124 406
125 126
125 130
125 136
125 144
125 150
125 151
125 152
125 157
125 191
125 204
125 223
125 224
125 339
125 340
125 341
125 342
125 343
125 344
125 346
125 347
125 348
125 350
125 353
125 354
125 356
125 357
125 359
125 380
125 384
125 396
125 397
125 398
125 399
125 401
125 404
125 406
125 407
125 408
125 409
125 410
125 411
125 412
125 413
125 414
125 416
125 417
125 418
125 422
125 423
125 424
125 446
125 448
125 490
125 491
125 492
126 130
126 131
126 136
126 141
126 144
126 151
126 187
126 191
126 198
126 200
126 201
126 202
126 203
126 204
126 210
126 339
126 353
126 354
126 357
126 371
126 379
126 396
126 404
126 416
126 419
126 422
126 423
126 424
126 442
126 444
126 458
126 490
126 504
127 128
127 129
127 130
127 131
127 134
127 136
127 137
127 138
127 139
127 140
127 147
127 149
127 150
127 152
127 157
127 159
127 188
127 262
127 299
127 341
127 345
127 351
127 352
127 364
127 367
127 371
127 372
127 373
127 374
127 375
127 380
127 385
127 396
127 403
127 412
127 413
127 414
127 416
127 419
127 420
127 421
127 422
127 423
127 424
127 428
127 430
127 431
127 433
127 434
127 435
127 436
127 440
127 441
127 446
127 447
127 448
127 450
127 451
127 456
127 458
127 490
127 504
127 510
127 514
127 600
128 129
128 130
128 131
128 132
128 134
128 135
128 136
128 137
128 138
128 139
128 140
128 141
128 144
128 145
128 146
128 147
128 148
128 149
128 150
128 152
128 157
128 159
128 163
128 188
128 191
128 202
128 225
128 298
128 300
128 341
128 345
128 352
128 364
128 367
128 371
128 372
128 373
128 374
128 375
128 379
128 380
128 385
128 396
128 399
128 402
128 403
128 404
128 408
128 410
128 413
128 416
128 419
128 420
128 421
128 422
128 423
128 424
128 427
128 428
128 430
128 431
128 433
128 434
128 435
128 436
128 437
128 440
128 441
128 442
128 444
128 446
128 447
128 448
128 450
128 451
128 455
128 456
128 458
128 464
128 466
128 490
128 504
128 510
128 514
128 600
129 130
129 131
129 132
129 134
129 135
129 136
129 137
129 138
129 139
129 140
129 146
129 147
129 149
129 152
129 157
129 159
129 188
129 202
129 225
129 300
129 341
129 345
129 352
129 364
129 370
129 371
129 372
129 374
129 375
129 380
129 385
129 388
129 396
129 399
129 402
129 403
129 404
129 412
129 413
129 414
129 420
129 421
129 422
129 423
129 424
129 428
129 429
129 430
129 431
129 433
129 434
129 436
129 437
129 438
129 440
129 445
129 447
129 448
129 450
129 451
129 456
129 458
129 490
129 504
129 510
129 514
129 534
129 600
130 131
130 134
130 136
130 138
130 139
130 140
130 141
130 144
130 149
130 150
130 151
130 152
130 188
130 204
130 341
130 345
130 348
130 353
130 354
130 356
130 357
130 359
130 367
130 371
130 373
130 374
130 379
130 380
130 396
130 397
130 398
130 399
130 403
130 404
130 406
130 408
130 410
130 411
130 412
130 413
130 416
130 418
130 420
130 421
130 422
130 423
130 424
130 430
130 431
130 433
130 434
130 436
130 440
130 444
130 446
130 447
130 448
130 450
130 451
130 490
130 492
131 132
131 134
131 136
131 137
131 138
131 139
131 140
131 141
131 146
131 149
131 152
131 157
131 188
131 190
131 191
131 202
131 204
131 210
131 345
131 352
131 364
131 367
131 371
131 372
131 374
131 375
131 379
131 380
131 396
131 399
131 402
131 403
131 404
131 408
131 410
131 413
131 416
131 419
131 420
131 421
131 422
131 423
131 424
131 428
131 429
131 430
131 431
131 434
131 436
131 437
131 440
131 444
131 446
131 447
131 448
131 450
131 451
131 455
131 456
131 457
131 458
131 464
131 466
131 490
131 494
131 504
131 510
131 514
131 600
132 134
132 135
132 137
132 140
132 146
132 190
132 364
132 367
132 369
132 371
132 372
132 374
132 375
132 402
132 420
132 421
132 422
132 423
132 424
132 428
132 429
132 430
132 434
132 437
132 438
132 440
132 447
132 450
132 451
132 462
132 510
132 600
134 135
134 136
134 137
134 138
134 139
134 140
134 141
134 145
134 146
134 147
134 148
134 149
134 152
134 157
134 159
134 161
134 163
134 188
134 190
134 202
134 208
134 225
134 298
134 341
134 345
134 352
134 358
134 364
134 371
134 372
134 374
134 375
134 379
134 380
134 396
134 399
134 402
134 404
134 416
134 419
134 420
134 421
134 422
134 423
134 424
134 427
134 428
134 429
134 430
134 431
134 434
134 435
134 436
134 437
134 438
134 440
134 441
134 442
134 446
134 447
134 448
134 450
134 451
134 455
134 456
134 458
134 464
134 466
134 490
134 510
134 514
134 600
135 136
135 140
135 146
135 149
135 188
135 225
135 282
135 295
135 341
135 345
135 364
135 372
135 374
135 420
135 421
135 422
135 427
135 430
135 431
135 434
135 438
135 447
135 451
135 504
135 600
136 137
136 138
136 139
136 140
136 141
136 144
136 145
136 147
136 148
136 149
136 150
136 152
136 156
136 157
136 159
136 163
136 188
136 202
136 225
136 298
136 338
136 339
136 341
136 345
136 348
136 351
136 352
136 358
136 359
136 364
136 367
136 371
136 372
136 373
136 374
136 375
136 379
136 380
136 385
136 396
136 399
136 403
136 404
136 408
136 409
136 410
136 412
136 413
136 416
136 418
136 420
136 421
136 422
136 423
136 424
136 428
136 430
136 431
136 433
136 434
136 436
136 437
136 440
136 441
136 442
136 444
136 446
136 447
136 448
136 450
136 451
136 455
136 456
136 458
136 464
136 466
136 490
136 492
136 510
136 514
136 600
137 138
137 139
137 140
137 141
137 144
137 149
137 298
137 345
137 367
137 371
137 373
137 374
137 375
137 379
137 402
137 403
137 419
137 420
137 421
137 422
137 423
137 424
137 428
137 430
137 431
137 433
137 434
137 435
137 436
137 440
137 441
137 448
137 450
137 451
137 458
137 500
137 504
137 510
137 600
138 139
138 140
138 141
138 144
138 147
138 148
138 150
138 152
138 157
138 159
138 188
138 298
138 345
138 351
138 352
138 358
138 359
138 367
138 371
138 373
138 374
138 375
138 380
138 385
138 386
138 410
138 420
138 421
138 422
138 423
138 424
138 430
138 431
138 433
138 434
138 436
138 440
138 441
138 446
138 447
138 448
138 449
138 450
138 456
138 510
138 600
139 140
139 147
139 149
139 150
139 152
139 157
139 188
139 341
139 345
139 351
139 352
139 358
139 371
139 372
139 373
139 374
139 375
139 380
139 386
139 403
139 410
139 412
139 414
139 421
139 422
139 423
139 424
139 430
139 431
139 433
139 434
139 436
139 440
139 441
139 446
139 447
139 448
139 450
139 451
139 456
139 510
139 514
139 600
140 141
140 145
140 146
140 147
140 148
140 149
140 152
140 157
140 159
140 163
140 188
140 202
140 225
140 298
140 341
140 345
140 352
140 358
140 364
140 367
140 371
140 372
140 373
140 374
140 375
140 380
140 396
140 399
140 402
140 404
140 408
140 412
140 413
140 414
140 416
140 419
140 420
140 421
140 422
140 423
140 424
140 427
140 428
140 429
140 430
140 431
140 434
140 435
140 436
140 437
140 440
140 445
140 446
140 447
140 448
140 450
140 451
140 455
140 456
140 458
140 462
140 464
140 466
140 490
140 494
140 504
140 510
140 514
140 600
141 144
141 149
141 150
141 152
141 188
141 190
141 202
141 204
141 210
141 345
141 367
141 371
141 374
141 375
141 379
141 380
141 396
141 404
141 416
141 420
141 421
141 422
141 423
141 424
141 430
141 431
141 434
141 436
141 437
141 440
141 442
141 444
141 446
141 447
141 448
141 450
141 451
141 457
141 458
141 490
141 510
142 220
142 529
142 535
143 176
143 283
143 286
143 289
143 439
143 472
143 485
143 513
143 522
143 523
143 551
143 555
143 562
143 583
144 150
144 152
144 159
144 204
144 341
144 355
144 367
144 371
144 373
144 379
144 404
144 406
144 418
144 422
144 424
144 431
144 433
144 444
144 446
144 448
145 146
145 147
145 156
145 163
145 188
145 208
145 220
145 225
145 275
145 287
145 298
145 364
145 374
145 426
145 427
145 428
145 430
145 431
145 434
145 437
145 438
145 445
145 447
145 450
145 455
145 456
145 463
145 464
145 480
145 483
145 510
145 529
145 535
145 541
145 557
145 592
145 595
145 600
146 147
146 149
146 188
146 202
146 208
146 345
146 358
146 364
146 372
146 374
146 402
146 419
146 430
146 434
146 436
146 437
146 438
146 445
146 447
146 450
146 451
146 455
146 456
146 490
146 510
146 514
146 600
147 157
147 163
147 188
147 345
147 351
147 352
147 358
147 364
147 374
147 375
147 412
147 414
147 421
147 424
147 428
147 430
147 431
147 434
147 436
147 445
147 447
147 450
147 451
147 456
147 464
147 510
147 514
147 600
148 150
148 151
148 152
148 156
148 157
148 163
148 298
148 373
148 374
148 380
148 396
148 404
148 409
148 410
148 416
148 430
148 431
148 437
148 440
148 442
148 446
148 448
148 456
148 464
148 600
149 150
149 152
149 188
149 341
149 345
149 364
149 371
149 372
149 373
149 374
149 375
149 380
149 402
149 421
149 422
149 423
149 424
149 430
149 431
149 433
149 434
149 436
149 437
149 438
149 440
149 446
149 447
149 448
149 450
149 451
149 458
149 490
149 504
149 510
149 514
149 600
150 152
150 159
150 204
150 339
150 345
150 354
150 357
150 358
150 367
150 371
150 373
150 374
150 375
150 379
150 380
150 396
150 404
150 416
150 418
150 419
150 421
150 422
150 423
150 424
150 430
150 431
150 433
150 434
150 437
150 440
150 441
150 442
150 446
150 448
150 456
150 458
150 490
150 504
150 600
151 164
151 204
151 272
151 353
151 354
151 356
151 357
151 379
152 156
152 157
152 159
152 188
152 202
152 223
152 224
152 225
152 339
152 341
152 345
152 352
152 357
152 358
152 359
152 367
152 371
152 373
152 374
152 380
152 396
152 397
152 399
152 404
152 406
152 407
152 408
152 409
152 410
152 412
152 413
152 416
152 418
152 419
152 421
152 422
152 423
152 424
152 430
152 431
152 434
152 437
152 440
152 442
152 446
152 447
152 448
152 450
152 451
152 455
152 456
152 458
152 464
152 466
152 490
152 491
152 492
152 510
152 600
153 232
153 254
153 272
153 392
154 195
154 197
154 199
154 206
154 209
154 211
154 219
154 231
154 234
154 241
154 267
154 271
154 273
154 274
154 501
154 574
155 156
155 213
155 273
155 288
155 337
155 338
156 157
156 163
156 188
156 208
156 223
156 338
156 358
156 374
156 437
156 447
156 448
156 455
156 456
156 464
156 466
157 159
157 188
157 191
157 202
157 214
157 223
157 225
157 338
157 339
157 341
157 348
157 352
157 358
157 359
157 364
157 374
157 380
157 396
157 399
157 408
157 409
157 410
157 412
157 413
157 414
157 416
157 421
157 422
157 423
157 424
157 430
157 431
157 434
157 436
157 437
157 446
157 447
157 448
157 450
157 451
157 455
157 456
157 464
157 466
157 490
157 492
157 510
157 514
157 515
157 525
157 543
157 600
158 537
159 161
159 163
159 225
159 341
159 345
159 367
159 371
159 373
159 374
159 375
159 380
159 385
159 390
159 396
159 399
159 404
159 418
159 420
159 421
159 422
159 423
159 424
159 430
159 431
159 434
159 437
159 440
159 442
159 446
159 448
159 450
159 451
159 456
159 458
159 464
159 490
159 492
159 534
159 600
160 539
161 203
161 341
161 421
162 253
163 202
163 254
163 275
163 374
163 375
163 380
163 385
163 403
163 426
163 430
163 431
163 437
163 445
163 447
163 462
163 463
163 464
163 539
163 541
163 600
165 348
166 169
166 173
166 174
166 217
166 240
166 246
166 247
166 472
166 476
166 481
166 485
166 555
166 566
167 202
167 214
167 436
168 170
168 179
168 229
168 230
168 231
168 244
168 248
168 250
168 251
168 253
168 265
168 266
168 268
168 269
168 270
168 276
168 277
168 475
168 476
168 478
168 481
168 556
168 558
168 579
169 171
169 173
169 174
169 216
169 263
169 278
169 472
169 476
169 477
169 559
169 589
170 172
170 178
170 183
170 199
170 206
170 216
170 228
170 229
170 230
170 231
170 232
170 234
170 239
170 240
170 242
170 244
170 247
170 248
170 250
170 251
170 256
170 258
170 259
170 265
170 266
170 267
170 268
170 269
170 270
170 271
170 297
170 475
170 476
170 478
170 481
170 486
170 507
170 509
170 511
170 538
170 540
170 542
170 548
170 552
170 556
170 558
170 561
170 563
170 566
170 572
170 573
170 574
170 589
170 594
171 173
171 174
171 217
171 249
171 283
171 472
171 477
171 480
171 523
171 525
171 526
171 531
171 560
172 218
172 233
172 244
172 248
172 250
172 253
172 478
172 556
172 558
172 561
173 174
173 176
173 249
173 263
173 470
173 472
173 476
173 477
173 479
173 480
173 483
173 485
173 526
174 176
174 177
174 179
174 217
174 249
174 263
174 472
174 476
174 477
174 480
174 483
174 485
174 523
174 526
174 562
174 596
175 177
175 278
175 377
175 480
175 482
175 484
176 177
176 179
176 185
176 249
176 263
176 264
176 476
176 479
176 480
176 482
176 483
176 485
176 522
176 526
176 577
176 578
177 179
177 181
177 249
177 278
177 377
177 405
177 476
177 480
177 482
177 483
177 559
177 569
178 183
178 199
178 206
178 229
178 230
178 231
178 232
178 239
178 242
178 247
178 255
178 256
178 258
178 259
178 263
178 265
178 266
178 268
178 269
178 270
178 271
178 297
178 332
178 481
178 511
178 538
178 540
178 542
178 547
178 552
178 565
178 566
178 572
178 574
178 594
179 181
179 263
179 276
179 480
179 481
179 483
179 485
179 522
179 526
179 540
179 541
179 559
179 565
179 567
179 579
179 585
180 186
180 277
180 279
181 377
181 480
181 483
181 541
181 559
181 567
181 585
181 592
182 206
182 229
182 230
182 234
182 256
182 280
182 283
182 507
182 509
182 520
182 544
182 580
182 581
183 199
183 232
183 247
183 252
183 255
183 259
183 263
183 265
183 266
183 267
183 268
183 269
183 270
183 271
183 277
183 279
183 297
183 481
183 566
183 574
183 594
184 487
185 322
185 325
185 455
185 463
185 560
185 569
186 277
188 191
188 194
188 202
188 208
188 210
188 214
188 223
188 224
188 225
188 295
188 341
188 345
188 352
188 364
188 372
188 374
188 375
188 380
188 388
188 396
188 397
188 399
188 402
188 404
188 408
188 410
188 411
188 412
188 413
188 416
188 420
188 421
188 422
188 423
188 424
188 428
188 430
188 431
188 434
188 436
188 437
188 444
188 447
188 448
188 450
188 451
188 455
188 456
188 458
188 464
188 466
188 490
188 492
188 494
188 510
188 514
188 600
189 192
189 195
189 196
189 201
189 211
189 215
189 230
189 240
189 280
189 283
189 460
189 472
189 489
189 495
189 502
189 509
190 198
190 202
190 208
190 210
190 375
190 424
190 434
190 436
190 457
191 194
191 202
191 204
191 210
191 223
191 394
191 396
191 397
191 399
191 404
191 408
191 409
191 410
191 413
191 416
191 424
191 436
191 447
191 451
191 456
191 490
191 492
191 510
191 514
192 193
192 200
192 201
192 203
192 205
192 211
192 215
192 219
192 280
192 495
192 502
193 194
193 352
193 394
193 419
193 436
193 499
193 503
193 514
194 210
194 222
194 223
194 224
194 339
194 388
194 394
194 399
194 408
194 413
194 414
194 416
194 436
194 451
194 474
194 490
194 514
194 525
194 532
194 533
195 196
195 197
195 211
195 215
195 222
195 267
195 274
195 415
195 495
195 497
195 502
195 509
195 524
196 197
196 201
196 203
196 215
196 222
196 326
196 415
196 417
196 467
196 474
196 497
196 501
196 502
196 525
196 580
197 209
197 211
197 215
197 216
197 267
197 273
197 274
198 200
198 201
198 203
198 205
198 280
198 457
198 459
199 206
199 216
199 229
199 230
199 231
199 232
199 255
199 259
199 266
199 267
199 268
199 269
199 270
199 271
199 274
199 277
199 278
199 279
199 281
199 297
199 475
199 476
199 572
199 574
200 201
200 203
200 215
200 219
200 280
200 281
200 457
201 203
201 204
201 207
201 215
201 219
201 280
201 281
201 457
201 528
202 208
202 210
202 214
202 345
202 364
202 374
202 375
202 376
202 380
202 396
202 413
202 422
202 423
202 430
202 434
202 436
202 437
202 447
202 448
202 450
202 451
202 455
202 464
202 466
202 510
202 514
202 543
203 204
203 215
203 280
203 339
203 502
203 505
204 282
204 339
204 371
204 379
204 384
204 416
204 419
204 422
204 423
204 424
204 425
204 458
204 490
204 492
204 504
205 219
205 234
205 280
205 281
205 465
205 502
205 505
205 528
206 211
206 216
206 218
206 229
206 230
206 231
206 233
206 234
206 239
206 241
206 244
206 247
206 248
206 251
206 256
206 258
206 259
206 266
206 267
206 268
206 269
206 270
206 271
206 274
206 280
206 297
206 475
206 478
206 507
206 508
206 509
206 511
206 520
206 521
206 524
206 538
206 542
206 544
206 556
206 572
206 573
206 574
206 581
206 589
207 524
208 214
208 264
208 432
208 434
208 447
208 455
208 456
208 494
208 510
208 518
208 543
208 569
209 211
209 212
209 231
209 240
209 242
209 255
209 259
209 265
209 267
209 268
209 274
209 276
209 564
210 396
210 413
210 447
210 510
211 219
211 229
211 230
211 231
211 234
211 239
211 240
211 241
211 266
211 267
211 274
211 280
211 489
211 493
211 507
211 508
211 509
211 511
211 542
211 551
211 552
211 564
211 581
212 227
212 513
212 555
212 564
213 217
213 236
213 246
213 247
213 250
213 252
213 255
213 257
213 259
213 261
213 297
214 466
214 474
214 499
214 503
214 514
214 515
214 516
214 525
214 543
215 502
215 505
216 251
216 267
216 268
216 276
216 277
216 278
216 280
216 316
216 475
216 476
216 520
217 220
217 246
217 247
217 250
217 252
217 257
217 261
217 263
217 287
217 480
217 483
217 560
217 569
218 230
218 231
218 233
218 234
218 235
218 239
218 240
218 241
218 242
218 244
218 248
218 250
218 251
218 258
218 266
218 268
218 269
218 271
218 276
218 453
218 478
218 511
218 537
218 542
218 548
218 551
218 552
218 555
218 556
218 558
218 581
219 267
219 268
219 274
219 280
219 281
219 528
220 226
220 227
220 246
220 287
220 377
220 480
220 483
220 529
220 530
220 535
220 536
220 546
220 553
220 557
220 584
220 592
221 223
221 224
221 225
221 308
221 329
221 390
221 397
221 399
221 411
221 497
221 530
221 533
221 534
222 389
222 415
222 417
222 467
222 474
222 489
222 493
222 497
222 498
222 501
222 502
222 503
222 516
222 524
222 525
222 532
222 533
222 580
223 224
223 225
223 321
223 339
223 390
223 394
223 396
223 397
223 398
223 399
223 407
223 408
223 409
223 411
223 412
223 416
223 417
223 491
223 492
223 497
223 533
223 534
224 225
224 245
224 388
224 389
224 396
224 397
224 399
224 411
224 412
224 416
224 417
224 492
224 532
224 534
225 364
225 374
225 396
225 397
225 399
225 404
225 412
225 413
225 420
225 421
225 422
225 430
225 431
225 434
225 447
225 448
225 456
225 464
225 530
225 534
225 557
225 600
226 227
226 240
226 246
226 286
226 287
226 529
226 531
226 536
226 537
226 546
226 554
226 555
227 242
227 286
227 287
227 463
227 512
227 513
227 536
227 537
227 553
227 593
228 229
228 236
228 238
228 239
228 243
228 256
228 258
228 259
228 263
228 265
228 269
228 270
228 540
228 547
229 230
229 231
229 233
229 234
229 235
229 236
229 238
229 239
229 240
229 242
229 244
229 248
229 251
229 256
229 258
229 259
229 265
229 266
229 267
229 268
229 269
229 270
229 271
229 475
229 478
229 481
229 507
229 509
229 511
229 521
229 538
229 540
229 542
229 544
229 547
229 548
229 552
229 556
229 566
229 572
229 573
229 581
230 231
230 233
230 234
230 235
230 236
230 238
230 239
230 240
230 241
230 242
230 244
230 248
230 251
230 256
230 258
230 259
230 265
230 266
230 267
230 268
230 269
230 271
230 274
230 286
230 439
230 453
230 475
230 478
230 489
230 495
230 498
230 507
230 508
230 509
230 511
230 519
230 520
230 521
230 522
230 538
230 542
230 544
230 547
230 548
230 551
230 552
230 556
230 564
230 572
230 573
230 579
230 581
231 233
231 234
231 235
231 236
231 238
231 239
231 240
231 241
231 242
231 244
231 247
231 248
231 251
231 256
231 258
231 259
231 265
231 266
231 267
231 268
231 269
231 270
231 271
231 274
231 297
231 475
231 478
231 507
231 508
231 509
231 511
231 521
231 538
231 540
231 542
231 544
231 548
231 551
231 552
231 556
231 564
231 565
231 566
231 567
231 572
231 581
231 589
232 247
232 248
232 250
232 252
232 255
232 259
232 265
232 266
232 268
232 269
232 270
232 271
232 272
232 277
232 279
232 297
232 320
232 336
232 392
232 476
232 566
232 570
232 572
232 574
232 594
233 234
233 235
233 241
233 244
233 248
233 251
233 256
233 266
233 453
233 475
233 478
233 511
233 520
233 521
233 542
233 548
233 551
233 556
233 581
233 586
234 239
234 240
234 241
234 244
234 248
234 251
234 256
234 258
234 266
234 267
234 269
234 271
234 274
234 280
234 453
234 475
234 478
234 507
234 508
234 509
234 511
234 519
234 520
234 521
234 538
234 542
234 544
234 548
234 551
234 552
234 556
234 572
234 573
234 581
235 236
235 238
235 239
235 240
235 242
235 244
235 251
235 258
235 286
235 511
235 547
235 548
235 551
235 552
235 556
235 581
236 238
236 239
236 242
236 243
236 244
236 247
236 256
236 258
236 259
236 265
236 270
236 297
236 547
236 548
236 556
236 581
237 239
237 285
238 239
238 240
238 242
238 243
238 244
238 251
238 258
238 259
238 260
238 265
238 286
238 481
238 538
238 540
238 547
238 548
238 549
238 552
238 556
238 579
239 240
239 241
239 242
239 243
239 244
239 246
239 247
239 251
239 256
239 258
239 259
239 265
239 266
239 267
239 268
239 269
239 270
239 276
239 286
239 297
239 475
239 481
239 509
239 511
239 522
239 538
239 540
239 542
239 547
239 548
239 549
239 551
239 552
239 554
239 555
239 556
239 564
239 566
239 567
239 579
239 581
240 241
240 242
240 244
240 251
240 258
240 259
240 265
240 276
240 286
240 489
240 507
240 509
240 511
240 542
240 547
240 548
240 549
240 551
240 552
240 554
240 555
240 564
240 567
240 581
241 242
241 244
241 251
241 267
241 274
241 439
241 453
241 459
241 460
241 472
241 475
241 478
241 489
241 493
241 495
241 501
241 507
241 508
241 509
241 511
241 519
241 520
241 521
241 522
241 538
241 542
241 544
241 548
241 551
241 552
241 555
241 556
241 562
241 564
241 567
241 581
242 244
242 247
242 250
242 251
242 256
242 258
242 259
242 265
242 266
242 268
242 269
242 270
242 276
242 286
242 439
242 481
242 511
242 522
242 538
242 540
242 542
242 546
242 547
242 548
242 549
242 551
242 552
242 555
242 556
242 558
242 561
242 564
242 565
242 567
242 570
242 581
243 247
243 258
243 260
243 261
243 554
243 566
244 248
244 250
244 251
244 256
244 258
244 265
244 266
244 269
244 286
244 439
244 453
244 475
244 478
244 489
244 495
244 507
244 508
244 509
244 511
244 521
244 522
244 537
244 538
244 542
244 547
244 548
244 551
244 552
244 555
244 556
244 558
244 561
244 567
244 579
244 581
244 583
244 587
245 294
245 531
245 532
246 247
246 257
246 260
246 286
246 287
246 294
246 297
246 531
246 537
246 555
246 584
247 248
247 250
247 252
247 255
247 256
247 258
247 259
247 261
247 265
247 266
247 268
247 269
247 270
247 276
247 297
247 476
247 481
247 548
247 556
247 563
247 566
247 589
248 250
248 251
248 253
248 254
248 266
248 268
248 269
248 270
248 366
248 463
248 475
248 478
248 481
248 537
248 547
248 548
248 556
248 558
248 561
248 563
248 570
248 572
248 573
248 579
249 263
249 278
249 279
249 316
249 472
249 476
249 477
249 479
249 480
249 481
249 526
249 562
249 567
249 589
249 592
249 598
250 252
250 253
250 254
250 259
250 265
250 268
250 269
250 270
250 276
250 277
250 463
250 481
250 548
250 556
250 558
250 560
250 561
250 563
250 570
250 589
251 253
251 258
251 266
251 267
251 268
251 269
251 270
251 271
251 276
251 475
251 476
251 478
251 481
251 507
251 509
251 511
251 538
251 540
251 542
251 544
251 548
251 551
251 552
251 556
251 558
251 572
251 573
251 579
251 581
251 586
251 587
252 254
252 255
252 261
252 263
252 264
252 265
252 268
252 270
252 275
252 277
252 279
252 560
252 563
252 569
252 570
252 597
253 254
253 463
253 478
253 548
253 556
253 558
253 561
253 563
253 573
254 275
254 277
254 366
254 426
254 463
254 539
254 556
254 557
254 563
255 259
255 261
255 263
255 265
255 267
255 268
255 270
255 274
255 297
255 566
255 574
256 258
256 259
256 265
256 266
256 268
256 269
256 270
256 271
256 297
256 453
256 475
256 498
256 507
256 508
256 509
256 511
256 520
256 521
256 538
256 542
256 544
256 547
256 548
256 551
256 556
256 564
256 566
256 572
256 573
256 574
256 581
257 261
257 287
257 568
258 259
258 265
258 269
258 270
258 286
258 297
258 481
258 511
258 538
258 542
258 547
258 548
258 549
258 551
258 552
258 555
258 556
258 566
258 581
259 261
259 265
259 266
259 267
259 268
259 269
259 270
259 271
259 274
259 276
259 297
259 556
259 565
259 566
259 589
260 294
261 270
261 297
262 294
262 299
262 300
262 385
262 433
263 265
263 278
263 279
263 296
263 476
263 480
263 481
263 540
263 549
263 559
263 565
263 589
263 594
264 295
264 455
264 461
264 560
264 569
264 577
265 266
265 268
265 269
265 270
265 271
265 276
265 297
265 481
265 540
265 547
265 548
265 549
265 552
265 556
265 563
265 565
265 566
265 567
265 589
265 594
266 267
266 268
266 269
266 270
266 271
266 274
266 276
266 281
266 297
266 475
266 478
266 481
266 507
266 509
266 511
266 538
266 542
266 544
266 548
266 552
266 556
266 572
266 573
266 574
266 581
267 268
267 269
267 270
267 271
267 274
267 276
267 278
267 280
267 281
267 297
267 475
267 509
267 574
268 269
268 270
268 271
268 274
268 276
268 277
268 278
268 297
268 476
268 522
268 556
268 563
268 565
268 570
268 572
268 574
268 589
269 270
269 271
269 274
269 297
269 475
269 478
269 481
269 509
269 511
269 538
269 540
269 542
269 544
269 548
269 552
269 556
269 563
269 565
269 566
269 570
269 572
269 573
269 574
269 594
270 271
270 274
270 276
270 277
270 297
270 556
270 566
270 572
270 573
270 574
271 272
271 274
271 297
271 318
271 319
271 320
271 331
271 392
271 475
271 478
271 509
271 511
271 521
271 538
271 542
271 544
271 556
271 572
271 573
271 574
271 594
272 277
272 297
272 336
272 392
272 468
272 574
273 274
274 278
274 297
274 509
274 574
275 325
275 426
275 427
275 455
275 464
275 480
275 539
275 557
275 560
275 569
275 575
275 590
275 595
276 277
276 278
276 286
276 476
276 481
276 556
276 589
277 278
277 279
277 336
278 279
278 281
278 316
278 472
278 476
278 477
278 559
278 565
278 570
278 574
278 576
278 577
278 589
279 281
279 461
279 476
279 574
280 281
280 283
280 459
280 509
280 528
280 571
281 528
281 571
281 578
282 388
282 504
283 325
283 452
283 472
283 476
283 485
283 520
283 522
283 560
283 577
283 580
283 583
283 589
284 285
284 320
284 330
284 336
284 392
284 583
285 286
285 297
285 320
285 327
285 328
285 330
285 332
285 583
286 537
286 547
286 548
286 551
286 555
286 556
286 581
286 583
286 584
287 405
287 483
287 529
287 535
287 536
287 546
287 557
287 584
289 558
289 562
289 583
289 593
290 302
290 304
290 305
290 316
290 319
290 320
290 322
290 323
290 325
290 330
290 336
290 468
290 530
290 584
290 598
291 540
291 579
291 596
292 426
295 447
297 556
298 300
298 374
298 386
298 428
298 430
298 431
298 434
298 448
298 456
298 464
298 510
298 600
299 300
299 420
299 433
299 534
299 599
300 364
300 421
300 599
300 600
301 303
301 487
302 304
302 305
302 322
303 304
303 321
303 393
303 395
303 405
303 487
304 305
304 308
304 318
304 319
304 320
304 321
304 322
304 323
304 324
304 329
304 331
304 392
305 308
305 316
305 318
305 319
305 320
305 322
305 323
305 324
305 325
305 328
305 329
305 331
305 574
306 309
306 313
307 437
308 312
308 322
308 324
308 326
308 329
308 331
308 497
308 531
309 313
310 576
311 317
312 324
312 326
312 329
312 331
313 315
314 576
315 317
315 319
315 320
315 321
315 336
315 392
316 318
316 319
316 322
316 329
316 476
316 482
316 562
316 567
316 589
316 598
317 335
317 336
317 398
318 320
318 323
318 324
318 329
318 331
319 320
319 321
319 322
319 323
319 330
319 336
319 392
319 393
319 395
320 322
320 323
320 328
320 329
320 330
320 331
320 334
320 335
320 336
320 392
320 395
320 468
320 594
321 390
321 393
321 395
321 407
321 491
322 323
322 325
322 329
322 584
322 589
322 598
323 328
323 329
323 330
323 331
323 334
323 392
324 326
324 329
324 331
325 443
325 468
325 584
326 329
326 331
326 497
327 328
327 330
327 332
327 333
327 335
327 392
327 468
328 329
328 330
328 332
328 333
328 335
328 336
328 392
329 330
329 331
329 332
330 332
330 333
330 334
330 335
330 392
332 335
333 334
333 335
335 336
335 392
335 529
335 530
335 557
335 584
336 392
336 395
336 405
336 594
337 338
337 339
337 340
337 342
337 343
337 344
337 347
337 348
337 350
337 359
337 382
337 398
337 400
337 406
337 407
337 408
337 409
337 410
337 491
337 492
338 339
338 347
338 348
338 359
338 380
338 382
338 398
338 406
338 407
338 408
338 409
338 410
338 413
338 448
338 492
339 340
339 342
339 343
339 344
339 347
339 348
339 350
339 357
339 359
339 361
339 380
339 382
339 384
339 394
339 396
339 398
339 399
339 406
339 407
339 408
339 409
339 410
339 416
339 417
339 418
339 421
339 425
339 434
339 442
339 446
339 448
339 454
339 458
339 466
339 490
339 491
339 492
340 342
340 343
340 344
340 346
340 347
340 348
340 349
340 350
340 357
340 359
340 406
340 407
340 409
340 410
340 491
340 492
341 345
341 346
341 348
341 352
341 353
341 354
341 356
341 357
341 371
341 372
341 373
341 374
341 380
341 404
341 408
341 412
341 413
341 416
341 418
341 421
341 422
341 423
341 424
341 430
341 431
341 433
341 434
341 437
341 438
341 440
341 444
341 446
341 447
341 448
341 451
341 456
341 458
341 490
342 343
342 344
342 346
342 347
342 348
342 349
342 350
342 353
342 354
342 357
342 359
342 401
342 406
342 407
342 409
342 410
342 413
342 491
342 492
343 344
343 346
343 347
343 348
343 349
343 350
343 353
343 354
343 356
343 357
343 359
343 406
343 407
343 409
343 410
343 413
343 491
343 492
344 346
344 347
344 348
344 349
344 350
344 353
344 354
344 355
344 356
344 357
344 359
344 406
344 407
344 409
344 410
344 413
344 491
344 492
345 348
345 352
345 353
345 354
345 356
345 357
345 358
345 364
345 371
345 372
345 373
345 374
345 375
345 379
345 380
345 396
345 403
345 404
345 412
345 413
345 420
345 421
345 422
345 423
345 424
345 430
345 431
345 433
345 434
345 436
345 437
345 438
345 440
345 444
345 446
345 447
345 448
345 450
345 451
345 456
345 458
345 490
345 510
345 600
346 347
346 348
346 349
346 350
346 353
346 354
346 356
346 357
346 359
346 406
346 407
346 409
346 417
346 491
346 492
347 348
347 349
347 350
347 353
347 354
347 356
347 357
347 359
347 398
347 400
347 401
347 406
347 407
347 408
347 409
347 410
347 413
347 446
347 491
347 492
348 349
348 353
348 354
348 356
348 357
348 359
348 380
348 396
348 398
348 399
348 404
348 406
348 407
348 408
348 409
348 410
348 412
348 413
348 416
348 422
348 423
348 446
348 448
348 491
348 492
349 353
349 354
349 355
349 356
349 357
349 359
349 363
350 355
350 357
350 359
350 382
350 393
350 395
350 398
350 400
350 401
350 406
350 407
350 409
350 410
350 417
350 491
350 492
351 352
351 358
351 359
351 360
351 363
351 410
351 413
351 414
351 437
351 441
351 448
352 353
352 354
352 356
352 357
352 358
352 374
352 375
352 379
352 396
352 412
352 413
352 414
352 416
352 419
352 421
352 422
352 423
352 424
352 430
352 434
352 436
352 437
352 440
352 441
352 446
352 447
352 448
352 450
352 451
352 490
352 510
352 514
353 354
353 356
353 357
353 359
353 379
353 410
353 413
353 422
353 423
353 437
354 356
354 357
354 359
354 373
354 379
354 380
354 396
354 399
354 404
354 407
354 412
354 413
354 416
354 421
354 422
354 423
354 424
354 437
354 444
354 446
354 490
355 357
356 357
356 359
356 379
356 413
356 416
356 422
356 423
356 444
356 446
357 359
357 373
357 379
357 380
357 396
357 399
357 404
357 406
357 407
357 408
357 410
357 412
357 413
357 416
357 417
357 418
357 422
357 423
357 446
357 448
357 491
357 492
358 360
358 361
358 362
358 374
358 379
358 414
358 416
358 419
358 430
358 431
358 434
358 436
358 437
358 441
358 446
358 448
358 455
358 456
358 510
358 514
359 363
359 382
359 396
359 398
359 399
359 407
359 408
359 409
359 410
359 412
359 413
359 416
359 446
359 448
359 492
360 361
360 362
360 363
360 414
361 362
361 363
361 414
362 363
364 365
364 370
364 372
364 374
364 375
364 376
364 380
364 385
364 396
364 402
364 408
364 413
364 419
364 420
364 421
364 422
364 423
364 424
364 427
364 428
364 429
364 430
364 431
364 434
364 436
364 437
364 445
364 447
364 448
364 450
364 451
364 455
364 456
364 464
364 466
364 490
364 494
364 510
364 514
364 600
365 368
365 370
365 376
365 377
365 420
365 588
365 593
365 598
366 463
366 539
367 369
367 371
367 372
367 373
367 374
367 375
367 380
367 381
367 385
367 403
367 404
367 418
367 420
367 421
367 422
367 423
367 424
367 429
367 430
367 431
367 433
367 434
367 440
367 441
367 444
367 446
367 451
367 458
367 490
367 504
368 370
368 588
368 593
368 596
368 598
369 371
369 372
369 375
369 420
369 424
369 429
369 434
369 440
369 441
369 596
370 376
370 377
370 381
370 420
370 429
370 591
370 593
370 598
370 599
371 372
371 373
371 374
371 375
371 379
371 380
371 403
371 404
371 419
371 420
371 421
371 422
371 423
371 424
371 428
371 429
371 430
371 431
371 433
371 434
371 435
371 436
371 440
371 441
371 444
371 446
371 448
371 450
371 451
371 458
371 490
371 504
371 600
372 374
372 375
372 380
372 388
372 402
372 419
372 420
372 421
372 422
372 423
372 424
372 427
372 428
372 429
372 430
372 431
372 434
372 435
372 436
372 440
372 444
372 447
372 450
372 451
372 455
372 456
372 458
372 490
372 504
372 510
372 514
372 600
373 374
373 375
373 380
373 403
373 404
373 418
373 420
373 421
373 422
373 423
373 424
373 430
373 431
373 433
373 434
373 440
373 446
373 448
373 458
373 600
374 375
374 376
374 380
374 385
374 396
374 399
374 402
374 403
374 404
374 408
374 410
374 412
374 413
374 416
374 419
374 420
374 421
374 422
374 423
374 424
374 427
374 428
374 430
374 431
374 434
374 435
374 436
374 437
374 440
374 444
374 446
374 447
374 448
374 450
374 451
374 455
374 456
374 458
374 462
374 464
374 466
374 490
374 504
374 510
374 514
374 600
375 379
375 380
375 402
375 403
375 419
375 420
375 421
375 422
375 423
375 424
375 428
375 429
375 430
375 431
375 434
375 435
375 436
375 437
375 440
375 441
375 444
375 447
375 448
375 450
375 451
375 455
375 456
375 458
375 462
375 464
375 490
375 504
375 510
375 600
376 377
376 380
376 381
376 420
376 422
376 447
377 381
377 405
377 420
377 480
377 483
377 529
377 530
377 557
377 592
377 598
377 599
378 405
378 484
378 568
378 585
379 419
379 422
379 423
379 424
379 436
379 437
379 446
379 448
379 458
379 466
379 490
379 504
380 382
380 385
380 396
380 397
380 398
380 399
380 403
380 404
380 406
380 407
380 408
380 409
380 410
380 411
380 412
380 413
380 416
380 418
380 420
380 421
380 422
380 423
380 424
380 430
380 431
380 434
380 436
380 437
380 440
380 444
380 446
380 447
380 448
380 450
380 451
380 456
380 458
380 490
380 491
380 492
380 510
380 514
380 543
380 600
382 398
382 401
382 410
382 446
382 448
383 471
384 388
384 390
384 394
384 396
384 399
384 408
384 416
384 417
384 425
384 490
384 491
384 492
385 386
385 396
385 398
385 403
385 404
385 408
385 410
385 420
385 421
385 422
385 423
385 430
385 431
385 433
385 440
385 450
385 451
385 456
385 492
385 510
385 600
386 410
386 448
386 600
387 500
387 539
387 541
387 579
388 389
388 396
388 399
388 412
388 419
388 421
388 451
388 490
388 510
388 514
389 417
389 502
389 532
389 533
389 580
390 394
390 407
390 491
390 492
390 530
390 532
391 395
391 489
391 495
391 509
391 520
392 395
392 468
393 395
393 400
393 401
394 408
394 425
394 474
394 490
394 496
394 499
394 503
394 514
394 515
394 516
394 532
394 533
395 400
395 401
396 397
396 398
396 399
396 403
396 404
396 406
396 407
396 408
396 409
396 410
396 411
396 412
396 413
396 414
396 416
396 418
396 421
396 422
396 423
396 424
396 430
396 431
396 434
396 436
396 437
396 440
396 444
396 446
396 447
396 448
396 450
396 451
396 456
396 490
396 491
396 492
396 510
396 514
396 600
397 398
397 399
397 401
397 404
397 407
397 408
397 410
397 411
397 412
397 413
397 416
397 417
397 418
397 491
397 492
398 399
398 400
398 401
398 403
398 404
398 406
398 407
398 408
398 409
398 410
398 411
398 412
398 413
398 416
398 418
398 423
398 491
398 492
399 401
399 404
399 407
399 408
399 409
399 410
399 411
399 412
399 413
399 416
399 417
399 418
399 421
399 422
399 423
399 424
399 434
399 446
399 447
399 448
399 450
399 451
399 456
399 490
399 491
399 492
399 510
399 514
399 534
400 401
401 406
401 407
401 410
401 411
401 492
402 419
402 421
402 428
402 429
402 430
402 434
402 435
402 436
402 445
402 447
402 450
402 451
402 455
402 456
402 457
402 490
402 494
402 499
402 500
402 504
402 510
402 512
402 514
402 541
402 577
402 578
402 600
403 404
403 408
403 410
403 412
403 420
403 421
403 422
403 423
403 424
403 430
403 431
403 433
403 434
403 440
403 444
403 447
403 450
403 451
403 600
404 406
404 407
404 408
404 409
404 410
404 411
404 412
404 413
404 416
404 418
404 420
404 421
404 422
404 423
404 424
404 427
404 430
404 431
404 434
404 437
404 440
404 444
404 446
404 447
404 448
404 450
404 451
404 456
404 490
404 491
404 492
404 600
405 483
405 557
406 407
406 408
406 409
406 410
406 416
406 418
406 448
406 491
406 492
407 408
407 409
407 410
407 411
407 413
407 416
407 417
407 418
407 446
407 448
407 491
407 492
407 497
408 409
408 410
408 411
408 412
408 413
408 416
408 418
408 421
408 422
408 423
408 424
408 430
408 431
408 434
408 436
408 444
408 446
408 447
408 448
408 450
408 451
408 456
408 490
408 491
408 492
408 510
408 514
408 600
409 410
409 413
409 416
409 417
409 418
409 442
409 446
409 448
409 491
409 492
410 411
410 412
410 413
410 416
410 421
410 422
410 423
410 424
410 434
410 446
410 448
410 450
410 491
410 492
411 416
411 423
411 444
411 490
411 491
411 492
411 530
412 413
412 414
412 416
412 421
412 422
412 423
412 424
412 446
412 447
412 448
412 450
412 451
412 456
412 534
413 414
413 416
413 421
413 422
413 423
413 424
413 430
413 434
413 436
413 437
413 446
413 447
413 448
413 450
413 451
413 456
413 490
413 491
413 492
413 510
413 514
414 416
414 421
414 434
414 436
414 446
414 447
414 448
414 450
414 451
414 510
414 514
415 417
415 425
415 454
415 460
415 467
415 497
415 498
415 501
415 503
415 516
415 519
415 524
416 417
416 418
416 421
416 422
416 423
416 424
416 430
416 431
416 434
416 437
416 440
416 446
416 447
416 448
416 450
416 451
416 456
416 490
416 491
416 492
416 510
416 514
417 418
417 425
417 454
417 467
417 491
417 492
417 497
417 503
417 516
417 533
417 545
418 423
418 424
418 431
418 440
418 442
418 446
418 448
418 458
418 490
418 491
418 492
419 421
419 422
419 424
419 425
419 428
419 430
419 434
419 435
419 436
419 440
419 446
419 451
419 455
419 458
419 465
419 466
419 490
419 499
419 500
419 502
419 504
419 510
419 514
419 600
420 421
420 422
420 423
420 424
420 428
420 429
420 430
420 431
420 434
420 435
420 438
420 440
420 447
420 450
420 451
420 456
420 458
420 462
420 464
420 490
420 534
420 599
420 600
421 422
421 423
421 424
421 427
421 428
421 429
421 430
421 431
421 433
421 434
421 435
421 436
421 437
421 440
421 444
421 446
421 447
421 448
421 450
421 451
421 456
421 458
421 490
421 492
421 504
421 510
421 514
421 600
422 423
422 424
422 430
422 431
422 433
422 434
422 436
422 437
422 440
422 444
422 446
422 447
422 448
422 450
422 451
422 456
422 458
422 490
422 492
422 504
422 510
422 514
422 534
422 600
423 424
423 428
423 430
423 431
423 433
423 434
423 436
423 437
423 440
423 441
423 444
423 446
423 447
423 448
423 450
423 451
423 456
423 458
423 490
423 492
423 504
423 510
423 514
423 600
424 428
424 429
424 430
424 431
424 433
424 434
424 436
424 437
424 440
424 441
424 444
424 446
424 447
424 448
424 450
424 451
424 456
424 458
424 490
424 492
424 504
424 510
424 514
424 600
425 465
425 497
425 499
425 500
425 502
425 503
425 505
425 516
425 519
426 427
426 428
426 430
426 437
426 455
426 462
426 463
426 464
426 535
426 536
426 539
426 541
426 592
426 600
427 428
427 430
427 431
427 434
427 455
427 456
427 461
427 592
427 595
427 600
428 429
428 430
428 431
428 432
428 434
428 435
428 436
428 440
428 441
428 442
428 447
428 450
428 451
428 455
428 456
428 458
428 480
428 490
428 494
428 504
428 510
428 541
428 600
429 430
429 434
429 450
429 451
429 457
429 462
429 480
429 482
430 431
430 433
430 434
430 435
430 436
430 437
430 438
430 440
430 441
430 442
430 445
430 446
430 447
430 448
430 450
430 451
430 455
430 456
430 458
430 464
430 466
430 490
430 494
430 504
430 510
430 514
430 600
431 432
431 433
431 434
431 436
431 437
431 440
431 441
431 442
431 446
431 447
431 448
431 450
431 451
431 455
431 456
431 458
431 464
431 490
431 504
431 510
431 600
432 434
432 435
432 440
432 442
432 455
432 456
432 458
432 512
432 541
433 440
433 446
433 450
433 504
433 600
434 435
434 436
434 437
434 440
434 441
434 442
434 446
434 447
434 448
434 450
434 451
434 455
434 456
434 458
434 464
434 466
434 490
434 494
434 504
434 510
434 514
434 600
435 436
435 440
435 441
435 455
435 458
435 465
435 466
435 494
435 499
435 500
435 504
435 510
435 578
436 437
436 440
436 441
436 446
436 447
436 448
436 450
436 451
436 456
436 457
436 458
436 490
436 494
436 499
436 510
436 514
436 600
437 438
437 440
437 446
437 447
437 448
437 450
437 451
437 455
437 456
437 458
437 464
437 466
437 510
437 514
437 600
438 600
439 453
439 485
439 489
439 493
439 498
439 508
439 509
439 511
439 519
439 520
439 521
439 522
439 542
439 551
439 552
439 555
439 564
439 567
439 581
440 441
440 442
440 446
440 447
440 448
440 450
440 451
440 456
440 458
440 490
440 504
440 510
440 600
441 446
441 448
441 456
441 510
442 446
442 448
442 456
442 458
442 466
443 533
443 553
444 450
445 447
445 450
445 510
445 600
446 448
446 450
446 451
446 456
446 458
446 466
446 490
446 492
446 510
446 514
446 600
447 448
447 450
447 451
447 455
447 456
447 464
447 466
447 490
447 494
447 510
447 514
447 543
447 600
448 450
448 451
448 455
448 456
448 458
448 464
448 466
448 492
448 510
448 600
449 464
449 550
450 451
450 456
450 490
450 510
450 514
450 600
451 456
451 490
451 510
451 514
451 600
452 454
452 497
452 520
452 525
452 527
453 467
453 489
453 493
453 495
453 498
453 501
453 508
453 511
453 516
453 517
453 519
453 520
453 521
453 522
453 524
453 527
453 542
453 544
453 548
453 551
453 571
453 581
454 515
454 516
454 517
454 527
454 545
455 456
455 458
455 464
455 466
455 494
455 510
455 512
455 541
455 577
455 595
455 600
456 458
456 464
456 466
456 490
456 492
456 494
456 510
456 514
456 515
456 600
457 459
457 499
457 577
457 578
458 466
458 490
458 499
458 504
458 510
459 460
459 465
459 493
459 499
459 503
459 524
460 472
460 489
460 493
460 498
460 501
460 502
460 505
460 509
460 519
460 521
460 524
460 528
460 542
461 466
461 500
461 576
461 577
461 578
462 464
462 500
462 541
463 536
463 541
463 557
463 558
463 560
463 561
463 569
463 593
464 510
464 539
464 541
464 600
465 467
465 493
465 499
465 503
465 505
465 512
465 513
465 516
465 525
465 527
466 490
466 494
466 499
466 510
466 514
467 489
467 493
467 497
467 498
467 501
467 503
467 505
467 513
467 516
467 517
467 519
467 520
467 521
467 527
467 533
469 505
470 477
470 483
470 485
472 476
472 477
472 485
472 522
472 523
472 526
472 555
472 560
472 562
472 577
472 589
473 474
473 503
473 525
473 527
474 499
474 503
474 514
474 516
474 523
474 525
474 527
474 532
474 533
475 476
475 478
475 509
475 511
475 521
475 538
475 540
475 542
475 544
475 552
475 572
475 573
475 579
475 581
475 582
476 477
476 478
476 481
476 486
476 522
476 526
476 540
476 552
476 556
476 558
476 562
476 563
476 567
476 574
476 576
476 589
476 594
477 485
477 523
477 526
477 559
478 486
478 509
478 540
478 542
478 544
478 548
478 552
478 556
478 558
478 561
478 562
478 570
478 572
478 573
478 579
479 481
479 562
480 482
480 483
480 485
480 523
480 526
480 541
480 557
480 559
480 585
480 592
481 540
481 548
481 552
481 556
481 558
481 562
481 563
481 566
482 483
482 585
483 485
483 523
483 526
483 529
483 557
483 585
484 592
485 522
485 523
485 526
485 559
485 567
485 577
485 585
486 558
486 561
486 570
486 572
486 576
486 578
486 579
487 539
487 586
488 558
489 493
489 495
489 498
489 502
489 505
489 507
489 508
489 509
489 511
489 519
489 520
489 521
489 524
489 542
489 551
489 553
489 580
489 581
490 491
490 492
490 494
490 499
490 504
490 510
490 514
491 492
491 497
493 495
493 498
493 501
493 507
493 508
493 509
493 511
493 513
493 519
493 521
493 522
493 524
493 527
493 542
493 551
493 553
493 580
493 581
494 496
494 499
494 510
494 512
494 514
494 515
495 502
495 505
495 507
495 509
495 511
495 519
495 520
495 521
495 542
495 551
495 555
495 581
496 515
497 502
497 516
497 532
498 501
498 508
498 509
498 511
498 519
498 520
498 521
498 524
498 542
498 580
498 581
499 503
499 512
499 514
499 516
499 525
499 527
500 504
500 578
500 600
501 503
501 508
501 511
501 516
501 519
501 520
501 521
501 524
501 527
501 542
501 580
502 505
502 516
502 519
502 520
502 524
502 528
503 514
503 516
503 525
503 527
504 600
505 516
505 519
505 520
505 521
505 528
507 508
507 509
507 511
507 521
507 542
507 551
507 580
507 581
508 509
508 511
508 519
508 520
508 521
508 542
508 544
508 551
508 561
508 564
508 580
508 581
509 511
509 519
509 520
509 521
509 524
509 528
509 538
509 542
509 544
509 551
509 552
509 572
509 573
509 579
509 581
510 512
510 514
510 600
511 519
511 520
511 521
511 522
511 538
511 542
511 544
511 547
511 548
511 551
511 552
511 555
511 556
511 564
511 572
511 573
511 581
512 513
512 523
512 541
512 593
513 527
513 551
513 553
513 555
513 593
515 517
515 518
515 527
515 545
516 519
516 524
516 525
516 527
516 533
516 545
517 518
518 543
518 545
519 520
519 521
519 522
519 524
519 528
519 542
519 544
519 551
519 581
520 521
520 524
520 542
520 544
520 547
520 551
520 555
520 573
520 581
521 528
521 538
521 542
521 544
521 551
521 564
521 572
521 573
521 581
522 524
522 548
522 551
522 552
522 556
522 558
522 561
522 567
522 570
522 577
523 525
523 526
523 577
524 580
525 527
525 533
526 562
527 533
528 570
528 577
528 578
529 530
529 535
529 536
529 546
529 557
529 584
529 592
530 534
530 535
530 557
530 584
530 592
531 532
531 555
532 533
533 553
535 536
535 557
536 537
536 557
537 598
538 540
538 542
538 544
538 547
538 548
538 549
538 551
538 552
538 556
538 564
538 566
538 573
538 581
538 582
540 542
540 547
540 548
540 549
540 552
540 554
540 559
540 562
540 564
540 565
540 567
540 579
540 582
540 589
540 594
541 592
541 600
542 544
542 547
542 548
542 551
542 552
542 555
542 564
542 572
542 573
542 581
543 545
544 572
544 573
544 581
546 548
546 549
546 551
546 552
546 555
547 548
547 549
547 551
547 552
547 555
547 556
547 579
547 581
547 583
547 586
548 549
548 551
548 552
548 555
548 556
548 558
548 561
548 564
548 579
548 581
549 552
549 553
549 554
549 556
549 579
551 552
551 555
551 556
551 561
551 564
551 567
551 579
551 581
551 583
552 554
552 555
552 556
552 558
552 561
552 562
552 564
552 565
552 567
552 579
552 581
555 564
555 581
555 583
556 558
556 561
556 566
556 579
556 581
557 560
557 569
557 584
558 560
558 561
558 562
558 570
558 579
558 586
559 565
559 567
559 576
559 589
559 592
560 561
560 563
560 569
560 570
560 577
561 570
561 572
561 579
562 567
562 569
562 589
563 570
564 565
564 567
564 581
565 567
565 589
565 592
565 594
567 589
567 596
568 588
569 570
570 572
570 576
570 577
571 572
571 573
572 573
572 574
572 576
572 594
573 579
573 581
574 589
576 577
576 578
576 594
577 578
579 581
579 586
579 596
580 581
580 583
581 583
583 584
583 586
583 593
586 587
586 596
589 594
591 598
595 597
596 598
