600 8986

1 4
1 5
1 19
1 20
1 21
1 22
1 23
1 24
1 25
1 27
1 28
1 30
1 31
1 32
1 33
1 34
1 35
1 36
1 37
1 38
1 101
1 103
1 220
1 225
1 237
1 255
1 282
1 284
1 286
1 287
1 289
1 302
1 304
1 305
1 319
1 320
1 322
1 323
1 324
1 327
1 328
1 329
1 330
1 331
1 332
1 333
1 334
1 335
1 336
1 389
1 390
1 579
1 580
2 3
2 7
2 93
2 101
2 103
2 104
2 108
2 124
2 176
2 192
2 216
2 303
2 524
3 5
3 6
3 20
3 101
3 103
3 121
3 303
3 304
3 593
4 5
4 18
4 19
4 20
4 21
4 22
4 23
4 24
4 25
4 27
4 28
4 30
4 31
4 33
4 34
4 35
4 36
4 37
4 38
4 98
4 101
4 302
4 304
4 305
4 311
4 319
4 320
4 322
4 323
4 324
4 326
4 327
4 328
4 329
4 330
4 332
4 333
4 334
4 335
4 336
4 389
5 16
5 18
5 19
5 20
5 21
5 22
5 23
5 24
5 25
5 27
5 28
5 30
5 31
5 33
5 36
5 37
5 38
5 101
5 220
5 221
5 284
5 302
5 304
5 305
5 308
5 311
5 314
5 315
5 319
5 320
5 323
5 324
5 326
5 328
5 329
5 330
5 334
5 335
5 336
6 541
7 9
7 10
7 192
7 518
8 11
8 12
8 155
8 156
8 163
8 267
8 454
8 472
8 477
8 557
9 425
10 404
10 407
10 444
10 477
10 523
10 526
10 543
11 12
11 94
11 163
11 250
11 277
11 454
11 456
11 462
11 463
11 545
12 15
12 16
12 18
12 20
12 94
12 303
12 304
12 311
12 314
12 315
12 317
12 319
13 309
14 17
14 29
14 312
15 16
15 173
15 174
15 182
15 266
15 303
15 304
15 308
15 309
15 314
15 315
15 472
15 479
15 513
15 552
15 559
15 560
15 573
16 18
16 20
16 24
16 182
16 243
16 303
16 304
16 305
16 308
16 309
16 314
16 315
16 319
16 573
17 19
17 24
17 29
17 173
17 221
17 312
17 313
17 316
17 318
17 326
17 368
17 479
18 19
18 20
18 21
18 98
18 266
18 302
18 304
18 305
18 311
18 314
18 315
18 319
18 389
18 530
18 559
19 20
19 21
19 22
19 23
19 24
19 25
19 27
19 28
19 29
19 30
19 31
19 35
19 37
19 38
19 98
19 220
19 221
19 302
19 304
19 305
19 308
19 318
19 319
19 320
19 323
19 324
19 326
19 327
19 328
19 329
19 330
19 334
19 335
19 336
20 21
20 22
20 24
20 27
20 30
20 31
20 37
20 38
20 98
20 101
20 302
20 303
20 304
20 305
20 308
20 311
20 315
20 319
20 320
20 322
20 323
20 324
20 329
20 332
20 334
20 335
20 390
21 22
21 23
21 24
21 25
21 26
21 27
21 28
21 30
21 31
21 32
21 33
21 34
21 35
21 36
21 37
21 38
21 78
21 98
21 101
21 220
21 284
21 287
21 302
21 304
21 305
21 318
21 319
21 320
21 322
21 323
21 324
21 327
21 328
21 329
21 330
21 331
21 332
21 333
21 334
21 335
21 336
21 389
21 443
21 530
21 580
22 23
22 25
22 26
22 27
22 28
22 30
22 31
22 32
22 33
22 34
22 35
22 36
22 37
22 38
22 98
22 101
22 287
22 302
22 305
22 318
22 320
22 322
22 323
22 324
22 327
22 328
22 329
22 330
22 331
22 332
22 333
22 335
22 336
22 389
22 580
23 24
23 25
23 26
23 27
23 28
23 30
23 31
23 32
23 33
23 34
23 35
23 36
23 37
23 38
23 78
23 80
23 302
23 305
23 318
23 320
23 322
23 323
23 324
23 327
23 328
23 329
23 330
23 331
23 332
23 333
23 334
23 335
23 336
23 342
23 422
24 25
24 30
24 31
24 33
24 37
24 38
24 98
24 221
24 284
24 302
24 304
24 305
24 308
24 319
24 320
24 323
24 324
24 326
24 328
24 329
24 334
24 335
25 27
25 28
25 30
25 31
25 33
25 36
25 37
25 38
25 220
25 221
25 237
25 284
25 287
25 323
25 324
25 326
25 328
25 329
25 330
25 332
25 334
25 335
25 336
25 529
26 27
26 28
26 30
26 31
26 32
26 33
26 34
26 35
26 36
26 37
26 38
26 43
26 58
26 61
26 64
26 70
26 73
26 78
26 80
26 81
26 82
26 112
26 113
26 126
26 136
26 137
26 138
26 140
26 141
26 143
26 144
26 318
26 320
26 322
26 324
26 327
26 329
26 331
26 332
26 333
26 342
26 355
26 359
26 372
26 373
26 374
26 413
26 420
26 421
26 422
26 429
26 430
26 431
26 436
26 441
26 445
26 451
26 460
26 490
27 28
27 30
27 31
27 32
27 33
27 34
27 35
27 36
27 37
27 38
27 287
27 302
27 305
27 318
27 320
27 322
27 323
27 324
27 327
27 328
27 329
27 330
27 331
27 332
27 333
27 334
27 335
27 336
27 580
28 30
28 31
28 32
28 33
28 34
28 35
28 36
28 37
28 38
28 43
28 64
28 78
28 80
28 82
28 138
28 144
28 302
28 305
28 318
28 320
28 322
28 323
28 324
28 327
28 328
28 329
28 330
28 331
28 332
28 333
28 334
28 335
28 342
28 358
28 422
28 430
28 443
28 445
29 220
29 226
29 312
29 318
29 326
29 331
29 368
29 535
30 31
30 32
30 33
30 34
30 35
30 36
30 37
30 38
30 78
30 80
30 82
30 220
30 287
30 302
30 305
30 318
30 320
30 322
30 323
30 324
30 327
30 328
30 329
30 330
30 331
30 332
30 333
30 334
30 335
30 336
30 422
31 32
31 33
31 34
31 35
31 36
31 37
31 38
31 78
31 80
31 82
31 220
31 287
31 302
31 305
31 318
31 320
31 322
31 323
31 324
31 327
31 328
31 329
31 330
31 331
31 332
31 333
31 334
31 335
31 336
31 580
32 33
32 34
32 35
32 36
32 37
32 38
32 73
32 78
32 80
32 81
32 133
32 137
32 138
32 318
32 320
32 323
32 327
32 328
32 329
32 331
32 332
32 333
32 335
32 336
32 342
32 343
32 374
32 431
33 34
33 35
33 36
33 37
33 38
33 144
33 287
33 302
33 305
33 320
33 322
33 323
33 324
33 327
33 328
33 329
33 330
33 332
33 333
33 334
33 335
33 336
33 348
33 443
34 35
34 36
34 37
34 38
34 101
34 103
34 107
34 188
34 287
34 320
34 322
34 323
34 327
34 328
34 329
34 332
34 333
34 334
34 335
34 336
34 348
34 580
35 36
35 37
35 38
35 78
35 80
35 318
35 320
35 322
35 323
35 324
35 327
35 328
35 329
35 331
35 332
35 333
35 334
35 335
35 336
35 342
35 343
35 374
36 37
36 38
36 78
36 80
36 82
36 127
36 144
36 287
36 305
36 318
36 320
36 322
36 323
36 324
36 327
36 328
36 329
36 330
36 331
36 332
36 333
36 334
36 335
36 336
36 343
36 358
36 439
36 443
36 580
37 38
37 78
37 80
37 220
37 302
37 304
37 305
37 318
37 320
37 322
37 323
37 324
37 327
37 328
37 329
37 330
37 331
37 332
37 333
37 334
37 335
37 336
37 365
37 375
37 422
38 80
38 98
38 220
38 221
38 302
38 304
38 305
38 318
38 320
38 322
38 323
38 324
38 327
38 328
38 329
38 330
38 331
38 332
38 333
38 334
38 335
38 336
38 443
38 530
38 580
39 52
39 67
39 88
39 89
39 90
39 92
39 104
39 106
39 110
39 112
39 113
39 114
39 115
39 116
39 123
39 124
39 126
39 130
39 189
39 191
39 194
39 200
39 204
39 215
39 337
39 350
39 380
39 384
39 393
39 395
39 396
39 397
39 401
39 404
39 405
39 406
39 407
39 408
39 409
39 419
39 423
39 424
39 459
39 504
40 49
40 50
40 51
40 61
40 64
40 74
40 78
40 80
40 82
40 120
40 127
40 129
40 137
40 138
40 142
40 144
40 149
40 342
40 343
40 345
40 348
40 355
40 414
40 421
40 430
40 431
40 440
40 441
41 43
41 45
41 73
41 80
41 84
41 85
41 86
41 87
41 88
41 89
41 90
41 91
41 112
41 113
41 126
41 129
41 130
41 134
41 137
41 138
41 140
41 141
41 150
41 337
41 338
41 339
41 341
41 343
41 364
41 372
41 373
41 374
41 376
41 377
41 378
41 379
41 380
41 381
41 382
41 414
41 421
41 428
41 429
41 434
41 436
41 446
42 45
42 46
42 47
42 48
42 53
42 54
42 56
42 60
42 83
42 90
42 96
42 99
42 115
42 118
42 149
42 184
42 295
42 299
42 337
42 338
42 340
42 342
42 344
42 346
42 347
42 349
42 352
42 399
42 401
42 403
42 410
42 411
42 412
42 423
42 434
42 437
42 457
43 45
43 46
43 49
43 58
43 61
43 64
43 73
43 78
43 80
43 81
43 82
43 83
43 84
43 85
43 86
43 87
43 89
43 90
43 91
43 112
43 113
43 126
43 130
43 134
43 137
43 138
43 140
43 141
43 143
43 144
43 149
43 150
43 318
43 338
43 339
43 341
43 342
43 343
43 345
43 355
43 358
43 359
43 364
43 372
43 373
43 374
43 376
43 377
43 378
43 380
43 381
43 382
43 414
43 420
43 421
43 422
43 429
43 430
43 431
43 434
43 436
44 47
44 49
44 50
44 51
44 55
44 58
44 59
44 60
44 61
44 63
44 64
44 75
44 82
44 120
44 129
44 138
44 140
44 146
44 149
44 150
44 151
44 339
44 341
44 342
44 358
44 412
44 413
44 414
44 421
44 429
44 433
44 434
44 440
44 445
44 446
45 46
45 73
45 80
45 82
45 84
45 85
45 86
45 87
45 89
45 91
45 126
45 130
45 138
45 140
45 149
45 337
45 338
45 339
45 342
45 343
45 347
45 368
45 372
45 374
45 376
45 377
45 378
45 379
45 380
45 381
45 382
45 414
45 429
45 434
46 47
46 48
46 53
46 54
46 56
46 59
46 60
46 61
46 82
46 149
46 184
46 295
46 342
46 343
46 344
46 346
46 347
46 348
46 349
46 414
46 434
46 437
47 48
47 53
47 54
47 55
47 56
47 59
47 60
47 61
47 64
47 74
47 75
47 78
47 82
47 96
47 99
47 118
47 149
47 257
47 289
47 291
47 295
47 298
47 299
47 300
47 340
47 342
47 344
47 346
47 347
47 348
47 351
47 410
47 414
47 538
47 540
47 556
47 566
48 49
48 53
48 54
48 56
48 60
48 96
48 118
48 149
48 298
48 299
48 340
48 344
48 346
48 347
48 348
48 349
48 351
48 437
49 51
49 52
49 53
49 55
49 58
49 60
49 61
49 63
49 64
49 65
49 118
49 120
49 138
49 141
49 142
49 144
49 149
49 150
49 151
49 341
49 342
49 343
49 345
49 348
49 353
49 354
49 355
49 358
49 359
49 361
49 363
49 382
49 412
49 414
49 430
49 431
49 433
49 434
49 440
49 446
49 448
50 51
50 53
50 59
50 60
50 61
50 63
50 64
50 91
50 119
50 143
50 149
50 225
50 345
50 352
50 414
50 507
51 53
51 55
51 58
51 60
51 61
51 62
51 63
51 64
51 67
51 74
51 142
51 144
51 149
51 295
51 342
51 345
51 348
51 351
51 352
51 353
51 354
51 359
51 361
51 363
51 412
51 413
51 414
51 441
51 450
51 458
52 57
52 65
52 105
52 108
52 110
52 114
52 116
52 117
52 119
52 120
52 121
52 123
52 124
52 125
52 150
52 151
52 152
52 164
52 191
52 194
52 215
52 341
52 350
52 401
52 412
53 54
53 55
53 56
53 58
53 59
53 60
53 61
53 67
53 118
53 149
53 225
53 282
53 285
53 289
53 291
53 299
53 344
53 346
53 348
53 349
53 351
53 352
53 355
53 487
53 540
53 583
54 56
54 59
54 60
54 61
54 118
54 228
54 236
54 238
54 240
54 282
54 285
54 286
54 289
54 291
54 298
54 299
54 340
54 344
54 346
54 347
54 348
54 349
54 351
54 540
54 549
54 550
54 556
54 583
55 58
55 60
55 61
55 63
55 64
55 65
55 73
55 74
55 75
55 78
55 82
55 96
55 117
55 118
55 120
55 129
55 138
55 140
55 143
55 144
55 145
55 146
55 147
55 149
55 150
55 341
55 342
55 348
55 353
55 357
55 358
55 359
55 372
55 412
55 413
55 414
55 421
55 429
55 433
55 434
55 438
55 439
55 440
55 443
55 445
55 446
56 59
56 60
56 99
56 118
56 236
56 238
56 240
56 291
56 298
56 299
56 340
56 344
56 346
56 347
56 348
56 349
56 351
56 353
56 387
56 410
56 522
56 540
56 547
56 549
56 550
56 556
56 564
56 566
56 583
57 65
57 105
57 110
57 117
57 118
57 119
57 123
57 151
57 152
57 341
57 350
57 357
57 416
58 60
58 61
58 64
58 70
58 73
58 74
58 78
58 91
58 138
58 149
58 341
58 342
58 345
58 348
58 353
58 354
58 355
58 358
58 359
58 362
58 363
58 382
58 414
58 431
58 441
59 62
59 63
59 64
59 82
59 99
59 119
59 121
59 147
59 222
59 224
59 225
59 245
59 298
59 340
59 347
59 414
60 61
60 63
60 64
60 70
60 73
60 74
60 75
60 78
60 82
60 118
60 120
60 129
60 138
60 140
60 141
60 144
60 146
60 149
60 295
60 341
60 342
60 348
60 351
60 353
60 354
60 355
60 358
60 359
60 412
60 413
60 414
60 421
60 429
60 433
60 434
60 438
60 445
60 446
61 64
61 66
61 67
61 70
61 73
61 74
61 77
61 78
61 80
61 82
61 84
61 86
61 87
61 91
61 137
61 138
61 140
61 141
61 144
61 149
61 150
61 295
61 341
61 342
61 343
61 345
61 348
61 351
61 353
61 354
61 355
61 358
61 359
61 363
61 372
61 376
61 381
61 382
61 412
61 413
61 414
61 421
61 431
61 434
61 441
61 445
61 458
62 63
62 96
62 99
62 119
62 147
62 224
62 340
62 352
62 360
62 399
62 403
62 412
63 64
63 65
63 117
63 118
63 119
63 120
63 146
63 149
63 150
63 151
63 339
63 341
63 357
63 358
63 399
63 401
63 412
63 414
63 416
63 440
63 446
63 534
64 73
64 74
64 75
64 78
64 80
64 82
64 112
64 120
64 127
64 129
64 134
64 137
64 138
64 140
64 141
64 142
64 144
64 147
64 149
64 150
64 151
64 341
64 342
64 343
64 345
64 348
64 358
64 359
64 372
64 412
64 413
64 414
64 421
64 422
64 429
64 430
64 431
64 433
64 434
64 440
64 445
64 446
65 105
65 117
65 118
65 119
65 120
65 146
65 149
65 151
65 341
65 357
65 358
65 399
65 412
65 416
65 424
65 438
65 446
66 67
66 351
66 352
66 353
66 354
66 362
66 363
67 114
67 115
67 188
67 197
67 200
67 345
67 351
67 352
67 353
67 354
67 361
67 363
67 412
67 459
68 70
68 79
68 80
68 81
68 83
68 112
68 113
68 133
68 135
68 140
68 141
68 339
68 364
68 372
68 374
68 376
68 413
68 415
68 420
68 421
68 422
68 423
68 424
68 428
68 434
68 435
68 443
68 451
68 490
68 491
68 510
68 599
69 71
69 79
69 127
69 132
69 186
69 242
69 365
69 366
69 370
69 443
70 72
70 73
70 74
70 77
70 80
70 81
70 84
70 127
70 140
70 295
70 359
70 372
70 376
70 422
70 434
70 458
70 510
70 512
70 514
71 72
71 77
71 127
71 296
71 297
71 370
72 77
72 127
72 297
72 359
72 368
72 372
73 74
73 75
73 78
73 80
73 81
73 82
73 83
73 84
73 85
73 86
73 87
73 88
73 89
73 90
73 91
73 112
73 113
73 126
73 130
73 137
73 138
73 140
73 141
73 149
73 150
73 318
73 331
73 339
73 341
73 342
73 355
73 359
73 372
73 373
73 374
73 376
73 377
73 378
73 380
73 381
73 382
73 413
73 421
73 422
73 428
73 429
73 430
73 431
73 433
73 434
73 436
73 445
73 451
74 77
74 78
74 79
74 80
74 81
74 82
74 83
74 84
74 127
74 135
74 137
74 138
74 139
74 144
74 147
74 149
74 295
74 342
74 353
74 358
74 359
74 365
74 372
74 373
74 375
74 376
74 382
74 413
74 421
74 422
74 431
74 433
75 78
75 82
75 112
75 120
75 129
75 138
75 140
75 149
75 413
75 414
75 421
75 422
75 429
75 430
75 433
75 438
75 440
76 129
76 300
76 367
76 426
76 435
76 469
76 598
77 79
77 127
77 295
77 297
77 354
77 359
77 361
77 368
77 369
77 372
77 375
77 422
78 80
78 82
78 83
78 127
78 129
78 135
78 137
78 138
78 140
78 144
78 147
78 149
78 318
78 328
78 329
78 331
78 332
78 335
78 336
78 342
78 343
78 348
78 358
78 359
78 365
78 369
78 372
78 375
78 376
78 414
78 421
78 422
78 429
78 430
78 431
78 433
78 443
79 81
79 83
79 127
79 343
79 361
79 365
79 375
79 376
79 420
79 422
79 447
79 448
80 81
80 82
80 83
80 84
80 86
80 87
80 89
80 91
80 112
80 113
80 126
80 129
80 133
80 137
80 138
80 140
80 141
80 144
80 318
80 320
80 329
80 331
80 333
80 342
80 343
80 359
80 365
80 372
80 373
80 374
80 375
80 376
80 377
80 382
80 414
80 420
80 421
80 422
80 429
80 430
80 431
80 433
80 434
80 436
80 490
81 83
81 84
81 112
81 113
81 126
81 127
81 132
81 133
81 135
81 137
81 138
81 139
81 140
81 144
81 318
81 365
81 372
81 373
81 374
81 375
81 376
81 382
81 420
81 421
81 422
81 430
81 431
81 433
81 434
81 435
81 436
81 443
81 447
81 458
81 490
82 83
82 84
82 112
82 127
82 129
82 137
82 138
82 140
82 141
82 144
82 147
82 149
82 329
82 332
82 342
82 343
82 347
82 348
82 358
82 365
82 369
82 372
82 373
82 375
82 413
82 414
82 421
82 422
82 429
82 430
82 431
82 433
82 434
82 440
83 84
83 85
83 90
83 96
83 112
83 113
83 126
83 130
83 137
83 139
83 140
83 144
83 149
83 296
83 337
83 343
83 371
83 373
83 413
83 420
83 421
83 422
83 423
83 430
83 433
83 443
83 447
83 451
83 491
84 85
84 86
84 87
84 88
84 89
84 90
84 91
84 112
84 113
84 126
84 130
84 137
84 138
84 140
84 144
84 149
84 337
84 343
84 358
84 365
84 372
84 373
84 374
84 375
84 376
84 377
84 378
84 379
84 380
84 381
84 382
84 421
84 422
84 429
84 430
84 431
84 433
84 434
84 436
85 86
85 87
85 88
85 89
85 90
85 91
85 112
85 126
85 130
85 140
85 337
85 338
85 371
85 373
85 374
85 377
85 378
85 379
85 380
85 381
85 405
85 416
85 429
85 434
86 87
86 88
86 89
86 90
86 91
86 126
86 130
86 138
86 338
86 373
86 374
86 376
86 377
86 378
86 379
86 380
86 381
86 382
86 429
86 434
86 436
87 88
87 89
87 90
87 91
87 112
87 126
87 130
87 134
87 143
87 150
87 337
87 338
87 341
87 364
87 374
87 376
87 377
87 378
87 379
87 380
87 381
87 382
87 429
87 434
87 436
87 446
88 89
88 90
88 91
88 112
88 114
88 115
88 126
88 130
88 337
88 338
88 371
88 377
88 378
88 379
88 380
88 381
88 382
88 399
88 403
88 405
88 406
88 416
88 419
89 90
89 91
89 112
89 126
89 130
89 137
89 337
89 338
89 355
89 373
89 377
89 378
89 379
89 380
89 381
89 382
89 405
89 429
89 430
89 434
89 436
90 112
90 114
90 115
90 126
90 130
90 201
90 204
90 337
90 338
90 350
90 373
90 377
90 378
90 380
90 381
90 382
90 405
90 406
90 419
91 126
91 137
91 138
91 149
91 337
91 338
91 355
91 358
91 373
91 376
91 377
91 378
91 379
91 380
91 381
91 382
91 429
91 434
91 436
92 103
92 104
92 105
92 106
92 108
92 109
92 110
92 111
92 114
92 115
92 123
92 124
92 179
92 187
92 189
92 191
92 194
92 204
92 350
92 384
92 393
92 395
92 396
92 397
92 398
92 399
92 400
92 401
92 406
92 408
92 411
92 416
92 424
92 491
92 492
93 103
93 104
93 187
93 189
94 95
95 96
95 105
95 110
95 152
95 194
95 296
95 386
95 406
96 97
96 99
96 119
96 139
96 143
96 144
96 146
96 149
96 295
96 296
96 298
96 386
96 399
96 412
96 420
96 432
96 439
96 450
96 451
96 578
96 600
97 99
97 105
97 301
97 461
98 302
98 305
98 319
98 320
98 323
99 119
99 143
99 188
99 224
99 225
99 237
99 262
99 282
99 298
99 299
99 348
99 352
99 387
99 398
99 399
99 410
99 411
99 412
99 439
99 534
99 539
99 541
99 579
100 103
100 106
100 109
100 110
100 115
100 179
100 189
100 230
100 282
100 283
100 321
100 389
100 390
100 391
100 392
100 395
100 397
100 489
100 586
101 103
101 107
101 108
101 192
101 284
101 302
101 305
101 319
101 389
101 390
102 103
102 104
102 106
102 108
102 111
102 114
102 121
102 124
102 180
102 189
102 191
102 192
102 194
102 404
103 104
103 105
103 106
103 107
103 108
103 109
103 110
103 111
103 114
103 115
103 124
103 187
103 189
103 191
103 192
103 194
103 204
103 321
103 384
103 389
103 390
103 391
103 392
103 393
103 395
103 396
103 397
103 398
103 400
103 407
103 408
103 492
103 586
104 105
104 106
104 107
104 108
104 109
104 110
104 111
104 114
104 115
104 116
104 123
104 124
104 187
104 189
104 191
104 192
104 193
104 194
104 204
104 210
104 215
104 350
104 384
104 393
104 395
104 396
104 397
104 398
104 400
104 401
104 404
104 406
104 407
104 408
104 409
104 425
104 492
104 495
105 106
105 107
105 108
105 110
105 111
105 115
105 119
105 123
105 124
105 179
105 191
105 192
105 194
105 301
105 321
105 350
105 357
105 393
105 395
105 396
105 397
105 399
105 400
105 401
105 408
105 416
105 417
105 424
105 491
105 492
105 497
105 523
106 107
106 108
106 109
106 110
106 111
106 114
106 115
106 119
106 123
106 124
106 125
106 179
106 187
106 188
106 189
106 191
106 192
106 194
106 196
106 204
106 214
106 215
106 230
106 283
106 321
106 350
106 384
106 391
106 392
106 393
106 395
106 396
106 397
106 398
106 399
106 400
106 401
106 406
106 407
106 408
106 417
106 489
106 495
106 504
106 534
106 586
107 108
107 110
107 111
107 123
107 124
107 191
107 192
107 194
107 395
107 396
107 398
107 400
107 407
107 408
108 110
108 111
108 114
108 116
108 123
108 124
108 125
108 187
108 189
108 191
108 192
108 194
108 204
108 210
108 211
108 215
108 350
108 393
108 395
108 396
108 397
108 400
108 404
108 406
108 407
108 408
108 409
108 425
108 492
108 495
108 524
109 115
109 187
109 189
109 192
109 193
109 194
109 202
109 204
109 211
109 212
109 214
109 223
109 230
109 237
109 274
109 285
109 286
109 289
109 291
109 321
109 392
109 395
109 397
109 489
109 583
109 584
109 585
109 586
110 111
110 114
110 115
110 119
110 121
110 123
110 124
110 179
110 188
110 189
110 191
110 192
110 194
110 283
110 321
110 350
110 357
110 384
110 392
110 393
110 395
110 396
110 397
110 398
110 399
110 400
110 401
110 406
110 407
110 408
110 412
110 416
110 424
110 491
110 534
111 114
111 119
111 121
111 123
111 124
111 125
111 187
111 188
111 189
111 191
111 192
111 193
111 194
111 395
111 397
111 400
111 401
112 113
112 114
112 120
112 126
112 129
112 130
112 131
112 134
112 137
112 138
112 140
112 141
112 143
112 144
112 150
112 201
112 341
112 371
112 373
112 374
112 412
112 413
112 414
112 416
112 419
112 420
112 421
112 422
112 423
112 424
112 428
112 429
112 430
112 431
112 434
112 436
112 439
112 440
112 445
112 446
112 450
112 451
112 459
112 490
112 491
112 600
113 114
113 116
113 120
113 126
113 129
113 130
113 131
113 134
113 136
113 138
113 140
113 141
113 143
113 144
113 149
113 150
113 151
113 201
113 339
113 341
113 345
113 371
113 374
113 404
113 407
113 412
113 413
113 415
113 420
113 421
113 422
113 423
113 424
113 428
113 429
113 430
113 431
113 434
113 435
113 436
113 439
113 440
113 446
113 450
113 451
113 458
113 459
113 461
113 490
113 491
113 599
113 600
114 115
114 116
114 121
114 123
114 124
114 130
114 150
114 164
114 187
114 188
114 189
114 190
114 191
114 192
114 194
114 200
114 201
114 204
114 215
114 280
114 337
114 350
114 360
114 384
114 393
114 395
114 396
114 397
114 401
114 404
114 405
114 406
114 407
114 408
114 409
114 412
114 419
114 423
114 424
114 459
114 491
114 504
115 116
115 119
115 124
115 130
115 187
115 189
115 191
115 194
115 204
115 321
115 337
115 350
115 352
115 384
115 392
115 393
115 395
115 396
115 397
115 398
115 399
115 400
115 401
115 403
115 404
115 405
115 406
115 407
115 408
115 409
115 411
115 412
115 416
115 419
115 423
115 424
115 459
115 491
115 504
115 534
116 117
116 124
116 151
116 152
116 191
116 194
116 200
116 215
116 337
116 338
116 350
116 371
116 393
116 396
116 400
116 401
116 403
116 404
116 405
116 406
116 407
116 409
116 419
116 423
116 424
116 425
116 448
116 457
116 599
117 118
117 120
117 262
117 299
117 350
117 357
117 400
117 401
117 409
117 410
117 411
117 412
118 120
118 340
118 348
118 410
118 411
118 412
119 120
119 121
119 123
119 124
119 125
119 143
119 147
119 157
119 187
119 188
119 194
119 196
119 224
119 225
119 282
119 321
119 357
119 397
119 399
119 401
119 412
119 416
119 440
119 534
120 121
120 129
120 131
120 138
120 140
120 142
120 144
120 147
120 149
120 150
120 151
120 341
120 348
120 401
120 412
120 413
120 414
120 421
120 424
120 430
120 431
120 433
120 438
120 439
120 440
120 446
121 157
121 194
121 401
121 412
122 161
123 124
123 125
123 150
123 164
123 188
123 189
123 191
123 192
123 194
123 196
123 197
123 203
123 204
123 214
123 215
123 350
123 357
123 393
123 395
123 396
123 397
123 399
123 401
123 408
123 416
123 417
123 418
123 424
123 497
123 504
123 519
124 125
124 179
124 187
124 189
124 191
124 192
124 194
124 196
124 197
124 203
124 204
124 210
124 211
124 214
124 215
124 350
124 393
124 395
124 396
124 397
124 400
124 401
124 406
124 407
124 408
124 419
124 425
124 495
124 504
125 154
125 157
125 159
125 164
125 167
125 171
125 187
125 189
125 191
125 192
125 193
125 194
125 196
125 197
125 203
125 204
125 210
125 211
125 213
125 214
125 215
125 216
125 218
125 233
125 234
125 274
125 489
125 586
126 130
126 138
126 140
126 141
126 318
126 337
126 338
126 339
126 341
126 343
126 359
126 364
126 371
126 372
126 373
126 374
126 376
126 377
126 378
126 380
126 381
126 382
126 420
126 422
126 429
126 434
126 436
127 129
127 133
127 144
127 295
127 297
127 300
127 334
127 343
127 358
127 365
127 369
127 372
127 375
127 376
127 414
127 421
127 422
127 443
128 131
128 152
128 161
128 199
128 260
128 261
128 272
128 277
128 279
128 294
128 415
128 435
128 448
128 450
128 461
128 466
128 490
128 599
129 130
129 131
129 134
129 138
129 140
129 141
129 144
129 147
129 149
129 150
129 151
129 295
129 300
129 342
129 343
129 414
129 421
129 422
129 428
129 429
129 430
129 431
129 433
129 434
129 437
129 440
129 446
129 448
129 450
129 451
129 490
130 141
130 150
130 201
130 337
130 338
130 371
130 373
130 377
130 378
130 379
130 380
130 399
130 403
130 405
130 416
130 419
130 429
130 430
130 436
130 437
130 440
130 451
130 459
130 491
130 506
131 134
131 136
131 143
131 144
131 149
131 150
131 151
131 164
131 188
131 190
131 199
131 412
131 413
131 415
131 420
131 423
131 424
131 428
131 430
131 432
131 435
131 439
131 446
131 450
131 451
131 458
131 461
131 490
131 500
131 510
132 135
132 158
132 186
132 242
132 260
132 261
132 294
132 370
132 427
133 138
133 359
133 372
133 421
133 422
134 136
134 138
134 140
134 141
134 143
134 148
134 149
134 150
134 151
134 155
134 159
134 341
134 364
134 414
134 415
134 418
134 428
134 429
134 430
134 431
134 432
134 434
134 436
134 437
134 440
134 446
134 450
134 451
134 454
134 456
134 458
134 466
134 490
134 506
135 140
135 421
135 422
135 427
135 428
135 432
135 433
135 443
135 451
135 490
136 138
136 140
136 141
136 143
136 148
136 149
136 150
136 155
136 159
136 160
136 161
136 164
136 418
136 428
136 429
136 430
136 431
136 432
136 437
136 440
136 446
136 449
136 451
136 456
136 458
136 490
137 138
137 139
137 140
137 144
137 149
137 318
137 331
137 342
137 343
137 355
137 365
137 373
137 382
137 421
137 430
137 431
137 433
137 438
137 458
138 140
138 141
138 144
138 149
138 150
138 318
138 342
138 343
138 355
138 358
138 359
138 372
138 373
138 374
138 376
138 377
138 382
138 413
138 414
138 421
138 422
138 429
138 430
138 431
138 433
138 434
138 436
138 440
138 451
139 296
139 301
139 371
139 373
139 430
139 433
139 596
140 141
140 143
140 149
140 150
140 318
140 339
140 341
140 342
140 358
140 359
140 364
140 372
140 373
140 374
140 376
140 377
140 378
140 413
140 418
140 420
140 421
140 422
140 424
140 427
140 428
140 429
140 430
140 431
140 432
140 433
140 434
140 436
140 440
140 443
140 445
140 446
140 447
140 451
140 458
140 460
140 490
140 491
140 510
141 144
141 149
141 150
141 339
141 341
141 342
141 343
141 359
141 364
141 372
141 373
141 374
141 413
141 414
141 415
141 418
141 420
141 421
141 422
141 428
141 429
141 430
141 431
141 434
141 436
141 437
141 440
141 445
141 446
141 451
141 456
141 458
141 490
141 491
141 506
142 144
142 421
142 430
142 433
142 439
143 144
143 145
143 146
143 149
143 150
143 345
143 358
143 359
143 399
143 412
143 413
143 414
143 424
143 429
143 431
143 439
143 440
143 441
143 445
143 446
143 451
143 454
143 490
143 510
143 534
144 149
144 199
144 201
144 296
144 332
144 333
144 339
144 342
144 343
144 345
144 348
144 354
144 355
144 358
144 359
144 372
144 412
144 413
144 414
144 420
144 421
144 422
144 430
144 431
144 433
144 435
144 439
144 440
144 441
144 443
144 445
144 448
144 450
144 458
145 146
145 149
145 358
145 399
145 412
145 415
145 416
145 437
145 439
145 443
145 445
145 446
145 451
145 531
145 534
145 539
145 597
146 149
146 341
146 357
146 358
146 399
146 412
146 414
146 416
146 429
146 434
146 439
146 443
146 446
147 399
147 412
147 413
147 440
147 534
148 151
148 155
148 156
148 157
148 160
148 161
148 163
148 164
148 185
148 428
148 448
148 454
148 462
148 466
148 536
148 543
149 150
149 151
149 295
149 341
149 342
149 343
149 345
149 348
149 358
149 412
149 413
149 414
149 421
149 424
149 429
149 430
149 431
149 432
149 433
149 434
149 437
149 438
149 439
149 440
149 445
149 446
149 447
149 450
149 451
149 458
149 545
150 151
150 185
150 205
150 339
150 341
150 345
150 359
150 364
150 412
150 413
150 414
150 418
150 419
150 424
150 428
150 429
150 430
150 431
150 434
150 436
150 437
150 440
150 445
150 446
150 451
150 456
150 491
150 506
151 341
151 379
151 414
151 424
151 430
151 439
151 440
151 446
151 448
151 450
151 456
151 462
151 466
152 153
152 161
152 199
152 200
152 272
152 279
152 350
152 386
152 400
152 406
152 407
152 409
152 415
152 423
152 448
152 599
153 161
153 163
153 164
153 192
153 210
153 267
153 270
153 272
153 277
153 279
153 281
153 317
154 166
154 167
154 171
154 195
154 196
154 197
154 198
154 202
154 203
154 206
154 207
154 208
154 209
154 211
154 212
154 213
154 214
154 215
154 216
154 217
154 218
154 219
154 229
154 230
154 231
154 233
154 234
154 235
154 239
154 241
154 244
154 246
154 248
154 251
154 265
154 266
154 270
154 271
154 273
154 274
154 285
154 465
154 471
154 474
154 489
154 498
154 503
154 509
154 511
154 548
154 551
154 581
154 582
155 156
155 157
155 161
155 163
155 164
155 171
155 185
155 190
155 267
155 272
155 428
155 454
155 466
155 477
155 490
156 157
156 161
156 163
156 164
156 171
156 185
156 454
156 466
156 477
157 164
157 171
157 176
157 190
157 196
157 197
157 210
157 466
158 160
158 163
158 275
158 455
159 160
159 163
159 164
159 171
159 203
159 205
159 214
159 219
159 455
159 456
159 537
160 163
160 164
160 205
160 253
160 272
160 277
160 279
160 428
160 455
161 163
161 199
161 267
161 272
161 277
161 279
161 418
161 428
161 432
161 437
161 444
161 449
161 451
161 454
161 456
161 466
161 490
162 574
162 576
163 166
163 171
163 209
163 218
163 227
163 250
163 253
163 254
163 267
163 271
163 272
163 275
163 277
163 279
163 442
163 455
163 462
163 463
163 464
163 536
163 543
163 558
164 171
164 185
164 190
164 191
164 197
164 199
164 210
164 215
164 272
164 279
164 280
164 428
164 459
164 477
164 577
165 170
165 268
165 278
166 167
166 168
166 170
166 171
166 198
166 203
166 205
166 206
166 209
166 213
166 217
166 218
166 219
166 227
166 231
166 235
166 239
166 244
166 248
166 249
166 250
166 251
166 252
166 256
166 270
166 271
166 274
166 442
166 471
166 472
166 474
166 475
166 476
166 493
166 498
166 511
166 513
166 520
166 523
166 526
166 527
166 551
167 168
167 170
167 189
167 192
167 197
167 198
167 202
167 203
167 210
167 211
167 212
167 213
167 214
167 215
167 218
167 219
167 244
167 248
167 251
167 252
167 270
167 274
167 276
167 471
167 473
167 475
167 548
167 582
167 583
168 170
168 178
168 198
168 235
168 236
168 238
168 239
168 244
168 248
168 251
168 270
168 274
168 471
168 475
168 547
168 548
168 562
169 174
169 181
169 182
169 217
169 249
169 256
169 266
169 267
169 310
169 472
169 477
170 178
170 198
170 247
170 251
170 252
170 256
170 268
170 269
170 270
170 475
170 573
171 176
171 182
171 196
171 197
171 209
171 210
171 211
171 212
171 213
171 214
171 216
171 217
171 218
171 267
171 271
171 417
171 442
171 460
171 464
171 467
171 470
171 471
171 472
171 474
171 489
171 493
171 495
171 501
171 523
171 525
172 228
172 229
172 231
172 234
172 236
172 238
172 239
172 244
172 248
172 285
172 286
172 291
172 529
172 546
172 558
172 581
172 582
172 583
172 584
173 174
173 181
173 247
173 258
173 266
173 314
173 315
173 316
173 479
173 485
173 525
173 559
174 182
174 211
174 212
174 216
174 217
174 249
174 251
174 266
174 314
174 315
174 316
174 442
174 472
174 479
174 485
174 493
174 496
174 502
174 513
174 525
174 559
175 178
175 180
175 193
175 202
175 257
175 280
175 285
175 286
175 344
175 480
175 565
175 568
175 582
175 583
175 585
175 586
175 598
176 182
176 192
176 209
176 210
176 213
176 216
176 217
176 252
176 256
176 271
176 314
176 460
176 472
176 477
176 493
176 523
176 524
176 525
176 526
176 560
177 181
177 196
177 210
177 241
177 288
178 183
178 198
178 243
178 247
178 255
178 258
178 270
178 315
178 475
178 547
179 189
179 230
179 283
180 349
180 479
181 484
181 502
182 206
182 208
182 209
182 211
182 212
182 213
182 216
182 217
182 218
182 251
182 256
182 265
182 266
182 267
182 271
182 273
182 303
182 314
182 315
182 317
182 442
182 467
182 472
182 493
182 496
182 509
182 513
182 525
182 559
183 247
183 314
183 315
183 336
183 481
183 566
184 292
184 339
184 415
184 451
184 454
184 460
184 506
185 444
185 470
185 477
186 293
186 300
187 188
187 189
187 191
187 192
187 193
187 194
187 196
187 197
187 202
187 204
187 210
187 211
187 214
187 215
187 225
187 230
187 286
187 289
187 539
187 540
187 586
187 594
188 193
188 194
188 202
188 352
188 360
188 384
188 397
188 399
188 412
188 441
188 534
189 191
189 192
189 193
189 194
189 196
189 197
189 202
189 203
189 204
189 210
189 211
189 214
189 215
189 216
189 230
189 280
189 283
189 350
189 391
189 393
189 395
189 396
189 397
189 400
189 402
189 408
189 419
189 425
189 459
189 489
189 492
189 495
189 504
189 586
190 193
190 197
190 210
191 192
191 193
191 194
191 197
191 204
191 210
191 215
191 350
191 384
191 385
191 393
191 395
191 396
191 397
191 400
191 401
191 404
191 406
191 407
191 408
191 409
191 419
191 425
191 459
191 492
191 495
191 504
192 193
192 194
192 196
192 197
192 204
192 210
192 211
192 213
192 214
192 215
192 216
192 230
192 391
192 393
192 395
192 400
192 407
192 408
192 489
192 492
192 495
192 524
193 194
193 196
193 197
193 202
193 210
193 211
193 212
193 214
193 216
193 230
193 598
194 204
194 210
194 215
194 350
194 352
194 360
194 384
194 393
194 395
194 396
194 397
194 398
194 400
194 401
194 404
194 406
194 407
194 408
194 409
194 425
194 495
195 196
195 198
195 202
195 207
195 208
195 214
195 219
195 228
195 229
195 230
195 231
195 233
195 234
195 237
195 262
195 265
195 271
195 273
195 274
195 291
195 298
195 299
195 498
195 540
195 549
195 581
196 197
196 203
196 206
196 207
196 208
196 209
196 210
196 211
196 212
196 213
196 214
196 216
196 217
196 218
196 219
196 223
196 224
196 228
196 229
196 230
196 233
196 234
196 244
196 271
196 273
196 274
196 288
196 289
196 391
196 417
196 489
196 498
196 511
196 520
196 581
196 586
197 202
197 203
197 204
197 210
197 211
197 213
197 214
197 215
197 216
197 218
197 280
197 402
197 459
197 473
197 474
197 489
198 202
198 211
198 215
198 219
198 228
198 230
198 231
198 234
198 235
198 236
198 239
198 244
198 247
198 248
198 251
198 252
198 255
198 258
198 263
198 269
198 270
198 273
198 274
198 276
198 475
198 547
198 548
198 550
198 581
198 583
199 200
199 272
199 279
199 280
199 293
199 294
199 423
199 435
199 448
199 450
199 458
199 459
199 461
199 599
200 202
200 204
200 215
200 278
200 280
200 281
200 350
200 360
200 423
200 425
200 435
200 598
201 203
201 204
201 215
201 280
201 296
201 343
201 419
201 430
201 431
201 435
201 458
201 459
201 500
201 504
202 203
202 204
202 207
202 214
202 215
202 219
202 230
202 259
202 274
202 276
202 278
202 280
202 285
202 286
202 340
202 349
202 503
202 505
202 522
202 540
202 586
202 598
203 204
203 205
203 211
203 213
203 214
203 215
203 216
203 219
203 230
203 234
203 244
203 274
203 280
203 289
203 537
204 214
204 215
204 230
204 280
204 350
204 393
204 396
204 402
204 407
204 408
204 419
204 425
204 459
204 473
204 489
204 495
204 504
205 227
205 428
205 457
205 476
205 506
205 543
205 577
206 207
206 209
206 211
206 213
206 217
206 218
206 229
206 231
206 234
206 239
206 244
206 251
206 256
206 263
206 265
206 266
206 271
206 273
206 274
206 391
206 467
206 493
206 498
206 509
206 511
206 513
206 520
206 527
206 544
206 573
207 208
207 211
207 213
207 214
207 219
207 222
207 223
207 224
207 225
207 228
207 229
207 230
207 231
207 233
207 234
207 237
207 238
207 239
207 240
207 243
207 244
207 245
207 246
207 259
207 265
207 273
207 274
207 465
207 489
207 498
207 503
207 509
207 511
207 520
207 522
207 528
207 532
207 533
207 540
207 542
207 548
207 549
207 550
207 551
207 553
207 554
207 562
207 565
207 567
207 581
207 583
207 594
208 209
208 211
208 212
208 213
208 216
208 217
208 218
208 219
208 223
208 224
208 229
208 231
208 233
208 234
208 241
208 244
208 246
208 265
208 271
208 273
208 274
208 467
208 533
208 551
208 555
209 211
209 212
209 213
209 216
209 217
209 218
209 219
209 229
209 231
209 233
209 234
209 239
209 241
209 243
209 244
209 246
209 251
209 252
209 254
209 256
209 263
209 265
209 266
209 267
209 271
209 273
209 274
209 442
209 463
209 464
209 465
209 467
209 474
209 493
209 496
209 498
209 509
209 511
209 513
209 516
209 520
209 525
209 551
209 552
209 555
209 561
210 211
210 213
210 214
210 215
210 216
210 218
211 212
211 213
211 214
211 216
211 217
211 218
211 219
211 223
211 229
211 230
211 231
211 233
211 234
211 244
211 246
211 248
211 251
211 256
211 265
211 266
211 271
211 273
211 274
211 391
211 417
211 442
211 467
211 471
211 474
211 475
211 489
211 493
211 495
211 496
211 498
211 503
211 509
211 511
211 520
211 525
211 533
211 551
211 555
211 581
211 586
212 213
212 214
212 216
212 217
212 218
212 219
212 221
212 223
212 231
212 233
212 234
212 239
212 241
212 243
212 244
212 246
212 248
212 251
212 265
212 266
212 267
212 271
212 273
212 274
212 442
212 465
212 467
212 489
212 493
212 496
212 498
212 503
212 509
212 516
212 529
212 546
212 551
212 555
213 214
213 216
213 217
213 218
213 219
213 228
213 229
213 230
213 231
213 233
213 234
213 239
213 244
213 246
213 248
213 251
213 252
213 256
213 265
213 266
213 270
213 271
213 273
213 274
213 283
213 289
213 391
213 417
213 442
213 467
213 471
213 474
213 489
213 493
213 496
213 498
213 501
213 509
213 511
213 518
213 520
213 525
213 533
213 551
213 555
213 581
213 586
214 215
214 216
214 218
214 219
214 230
214 233
214 234
214 244
214 273
214 274
214 289
214 417
214 474
214 489
214 498
214 503
214 581
214 582
215 230
215 274
215 280
215 350
215 402
215 409
215 419
215 425
215 459
215 504
216 217
216 218
216 219
216 230
216 233
216 234
216 244
216 266
216 271
216 273
216 274
216 391
216 417
216 474
216 485
216 489
216 493
216 495
216 501
216 509
216 511
216 524
216 525
217 218
217 219
217 229
217 230
217 231
217 233
217 234
217 239
217 241
217 244
217 246
217 249
217 251
217 252
217 256
217 265
217 266
217 267
217 270
217 271
217 273
217 274
217 442
217 465
217 467
217 471
217 472
217 474
217 489
217 493
217 496
217 498
217 509
217 511
217 513
217 516
217 520
217 523
217 525
217 526
217 527
217 551
217 559
218 219
218 231
218 233
218 234
218 241
218 244
218 250
218 251
218 252
218 254
218 256
218 265
218 266
218 267
218 271
218 273
218 274
218 442
218 455
218 465
218 467
218 474
218 498
218 511
218 551
219 229
219 230
219 231
219 232
219 233
219 234
219 239
219 240
219 241
219 243
219 244
219 246
219 248
219 251
219 265
219 266
219 268
219 270
219 271
219 273
219 274
219 442
219 465
219 467
219 493
219 498
219 503
219 509
219 511
219 516
219 528
219 546
219 548
219 551
219 581
220 221
220 225
220 226
220 235
220 237
220 243
220 244
220 246
220 284
220 287
220 323
220 328
220 329
220 330
220 331
220 333
220 334
220 335
220 336
220 529
220 530
220 531
220 535
220 546
221 223
221 226
221 240
221 241
221 243
221 244
221 246
221 284
221 287
221 304
221 308
221 328
221 330
221 334
221 335
221 336
221 529
221 530
221 533
221 535
221 546
221 555
221 582
221 583
222 223
222 224
222 225
222 228
222 229
222 230
222 233
222 234
222 235
222 236
222 237
222 238
222 239
222 240
222 243
222 244
222 245
222 246
222 255
222 259
222 262
222 284
222 285
222 286
222 291
222 298
222 521
222 529
222 532
222 533
222 540
222 542
222 546
222 547
222 548
222 549
222 550
222 553
222 554
222 562
222 582
222 583
223 224
223 225
223 228
223 229
223 230
223 233
223 234
223 236
223 237
223 238
223 239
223 240
223 243
223 244
223 245
223 246
223 255
223 282
223 284
223 285
223 287
223 291
223 390
223 529
223 530
223 532
223 533
223 540
223 547
223 548
223 549
223 550
223 553
223 554
223 555
223 580
223 583
223 586
224 225
224 228
224 229
224 233
224 234
224 236
224 237
224 238
224 240
224 245
224 246
224 262
224 282
224 285
224 291
224 298
224 321
224 399
224 532
224 533
224 540
224 549
224 553
224 583
224 586
225 233
225 237
225 240
225 245
225 246
225 282
225 284
225 285
225 286
225 287
225 289
225 291
225 330
225 399
225 441
225 532
225 533
225 534
225 540
225 549
225 553
225 582
225 583
225 586
226 227
226 235
226 239
226 240
226 243
226 244
226 246
226 251
226 287
226 529
226 535
226 546
226 558
226 582
227 241
227 250
227 316
227 326
227 463
227 535
227 536
227 537
227 558
228 229
228 230
228 231
228 233
228 234
228 236
228 237
228 238
228 239
228 240
228 244
228 245
228 246
228 248
228 262
228 265
228 271
228 282
228 285
228 286
228 289
228 291
228 298
228 299
228 410
228 498
228 520
228 521
228 531
228 532
228 533
228 540
228 542
228 544
228 547
228 548
228 549
228 550
228 551
228 553
228 555
228 556
228 581
228 583
228 584
228 586
229 230
229 231
229 233
229 234
229 236
229 237
229 238
229 239
229 240
229 241
229 243
229 244
229 245
229 246
229 248
229 251
229 256
229 262
229 265
229 271
229 273
229 274
229 282
229 285
229 286
229 289
229 291
229 465
229 467
229 489
229 498
229 511
229 516
229 520
229 521
229 529
229 531
229 532
229 533
229 540
229 542
229 544
229 547
229 548
229 549
229 550
229 551
229 553
229 555
229 581
229 583
229 584
229 586
230 233
230 234
230 235
230 236
230 237
230 238
230 239
230 244
230 245
230 246
230 251
230 274
230 282
230 283
230 285
230 286
230 289
230 291
230 391
230 489
230 498
230 503
230 511
230 520
230 532
230 533
230 540
230 548
230 549
230 551
230 553
230 555
230 562
230 567
230 581
230 583
230 584
230 586
231 233
231 234
231 238
231 239
231 241
231 243
231 244
231 246
231 248
231 251
231 254
231 256
231 258
231 265
231 266
231 268
231 270
231 271
231 273
231 274
231 442
231 453
231 463
231 465
231 467
231 471
231 474
231 493
231 496
231 498
231 509
231 511
231 513
231 516
231 520
231 521
231 527
231 542
231 544
231 548
231 550
231 551
231 552
231 558
231 561
231 581
232 250
232 254
232 265
232 268
232 269
232 271
232 273
233 234
233 237
233 239
233 241
233 244
233 246
233 265
233 271
233 273
233 274
233 282
233 285
233 286
233 291
233 521
233 529
233 533
233 540
233 549
233 551
233 553
233 555
233 579
233 581
233 583
233 584
234 235
234 236
234 237
234 238
234 239
234 240
234 241
234 244
234 245
234 246
234 248
234 251
234 256
234 265
234 271
234 273
234 274
234 282
234 285
234 286
234 288
234 289
234 291
234 391
234 467
234 489
234 498
234 511
234 520
234 521
234 533
234 540
234 544
234 548
234 549
234 550
234 551
234 553
234 555
234 581
234 582
234 583
234 584
234 586
234 587
235 236
235 237
235 238
235 239
235 240
235 241
235 244
235 246
235 248
235 251
235 285
235 286
235 287
235 291
235 475
235 498
235 499
235 503
235 529
235 532
235 540
235 546
235 547
235 548
235 549
235 551
235 554
235 555
235 582
235 583
235 584
235 586
235 587
236 237
236 238
236 239
236 240
236 243
236 244
236 245
236 246
236 248
236 255
236 282
236 284
236 285
236 286
236 287
236 289
236 291
236 298
236 410
236 503
236 521
236 522
236 529
236 532
236 533
236 540
236 546
236 547
236 548
236 549
236 550
236 553
236 554
236 555
236 556
236 562
236 572
236 581
236 582
236 583
236 584
236 586
236 587
237 238
237 239
237 240
237 244
237 245
237 246
237 248
237 255
237 262
237 282
237 284
237 285
237 286
237 287
237 289
237 291
237 298
237 299
237 321
237 387
237 410
237 503
237 529
237 531
237 532
237 533
237 540
237 546
237 547
237 548
237 549
237 550
237 553
237 554
237 555
237 579
237 581
237 582
237 583
237 584
237 586
237 587
238 239
238 240
238 241
238 243
238 244
238 245
238 246
238 248
238 262
238 265
238 282
238 284
238 285
238 286
238 289
238 291
238 298
238 521
238 529
238 532
238 533
238 540
238 542
238 546
238 547
238 548
238 549
238 550
238 551
238 552
238 553
238 554
238 556
238 562
238 572
238 581
238 582
238 583
238 584
238 586
239 240
239 241
239 243
239 244
239 245
239 246
239 248
239 251
239 252
239 256
239 265
239 268
239 271
239 273
239 274
239 284
239 285
239 286
239 289
239 291
239 498
239 503
239 511
239 520
239 521
239 522
239 529
239 532
239 533
239 540
239 542
239 546
239 547
239 548
239 549
239 550
239 551
239 552
239 553
239 554
239 556
239 562
239 572
239 581
239 582
239 583
239 584
240 243
240 244
240 245
240 246
240 248
240 255
240 259
240 262
240 282
240 284
240 285
240 286
240 289
240 291
240 298
240 486
240 503
240 521
240 522
240 529
240 532
240 533
240 540
240 542
240 546
240 547
240 548
240 549
240 550
240 552
240 553
240 554
240 556
240 562
240 564
240 570
240 572
240 581
240 582
240 583
240 584
240 586
240 587
241 243
241 244
241 246
241 248
241 252
241 265
241 271
241 529
241 546
241 548
241 551
241 552
241 555
242 258
242 260
242 263
242 304
242 325
242 370
242 427
242 552
243 244
243 245
243 246
243 247
243 251
243 255
243 258
243 259
243 263
243 265
243 308
243 315
243 486
243 503
243 513
243 516
243 528
243 529
243 532
243 533
243 540
243 542
243 546
243 547
243 548
243 549
243 550
243 552
243 553
243 554
243 562
243 565
243 583
244 246
244 248
244 251
244 256
244 265
244 266
244 270
244 271
244 273
244 274
244 285
244 286
244 291
244 442
244 465
244 467
244 471
244 474
244 475
244 489
244 493
244 498
244 503
244 509
244 511
244 516
244 520
244 529
244 532
244 533
244 540
244 546
244 547
244 548
244 550
244 551
244 553
244 554
244 555
244 581
244 582
244 583
244 584
245 246
245 262
245 282
245 285
245 286
245 291
245 298
245 521
245 532
245 533
245 540
245 542
245 547
245 548
245 549
245 550
245 552
245 553
245 554
245 564
245 570
245 582
245 583
246 251
246 265
246 285
246 286
246 287
246 291
246 465
246 498
246 503
246 511
246 516
246 528
246 529
246 532
246 533
246 540
246 542
246 546
246 547
246 548
246 549
246 550
246 551
246 552
246 553
246 554
246 555
246 562
246 564
246 581
246 582
246 583
246 584
247 252
247 255
247 258
247 259
247 263
247 268
247 269
247 270
247 479
247 486
247 550
247 553
247 554
247 566
248 250
248 251
248 252
248 256
248 265
248 268
248 270
248 271
248 274
248 285
248 286
248 288
248 291
248 465
248 474
248 475
248 478
248 489
248 498
248 509
248 511
248 529
248 546
248 547
248 548
248 551
248 555
248 558
248 561
248 581
248 582
248 583
248 584
248 587
249 251
249 310
249 470
249 472
249 477
249 526
250 252
250 253
250 254
250 256
250 267
250 268
250 269
250 270
250 271
250 275
250 277
250 463
250 464
250 558
250 560
250 561
251 252
251 256
251 266
251 270
251 271
251 273
251 274
251 467
251 471
251 474
251 475
251 493
251 498
251 511
251 513
251 516
251 520
251 525
251 527
251 542
251 548
251 551
251 559
251 562
251 581
252 254
252 255
252 256
252 266
252 268
252 269
252 270
252 271
252 273
252 558
252 560
252 561
253 254
253 558
254 256
254 265
254 266
254 267
254 268
254 269
254 271
254 273
254 275
254 463
254 464
254 513
254 558
254 560
254 561
255 258
255 262
255 268
255 547
255 550
255 553
255 566
255 587
256 258
256 263
256 265
256 266
256 268
256 269
256 270
256 271
256 273
256 274
256 288
256 391
256 467
256 472
256 493
256 509
256 511
256 513
256 520
256 525
256 527
256 542
256 544
256 560
256 561
256 573
257 293
257 295
257 300
257 387
257 484
257 488
257 499
257 505
257 522
257 556
257 565
257 568
257 588
257 592
257 594
257 595
258 263
258 266
258 268
258 269
258 270
258 542
259 486
259 503
259 528
259 532
259 540
259 548
259 549
259 550
259 553
259 554
259 565
259 566
259 598
260 261
260 293
260 294
260 590
261 293
261 294
261 461
261 466
262 263
262 298
262 299
262 410
262 521
262 532
262 540
262 541
262 547
262 549
262 550
262 553
263 265
263 269
263 270
263 271
263 273
263 274
263 306
263 509
264 267
264 326
264 422
264 463
264 464
264 571
265 266
265 268
265 271
265 273
265 274
265 453
265 463
265 464
265 465
265 467
265 493
265 498
265 511
265 513
265 516
265 520
265 521
265 527
265 533
265 542
265 544
265 550
265 551
265 552
265 553
265 561
265 581
266 267
266 268
266 269
266 270
266 271
266 273
266 274
266 314
266 315
266 467
266 493
266 496
266 511
266 513
266 516
266 525
266 527
266 559
266 560
266 561
267 269
267 271
267 272
267 273
267 314
267 442
267 452
267 463
267 464
267 467
267 472
267 513
267 525
267 558
268 269
268 270
268 271
268 273
268 275
268 463
268 550
268 552
268 560
268 561
268 570
269 270
269 271
269 273
269 275
269 277
269 560
269 561
269 573
270 271
270 273
270 274
270 276
270 475
270 509
271 273
271 274
271 391
271 463
271 467
271 493
271 498
271 509
271 511
271 513
271 518
271 520
271 521
271 527
271 544
271 558
271 560
271 561
271 573
272 277
272 279
272 281
272 444
273 274
273 467
273 493
273 509
273 511
273 561
274 276
274 442
274 471
274 475
274 489
274 493
274 498
274 509
274 511
274 520
274 581
275 277
275 463
275 563
276 278
276 294
277 279
277 409
278 280
279 317
279 428
279 477
279 577
280 281
280 419
280 435
280 459
280 504
281 431
281 435
282 283
282 284
282 285
282 286
282 287
282 289
282 290
282 291
282 321
282 387
282 389
282 390
282 397
282 399
282 531
282 533
282 534
282 540
282 549
282 555
282 579
282 580
282 583
282 584
282 586
283 289
283 321
283 389
283 391
283 392
283 395
283 397
283 417
283 489
283 518
283 520
283 533
283 555
283 586
284 285
284 286
284 287
284 289
284 291
284 308
284 330
284 529
284 530
284 540
284 546
284 547
284 548
284 549
284 550
284 553
284 582
284 583
284 584
285 286
285 287
285 289
285 291
285 499
285 503
285 505
285 522
285 529
285 531
285 532
285 533
285 540
285 546
285 547
285 548
285 549
285 550
285 551
285 553
285 554
285 555
285 579
285 581
285 582
285 583
285 584
285 586
285 587
286 287
286 289
286 291
286 298
286 299
286 349
286 387
286 410
286 499
286 503
286 505
286 522
286 529
286 531
286 532
286 533
286 540
286 546
286 547
286 548
286 549
286 550
286 553
286 555
286 556
286 564
286 579
286 581
286 582
286 583
286 584
286 586
286 587
287 289
287 291
287 329
287 332
287 335
287 529
287 530
287 531
287 532
287 533
287 579
287 582
287 583
287 584
287 586
288 289
288 587
289 291
289 299
289 344
289 346
289 410
289 529
289 533
289 540
289 547
289 548
289 549
289 579
289 581
289 582
289 583
289 584
289 586
289 587
290 579
291 321
291 351
291 387
291 410
291 499
291 503
291 522
291 529
291 531
291 532
291 533
291 540
291 546
291 547
291 548
291 549
291 550
291 553
291 555
291 579
291 581
291 582
291 583
291 584
291 586
291 587
292 478
292 506
292 582
293 294
293 300
293 450
293 588
293 596
293 598
293 600
294 598
295 296
295 297
295 300
295 342
295 343
295 361
295 387
295 446
295 447
295 450
295 451
295 458
295 490
295 500
295 505
295 510
295 539
295 541
295 594
295 595
295 596
295 597
295 600
296 297
296 300
296 343
296 412
296 415
296 420
296 423
296 430
296 435
296 439
296 440
296 448
296 450
296 451
296 458
296 461
296 490
296 491
296 534
296 596
296 597
296 599
296 600
297 300
297 343
297 361
297 375
297 569
297 571
297 596
298 299
298 300
298 340
298 387
298 410
298 540
298 541
298 547
298 549
298 550
298 553
298 568
298 579
299 347
299 387
299 399
299 410
299 457
299 539
299 540
299 564
299 597
300 488
300 541
300 578
300 590
300 596
300 598
301 384
301 386
301 420
301 432
301 439
301 443
301 444
301 451
301 490
301 491
302 304
302 305
302 311
302 319
302 320
302 322
302 323
302 324
302 327
302 328
302 329
302 332
302 333
302 335
302 389
302 390
303 304
303 310
303 315
303 317
303 319
303 388
304 305
304 308
304 311
304 314
304 315
304 319
304 320
304 323
304 324
304 329
304 334
304 335
304 336
305 308
305 319
305 320
305 322
305 323
305 324
305 326
305 327
305 329
305 334
305 335
306 309
306 310
307 336
308 311
308 314
308 315
308 319
309 310
309 315
310 444
310 470
311 315
311 319
312 326
313 314
313 315
313 316
314 315
314 316
314 317
314 472
314 479
314 525
314 557
314 559
315 317
315 319
315 559
316 474
316 525
316 559
317 386
317 388
317 444
318 320
318 323
318 324
318 327
318 328
318 329
318 331
318 332
318 333
318 335
318 342
318 373
318 374
318 431
319 320
319 388
319 389
320 322
320 323
320 324
320 327
320 328
320 329
320 330
320 331
320 332
320 333
320 334
320 335
320 336
320 389
320 580
321 357
321 384
321 389
321 390
321 391
321 392
321 393
321 395
321 396
321 397
321 398
321 399
321 401
321 416
321 489
321 497
321 531
321 533
321 534
321 586
322 323
322 324
322 327
322 329
322 332
322 333
322 389
323 324
323 325
323 327
323 328
323 329
323 330
323 331
323 332
323 333
323 334
323 335
323 336
323 580
324 326
324 327
324 328
324 329
324 332
324 333
324 334
324 335
325 546
327 328
327 329
327 330
327 331
327 332
327 333
327 334
327 335
327 336
327 530
327 580
328 329
328 330
328 331
328 332
328 333
328 334
328 335
328 336
328 365
328 484
328 530
328 566
328 580
328 598
329 330
329 331
329 332
329 333
329 334
329 335
329 336
329 580
330 334
330 335
330 336
330 355
330 530
330 580
331 332
331 333
331 374
332 333
332 334
332 335
332 336
332 343
332 415
332 422
332 439
332 443
333 334
333 335
333 336
333 443
333 530
333 580
334 335
334 336
334 375
334 580
335 336
335 365
335 530
335 580
336 375
336 530
336 580
337 338
337 350
337 371
337 373
337 378
337 379
337 380
337 381
337 382
337 403
337 405
337 406
337 416
338 339
338 341
338 377
338 378
338 379
338 380
338 381
338 382
338 405
338 428
338 434
338 436
338 457
339 341
339 342
339 343
339 354
339 358
339 359
339 364
339 371
339 372
339 373
339 374
339 376
339 378
339 412
339 413
339 414
339 415
339 416
339 420
339 421
339 422
339 423
339 424
339 429
339 433
339 434
339 436
339 437
339 451
339 599
340 344
340 346
340 347
340 348
340 349
340 351
340 352
340 403
340 410
340 411
340 486
340 540
340 547
340 566
340 568
340 582
341 345
341 357
341 358
341 359
341 371
341 378
341 407
341 412
341 413
341 414
341 416
341 418
341 419
341 423
341 424
341 428
341 429
341 434
341 436
341 440
341 445
341 446
341 451
341 491
341 506
342 343
342 345
342 346
342 347
342 348
342 353
342 354
342 358
342 359
342 361
342 373
342 374
342 375
342 412
342 413
342 414
342 421
342 422
342 429
342 430
342 431
342 433
342 434
342 436
342 447
343 346
343 347
343 349
343 358
343 361
343 375
343 376
343 382
343 414
343 421
343 422
343 430
343 431
343 440
343 447
343 448
344 346
344 347
344 349
344 351
344 410
345 352
345 353
345 354
345 355
345 358
345 359
345 361
345 362
345 363
345 372
345 382
345 412
345 413
345 414
345 431
345 441
345 445
345 450
345 458
345 483
346 347
346 348
346 349
346 351
346 352
346 353
346 354
346 361
346 566
347 349
347 351
347 361
347 575
348 353
348 354
348 355
348 358
348 359
348 398
348 410
348 411
348 412
348 413
348 433
348 440
349 351
349 352
349 403
349 486
349 505
349 540
349 566
350 357
350 384
350 393
350 395
350 396
350 397
350 398
350 399
350 400
350 401
350 403
350 404
350 405
350 406
350 407
350 408
350 409
350 410
350 411
350 412
350 416
350 419
350 423
350 424
350 425
350 534
351 352
351 353
351 354
351 361
351 363
351 522
351 540
351 566
352 360
352 363
352 412
352 499
353 354
353 356
353 359
353 361
353 363
353 369
353 372
353 412
353 481
353 483
354 355
354 359
354 361
354 362
354 363
354 372
354 382
354 412
354 483
355 359
355 373
355 382
355 431
356 411
356 481
356 566
357 358
357 395
357 397
357 398
357 399
357 401
357 406
357 411
357 412
357 413
357 416
357 423
357 424
357 439
357 445
357 497
357 534
358 359
358 372
358 375
358 412
358 413
358 414
358 415
358 416
358 421
358 422
358 429
358 430
358 433
358 434
358 439
358 443
358 445
358 446
358 447
358 450
358 451
358 545
359 363
359 372
359 373
359 382
359 412
359 413
359 414
359 421
359 422
359 429
359 431
359 436
359 441
359 443
359 445
359 483
360 361
360 425
360 596
360 598
361 363
361 369
361 447
361 484
361 566
361 596
362 363
363 382
363 427
363 447
364 369
364 372
364 374
364 378
364 418
364 422
364 428
364 429
364 434
364 446
364 456
364 591
365 366
365 370
365 372
365 373
365 374
365 375
365 376
365 421
365 422
366 370
366 563
367 371
367 431
367 433
368 369
369 371
369 372
369 375
369 422
369 429
370 375
371 403
371 405
371 406
371 407
371 411
371 413
371 415
371 416
371 421
371 422
371 423
371 424
371 429
371 433
371 437
371 450
371 491
371 596
371 597
371 600
372 373
372 374
372 375
372 376
372 382
372 413
372 414
372 420
372 421
372 422
372 429
372 434
372 443
372 445
373 374
373 376
373 377
373 382
373 420
373 421
373 422
373 429
373 430
373 431
373 433
373 434
373 436
374 376
374 377
374 378
374 380
374 382
374 420
374 421
374 422
374 429
374 434
374 436
375 376
375 421
375 422
376 377
376 378
376 380
376 381
376 382
376 420
376 421
376 422
376 429
376 434
376 436
377 378
377 379
377 380
377 381
377 382
377 429
377 434
377 436
378 379
378 380
378 381
378 382
378 405
378 429
378 434
378 436
378 497
379 380
379 381
379 382
379 403
379 405
379 416
380 381
380 382
380 405
380 429
380 434
381 382
381 429
381 434
382 414
382 429
382 434
382 436
383 415
384 385
384 392
384 393
384 394
384 395
384 396
384 397
384 398
384 400
384 401
384 404
384 406
384 407
384 408
384 411
384 413
384 420
384 423
384 424
384 491
384 492
384 504
384 595
385 386
385 393
385 394
385 395
385 396
385 398
385 400
385 401
385 404
385 406
385 407
385 408
385 409
385 444
385 492
386 401
386 409
386 444
386 448
387 411
387 499
387 505
387 532
387 534
387 539
387 540
387 541
387 547
387 549
387 566
387 579
387 584
387 586
387 588
387 594
387 595
387 596
389 390
389 391
389 392
389 395
389 397
389 489
389 530
389 531
389 555
389 580
390 391
390 392
390 393
390 395
390 397
390 398
390 530
390 531
390 533
391 392
391 393
391 394
391 395
391 397
391 402
391 417
391 467
391 474
391 485
391 489
391 493
391 495
391 496
391 498
391 501
391 509
391 511
391 518
391 520
391 531
391 551
391 555
391 581
392 393
392 395
392 396
392 397
392 398
392 530
392 580
393 394
393 395
393 396
393 397
393 398
393 400
393 401
393 402
393 404
393 405
393 406
393 407
393 408
393 409
393 417
393 419
393 423
393 424
393 425
393 459
393 477
393 491
393 492
393 495
393 504
394 395
394 396
394 402
394 407
394 408
394 417
394 419
394 444
394 452
394 472
394 485
394 491
394 492
394 495
394 496
394 501
394 504
395 396
395 397
395 398
395 400
395 401
395 406
395 407
395 408
395 417
395 489
395 495
396 397
396 398
396 400
396 401
396 404
396 405
396 406
396 407
396 408
396 409
396 410
396 411
396 419
396 423
396 425
396 491
396 492
396 495
396 504
397 398
397 399
397 400
397 401
397 406
397 408
397 411
397 417
397 489
397 491
397 492
397 495
397 497
397 531
397 533
397 534
398 400
398 401
398 404
398 406
398 407
398 408
398 409
398 410
398 411
398 412
398 413
398 416
398 423
398 491
399 401
399 405
399 412
399 416
399 418
399 424
399 497
399 534
399 539
400 401
400 404
400 406
400 407
400 408
400 409
400 410
400 411
400 425
400 492
401 404
401 405
401 406
401 407
401 408
401 409
401 411
401 412
401 413
401 416
401 418
401 419
401 420
401 423
401 424
401 491
401 534
402 408
402 417
402 419
402 459
402 471
402 492
402 495
402 501
402 504
402 509
402 519
402 594
402 595
403 404
403 405
403 406
403 407
403 409
403 419
403 423
403 440
403 457
403 459
403 491
404 405
404 406
404 407
404 408
404 409
404 419
404 423
404 424
404 444
404 491
404 492
404 599
405 406
405 407
405 409
405 411
405 416
405 419
405 423
405 424
405 457
405 491
406 407
406 408
406 409
406 410
406 411
406 416
406 419
406 423
406 424
406 425
406 491
407 408
407 409
407 411
407 419
407 423
407 424
407 425
407 459
407 491
407 492
407 504
408 417
408 418
408 419
408 485
408 489
408 491
408 492
408 495
408 501
408 504
409 410
409 411
409 419
409 423
409 425
409 577
410 411
410 547
410 575
410 583
410 584
410 586
411 412
411 413
411 416
411 423
411 438
411 491
412 413
412 414
412 416
412 420
412 423
412 424
412 439
412 440
412 441
412 445
412 446
412 450
412 451
412 491
412 534
413 414
413 415
413 416
413 418
413 420
413 421
413 422
413 423
413 424
413 429
413 431
413 433
413 438
413 439
413 440
413 443
413 445
413 446
413 450
413 451
413 490
413 491
413 510
413 534
414 421
414 422
414 429
414 430
414 434
414 440
414 445
414 446
415 416
415 418
415 420
415 422
415 423
415 424
415 428
415 432
415 437
415 439
415 443
415 445
415 446
415 447
415 448
415 450
415 451
415 456
415 490
415 491
415 510
415 597
415 599
415 600
416 420
416 423
416 424
416 439
416 443
416 445
416 446
416 450
416 451
416 491
416 497
416 534
417 418
417 419
417 442
417 452
417 460
417 467
417 472
417 474
417 485
417 489
417 492
417 493
417 494
417 495
417 496
417 497
417 498
417 501
417 504
417 509
417 515
417 518
417 519
417 520
417 523
417 531
418 423
418 424
418 428
418 429
418 437
418 440
418 446
418 449
418 451
418 452
418 456
418 490
418 491
418 492
418 497
418 506
418 510
418 515
418 519
419 423
419 436
419 459
419 491
419 492
419 495
419 504
419 506
419 577
420 421
420 422
420 423
420 424
420 433
420 434
420 435
420 436
420 439
420 443
420 445
420 450
420 451
420 458
420 490
420 491
420 510
420 599
421 422
421 429
421 430
421 431
421 433
421 434
421 436
421 439
421 440
421 443
421 445
421 451
422 429
422 433
422 434
422 436
422 439
422 443
422 445
422 451
422 490
422 510
423 424
423 428
423 429
423 433
423 435
423 438
423 439
423 440
423 445
423 446
423 450
423 451
423 458
423 459
423 490
423 491
423 504
423 510
423 534
423 597
423 599
423 600
424 428
424 429
424 432
424 438
424 439
424 440
424 445
424 446
424 450
424 451
424 456
424 490
424 491
424 497
424 510
424 515
424 534
424 600
426 538
426 568
427 443
427 447
427 488
427 588
427 592
428 429
428 431
428 432
428 434
428 436
428 437
428 440
428 446
428 449
428 450
428 451
428 454
428 456
428 458
428 462
428 466
428 490
428 506
429 430
429 431
429 434
429 436
429 440
429 445
429 446
429 451
429 454
429 456
429 515
430 431
430 433
430 435
430 436
430 437
430 439
430 440
430 446
430 450
430 451
430 458
430 490
430 491
431 433
431 436
431 440
431 441
431 451
431 458
432 435
432 437
432 439
432 446
432 448
432 449
432 450
432 451
432 454
432 456
432 458
432 461
432 462
432 466
432 490
432 510
432 545
432 600
433 438
433 439
433 440
433 443
434 436
434 446
434 447
434 451
434 456
434 490
435 448
435 450
435 451
435 458
435 459
435 461
435 466
435 490
435 491
435 504
435 510
435 599
436 451
436 460
436 491
436 504
437 440
437 446
437 448
437 449
437 451
437 454
437 456
437 458
437 506
437 600
439 440
439 443
439 445
439 446
439 450
439 451
439 461
439 490
439 491
439 510
439 534
439 545
439 600
440 445
440 446
440 450
440 451
440 454
440 490
440 491
440 534
442 452
442 455
442 460
442 465
442 467
442 471
442 472
442 474
442 485
442 489
442 493
442 494
442 495
442 496
442 498
442 501
442 502
442 509
442 516
442 520
442 523
442 525
442 551
443 445
443 447
443 450
443 451
443 490
443 510
444 470
444 477
444 492
444 543
445 446
445 450
445 451
445 490
445 491
445 497
445 510
445 534
446 448
446 450
446 451
446 454
446 456
446 458
446 466
446 490
446 491
446 510
446 515
446 545
446 600
448 450
448 458
448 461
448 462
448 466
448 599
448 600
449 452
449 454
449 456
449 464
449 515
450 451
450 458
450 459
450 461
450 466
450 490
450 491
450 500
450 510
450 534
450 541
450 595
450 596
450 597
450 599
450 600
451 454
451 456
451 458
451 460
451 461
451 490
451 491
451 497
451 510
451 515
451 545
451 600
452 453
452 455
452 464
452 465
452 467
452 474
452 485
452 489
452 493
452 494
452 496
452 498
452 501
452 513
452 515
452 516
452 520
452 525
452 527
452 544
453 463
453 464
453 465
453 467
453 493
453 494
453 496
453 498
453 508
453 511
453 512
453 513
453 514
453 515
453 516
453 518
453 520
453 521
453 525
453 527
453 528
453 531
453 533
453 544
453 551
453 561
453 571
453 581
454 456
454 460
454 464
454 466
454 490
454 491
454 510
454 515
454 518
454 545
455 463
455 465
455 512
455 516
456 458
456 462
456 464
456 466
456 490
456 515
456 576
457 459
457 469
457 500
457 577
457 578
457 597
458 459
458 461
458 490
458 510
458 595
458 600
459 461
459 469
459 490
459 491
459 500
459 504
460 464
460 474
460 490
460 491
460 492
460 494
460 495
460 501
460 504
460 514
460 523
460 524
460 525
461 466
461 490
461 500
461 510
461 541
461 576
461 578
461 590
461 592
461 596
461 600
462 466
463 464
463 465
463 467
463 513
463 516
463 527
463 536
463 543
463 544
463 552
463 558
463 560
463 561
464 465
464 467
464 494
464 506
464 513
464 514
464 515
464 518
464 535
464 543
464 544
464 558
464 561
465 467
465 471
465 474
465 489
465 493
465 494
465 496
465 498
465 501
465 502
465 503
465 509
465 511
465 512
465 513
465 516
465 520
465 525
465 527
465 528
465 529
465 544
465 551
465 581
466 477
466 490
466 500
466 576
466 600
467 472
467 474
467 485
467 489
467 493
467 494
467 496
467 498
467 501
467 509
467 511
467 513
467 514
467 515
467 516
467 518
467 520
467 521
467 523
467 525
467 526
467 527
467 531
467 533
467 535
467 544
467 551
467 558
467 581
468 541
468 561
468 574
469 500
469 578
470 472
470 477
470 495
471 472
471 473
471 474
471 475
471 493
471 496
471 501
471 502
471 509
471 511
471 520
471 525
471 551
471 559
472 474
472 477
472 485
472 493
472 495
472 496
472 509
472 513
472 520
472 523
472 525
472 526
472 559
473 500
473 522
473 577
473 582
474 485
474 489
474 493
474 495
474 496
474 498
474 501
474 509
474 511
474 513
474 516
474 520
474 523
474 525
474 527
474 535
474 551
474 558
475 480
475 546
475 547
475 548
475 554
475 562
475 581
475 583
476 562
477 523
477 526
477 543
478 556
478 558
478 587
479 559
480 481
480 483
480 562
481 483
481 562
481 566
482 483
482 484
482 595
482 596
484 528
484 565
484 566
484 594
485 489
485 492
485 493
485 494
485 495
485 496
485 501
485 509
485 525
485 559
486 528
486 540
486 549
486 550
486 554
486 562
486 566
486 568
488 538
488 566
488 588
488 590
488 592
489 493
489 495
489 496
489 498
489 501
489 503
489 509
489 511
489 516
489 518
489 519
489 520
489 523
489 531
489 533
489 551
489 555
489 581
489 586
490 491
490 494
490 500
490 510
490 514
490 545
490 595
490 600
491 492
491 497
491 504
491 510
492 495
492 496
492 501
492 504
493 494
493 495
493 496
493 498
493 501
493 509
493 511
493 513
493 516
493 520
493 523
493 525
493 526
493 527
493 533
493 544
493 551
493 559
493 581
494 496
494 498
494 501
494 510
494 512
494 513
494 514
494 515
494 516
494 518
494 520
494 523
494 525
494 526
494 531
494 544
494 551
495 496
495 501
495 504
495 509
495 524
496 498
496 501
496 502
496 509
496 511
496 513
496 516
496 520
496 523
496 525
496 527
496 530
496 544
496 559
497 515
497 518
497 519
498 501
498 503
498 509
498 511
498 513
498 516
498 519
498 520
498 521
498 525
498 527
498 528
498 529
498 531
498 532
498 533
498 544
498 548
498 551
498 555
498 558
498 581
498 583
498 584
499 505
499 522
499 546
499 578
499 583
499 584
499 588
499 592
499 598
500 505
500 541
500 564
500 569
500 571
500 576
500 577
500 578
500 589
500 591
500 592
500 594
500 596
500 597
500 600
501 504
501 509
501 514
501 520
501 523
501 525
501 531
501 551
502 503
502 505
502 509
502 516
502 517
502 525
502 559
502 594
503 505
503 511
503 516
503 522
503 528
503 529
503 532
503 533
503 540
503 542
503 546
503 547
503 548
503 549
503 550
503 551
503 553
503 554
503 562
503 564
503 565
503 581
503 583
503 584
503 594
504 597
505 522
505 528
505 532
505 539
505 540
505 564
505 565
505 594
505 595
505 596
505 597
505 598
506 543
507 511
507 521
507 527
507 542
507 564
507 567
507 571
508 512
508 521
508 541
508 545
509 511
509 513
509 516
509 517
509 520
509 525
509 551
509 581
510 512
510 514
510 515
510 519
510 541
510 545
510 595
511 513
511 516
511 520
511 521
511 525
511 527
511 533
511 542
511 544
511 548
511 551
511 555
511 561
511 562
511 581
512 513
512 514
512 515
512 516
512 541
512 552
512 571
512 576
513 514
513 516
513 520
513 521
513 523
513 525
513 526
513 527
513 536
513 542
513 544
513 551
513 552
513 558
513 561
514 515
514 518
514 520
514 523
514 544
515 518
515 519
515 523
515 527
515 545
516 520
516 521
516 525
516 527
516 528
516 529
516 533
516 542
516 544
516 551
516 552
516 561
516 581
517 519
517 594
518 519
518 520
518 521
518 523
518 526
518 527
518 531
518 533
518 544
518 545
519 539
519 569
519 595
520 521
520 523
520 526
520 527
520 531
520 533
520 542
520 544
520 551
520 555
520 562
520 573
520 581
521 527
521 533
521 541
521 542
521 544
521 547
521 549
521 550
521 552
521 553
521 556
521 560
521 561
521 564
521 570
521 572
521 573
521 574
521 581
522 529
522 532
522 538
522 540
522 546
522 547
522 548
522 549
522 550
522 553
522 554
522 556
522 562
522 564
522 565
522 566
522 572
522 582
522 583
522 584
522 594
523 524
523 525
523 526
523 527
523 531
523 536
523 543
524 525
524 526
525 526
525 527
525 551
525 559
525 560
526 527
526 536
526 559
527 542
527 543
527 544
527 551
527 561
527 567
527 571
527 573
528 529
528 532
528 540
528 546
528 550
528 554
528 565
528 566
528 594
529 530
529 531
529 532
529 533
529 540
529 546
529 547
529 548
529 549
529 550
529 551
529 553
529 554
529 555
529 565
529 579
529 581
529 582
529 583
529 584
529 586
530 531
530 533
530 546
530 555
530 580
530 584
531 532
531 533
531 534
531 544
531 551
531 555
531 581
531 583
531 584
532 533
532 539
532 540
532 541
532 542
532 546
532 547
532 548
532 549
532 550
532 551
532 553
532 554
532 555
532 562
532 564
532 565
532 581
532 583
532 584
532 586
532 594
533 540
533 546
533 547
533 548
533 549
533 550
533 551
533 553
533 554
533 555
533 562
533 581
533 583
533 584
533 586
533 587
534 539
534 600
535 587
536 543
536 558
538 540
538 565
538 566
538 568
539 540
539 541
539 564
539 579
539 594
539 595
539 596
539 597
539 600
540 542
540 546
540 547
540 548
540 549
540 550
540 553
540 554
540 562
540 564
540 565
540 566
540 567
540 572
540 579
540 581
540 582
540 583
540 584
540 586
540 594
541 549
541 564
541 571
541 574
541 576
541 578
541 590
541 594
541 595
542 544
542 547
542 548
542 549
542 550
542 552
542 553
542 554
542 556
542 561
542 562
542 564
542 567
542 570
542 572
542 573
542 581
543 558
544 551
544 558
544 561
544 573
544 581
545 570
546 547
546 548
546 549
546 550
546 551
546 552
546 553
546 554
546 555
546 556
546 565
546 582
546 583
546 584
547 548
547 549
547 550
547 553
547 554
547 555
547 556
547 562
547 564
547 565
547 572
547 581
547 582
547 583
547 584
547 586
547 587
548 549
548 550
548 551
548 552
548 553
548 554
548 555
548 556
548 562
548 564
548 565
548 567
548 572
548 581
548 582
548 583
548 584
548 586
549 550
549 552
549 553
549 554
549 555
549 556
549 562
549 564
549 565
549 572
549 579
549 581
549 582
549 583
549 584
549 586
550 552
550 553
550 554
550 556
550 562
550 564
550 565
550 566
550 567
550 570
550 572
550 581
550 582
550 583
550 584
551 553
551 555
551 581
551 583
551 584
552 553
552 554
552 570
553 554
553 555
553 562
553 565
553 566
553 567
553 572
553 581
553 583
553 584
553 586
554 556
554 562
554 564
554 565
554 572
554 583
554 584
555 581
555 583
555 584
555 586
556 564
556 572
556 574
556 575
556 576
556 578
556 583
556 584
556 588
556 590
556 592
557 559
558 560
558 561
560 561
560 570
560 571
560 573
561 570
562 565
562 566
562 567
562 569
562 572
562 581
562 583
562 585
564 565
564 570
564 571
564 572
564 574
564 575
564 576
564 582
564 591
564 594
565 566
565 572
565 594
565 595
565 598
566 567
566 572
566 579
566 596
567 573
568 583
568 588
569 571
570 574
570 575
570 576
571 572
571 574
571 576
571 591
572 573
572 574
572 575
574 575
574 576
574 590
575 576
576 578
576 590
578 590
578 592
578 600
579 580
579 583
579 584
579 586
581 582
581 583
581 584
581 586
581 587
582 583
582 584
582 586
582 587
583 584
583 586
583 587
584 586
584 587
585 598
586 587
588 589
588 590
588 592
588 596
589 590
589 592
589 600
590 592
590 600
591 593
592 600
594 595
594 598
595 596
595 597
595 600
596 597
596 598
596 600
597 599
597 600
599 600
