600 8987

1 14
1 20
1 26
1 27
1 28
1 29
1 39
1 70
1 107
1 123
1 125
1 126
1 186
1 195
1 196
1 237
1 286
1 287
1 290
1 291
1 302
1 312
1 325
1 327
1 328
1 417
1 432
1 439
1 443
1 461
1 472
1 476
1 479
1 497
1 502
1 503
1 504
1 508
1 509
1 519
1 531
1 555
1 566
1 579
1 584
1 588
2 3
2 11
2 21
2 32
2 35
2 38
2 92
2 93
2 94
2 98
2 106
2 108
2 110
2 111
2 119
2 184
2 223
2 301
2 303
2 306
2 312
2 318
2 369
2 379
2 579
3 5
3 16
3 29
3 30
3 31
3 32
3 35
3 48
3 62
3 119
3 120
3 121
3 251
3 303
3 304
3 306
3 312
3 318
3 329
3 331
3 333
3 352
3 360
3 361
3 367
3 369
3 405
4 5
4 21
4 22
4 24
4 26
4 36
4 107
4 143
4 221
4 237
4 305
4 317
4 321
4 322
4 323
4 324
4 364
4 389
4 395
4 396
4 403
4 406
4 415
4 504
5 11
5 19
5 21
5 24
5 26
5 29
5 30
5 31
5 32
5 35
5 36
5 38
5 55
5 71
5 77
5 97
5 98
5 99
5 107
5 111
5 120
5 137
5 143
5 144
5 147
5 150
5 221
5 301
5 303
5 304
5 305
5 308
5 312
5 317
5 319
5 320
5 321
5 324
5 329
5 331
5 333
5 364
5 367
5 369
5 373
5 376
5 378
5 385
5 386
5 395
5 398
5 403
5 406
5 411
5 413
5 415
5 419
5 423
5 424
5 428
5 431
5 440
5 446
5 450
5 484
5 500
5 549
5 579
6 598
7 156
7 251
8 269
8 311
8 507
9 315
9 317
9 341
9 370
9 429
10 11
10 19
10 21
10 37
10 38
10 165
10 221
10 305
10 587
11 16
11 19
11 21
11 29
11 30
11 31
11 32
11 35
11 36
11 37
11 38
11 69
11 70
11 71
11 72
11 94
11 97
11 98
11 111
11 120
11 133
11 137
11 147
11 149
11 206
11 221
11 244
11 246
11 285
11 301
11 303
11 304
11 305
11 312
11 317
11 318
11 319
11 320
11 327
11 328
11 330
11 349
11 368
11 369
11 375
11 386
11 398
11 411
11 412
11 418
11 419
11 421
11 440
11 579
11 583
11 587
12 14
12 15
12 16
12 41
12 315
12 511
12 521
12 525
12 581
13 79
14 90
14 186
14 286
14 287
14 302
14 312
14 325
14 327
14 328
14 476
14 531
15 16
15 41
15 315
16 19
16 32
16 35
16 37
16 41
16 48
16 94
16 315
16 318
16 319
16 369
17 19
17 37
17 102
17 317
17 318
17 319
17 336
18 95
18 98
18 100
18 106
18 283
18 579
19 21
19 35
19 37
19 38
19 98
19 111
19 170
19 206
19 221
19 303
19 305
19 317
19 318
19 319
19 320
20 21
20 24
20 26
20 27
20 29
20 32
20 35
20 85
20 92
20 93
20 94
20 98
20 105
20 106
20 107
20 108
20 109
20 110
20 112
20 114
20 126
20 191
20 194
20 195
20 223
20 284
20 301
20 304
20 308
20 312
20 323
20 324
20 326
20 328
20 333
20 384
20 393
20 395
20 396
20 398
20 404
20 406
20 407
20 410
20 417
20 435
20 461
20 472
20 477
20 579
21 24
21 26
21 29
21 32
21 35
21 36
21 37
21 38
21 97
21 98
21 102
21 106
21 107
21 110
21 111
21 126
21 221
21 223
21 301
21 303
21 304
21 305
21 317
21 319
21 320
21 321
21 323
21 324
21 333
21 385
21 389
21 398
21 579
22 24
22 237
22 287
22 302
22 317
22 321
22 322
22 389
22 584
23 24
23 26
23 28
23 106
23 123
23 126
23 195
23 223
23 317
23 323
23 324
23 326
23 396
23 404
24 26
24 27
24 28
24 29
24 30
24 32
24 33
24 35
24 96
24 97
24 107
24 112
24 114
24 126
24 143
24 145
24 287
24 301
24 304
24 305
24 308
24 312
24 320
24 323
24 324
24 326
24 329
24 331
24 332
24 333
24 376
24 378
24 385
24 395
24 396
24 398
24 404
24 405
24 406
24 411
24 417
24 424
24 435
24 500
24 579
24 584
25 27
25 30
25 31
25 35
25 70
25 125
25 142
25 237
25 287
25 312
25 325
25 328
25 330
25 372
25 375
25 378
25 382
25 397
25 403
25 417
25 432
25 434
25 504
25 529
25 545
25 583
25 584
26 27
26 28
26 29
26 30
26 31
26 32
26 35
26 36
26 107
26 125
26 126
26 143
26 221
26 237
26 287
26 302
26 304
26 305
26 308
26 312
26 323
26 324
26 326
26 328
26 329
26 333
26 378
26 396
26 417
26 500
26 504
26 579
26 584
27 28
27 29
27 30
27 31
27 32
27 35
27 70
27 107
27 125
27 126
27 186
27 195
27 237
27 286
27 287
27 304
27 312
27 325
27 327
27 328
27 330
27 378
27 396
27 397
27 417
27 435
27 439
27 472
27 497
27 502
27 504
27 579
27 584
28 29
28 30
28 112
28 114
28 125
28 126
28 186
28 191
28 194
28 195
28 196
28 237
28 286
28 287
28 290
28 301
28 312
28 328
28 330
28 378
28 384
28 388
28 393
28 396
28 397
28 408
28 417
28 435
28 454
28 461
28 579
28 584
29 30
29 31
29 32
29 35
29 36
29 38
29 50
29 55
29 69
29 70
29 71
29 98
29 107
29 109
29 111
29 112
29 119
29 120
29 124
29 125
29 126
29 141
29 143
29 147
29 198
29 221
29 237
29 284
29 287
29 301
29 303
29 304
29 305
29 308
29 312
29 319
29 323
29 324
29 326
29 328
29 329
29 330
29 331
29 333
29 348
29 369
29 375
29 376
29 378
29 386
29 395
29 396
29 397
29 398
29 404
29 405
29 406
29 411
29 417
29 418
29 423
29 426
29 434
29 435
29 438
29 439
29 500
29 504
29 529
29 530
29 568
29 579
29 583
29 584
29 588
30 31
30 32
30 35
30 36
30 55
30 62
30 69
30 70
30 71
30 77
30 97
30 98
30 107
30 111
30 112
30 119
30 120
30 125
30 126
30 133
30 135
30 137
30 143
30 144
30 147
30 157
30 221
30 237
30 246
30 251
30 285
30 287
30 301
30 304
30 305
30 308
30 312
30 324
30 328
30 329
30 330
30 331
30 333
30 344
30 348
30 368
30 369
30 376
30 378
30 385
30 386
30 395
30 396
30 397
30 398
30 399
30 403
30 405
30 407
30 411
30 413
30 417
30 418
30 419
30 423
30 424
30 431
30 434
30 435
30 484
30 500
30 504
30 529
30 530
30 545
30 549
30 579
30 582
30 583
31 32
31 35
31 36
31 55
31 69
31 70
31 71
31 72
31 74
31 77
31 80
31 97
31 111
31 119
31 120
31 125
31 133
31 135
31 137
31 143
31 144
31 147
31 149
31 150
31 156
31 157
31 158
31 237
31 246
31 251
31 303
31 304
31 305
31 308
31 312
31 319
31 327
31 328
31 329
31 330
31 333
31 348
31 364
31 367
31 368
31 369
31 375
31 376
31 378
31 386
31 396
31 398
31 399
31 401
31 403
31 411
31 412
31 413
31 415
31 417
31 418
31 419
31 423
31 428
31 431
31 434
31 440
31 442
31 450
31 484
31 500
31 504
31 529
31 530
31 545
31 549
31 582
31 583
31 585
31 587
32 35
32 36
32 55
32 69
32 70
32 71
32 75
32 77
32 80
32 97
32 98
32 107
32 111
32 112
32 119
32 120
32 125
32 126
32 135
32 137
32 142
32 143
32 144
32 147
32 157
32 198
32 221
32 223
32 237
32 301
32 303
32 304
32 305
32 308
32 312
32 318
32 319
32 320
32 323
32 324
32 329
32 330
32 331
32 333
32 348
32 367
32 369
32 375
32 376
32 378
32 385
32 386
32 395
32 396
32 398
32 403
32 404
32 405
32 406
32 407
32 411
32 413
32 417
32 423
32 424
32 431
32 434
32 435
32 451
32 484
32 500
32 529
32 549
32 568
32 579
32 583
33 114
33 123
33 169
33 171
33 194
33 287
33 326
33 332
33 417
33 461
33 472
33 477
33 497
33 519
34 537
35 36
35 38
35 55
35 69
35 70
35 71
35 72
35 75
35 77
35 94
35 97
35 98
35 107
35 111
35 112
35 119
35 120
35 125
35 126
35 133
35 135
35 137
35 142
35 143
35 147
35 149
35 221
35 223
35 244
35 246
35 285
35 287
35 301
35 303
35 304
35 305
35 308
35 312
35 318
35 319
35 320
35 324
35 327
35 328
35 329
35 330
35 333
35 348
35 359
35 364
35 368
35 369
35 375
35 376
35 378
35 385
35 386
35 395
35 398
35 399
35 403
35 404
35 406
35 411
35 412
35 413
35 414
35 417
35 418
35 419
35 423
35 424
35 430
35 434
35 448
35 451
35 500
35 504
35 530
35 545
35 579
35 583
36 38
36 70
36 71
36 77
36 97
36 107
36 111
36 120
36 125
36 133
36 137
36 144
36 147
36 149
36 150
36 156
36 157
36 221
36 264
36 304
36 305
36 319
36 320
36 322
36 324
36 328
36 329
36 330
36 333
36 364
36 369
36 375
36 376
36 378
36 386
36 398
36 403
36 411
36 415
36 417
36 418
36 419
36 423
36 428
36 431
36 434
36 440
36 446
36 448
36 450
36 484
36 500
36 504
36 529
36 545
36 549
37 38
37 170
37 221
37 247
37 252
37 317
37 319
37 320
37 334
37 336
37 392
38 98
38 111
38 221
38 244
38 303
38 304
38 305
38 312
38 319
38 320
38 328
38 349
38 386
38 419
38 421
38 440
39 41
39 70
39 118
39 120
39 125
39 133
39 325
39 327
39 328
39 330
39 375
39 439
40 144
40 330
40 369
40 438
41 42
41 46
41 84
41 89
42 45
42 46
42 47
42 48
42 54
42 56
42 59
42 62
42 89
42 115
42 116
42 117
42 118
42 337
42 338
42 339
42 340
42 342
42 343
42 346
42 347
42 350
42 352
42 357
42 358
42 360
42 361
42 381
42 382
43 333
43 425
44 49
44 53
44 54
44 56
44 57
44 60
44 61
44 64
44 65
44 66
44 68
44 76
44 82
44 144
44 146
44 150
44 152
44 341
44 345
44 353
44 354
44 356
44 357
44 358
44 359
44 368
44 370
44 371
44 413
44 416
44 440
44 444
44 445
44 446
44 447
44 543
45 46
45 47
45 48
45 54
45 56
45 59
45 62
45 66
45 67
45 89
45 116
45 117
45 118
45 338
45 340
45 342
45 346
45 347
45 349
45 350
45 351
45 352
45 354
45 356
45 357
45 358
45 360
45 361
45 380
45 381
46 47
46 48
46 54
46 56
46 59
46 62
46 67
46 115
46 116
46 117
46 118
46 337
46 338
46 339
46 340
46 342
46 343
46 346
46 347
46 352
46 357
46 358
46 360
46 361
46 371
47 48
47 51
47 52
47 53
47 54
47 56
47 57
47 59
47 62
47 65
47 66
47 67
47 74
47 113
47 115
47 116
47 117
47 118
47 120
47 124
47 251
47 337
47 338
47 340
47 341
47 342
47 343
47 344
47 345
47 346
47 347
47 348
47 349
47 350
47 351
47 352
47 353
47 354
47 356
47 357
47 358
47 360
47 361
47 362
47 367
47 369
47 370
47 371
47 379
47 381
47 386
47 416
47 433
47 440
47 478
48 51
48 52
48 54
48 56
48 57
48 62
48 65
48 66
48 67
48 87
48 89
48 90
48 115
48 116
48 117
48 118
48 124
48 338
48 339
48 340
48 342
48 343
48 345
48 346
48 347
48 349
48 350
48 351
48 352
48 356
48 357
48 358
48 360
48 361
48 371
48 379
48 380
48 381
49 53
49 58
49 60
49 61
49 147
49 149
49 150
49 152
49 335
49 341
49 345
49 349
49 353
49 354
49 359
49 415
49 418
49 421
49 440
49 445
49 446
49 448
49 450
50 51
50 52
50 53
50 54
50 55
50 57
50 70
50 118
50 119
50 120
50 124
50 125
50 141
50 147
50 312
50 327
50 328
50 345
50 349
50 350
50 352
50 353
50 357
50 366
50 368
51 52
51 53
51 54
51 56
51 57
51 58
51 59
51 61
51 62
51 63
51 66
51 67
51 87
51 117
51 118
51 121
51 124
51 341
51 345
51 349
51 351
51 352
51 358
51 361
51 381
51 446
52 53
52 54
52 55
52 56
52 57
52 62
52 66
52 67
52 113
52 115
52 116
52 118
52 120
52 124
52 147
52 341
52 344
52 345
52 346
52 347
52 348
52 349
52 350
52 351
52 352
52 353
52 357
52 358
52 360
52 386
52 446
53 54
53 55
53 56
53 57
53 58
53 60
53 61
53 64
53 65
53 66
53 67
53 116
53 118
53 120
53 124
53 125
53 135
53 141
53 147
53 341
53 344
53 345
53 346
53 348
53 349
53 350
53 351
53 353
53 354
53 356
53 357
53 358
53 359
53 361
53 363
53 368
53 413
53 416
53 418
53 440
53 444
53 445
53 446
54 56
54 57
54 59
54 62
54 63
54 65
54 66
54 67
54 89
54 116
54 117
54 118
54 124
54 338
54 340
54 341
54 342
54 344
54 345
54 346
54 347
54 348
54 349
54 350
54 351
54 352
54 353
54 354
54 356
54 357
54 358
54 360
54 361
54 362
54 363
54 371
54 381
54 416
54 433
55 57
55 60
55 64
55 65
55 69
55 70
55 71
55 72
55 77
55 97
55 98
55 107
55 109
55 110
55 111
55 114
55 118
55 119
55 120
55 124
55 125
55 129
55 135
55 141
55 147
55 150
55 221
55 303
55 304
55 312
55 327
55 328
55 329
55 333
55 341
55 344
55 348
55 349
55 350
55 353
55 354
55 357
55 359
55 364
55 367
55 368
55 370
55 375
55 376
55 378
55 385
55 395
55 397
55 398
55 406
55 407
55 413
55 415
55 417
55 418
55 419
55 423
55 434
55 440
55 442
55 444
55 446
55 476
56 57
56 59
56 62
56 63
56 65
56 66
56 67
56 73
56 89
56 116
56 117
56 118
56 124
56 147
56 337
56 340
56 341
56 344
56 345
56 346
56 347
56 348
56 349
56 350
56 351
56 352
56 353
56 354
56 356
56 357
56 358
56 360
56 361
56 367
56 368
56 370
56 371
56 381
56 405
56 416
56 433
56 444
56 598
57 65
57 73
57 113
57 116
57 117
57 118
57 120
57 124
57 125
57 141
57 152
57 337
57 338
57 340
57 341
57 342
57 344
57 345
57 346
57 347
57 348
57 349
57 350
57 351
57 352
57 353
57 356
57 357
57 358
57 360
57 367
57 368
57 370
57 373
57 385
57 405
57 406
57 413
57 416
57 433
57 444
58 60
58 61
58 64
58 66
58 67
58 147
58 150
58 345
58 349
58 353
58 354
58 359
58 368
58 412
58 418
58 438
58 440
59 62
59 63
59 64
59 65
59 66
59 67
59 74
59 82
59 118
59 120
59 121
59 124
59 138
59 139
59 147
59 338
59 344
59 346
59 347
59 351
59 352
59 357
59 358
59 360
59 361
59 362
59 367
59 414
59 433
59 440
60 61
60 64
60 71
60 72
60 75
60 77
60 79
60 111
60 129
60 142
60 149
60 150
60 341
60 348
60 353
60 354
60 359
60 363
60 365
60 367
60 368
60 370
60 374
60 375
60 376
60 413
60 414
60 418
60 421
60 422
60 440
60 444
60 446
61 64
61 66
61 67
61 147
61 150
61 341
61 345
61 349
61 353
61 354
61 355
61 359
61 363
61 368
61 413
61 418
61 421
61 440
61 446
62 63
62 64
62 66
62 67
62 74
62 116
62 118
62 120
62 121
62 124
62 147
62 251
62 304
62 329
62 344
62 346
62 347
62 349
62 351
62 352
62 357
62 358
62 360
62 361
62 367
62 369
62 370
62 371
62 381
62 386
62 440
63 66
63 67
63 121
63 361
63 362
64 65
64 66
64 67
64 71
64 72
64 74
64 77
64 82
64 111
64 118
64 119
64 120
64 121
64 124
64 137
64 138
64 139
64 147
64 149
64 248
64 303
64 341
64 344
64 348
64 349
64 351
64 352
64 353
64 354
64 357
64 359
64 361
64 363
64 367
64 368
64 369
64 370
64 373
64 386
64 412
64 413
64 414
64 418
64 419
64 421
64 431
64 433
64 440
64 444
64 450
64 587
65 66
65 73
65 116
65 117
65 118
65 120
65 124
65 125
65 147
65 152
65 337
65 341
65 346
65 347
65 348
65 349
65 350
65 353
65 354
65 356
65 357
65 358
65 360
65 367
65 370
65 373
65 413
65 416
65 433
65 444
65 446
66 67
66 74
66 87
66 118
66 120
66 121
66 138
66 147
66 341
66 344
66 345
66 346
66 347
66 348
66 349
66 350
66 351
66 352
66 353
66 354
66 356
66 357
66 358
66 359
66 360
66 361
66 362
66 363
66 367
66 413
66 414
66 433
66 440
67 82
67 87
67 117
67 118
67 121
67 345
67 346
67 351
67 352
67 354
67 357
67 358
67 360
67 361
67 362
67 363
68 130
68 132
68 140
68 144
68 148
68 150
68 160
68 293
68 364
68 419
68 422
68 428
68 431
68 446
68 450
68 459
68 488
69 70
69 71
69 72
69 77
69 80
69 97
69 98
69 111
69 119
69 120
69 125
69 128
69 133
69 135
69 137
69 147
69 149
69 157
69 246
69 285
69 303
69 328
69 330
69 348
69 364
69 368
69 369
69 375
69 376
69 398
69 399
69 412
69 418
69 423
69 431
69 434
69 583
69 587
70 71
70 72
70 80
70 98
70 111
70 119
70 120
70 125
70 133
70 135
70 137
70 142
70 144
70 147
70 186
70 246
70 291
70 304
70 312
70 325
70 327
70 328
70 330
70 349
70 353
70 368
70 375
70 378
70 398
70 399
70 412
70 417
70 418
70 419
70 423
70 434
70 438
70 439
70 440
70 443
70 464
70 476
70 504
70 531
70 545
70 583
70 588
71 72
71 73
71 74
71 75
71 77
71 79
71 80
71 97
71 98
71 99
71 111
71 118
71 119
71 120
71 125
71 129
71 132
71 133
71 135
71 137
71 142
71 143
71 144
71 147
71 149
71 150
71 156
71 157
71 246
71 264
71 301
71 303
71 304
71 305
71 312
71 328
71 329
71 330
71 333
71 341
71 348
71 349
71 353
71 354
71 359
71 364
71 367
71 368
71 369
71 370
71 373
71 374
71 375
71 376
71 378
71 386
71 398
71 399
71 401
71 403
71 411
71 412
71 413
71 415
71 417
71 418
71 419
71 422
71 423
71 424
71 428
71 431
71 434
71 440
71 442
71 443
71 445
71 446
71 450
71 484
71 500
71 529
71 545
71 549
71 583
71 587
72 74
72 75
72 77
72 80
72 97
72 98
72 111
72 119
72 120
72 125
72 129
72 133
72 135
72 137
72 142
72 147
72 149
72 157
72 206
72 303
72 318
72 328
72 341
72 348
72 353
72 359
72 364
72 367
72 368
72 370
72 375
72 412
72 413
72 418
72 419
72 421
72 423
72 431
72 434
72 440
72 450
72 587
73 74
73 75
73 77
73 79
73 89
73 91
73 116
73 118
73 120
73 329
73 331
73 338
73 340
73 342
73 347
73 348
73 350
73 353
73 354
73 356
73 357
73 360
73 365
73 367
73 370
73 373
73 405
73 413
73 416
73 433
74 77
74 80
74 118
74 119
74 120
74 132
74 135
74 137
74 138
74 139
74 147
74 248
74 303
74 329
74 346
74 347
74 348
74 350
74 351
74 352
74 353
74 354
74 357
74 358
74 360
74 361
74 367
74 369
74 370
74 371
74 373
74 386
74 413
74 433
74 440
74 484
74 549
74 582
74 585
75 77
75 79
75 91
75 119
75 129
75 142
75 149
75 318
75 331
75 333
75 365
75 367
75 369
75 374
75 376
75 405
75 422
75 424
75 429
75 430
75 434
76 82
76 146
76 552
76 558
76 599
77 79
77 80
77 82
77 97
77 99
77 111
77 118
77 119
77 120
77 129
77 132
77 135
77 137
77 139
77 142
77 147
77 149
77 157
77 158
77 303
77 304
77 305
77 318
77 329
77 330
77 331
77 333
77 348
77 353
77 354
77 359
77 364
77 367
77 369
77 370
77 373
77 374
77 375
77 376
77 378
77 386
77 403
77 411
77 412
77 413
77 414
77 415
77 418
77 419
77 423
77 424
77 428
77 434
77 440
77 450
77 484
77 529
77 549
77 582
77 583
77 585
77 587
78 82
79 82
79 91
79 129
79 139
79 331
79 356
79 365
79 367
79 370
79 373
79 374
79 416
79 429
80 97
80 120
80 135
80 137
80 139
80 147
80 149
80 303
80 367
80 369
80 370
80 373
80 375
80 376
80 415
80 418
80 440
80 484
80 546
80 582
80 583
81 84
81 86
81 89
81 91
81 374
82 121
82 132
82 138
82 139
82 140
82 367
82 371
82 440
82 445
83 85
83 112
83 114
83 130
83 162
83 191
83 323
83 332
83 377
83 435
84 86
84 89
84 91
84 374
84 377
85 87
85 88
85 109
85 130
85 191
85 377
85 537
86 87
86 89
86 91
86 374
86 377
86 380
86 381
86 382
87 88
87 89
87 91
87 117
87 118
87 380
87 381
88 89
88 130
88 333
88 339
88 347
88 352
89 91
89 116
89 118
89 339
89 354
89 361
89 365
89 374
89 375
89 377
89 380
89 381
89 382
89 526
90 141
90 199
90 259
90 296
90 297
91 92
91 105
91 116
91 118
91 329
91 331
91 332
91 333
91 365
91 374
91 377
91 380
91 381
91 491
91 526
91 529
92 93
92 95
92 103
92 104
92 105
92 106
92 108
92 110
92 112
92 114
92 119
92 154
92 184
92 187
92 191
92 192
92 193
92 194
92 195
92 196
92 198
92 212
92 216
92 223
92 241
92 289
92 301
92 306
92 384
92 390
92 393
92 395
92 396
92 404
92 407
92 408
92 410
92 423
92 435
92 454
92 460
92 491
92 492
92 495
92 501
92 517
93 95
93 100
93 103
93 105
93 106
93 108
93 110
93 122
93 126
93 154
93 184
93 187
93 189
93 191
93 192
93 193
93 194
93 195
93 196
93 197
93 198
93 200
93 201
93 202
93 204
93 211
93 212
93 213
93 216
93 223
93 224
93 234
93 245
93 289
93 301
93 306
93 326
93 331
93 384
93 388
93 390
93 391
93 393
93 394
93 396
93 400
93 407
93 408
93 410
93 435
93 454
93 460
93 474
93 489
93 492
93 494
93 495
93 496
93 501
93 503
93 514
93 517
93 580
93 584
94 98
94 106
94 110
94 395
94 400
94 401
95 100
95 105
95 106
95 110
95 112
95 114
95 126
95 131
95 154
95 171
95 174
95 187
95 189
95 191
95 192
95 193
95 194
95 195
95 196
95 197
95 198
95 200
95 201
95 202
95 209
95 210
95 212
95 213
95 215
95 216
95 223
95 224
95 234
95 280
95 282
95 283
95 289
95 292
95 301
95 326
95 384
95 388
95 390
95 396
95 435
95 452
95 460
95 471
95 473
95 477
95 498
95 501
95 503
95 514
95 517
95 547
95 579
95 580
95 584
95 586
96 97
96 99
96 128
96 131
96 145
96 157
96 198
96 282
96 304
96 370
96 376
96 378
96 500
97 98
97 99
97 111
97 112
97 119
97 120
97 125
97 128
97 129
97 132
97 135
97 137
97 143
97 144
97 147
97 149
97 150
97 157
97 198
97 246
97 264
97 282
97 301
97 303
97 304
97 305
97 317
97 324
97 329
97 333
97 348
97 364
97 369
97 370
97 373
97 375
97 376
97 378
97 385
97 386
97 398
97 401
97 403
97 411
97 412
97 415
97 418
97 419
97 422
97 423
97 424
97 428
97 430
97 431
97 434
97 440
97 442
97 450
97 451
97 484
97 579
97 587
98 106
98 107
98 110
98 111
98 119
98 120
98 126
98 221
98 223
98 284
98 285
98 301
98 303
98 304
98 305
98 312
98 317
98 328
98 333
98 348
98 369
98 385
98 395
98 398
98 400
98 401
98 412
98 423
98 424
98 451
98 579
99 128
99 129
99 139
99 145
99 157
99 305
99 329
99 370
99 373
99 376
99 378
99 415
99 440
99 450
100 101
100 106
100 110
100 171
100 174
100 187
100 189
100 194
100 195
100 196
100 200
100 201
100 209
100 212
100 216
100 223
100 224
100 237
100 282
100 283
100 289
100 384
100 452
100 471
100 473
100 487
100 501
100 503
100 514
100 579
100 580
100 584
101 103
101 104
101 105
101 122
101 123
101 154
101 155
101 192
101 193
101 195
101 196
101 200
101 201
101 203
101 204
101 205
101 212
101 224
101 227
101 292
101 393
101 473
101 495
101 496
101 503
101 547
102 106
102 317
102 321
102 336
102 389
102 391
102 392
103 104
103 105
103 106
103 107
103 108
103 109
103 122
103 171
103 187
103 189
103 191
103 192
103 193
103 195
103 196
103 197
103 200
103 201
103 202
103 203
103 204
103 210
103 211
103 212
103 213
103 215
103 274
103 326
103 384
103 388
103 390
103 393
103 394
103 396
103 402
103 408
103 410
103 435
103 454
103 473
103 474
103 477
103 489
103 492
103 493
103 494
103 495
103 496
103 501
103 503
103 515
103 517
103 522
104 105
104 106
104 107
104 108
104 109
104 114
104 123
104 154
104 167
104 171
104 191
104 192
104 193
104 195
104 197
104 200
104 201
104 202
104 204
104 211
104 212
104 215
104 220
104 222
104 227
104 236
104 384
104 390
104 393
104 394
104 395
104 396
104 397
104 407
104 408
104 410
104 435
104 454
104 492
104 495
104 496
104 501
104 517
104 551
105 106
105 107
105 108
105 109
105 110
105 112
105 114
105 123
105 126
105 131
105 154
105 157
105 162
105 167
105 171
105 191
105 192
105 193
105 194
105 195
105 196
105 198
105 200
105 201
105 202
105 204
105 210
105 212
105 215
105 220
105 223
105 245
105 294
105 384
105 390
105 393
105 395
105 396
105 397
105 398
105 402
105 404
105 406
105 407
105 408
105 409
105 410
105 417
105 423
105 435
105 454
105 460
105 467
105 491
105 492
105 494
105 495
105 496
105 501
106 107
106 108
106 109
106 110
106 114
106 123
106 126
106 154
106 171
106 191
106 192
106 193
106 194
106 195
106 200
106 201
106 204
106 212
106 221
106 223
106 280
106 301
106 308
106 323
106 324
106 326
106 333
106 384
106 385
106 391
106 393
106 394
106 395
106 396
106 398
106 400
106 404
106 406
106 407
106 410
106 423
106 435
106 460
106 495
106 501
106 579
107 108
107 109
107 110
107 111
107 112
107 114
107 125
107 126
107 191
107 192
107 194
107 195
107 201
107 221
107 223
107 284
107 301
107 304
107 308
107 312
107 321
107 323
107 324
107 326
107 328
107 333
107 364
107 378
107 384
107 385
107 393
107 394
107 395
107 396
107 397
107 398
107 404
107 406
107 407
107 410
107 417
107 423
107 435
107 461
107 472
107 500
107 504
107 579
108 109
108 110
108 126
108 154
108 171
108 191
108 192
108 193
108 195
108 196
108 200
108 201
108 204
108 210
108 211
108 212
108 215
108 223
108 306
108 384
108 390
108 393
108 394
108 395
108 396
108 398
108 400
108 402
108 407
108 410
108 435
108 492
108 495
108 501
108 509
108 515
109 112
109 114
109 125
109 126
109 130
109 141
109 191
109 192
109 193
109 194
109 195
109 196
109 200
109 201
109 203
109 210
109 222
109 333
109 378
109 384
109 393
109 395
109 396
109 397
109 398
109 402
109 406
109 407
109 409
109 410
109 417
109 435
109 461
109 497
109 500
109 502
110 111
110 119
110 212
110 216
110 223
110 241
110 301
110 303
110 306
110 312
110 384
110 385
110 395
110 400
110 401
110 412
110 423
110 487
110 524
110 579
111 119
111 120
111 125
111 133
111 135
111 137
111 142
111 147
111 150
111 206
111 221
111 246
111 301
111 303
111 304
111 305
111 308
111 312
111 317
111 318
111 319
111 320
111 324
111 328
111 333
111 341
111 348
111 353
111 354
111 359
111 364
111 367
111 368
111 369
111 375
111 376
111 378
111 385
111 386
111 395
111 398
111 401
111 411
111 412
111 413
111 414
111 415
111 418
111 419
111 423
111 431
111 434
111 440
111 442
111 450
111 476
111 484
111 587
112 114
112 126
112 129
112 130
112 131
112 143
112 154
112 157
112 191
112 194
112 195
112 198
112 220
112 223
112 245
112 294
112 301
112 304
112 323
112 324
112 326
112 329
112 331
112 332
112 333
112 364
112 376
112 395
112 396
112 397
112 398
112 403
112 404
112 405
112 406
112 407
112 408
112 409
112 410
112 417
112 422
112 423
112 424
112 430
112 434
112 435
112 451
112 460
112 490
112 491
112 500
112 529
113 115
113 116
113 337
113 346
113 347
113 350
113 352
113 358
113 360
114 123
114 125
114 126
114 129
114 131
114 154
114 157
114 190
114 191
114 192
114 193
114 194
114 195
114 196
114 198
114 201
114 212
114 220
114 223
114 294
114 324
114 326
114 329
114 332
114 333
114 364
114 376
114 378
114 384
114 393
114 395
114 396
114 397
114 398
114 404
114 406
114 407
114 408
114 409
114 410
114 417
114 422
114 423
114 424
114 435
114 451
114 454
114 460
114 461
114 467
114 491
114 500
114 530
115 116
115 117
115 118
115 329
115 340
115 346
115 347
115 350
115 352
115 357
115 358
115 386
116 117
116 118
116 120
116 125
116 191
116 329
116 337
116 338
116 339
116 340
116 342
116 343
116 344
116 346
116 347
116 348
116 349
116 350
116 352
116 357
116 358
116 360
116 365
116 367
116 370
116 377
116 381
116 382
116 405
116 407
116 416
117 118
117 343
117 344
117 345
117 346
117 347
117 349
117 350
117 357
117 358
117 365
117 379
117 416
118 120
118 124
118 125
118 147
118 329
118 337
118 338
118 340
118 341
118 344
118 345
118 346
118 347
118 348
118 349
118 350
118 351
118 352
118 353
118 354
118 357
118 358
118 359
118 360
118 361
118 363
118 367
118 370
118 373
118 374
118 375
118 379
118 381
118 386
118 405
118 413
118 416
118 418
118 433
118 434
118 440
118 446
119 120
119 135
119 137
119 142
119 143
119 147
119 149
119 157
119 223
119 233
119 237
119 246
119 301
119 303
119 306
119 312
119 318
119 328
119 333
119 353
119 367
119 368
119 369
119 399
119 400
119 401
119 412
119 423
119 440
119 443
119 579
119 583
120 124
120 125
120 133
120 135
120 137
120 147
120 303
120 304
120 312
120 318
120 319
120 328
120 329
120 330
120 331
120 333
120 340
120 341
120 344
120 346
120 347
120 348
120 349
120 350
120 351
120 352
120 353
120 354
120 357
120 358
120 359
120 360
120 361
120 367
120 368
120 369
120 370
120 373
120 375
120 376
120 385
120 386
120 398
120 405
120 411
120 412
120 413
120 414
120 418
120 419
120 423
120 431
120 434
120 440
120 484
120 500
120 549
120 583
120 585
121 124
121 351
121 352
121 354
121 360
121 361
121 371
121 413
121 414
121 440
122 169
122 192
122 193
122 195
122 200
122 201
122 202
122 204
122 236
122 260
122 274
122 286
122 292
122 326
122 332
122 384
122 388
122 393
122 394
122 396
122 404
122 406
122 408
122 410
122 435
122 436
122 454
122 461
122 473
122 477
122 494
122 495
122 496
122 497
122 501
122 503
122 517
122 591
123 126
123 154
123 155
123 164
123 171
123 191
123 192
123 193
123 194
123 195
123 196
123 200
123 201
123 202
123 203
123 204
123 212
123 213
123 215
123 384
123 393
123 394
123 417
123 454
123 461
123 495
123 496
123 497
123 503
123 515
123 517
124 147
124 312
124 341
124 344
124 345
124 346
124 348
124 349
124 350
124 351
124 352
124 353
124 357
124 358
124 361
124 366
124 368
124 369
124 381
124 413
124 416
124 418
124 433
124 440
125 126
125 129
125 133
125 135
125 141
125 144
125 147
125 150
125 157
125 160
125 195
125 284
125 287
125 304
125 312
125 327
125 328
125 329
125 330
125 333
125 337
125 340
125 344
125 348
125 349
125 350
125 353
125 359
125 364
125 368
125 375
125 376
125 378
125 385
125 395
125 396
125 397
125 398
125 403
125 405
125 406
125 407
125 413
125 415
125 416
125 417
125 418
125 419
125 423
125 431
125 434
125 435
125 440
125 442
125 446
125 497
125 500
125 504
125 545
126 143
126 191
126 192
126 193
126 194
126 195
126 196
126 198
126 201
126 203
126 215
126 223
126 237
126 280
126 284
126 287
126 301
126 302
126 304
126 312
126 323
126 324
126 326
126 328
126 329
126 333
126 378
126 384
126 388
126 393
126 394
126 395
126 396
126 397
126 398
126 404
126 406
126 407
126 408
126 410
126 417
126 435
126 461
126 472
126 496
126 497
126 500
126 502
126 503
126 504
126 519
126 529
126 579
126 584
127 421
128 131
128 157
128 263
128 264
128 282
128 378
128 443
128 450
128 510
129 131
129 134
129 142
129 150
129 157
129 294
129 329
129 332
129 333
129 348
129 353
129 359
129 364
129 365
129 374
129 376
129 378
129 403
129 405
129 406
129 413
129 417
129 422
129 423
129 424
129 430
129 434
129 442
129 445
129 446
129 450
129 451
129 490
129 543
130 145
130 151
130 159
130 329
130 332
130 377
130 403
130 405
130 406
130 409
130 500
131 154
131 157
131 190
131 191
131 194
131 195
131 196
131 198
131 210
131 212
131 233
131 282
131 376
131 396
131 404
131 417
131 427
131 435
131 460
131 467
131 490
131 491
132 137
132 138
132 139
132 144
132 158
132 180
132 248
132 264
132 293
132 329
132 341
132 367
132 373
132 386
132 403
132 411
132 413
132 419
132 420
132 428
132 431
132 450
132 484
132 549
133 135
133 137
133 144
133 147
133 150
133 246
133 293
133 328
133 330
133 364
133 368
133 372
133 375
133 376
133 378
133 403
133 415
133 417
133 418
133 419
133 428
133 431
133 434
133 446
133 464
133 481
134 364
134 422
134 429
134 599
135 137
135 147
135 157
135 246
135 348
135 353
135 357
135 367
135 368
135 369
135 376
135 378
135 412
135 413
135 415
135 417
135 418
135 419
135 431
135 434
135 440
135 450
135 484
135 545
136 154
136 155
136 163
136 164
136 171
136 190
136 364
136 422
136 423
136 442
136 451
137 144
137 147
137 149
137 150
137 156
137 158
137 246
137 248
137 264
137 303
137 318
137 319
137 330
137 341
137 351
137 353
137 359
137 364
137 367
137 368
137 369
137 386
137 411
137 412
137 413
137 414
137 418
137 419
137 428
137 431
137 438
137 440
137 450
137 484
137 545
137 583
137 585
137 587
138 139
138 248
138 351
138 362
138 367
138 433
138 440
139 145
139 248
139 347
139 351
139 358
139 360
139 367
139 370
139 371
139 373
139 386
139 413
139 433
139 440
139 484
140 141
140 160
141 191
141 199
141 284
141 337
141 350
141 406
141 500
141 586
141 598
142 157
142 304
142 328
142 333
142 359
142 364
142 369
142 375
142 376
142 378
142 403
142 434
143 144
143 157
143 237
143 246
143 282
143 301
143 302
143 304
143 305
143 312
143 324
143 328
143 329
143 330
143 333
143 376
143 378
143 396
143 399
143 401
143 417
143 434
143 435
143 439
143 443
143 500
143 504
143 529
143 530
143 531
143 534
143 579
143 583
143 584
144 147
144 150
144 152
144 160
144 264
144 293
144 329
144 341
144 353
144 359
144 368
144 373
144 375
144 376
144 378
144 411
144 415
144 418
144 419
144 431
144 434
144 440
144 444
144 446
144 450
144 500
145 201
145 225
145 245
145 329
145 376
145 406
145 416
146 152
146 356
146 416
146 444
146 445
147 149
147 150
147 246
147 264
147 298
147 303
147 304
147 305
147 328
147 329
147 330
147 341
147 344
147 348
147 349
147 351
147 352
147 353
147 354
147 358
147 359
147 361
147 367
147 368
147 369
147 373
147 375
147 376
147 386
147 411
147 412
147 413
147 414
147 415
147 418
147 419
147 431
147 433
147 438
147 440
147 446
147 448
147 450
147 484
147 534
147 545
147 549
147 583
149 330
149 349
149 353
149 359
149 367
149 368
149 369
149 374
149 375
149 376
149 378
149 412
149 415
149 418
149 419
149 421
149 434
149 438
149 440
149 450
149 484
149 583
149 587
150 152
150 160
150 298
150 341
150 348
150 353
150 359
150 364
150 376
150 378
150 403
150 411
150 413
150 415
150 418
150 419
150 422
150 428
150 431
150 440
150 442
150 445
150 446
150 448
150 450
150 531
150 534
150 543
151 152
152 160
152 335
152 359
152 373
152 416
152 444
153 272
153 468
153 505
153 518
153 574
153 577
153 578
153 589
153 592
154 155
154 157
154 162
154 167
154 169
154 171
154 187
154 189
154 190
154 191
154 192
154 193
154 194
154 195
154 196
154 197
154 198
154 200
154 201
154 202
154 203
154 204
154 209
154 210
154 211
154 212
154 213
154 214
154 215
154 216
154 219
154 220
154 223
154 224
154 241
154 245
154 384
154 388
154 390
154 393
154 394
154 396
154 404
154 406
154 407
154 408
154 410
154 417
154 435
154 454
154 460
154 467
154 472
154 474
154 477
154 491
154 492
154 494
154 495
154 496
154 501
154 514
154 517
155 164
155 171
155 190
155 192
155 193
155 194
155 195
155 196
155 201
155 202
155 211
155 212
155 214
155 216
155 223
155 224
155 233
155 245
155 273
155 384
155 393
155 394
155 396
155 407
155 454
155 461
155 467
155 474
155 496
155 497
155 515
156 264
156 403
156 419
156 428
156 450
156 453
156 464
156 484
156 543
156 545
157 190
157 198
157 233
157 264
157 282
157 329
157 333
157 364
157 376
157 378
157 396
157 399
157 403
157 406
157 415
157 417
157 418
157 422
157 423
157 424
157 434
157 450
157 451
157 490
157 500
157 529
157 543
157 549
158 180
158 248
158 367
158 403
158 411
158 415
158 419
158 420
158 428
158 450
158 455
158 464
158 484
158 587
159 161
159 174
159 203
159 205
159 219
159 332
159 456
159 473
159 491
159 536
160 431
160 488
161 219
161 274
161 278
162 191
162 193
162 200
162 202
162 205
162 210
162 212
162 227
162 408
162 436
162 456
162 460
162 471
162 473
162 491
162 494
162 536
163 164
163 254
163 409
163 455
164 272
164 332
164 403
164 409
164 442
164 497
166 230
167 192
167 193
167 197
167 201
167 202
167 204
167 205
167 212
167 215
167 460
168 172
168 275
168 575
169 187
169 188
169 192
169 193
169 195
169 197
169 200
169 201
169 202
169 204
169 211
169 212
169 213
169 215
169 262
169 274
169 278
169 292
169 377
169 384
169 393
169 394
169 454
169 472
169 474
169 477
169 489
169 493
169 494
169 495
169 496
169 498
169 501
169 503
169 514
169 517
169 527
170 228
170 247
170 252
170 256
170 421
170 540
170 542
170 562
170 567
170 581
171 189
171 190
171 191
171 192
171 193
171 194
171 195
171 196
171 197
171 200
171 201
171 202
171 203
171 204
171 209
171 210
171 211
171 212
171 213
171 214
171 215
171 216
171 218
171 219
171 223
171 224
171 274
171 276
171 384
171 390
171 393
171 394
171 396
171 410
171 454
171 460
171 471
171 474
171 477
171 489
171 492
171 493
171 495
171 496
171 501
171 503
171 513
171 514
171 515
171 517
171 519
171 523
171 524
171 527
172 186
172 288
173 568
174 215
174 283
175 480
176 178
176 179
176 188
176 202
176 209
176 211
176 216
176 228
176 229
176 231
176 262
176 276
176 389
176 476
176 485
176 487
176 489
176 493
176 511
176 512
176 513
176 527
176 542
176 562
176 567
177 588
178 183
178 228
178 229
178 256
178 263
178 269
178 279
178 295
178 297
178 457
178 538
178 540
178 541
178 555
178 566
178 567
178 570
178 572
178 573
178 577
178 597
179 469
179 487
179 557
179 562
179 567
180 437
181 567
182 577
183 217
183 228
183 252
183 255
183 261
183 269
183 277
183 279
183 281
183 295
183 296
183 297
183 457
183 566
184 212
184 216
184 289
185 441
186 257
186 287
186 288
186 290
186 302
186 325
186 327
186 328
186 432
186 439
186 476
186 488
186 504
186 508
186 531
186 555
186 600
187 188
187 189
187 192
187 193
187 197
187 200
187 201
187 202
187 204
187 207
187 209
187 211
187 212
187 213
187 214
187 215
187 216
187 224
187 231
187 234
187 274
187 276
187 280
187 289
187 292
187 384
187 390
187 394
187 473
187 474
187 489
187 492
187 493
187 494
187 495
187 496
187 498
187 501
187 503
187 513
187 514
187 517
187 527
187 528
187 580
188 189
188 197
188 200
188 202
188 205
188 209
188 211
188 213
188 228
188 229
188 231
188 262
188 270
188 271
188 274
188 276
188 278
188 280
188 281
188 295
188 296
188 311
188 480
188 485
188 493
188 503
188 507
188 516
188 527
188 528
189 192
189 193
189 195
189 196
189 197
189 200
189 201
189 202
189 203
189 204
189 209
189 211
189 212
189 213
189 214
189 215
189 216
189 224
189 230
189 231
189 234
189 240
189 274
189 276
189 278
189 280
189 283
189 383
189 384
189 388
189 390
189 394
189 452
189 471
189 473
189 474
189 489
189 492
189 493
189 495
189 496
189 501
189 503
189 511
189 513
189 514
189 515
189 517
189 519
189 522
189 527
189 528
189 553
189 580
189 584
190 191
190 193
190 194
190 196
190 210
190 212
190 214
190 233
190 396
190 407
190 454
190 456
190 460
190 467
190 490
190 491
190 524
191 192
191 193
191 194
191 195
191 196
191 198
191 200
191 201
191 202
191 204
191 210
191 212
191 215
191 222
191 301
191 304
191 326
191 376
191 384
191 390
191 393
191 394
191 395
191 396
191 397
191 398
191 402
191 404
191 406
191 407
191 408
191 409
191 410
191 417
191 435
191 454
191 460
191 461
191 467
191 474
191 477
191 491
191 492
191 494
191 495
191 496
191 500
191 501
191 517
192 193
192 194
192 195
192 196
192 197
192 200
192 201
192 202
192 203
192 204
192 207
192 209
192 210
192 211
192 212
192 213
192 214
192 215
192 216
192 219
192 223
192 224
192 274
192 276
192 326
192 384
192 388
192 390
192 391
192 393
192 394
192 395
192 396
192 402
192 407
192 408
192 410
192 435
192 454
192 456
192 460
192 473
192 474
192 477
192 489
192 492
192 493
192 494
192 495
192 496
192 501
192 503
192 514
192 515
192 517
192 519
192 527
193 194
193 195
193 196
193 197
193 200
193 201
193 202
193 203
193 204
193 209
193 210
193 211
193 212
193 213
193 214
193 215
193 216
193 219
193 223
193 224
193 245
193 274
193 292
193 332
193 383
193 384
193 388
193 390
193 393
193 394
193 395
193 396
193 402
193 407
193 408
193 410
193 435
193 454
193 456
193 460
193 461
193 467
193 473
193 474
193 477
193 489
193 491
193 492
193 493
193 494
193 495
193 496
193 497
193 501
193 503
193 514
193 515
193 517
193 584
194 195
194 196
194 200
194 201
194 202
194 212
194 223
194 280
194 323
194 326
194 332
194 333
194 384
194 390
194 393
194 394
194 395
194 396
194 404
194 406
194 407
194 408
194 409
194 410
194 435
194 451
194 454
194 460
194 461
194 467
194 474
194 477
194 491
194 494
194 496
194 501
194 503
194 514
194 517
194 584
195 196
195 197
195 198
195 200
195 201
195 202
195 203
195 204
195 210
195 211
195 212
195 213
195 215
195 219
195 223
195 237
195 274
195 286
195 287
195 301
195 326
195 384
195 388
195 390
195 393
195 394
195 395
195 396
195 397
195 404
195 406
195 407
195 408
195 410
195 417
195 435
195 454
195 460
195 461
195 467
195 472
195 473
195 474
195 477
195 479
195 489
195 492
195 495
195 496
195 497
195 501
195 502
195 503
195 514
195 515
195 517
195 519
195 533
195 547
195 584
196 200
196 201
196 202
196 203
196 204
196 209
196 210
196 211
196 212
196 213
196 214
196 215
196 216
196 223
196 224
196 233
196 234
196 245
196 384
196 388
196 390
196 393
196 394
196 396
196 397
196 407
196 408
196 410
196 417
196 435
196 452
196 454
196 460
196 461
196 467
196 472
196 473
196 474
196 477
196 489
196 492
196 494
196 495
196 496
196 497
196 501
196 502
196 503
196 514
196 515
196 517
196 520
196 533
196 584
197 200
197 201
197 202
197 203
197 204
197 205
197 207
197 209
197 211
197 212
197 213
197 215
197 216
197 219
197 230
197 231
197 234
197 241
197 262
197 270
197 274
197 276
197 278
197 280
197 384
197 388
197 394
197 473
197 474
197 485
197 489
197 492
197 493
197 495
197 496
197 498
197 501
197 503
197 507
197 511
197 514
197 515
197 517
197 519
197 527
197 528
198 201
198 212
198 215
198 223
198 301
198 304
198 329
198 378
198 396
198 404
198 407
198 434
198 435
198 460
198 491
199 259
199 296
199 297
199 299
200 201
200 202
200 203
200 204
200 205
200 209
200 211
200 212
200 213
200 215
200 234
200 262
200 274
200 278
200 280
200 292
200 326
200 384
200 388
200 390
200 393
200 394
200 435
200 454
200 473
200 474
200 477
200 489
200 492
200 493
200 494
200 495
200 496
200 498
200 501
200 502
200 503
200 514
200 515
200 517
200 519
200 527
200 584
201 202
201 203
201 204
201 211
201 212
201 213
201 215
201 219
201 274
201 280
201 326
201 384
201 388
201 393
201 394
201 396
201 406
201 407
201 435
201 454
201 460
201 461
201 472
201 473
201 477
201 495
201 496
201 497
201 500
201 501
201 502
201 503
201 517
201 519
201 529
201 547
201 584
202 203
202 204
202 205
202 209
202 211
202 212
202 213
202 215
202 216
202 219
202 234
202 262
202 274
202 278
202 280
202 292
202 383
202 384
202 388
202 390
202 393
202 394
202 408
202 435
202 454
202 467
202 472
202 473
202 474
202 477
202 489
202 492
202 493
202 494
202 495
202 496
202 497
202 498
202 501
202 503
202 514
202 515
202 517
202 519
202 520
202 527
202 528
202 551
203 204
203 215
203 219
203 220
203 237
203 286
203 322
203 393
203 394
203 396
203 417
203 435
203 473
203 474
203 479
203 495
203 496
203 497
203 502
203 503
203 504
203 515
203 517
203 519
203 529
203 547
203 584
204 207
204 211
204 212
204 213
204 215
204 219
204 274
204 384
204 388
204 390
204 391
204 393
204 394
204 396
204 410
204 435
204 454
204 473
204 474
204 477
204 489
204 492
204 493
204 495
204 496
204 501
204 503
204 515
204 517
204 519
204 527
204 584
205 227
205 274
205 278
205 292
205 387
205 473
205 498
205 503
205 507
205 536
206 319
206 336
206 587
207 209
207 211
207 230
207 231
207 262
207 270
207 274
207 280
207 391
207 394
207 489
207 493
207 495
207 503
207 509
207 511
207 515
207 517
207 527
208 231
208 265
208 267
208 273
208 277
208 512
208 544
208 595
209 211
209 212
209 213
209 214
209 215
209 216
209 224
209 230
209 231
209 234
209 273
209 274
209 276
209 278
209 280
209 283
209 384
209 394
209 460
209 471
209 485
209 489
209 493
209 495
209 501
209 503
209 511
209 513
209 514
209 517
209 522
209 524
209 527
210 212
210 223
210 384
210 390
210 393
210 396
210 402
210 407
210 408
210 410
210 435
210 454
210 460
210 473
210 491
210 492
210 496
210 501
211 212
211 213
211 214
211 215
211 216
211 218
211 229
211 230
211 231
211 234
211 262
211 271
211 273
211 274
211 276
211 384
211 388
211 390
211 391
211 393
211 394
211 454
211 474
211 485
211 489
211 492
211 493
211 495
211 496
211 501
211 503
211 509
211 511
211 513
211 514
211 515
211 517
211 518
211 527
211 528
212 213
212 214
212 215
212 216
212 223
212 224
212 234
212 245
212 274
212 276
212 280
212 289
212 326
212 383
212 384
212 388
212 390
212 393
212 394
212 396
212 402
212 407
212 408
212 410
212 435
212 454
212 460
212 461
212 471
212 473
212 474
212 477
212 489
212 491
212 492
212 493
212 494
212 495
212 496
212 501
212 503
212 513
212 514
212 517
212 524
212 580
213 214
213 215
213 216
213 218
213 224
213 230
213 231
213 234
213 240
213 262
213 273
213 274
213 276
213 384
213 388
213 390
213 391
213 393
213 394
213 454
213 473
213 485
213 489
213 492
213 493
213 494
213 495
213 496
213 501
213 503
213 513
213 514
213 515
213 517
213 580
214 215
214 216
214 218
214 219
214 231
214 273
214 276
214 493
214 513
214 515
214 527
215 219
215 274
215 278
215 280
215 384
215 388
215 393
215 394
215 472
215 473
215 477
215 489
215 493
215 495
215 496
215 501
215 503
215 514
215 515
215 517
215 519
215 527
215 528
216 218
216 223
216 224
216 230
216 231
216 234
216 276
216 280
216 283
216 289
216 383
216 384
216 388
216 390
216 394
216 400
216 474
216 485
216 489
216 492
216 493
216 495
216 496
216 501
216 509
216 511
216 513
216 514
216 515
216 517
216 518
216 522
216 524
216 527
216 528
216 580
217 232
217 265
217 571
218 230
218 234
218 240
218 245
218 273
218 276
218 515
219 274
219 456
219 473
219 503
219 515
220 329
220 376
220 396
220 398
220 529
220 530
221 223
221 244
221 285
221 301
221 303
221 304
221 305
221 308
221 312
221 317
221 319
221 320
221 321
221 324
221 328
221 333
221 336
221 348
221 364
221 376
221 385
221 386
221 395
221 398
221 411
221 414
221 423
221 430
221 431
221 530
221 579
222 393
222 397
222 454
223 224
223 237
223 245
223 301
223 308
223 312
223 326
223 384
223 390
223 393
223 395
223 396
223 398
223 400
223 401
223 404
223 407
223 410
223 423
223 430
223 451
223 460
223 461
223 491
223 524
223 579
224 233
224 234
224 245
224 276
224 283
224 289
224 384
224 388
224 390
224 394
224 396
224 452
224 454
224 460
224 471
224 473
224 474
224 477
224 490
224 491
224 492
224 494
224 496
224 501
224 513
224 514
224 533
224 580
224 584
225 253
226 236
227 536
227 537
228 229
228 231
228 256
228 262
228 263
228 271
228 295
228 296
228 562
228 567
229 230
229 231
229 238
229 256
229 262
229 265
229 267
229 269
229 270
229 271
229 295
229 507
229 567
230 231
230 234
230 240
230 276
230 283
230 316
230 511
230 580
231 265
231 267
231 270
231 271
231 273
231 274
231 276
231 311
231 485
231 493
231 507
231 511
231 513
231 515
231 518
231 528
231 542
232 247
232 250
232 252
232 269
232 556
232 560
232 571
233 237
233 245
233 282
233 399
233 439
233 443
233 452
233 467
233 525
233 533
233 583
234 240
234 276
234 283
234 388
234 390
234 452
234 454
234 473
234 489
234 492
234 493
234 495
234 501
234 511
234 580
235 323
236 495
236 547
237 245
237 246
237 285
237 286
237 287
237 290
237 301
237 308
237 312
237 325
237 327
237 328
237 330
237 384
237 388
237 389
237 394
237 395
237 396
237 398
237 399
237 400
237 401
237 417
237 423
237 439
237 443
237 461
237 504
237 529
237 530
237 531
237 533
237 534
237 579
237 583
237 584
238 240
238 249
238 256
239 243
239 247
239 248
239 558
240 553
240 580
241 383
242 250
242 552
243 247
244 325
244 328
244 531
244 555
245 376
245 384
245 388
245 390
245 393
245 395
245 396
245 398
245 399
245 400
245 401
245 407
245 410
245 451
245 454
245 460
245 467
245 490
245 491
245 533
246 285
246 301
246 312
246 328
246 330
246 349
246 368
246 369
246 399
246 400
246 401
246 412
246 418
246 421
246 423
246 431
246 443
246 450
246 504
246 531
246 534
246 545
246 579
246 583
247 248
247 250
247 252
247 256
247 268
247 269
247 538
247 556
248 250
248 341
248 367
248 386
248 411
248 413
248 431
248 440
248 478
248 558
248 587
249 256
250 252
250 268
250 269
250 556
250 558
251 526
251 582
252 256
252 268
252 269
252 556
252 560
252 570
255 265
255 269
255 279
255 457
256 269
256 270
256 538
256 567
257 539
257 566
257 572
257 576
257 577
257 578
257 589
257 590
257 592
257 595
257 596
257 597
258 597
259 296
259 297
261 269
261 279
261 281
261 296
261 457
261 539
261 574
261 577
261 578
261 592
261 593
261 596
261 597
262 263
262 271
262 274
262 278
262 281
262 295
262 296
262 493
262 503
262 516
262 539
263 267
264 330
264 418
264 419
264 421
264 428
264 438
264 440
264 450
264 481
264 484
264 510
264 587
265 267
265 277
265 541
266 271
267 295
268 269
268 560
268 570
269 270
269 271
269 279
269 281
269 295
269 457
269 560
269 570
269 571
269 572
269 592
270 315
270 507
270 511
270 550
270 567
271 274
271 295
271 296
271 311
271 507
271 518
271 565
271 572
271 574
271 594
272 466
273 468
273 485
273 515
274 278
274 280
274 281
274 292
274 296
274 311
274 394
274 477
274 493
274 495
274 496
274 501
274 503
274 507
274 514
274 515
274 516
274 517
274 519
274 522
274 527
274 528
275 544
275 575
276 384
276 390
276 391
276 394
276 474
276 485
276 489
276 492
276 493
276 495
276 501
276 509
276 511
276 513
276 514
276 515
276 517
276 518
276 522
276 524
276 527
277 281
278 280
278 281
278 295
278 311
278 387
278 394
278 479
278 483
278 493
278 496
278 498
278 499
278 503
278 507
278 511
278 513
278 514
278 516
278 517
278 519
278 522
278 527
278 528
278 539
278 576
278 577
278 595
278 597
279 281
279 295
279 296
279 297
279 457
279 578
280 472
280 489
280 493
280 501
280 502
280 503
280 511
280 514
280 517
280 519
280 527
281 295
281 296
281 297
281 457
281 499
281 516
282 283
282 302
282 439
282 443
282 579
282 584
283 388
283 389
283 452
283 471
283 480
283 487
283 493
283 511
283 513
283 527
283 580
283 584
284 398
284 579
285 287
285 312
285 325
285 327
285 328
285 330
285 398
285 400
285 401
285 412
285 579
285 583
286 287
286 290
286 388
286 394
286 396
286 439
286 452
286 454
286 479
286 489
286 496
286 498
286 501
286 503
286 509
286 517
286 532
286 580
286 583
286 584
287 290
287 291
287 301
287 312
287 324
287 325
287 327
287 328
287 330
287 332
287 378
287 384
287 388
287 394
287 396
287 397
287 406
287 417
287 423
287 439
287 461
287 531
287 534
287 579
287 583
287 584
288 372
288 432
288 497
289 492
289 501
289 517
289 580
290 302
290 399
290 439
290 479
290 584
291 325
291 328
291 330
291 439
291 443
292 473
292 498
292 501
292 503
292 516
292 517
293 333
293 337
293 406
293 428
293 434
293 500
294 364
294 365
294 420
294 422
294 424
294 429
294 430
295 296
295 297
295 311
295 457
295 480
296 297
296 311
296 457
296 499
296 597
297 457
297 499
297 538
298 418
298 450
299 499
300 307
300 439
300 600
301 303
301 304
301 305
301 306
301 312
301 324
301 326
301 333
301 369
301 376
301 384
301 385
301 388
301 395
301 396
301 398
301 400
301 401
301 404
301 406
301 407
301 410
301 412
301 417
301 423
301 430
301 435
301 443
301 500
301 504
301 579
301 583
301 584
302 325
302 389
302 439
302 443
302 479
302 502
302 504
302 519
302 531
302 532
302 579
302 584
303 304
303 305
303 306
303 319
303 320
303 324
303 333
303 348
303 367
303 369
303 370
303 375
303 376
303 378
303 385
303 386
303 398
303 411
303 413
303 415
303 423
303 440
304 305
304 308
304 312
304 319
304 320
304 324
304 326
304 328
304 329
304 331
304 333
304 348
304 349
304 364
304 369
304 370
304 375
304 376
304 378
304 385
304 386
304 395
304 396
304 398
304 403
304 404
304 405
304 406
304 407
304 411
304 415
304 417
304 423
304 430
304 431
304 434
304 435
304 442
304 500
304 579
305 308
305 312
305 317
305 319
305 320
305 321
305 324
305 329
305 330
305 331
305 333
305 364
305 369
305 376
305 378
305 386
305 398
305 403
305 411
305 415
305 419
305 423
305 424
305 428
305 450
305 484
305 529
305 587
306 400
306 402
308 312
308 318
308 324
308 328
308 330
308 333
308 364
308 376
308 378
308 395
308 396
308 398
308 401
308 403
308 407
308 423
308 435
309 458
310 484
311 507
311 516
311 528
311 539
311 565
311 572
311 576
311 592
311 593
311 594
311 597
312 318
312 324
312 326
312 327
312 328
312 329
312 330
312 333
312 349
312 368
312 369
312 376
312 378
312 384
312 395
312 396
312 398
312 400
312 401
312 417
312 423
312 434
312 435
312 461
312 579
312 583
312 584
313 314
314 518
315 317
315 319
316 511
316 554
317 319
317 320
317 321
317 334
317 336
317 385
317 386
317 389
317 392
317 415
318 319
318 320
318 331
318 333
318 336
318 369
318 412
319 320
319 336
319 375
319 385
319 386
319 398
319 411
319 419
320 324
320 334
320 336
320 369
320 385
320 386
320 392
320 411
320 419
320 424
321 324
321 389
321 391
321 394
321 395
321 396
322 332
322 500
322 529
323 324
323 326
323 329
323 333
323 396
323 404
323 406
323 417
324 326
324 329
324 331
324 332
324 333
324 364
324 369
324 375
324 376
324 378
324 385
324 386
324 395
324 396
324 398
324 403
324 404
324 405
324 406
324 411
324 417
324 423
324 424
324 430
324 434
324 451
324 472
325 327
325 328
325 330
325 399
325 417
325 432
325 439
325 443
325 472
325 476
325 504
325 508
325 521
325 531
325 534
325 555
325 579
325 588
325 600
326 329
326 331
326 333
326 383
326 384
326 395
326 396
326 404
326 406
326 410
326 435
326 460
326 477
326 491
326 579
326 584
327 328
327 330
327 368
327 439
327 531
327 583
328 330
328 333
328 349
328 368
328 375
328 378
328 397
328 398
328 399
328 412
328 417
328 418
328 419
328 423
328 434
328 439
328 443
328 461
328 476
328 504
328 509
328 530
328 531
328 579
328 583
329 331
329 332
329 333
329 344
329 348
329 358
329 367
329 369
329 373
329 376
329 378
329 385
329 386
329 396
329 397
329 398
329 403
329 404
329 405
329 406
329 407
329 411
329 413
329 417
329 423
329 424
329 434
329 435
329 446
329 451
329 484
329 500
329 529
329 549
330 368
330 369
330 375
330 376
330 378
330 399
330 401
330 412
330 417
330 418
330 419
330 421
330 423
330 434
330 439
330 443
330 481
330 504
330 529
330 530
330 531
330 534
330 545
330 549
330 559
330 579
330 583
330 584
330 585
331 333
331 360
331 369
331 373
331 376
331 404
331 405
331 424
331 484
331 491
331 500
331 529
332 333
332 365
332 374
332 376
332 377
332 378
332 396
332 397
332 403
332 404
332 405
332 406
332 409
332 417
332 422
332 434
332 435
332 497
332 500
332 529
333 348
333 364
333 369
333 374
333 375
333 376
333 378
333 385
333 386
333 395
333 396
333 398
333 403
333 404
333 405
333 406
333 407
333 409
333 411
333 413
333 414
333 417
333 423
333 424
333 428
333 434
333 435
333 451
333 484
333 500
333 529
334 336
334 392
335 359
335 373
335 374
335 375
335 380
335 386
335 413
335 415
335 440
335 446
336 392
336 419
336 428
337 338
337 339
337 340
337 342
337 344
337 346
337 347
337 350
337 357
337 358
337 360
337 405
337 406
337 416
337 500
337 588
338 339
338 340
338 342
338 343
338 346
338 347
338 350
338 352
338 357
338 358
338 360
339 340
339 342
339 343
339 347
339 360
339 377
339 382
339 405
339 441
340 342
340 343
340 344
340 346
340 347
340 348
340 350
340 352
340 357
340 358
340 360
340 361
340 405
340 416
341 345
341 346
341 348
341 349
341 350
341 351
341 353
341 354
341 356
341 357
341 358
341 359
341 363
341 367
341 368
341 370
341 375
341 386
341 413
341 416
341 418
341 419
341 421
341 431
341 433
341 434
341 440
341 444
341 445
341 446
341 450
341 545
342 343
342 346
342 347
342 350
342 352
342 357
342 358
342 360
343 346
343 347
343 352
343 360
344 346
344 347
344 348
344 349
344 350
344 351
344 352
344 353
344 357
344 358
344 360
344 361
344 367
344 386
344 398
344 405
344 413
344 418
344 440
344 478
345 346
345 349
345 350
345 351
345 352
345 353
345 357
345 358
345 359
345 361
345 363
345 418
345 440
345 446
346 347
346 349
346 350
346 351
346 352
346 354
346 357
346 358
346 360
346 361
346 367
346 386
346 413
346 416
347 348
347 350
347 351
347 352
347 356
347 357
347 358
347 360
347 361
347 367
347 371
347 373
347 381
347 386
347 405
347 413
347 433
348 349
348 350
348 352
348 353
348 354
348 357
348 358
348 359
348 361
348 365
348 367
348 368
348 369
348 370
348 373
348 374
348 375
348 376
348 385
348 386
348 395
348 398
348 405
348 406
348 407
348 411
348 413
348 414
348 415
348 416
348 417
348 418
348 419
348 423
348 424
348 430
348 431
348 433
348 434
348 440
348 442
348 444
348 446
348 448
348 450
348 545
349 350
349 351
349 352
349 353
349 354
349 357
349 358
349 361
349 366
349 368
349 369
349 381
349 386
349 413
349 416
349 418
349 421
349 440
349 545
350 351
350 352
350 353
350 354
350 356
350 357
350 358
350 360
350 361
350 367
350 370
350 373
350 379
350 385
350 386
350 413
350 416
350 418
350 433
350 440
351 352
351 353
351 354
351 356
351 357
351 358
351 360
351 361
351 367
351 386
351 413
351 414
351 433
351 440
352 353
352 354
352 357
352 358
352 360
352 361
352 362
352 367
352 371
352 373
352 381
352 386
352 433
352 440
353 354
353 356
353 357
353 358
353 359
353 361
353 363
353 367
353 368
353 370
353 373
353 412
353 413
353 414
353 416
353 418
353 419
353 431
353 433
353 440
353 444
353 445
353 446
353 450
353 543
353 545
354 356
354 357
354 358
354 359
354 361
354 363
354 367
354 368
354 369
354 370
354 373
354 374
354 386
354 413
354 414
354 418
354 433
354 440
355 380
355 438
356 357
356 358
356 360
356 363
356 367
356 370
356 371
356 373
356 413
356 416
356 425
356 433
356 440
357 358
357 360
357 361
357 363
357 367
357 370
357 371
357 373
357 381
357 386
357 405
357 413
357 416
357 433
357 440
358 359
358 360
358 361
358 362
358 363
358 367
358 371
358 373
358 381
358 386
358 405
358 411
358 413
358 414
358 416
358 418
358 433
358 440
359 363
359 364
359 367
359 368
359 373
359 374
359 375
359 376
359 386
359 411
359 413
359 414
359 415
359 418
359 419
359 422
359 423
359 428
359 431
359 434
359 438
359 440
359 442
359 444
359 445
359 446
359 448
359 450
359 543
360 361
360 362
360 367
360 373
360 386
360 405
361 362
361 363
361 367
361 369
361 371
361 380
361 381
361 386
361 413
361 414
361 433
361 440
362 363
362 414
363 413
363 414
364 375
364 376
364 378
364 395
364 398
364 403
364 406
364 415
364 419
364 421
364 422
364 423
364 424
364 428
364 430
364 431
364 434
364 442
364 446
364 450
364 451
364 459
364 530
365 368
365 369
365 370
365 374
365 376
365 377
365 380
365 381
365 405
365 416
365 422
365 429
365 430
365 434
365 446
367 369
367 370
367 371
367 373
367 374
367 375
367 376
367 386
367 411
367 413
367 414
367 415
367 418
367 419
367 431
367 433
367 440
367 450
367 484
367 549
368 369
368 370
368 375
368 376
368 398
368 412
368 413
368 417
368 418
368 419
368 421
368 423
368 431
368 434
368 440
368 443
368 444
368 446
368 545
369 370
369 373
369 375
369 376
369 380
369 386
369 398
369 411
369 413
369 415
369 418
369 424
369 431
369 433
369 434
369 438
369 440
369 446
369 484
369 545
369 549
369 583
370 371
370 373
370 376
370 386
370 413
370 415
370 416
370 418
370 429
370 433
370 440
370 444
371 373
371 380
371 433
371 440
372 375
372 446
373 386
373 411
373 413
373 415
373 424
373 433
373 440
373 484
374 375
374 376
374 377
374 380
374 405
374 413
374 415
374 422
374 434
374 529
375 376
375 378
375 380
375 386
375 403
375 411
375 415
375 417
375 418
375 419
375 422
375 430
375 434
375 438
375 440
375 446
375 500
375 546
376 378
376 385
376 386
376 395
376 396
376 397
376 398
376 403
376 404
376 405
376 406
376 407
376 411
376 413
376 414
376 415
376 417
376 418
376 422
376 423
376 424
376 428
376 430
376 431
376 434
376 435
376 440
376 442
376 446
376 448
376 450
376 451
376 484
376 490
376 529
376 530
376 546
377 382
377 405
378 396
378 398
378 403
378 404
378 405
378 406
378 407
378 415
378 417
378 419
378 422
378 423
378 434
378 435
378 442
378 443
378 446
378 450
378 472
378 476
378 497
378 500
378 504
378 529
379 386
380 381
380 382
380 386
380 438
381 386
382 405
382 585
383 384
383 390
383 394
383 396
383 408
383 410
383 454
383 489
383 492
383 494
383 496
383 501
383 513
383 514
383 517
384 388
384 389
384 390
384 391
384 393
384 394
384 395
384 396
384 400
384 401
384 402
384 407
384 408
384 410
384 435
384 454
384 460
384 461
384 474
384 489
384 492
384 493
384 494
384 495
384 496
384 501
384 503
384 509
384 513
384 514
384 515
384 517
384 519
384 579
384 580
384 584
385 386
385 391
385 395
385 398
385 400
385 404
385 405
385 406
385 407
385 411
385 413
385 419
385 423
385 424
385 431
385 434
385 451
386 398
386 403
386 405
386 411
386 413
386 414
386 415
386 418
386 419
386 423
386 428
386 430
386 431
386 434
386 440
386 446
386 450
386 484
387 498
387 539
387 595
388 389
388 390
388 391
388 393
388 394
388 396
388 400
388 401
388 408
388 410
388 435
388 454
388 489
388 492
388 493
388 494
388 495
388 496
388 501
388 503
388 509
388 513
388 514
388 517
388 519
388 522
388 527
388 579
388 580
388 584
389 391
389 394
389 400
389 401
389 489
389 511
389 579
389 580
389 581
390 391
390 393
390 394
390 395
390 396
390 400
390 401
390 402
390 407
390 408
390 410
390 435
390 454
390 460
390 461
390 467
390 473
390 474
390 489
390 490
390 492
390 493
390 494
390 495
390 496
390 501
390 503
390 509
390 513
390 514
390 515
390 517
390 520
390 580
390 584
391 393
391 394
391 395
391 396
391 400
391 401
391 410
391 489
391 493
391 495
391 501
391 517
393 394
393 395
393 396
393 397
393 398
393 400
393 401
393 402
393 406
393 407
393 408
393 409
393 410
393 417
393 435
393 454
393 460
393 461
393 467
393 474
393 489
393 492
393 493
393 494
393 495
393 496
393 497
393 501
393 503
393 509
393 514
393 515
393 517
393 533
394 395
394 396
394 400
394 402
394 408
394 410
394 435
394 454
394 461
394 466
394 467
394 473
394 474
394 477
394 489
394 492
394 493
394 494
394 495
394 496
394 497
394 498
394 501
394 502
394 503
394 509
394 513
394 514
394 515
394 517
394 519
394 522
394 527
394 533
394 580
394 584
395 396
395 397
395 398
395 400
395 401
395 402
395 404
395 406
395 407
395 408
395 409
395 410
395 417
395 423
395 424
395 435
395 454
395 460
395 461
395 495
395 500
396 397
396 398
396 399
396 400
396 401
396 402
396 404
396 406
396 407
396 408
396 410
396 417
396 423
396 424
396 435
396 451
396 454
396 460
396 461
396 467
396 474
396 489
396 490
396 491
396 492
396 494
396 495
396 496
396 497
396 500
396 501
396 502
396 504
396 514
396 517
396 519
396 529
396 530
396 533
396 579
396 584
397 398
397 399
397 406
397 407
397 408
397 410
397 417
397 434
397 435
397 439
397 454
397 461
397 467
397 496
397 497
397 529
397 530
397 532
397 533
397 534
397 546
397 551
397 584
398 400
398 401
398 403
398 404
398 405
398 406
398 407
398 409
398 410
398 411
398 413
398 414
398 417
398 418
398 423
398 424
398 430
398 431
398 434
398 435
398 442
398 451
399 400
399 401
399 412
399 417
399 439
399 443
399 453
399 467
399 490
399 510
399 530
399 531
399 532
399 533
399 534
399 579
399 583
400 401
400 410
400 412
400 423
400 454
400 489
400 501
400 509
400 579
400 580
400 583
401 412
401 423
401 487
401 489
401 509
401 533
401 579
401 580
401 583
402 407
402 408
402 410
402 435
402 454
402 474
402 492
402 494
402 495
402 496
402 501
402 509
402 517
403 405
403 406
403 407
403 411
403 415
403 417
403 419
403 422
403 423
403 428
403 434
403 442
403 445
403 446
403 450
403 464
403 484
403 497
403 500
403 529
403 543
404 405
404 406
404 407
404 409
404 410
404 417
404 423
404 424
404 430
404 434
404 435
404 451
404 500
405 406
405 407
405 409
405 411
405 416
405 417
405 423
405 424
405 434
405 435
405 497
405 500
406 407
406 408
406 409
406 410
406 416
406 417
406 422
406 423
406 424
406 434
406 435
406 451
406 461
406 497
406 500
407 408
407 409
407 410
407 417
407 423
407 424
407 435
407 451
407 454
407 460
407 461
407 467
407 474
407 491
407 492
407 495
407 496
407 500
408 410
408 417
408 435
408 454
408 456
408 460
408 461
408 467
408 473
408 474
408 489
408 490
408 491
408 492
408 494
408 495
408 496
408 497
408 498
408 501
408 503
408 514
408 517
408 532
408 533
408 546
408 584
409 410
409 423
409 424
409 451
409 491
410 423
410 424
410 435
410 451
410 454
410 460
410 461
410 467
410 490
410 491
410 492
410 494
410 495
410 496
410 501
410 517
411 413
411 414
411 415
411 418
411 419
411 423
411 424
411 428
411 431
411 434
411 440
411 442
411 446
411 448
411 450
411 484
412 413
412 418
412 421
412 423
412 440
412 443
412 531
412 534
412 545
412 579
412 581
412 583
412 587
413 414
413 415
413 416
413 418
413 419
413 423
413 424
413 428
413 431
413 433
413 434
413 440
413 442
413 444
413 445
413 446
413 448
413 450
413 484
413 545
414 423
414 424
414 428
414 440
414 442
414 450
415 417
415 418
415 419
415 431
415 434
415 440
415 446
415 450
415 484
415 529
416 417
416 433
416 436
416 444
416 445
417 418
417 423
417 434
417 435
417 439
417 442
417 443
417 446
417 454
417 461
417 467
417 472
417 497
417 500
417 502
417 504
417 529
417 530
417 531
417 533
417 534
417 545
417 546
417 579
417 584
418 419
418 431
418 433
418 434
418 438
418 440
418 442
418 443
418 444
418 446
418 448
418 450
418 531
418 534
418 545
418 583
419 421
419 423
419 428
419 431
419 434
419 440
419 446
419 448
419 450
419 484
419 545
419 585
419 587
420 428
420 429
421 440
421 450
422 423
422 424
422 430
422 434
422 442
422 445
422 446
422 450
422 451
422 490
422 543
422 599
423 424
423 428
423 430
423 434
423 442
423 450
423 451
423 530
423 545
424 431
424 434
424 450
424 451
425 596
428 431
428 442
428 450
428 451
428 484
428 587
430 431
430 434
430 599
431 434
431 440
431 442
431 448
431 450
431 478
431 484
431 545
432 497
432 502
432 504
432 584
433 440
433 444
434 435
434 446
434 450
434 451
434 500
435 454
435 460
435 461
435 467
435 472
435 474
435 477
435 489
435 491
435 492
435 494
435 495
435 496
435 497
435 498
435 500
435 501
435 502
435 503
435 514
435 517
435 529
435 532
435 533
435 546
435 584
436 591
437 462
438 440
438 510
439 443
439 467
439 479
439 510
439 521
439 530
439 531
439 532
439 534
439 555
439 579
439 583
439 584
439 600
440 444
440 445
440 446
440 450
440 484
440 545
441 585
442 450
442 451
443 467
443 476
443 504
443 510
443 521
443 531
443 532
443 534
443 555
443 579
443 583
443 600
444 445
444 535
445 446
445 450
445 543
445 545
446 448
446 529
446 543
448 449
448 450
448 545
449 578
450 484
450 510
450 545
450 587
450 599
451 459
451 490
451 491
452 467
452 473
452 479
452 489
452 493
452 496
452 498
452 501
452 503
452 506
452 511
452 512
452 513
452 514
452 519
452 520
452 521
452 527
452 532
452 533
452 547
452 553
452 580
452 581
452 584
453 525
453 534
453 543
453 561
454 460
454 461
454 467
454 473
454 474
454 489
454 490
454 491
454 492
454 493
454 494
454 495
454 496
454 497
454 498
454 501
454 503
454 509
454 513
454 514
454 515
454 517
454 520
454 532
454 533
454 584
456 467
456 473
456 474
456 495
456 496
456 498
456 503
457 560
457 571
457 574
457 577
457 578
457 592
457 596
457 597
458 481
458 523
458 569
458 575
460 461
460 467
460 473
460 474
460 477
460 490
460 491
460 492
460 494
460 495
460 496
460 501
460 514
460 517
460 524
461 467
461 472
461 474
461 476
461 477
461 492
461 494
461 496
461 501
461 509
461 514
461 517
461 584
463 563
464 504
465 515
465 523
467 474
467 477
467 490
467 492
467 494
467 496
467 497
467 498
467 501
467 502
467 514
467 520
467 521
467 532
467 533
467 534
467 546
467 584
468 505
468 513
468 515
468 516
468 518
468 523
468 565
468 569
468 571
468 572
468 574
468 577
468 578
468 589
469 487
470 473
470 474
470 494
470 496
470 498
470 506
471 473
471 514
471 522
472 476
472 477
472 479
472 497
472 519
472 579
473 474
473 477
473 492
473 493
473 494
473 495
473 496
473 498
473 501
473 503
473 514
473 517
473 527
473 584
474 489
474 492
474 493
474 494
474 495
474 496
474 498
474 501
474 503
474 509
474 513
474 514
474 515
474 517
474 522
474 523
474 527
475 478
476 509
476 531
477 479
477 494
477 496
477 497
477 498
477 503
477 514
477 519
477 532
479 497
479 498
479 502
479 503
479 508
479 512
479 516
479 519
479 520
479 527
479 532
479 547
479 555
479 564
479 566
479 584
479 590
480 554
481 510
481 585
482 483
482 486
483 503
483 516
483 527
483 528
483 577
484 549
484 582
484 583
484 585
484 587
485 487
485 493
485 513
485 514
485 515
488 538
488 566
488 596
489 492
489 493
489 494
489 495
489 496
489 498
489 501
489 503
489 509
489 511
489 513
489 514
489 515
489 517
489 519
489 520
489 521
489 527
489 551
489 580
489 584
490 491
490 492
490 514
490 524
491 492
491 514
492 493
492 494
492 495
492 496
492 498
492 501
492 503
492 509
492 513
492 514
492 517
492 520
492 532
493 494
493 495
493 496
493 498
493 501
493 503
493 509
493 511
493 513
493 514
493 515
493 516
493 517
493 518
493 519
493 520
493 522
493 527
493 528
493 542
493 553
493 569
493 580
494 495
494 496
494 498
494 501
494 503
494 509
494 513
494 514
494 517
494 520
494 532
495 496
495 501
495 503
495 509
495 514
495 515
495 517
495 519
495 527
496 497
496 498
496 501
496 502
496 503
496 509
496 513
496 514
496 515
496 517
496 519
496 520
496 522
496 527
496 532
496 533
496 584
497 498
497 502
497 503
497 504
497 519
497 532
497 534
497 584
498 501
498 502
498 503
498 506
498 513
498 514
498 517
498 519
498 520
498 521
498 527
498 532
498 584
499 505
499 516
499 576
499 577
499 595
500 529
500 546
500 588
501 503
501 509
501 513
501 514
501 515
501 517
501 520
501 522
501 527
501 580
501 584
502 503
502 504
502 519
502 546
502 584
503 509
503 513
503 514
503 515
503 516
503 517
503 519
503 520
503 522
503 527
503 528
503 584
504 531
504 534
504 545
504 579
504 583
504 588
505 516
505 522
505 539
505 565
505 569
505 572
505 573
505 574
505 576
505 577
505 578
505 589
505 590
505 592
505 596
505 597
507 527
507 539
507 565
507 572
507 593
508 512
508 516
508 527
508 540
508 541
508 542
508 555
508 562
508 565
508 566
508 572
508 573
508 590
508 597
509 513
509 514
509 515
509 517
509 518
509 519
509 520
509 527
509 528
509 542
509 581
510 531
510 544
510 600
511 513
511 527
511 542
511 567
511 580
511 581
512 513
512 516
512 520
512 521
512 527
512 532
512 540
512 541
512 542
512 544
512 553
512 555
512 562
512 564
512 569
512 572
512 573
512 575
512 576
512 577
512 581
512 589
512 600
513 514
513 515
513 516
513 517
513 518
513 520
513 522
513 523
513 524
513 527
513 528
513 542
513 553
513 565
513 569
513 580
514 515
514 517
514 520
514 522
514 524
514 527
514 532
514 533
514 580
514 584
515 517
515 518
515 519
515 520
515 522
515 523
515 527
515 528
515 533
516 517
516 518
516 522
516 527
516 528
516 539
516 540
516 541
516 542
516 565
516 566
516 569
516 572
516 573
516 574
516 576
516 577
516 589
516 590
516 592
516 597
517 519
517 520
517 522
517 527
517 528
517 551
517 580
517 584
518 522
518 523
518 528
518 542
518 562
518 565
518 569
518 572
518 574
518 594
519 527
519 584
520 521
520 525
520 527
520 532
520 553
520 573
520 580
520 581
521 525
521 527
521 532
521 534
521 551
521 581
522 523
522 527
522 528
522 565
522 569
522 572
522 576
522 577
523 569
527 528
527 542
527 547
527 553
527 580
527 584
528 540
528 541
528 542
528 553
528 565
528 572
529 530
529 546
529 547
529 549
529 583
529 584
530 531
530 533
530 534
531 532
531 534
531 555
531 579
531 583
531 600
532 533
532 534
532 553
532 555
532 584
532 586
533 534
533 547
533 583
533 584
534 543
534 546
534 583
534 600
536 537
538 556
538 566
538 573
538 596
539 541
539 564
539 565
539 566
539 572
539 573
539 576
539 577
539 578
539 589
539 590
539 592
539 593
539 594
539 595
539 596
539 597
540 541
540 542
540 562
540 565
540 566
540 572
540 573
540 581
540 600
541 542
541 544
541 553
541 555
541 557
541 560
541 562
541 565
541 566
541 569
541 570
541 571
541 572
541 573
541 574
541 575
541 576
541 577
541 578
541 589
541 592
541 597
541 600
542 553
542 557
542 562
542 565
542 567
542 569
542 572
542 573
542 581
543 545
544 555
544 600
545 549
545 583
546 547
547 551
547 584
548 550
549 554
549 582
549 583
549 585
554 557
554 581
555 566
555 573
555 577
555 588
555 589
555 600
556 557
556 558
556 560
556 563
556 570
557 560
557 562
557 567
557 581
560 562
560 570
560 571
560 573
560 574
560 578
560 592
562 567
562 569
562 571
562 573
562 574
562 581
564 566
564 573
564 590
565 569
565 570
565 572
565 573
565 574
565 575
565 576
565 577
565 578
565 590
565 592
565 593
565 594
565 597
566 572
566 573
566 577
566 589
566 590
566 592
566 593
566 595
566 596
566 597
567 581
568 588
569 571
569 572
569 573
569 594
570 572
570 573
570 574
570 576
570 577
570 592
571 572
571 573
571 574
571 575
571 577
571 578
571 592
572 573
572 574
572 576
572 577
572 578
572 589
572 590
572 592
572 593
572 594
572 595
572 597
573 574
573 576
573 577
573 581
573 589
573 592
573 594
573 595
573 597
574 575
574 576
574 577
574 578
574 589
574 592
574 597
575 577
576 577
576 578
576 589
576 590
576 592
576 594
576 595
576 597
577 578
577 589
577 590
577 592
577 595
577 596
577 597
578 589
578 592
578 597
579 580
579 581
579 583
579 584
579 600
580 581
580 584
581 583
582 583
582 587
583 584
589 592
589 596
589 597
590 595
590 597
591 597
592 593
592 596
592 597
593 596
593 597
594 595
594 597
595 597
596 597
