600 8986

1 2
1 4
1 5
1 22
1 23
1 28
1 31
1 34
1 96
1 98
1 105
1 106
1 110
1 117
1 118
1 119
1 125
1 184
1 195
1 220
1 221
1 223
1 225
1 249
1 282
1 283
1 287
1 290
1 291
1 301
1 302
1 305
1 322
1 336
1 390
1 391
1 395
1 397
1 401
1 411
1 412
1 416
1 417
1 418
1 443
1 445
1 489
1 495
1 579
2 3
2 4
2 5
2 8
2 11
2 20
2 21
2 28
2 34
2 37
2 92
2 93
2 94
2 95
2 96
2 98
2 100
2 101
2 103
2 104
2 105
2 106
2 107
2 110
2 117
2 184
2 187
2 189
2 191
2 193
2 194
2 223
2 225
2 249
2 282
2 283
2 286
2 289
2 301
2 302
2 303
2 304
2 308
2 317
2 321
2 383
2 384
2 385
2 386
2 388
2 389
2 390
2 393
2 394
2 395
2 396
2 398
2 399
2 400
2 401
2 409
2 411
2 417
2 467
2 487
2 489
2 493
2 495
2 496
2 503
2 504
2 505
2 511
2 534
2 540
3 4
3 5
3 6
3 7
3 8
3 9
3 11
3 18
3 20
3 21
3 37
3 93
3 94
3 95
3 98
3 100
3 101
3 103
3 106
3 282
3 283
3 301
3 302
3 303
3 304
3 308
3 317
3 321
3 324
3 336
3 384
3 385
3 388
3 389
3 390
3 393
3 394
3 396
3 398
3 407
3 409
3 411
3 489
3 493
3 495
3 523
4 5
4 11
4 20
4 21
4 22
4 23
4 24
4 28
4 30
4 31
4 32
4 33
4 35
4 38
4 96
4 97
4 98
4 100
4 102
4 103
4 105
4 106
4 117
4 118
4 184
4 220
4 221
4 225
4 282
4 283
4 287
4 301
4 302
4 303
4 304
4 305
4 321
4 322
4 323
4 324
4 327
4 328
4 329
4 335
4 336
4 348
4 383
4 384
4 385
4 386
4 387
4 388
4 389
4 390
4 391
4 393
4 395
4 396
4 397
4 398
4 411
4 417
4 443
4 469
4 473
4 487
4 489
4 495
4 530
4 533
4 579
5 6
5 7
5 11
5 20
5 21
5 22
5 23
5 24
5 26
5 27
5 29
5 30
5 32
5 33
5 35
5 36
5 37
5 38
5 94
5 98
5 100
5 102
5 103
5 106
5 184
5 220
5 282
5 301
5 302
5 303
5 304
5 305
5 308
5 317
5 320
5 321
5 324
5 326
5 329
5 331
5 333
5 334
5 335
5 336
5 388
5 389
5 390
5 391
5 392
5 395
5 397
5 398
5 411
5 489
5 495
5 533
6 7
6 9
6 11
6 12
6 16
6 18
6 19
6 20
6 21
6 37
6 94
6 98
6 100
6 101
6 303
6 304
6 308
6 310
6 312
6 315
6 317
6 318
6 319
6 320
6 321
6 326
6 331
6 389
6 489
6 525
6 526
7 9
7 10
7 12
7 18
7 19
7 20
7 21
7 24
7 29
7 37
7 94
7 100
7 303
7 308
7 312
7 315
7 317
7 318
7 319
7 320
7 321
7 326
7 329
7 331
7 388
7 389
8 9
8 12
8 15
8 18
8 93
8 94
8 110
8 187
8 189
8 283
8 309
8 311
8 316
8 384
8 480
8 493
8 502
8 504
8 523
9 11
9 12
9 16
9 18
9 19
9 20
9 21
9 37
9 94
9 98
9 100
9 103
9 303
9 312
9 315
9 318
9 319
9 331
9 388
9 389
9 489
9 526
10 326
11 18
11 20
11 21
11 29
11 37
11 93
11 94
11 95
11 96
11 98
11 100
11 101
11 103
11 104
11 106
11 107
11 110
11 117
11 118
11 184
11 189
11 194
11 282
11 283
11 301
11 302
11 303
11 304
11 317
11 318
11 319
11 320
11 321
11 324
11 331
11 336
11 383
11 384
11 385
11 386
11 388
11 389
11 390
11 393
11 394
11 396
11 398
11 401
11 407
11 409
11 411
11 487
11 489
11 493
11 495
11 503
11 504
11 505
12 14
12 15
12 16
12 18
12 19
12 93
12 94
12 100
12 310
12 311
12 312
12 315
12 316
12 317
12 318
12 319
12 523
12 526
13 272
14 15
14 16
14 18
14 19
14 29
14 311
14 313
14 315
14 316
14 317
14 318
14 319
15 16
15 17
15 18
15 19
15 311
15 313
15 315
15 316
15 318
15 480
15 523
16 18
16 19
16 310
16 311
16 312
16 313
16 314
16 315
16 316
16 317
16 318
16 319
16 523
17 174
17 230
17 249
17 318
17 334
17 470
17 480
17 509
17 522
17 562
17 580
18 19
18 20
18 21
18 29
18 37
18 93
18 94
18 98
18 100
18 283
18 311
18 312
18 315
18 316
18 317
18 318
18 319
18 320
18 321
18 331
18 384
18 388
18 389
18 398
18 489
18 523
18 526
19 29
19 37
19 100
19 312
19 315
19 316
19 317
19 318
19 319
19 331
19 389
20 21
20 23
20 24
20 29
20 37
20 94
20 95
20 96
20 98
20 100
20 101
20 103
20 106
20 184
20 194
20 282
20 283
20 301
20 302
20 303
20 304
20 305
20 308
20 312
20 317
20 318
20 319
20 320
20 321
20 324
20 326
20 329
20 331
20 333
20 335
20 336
20 384
20 385
20 388
20 389
20 390
20 393
20 394
20 395
20 396
20 398
20 411
20 489
20 495
21 23
21 24
21 29
21 30
21 37
21 38
21 94
21 98
21 100
21 102
21 103
21 106
21 282
21 303
21 304
21 308
21 312
21 317
21 318
21 320
21 321
21 324
21 326
21 329
21 331
21 333
21 335
21 336
21 388
21 389
21 390
21 391
21 396
21 398
21 411
21 489
21 495
22 23
22 24
22 25
22 26
22 27
22 28
22 30
22 31
22 32
22 33
22 35
22 36
22 38
22 105
22 143
22 147
22 185
22 220
22 221
22 237
22 305
22 322
22 323
22 327
22 328
22 332
22 336
22 391
22 392
22 395
22 397
22 443
22 444
22 484
22 530
22 533
22 549
23 24
23 26
23 28
23 30
23 31
23 32
23 33
23 34
23 35
23 36
23 37
23 38
23 97
23 102
23 106
23 220
23 221
23 237
23 287
23 303
23 304
23 305
23 308
23 323
23 324
23 327
23 328
23 329
23 332
23 333
23 334
23 335
23 336
23 348
23 390
23 391
23 392
23 395
23 397
23 413
23 530
23 533
24 26
24 27
24 29
24 30
24 32
24 35
24 36
24 37
24 38
24 100
24 102
24 106
24 221
24 304
24 305
24 308
24 320
24 321
24 324
24 326
24 328
24 329
24 331
24 333
24 334
24 335
24 336
24 389
24 390
24 391
24 392
24 397
24 464
24 489
24 533
25 28
25 31
25 57
25 143
25 177
25 185
25 284
25 325
25 327
25 439
25 443
25 487
25 549
25 582
25 583
26 27
26 28
26 29
26 30
26 31
26 36
26 38
26 102
26 163
26 221
26 237
26 322
26 324
26 326
26 328
26 329
26 330
26 332
26 333
26 336
26 390
26 391
26 392
26 397
26 462
26 464
26 484
26 486
26 529
26 530
26 533
26 549
27 29
27 30
27 32
27 36
27 305
27 324
27 326
27 328
27 329
27 332
27 333
27 334
27 336
27 484
27 549
28 30
28 31
28 33
28 57
28 65
28 105
28 106
28 120
28 185
28 220
28 225
28 237
28 282
28 284
28 286
28 287
28 291
28 302
28 305
28 322
28 327
28 328
28 330
28 332
28 348
28 391
28 395
28 397
28 417
28 443
28 445
28 486
28 533
28 549
28 579
28 583
28 584
28 585
29 37
29 100
29 194
29 304
29 312
29 317
29 318
29 319
29 320
29 321
29 326
29 329
29 331
29 388
29 389
29 390
29 464
29 489
30 31
30 32
30 33
30 35
30 36
30 38
30 102
30 106
30 220
30 221
30 237
30 304
30 305
30 321
30 322
30 323
30 324
30 327
30 328
30 329
30 332
30 333
30 334
30 335
30 336
30 390
30 391
30 392
30 397
30 484
30 530
30 533
30 549
31 33
31 34
31 35
31 38
31 105
31 220
31 221
31 237
31 287
31 302
31 305
31 322
31 323
31 325
31 327
31 328
31 330
31 332
31 391
31 392
31 395
31 397
31 412
31 417
31 443
31 445
31 462
31 529
31 530
31 533
31 549
31 579
31 584
32 33
32 35
32 36
32 38
32 106
32 220
32 304
32 305
32 324
32 327
32 329
32 332
32 333
32 334
32 335
32 336
32 390
32 391
32 392
32 530
32 533
33 34
33 35
33 36
33 38
33 102
33 106
33 220
33 221
33 237
33 323
33 324
33 327
33 328
33 332
33 335
33 336
33 390
33 391
33 392
33 397
33 530
33 533
33 549
33 553
34 220
34 222
34 223
34 236
34 237
34 286
34 287
34 289
34 584
35 36
35 38
35 102
35 220
35 221
35 237
35 304
35 305
35 323
35 324
35 327
35 328
35 329
35 332
35 333
35 334
35 335
35 336
35 391
35 392
35 397
35 530
35 533
35 549
35 553
36 38
36 102
36 220
36 221
36 237
36 327
36 328
36 329
36 332
36 333
36 335
36 336
36 391
36 392
36 397
36 530
36 533
36 549
36 553
37 94
37 98
37 100
37 101
37 103
37 106
37 303
37 304
37 308
37 312
37 317
37 318
37 319
37 320
37 321
37 324
37 326
37 329
37 331
37 333
37 336
37 388
37 389
37 390
37 398
37 411
37 489
37 495
38 97
38 99
38 102
38 106
38 147
38 220
38 221
38 237
38 304
38 323
38 324
38 327
38 328
38 329
38 332
38 333
38 335
38 336
38 390
38 391
38 392
38 397
38 530
38 533
38 549
38 553
38 579
39 41
39 42
39 48
39 52
39 88
39 89
39 93
39 95
39 104
39 107
39 108
39 111
39 113
39 114
39 115
39 116
39 117
39 118
39 125
39 126
39 130
39 137
39 187
39 189
39 191
39 197
39 198
39 201
39 203
39 204
39 205
39 337
39 340
39 347
39 487
39 503
39 504
40 50
40 58
40 59
40 60
40 61
40 62
40 63
40 64
40 74
40 75
40 77
40 78
40 79
40 80
40 81
40 82
40 88
40 91
40 126
40 134
40 135
40 140
40 186
40 345
40 354
40 355
40 356
40 357
40 358
40 363
40 367
40 369
40 371
40 372
40 373
40 374
40 380
40 382
40 414
40 429
40 438
40 440
41 42
41 43
41 44
41 45
41 46
41 47
41 48
41 51
41 54
41 76
41 80
41 82
41 86
41 88
41 89
41 115
41 116
41 126
41 140
41 205
41 338
41 339
41 342
41 343
41 346
41 347
41 349
41 365
41 373
41 376
41 380
41 431
41 446
41 595
41 596
41 597
42 46
42 47
42 48
42 52
42 88
42 89
42 111
42 115
42 116
42 134
42 137
42 205
42 337
42 338
42 340
42 342
42 346
42 347
42 360
42 373
43 44
43 45
43 46
43 47
43 48
43 49
43 50
43 51
43 58
43 61
43 69
43 70
43 75
43 77
43 78
43 80
43 87
43 89
43 91
43 126
43 140
43 141
43 339
43 341
43 342
43 343
43 346
43 347
43 349
43 354
43 356
43 358
43 360
43 362
43 364
43 365
43 367
43 373
43 374
43 377
43 379
43 380
43 425
43 446
44 46
44 47
44 48
44 50
44 51
44 53
44 54
44 55
44 56
44 57
44 58
44 60
44 61
44 62
44 63
44 68
44 69
44 70
44 71
44 75
44 76
44 77
44 78
44 80
44 81
44 82
44 84
44 86
44 87
44 126
44 135
44 140
44 141
44 144
44 150
44 295
44 325
44 339
44 341
44 342
44 343
44 344
44 345
44 346
44 347
44 349
44 352
44 353
44 354
44 355
44 356
44 357
44 358
44 359
44 362
44 363
44 364
44 365
44 367
44 368
44 369
44 370
44 371
44 373
44 374
44 377
44 380
44 416
44 429
44 434
44 444
44 446
45 46
45 47
45 48
45 76
45 558
46 47
46 48
46 54
46 76
46 205
46 342
46 343
46 346
46 347
46 446
46 590
47 48
47 50
47 51
47 53
47 54
47 56
47 57
47 58
47 60
47 61
47 68
47 69
47 70
47 71
47 75
47 76
47 77
47 78
47 80
47 81
47 82
47 84
47 86
47 87
47 88
47 89
47 91
47 116
47 126
47 129
47 135
47 140
47 205
47 296
47 297
47 337
47 338
47 339
47 340
47 341
47 342
47 343
47 344
47 345
47 346
47 347
47 348
47 349
47 350
47 353
47 354
47 355
47 356
47 357
47 358
47 359
47 360
47 364
47 365
47 367
47 368
47 369
47 370
47 371
47 372
47 373
47 374
47 376
47 377
47 380
47 414
47 429
47 434
47 441
47 446
47 596
48 49
48 50
48 51
48 53
48 54
48 58
48 61
48 75
48 80
48 81
48 82
48 84
48 85
48 86
48 87
48 88
48 89
48 91
48 115
48 116
48 126
48 140
48 337
48 338
48 339
48 341
48 342
48 343
48 345
48 346
48 347
48 349
48 354
48 355
48 356
48 357
48 362
48 363
48 365
48 367
48 373
48 374
48 377
48 379
48 380
48 382
48 434
48 446
49 51
49 63
49 67
49 75
49 90
49 116
49 122
49 126
49 151
49 199
49 339
49 379
49 380
49 382
49 425
49 436
50 51
50 53
50 54
50 56
50 58
50 60
50 61
50 62
50 63
50 64
50 65
50 66
50 67
50 68
50 70
50 74
50 75
50 76
50 77
50 78
50 80
50 82
50 86
50 88
50 89
50 91
50 126
50 129
50 135
50 140
50 142
50 144
50 147
50 150
50 186
50 294
50 339
50 341
50 345
50 346
50 347
50 351
50 352
50 353
50 354
50 355
50 356
50 357
50 358
50 359
50 360
50 362
50 363
50 364
50 365
50 369
50 370
50 373
50 374
50 382
50 439
50 441
50 596
51 53
51 54
51 56
51 58
51 60
51 61
51 62
51 63
51 64
51 66
51 67
51 74
51 75
51 76
51 77
51 78
51 80
51 81
51 82
51 84
51 85
51 86
51 87
51 140
51 339
51 341
51 342
51 344
51 345
51 346
51 347
51 349
51 351
51 352
51 353
51 354
51 355
51 356
51 357
51 358
51 360
51 362
51 363
51 373
51 374
51 377
51 379
51 380
51 382
51 440
51 446
52 57
52 88
52 89
52 91
52 116
52 117
52 118
52 123
52 124
52 125
52 126
52 339
52 350
52 364
52 381
52 405
52 416
52 418
52 446
52 498
52 585
53 54
53 55
53 56
53 57
53 58
53 60
53 61
53 69
53 70
53 71
53 76
53 77
53 78
53 80
53 82
53 87
53 91
53 135
53 140
53 144
53 341
53 344
53 346
53 348
53 353
53 354
53 355
53 356
53 357
53 358
53 359
53 364
53 365
53 368
53 369
53 370
53 372
53 374
53 413
53 441
54 56
54 58
54 60
54 61
54 75
54 80
54 84
54 86
54 87
54 91
54 337
54 341
54 344
54 345
54 346
54 349
54 352
54 353
54 354
54 355
54 356
54 357
54 358
54 362
54 363
54 365
54 369
54 374
54 377
54 380
54 440
55 56
55 57
55 60
55 64
55 65
55 68
55 69
55 70
55 71
55 72
55 78
55 82
55 120
55 129
55 135
55 144
55 145
55 147
55 328
55 341
55 344
55 348
55 353
55 357
55 359
55 364
55 368
55 369
55 371
55 375
55 413
55 428
55 441
55 444
56 58
56 60
56 61
56 63
56 71
56 72
56 74
56 75
56 78
56 80
56 81
56 82
56 84
56 86
56 87
56 135
56 140
56 142
56 144
56 341
56 344
56 345
56 346
56 347
56 348
56 349
56 353
56 354
56 355
56 356
56 357
56 358
56 359
56 362
56 364
56 365
56 369
56 370
56 371
56 372
56 373
56 374
56 377
56 380
56 382
56 413
56 440
56 441
56 444
57 65
57 68
57 69
57 70
57 75
57 76
57 78
57 80
57 82
57 120
57 125
57 126
57 135
57 137
57 143
57 144
57 145
57 150
57 160
57 179
57 185
57 195
57 205
57 225
57 257
57 290
57 292
57 293
57 299
57 325
57 344
57 348
57 350
57 357
57 359
57 364
57 365
57 366
57 368
57 369
57 373
57 413
57 416
57 417
57 439
57 443
57 444
57 446
57 473
57 506
57 583
58 60
58 61
58 62
58 63
58 65
58 66
58 67
58 70
58 74
58 75
58 76
58 78
58 80
58 81
58 82
58 84
58 86
58 87
58 135
58 140
58 341
58 342
58 343
58 345
58 346
58 347
58 349
58 353
58 354
58 355
58 356
58 357
58 358
58 359
58 362
58 363
58 367
58 368
58 370
58 373
58 374
58 377
58 379
58 380
58 382
58 440
58 446
59 62
59 66
59 67
59 352
59 360
59 361
59 363
60 61
60 63
60 64
60 72
60 74
60 75
60 78
60 80
60 81
60 86
60 87
60 127
60 135
60 140
60 142
60 186
60 339
60 341
60 345
60 346
60 347
60 349
60 353
60 354
60 355
60 356
60 357
60 358
60 359
60 362
60 363
60 364
60 369
60 370
60 371
60 373
60 374
60 377
60 380
60 382
60 434
60 438
60 440
61 62
61 63
61 64
61 65
61 66
61 67
61 68
61 70
61 74
61 75
61 76
61 78
61 80
61 81
61 82
61 86
61 87
61 91
61 126
61 135
61 140
61 144
61 150
61 186
61 341
61 345
61 346
61 349
61 353
61 354
61 355
61 356
61 357
61 358
61 359
61 362
61 363
61 364
61 365
61 368
61 369
61 370
61 373
61 374
61 380
61 382
61 438
61 441
62 63
62 66
62 67
62 74
62 140
62 255
62 345
62 351
62 352
62 354
62 355
62 356
62 358
62 360
62 362
62 363
62 374
62 507
63 64
63 65
63 66
63 67
63 68
63 69
63 70
63 71
63 72
63 74
63 75
63 76
63 77
63 78
63 80
63 81
63 82
63 86
63 87
63 126
63 132
63 135
63 140
63 142
63 147
63 150
63 186
63 339
63 341
63 345
63 353
63 354
63 355
63 356
63 357
63 358
63 359
63 362
63 363
63 364
63 367
63 368
63 369
63 370
63 371
63 373
63 374
63 380
63 382
63 438
63 440
64 71
64 72
64 74
64 339
64 345
64 353
64 354
64 357
64 359
64 369
64 371
64 382
64 438
65 66
65 68
65 69
65 70
65 72
65 76
65 78
65 80
65 120
65 125
65 135
65 143
65 145
65 147
65 150
65 185
65 237
65 295
65 300
65 341
65 357
65 364
65 365
65 368
65 370
65 443
65 444
65 446
66 67
66 140
66 186
66 351
66 352
66 356
66 358
66 362
66 374
67 362
68 69
68 70
68 71
68 72
68 75
68 76
68 77
68 78
68 80
68 81
68 82
68 87
68 91
68 126
68 129
68 132
68 133
68 134
68 135
68 140
68 141
68 142
68 143
68 144
68 145
68 147
68 150
68 170
68 185
68 257
68 294
68 295
68 299
68 300
68 325
68 347
68 357
68 359
68 364
68 365
68 366
68 368
68 369
68 370
68 371
68 372
68 373
68 374
68 376
68 429
68 439
68 441
68 444
68 588
68 590
68 592
68 596
68 598
69 70
69 71
69 72
69 74
69 75
69 76
69 77
69 78
69 80
69 82
69 91
69 126
69 129
69 135
69 136
69 140
69 141
69 144
69 147
69 150
69 185
69 205
69 293
69 294
69 295
69 296
69 297
69 344
69 348
69 357
69 359
69 364
69 365
69 366
69 368
69 369
69 370
69 371
69 372
69 373
69 376
69 429
69 439
69 441
69 590
69 596
69 597
70 71
70 72
70 74
70 75
70 76
70 78
70 80
70 82
70 87
70 91
70 120
70 126
70 129
70 135
70 140
70 141
70 143
70 144
70 147
70 150
70 170
70 185
70 205
70 225
70 257
70 294
70 299
70 300
70 325
70 348
70 355
70 357
70 359
70 364
70 365
70 366
70 368
70 369
70 370
70 371
70 372
70 373
70 374
70 413
70 416
70 429
70 439
70 441
70 443
70 444
70 588
71 72
71 75
71 76
71 77
71 78
71 80
71 82
71 86
71 91
71 126
71 129
71 135
71 140
71 144
71 294
71 295
71 296
71 297
71 344
71 346
71 348
71 353
71 357
71 359
71 364
71 365
71 368
71 369
71 370
71 373
71 441
71 590
71 596
72 73
72 74
72 75
72 76
72 77
72 78
72 80
72 81
72 82
72 87
72 91
72 126
72 129
72 132
72 135
72 140
72 142
72 147
72 339
72 348
72 353
72 357
72 359
72 364
72 365
72 367
72 368
72 369
72 370
72 371
72 372
72 373
72 375
72 376
72 380
72 382
72 413
72 429
72 441
73 75
73 79
73 81
73 132
73 134
73 137
73 371
73 378
73 425
73 436
74 75
74 77
74 78
74 81
74 82
74 86
74 89
74 91
74 135
74 140
74 355
74 356
74 357
74 358
74 368
74 369
74 370
74 371
74 372
74 375
74 382
74 440
75 76
75 77
75 78
75 79
75 80
75 81
75 82
75 84
75 86
75 87
75 88
75 89
75 91
75 126
75 129
75 134
75 135
75 140
75 141
75 142
75 144
75 150
75 339
75 346
75 347
75 349
75 352
75 353
75 354
75 355
75 356
75 357
75 358
75 359
75 360
75 363
75 364
75 365
75 367
75 368
75 369
75 370
75 371
75 372
75 373
75 374
75 376
75 377
75 378
75 379
75 380
75 381
75 382
75 416
75 425
75 429
75 434
75 436
75 441
76 77
76 78
76 80
76 82
76 91
76 126
76 129
76 133
76 134
76 135
76 140
76 141
76 142
76 143
76 144
76 147
76 150
76 170
76 185
76 186
76 205
76 257
76 294
76 295
76 297
76 298
76 299
76 300
76 325
76 347
76 354
76 355
76 356
76 357
76 359
76 364
76 365
76 368
76 370
76 372
76 373
76 376
76 420
76 429
76 431
76 437
76 439
76 441
76 539
76 554
76 588
76 589
76 590
76 593
76 595
76 596
76 597
76 598
76 599
76 600
77 78
77 80
77 81
77 82
77 87
77 89
77 91
77 126
77 129
77 134
77 135
77 140
77 141
77 142
77 144
77 339
77 347
77 353
77 354
77 355
77 356
77 357
77 359
77 364
77 365
77 367
77 368
77 369
77 370
77 371
77 372
77 373
77 374
77 375
77 376
77 377
77 380
77 425
77 426
77 429
77 434
77 441
77 596
77 598
78 80
78 81
78 82
78 84
78 85
78 86
78 87
78 91
78 126
78 129
78 132
78 133
78 134
78 135
78 140
78 142
78 144
78 150
78 185
78 339
78 341
78 344
78 347
78 348
78 353
78 354
78 355
78 356
78 357
78 358
78 359
78 364
78 365
78 367
78 368
78 369
78 370
78 371
78 372
78 373
78 374
78 375
78 376
78 377
78 378
78 380
78 381
78 382
78 406
78 413
78 416
78 428
78 429
78 430
78 434
78 439
78 441
78 446
79 80
79 81
79 82
79 83
79 86
79 88
79 89
79 112
79 113
79 126
79 129
79 130
79 134
79 137
79 140
79 198
79 199
79 200
79 201
79 276
79 373
79 374
79 378
79 380
80 81
80 82
80 84
80 85
80 86
80 87
80 126
80 129
80 132
80 133
80 134
80 135
80 137
80 140
80 141
80 144
80 150
80 186
80 341
80 342
80 343
80 346
80 347
80 349
80 353
80 354
80 355
80 356
80 357
80 358
80 359
80 364
80 365
80 367
80 368
80 369
80 370
80 371
80 372
80 373
80 374
80 376
80 377
80 380
80 425
80 429
80 434
80 441
80 444
80 446
80 537
80 598
81 82
81 84
81 85
81 86
81 87
81 126
81 132
81 134
81 135
81 137
81 140
81 339
81 341
81 342
81 343
81 346
81 347
81 353
81 354
81 356
81 357
81 364
81 365
81 367
81 368
81 369
81 370
81 371
81 372
81 373
81 374
81 375
81 376
81 377
81 379
81 380
81 381
81 382
81 425
81 429
81 430
81 434
81 440
82 84
82 86
82 87
82 88
82 89
82 91
82 126
82 129
82 132
82 133
82 134
82 135
82 136
82 140
82 142
82 144
82 147
82 150
82 185
82 205
82 339
82 341
82 344
82 346
82 347
82 348
82 354
82 355
82 357
82 359
82 364
82 365
82 366
82 367
82 368
82 369
82 370
82 371
82 372
82 373
82 374
82 375
82 376
82 377
82 378
82 380
82 381
82 382
82 405
82 406
82 413
82 416
82 422
82 429
82 430
82 434
82 439
82 441
82 446
82 506
82 596
83 113
83 114
83 126
83 134
83 141
83 197
83 198
83 199
83 201
83 205
83 596
84 85
84 86
84 87
84 126
84 140
84 342
84 343
84 346
84 347
84 349
84 353
84 354
84 355
84 367
84 373
84 374
84 377
84 379
84 380
84 381
84 382
84 425
85 86
85 87
85 338
85 339
85 341
85 342
85 344
85 345
85 346
85 347
85 349
85 353
85 354
85 357
85 363
85 367
85 372
85 373
85 376
85 377
85 379
85 380
85 381
85 382
85 419
85 430
85 431
85 434
86 87
86 88
86 89
86 115
86 116
86 126
86 134
86 135
86 140
86 337
86 338
86 339
86 340
86 341
86 342
86 343
86 344
86 345
86 346
86 347
86 349
86 350
86 353
86 354
86 355
86 356
86 357
86 365
86 367
86 369
86 372
86 373
86 374
86 375
86 377
86 378
86 379
86 380
86 381
86 382
86 413
86 416
86 425
86 430
86 440
86 446
87 91
87 126
87 140
87 141
87 339
87 341
87 342
87 347
87 349
87 353
87 354
87 355
87 356
87 357
87 359
87 363
87 364
87 365
87 367
87 370
87 371
87 372
87 373
87 374
87 377
87 379
87 380
87 382
87 425
87 429
87 434
88 89
88 111
88 113
88 114
88 115
88 116
88 125
88 126
88 130
88 134
88 137
88 198
88 201
88 205
88 337
88 339
88 347
88 373
88 374
88 378
88 381
88 405
88 498
89 91
89 115
89 116
89 126
89 130
89 134
89 137
89 205
89 337
89 338
89 339
89 340
89 342
89 344
89 346
89 347
89 352
89 355
89 360
89 369
89 372
89 373
89 374
89 376
89 377
89 378
89 380
89 381
89 382
89 405
89 414
89 446
90 126
90 339
90 425
90 434
90 435
91 116
91 126
91 129
91 135
91 140
91 141
91 142
91 144
91 235
91 297
91 344
91 348
91 355
91 357
91 359
91 364
91 365
91 366
91 368
91 369
91 370
91 371
91 372
91 373
91 374
91 375
91 376
91 377
91 380
91 427
91 429
91 439
91 441
91 547
91 596
92 93
92 95
92 104
92 108
92 111
92 115
92 125
92 137
92 159
92 167
92 184
92 187
92 189
92 191
92 192
92 194
92 196
92 202
92 203
92 204
92 211
92 225
92 235
92 286
92 287
92 290
92 301
92 383
92 386
92 467
92 487
92 503
92 506
92 534
92 559
93 94
93 95
93 100
93 101
93 104
93 107
93 108
93 110
93 111
93 115
93 184
93 187
93 189
93 191
93 192
93 194
93 203
93 204
93 283
93 301
93 311
93 317
93 383
93 384
93 385
93 393
93 394
93 407
93 409
93 487
93 493
93 502
93 503
93 504
93 505
94 95
94 98
94 100
94 101
94 103
94 104
94 106
94 110
94 117
94 184
94 189
94 191
94 194
94 204
94 283
94 289
94 301
94 303
94 304
94 308
94 312
94 317
94 318
94 319
94 320
94 321
94 331
94 384
94 385
94 388
94 389
94 393
94 394
94 396
94 398
94 409
94 411
94 487
94 489
94 493
94 495
94 504
94 505
94 526
95 96
95 98
95 100
95 101
95 103
95 104
95 106
95 107
95 108
95 110
95 111
95 115
95 116
95 117
95 118
95 184
95 187
95 189
95 191
95 192
95 194
95 204
95 282
95 283
95 289
95 301
95 302
95 383
95 384
95 385
95 388
95 389
95 393
95 394
95 396
95 398
95 399
95 401
95 409
95 410
95 411
95 467
95 487
95 489
95 493
95 495
95 503
95 504
95 505
95 511
95 580
95 586
96 97
96 99
96 105
96 106
96 107
96 110
96 117
96 118
96 120
96 125
96 225
96 282
96 301
96 302
96 348
96 383
96 385
96 386
96 387
96 393
96 395
96 396
96 401
96 410
96 411
96 413
96 417
96 418
96 445
96 489
96 495
96 503
96 504
96 506
96 579
97 99
97 282
97 301
97 303
97 304
97 336
97 348
97 386
97 387
97 390
97 395
97 396
97 401
97 411
97 540
97 579
98 100
98 102
98 103
98 106
98 117
98 118
98 282
98 283
98 301
98 302
98 303
98 304
98 308
98 317
98 321
98 324
98 331
98 336
98 384
98 385
98 388
98 389
98 390
98 391
98 393
98 394
98 395
98 396
98 398
98 411
98 489
98 495
98 526
98 580
99 145
99 147
99 221
99 387
99 391
99 403
99 411
99 412
99 418
99 579
100 101
100 103
100 106
100 184
100 189
100 194
100 282
100 283
100 301
100 302
100 303
100 304
100 308
100 312
100 315
100 317
100 318
100 319
100 320
100 321
100 324
100 326
100 329
100 331
100 336
100 384
100 385
100 388
100 389
100 390
100 393
100 394
100 395
100 396
100 398
100 411
100 489
100 495
100 526
101 103
101 104
101 106
101 107
101 109
101 110
101 117
101 184
101 187
101 189
101 191
101 194
101 204
101 214
101 282
101 283
101 301
101 302
101 317
101 321
101 383
101 384
101 385
101 388
101 389
101 393
101 394
101 396
101 398
101 407
101 409
101 487
101 489
101 493
101 495
101 496
101 503
101 504
101 505
102 106
102 220
102 221
102 304
102 305
102 323
102 324
102 328
102 329
102 336
102 348
102 388
102 390
102 391
102 392
102 397
102 411
102 530
102 533
102 562
103 104
103 106
103 107
103 110
103 117
103 118
103 189
103 282
103 283
103 301
103 302
103 303
103 304
103 321
103 324
103 331
103 336
103 384
103 385
103 388
103 389
103 390
103 393
103 394
103 395
103 396
103 398
103 401
103 409
103 411
103 489
103 495
104 105
104 106
104 107
104 108
104 109
104 110
104 111
104 117
104 119
104 159
104 184
104 187
104 189
104 191
104 192
104 193
104 194
104 196
104 197
104 204
104 223
104 282
104 283
104 301
104 384
104 385
104 393
104 394
104 395
104 396
104 398
104 399
104 401
104 409
104 411
104 417
104 467
104 489
104 493
104 495
104 503
104 504
105 106
105 107
105 110
105 117
105 119
105 120
105 125
105 145
105 160
105 184
105 193
105 194
105 195
105 196
105 223
105 225
105 282
105 283
105 287
105 290
105 301
105 302
105 322
105 386
105 390
105 393
105 394
105 395
105 396
105 397
105 398
105 399
105 401
105 411
105 412
105 416
105 417
105 442
105 443
105 445
105 462
105 467
105 489
105 495
105 503
105 506
105 534
105 579
106 110
106 117
106 118
106 165
106 184
106 189
106 193
106 194
106 223
106 282
106 283
106 301
106 302
106 303
106 304
106 305
106 308
106 321
106 324
106 327
106 329
106 331
106 335
106 336
106 384
106 385
106 388
106 389
106 390
106 391
106 393
106 394
106 395
106 396
106 397
106 398
106 401
106 411
106 417
106 489
106 495
106 533
106 579
107 108
107 110
107 111
107 113
107 114
107 115
107 116
107 117
107 118
107 184
107 187
107 189
107 191
107 192
107 194
107 196
107 197
107 204
107 384
107 385
107 393
107 394
107 398
107 399
107 401
107 409
107 467
107 487
107 493
107 495
107 504
108 110
108 111
108 113
108 114
108 115
108 116
108 117
108 119
108 125
108 130
108 159
108 183
108 184
108 187
108 189
108 191
108 192
108 194
108 196
108 197
108 201
108 202
108 204
108 213
108 223
108 224
108 225
108 393
108 399
108 401
108 417
108 445
108 467
108 511
108 581
109 110
109 111
109 184
109 189
109 191
109 192
109 193
109 194
109 197
109 202
109 211
109 212
109 215
109 216
109 394
109 396
109 399
109 400
109 407
109 408
109 492
109 494
109 496
109 505
109 516
110 111
110 115
110 116
110 117
110 119
110 159
110 183
110 184
110 187
110 189
110 191
110 192
110 194
110 196
110 197
110 204
110 207
110 223
110 224
110 225
110 282
110 283
110 301
110 302
110 309
110 384
110 385
110 393
110 394
110 395
110 396
110 398
110 399
110 400
110 401
110 409
110 417
110 445
110 489
110 493
110 495
110 504
110 511
111 113
111 114
111 115
111 116
111 117
111 130
111 187
111 189
111 191
111 192
111 197
111 204
111 400
111 409
111 493
112 129
112 130
112 154
112 156
112 157
112 161
112 199
112 201
112 217
112 242
112 273
112 276
112 423
113 114
113 115
113 116
113 126
113 130
113 134
113 137
113 154
113 196
113 198
113 201
113 205
113 210
113 213
113 230
113 233
114 115
114 116
114 130
114 137
114 154
114 159
114 182
114 187
114 188
114 189
114 191
114 196
114 197
114 198
114 201
114 202
114 203
114 204
114 205
114 210
114 213
114 218
114 224
114 230
114 232
114 234
114 241
114 244
114 276
115 116
115 130
115 137
115 167
115 182
115 187
115 189
115 191
115 197
115 198
115 201
115 203
115 204
115 205
115 207
115 213
115 234
115 337
115 340
115 407
115 409
115 416
115 487
115 493
115 503
115 504
116 117
116 118
116 123
116 124
116 125
116 126
116 137
116 182
116 187
116 189
116 191
116 204
116 205
116 337
116 339
116 340
116 344
116 350
116 409
116 410
116 416
116 504
117 118
117 120
117 124
117 125
117 184
117 189
117 282
117 283
117 289
117 301
117 302
117 383
117 384
117 385
117 393
117 395
117 396
117 398
117 399
117 401
117 409
117 410
117 411
117 417
117 445
117 467
117 487
117 489
117 493
117 495
117 498
117 540
117 580
117 581
117 585
117 586
118 120
118 123
118 124
118 302
118 327
118 339
118 344
118 348
118 385
118 388
118 393
118 395
118 398
118 401
118 409
118 410
118 411
118 413
118 416
118 417
118 489
118 495
119 121
119 125
119 145
119 153
119 155
119 157
119 159
119 163
119 195
119 196
119 223
119 224
119 225
119 291
119 395
119 399
119 401
119 412
119 417
119 418
119 442
119 443
119 445
119 467
119 579
120 121
120 125
120 145
120 147
120 348
120 359
120 368
120 393
120 395
120 401
120 410
120 411
120 413
120 417
120 443
120 445
120 500
120 540
120 579
121 145
121 147
121 403
121 405
121 412
121 418
121 445
122 123
122 141
122 151
122 155
122 160
122 164
122 199
123 124
123 125
123 195
123 416
123 417
123 418
124 125
124 416
124 417
124 418
125 143
125 145
125 195
125 196
125 225
125 228
125 286
125 290
125 292
125 401
125 416
125 417
125 418
125 442
125 443
125 445
125 467
125 487
125 498
125 506
125 583
126 129
126 132
126 134
126 135
126 137
126 140
126 141
126 150
126 185
126 186
126 201
126 205
126 339
126 347
126 355
126 357
126 364
126 365
126 367
126 368
126 369
126 370
126 371
126 372
126 373
126 374
126 376
126 377
126 380
126 382
126 422
126 425
126 429
126 434
126 439
126 441
126 596
128 131
128 152
128 190
128 208
128 242
128 245
128 250
128 252
128 262
128 264
128 267
128 270
128 423
128 450
128 451
128 453
128 490
128 510
128 515
128 531
128 557
128 560
128 561
129 132
129 133
129 134
129 135
129 136
129 140
129 142
129 143
129 144
129 145
129 147
129 149
129 150
129 161
129 185
129 298
129 357
129 359
129 364
129 365
129 368
129 369
129 370
129 371
129 372
129 373
129 376
129 403
129 406
129 420
129 421
129 422
129 429
129 434
129 437
129 439
129 441
129 444
129 548
129 596
129 598
130 134
130 137
130 149
130 154
130 159
130 167
130 196
130 198
130 201
130 213
130 233
130 276
131 156
131 188
131 190
131 208
131 209
131 210
131 211
131 219
131 229
131 231
131 245
131 246
131 258
131 259
131 262
131 263
131 265
131 266
131 267
131 268
131 270
131 271
131 273
131 274
131 279
131 450
131 451
131 490
131 510
131 512
131 513
131 514
131 519
131 531
131 538
131 541
131 552
131 555
131 564
131 565
131 570
131 571
131 574
131 600
132 133
132 134
132 135
132 147
132 149
132 150
132 185
132 339
132 357
132 364
132 370
132 371
132 373
132 376
132 405
132 422
132 429
132 444
133 134
133 135
133 138
133 145
133 147
133 149
133 150
133 185
133 357
133 364
133 368
133 370
133 376
133 422
133 429
133 437
133 439
133 444
133 486
134 135
134 137
134 140
134 142
134 149
134 150
134 185
134 198
134 201
134 205
134 339
134 347
134 357
134 364
134 365
134 368
134 370
134 372
134 373
134 374
134 376
134 377
134 378
134 380
134 381
134 406
134 422
134 429
134 430
134 435
134 596
135 136
135 140
135 142
135 144
135 147
135 149
135 150
135 185
135 186
135 205
135 295
135 297
135 300
135 339
135 341
135 354
135 355
135 356
135 357
135 358
135 359
135 364
135 365
135 366
135 368
135 369
135 370
135 371
135 372
135 373
135 374
135 376
135 429
135 437
135 439
135 441
135 444
135 446
135 596
135 598
136 150
136 157
136 158
136 159
136 160
136 195
136 225
136 235
136 368
136 416
136 437
136 441
136 442
136 506
137 167
137 177
137 179
137 187
137 198
137 201
137 203
137 204
137 205
137 342
137 366
137 367
137 368
137 373
137 374
137 376
137 377
137 378
137 559
139 141
139 199
140 141
140 142
140 144
140 150
140 186
140 339
140 341
140 347
140 349
140 353
140 354
140 355
140 356
140 357
140 358
140 362
140 363
140 364
140 365
140 367
140 368
140 369
140 370
140 371
140 372
140 373
140 374
140 376
140 377
140 380
140 382
140 425
140 429
140 434
140 441
140 596
141 199
141 347
141 365
141 370
141 373
141 374
141 377
141 425
142 144
142 147
142 150
142 185
142 355
142 357
142 364
142 365
142 369
142 370
142 371
142 372
142 376
142 420
142 422
142 426
142 429
142 438
142 439
142 441
143 144
143 145
143 146
143 147
143 148
143 150
143 157
143 185
143 225
143 228
143 290
143 322
143 325
143 439
143 441
143 442
143 443
143 445
143 583
144 147
144 150
144 185
144 325
144 341
144 344
144 348
144 353
144 355
144 357
144 359
144 364
144 365
144 368
144 369
144 370
144 372
144 429
144 439
144 441
144 596
145 146
145 147
145 149
145 150
145 185
145 221
145 225
145 228
145 292
145 403
145 412
145 417
145 418
145 439
145 441
145 443
145 445
145 579
146 147
146 220
146 438
146 441
146 553
147 150
147 185
147 221
147 359
147 364
147 368
147 391
147 403
147 412
147 418
147 422
147 437
147 438
147 439
147 441
147 444
147 530
147 553
147 579
148 150
148 151
148 152
148 155
148 157
148 161
148 163
148 253
148 412
148 437
148 442
148 449
148 454
148 462
148 463
148 464
148 465
148 466
148 529
149 150
149 403
149 412
149 418
149 422
149 429
149 435
149 437
149 461
150 152
150 161
150 185
150 235
150 325
150 357
150 364
150 405
150 418
150 422
150 429
150 435
150 437
150 439
150 441
150 442
150 529
151 152
151 155
151 163
151 164
151 199
151 415
151 454
152 155
152 157
152 161
152 169
152 171
152 199
152 250
152 423
152 437
152 442
152 448
152 449
152 466
153 155
153 157
153 164
153 196
153 260
153 272
153 274
153 277
153 281
154 155
154 156
154 157
154 159
154 171
154 190
154 192
154 196
154 197
154 198
154 201
154 202
154 211
154 213
154 215
154 216
154 217
154 218
154 219
154 224
154 232
154 241
154 254
154 276
155 156
155 157
155 159
155 161
155 163
155 164
155 169
155 196
155 218
155 219
155 224
155 262
155 267
155 272
155 275
155 277
155 442
155 454
155 465
155 466
155 468
156 157
156 163
156 218
156 219
156 224
156 232
156 248
156 250
156 252
156 254
156 267
156 268
156 279
156 560
157 161
157 163
157 169
157 196
157 218
157 224
157 232
157 465
157 466
157 599
158 462
159 160
159 164
159 167
159 189
159 192
159 193
159 194
159 195
159 196
159 198
159 202
159 203
159 204
159 213
159 215
159 219
159 223
159 224
159 225
159 234
159 249
159 276
159 277
160 163
160 164
160 167
160 195
160 196
160 198
160 201
160 203
160 224
160 225
160 235
160 247
160 249
160 287
160 290
160 416
160 456
160 503
160 506
161 199
162 165
162 415
162 466
162 535
163 164
163 193
163 253
163 254
163 442
163 454
163 462
163 463
163 464
164 167
164 199
164 202
164 219
164 224
164 234
164 254
164 272
164 277
165 303
165 415
165 489
166 436
166 471
167 187
167 196
167 197
167 198
167 201
167 203
167 204
167 213
167 234
167 247
167 276
168 172
168 594
168 598
169 171
169 199
169 216
169 250
169 252
169 267
169 273
169 557
170 186
170 243
170 247
170 257
170 261
170 266
170 278
170 294
170 295
170 325
170 364
170 365
170 427
170 444
170 457
170 473
170 476
170 539
170 565
170 572
170 588
170 592
170 593
171 199
171 216
171 217
171 218
171 250
171 252
171 267
171 273
171 453
171 557
171 560
171 561
172 250
172 475
172 550
172 556
172 560
172 563
173 269
173 278
173 456
173 457
173 565
173 594
173 596
173 597
174 251
174 283
174 311
174 384
174 470
174 480
174 485
174 509
174 523
174 526
174 562
174 580
175 213
176 255
176 256
177 179
177 325
177 580
177 584
178 183
178 255
178 256
178 257
178 258
178 259
178 263
178 265
178 293
178 507
179 183
179 195
179 196
179 230
179 257
179 272
179 278
179 290
179 293
179 366
179 473
179 485
179 565
179 580
180 203
181 291
182 206
182 256
182 337
182 507
182 509
183 255
183 257
183 277
183 290
184 187
184 189
184 191
184 192
184 194
184 202
184 204
184 214
184 223
184 225
184 282
184 283
184 286
184 287
184 289
184 301
184 302
184 304
184 305
184 383
184 384
184 385
184 389
184 390
184 393
184 394
184 395
184 396
184 399
184 401
184 417
184 467
184 487
184 489
184 493
184 496
184 503
184 504
184 505
184 511
184 586
185 305
185 322
185 325
185 327
185 328
185 357
185 359
185 364
185 365
185 368
185 370
185 372
185 376
185 429
185 439
185 443
185 444
185 484
185 486
186 354
186 355
186 356
186 357
186 358
186 363
186 364
186 365
186 370
186 373
186 429
186 538
186 594
186 598
187 189
187 191
187 192
187 196
187 198
187 202
187 203
187 204
187 206
187 207
187 211
187 213
187 230
187 234
187 249
187 283
187 285
187 286
187 289
187 301
187 340
187 384
187 385
187 487
187 493
187 503
187 504
187 511
188 190
188 206
188 207
188 208
188 209
188 210
188 211
188 215
188 229
188 230
188 231
188 232
188 233
188 234
188 241
188 244
188 256
188 259
188 265
188 507
188 509
188 520
188 542
188 581
189 191
189 192
189 194
189 197
189 202
189 203
189 204
189 207
189 211
189 213
189 214
189 223
189 230
189 283
189 289
189 301
189 340
189 384
189 385
189 389
189 393
189 394
189 398
189 399
189 400
189 407
189 409
189 487
189 489
189 493
189 495
189 496
189 502
189 503
189 504
189 505
189 511
190 208
190 209
190 210
190 211
190 215
190 217
190 218
190 229
190 231
190 232
190 234
190 241
190 244
190 256
190 259
190 265
190 268
190 269
190 276
190 450
190 451
190 490
190 507
190 508
190 509
190 510
190 512
190 513
190 514
190 552
190 564
190 565
190 570
190 573
191 192
191 194
191 197
191 198
191 202
191 203
191 204
191 213
191 214
191 283
191 384
191 393
191 394
191 399
191 407
191 408
191 409
191 487
191 492
191 493
191 496
191 502
191 503
191 504
191 505
192 193
192 194
192 196
192 197
192 198
192 202
192 203
192 204
192 211
192 213
192 215
192 223
192 224
192 393
192 394
192 399
192 496
192 505
193 194
193 212
193 219
193 222
193 223
193 224
193 282
193 390
193 393
193 394
193 395
193 396
193 399
193 464
193 489
193 495
193 496
193 534
194 197
194 198
194 202
194 203
194 204
194 214
194 215
194 223
194 224
194 282
194 283
194 301
194 383
194 384
194 390
194 393
194 394
194 396
194 399
194 407
194 408
194 487
194 489
194 493
194 494
194 496
194 502
194 503
194 504
194 505
194 516
195 196
195 223
195 225
195 249
195 283
195 287
195 290
195 301
195 393
195 395
195 399
195 401
195 412
195 416
195 417
195 442
195 443
195 445
195 467
195 579
195 580
196 198
196 202
196 204
196 213
196 215
196 223
196 224
196 225
196 229
196 230
196 233
196 234
196 244
196 272
196 277
196 286
196 290
196 399
196 401
196 417
196 442
196 445
196 467
196 498
196 511
196 581
197 198
197 201
197 202
197 203
197 204
197 213
197 216
197 217
197 218
197 224
197 407
198 201
198 202
198 203
198 204
198 210
198 213
198 214
198 215
198 232
198 234
198 276
198 340
198 456
198 502
198 506
199 250
199 252
200 215
200 260
200 261
200 263
200 265
200 266
200 268
200 271
200 272
200 273
200 274
200 279
200 281
200 294
200 295
200 296
200 298
200 299
200 565
200 590
200 592
201 202
201 203
201 204
201 205
201 213
202 203
202 204
202 209
202 210
202 211
202 213
202 214
202 215
202 216
202 219
202 224
202 230
202 232
202 233
202 234
202 244
202 276
202 280
202 496
202 503
202 505
203 204
203 210
203 211
203 213
203 214
203 234
203 276
203 340
203 407
203 502
203 503
203 504
203 505
203 506
204 213
204 230
204 234
204 249
204 340
204 384
204 393
204 394
204 407
204 409
204 493
204 496
204 503
204 504
204 505
205 225
205 235
205 325
205 365
205 368
205 429
205 439
205 506
205 539
205 595
205 596
205 597
206 207
206 209
206 211
206 229
206 230
206 231
206 234
206 236
206 244
206 256
206 259
206 265
206 278
206 493
206 509
206 511
206 522
206 542
207 211
207 213
207 229
207 230
207 234
207 236
207 244
207 256
207 493
207 509
207 511
207 522
207 542
208 209
208 210
208 218
208 229
208 231
208 242
208 256
208 258
208 259
208 263
208 265
208 268
208 270
208 273
208 450
208 451
208 453
208 490
208 494
208 507
208 508
208 509
208 510
208 512
208 513
208 514
208 519
208 528
208 538
208 544
208 552
208 561
208 564
208 566
208 567
208 570
208 571
208 573
208 574
208 577
209 210
209 211
209 212
209 215
209 218
209 229
209 230
209 231
209 232
209 234
209 244
209 256
209 265
209 269
209 276
209 494
209 496
209 505
209 507
209 509
209 512
209 513
210 211
210 213
210 215
210 217
210 218
210 229
210 231
210 232
210 234
210 241
210 256
210 265
210 269
210 271
210 276
210 278
210 507
210 509
210 569
211 213
211 215
211 218
211 219
211 223
211 224
211 229
211 230
211 231
211 232
211 233
211 234
211 236
211 238
211 241
211 244
211 256
211 259
211 265
211 274
211 276
211 277
211 278
211 286
211 505
211 509
211 511
211 513
211 542
211 545
211 551
212 222
212 238
212 245
212 408
212 452
212 492
212 494
212 496
212 513
212 516
213 218
213 224
213 229
213 230
213 232
213 233
213 234
213 241
213 244
213 269
213 276
213 278
214 280
214 503
214 505
214 516
215 216
215 218
215 219
215 223
215 231
215 232
215 234
215 244
215 273
215 274
215 276
215 277
215 280
215 505
216 217
216 218
216 273
216 280
216 460
216 474
216 524
216 527
217 218
217 219
217 241
217 254
217 273
217 460
217 527
218 219
218 224
218 232
218 234
218 241
218 244
218 250
218 252
218 254
218 268
218 273
218 276
218 465
218 543
219 224
219 227
219 254
219 267
219 268
219 463
219 464
219 465
219 515
219 519
220 221
220 222
220 237
220 240
220 287
220 304
220 305
220 322
220 323
220 327
220 328
220 332
220 335
220 336
220 390
220 391
220 392
220 395
220 397
220 462
220 529
220 530
220 533
220 549
220 553
220 579
220 584
221 237
221 322
221 323
221 328
221 332
221 336
221 391
221 392
221 395
221 397
221 412
221 461
221 462
221 529
221 530
221 533
221 549
221 553
221 579
222 238
222 240
222 245
222 397
222 452
222 453
222 494
222 532
223 224
223 225
223 230
223 236
223 249
223 251
223 283
223 286
223 287
223 291
223 301
223 393
223 395
223 399
223 401
223 417
223 445
223 467
223 493
223 511
223 534
223 542
223 584
224 225
224 232
224 234
224 241
224 244
224 277
224 399
224 534
225 235
225 282
225 286
225 287
225 290
225 291
225 292
225 301
225 302
225 383
225 386
225 393
225 395
225 399
225 401
225 412
225 416
225 417
225 418
225 442
225 443
225 445
225 467
225 487
225 498
225 503
225 506
225 511
225 534
225 540
225 579
225 583
226 227
226 462
226 464
226 465
226 466
226 535
226 536
227 254
227 465
227 535
227 536
228 229
228 246
228 257
228 258
228 260
228 262
228 263
228 293
228 294
228 298
228 299
228 412
228 418
228 445
228 449
228 450
228 466
228 554
228 579
228 599
228 600
229 230
229 231
229 232
229 233
229 234
229 241
229 244
229 246
229 256
229 258
229 259
229 263
229 265
229 266
229 450
229 509
229 511
229 520
229 541
229 542
229 565
229 581
229 600
230 231
230 232
230 233
230 234
230 236
230 244
230 256
230 265
230 278
230 283
230 285
230 286
230 289
230 399
230 485
230 493
230 497
230 505
230 507
230 509
230 511
230 520
230 542
230 545
230 565
230 580
230 581
230 583
231 232
231 233
231 234
231 236
231 238
231 241
231 244
231 256
231 258
231 259
231 263
231 265
231 266
231 268
231 269
231 274
231 276
231 277
231 278
231 279
231 295
231 299
231 509
231 510
231 512
231 513
231 538
231 541
231 542
231 545
231 565
231 581
231 594
232 233
232 234
232 238
232 241
232 244
232 254
232 256
232 265
232 268
232 269
232 276
232 277
232 278
232 565
232 597
233 234
233 236
233 244
233 265
233 276
233 278
233 542
233 545
233 565
233 581
234 236
234 241
234 244
234 249
234 254
234 265
234 268
234 269
234 274
234 276
234 277
234 278
234 279
234 509
234 565
235 236
235 247
235 285
235 439
235 506
235 596
235 597
236 244
236 249
236 265
236 276
236 278
236 285
236 286
236 287
236 547
236 584
237 287
237 323
237 327
237 328
237 330
237 332
237 391
237 392
237 397
237 529
237 530
237 533
237 549
237 553
237 584
238 240
238 241
238 512
238 531
238 552
238 595
239 244
239 246
239 459
239 548
240 245
240 295
240 298
240 532
240 600
241 244
241 254
241 269
241 276
241 551
241 552
242 245
242 270
242 423
242 438
242 450
242 451
242 510
242 512
242 515
242 518
242 531
242 548
242 550
242 552
242 557
242 570
243 252
243 257
243 260
243 261
243 263
243 265
243 266
243 268
243 279
243 294
243 295
243 296
243 298
243 299
243 476
243 554
243 565
243 572
243 588
243 590
243 593
243 595
243 596
243 597
243 600
244 246
244 265
244 274
244 276
244 277
244 278
244 279
244 285
244 286
244 299
244 509
244 511
244 520
244 541
244 542
244 545
244 547
244 551
244 565
244 581
245 267
245 423
245 450
245 451
245 452
245 453
245 454
245 468
245 515
245 531
245 532
245 552
245 561
245 574
245 578
246 258
246 262
246 263
246 265
246 279
246 298
246 450
246 531
246 532
246 541
246 565
246 588
246 600
247 252
247 546
247 590
248 250
248 252
248 254
248 558
249 251
249 277
249 283
249 286
249 287
249 290
249 301
249 302
249 473
249 580
250 252
250 254
250 267
250 268
250 453
250 463
250 465
250 478
250 490
250 556
250 557
250 558
250 560
250 561
250 570
251 266
251 283
251 388
251 489
251 562
251 575
251 580
252 254
252 258
252 260
252 263
252 267
252 268
252 273
252 279
252 459
252 557
252 560
252 570
252 572
252 590
253 454
253 462
253 463
253 464
254 268
254 269
254 463
255 256
255 258
255 265
256 258
256 259
256 265
256 507
256 508
256 509
256 512
256 542
257 260
257 261
257 263
257 265
257 293
257 294
257 295
257 298
257 299
257 300
257 325
257 457
257 539
257 541
257 554
257 565
257 572
257 588
257 590
257 597
257 600
258 259
258 262
258 263
258 265
258 266
258 293
258 294
258 295
258 297
258 450
258 510
258 512
258 538
258 541
258 554
258 600
259 260
259 261
259 262
259 263
259 265
259 266
259 268
259 274
259 279
259 295
259 450
259 490
259 508
259 510
259 512
259 513
259 514
259 519
259 538
259 541
259 542
259 564
259 565
259 566
259 571
259 574
259 600
260 261
260 262
260 263
260 267
260 268
260 272
260 274
260 279
260 281
260 293
260 294
260 295
260 296
260 297
260 298
260 299
260 300
260 450
260 538
260 554
260 565
260 572
260 588
260 590
260 592
260 593
260 599
260 600
261 262
261 263
261 265
261 266
261 272
261 274
261 279
261 281
261 293
261 294
261 295
261 296
261 297
261 298
261 299
261 457
261 538
261 539
261 565
261 572
261 588
261 590
261 592
261 593
261 600
262 263
262 267
262 272
262 279
262 293
262 298
262 450
262 466
262 468
262 531
263 265
263 266
263 267
263 268
263 270
263 271
263 273
263 274
263 279
263 281
263 293
263 294
263 295
263 298
263 299
263 450
263 468
263 476
263 510
263 512
263 538
263 541
263 554
263 565
263 566
263 571
263 572
263 574
263 588
263 600
264 300
264 450
264 510
264 538
264 554
264 560
264 565
264 566
264 567
264 570
264 572
264 589
264 590
264 600
265 266
265 268
265 274
265 278
265 279
265 294
265 295
265 298
265 299
265 450
265 509
265 510
265 512
265 538
265 541
265 542
265 565
265 581
265 594
265 600
266 268
266 274
266 278
266 279
266 294
266 295
266 296
266 457
266 476
266 541
266 562
266 565
266 571
266 588
267 268
267 270
267 272
267 273
267 274
267 275
267 277
267 453
267 468
267 571
267 574
267 578
268 269
268 270
268 273
268 274
268 277
268 278
268 279
268 510
268 512
268 560
268 565
268 570
268 571
269 276
269 278
269 509
269 569
270 273
270 450
270 451
270 510
270 512
270 552
270 570
270 571
270 574
271 273
271 274
271 279
271 571
272 274
272 279
272 281
272 290
272 299
272 468
273 274
273 279
273 280
273 519
273 557
274 277
274 278
274 279
274 280
274 281
274 299
274 519
274 565
275 277
276 277
276 278
277 278
277 279
278 279
278 296
278 457
278 565
279 281
279 293
279 295
279 296
279 299
279 457
279 565
279 571
279 572
279 588
280 472
281 294
281 299
281 588
281 592
282 283
282 286
282 287
282 301
282 302
282 304
282 305
282 321
282 335
282 336
282 383
282 384
282 385
282 389
282 390
282 393
282 394
282 395
282 396
282 398
282 399
282 401
282 417
282 443
282 445
282 467
282 487
282 489
282 493
282 495
282 503
282 534
282 579
283 286
283 289
283 301
283 302
283 303
283 304
283 311
283 317
283 384
283 385
283 388
283 389
283 390
283 393
283 394
283 395
283 396
283 398
283 399
283 401
283 409
283 417
283 480
283 487
283 489
283 493
283 495
283 502
283 503
283 504
283 505
283 511
283 526
283 580
283 581
284 285
284 286
284 289
284 327
284 487
284 582
284 583
284 586
285 286
285 287
285 289
285 290
285 487
285 503
285 511
285 542
285 547
285 581
285 582
285 583
285 585
285 586
286 287
286 288
286 289
286 290
286 301
286 302
286 384
286 399
286 487
286 493
286 503
286 511
286 520
286 534
286 540
286 542
286 545
286 547
286 580
286 581
286 583
286 584
286 585
286 586
287 290
287 292
287 301
287 302
287 395
287 417
287 445
287 503
287 534
287 583
287 584
288 289
288 487
288 511
288 581
288 586
289 301
289 384
289 385
289 399
289 487
289 493
289 511
289 540
289 542
289 581
289 585
289 586
290 291
290 302
290 386
290 417
290 473
290 506
291 412
291 417
291 584
292 418
292 506
293 294
293 295
293 298
293 299
293 565
293 572
293 588
293 590
293 592
293 600
294 295
294 296
294 297
294 298
294 299
294 300
294 538
294 539
294 541
294 554
294 565
294 572
294 588
294 590
294 591
294 592
294 593
294 595
294 596
294 597
294 599
294 600
295 296
295 297
295 298
295 299
295 300
295 364
295 365
295 450
295 510
295 538
295 539
295 541
295 554
295 565
295 588
295 589
295 590
295 591
295 592
295 593
295 594
295 595
295 596
295 597
295 599
295 600
296 297
296 299
296 346
296 457
296 588
296 590
296 592
296 593
296 595
296 596
296 597
297 299
297 300
297 346
297 364
297 541
297 554
297 588
297 590
297 591
297 592
297 593
297 595
297 596
297 597
297 599
297 600
298 299
298 300
298 387
298 420
298 450
298 488
298 538
298 539
298 541
298 545
298 546
298 554
298 565
298 568
298 588
298 589
298 590
298 592
298 593
298 595
298 596
298 597
298 599
298 600
299 300
299 387
299 538
299 539
299 541
299 545
299 546
299 554
299 565
299 588
299 590
299 592
299 593
299 595
299 596
299 597
299 599
299 600
300 365
300 387
300 420
300 439
300 488
300 510
300 513
300 532
300 538
300 539
300 541
300 545
300 546
300 554
300 564
300 565
300 568
300 570
300 588
300 589
300 590
300 593
300 594
300 595
300 596
300 597
300 599
300 600
301 302
301 303
301 304
301 305
301 317
301 321
301 383
301 384
301 385
301 386
301 388
301 389
301 390
301 393
301 394
301 395
301 396
301 398
301 399
301 401
301 417
301 445
301 467
301 487
301 489
301 493
301 495
301 503
301 511
301 534
301 540
301 579
301 580
302 303
302 304
302 305
302 321
302 322
302 324
302 327
302 335
302 336
302 383
302 384
302 385
302 386
302 388
302 389
302 390
302 391
302 393
302 394
302 395
302 396
302 398
302 401
302 411
302 417
302 443
302 445
302 473
302 487
302 489
302 493
302 495
302 503
302 511
302 540
302 579
302 580
302 583
302 584
303 304
303 306
303 307
303 308
303 309
303 312
303 317
303 320
303 321
303 324
303 326
303 329
303 331
303 336
303 384
303 385
303 388
303 389
303 390
303 395
303 396
303 397
303 398
303 401
303 411
303 489
303 495
304 305
304 308
304 317
304 320
304 321
304 324
304 326
304 327
304 328
304 329
304 331
304 333
304 334
304 335
304 336
304 384
304 388
304 389
304 390
304 391
304 392
304 395
304 396
304 397
304 398
304 489
304 495
304 533
305 322
305 323
305 324
305 327
305 328
305 329
305 333
305 334
305 335
305 336
305 390
305 391
305 443
305 473
305 487
305 503
305 533
305 549
306 307
306 309
306 312
306 385
307 309
308 320
308 321
308 324
308 326
308 329
308 331
308 335
308 336
308 388
308 389
308 390
308 489
309 385
309 410
309 411
310 312
310 319
311 315
311 316
311 317
311 384
311 480
311 523
311 580
312 315
312 317
312 318
312 319
312 320
312 321
312 326
312 331
312 388
312 389
312 489
313 315
313 316
315 316
315 317
315 318
315 319
315 523
316 318
316 480
316 523
317 318
317 319
317 320
317 321
317 326
317 331
317 384
317 386
317 388
317 389
317 390
317 398
317 489
317 580
318 319
318 320
318 331
318 389
318 504
318 505
318 526
319 320
319 331
319 389
320 321
320 324
320 326
320 329
320 331
320 336
320 388
320 389
320 489
321 324
321 326
321 329
321 331
321 333
321 335
321 336
321 384
321 388
321 389
321 390
321 395
321 398
321 411
321 489
321 495
322 323
322 325
322 328
322 330
322 332
322 336
322 390
322 391
322 418
322 437
322 442
322 443
322 462
322 529
322 530
322 533
322 579
323 324
323 327
323 328
323 330
323 332
323 334
323 335
323 336
323 391
323 392
323 397
323 529
323 530
323 533
323 549
323 553
324 327
324 328
324 329
324 331
324 332
324 333
324 334
324 335
324 336
324 388
324 389
324 390
324 391
324 392
324 397
324 411
324 489
324 530
324 533
325 330
325 364
325 439
325 443
325 444
325 583
326 329
326 331
326 333
326 388
326 389
326 390
326 464
326 489
327 328
327 329
327 330
327 332
327 335
327 336
327 351
327 391
327 392
327 443
327 530
327 533
327 549
327 553
327 582
327 583
328 329
328 330
328 332
328 333
328 334
328 335
328 336
328 391
328 392
328 397
328 484
328 486
328 529
328 530
328 533
328 549
329 331
329 332
329 333
329 334
329 335
329 336
329 388
329 389
329 390
329 391
329 392
329 397
329 484
329 489
329 530
329 533
330 332
330 443
330 462
330 529
330 549
330 584
331 333
331 336
331 388
331 389
331 390
331 489
332 333
332 336
332 391
332 392
332 437
332 443
332 462
332 484
332 529
332 530
332 533
332 549
332 553
333 334
333 335
333 336
333 390
333 391
333 525
333 530
333 533
334 335
334 336
334 433
335 336
335 389
335 390
335 391
335 392
335 489
335 525
335 530
335 533
335 549
335 553
336 388
336 389
336 390
336 391
336 392
336 395
336 397
336 411
336 489
336 495
336 530
336 533
336 549
336 553
337 338
337 339
337 340
337 342
337 344
337 346
337 347
337 348
337 350
337 352
337 355
337 378
337 381
337 407
337 410
337 414
337 419
337 446
338 339
338 340
338 342
338 343
338 344
338 345
338 346
338 347
338 349
338 352
338 354
338 360
338 363
338 373
338 377
338 378
338 380
338 381
338 382
338 414
339 341
339 342
339 343
339 344
339 345
339 346
339 347
339 353
339 354
339 357
339 363
339 364
339 365
339 367
339 369
339 370
339 371
339 372
339 373
339 374
339 375
339 376
339 377
339 378
339 379
339 380
339 381
339 382
339 405
339 422
339 425
339 428
339 429
339 430
339 434
339 435
339 436
339 446
340 342
340 344
340 346
340 348
340 350
340 381
340 407
340 409
340 419
340 493
340 503
340 504
341 342
341 343
341 344
341 345
341 346
341 347
341 348
341 349
341 353
341 354
341 355
341 356
341 357
341 358
341 359
341 362
341 363
341 364
341 365
341 367
341 368
341 369
341 370
341 371
341 372
341 373
341 376
341 377
341 380
341 382
341 428
341 431
341 434
341 440
341 446
342 343
342 344
342 345
342 346
342 347
342 350
342 357
342 365
342 367
342 373
342 374
342 376
342 377
342 380
342 381
342 382
342 430
342 446
343 346
343 347
343 373
343 377
343 379
343 380
343 382
343 446
344 346
344 348
344 350
344 353
344 354
344 357
344 359
344 364
344 365
344 366
344 368
344 369
344 372
344 375
344 376
344 380
344 381
344 410
344 413
344 414
344 416
344 446
345 346
345 347
345 349
345 351
345 352
345 353
345 354
345 355
345 356
345 357
345 358
345 360
345 362
345 363
345 377
345 380
345 382
345 440
345 447
346 347
346 349
346 350
346 353
346 354
346 356
346 357
346 365
346 369
346 373
346 376
346 377
346 380
346 381
346 382
346 414
346 430
346 431
346 446
346 596
347 349
347 350
347 353
347 354
347 356
347 357
347 363
347 364
347 365
347 367
347 370
347 371
347 372
347 373
347 374
347 376
347 377
347 379
347 380
347 381
347 382
347 425
347 429
347 430
347 431
347 434
347 446
348 350
348 353
348 357
348 359
348 364
348 365
348 366
348 368
348 369
348 372
348 375
348 381
348 385
348 386
348 388
348 397
348 410
348 411
348 413
348 416
348 441
348 446
349 352
349 353
349 354
349 355
349 356
349 357
349 358
349 362
349 363
349 371
349 373
349 377
349 380
350 357
350 366
350 372
350 413
350 416
350 430
350 440
350 446
350 456
350 479
350 506
350 580
351 352
351 358
351 360
351 361
351 362
351 363
352 354
352 355
352 356
352 358
352 360
352 361
352 362
352 363
352 374
352 378
353 354
353 355
353 356
353 357
353 358
353 359
353 362
353 363
353 364
353 365
353 367
353 369
353 371
353 373
353 374
353 377
353 380
353 434
353 447
353 553
354 355
354 356
354 357
354 358
354 359
354 360
354 362
354 363
354 364
354 367
354 369
354 371
354 373
354 374
354 377
354 378
354 379
354 380
354 382
354 434
354 440
354 447
355 356
355 357
355 358
355 359
355 360
355 362
355 363
355 364
355 365
355 367
355 368
355 369
355 370
355 371
355 372
355 373
355 374
355 377
355 378
355 380
355 382
355 438
355 440
355 441
356 357
356 358
356 359
356 360
356 362
356 363
356 364
356 367
356 369
356 370
356 371
356 373
356 374
356 377
356 380
356 382
356 434
356 438
356 440
356 447
357 358
357 359
357 362
357 363
357 364
357 365
357 367
357 368
357 369
357 370
357 371
357 372
357 373
357 374
357 375
357 376
357 377
357 378
357 380
357 413
357 414
357 426
357 428
357 429
357 430
357 431
357 434
357 438
357 439
357 440
357 441
357 444
357 446
357 596
357 598
358 360
358 362
358 363
358 367
358 371
358 373
358 374
358 378
358 380
358 431
358 440
358 446
359 364
359 365
359 367
359 368
359 369
359 370
359 371
359 372
359 373
359 375
359 376
359 377
359 413
359 428
359 429
359 438
359 441
360 361
360 362
360 363
360 378
360 414
360 419
360 436
361 363
361 377
361 414
361 419
361 434
362 363
362 374
362 379
363 367
363 371
363 373
363 374
363 377
363 380
363 434
363 447
364 365
364 366
364 367
364 368
364 369
364 370
364 371
364 372
364 373
364 374
364 375
364 376
364 377
364 380
364 422
364 426
364 427
364 428
364 429
364 430
364 431
364 434
364 439
364 441
364 444
364 446
364 588
364 591
364 596
364 597
364 598
365 366
365 367
365 368
365 369
365 370
365 371
365 372
365 373
365 374
365 375
365 376
365 377
365 380
365 387
365 427
365 428
365 429
365 430
365 431
365 434
365 439
365 441
365 446
365 588
365 590
365 591
365 593
365 596
365 597
365 598
366 368
366 369
366 371
366 372
366 386
366 416
366 470
366 473
366 562
367 368
367 369
367 370
367 371
367 372
367 373
367 374
367 375
367 376
367 377
367 378
367 380
367 413
367 425
367 429
367 430
367 434
367 436
367 446
368 369
368 370
368 371
368 372
368 373
368 375
368 376
368 413
368 416
368 429
368 439
368 441
368 446
368 596
368 598
369 370
369 371
369 372
369 373
369 375
369 376
369 377
369 380
369 381
369 382
369 413
369 428
369 429
369 440
369 441
370 371
370 372
370 373
370 375
370 376
370 377
370 380
370 422
370 426
370 427
370 428
370 429
370 430
370 431
370 434
370 439
370 441
370 589
370 593
370 594
370 596
370 598
371 372
371 373
371 374
371 375
371 376
371 377
371 378
371 380
371 381
371 382
371 413
371 414
371 425
371 427
371 428
371 429
371 433
371 434
371 436
371 438
371 440
371 598
372 373
372 375
372 376
372 377
372 378
372 380
372 381
372 406
372 413
372 414
372 419
372 426
372 427
372 428
372 429
372 430
372 431
372 434
372 439
372 441
372 596
372 598
373 374
373 375
373 376
373 377
373 378
373 379
373 380
373 381
373 382
373 425
373 428
373 429
373 430
373 434
373 436
373 446
373 596
373 598
374 377
374 378
374 379
374 380
374 382
374 425
374 429
374 434
374 436
375 376
375 377
375 378
375 380
375 381
375 382
375 406
375 413
375 414
375 419
375 428
375 429
375 430
375 441
375 559
376 377
376 378
376 380
376 381
376 382
376 422
376 426
376 427
376 428
376 429
376 430
376 431
376 434
376 435
376 446
376 596
376 598
377 378
377 379
377 380
377 381
377 382
377 413
377 419
377 425
377 429
377 430
377 434
377 436
378 379
378 380
378 381
378 405
378 406
378 414
378 419
378 430
378 436
379 380
379 381
379 382
379 425
379 430
379 436
380 381
380 382
380 419
380 425
380 429
380 430
380 434
380 436
381 382
381 405
381 406
381 413
381 414
381 419
381 425
381 430
381 436
382 422
382 425
382 428
382 436
383 384
383 385
383 386
383 387
383 394
383 396
383 401
383 467
383 487
383 503
383 540
383 582
384 385
384 388
384 389
384 390
384 393
384 394
384 395
384 396
384 398
384 399
384 401
384 407
384 409
384 487
384 489
384 493
384 495
384 496
384 502
384 503
384 504
384 505
384 511
384 580
384 586
385 386
385 388
385 389
385 393
385 394
385 395
385 396
385 398
385 401
385 409
385 410
385 411
385 417
385 467
385 487
385 489
385 493
385 495
385 503
385 504
385 511
385 540
385 580
386 387
386 396
386 413
386 417
386 456
386 473
386 499
386 503
386 506
386 540
387 396
387 420
387 439
387 499
387 539
387 540
387 568
387 579
387 588
387 591
387 593
387 596
387 597
387 599
387 600
388 389
388 390
388 393
388 395
388 398
388 401
388 411
388 413
388 489
388 495
389 390
389 393
389 394
389 395
389 396
389 398
389 401
389 411
389 489
389 495
390 391
390 392
390 393
390 394
390 395
390 396
390 397
390 398
390 401
390 411
390 462
390 464
390 489
390 495
390 533
390 579
391 392
391 395
391 397
391 411
391 443
391 462
391 489
391 529
391 530
391 533
391 549
391 553
391 579
392 397
392 530
392 533
392 549
392 553
393 394
393 395
393 396
393 398
393 399
393 400
393 401
393 407
393 409
393 410
393 411
393 417
393 445
393 467
393 487
393 489
393 493
393 495
393 496
393 503
393 504
393 505
393 511
393 534
393 580
394 395
394 396
394 398
394 399
394 400
394 401
394 407
394 408
394 409
394 411
394 467
394 489
394 492
394 493
394 495
394 496
394 503
394 504
394 505
394 516
394 534
395 396
395 397
395 398
395 399
395 401
395 410
395 411
395 412
395 417
395 443
395 445
395 467
395 489
395 495
395 579
396 398
396 399
396 400
396 401
396 407
396 408
396 409
396 410
396 411
396 445
396 456
396 467
396 489
396 493
396 495
396 496
396 502
396 503
396 504
396 505
396 516
396 579
397 411
397 489
397 530
397 533
397 553
397 579
398 401
398 409
398 410
398 411
398 489
398 493
398 495
398 504
399 400
399 401
399 409
399 417
399 445
399 467
399 493
399 495
399 496
399 498
399 505
399 511
399 520
399 534
399 540
399 542
399 581
400 401
400 410
400 492
400 493
400 516
400 534
401 410
401 411
401 412
401 417
401 418
401 445
401 467
401 487
401 489
401 495
401 534
401 540
401 579
402 456
402 480
402 499
402 502
402 509
402 517
402 522
402 594
403 404
403 405
403 406
403 412
403 418
403 420
403 421
403 422
403 423
403 428
403 435
403 437
403 448
403 449
403 461
404 406
404 420
404 422
404 423
404 424
404 435
404 437
404 449
404 515
404 599
405 406
405 418
405 422
405 435
405 437
405 448
405 461
406 422
406 429
406 430
406 434
406 435
406 441
406 448
407 408
407 409
407 456
407 492
407 493
407 496
407 502
407 503
407 504
407 505
407 516
407 521
408 409
408 491
408 492
408 493
408 494
408 496
408 501
408 502
408 505
408 508
408 513
408 516
408 521
408 524
408 527
408 534
408 542
408 544
409 410
409 411
409 489
409 492
409 493
409 495
409 503
409 504
409 505
409 580
410 411
410 413
410 495
410 504
411 413
411 489
411 495
411 504
412 417
412 418
412 442
412 443
412 445
412 449
412 462
412 466
412 467
412 579
413 416
414 419
414 440
415 448
415 466
416 417
416 446
417 418
417 442
417 443
417 445
417 467
417 473
417 495
417 503
417 579
417 580
418 422
418 437
418 442
418 445
418 448
418 449
418 461
418 467
418 529
418 579
419 430
419 436
419 559
420 421
420 422
420 423
420 437
420 450
420 548
420 554
420 589
420 590
420 591
420 596
420 598
420 599
420 600
421 422
421 423
421 448
421 461
422 423
422 426
422 428
422 429
422 432
422 434
422 435
422 437
422 441
422 448
422 461
423 424
423 448
423 449
423 451
423 461
423 466
423 515
423 536
424 450
424 451
424 517
425 434
425 436
426 427
426 428
426 429
426 430
426 432
426 433
426 434
426 435
426 598
427 428
427 434
427 476
427 499
427 522
427 547
427 568
427 588
427 591
427 593
427 594
427 597
427 598
428 429
428 432
428 434
428 435
428 437
428 438
428 461
428 529
428 530
428 598
429 430
429 431
429 434
429 435
429 438
429 439
429 441
429 596
429 598
430 431
430 434
430 435
430 446
430 456
430 484
430 559
431 435
431 446
432 434
432 435
432 437
432 448
432 461
432 530
433 436
434 435
434 530
434 598
435 437
435 448
435 461
435 530
437 442
437 448
437 449
437 461
437 462
437 529
438 440
438 441
438 447
439 441
439 444
439 590
439 596
439 597
441 596
442 445
442 448
442 449
442 462
442 466
442 529
443 444
443 445
443 462
443 473
443 486
443 579
445 467
445 511
445 534
445 540
445 579
445 581
445 583
445 584
446 596
448 449
448 461
448 466
449 461
449 466
449 515
449 599
450 451
450 468
450 510
450 541
450 554
450 589
450 590
450 599
450 600
451 452
451 453
451 460
451 490
451 491
451 494
451 508
451 510
451 512
451 513
451 514
451 515
451 528
451 543
451 544
451 552
451 557
451 561
451 564
451 570
451 571
451 573
451 574
452 453
452 454
452 458
452 460
452 490
452 494
452 513
452 515
452 521
452 527
452 544
452 552
452 556
452 557
452 561
453 454
453 460
453 468
453 490
453 512
453 515
453 556
453 557
453 560
453 561
453 570
453 574
453 578
454 463
454 464
454 465
454 466
454 556
454 578
455 456
456 479
456 493
456 496
456 499
456 502
456 503
456 504
456 505
456 506
457 473
457 499
457 500
457 565
457 572
457 588
458 501
458 516
458 517
458 528
458 544
458 552
459 578
460 474
460 490
460 491
460 492
460 494
460 501
460 508
460 516
460 521
460 524
460 527
460 544
460 573
461 530
462 464
462 529
462 530
462 579
463 464
463 465
463 535
463 556
463 558
463 560
463 561
463 563
464 465
464 535
465 466
465 515
465 535
466 468
466 535
466 579
467 498
467 534
467 540
467 579
468 519
468 574
469 473
469 500
470 473
470 480
470 481
470 482
470 509
470 522
470 523
470 526
470 562
470 580
473 499
473 500
473 503
473 580
474 490
474 492
474 508
474 521
474 524
474 527
474 573
475 476
475 478
475 560
475 563
475 574
476 538
476 541
476 554
476 565
476 572
476 588
476 591
476 593
476 600
477 522
477 523
477 526
477 528
477 574
478 558
478 560
478 570
478 587
479 502
479 504
479 562
480 509
480 523
480 580
483 488
484 486
484 530
485 497
485 509
485 511
485 520
485 542
485 565
485 567
487 493
487 495
487 503
487 511
487 540
487 580
487 581
487 582
487 583
487 586
488 538
488 565
488 568
488 588
488 589
488 590
488 592
488 593
488 598
489 493
489 495
490 491
490 494
490 507
490 508
490 510
490 512
490 513
490 514
490 515
490 519
490 521
490 524
490 527
490 528
490 538
490 543
490 544
490 552
490 560
490 561
490 564
490 567
490 570
490 573
490 574
491 492
491 501
491 507
491 521
491 573
492 493
492 494
492 496
492 501
492 504
492 505
492 507
492 508
492 513
492 516
492 521
492 524
492 573
493 495
493 496
493 502
493 503
493 504
493 505
493 509
493 511
493 516
493 520
493 534
493 542
493 580
494 496
494 505
494 508
494 512
494 513
494 514
494 516
494 521
494 524
494 527
494 528
494 544
495 504
496 502
496 503
496 504
496 505
496 509
496 513
496 516
496 521
496 534
496 542
497 511
497 520
497 545
498 511
498 520
498 540
498 545
498 581
499 500
499 503
499 522
499 539
499 568
499 597
501 524
501 573
502 503
502 504
502 505
502 509
502 517
502 520
502 576
503 504
503 505
503 506
504 505
505 509
505 511
505 513
505 516
505 517
505 520
505 524
505 534
505 542
505 545
506 597
507 508
507 509
507 513
507 514
507 519
507 520
507 521
507 527
507 542
507 567
508 509
508 510
508 512
508 513
508 514
508 516
508 519
508 521
508 522
508 524
508 527
508 528
508 538
508 542
508 544
508 551
508 552
508 564
508 567
508 570
508 573
508 577
509 511
509 512
509 513
509 520
509 522
509 523
509 541
509 542
509 545
509 564
509 565
509 567
509 577
509 594
510 512
510 513
510 514
510 518
510 528
510 538
510 541
510 544
510 554
510 560
510 561
510 564
510 565
510 566
510 567
510 570
510 571
510 574
510 589
510 593
510 594
510 600
511 520
511 534
511 540
511 542
511 545
511 580
511 581
511 583
511 584
511 586
512 513
512 514
512 518
512 519
512 527
512 528
512 538
512 541
512 542
512 543
512 544
512 552
512 561
512 564
512 566
512 567
512 570
512 573
512 574
512 577
512 594
513 514
513 516
513 517
513 519
513 521
513 524
513 527
513 528
513 538
513 541
513 542
513 543
513 544
513 545
513 551
513 552
513 564
513 565
513 567
513 570
513 573
513 577
513 594
514 517
514 519
514 521
514 527
514 528
514 538
514 543
514 544
514 552
514 561
514 564
514 566
514 567
514 570
514 573
514 574
514 577
514 589
515 543
515 544
515 552
515 561
516 517
516 521
516 524
516 528
516 544
516 564
516 573
517 528
519 521
519 531
519 542
519 544
519 555
519 564
519 567
519 570
519 574
520 542
520 545
520 551
520 580
520 581
521 527
521 528
521 544
521 564
521 567
521 573
522 523
522 528
522 542
522 545
522 564
522 577
522 594
523 526
523 562
523 577
524 527
524 573
524 577
525 526
527 544
527 570
527 573
528 544
528 552
528 564
528 570
528 573
528 574
528 594
529 530
529 549
529 553
530 533
530 549
530 553
531 532
531 534
531 550
531 552
531 600
532 534
532 541
532 552
532 554
532 600
533 549
533 553
533 579
534 542
535 536
538 541
538 554
538 560
538 564
538 565
538 566
538 567
538 570
538 588
538 589
538 590
538 591
538 592
538 593
538 594
538 596
538 600
539 541
539 542
539 545
539 554
539 565
539 568
539 588
539 590
539 593
539 595
539 596
539 597
539 599
539 600
540 542
540 547
540 568
540 579
540 581
540 583
540 585
541 542
541 545
541 547
541 554
541 564
541 565
541 568
541 581
541 588
541 591
541 593
541 594
541 595
541 597
541 599
541 600
542 545
542 547
542 551
542 555
542 564
542 565
542 581
543 544
543 551
543 552
543 564
543 570
544 545
544 551
544 552
544 564
544 567
544 570
544 573
545 547
545 551
545 555
545 565
545 568
545 581
545 593
545 597
546 597
547 551
547 583
547 584
547 588
548 550
548 554
548 591
549 553
550 552
550 563
550 575
551 552
551 555
552 564
552 570
552 599
554 560
554 588
554 589
554 590
554 599
554 600
555 593
556 557
556 558
556 560
556 561
557 560
558 560
558 561
560 561
560 570
560 589
561 570
561 574
564 565
564 567
564 570
564 573
564 577
564 589
564 593
564 594
564 600
565 566
565 572
565 588
565 590
565 593
565 594
565 597
565 600
566 567
566 571
566 572
566 574
567 570
567 573
567 577
568 588
568 589
568 590
568 591
568 593
568 594
568 595
568 596
568 597
568 598
568 599
568 600
570 573
570 574
570 589
570 593
570 594
571 572
571 574
571 577
572 588
572 590
573 577
579 584
580 581
581 583
581 584
581 586
582 583
582 586
583 584
583 586
585 586
588 590
588 591
588 592
588 593
588 594
588 595
588 596
588 597
588 600
589 590
589 591
589 592
589 593
589 594
589 596
589 598
589 599
589 600
590 591
590 592
590 593
590 595
590 596
590 597
590 599
590 600
591 592
591 593
591 594
591 598
591 599
591 600
592 593
593 594
593 595
593 596
593 597
593 598
593 599
593 600
594 595
594 596
594 597
594 598
594 600
595 596
595 597
595 599
595 600
596 597
596 598
596 599
596 600
597 599
597 600
599 600
