600 8985

1 93
1 586
2 3
2 4
2 20
2 94
2 184
2 301
2 303
2 306
2 317
3 5
3 6
3 7
3 20
3 24
3 35
3 93
3 184
3 301
3 302
3 303
3 304
3 306
3 317
3 318
3 324
3 326
3 329
3 333
3 388
4 5
4 22
4 23
4 28
4 31
4 36
4 96
4 146
4 220
4 301
4 302
4 303
4 304
4 305
4 306
4 322
4 323
4 333
5 7
5 24
5 27
5 55
5 86
5 88
5 114
5 118
5 120
5 301
5 302
5 303
5 304
5 305
5 306
5 308
5 322
5 323
5 324
5 326
5 329
5 330
6 10
6 97
6 184
6 185
6 284
7 16
7 18
7 20
7 107
7 109
7 111
7 113
7 116
7 120
7 304
7 306
7 308
7 309
7 317
7 320
7 396
7 398
7 408
8 9
9 12
11 12
11 16
11 18
11 20
11 21
11 94
11 98
11 107
11 109
11 111
11 315
11 317
11 319
11 320
11 321
11 336
11 385
11 393
11 396
11 398
11 400
11 530
12 16
12 20
12 21
12 111
12 306
12 319
12 321
12 393
13 14
14 17
14 29
15 16
16 18
16 20
16 21
16 107
16 111
16 309
16 315
16 319
16 320
16 321
16 393
16 398
17 266
18 20
18 37
18 97
18 98
18 109
18 111
18 314
18 315
18 317
18 319
18 320
18 336
18 385
18 386
18 398
18 400
19 37
19 312
19 313
19 318
20 21
20 37
20 38
20 94
20 98
20 100
20 107
20 109
20 111
20 221
20 301
20 304
20 306
20 315
20 317
20 318
20 319
20 320
20 321
20 385
20 388
20 389
20 393
20 398
21 37
21 38
21 100
21 107
21 111
21 221
21 315
21 318
21 319
21 320
21 321
21 336
21 388
21 393
21 530
22 23
22 28
22 30
22 31
22 33
22 287
22 305
22 322
22 323
22 325
22 327
22 330
22 333
22 429
23 25
23 27
23 28
23 30
23 31
23 32
23 33
23 34
23 35
23 44
23 55
23 71
23 73
23 76
23 79
23 80
23 81
23 83
23 84
23 88
23 114
23 119
23 121
23 125
23 129
23 131
23 132
23 134
23 137
23 139
23 140
23 144
23 146
23 147
23 149
23 300
23 305
23 322
23 323
23 324
23 325
23 327
23 329
23 330
23 332
23 333
23 334
23 335
23 359
23 371
23 373
23 374
23 375
23 376
23 377
23 403
23 404
23 412
23 421
23 422
23 429
23 430
23 431
23 432
23 440
23 443
23 447
23 450
23 491
23 501
23 596
23 598
24 27
24 29
24 30
24 304
24 323
24 324
24 326
24 329
24 445
25 27
25 28
25 30
25 31
25 32
25 33
25 34
25 35
25 69
25 70
25 121
25 134
25 135
25 146
25 302
25 305
25 322
25 323
25 325
25 327
25 328
25 329
25 331
25 332
25 333
25 334
25 335
25 367
25 369
25 373
25 426
25 430
25 437
25 443
25 487
26 28
27 28
27 30
27 31
27 32
27 35
27 119
27 134
27 305
27 323
27 324
27 326
27 327
27 328
27 329
27 330
27 331
27 333
27 371
27 443
28 30
28 31
28 32
28 33
28 34
28 35
28 36
28 75
28 121
28 134
28 144
28 146
28 147
28 149
28 284
28 287
28 302
28 305
28 322
28 323
28 324
28 325
28 327
28 328
28 329
28 330
28 331
28 332
28 333
28 334
28 335
28 412
28 443
28 447
28 487
28 582
29 326
30 31
30 32
30 33
30 34
30 35
30 81
30 119
30 121
30 134
30 149
30 305
30 322
30 323
30 324
30 325
30 327
30 328
30 329
30 330
30 331
30 332
30 333
30 334
30 335
30 371
30 373
30 437
30 443
31 32
31 33
31 34
31 35
31 75
31 80
31 81
31 88
31 121
31 134
31 149
31 301
31 305
31 322
31 323
31 324
31 325
31 327
31 328
31 329
31 330
31 331
31 332
31 333
31 371
31 443
32 33
32 34
32 35
32 121
32 134
32 149
32 302
32 305
32 322
32 323
32 324
32 325
32 327
32 328
32 329
32 330
32 331
32 332
32 333
32 334
32 335
32 437
32 440
32 443
32 448
32 487
33 34
33 35
33 36
33 39
33 45
33 53
33 56
33 60
33 64
33 85
33 88
33 121
33 302
33 305
33 322
33 323
33 327
33 328
33 330
33 331
33 332
33 333
33 334
33 335
33 342
33 359
33 412
33 440
33 443
34 35
34 36
34 45
34 69
34 84
34 86
34 121
34 135
34 302
34 305
34 323
34 324
34 328
34 331
34 332
34 333
34 334
34 335
34 338
34 347
34 369
34 373
34 377
34 426
34 439
34 443
35 36
35 38
35 93
35 96
35 119
35 120
35 121
35 146
35 149
35 221
35 301
35 302
35 305
35 318
35 322
35 323
35 324
35 327
35 328
35 329
35 330
35 331
35 332
35 333
35 334
35 335
35 388
35 412
35 437
35 440
35 443
35 487
35 586
36 38
36 96
36 97
36 120
36 146
36 221
36 305
36 320
36 323
36 332
36 333
36 334
36 335
36 388
36 412
37 38
37 98
37 100
37 107
37 111
37 221
37 318
37 319
37 320
37 336
37 388
37 393
37 530
38 97
38 100
38 107
38 111
38 120
38 221
38 317
38 318
38 319
38 320
38 321
38 333
38 334
38 335
38 336
38 388
38 389
38 393
38 397
38 398
38 399
38 400
38 530
39 41
39 42
39 44
39 45
39 46
39 47
39 48
39 49
39 50
39 51
39 52
39 53
39 54
39 55
39 56
39 57
39 58
39 59
39 60
39 61
39 62
39 63
39 64
39 65
39 66
39 67
39 68
39 71
39 73
39 74
39 75
39 76
39 80
39 81
39 82
39 84
39 85
39 86
39 87
39 88
39 89
39 91
39 113
39 114
39 115
39 116
39 117
39 118
39 121
39 126
39 130
39 137
39 147
39 305
39 323
39 324
39 332
39 337
39 338
39 340
39 341
39 342
39 343
39 344
39 345
39 346
39 347
39 348
39 349
39 351
39 352
39 353
39 354
39 355
39 356
39 359
39 360
39 361
39 363
39 367
39 371
39 377
39 378
39 379
39 380
39 381
39 382
39 405
39 406
39 407
39 408
39 409
39 410
39 412
39 413
39 414
39 423
39 425
39 444
39 447
39 491
40 44
40 57
40 65
40 71
40 74
40 76
40 78
40 83
40 137
40 341
40 372
40 421
40 444
40 447
41 43
41 44
41 47
41 48
41 49
41 50
41 56
41 59
41 60
41 61
41 62
41 64
41 68
41 80
41 81
41 84
41 85
41 86
41 87
41 88
41 89
41 90
41 91
41 121
41 126
41 127
41 140
41 147
41 150
41 151
41 152
41 337
41 338
41 339
41 340
41 341
41 342
41 343
41 345
41 347
41 353
41 354
41 355
41 356
41 359
41 361
41 363
41 364
41 371
41 377
41 378
41 380
41 430
41 446
41 447
41 448
42 44
42 45
42 46
42 47
42 48
42 49
42 50
42 51
42 52
42 53
42 54
42 55
42 56
42 57
42 58
42 59
42 60
42 61
42 62
42 64
42 65
42 66
42 67
42 68
42 71
42 73
42 74
42 81
42 84
42 85
42 86
42 87
42 88
42 89
42 91
42 93
42 96
42 113
42 114
42 115
42 116
42 117
42 118
42 121
42 147
42 301
42 305
42 324
42 332
42 337
42 338
42 340
42 341
42 342
42 343
42 344
42 345
42 346
42 347
42 348
42 349
42 351
42 352
42 353
42 354
42 356
42 359
42 360
42 361
42 363
42 371
42 377
42 378
42 379
42 380
42 381
42 382
42 384
42 386
42 405
42 406
42 407
42 408
42 409
42 410
42 412
42 413
42 414
42 423
42 444
42 447
42 492
43 49
43 64
43 68
43 90
43 91
43 128
43 140
43 150
43 152
43 294
43 297
43 338
43 339
43 342
43 343
43 347
43 355
43 356
43 416
43 446
43 448
43 590
43 592
43 598
43 599
44 45
44 46
44 47
44 48
44 49
44 50
44 51
44 53
44 54
44 55
44 56
44 57
44 58
44 59
44 60
44 61
44 62
44 63
44 64
44 65
44 66
44 67
44 68
44 71
44 73
44 74
44 76
44 77
44 80
44 81
44 83
44 84
44 85
44 86
44 87
44 88
44 89
44 90
44 91
44 114
44 115
44 117
44 118
44 121
44 125
44 127
44 137
44 146
44 147
44 150
44 337
44 338
44 340
44 341
44 342
44 343
44 344
44 345
44 346
44 347
44 348
44 349
44 351
44 352
44 353
44 354
44 356
44 357
44 358
44 359
44 360
44 361
44 362
44 363
44 367
44 371
44 372
44 377
44 378
44 379
44 380
44 381
44 382
44 405
44 406
44 407
44 409
44 410
44 412
44 413
44 414
44 418
44 420
44 421
44 423
44 424
44 425
44 431
44 433
44 444
44 446
44 447
44 448
44 590
45 46
45 47
45 48
45 49
45 50
45 51
45 52
45 53
45 54
45 56
45 57
45 58
45 59
45 60
45 61
45 62
45 63
45 64
45 65
45 66
45 68
45 71
45 84
45 85
45 86
45 87
45 88
45 89
45 91
45 93
45 96
45 113
45 115
45 116
45 117
45 118
45 121
45 146
45 301
45 303
45 305
45 324
45 332
45 333
45 335
45 337
45 338
45 340
45 341
45 342
45 343
45 344
45 345
45 346
45 347
45 348
45 349
45 351
45 352
45 353
45 354
45 356
45 359
45 361
45 363
45 369
45 377
45 378
45 380
45 381
45 382
45 384
45 386
45 405
45 407
45 409
45 410
45 412
45 413
45 414
45 427
45 441
45 447
46 47
46 48
46 49
46 50
46 51
46 52
46 53
46 54
46 55
46 56
46 57
46 58
46 59
46 60
46 61
46 62
46 63
46 64
46 65
46 66
46 67
46 68
46 71
46 73
46 76
46 81
46 84
46 85
46 86
46 87
46 88
46 89
46 91
46 114
46 115
46 116
46 117
46 118
46 121
46 337
46 338
46 340
46 341
46 342
46 343
46 344
46 345
46 346
46 347
46 348
46 349
46 351
46 352
46 353
46 354
46 355
46 356
46 358
46 359
46 360
46 361
46 362
46 363
46 377
46 378
46 379
46 380
46 381
46 382
46 384
46 386
46 405
46 406
46 407
46 408
46 409
46 410
46 412
46 413
46 414
46 423
46 425
46 444
46 447
46 492
47 48
47 49
47 50
47 51
47 52
47 53
47 54
47 55
47 56
47 57
47 58
47 59
47 60
47 61
47 62
47 63
47 64
47 65
47 66
47 67
47 68
47 71
47 73
47 74
47 81
47 84
47 85
47 86
47 87
47 88
47 89
47 91
47 93
47 96
47 113
47 114
47 115
47 116
47 117
47 118
47 121
47 147
47 301
47 303
47 305
47 324
47 332
47 337
47 338
47 340
47 341
47 342
47 343
47 344
47 345
47 346
47 347
47 348
47 349
47 351
47 352
47 353
47 354
47 356
47 359
47 360
47 361
47 363
47 377
47 378
47 379
47 380
47 381
47 382
47 384
47 386
47 405
47 406
47 407
47 408
47 409
47 410
47 412
47 413
47 414
47 441
47 444
47 447
48 49
48 50
48 51
48 52
48 53
48 54
48 55
48 56
48 57
48 58
48 59
48 60
48 61
48 62
48 63
48 64
48 65
48 66
48 67
48 68
48 71
48 73
48 76
48 84
48 85
48 86
48 87
48 88
48 89
48 91
48 93
48 96
48 113
48 115
48 116
48 117
48 118
48 121
48 146
48 294
48 305
48 337
48 338
48 340
48 341
48 342
48 343
48 344
48 345
48 346
48 347
48 348
48 349
48 351
48 352
48 353
48 354
48 355
48 356
48 358
48 359
48 360
48 361
48 362
48 363
48 377
48 378
48 379
48 380
48 381
48 382
48 384
48 386
48 405
48 406
48 407
48 408
48 409
48 410
48 412
48 413
48 414
48 423
48 424
48 425
48 441
48 444
48 447
48 492
49 50
49 51
49 53
49 54
49 55
49 56
49 57
49 58
49 59
49 60
49 61
49 62
49 63
49 64
49 65
49 66
49 68
49 71
49 73
49 74
49 76
49 80
49 81
49 84
49 85
49 86
49 87
49 88
49 89
49 90
49 91
49 115
49 117
49 118
49 121
49 126
49 127
49 137
49 140
49 147
49 150
49 151
49 152
49 294
49 297
49 324
49 337
49 338
49 339
49 340
49 341
49 342
49 343
49 344
49 345
49 346
49 347
49 348
49 349
49 350
49 351
49 352
49 353
49 354
49 355
49 356
49 357
49 358
49 359
49 360
49 361
49 362
49 363
49 367
49 371
49 376
49 377
49 378
49 379
49 380
49 381
49 382
49 405
49 410
49 412
49 414
49 418
49 425
49 444
49 446
49 447
49 448
49 590
50 51
50 53
50 54
50 56
50 58
50 59
50 60
50 61
50 62
50 63
50 64
50 66
50 68
50 84
50 85
50 86
50 87
50 88
50 89
50 91
50 93
50 115
50 118
50 121
50 145
50 146
50 147
50 324
50 332
50 335
50 337
50 338
50 340
50 341
50 342
50 343
50 344
50 345
50 346
50 347
50 348
50 351
50 352
50 353
50 354
50 356
50 359
50 361
50 363
50 377
50 380
50 381
50 382
50 384
50 386
50 405
50 409
50 412
50 414
50 445
50 447
51 52
51 53
51 54
51 55
51 56
51 57
51 58
51 59
51 60
51 61
51 62
51 63
51 64
51 65
51 66
51 67
51 68
51 71
51 73
51 76
51 84
51 85
51 86
51 87
51 88
51 89
51 91
51 96
51 97
51 113
51 115
51 116
51 117
51 118
51 146
51 305
51 337
51 338
51 340
51 341
51 342
51 343
51 344
51 345
51 346
51 347
51 348
51 349
51 351
51 352
51 353
51 354
51 355
51 356
51 358
51 359
51 360
51 361
51 362
51 363
51 371
51 377
51 378
51 380
51 381
51 382
51 386
51 405
51 406
51 407
51 409
51 410
51 412
51 413
51 414
51 418
51 423
51 441
51 444
51 447
52 53
52 54
52 55
52 56
52 57
52 58
52 59
52 60
52 64
52 65
52 86
52 87
52 88
52 89
52 113
52 114
52 115
52 116
52 117
52 118
52 123
52 124
52 130
52 337
52 340
52 344
52 345
52 346
52 347
52 348
52 349
52 350
52 351
52 352
52 353
52 361
52 380
52 381
52 384
52 396
52 405
52 406
52 407
52 408
52 409
52 410
52 411
52 412
52 413
52 414
52 418
52 423
52 424
52 492
53 54
53 55
53 56
53 58
53 59
53 60
53 61
53 62
53 63
53 64
53 65
53 66
53 67
53 73
53 84
53 85
53 86
53 87
53 88
53 89
53 91
53 93
53 96
53 97
53 113
53 114
53 115
53 116
53 117
53 118
53 121
53 145
53 146
53 147
53 301
53 305
53 317
53 324
53 332
53 335
53 337
53 338
53 340
53 341
53 342
53 343
53 344
53 345
53 346
53 347
53 348
53 349
53 351
53 352
53 353
53 354
53 356
53 358
53 359
53 360
53 361
53 362
53 363
53 377
53 378
53 380
53 381
53 382
53 384
53 386
53 405
53 406
53 407
53 408
53 409
53 410
53 412
53 413
53 414
53 423
53 441
53 447
53 492
54 55
54 56
54 57
54 58
54 59
54 60
54 61
54 62
54 63
54 64
54 65
54 66
54 67
54 85
54 86
54 87
54 88
54 89
54 91
54 113
54 115
54 116
54 117
54 118
54 124
54 337
54 338
54 340
54 341
54 342
54 343
54 344
54 345
54 346
54 347
54 348
54 349
54 351
54 352
54 353
54 354
54 355
54 356
54 358
54 359
54 360
54 361
54 362
54 363
54 378
54 380
54 381
54 382
54 384
54 386
54 405
54 406
54 407
54 408
54 409
54 410
54 411
54 412
54 413
54 414
54 423
54 424
54 425
54 441
54 444
54 447
55 56
55 57
55 60
55 61
55 64
55 65
55 71
55 73
55 76
55 79
55 80
55 81
55 83
55 84
55 85
55 86
55 87
55 88
55 89
55 91
55 96
55 112
55 113
55 114
55 115
55 116
55 117
55 118
55 120
55 121
55 125
55 129
55 130
55 134
55 137
55 139
55 144
55 146
55 147
55 149
55 305
55 322
55 323
55 324
55 330
55 337
55 338
55 340
55 341
55 345
55 347
55 348
55 350
55 356
55 359
55 363
55 367
55 371
55 376
55 377
55 378
55 380
55 381
55 401
55 403
55 404
55 405
55 406
55 407
55 408
55 409
55 410
55 412
55 413
55 414
55 420
55 421
55 423
55 424
55 429
55 431
55 443
55 444
55 447
55 491
55 492
55 596
56 57
56 58
56 59
56 60
56 61
56 62
56 63
56 64
56 65
56 66
56 67
56 71
56 73
56 76
56 81
56 85
56 86
56 87
56 88
56 89
56 91
56 115
56 116
56 117
56 118
56 121
56 147
56 305
56 323
56 332
56 337
56 338
56 340
56 341
56 342
56 343
56 344
56 345
56 346
56 347
56 348
56 349
56 351
56 352
56 353
56 354
56 355
56 356
56 358
56 359
56 360
56 361
56 362
56 363
56 377
56 378
56 380
56 381
56 405
56 406
56 407
56 409
56 410
56 412
56 413
56 414
56 421
56 444
56 447
57 58
57 59
57 60
57 61
57 62
57 63
57 64
57 65
57 66
57 68
57 71
57 73
57 76
57 77
57 87
57 89
57 91
57 115
57 117
57 118
57 125
57 137
57 150
57 297
57 337
57 338
57 340
57 341
57 342
57 343
57 344
57 345
57 346
57 347
57 348
57 349
57 350
57 351
57 352
57 353
57 354
57 356
57 357
57 358
57 362
57 363
57 371
57 380
57 382
57 405
57 406
57 407
57 409
57 410
57 412
57 413
57 414
57 418
57 420
57 421
57 423
57 427
57 433
57 444
57 446
57 447
57 590
57 593
58 59
58 60
58 61
58 62
58 63
58 64
58 65
58 66
58 67
58 86
58 87
58 89
58 91
58 115
58 116
58 117
58 118
58 337
58 340
58 341
58 342
58 344
58 345
58 346
58 347
58 348
58 349
58 351
58 352
58 353
58 354
58 356
58 358
58 360
58 361
58 362
58 363
58 380
58 381
58 382
58 405
58 406
58 407
58 409
58 410
58 411
58 412
58 413
58 414
58 418
58 420
58 423
58 444
58 447
59 60
59 61
59 62
59 63
59 64
59 65
59 66
59 67
59 68
59 84
59 85
59 86
59 87
59 88
59 89
59 91
59 115
59 116
59 117
59 118
59 121
59 147
59 294
59 305
59 337
59 338
59 340
59 341
59 342
59 343
59 344
59 345
59 346
59 347
59 348
59 349
59 351
59 352
59 353
59 354
59 355
59 356
59 358
59 359
59 360
59 361
59 362
59 363
59 377
59 378
59 380
59 381
59 382
59 384
59 386
59 405
59 406
59 407
59 408
59 409
59 410
59 412
59 413
59 414
59 447
60 61
60 62
60 63
60 64
60 65
60 66
60 67
60 68
60 71
60 73
60 76
60 77
60 80
60 81
60 82
60 83
60 84
60 85
60 86
60 87
60 88
60 89
60 91
60 114
60 115
60 116
60 117
60 118
60 121
60 126
60 127
60 137
60 147
60 294
60 297
60 305
60 323
60 332
60 335
60 337
60 338
60 340
60 341
60 342
60 343
60 344
60 345
60 346
60 347
60 348
60 349
60 350
60 351
60 352
60 353
60 354
60 355
60 356
60 358
60 359
60 360
60 361
60 362
60 363
60 371
60 377
60 378
60 379
60 380
60 381
60 382
60 405
60 406
60 407
60 409
60 410
60 412
60 413
60 414
60 421
60 425
60 444
60 446
60 447
60 491
60 596
61 62
61 63
61 64
61 65
61 66
61 68
61 69
61 70
61 71
61 73
61 74
61 75
61 76
61 77
61 78
61 79
61 80
61 81
61 82
61 83
61 84
61 85
61 86
61 87
61 88
61 89
61 91
61 115
61 118
61 121
61 126
61 137
61 140
61 147
61 150
61 152
61 324
61 332
61 337
61 338
61 339
61 340
61 341
61 342
61 343
61 344
61 345
61 346
61 347
61 348
61 351
61 352
61 353
61 354
61 355
61 356
61 358
61 359
61 361
61 362
61 363
61 367
61 371
61 372
61 375
61 376
61 377
61 378
61 379
61 380
61 381
61 382
61 405
61 412
61 421
61 444
61 446
61 447
61 448
61 491
62 63
62 64
62 65
62 66
62 67
62 85
62 86
62 87
62 88
62 89
62 91
62 96
62 97
62 115
62 117
62 118
62 337
62 338
62 340
62 341
62 342
62 343
62 344
62 345
62 346
62 347
62 348
62 349
62 351
62 352
62 353
62 354
62 355
62 356
62 358
62 359
62 360
62 361
62 362
62 363
62 377
62 380
62 381
62 382
62 384
62 386
62 405
62 407
62 409
62 410
62 412
62 413
62 414
62 447
63 64
63 65
63 66
63 67
63 68
63 69
63 71
63 73
63 76
63 77
63 84
63 86
63 87
63 89
63 91
63 115
63 125
63 150
63 152
63 294
63 297
63 337
63 338
63 340
63 341
63 342
63 343
63 344
63 345
63 346
63 347
63 348
63 349
63 351
63 352
63 353
63 354
63 356
63 357
63 358
63 360
63 361
63 362
63 363
63 367
63 371
63 377
63 380
63 381
63 382
63 405
63 412
63 414
63 418
63 420
63 421
63 444
63 446
63 447
63 448
63 590
63 593
64 65
64 66
64 67
64 68
64 71
64 73
64 74
64 76
64 81
64 84
64 85
64 86
64 87
64 88
64 89
64 91
64 96
64 97
64 115
64 116
64 117
64 118
64 121
64 127
64 137
64 146
64 147
64 294
64 297
64 298
64 305
64 323
64 332
64 335
64 337
64 338
64 340
64 341
64 342
64 343
64 344
64 345
64 346
64 347
64 348
64 349
64 351
64 352
64 353
64 354
64 355
64 356
64 358
64 359
64 360
64 361
64 362
64 363
64 367
64 371
64 377
64 378
64 380
64 381
64 382
64 384
64 386
64 405
64 406
64 407
64 409
64 410
64 412
64 413
64 414
64 420
64 421
64 423
64 444
64 446
64 447
64 596
65 66
65 67
65 68
65 71
65 73
65 76
65 84
65 86
65 87
65 88
65 89
65 91
65 115
65 117
65 118
65 125
65 126
65 127
65 129
65 137
65 297
65 337
65 338
65 340
65 341
65 342
65 343
65 344
65 345
65 346
65 347
65 348
65 349
65 350
65 351
65 352
65 353
65 354
65 355
65 356
65 357
65 358
65 360
65 361
65 362
65 363
65 371
65 380
65 381
65 405
65 406
65 407
65 409
65 410
65 412
65 413
65 414
65 418
65 420
65 421
65 423
65 425
65 427
65 431
65 444
65 446
65 447
65 590
65 593
65 596
66 67
66 86
66 87
66 89
66 91
66 97
66 115
66 337
66 338
66 340
66 341
66 342
66 343
66 344
66 345
66 346
66 347
66 348
66 349
66 351
66 352
66 353
66 354
66 355
66 356
66 357
66 358
66 360
66 361
66 362
66 363
66 380
66 381
66 382
66 386
66 405
66 407
66 409
66 410
66 412
66 413
66 414
66 447
67 87
67 89
67 115
67 117
67 337
67 340
67 341
67 344
67 345
67 346
67 348
67 349
67 351
67 352
67 353
67 354
67 355
67 356
67 358
67 360
67 361
67 362
67 363
67 380
67 381
67 386
67 405
67 407
67 409
67 410
67 413
67 414
68 69
68 70
68 71
68 74
68 76
68 79
68 80
68 81
68 84
68 85
68 86
68 87
68 88
68 89
68 91
68 118
68 121
68 125
68 135
68 140
68 147
68 150
68 294
68 297
68 324
68 337
68 338
68 339
68 340
68 341
68 342
68 343
68 345
68 347
68 348
68 353
68 354
68 356
68 363
68 364
68 365
68 367
68 369
68 370
68 371
68 372
68 376
68 377
68 380
68 381
68 382
68 412
68 421
68 427
68 430
68 433
68 440
68 444
68 446
68 447
68 448
68 590
68 592
68 593
68 596
68 598
68 599
69 70
69 71
69 76
69 77
69 79
69 80
69 121
69 133
69 134
69 135
69 136
69 140
69 148
69 150
69 161
69 293
69 297
69 300
69 302
69 332
69 338
69 339
69 365
69 367
69 369
69 370
69 371
69 372
69 373
69 374
69 375
69 376
69 377
69 420
69 421
69 427
69 428
69 430
69 431
69 433
69 437
69 439
69 440
69 442
69 446
69 448
69 450
69 487
69 491
69 586
69 590
69 593
69 596
69 598
69 599
69 600
70 71
70 76
70 77
70 79
70 135
70 293
70 300
70 302
70 332
70 364
70 365
70 367
70 369
70 370
70 371
70 372
70 374
70 376
70 427
70 428
70 430
70 433
70 446
70 590
70 593
70 599
71 72
71 73
71 74
71 76
71 77
71 78
71 79
71 80
71 81
71 82
71 83
71 84
71 85
71 86
71 87
71 88
71 89
71 91
71 114
71 115
71 118
71 121
71 125
71 129
71 130
71 133
71 134
71 135
71 137
71 139
71 140
71 141
71 144
71 147
71 149
71 150
71 294
71 297
71 300
71 332
71 337
71 338
71 339
71 340
71 341
71 342
71 343
71 345
71 347
71 348
71 354
71 356
71 359
71 363
71 364
71 365
71 367
71 369
71 370
71 371
71 372
71 374
71 375
71 376
71 377
71 378
71 379
71 380
71 381
71 382
71 404
71 405
71 412
71 413
71 420
71 421
71 422
71 423
71 429
71 430
71 431
71 433
71 440
71 444
71 446
71 447
71 448
71 491
71 590
71 593
71 594
71 596
71 598
71 599
72 74
72 76
72 77
72 78
72 79
72 80
72 82
72 83
72 129
72 132
72 137
72 139
72 365
72 368
72 370
72 372
72 375
72 376
72 421
72 422
72 429
73 76
73 77
73 79
73 80
73 81
73 82
73 83
73 84
73 85
73 86
73 87
73 88
73 89
73 91
73 112
73 113
73 114
73 115
73 116
73 117
73 118
73 121
73 125
73 126
73 129
73 130
73 134
73 137
73 138
73 139
73 144
73 147
73 337
73 338
73 340
73 341
73 345
73 347
73 348
73 356
73 359
73 367
73 371
73 376
73 377
73 378
73 379
73 380
73 381
73 403
73 404
73 405
73 406
73 407
73 412
73 413
73 420
73 421
73 423
73 431
73 444
73 446
73 447
73 491
73 492
74 75
74 76
74 77
74 78
74 79
74 80
74 81
74 82
74 85
74 89
74 91
74 115
74 137
74 140
74 338
74 341
74 363
74 364
74 370
74 371
74 372
74 377
74 378
74 380
74 381
74 412
74 414
74 421
74 444
74 446
74 447
75 78
75 79
75 80
75 81
75 85
75 88
75 121
75 137
75 147
75 338
75 371
75 372
75 377
75 378
75 447
76 77
76 79
76 80
76 81
76 82
76 83
76 87
76 88
76 91
76 112
76 114
76 118
76 125
76 126
76 127
76 129
76 130
76 134
76 137
76 139
76 140
76 141
76 144
76 147
76 149
76 150
76 297
76 300
76 337
76 338
76 340
76 341
76 342
76 345
76 347
76 348
76 350
76 353
76 354
76 356
76 357
76 359
76 363
76 364
76 365
76 367
76 370
76 371
76 372
76 374
76 375
76 376
76 378
76 403
76 404
76 405
76 406
76 412
76 413
76 420
76 421
76 422
76 423
76 429
76 430
76 431
76 433
76 440
76 444
76 446
76 447
76 448
76 491
76 590
76 593
76 594
76 595
76 596
76 597
76 598
76 599
77 78
77 79
77 80
77 82
77 83
77 137
77 139
77 337
77 338
77 341
77 370
77 371
77 372
77 375
77 405
77 420
77 421
77 444
77 446
77 447
78 79
78 80
78 82
78 137
78 139
78 370
78 371
78 372
78 375
78 378
78 421
79 80
79 81
79 82
79 83
79 126
79 129
79 130
79 132
79 133
79 134
79 137
79 139
79 140
79 141
79 144
79 147
79 149
79 150
79 161
79 300
79 338
79 364
79 368
79 369
79 370
79 371
79 372
79 374
79 375
79 376
79 378
79 403
79 404
79 420
79 421
79 422
79 428
79 429
79 430
79 431
79 432
79 434
79 437
79 440
79 442
79 444
79 446
79 447
79 448
79 450
79 491
79 590
79 594
79 596
79 598
80 81
80 82
80 83
80 84
80 85
80 87
80 88
80 91
80 114
80 121
80 126
80 129
80 131
80 132
80 134
80 137
80 139
80 140
80 141
80 144
80 147
80 149
80 150
80 152
80 161
80 180
80 323
80 338
80 339
80 342
80 356
80 359
80 363
80 364
80 367
80 368
80 370
80 371
80 372
80 374
80 375
80 376
80 377
80 378
80 379
80 403
80 404
80 421
80 422
80 428
80 430
80 431
80 432
80 434
80 437
80 440
80 443
80 444
80 446
80 447
80 448
80 491
80 590
80 594
80 596
80 598
81 83
81 84
81 85
81 86
81 87
81 88
81 89
81 91
81 114
81 118
81 121
81 126
81 129
81 131
81 132
81 134
81 137
81 140
81 141
81 144
81 147
81 149
81 150
81 161
81 180
81 201
81 297
81 305
81 323
81 324
81 330
81 337
81 338
81 339
81 340
81 342
81 343
81 345
81 347
81 348
81 356
81 359
81 363
81 367
81 370
81 371
81 372
81 374
81 375
81 376
81 377
81 378
81 379
81 380
81 381
81 403
81 404
81 405
81 421
81 422
81 428
81 430
81 431
81 432
81 434
81 437
81 439
81 440
81 443
81 444
81 446
81 447
81 448
81 491
81 590
81 594
81 596
81 598
82 83
82 129
82 130
82 137
82 139
82 356
82 370
82 372
82 375
82 376
82 378
82 420
82 421
82 422
82 431
82 444
82 446
82 447
83 88
83 112
83 114
83 118
83 126
83 128
83 129
83 130
83 131
83 132
83 133
83 134
83 137
83 138
83 139
83 140
83 141
83 144
83 147
83 149
83 150
83 297
83 300
83 356
83 359
83 368
83 370
83 371
83 372
83 374
83 375
83 376
83 378
83 403
83 404
83 420
83 421
83 422
83 429
83 430
83 431
83 432
83 434
83 440
83 444
83 446
83 447
83 450
83 491
83 594
83 596
83 597
83 598
84 85
84 86
84 87
84 88
84 89
84 91
84 114
84 115
84 116
84 117
84 118
84 121
84 126
84 134
84 137
84 138
84 147
84 150
84 201
84 305
84 337
84 338
84 339
84 340
84 341
84 342
84 343
84 345
84 347
84 348
84 356
84 359
84 363
84 367
84 371
84 376
84 377
84 378
84 379
84 380
84 381
84 382
84 405
84 412
84 425
84 430
84 431
84 443
84 444
84 445
84 446
84 447
85 86
85 87
85 88
85 89
85 91
85 113
85 114
85 115
85 116
85 117
85 118
85 121
85 137
85 147
85 305
85 323
85 324
85 332
85 337
85 338
85 340
85 341
85 342
85 343
85 344
85 345
85 346
85 347
85 348
85 351
85 352
85 353
85 354
85 356
85 359
85 361
85 363
85 367
85 369
85 371
85 376
85 377
85 378
85 379
85 380
85 381
85 382
85 405
85 407
85 409
85 410
85 412
85 445
85 447
85 586
86 87
86 88
86 89
86 91
86 113
86 114
86 115
86 116
86 117
86 118
86 121
86 137
86 146
86 147
86 305
86 323
86 324
86 335
86 337
86 338
86 340
86 341
86 342
86 343
86 344
86 345
86 346
86 347
86 348
86 351
86 352
86 353
86 356
86 359
86 361
86 363
86 367
86 371
86 377
86 378
86 379
86 380
86 381
86 382
86 405
86 407
86 408
86 409
86 410
86 412
86 413
86 414
86 444
86 445
86 447
86 492
87 88
87 89
87 91
87 113
87 114
87 115
87 116
87 117
87 118
87 121
87 126
87 137
87 138
87 147
87 294
87 297
87 305
87 324
87 337
87 338
87 340
87 341
87 342
87 343
87 344
87 345
87 346
87 347
87 348
87 349
87 351
87 352
87 353
87 354
87 356
87 359
87 361
87 363
87 367
87 371
87 377
87 378
87 379
87 380
87 381
87 382
87 405
87 406
87 407
87 408
87 409
87 410
87 412
87 413
87 414
87 425
87 444
87 446
87 447
88 89
88 91
88 112
88 113
88 114
88 115
88 116
88 117
88 118
88 121
88 126
88 130
88 134
88 137
88 147
88 201
88 297
88 305
88 323
88 324
88 330
88 337
88 338
88 340
88 341
88 342
88 344
88 345
88 346
88 347
88 348
88 351
88 352
88 353
88 354
88 356
88 359
88 361
88 363
88 367
88 371
88 376
88 377
88 378
88 379
88 380
88 381
88 403
88 404
88 405
88 406
88 407
88 408
88 409
88 410
88 412
88 413
88 414
88 423
88 425
88 431
88 444
88 447
88 491
88 492
89 91
89 114
89 115
89 116
89 117
89 118
89 121
89 126
89 147
89 294
89 337
89 338
89 340
89 341
89 342
89 343
89 344
89 345
89 346
89 347
89 348
89 349
89 351
89 352
89 353
89 354
89 356
89 359
89 361
89 362
89 363
89 367
89 371
89 377
89 378
89 379
89 380
89 381
89 382
89 405
89 406
89 407
89 409
89 410
89 412
89 413
89 414
89 425
89 444
89 446
89 447
90 91
90 126
90 127
90 128
90 150
90 151
90 152
90 338
90 356
90 446
91 115
91 118
91 121
91 126
91 137
91 140
91 147
91 150
91 152
91 294
91 297
91 337
91 338
91 339
91 340
91 341
91 342
91 343
91 344
91 345
91 346
91 347
91 348
91 351
91 352
91 353
91 354
91 356
91 358
91 359
91 361
91 362
91 363
91 364
91 367
91 371
91 377
91 378
91 379
91 380
91 381
91 382
91 405
91 412
91 425
91 444
91 446
91 447
91 448
91 590
92 93
92 95
92 103
92 187
92 191
92 201
92 347
92 492
93 94
93 95
93 96
93 98
93 103
93 115
93 118
93 145
93 146
93 184
93 301
93 303
93 305
93 317
93 320
93 321
93 384
93 385
93 386
93 388
93 389
93 409
93 487
93 586
94 95
94 96
94 103
94 109
94 184
94 301
94 303
94 317
94 320
94 321
94 384
94 385
94 388
94 389
94 396
94 398
94 530
95 103
95 109
95 112
95 120
95 191
95 194
95 320
95 321
95 385
95 396
95 398
95 413
95 424
96 97
96 98
96 99
96 115
96 118
96 146
96 184
96 282
96 298
96 301
96 305
96 317
96 320
96 335
96 351
96 361
96 384
96 385
96 386
96 388
96 398
96 412
96 413
96 414
96 595
97 98
97 99
97 184
97 282
97 317
97 320
97 351
97 352
97 360
97 361
97 386
97 388
97 412
97 414
98 282
98 317
98 320
98 385
98 386
98 388
98 398
98 414
99 145
99 184
99 298
99 299
99 300
99 386
99 402
99 487
99 539
99 595
99 596
99 597
100 107
100 111
100 119
100 221
100 319
100 321
100 389
100 393
100 397
100 399
100 530
100 533
101 187
102 103
102 105
102 110
102 119
102 283
102 391
102 533
103 107
103 109
103 194
103 221
103 320
103 321
103 388
103 389
103 397
103 398
103 399
103 533
104 105
104 106
104 154
104 187
104 190
104 193
104 196
104 391
105 119
105 123
105 143
105 154
105 187
105 190
105 193
105 194
105 196
105 391
105 392
105 443
105 449
105 490
105 501
106 193
106 212
106 223
106 224
106 391
106 395
106 533
107 108
107 109
107 111
107 120
107 212
107 221
107 319
107 320
107 321
107 336
107 385
107 393
107 394
107 395
107 397
107 398
107 400
107 530
107 533
108 192
108 195
108 211
108 212
108 395
108 495
108 497
109 111
109 120
109 317
109 320
109 321
109 385
109 393
109 396
109 398
109 400
109 408
109 411
109 530
110 392
111 120
111 221
111 315
111 319
111 320
111 321
111 336
111 385
111 393
111 395
111 397
111 398
111 400
111 530
112 113
112 114
112 116
112 123
112 129
112 130
112 133
112 137
112 138
112 139
112 366
112 403
112 404
112 405
112 406
112 407
112 413
112 420
112 423
112 424
112 429
112 431
112 492
113 114
113 115
113 116
113 117
113 118
113 123
113 130
113 305
113 337
113 344
113 348
113 381
113 405
113 406
113 407
113 408
113 409
113 410
113 411
113 412
113 413
113 414
113 423
113 492
114 115
114 116
114 117
114 118
114 120
114 121
114 123
114 125
114 129
114 130
114 133
114 134
114 137
114 138
114 139
114 147
114 191
114 305
114 324
114 337
114 340
114 348
114 359
114 367
114 371
114 376
114 377
114 378
114 379
114 380
114 381
114 403
114 404
114 405
114 406
114 407
114 408
114 412
114 413
114 423
114 424
114 429
114 431
114 433
114 443
114 444
114 447
114 491
114 492
115 116
115 117
115 118
115 121
115 146
115 301
115 305
115 317
115 320
115 337
115 338
115 340
115 341
115 342
115 343
115 344
115 345
115 346
115 347
115 348
115 349
115 351
115 352
115 353
115 354
115 356
115 359
115 360
115 361
115 363
115 367
115 371
115 377
115 378
115 379
115 380
115 381
115 382
115 384
115 386
115 405
115 406
115 407
115 408
115 409
115 410
115 411
115 412
115 413
115 414
115 423
115 441
115 447
115 492
116 117
116 118
116 123
116 130
116 191
116 337
116 340
116 344
116 346
116 347
116 348
116 349
116 351
116 352
116 378
116 379
116 380
116 381
116 405
116 406
116 407
116 408
116 409
116 410
116 411
116 412
116 413
116 414
116 423
116 424
116 492
117 118
117 130
117 305
117 337
117 340
117 341
117 344
117 345
117 346
117 347
117 348
117 349
117 351
117 352
117 353
117 354
117 356
117 359
117 360
117 361
117 363
117 378
117 379
117 380
117 381
117 405
117 406
117 407
117 408
117 409
117 410
117 411
117 412
117 413
117 414
117 423
117 424
117 441
117 492
118 120
118 121
118 130
118 137
118 146
118 147
118 301
118 305
118 324
118 337
118 338
118 340
118 341
118 342
118 343
118 344
118 345
118 346
118 347
118 348
118 350
118 351
118 352
118 353
118 354
118 356
118 359
118 361
118 363
118 367
118 371
118 377
118 378
118 379
118 380
118 381
118 384
118 386
118 405
118 406
118 407
118 408
118 409
118 410
118 411
118 412
118 413
118 414
118 423
118 424
118 444
118 447
118 491
118 492
119 120
119 125
119 131
119 134
119 145
119 333
119 389
119 399
119 437
119 442
119 443
119 450
119 501
119 534
120 121
120 146
120 221
120 301
120 302
120 317
120 320
120 321
120 333
120 335
120 385
120 388
120 398
120 399
120 400
120 401
120 412
120 418
120 530
121 134
121 137
121 140
121 145
121 146
121 147
121 149
121 300
121 305
121 322
121 323
121 324
121 327
121 332
121 333
121 335
121 337
121 338
121 339
121 340
121 342
121 343
121 345
121 347
121 348
121 356
121 359
121 363
121 367
121 369
121 371
121 373
121 376
121 377
121 378
121 380
121 381
121 384
121 404
121 405
121 412
121 428
121 430
121 437
121 443
121 445
121 446
121 447
121 448
121 487
121 491
121 492
121 586
121 596
121 597
121 598
122 198
122 200
122 203
122 263
122 264
122 271
122 272
122 274
122 281
123 125
123 191
123 194
123 196
123 201
123 405
123 406
124 396
125 129
125 134
125 137
125 138
125 140
125 146
125 150
125 152
125 338
125 418
125 431
125 433
125 443
125 444
125 446
125 447
125 448
125 449
125 491
126 127
126 128
126 129
126 134
126 137
126 140
126 141
126 147
126 201
126 337
126 338
126 348
126 354
126 356
126 371
126 375
126 376
126 377
126 379
126 403
126 405
126 406
126 425
126 431
126 446
126 447
126 596
127 151
127 294
127 297
127 337
127 341
127 345
127 354
127 355
127 356
127 357
127 363
127 414
127 420
127 421
127 423
127 593
127 595
127 596
128 131
128 133
128 134
128 140
128 141
128 150
128 152
128 161
128 190
128 201
128 297
128 373
128 374
128 376
128 403
128 404
128 419
128 430
128 432
128 434
128 437
128 450
128 451
128 490
128 504
128 594
128 596
128 597
128 598
128 600
129 130
129 131
129 132
129 133
129 134
129 137
129 138
129 139
129 140
129 141
129 144
129 300
129 365
129 370
129 374
129 375
129 376
129 403
129 404
129 406
129 420
129 421
129 422
129 423
129 429
129 430
129 431
129 444
129 447
129 450
129 451
129 491
129 594
129 596
130 137
130 139
130 287
130 348
130 365
130 375
130 403
130 404
130 405
130 406
130 407
130 408
130 413
130 420
130 421
130 422
130 423
130 429
130 431
130 444
130 491
131 132
131 133
131 134
131 136
131 140
131 141
131 144
131 148
131 149
131 161
131 180
131 190
131 210
131 300
131 374
131 375
131 376
131 404
131 421
131 422
131 428
131 430
131 432
131 434
131 435
131 437
131 442
131 443
131 450
131 451
131 454
131 490
131 491
131 501
131 504
131 534
131 594
131 596
131 597
131 598
131 600
132 134
132 137
132 139
132 140
132 141
132 144
132 149
132 180
132 368
132 370
132 374
132 375
132 376
132 403
132 404
132 422
132 429
132 430
132 431
132 432
132 434
132 450
132 451
132 490
132 491
132 506
132 594
133 134
133 137
133 138
133 139
133 141
133 161
133 297
133 300
133 367
133 373
133 374
133 375
133 376
133 403
133 404
133 420
133 421
133 422
133 426
133 429
133 430
133 431
133 442
133 450
133 451
133 594
133 598
134 136
134 137
134 138
134 140
134 141
134 144
134 147
134 148
134 149
134 150
134 161
134 180
134 190
134 300
134 322
134 323
134 327
134 338
134 367
134 371
134 373
134 374
134 375
134 376
134 377
134 378
134 403
134 404
134 421
134 422
134 428
134 429
134 430
134 431
134 432
134 434
134 437
134 439
134 440
134 442
134 443
134 446
134 447
134 448
134 450
134 451
134 490
134 491
134 501
134 504
134 594
134 596
134 597
134 598
134 600
135 302
135 332
135 365
135 367
135 369
135 371
135 373
135 426
135 427
135 433
135 439
135 599
136 140
136 148
136 150
136 159
136 161
136 164
136 374
136 428
136 430
136 432
136 434
136 435
136 437
136 440
136 442
136 448
136 450
136 451
136 454
136 464
136 490
136 501
136 504
136 594
136 600
137 138
137 139
137 140
137 141
137 144
137 147
137 149
137 150
137 297
137 300
137 305
137 323
137 337
137 338
137 339
137 356
137 359
137 367
137 370
137 371
137 372
137 374
137 375
137 376
137 377
137 378
137 379
137 403
137 404
137 405
137 406
137 420
137 421
137 422
137 429
137 430
137 431
137 433
137 440
137 443
137 444
137 446
137 447
137 448
137 450
137 491
137 590
137 594
137 596
137 598
138 139
138 141
138 150
138 377
138 379
138 403
138 405
138 429
138 431
138 433
138 443
138 446
138 450
138 451
139 140
139 141
139 370
139 372
139 375
139 376
139 378
139 379
139 403
139 404
139 420
139 421
139 422
139 429
139 431
139 433
139 444
139 446
139 447
140 141
140 144
140 147
140 148
140 149
140 150
140 152
140 161
140 180
140 300
140 338
140 339
140 342
140 364
140 370
140 371
140 372
140 374
140 375
140 376
140 377
140 403
140 404
140 421
140 422
140 428
140 430
140 431
140 432
140 434
140 435
140 437
140 440
140 442
140 444
140 446
140 447
140 448
140 450
140 451
140 491
140 590
140 594
140 596
140 597
140 598
140 600
141 150
141 339
141 364
141 370
141 372
141 374
141 375
141 376
141 403
141 404
141 420
141 421
141 422
141 429
141 430
141 431
141 432
141 434
141 444
141 446
141 447
141 450
141 451
141 491
141 590
141 594
141 596
141 598
142 373
143 145
143 445
144 374
144 375
144 376
144 377
144 378
144 403
144 404
144 421
144 422
144 428
144 430
144 431
144 432
144 439
144 443
144 491
145 146
145 225
145 389
145 412
145 445
145 447
145 585
146 301
146 303
146 305
146 317
146 332
146 333
146 335
146 340
146 341
146 345
146 347
146 384
146 386
146 388
146 412
146 413
146 414
146 418
146 423
146 447
146 487
147 149
147 300
147 305
147 322
147 323
147 332
147 337
147 338
147 340
147 341
147 342
147 345
147 347
147 348
147 356
147 359
147 363
147 369
147 371
147 372
147 374
147 375
147 376
147 377
147 378
147 403
147 404
147 405
147 412
147 421
147 422
147 429
147 430
147 431
147 443
147 444
147 446
147 447
147 448
147 487
147 491
147 539
147 594
147 596
147 597
147 598
147 599
148 150
148 152
148 161
148 339
148 364
148 374
148 428
148 430
148 432
148 434
148 435
148 437
148 440
148 442
148 448
148 450
148 454
148 464
148 466
148 490
148 501
148 590
148 594
148 598
148 600
149 150
149 180
149 300
149 305
149 322
149 323
149 359
149 371
149 374
149 375
149 376
149 377
149 404
149 421
149 422
149 428
149 430
149 432
149 434
149 437
149 438
149 440
149 443
149 447
149 448
149 487
149 491
149 586
149 594
149 596
149 597
149 598
149 600
150 152
150 161
150 338
150 339
150 341
150 342
150 343
150 356
150 364
150 367
150 371
150 372
150 375
150 376
150 377
150 421
150 430
150 431
150 432
150 434
150 437
150 440
150 442
150 444
150 446
150 447
150 448
150 450
150 590
150 594
150 598
150 599
150 600
151 200
151 295
151 296
151 355
152 161
152 338
152 339
152 343
152 364
152 377
152 415
152 437
152 446
152 447
152 448
152 600
153 229
153 267
153 272
154 157
154 159
154 187
154 188
154 190
154 195
154 196
154 197
154 199
154 201
154 210
154 391
154 417
154 490
154 504
154 514
155 156
155 452
155 454
156 452
156 454
157 196
157 417
157 452
157 468
157 515
158 434
159 160
159 162
159 456
159 496
159 503
159 504
159 505
159 514
161 339
161 364
161 374
161 375
161 376
161 419
161 422
161 428
161 430
161 432
161 434
161 435
161 437
161 440
161 442
161 446
161 448
161 449
161 450
161 451
161 454
161 464
161 490
161 491
161 501
161 504
161 514
161 594
161 598
161 600
163 253
163 275
163 462
165 216
166 234
167 236
168 172
169 470
169 480
169 485
170 239
170 248
170 256
170 269
170 476
170 567
171 485
172 229
172 236
172 239
172 244
172 248
172 258
173 265
173 268
173 278
173 279
173 518
173 527
173 542
173 566
173 577
173 578
173 581
174 217
174 219
174 249
174 251
175 442
176 271
176 497
176 574
177 179
177 181
178 214
178 229
178 255
178 256
178 263
178 268
178 270
178 274
178 278
178 566
179 188
180 428
180 432
180 434
180 437
180 438
180 491
182 208
182 209
182 211
182 219
182 231
182 245
182 265
182 271
182 273
182 274
182 493
183 279
184 298
184 301
184 317
184 332
184 335
184 384
184 388
184 585
184 586
185 284
186 257
186 364
186 568
187 188
187 191
187 193
187 195
187 196
187 199
187 201
187 391
188 190
188 192
188 195
188 196
188 199
188 201
188 207
188 209
188 210
188 271
188 276
188 295
188 391
188 417
189 192
189 206
189 211
189 213
189 222
189 228
189 230
189 234
189 236
189 241
189 244
189 255
189 273
189 489
189 511
189 522
189 551
189 580
190 196
190 210
190 417
190 428
190 432
190 435
190 449
190 454
190 468
190 490
190 501
190 504
190 510
191 193
191 194
191 199
191 201
191 391
191 467
191 492
192 193
192 195
192 204
192 207
192 211
192 212
192 496
192 503
193 194
193 195
193 199
193 201
193 204
193 212
193 391
193 397
193 496
193 533
194 321
194 397
194 410
195 196
195 197
195 199
195 201
195 209
195 210
195 211
195 212
195 216
195 271
195 391
195 417
195 496
195 497
196 199
196 201
196 209
196 210
196 224
196 391
196 416
196 417
196 449
196 467
196 497
197 198
197 211
197 271
197 295
198 200
198 202
198 207
198 211
198 216
198 259
198 271
198 272
198 274
198 278
198 279
198 281
198 295
199 201
199 210
199 391
199 419
199 504
200 202
200 295
200 296
201 210
201 377
201 492
202 261
202 295
204 211
204 212
204 496
205 506
206 213
206 229
206 230
206 240
206 244
206 246
206 247
206 255
206 256
206 268
206 269
206 273
206 278
207 211
207 259
207 271
207 273
207 274
207 295
207 509
208 209
208 219
208 231
208 245
208 265
208 271
208 277
208 468
208 510
208 512
208 513
208 545
208 574
209 210
209 211
209 212
209 216
209 271
209 497
210 271
210 391
210 417
210 449
210 468
210 490
210 497
210 504
211 212
211 216
211 218
211 222
211 231
211 273
211 274
211 493
211 495
211 509
211 513
211 517
212 394
212 395
212 497
213 229
213 230
213 234
213 236
213 255
213 256
213 273
213 274
213 472
213 489
213 521
213 522
214 219
214 274
214 279
215 281
216 273
216 274
216 472
216 524
217 219
217 245
217 268
217 270
217 274
217 278
217 279
218 231
218 245
218 254
218 267
218 273
218 274
218 453
218 493
218 511
218 515
218 517
218 519
218 527
218 542
219 231
219 245
219 254
219 265
219 268
219 270
219 273
219 274
219 275
219 277
219 278
219 279
219 316
219 457
219 512
219 519
219 577
220 287
221 302
221 318
221 319
221 320
221 321
221 333
221 334
221 335
221 336
221 388
221 389
221 393
221 397
221 399
221 400
221 530
221 533
222 226
222 240
222 243
222 245
222 273
222 274
222 489
222 493
222 495
222 520
222 531
222 532
222 540
222 547
222 549
222 550
222 553
222 554
222 561
223 224
223 395
223 533
224 234
225 262
225 534
226 238
226 240
226 243
226 535
227 242
227 536
227 537
228 244
228 269
228 489
228 538
228 580
229 230
229 232
229 233
229 235
229 236
229 238
229 239
229 240
229 243
229 244
229 245
229 246
229 247
229 248
229 250
229 252
229 254
229 255
229 256
229 263
229 265
229 267
229 268
229 269
229 274
229 511
229 518
229 520
229 538
229 544
229 548
229 555
229 556
229 560
229 567
229 570
229 571
229 581
230 231
230 232
230 233
230 234
230 235
230 236
230 238
230 239
230 240
230 243
230 244
230 245
230 246
230 247
230 248
230 250
230 252
230 254
230 255
230 256
230 263
230 265
230 267
230 268
230 269
230 273
230 453
230 479
230 489
230 511
230 518
230 520
230 521
230 527
230 538
230 544
230 547
230 548
230 550
230 551
230 555
230 556
230 557
230 558
230 560
230 561
230 567
230 570
230 571
230 572
230 573
230 581
231 240
231 243
231 245
231 254
231 265
231 271
231 273
231 274
231 453
231 463
231 493
231 495
231 507
231 508
231 511
231 512
231 513
231 515
231 517
231 519
231 531
231 542
231 545
231 574
232 233
232 235
232 236
232 238
232 239
232 240
232 243
232 244
232 246
232 248
232 250
232 252
232 254
232 267
232 453
232 511
232 521
232 538
232 544
232 547
232 548
232 556
232 558
232 560
232 561
233 234
233 239
233 240
233 246
233 247
233 248
233 250
233 252
233 254
233 256
233 265
233 267
233 511
233 521
233 544
233 545
233 556
233 560
234 241
234 273
234 472
234 485
234 489
234 521
234 544
234 551
234 573
235 236
235 237
235 238
235 239
235 240
235 244
235 246
235 247
235 248
235 250
235 286
235 478
235 538
235 544
235 547
235 548
235 549
235 550
235 553
235 554
235 556
235 557
235 558
235 560
235 561
236 237
236 238
236 239
236 240
236 244
236 246
236 247
236 248
236 250
236 252
236 254
236 256
236 267
236 286
236 478
236 489
236 521
236 538
236 544
236 547
236 548
236 549
236 550
236 556
236 557
236 558
236 560
236 561
237 238
237 286
237 287
237 547
238 239
238 240
238 243
238 244
238 246
238 247
238 248
238 250
238 252
238 254
238 256
238 267
238 286
238 478
238 511
238 538
238 544
238 547
238 548
238 549
238 550
238 556
238 558
238 560
238 561
238 570
239 240
239 243
239 244
239 246
239 247
239 248
239 250
239 252
239 254
239 256
239 267
239 268
239 269
239 476
239 478
239 511
239 538
239 544
239 547
239 548
239 549
239 550
239 555
239 556
239 557
239 558
239 560
239 561
239 570
239 571
240 243
240 244
240 245
240 246
240 247
240 248
240 250
240 252
240 254
240 256
240 267
240 268
240 273
240 489
240 493
240 495
240 511
240 520
240 544
240 547
240 548
240 549
240 550
240 553
240 554
240 555
240 556
240 557
240 558
240 560
240 561
240 567
240 570
240 571
241 551
243 244
243 245
243 246
243 247
243 248
243 250
243 252
243 254
243 256
243 265
243 267
243 268
243 270
243 493
243 511
243 548
243 549
243 554
243 555
243 556
243 558
243 560
243 567
243 570
243 571
244 246
244 247
244 248
244 250
244 256
244 269
244 286
244 476
244 478
244 489
244 511
244 520
244 538
244 544
244 547
244 548
244 549
244 550
244 553
244 556
244 557
244 571
244 572
244 573
245 246
245 254
245 263
245 265
245 267
245 268
245 270
245 273
245 274
245 278
245 279
245 493
245 495
245 511
245 518
245 519
245 520
245 531
245 540
245 542
245 554
245 555
245 570
245 581
246 247
246 248
246 250
246 252
246 254
246 256
246 267
246 268
246 547
246 548
246 556
246 558
246 560
247 248
247 250
247 252
247 256
247 267
247 268
247 269
247 476
247 479
247 538
247 547
247 548
247 556
247 557
248 250
248 252
248 253
248 254
248 256
248 267
248 268
248 453
248 478
248 479
248 511
248 520
248 521
248 538
248 544
248 547
248 548
248 549
248 550
248 553
248 554
248 555
248 556
248 557
248 558
248 560
248 561
248 567
248 570
248 571
248 572
248 573
250 252
250 253
250 254
250 256
250 267
250 268
250 463
250 478
250 479
250 511
250 521
250 538
250 544
250 547
250 548
250 549
250 550
250 554
250 555
250 556
250 557
250 558
250 560
250 561
250 567
250 569
250 570
250 571
250 572
250 575
252 254
252 256
252 267
252 268
252 269
252 479
252 548
252 556
252 560
252 569
252 570
252 571
253 254
253 275
253 462
253 463
253 558
253 560
253 561
253 563
253 570
253 575
254 267
254 268
254 453
254 462
254 463
254 493
254 511
254 526
254 542
254 544
254 545
254 547
254 548
254 549
254 550
254 554
254 556
254 557
254 558
254 560
254 561
254 570
254 571
255 256
255 258
255 263
255 269
255 476
256 267
256 268
256 269
256 476
256 479
256 511
256 518
256 520
256 544
256 548
256 555
256 556
256 560
256 567
256 569
256 570
256 571
256 572
256 573
256 581
257 294
257 369
257 384
257 568
257 588
257 589
257 590
257 592
258 259
258 260
258 293
258 296
259 261
259 264
259 295
259 296
259 507
259 568
259 589
261 295
261 296
262 583
263 265
263 268
263 269
263 270
263 273
263 274
263 278
263 520
264 272
264 295
265 268
265 270
265 271
265 273
265 274
265 278
265 281
265 453
265 493
265 495
265 507
265 508
265 511
265 512
265 515
265 518
265 519
265 520
265 531
265 540
265 542
265 545
265 555
265 566
265 567
265 574
265 581
267 556
267 560
268 269
268 270
268 278
268 511
268 518
268 520
268 527
268 566
268 567
268 569
268 570
268 571
268 572
269 270
269 475
269 476
269 538
269 556
269 567
269 572
270 278
270 279
270 316
271 273
271 274
271 468
271 497
271 507
271 513
271 574
272 279
272 280
272 281
273 274
273 472
273 489
273 493
273 495
273 511
273 517
274 278
274 279
274 493
274 495
274 507
274 508
274 517
274 520
274 542
274 574
274 581
275 277
275 457
276 483
277 279
277 281
277 457
277 459
277 499
278 279
278 281
278 457
279 281
279 457
280 481
281 457
281 578
284 285
284 289
284 327
284 332
284 582
284 585
285 286
285 582
286 287
286 547
286 582
286 583
286 584
287 322
287 332
287 421
287 584
288 292
288 484
289 469
290 292
291 325
292 537
293 294
293 297
293 592
294 297
294 338
294 342
294 345
294 351
294 353
294 354
294 355
294 356
294 363
294 380
294 588
294 591
294 592
294 593
295 296
295 402
296 592
297 298
297 300
297 337
297 338
297 339
297 340
297 342
297 343
297 345
297 347
297 348
297 350
297 353
297 354
297 356
297 357
297 363
297 365
297 367
297 369
297 370
297 374
297 375
297 376
297 404
297 420
297 421
297 430
297 431
297 440
297 444
297 446
297 448
297 487
297 588
297 590
297 592
297 593
297 594
297 595
297 596
297 597
297 598
297 599
298 299
298 300
298 487
298 539
298 590
298 595
298 596
298 597
298 598
298 599
299 300
299 387
299 502
299 539
299 595
299 596
299 597
299 599
300 322
300 359
300 370
300 372
300 374
300 375
300 376
300 403
300 404
300 420
300 421
300 422
300 430
300 431
300 437
300 440
300 447
300 448
300 450
300 487
300 491
300 502
300 539
300 590
300 593
300 594
300 595
300 596
300 597
300 598
300 599
300 600
301 302
301 303
301 304
301 305
301 306
301 317
301 320
301 322
301 323
301 324
301 328
301 329
301 332
301 333
301 335
301 369
301 384
301 385
301 412
301 487
301 586
302 303
302 304
302 305
302 322
302 323
302 328
302 329
302 331
302 332
302 333
302 335
302 369
302 586
303 304
303 305
303 306
303 317
303 324
303 332
303 333
303 335
303 384
303 389
304 306
304 308
304 309
304 317
304 324
304 326
305 306
305 322
305 323
305 324
305 327
305 328
305 329
305 330
305 332
305 333
305 335
305 337
305 340
305 341
305 344
305 347
305 348
305 359
305 363
305 371
305 405
305 407
305 409
305 410
305 412
305 413
305 443
305 447
306 309
306 310
306 317
306 321
306 389
307 413
308 309
309 313
309 326
311 317
312 318
314 315
315 319
315 320
315 385
317 319
317 320
317 321
317 384
317 385
317 386
317 388
317 389
317 398
317 414
318 319
318 320
318 329
318 331
318 333
318 335
319 320
319 321
319 336
319 385
319 388
319 393
319 400
319 530
320 321
320 335
320 336
320 385
320 386
320 388
320 389
320 393
320 397
320 398
320 399
320 400
320 530
321 336
321 385
321 388
321 389
321 393
321 395
321 397
321 398
321 399
321 530
321 533
322 323
322 325
322 327
322 328
322 329
322 330
322 331
322 332
322 333
322 335
322 359
322 369
322 374
322 440
322 443
322 487
322 586
322 596
323 324
323 325
323 327
323 328
323 329
323 330
323 331
323 332
323 333
323 334
323 335
323 359
323 363
323 371
323 378
323 412
323 431
323 440
323 443
323 447
323 487
323 491
324 326
324 328
324 329
324 330
324 331
324 333
324 335
324 338
324 371
324 377
324 380
324 412
324 443
324 445
324 487
325 327
325 328
325 329
326 329
327 328
327 329
327 330
327 331
327 332
327 333
327 443
327 582
327 583
328 329
328 330
328 331
328 332
328 333
329 330
329 331
329 332
329 333
329 335
330 331
330 332
330 333
330 359
331 332
331 333
331 334
331 335
331 437
331 443
332 333
332 334
332 335
332 338
332 340
332 342
332 347
332 359
332 369
332 412
332 443
332 586
332 599
333 334
333 335
333 388
333 412
333 440
333 443
333 487
333 586
334 335
335 338
335 342
335 343
335 347
335 359
335 412
335 440
335 443
335 487
335 586
336 392
336 393
336 395
336 397
336 398
336 400
336 530
337 338
337 340
337 341
337 342
337 343
337 344
337 345
337 346
337 347
337 348
337 349
337 351
337 352
337 353
337 354
337 355
337 356
337 358
337 359
337 360
337 361
337 362
337 363
337 367
337 371
337 377
337 378
337 379
337 380
337 381
337 382
337 405
337 406
337 407
337 408
337 409
337 410
337 412
337 413
337 414
337 423
337 425
337 441
337 444
337 447
338 339
338 340
338 341
338 342
338 343
338 344
338 345
338 346
338 347
338 348
338 351
338 352
338 353
338 354
338 356
338 358
338 359
338 361
338 363
338 364
338 367
338 371
338 372
338 376
338 377
338 378
338 379
338 380
338 381
338 382
338 405
338 412
338 414
338 421
338 444
338 446
338 447
338 448
338 491
338 590
339 342
339 343
339 364
339 376
339 377
339 415
339 428
339 431
339 432
339 434
339 435
339 436
339 437
339 438
339 440
339 442
339 446
339 448
339 590
339 594
340 341
340 342
340 343
340 344
340 345
340 346
340 347
340 348
340 349
340 351
340 352
340 353
340 354
340 355
340 356
340 358
340 359
340 360
340 361
340 362
340 363
340 371
340 377
340 378
340 379
340 380
340 381
340 382
340 384
340 405
340 406
340 407
340 408
340 409
340 410
340 412
340 413
340 414
340 423
340 425
340 441
340 444
340 447
340 492
341 342
341 343
341 344
341 345
341 346
341 347
341 348
341 349
341 351
341 352
341 353
341 354
341 355
341 356
341 357
341 358
341 359
341 360
341 361
341 362
341 363
341 367
341 371
341 377
341 378
341 380
341 381
341 382
341 405
341 406
341 407
341 409
341 410
341 412
341 413
341 414
341 418
341 423
341 444
341 446
341 447
342 343
342 344
342 345
342 346
342 347
342 348
342 350
342 351
342 352
342 353
342 354
342 355
342 356
342 357
342 358
342 359
342 360
342 361
342 362
342 363
342 371
342 377
342 378
342 380
342 381
342 382
342 405
342 409
342 410
342 412
342 414
342 425
342 446
342 447
342 448
342 590
342 593
342 596
343 344
343 345
343 346
343 347
343 348
343 350
343 351
343 352
343 353
343 354
343 355
343 356
343 357
343 358
343 359
343 360
343 361
343 362
343 363
343 377
343 380
343 381
343 382
343 405
343 412
343 416
343 425
343 446
343 447
343 448
343 599
344 345
344 346
344 347
344 348
344 349
344 351
344 352
344 353
344 354
344 355
344 356
344 357
344 358
344 359
344 360
344 361
344 362
344 363
344 380
344 381
344 382
344 405
344 406
344 407
344 409
344 410
344 412
344 413
344 414
344 427
344 447
345 346
345 347
345 348
345 349
345 351
345 352
345 353
345 354
345 355
345 356
345 357
345 358
345 359
345 360
345 361
345 362
345 363
345 367
345 371
345 377
345 378
345 380
345 381
345 382
345 405
345 406
345 407
345 409
345 410
345 412
345 413
345 414
345 418
345 420
345 421
345 423
345 424
345 425
345 444
345 446
345 447
345 593
345 595
345 596
346 347
346 348
346 349
346 351
346 352
346 353
346 354
346 355
346 356
346 357
346 358
346 359
346 360
346 361
346 362
346 363
346 380
346 381
346 382
346 405
346 406
346 407
346 409
346 410
346 412
346 413
346 414
346 425
346 441
346 447
347 348
347 349
347 350
347 351
347 352
347 353
347 354
347 355
347 356
347 357
347 358
347 359
347 361
347 362
347 363
347 367
347 369
347 371
347 377
347 380
347 381
347 382
347 384
347 405
347 406
347 407
347 409
347 410
347 412
347 413
347 414
347 418
347 425
347 427
347 433
347 441
347 446
347 447
347 492
347 590
347 596
347 599
348 349
348 350
348 351
348 352
348 353
348 354
348 355
348 356
348 357
348 358
348 359
348 360
348 361
348 362
348 363
348 378
348 380
348 381
348 405
348 406
348 407
348 408
348 409
348 410
348 411
348 412
348 413
348 414
348 423
348 425
348 441
348 444
348 447
348 492
349 351
349 352
349 353
349 354
349 356
349 357
349 358
349 360
349 361
349 362
349 363
349 380
349 381
349 405
349 406
349 407
349 408
349 409
349 410
349 411
349 413
349 414
349 423
349 425
350 357
350 358
350 404
350 410
350 416
350 418
350 419
350 423
350 424
350 425
350 446
350 491
350 492
350 590
350 596
351 352
351 353
351 354
351 355
351 356
351 358
351 359
351 360
351 361
351 362
351 363
351 377
351 378
351 380
351 381
351 382
351 384
351 386
351 405
351 407
351 409
351 410
351 412
351 413
351 414
351 447
352 353
352 354
352 355
352 356
352 358
352 359
352 360
352 361
352 362
352 363
352 377
352 380
352 381
352 382
352 384
352 386
352 405
352 407
352 409
352 410
352 412
352 414
352 447
353 354
353 355
353 356
353 357
353 358
353 359
353 360
353 361
353 362
353 363
353 380
353 381
353 382
353 405
353 406
353 407
353 409
353 410
353 412
353 413
353 414
353 427
353 447
353 593
354 355
354 356
354 357
354 358
354 359
354 360
354 361
354 362
354 363
354 380
354 381
354 405
354 406
354 407
354 409
354 410
354 413
354 414
354 444
354 446
354 447
354 593
354 596
355 356
355 358
355 359
355 360
355 361
355 362
355 363
355 447
356 357
356 358
356 359
356 360
356 361
356 362
356 363
356 367
356 371
356 376
356 377
356 378
356 380
356 381
356 382
356 405
356 406
356 407
356 409
356 410
356 412
356 413
356 414
356 420
356 421
356 425
356 444
356 446
356 447
356 448
356 590
356 593
356 596
357 358
357 410
357 418
357 425
357 446
357 590
357 592
357 593
358 360
358 361
358 362
358 363
358 409
358 410
358 412
358 414
358 418
358 447
359 361
359 363
359 376
359 377
359 378
359 381
359 405
359 406
359 409
359 412
359 413
359 421
359 447
359 491
359 492
359 596
359 597
360 361
360 362
360 363
360 380
360 381
360 386
360 407
360 409
360 410
360 412
360 414
361 362
361 363
361 377
361 380
361 381
361 382
361 384
361 386
361 405
361 407
361 409
361 410
361 412
361 413
361 414
361 447
362 363
362 380
362 410
363 371
363 377
363 378
363 380
363 381
363 382
363 405
363 407
363 409
363 410
363 412
363 413
363 414
363 421
363 444
363 447
364 370
364 372
364 428
364 432
364 434
364 442
364 446
364 447
364 448
364 491
364 590
364 594
364 600
365 366
365 368
365 370
365 373
365 374
365 375
365 376
365 403
365 404
365 420
365 427
365 429
365 431
365 433
365 593
365 596
366 368
366 373
366 403
366 404
366 429
367 369
367 371
367 373
367 376
367 377
367 378
367 379
367 380
367 381
367 382
367 404
367 405
367 412
367 418
367 420
367 423
367 424
367 430
367 431
367 446
367 447
367 448
367 491
367 590
368 370
368 372
368 374
368 375
368 376
368 422
368 429
368 486
369 371
369 372
369 373
369 376
369 427
369 433
369 440
369 446
369 586
369 590
369 598
369 599
370 372
370 374
370 375
370 376
370 404
370 420
370 421
370 422
370 429
370 430
370 431
370 434
370 440
370 444
370 448
370 491
370 590
370 593
370 594
370 596
370 598
371 372
371 373
371 375
371 376
371 377
371 378
371 379
371 380
371 381
371 382
371 404
371 405
371 412
371 430
371 431
371 444
371 446
371 447
371 448
371 491
371 590
371 598
372 375
372 376
372 420
372 421
372 422
372 430
372 431
372 440
372 444
372 446
372 447
372 448
372 590
372 593
372 594
372 596
372 598
373 374
373 376
373 403
373 404
373 426
373 429
373 430
373 431
373 432
373 437
373 439
373 450
373 451
373 596
373 598
374 375
374 376
374 403
374 404
374 419
374 421
374 422
374 428
374 429
374 430
374 431
374 432
374 434
374 435
374 437
374 439
374 440
374 442
374 443
374 448
374 450
374 451
374 490
374 491
374 501
374 504
374 590
374 594
374 596
374 597
374 598
374 599
374 600
375 376
375 403
375 404
375 420
375 421
375 422
375 429
375 430
375 431
375 432
375 434
375 440
375 442
375 444
375 446
375 447
375 448
375 450
375 451
375 491
375 501
375 590
375 594
375 596
375 597
375 598
375 599
376 377
376 378
376 403
376 404
376 419
376 420
376 421
376 422
376 428
376 429
376 430
376 431
376 432
376 433
376 434
376 437
376 439
376 440
376 442
376 443
376 444
376 446
376 447
376 448
376 450
376 451
376 490
376 491
376 501
376 590
376 594
376 596
376 597
376 598
377 378
377 379
377 380
377 381
377 382
377 405
377 412
377 430
377 431
377 443
377 444
377 446
377 447
377 448
377 491
378 379
378 380
378 381
378 382
378 405
378 412
378 431
378 444
378 446
378 447
378 491
379 380
379 381
379 405
379 407
379 431
379 444
379 447
380 381
380 382
380 405
380 407
380 409
380 410
380 412
380 413
380 414
380 425
380 444
380 446
380 447
381 382
381 386
381 405
381 407
381 408
381 409
381 410
381 412
381 413
381 414
381 444
381 447
382 405
382 412
382 414
382 444
382 446
382 447
383 592
384 385
384 386
384 396
384 408
384 409
384 410
384 412
384 414
384 424
384 487
384 492
384 586
385 386
385 388
385 393
385 396
385 398
385 400
385 424
385 530
386 388
386 398
386 412
386 413
386 414
387 579
388 389
388 398
388 530
389 533
390 490
391 417
391 467
391 496
392 395
392 530
393 394
393 395
393 397
393 398
393 400
393 530
394 395
394 397
395 397
395 399
395 400
395 530
395 533
396 398
396 400
396 407
396 408
396 409
396 410
396 411
397 399
397 530
397 533
398 400
398 411
398 418
398 530
399 530
399 533
400 530
401 413
401 418
401 423
401 424
403 404
403 405
403 420
403 421
403 422
403 429
403 430
403 431
403 432
403 450
403 451
403 491
403 594
403 596
403 597
403 598
404 419
404 420
404 421
404 422
404 423
404 424
404 428
404 429
404 430
404 431
404 432
404 433
404 434
404 439
404 443
404 450
404 451
404 491
404 492
404 594
404 596
404 597
404 598
405 406
405 407
405 408
405 409
405 410
405 412
405 413
405 414
405 420
405 423
405 425
405 444
405 447
405 492
406 407
406 408
406 409
406 410
406 411
406 413
406 414
406 420
406 423
406 425
406 444
407 408
407 409
407 410
407 411
407 412
407 413
407 414
407 418
407 420
407 423
407 424
407 425
407 441
407 444
407 492
408 409
408 410
408 411
408 413
408 423
408 424
408 425
408 492
409 410
409 411
409 412
409 413
409 414
409 423
409 425
409 441
409 492
410 411
410 412
410 413
410 414
410 418
410 423
410 425
410 427
410 441
410 492
411 413
411 414
411 423
411 424
412 413
412 414
412 418
412 423
412 424
412 433
412 444
412 446
412 447
412 487
413 414
413 418
413 420
413 423
413 424
413 444
414 418
414 423
414 424
414 444
414 447
415 459
415 461
415 466
415 468
415 543
416 417
416 419
416 425
416 449
417 449
417 454
417 467
417 468
417 490
417 496
417 497
417 504
417 513
418 423
418 424
418 530
419 425
419 428
419 430
419 432
419 435
419 439
419 451
419 490
419 491
419 492
419 504
419 594
419 600
420 421
420 422
420 423
420 424
420 429
420 431
420 433
420 444
420 446
420 447
420 450
420 593
420 594
420 595
420 596
420 597
420 598
420 599
421 422
421 429
421 430
421 431
421 440
421 444
421 446
421 447
421 448
421 450
421 491
421 590
421 593
421 594
421 595
421 596
421 597
421 598
421 599
422 428
422 429
422 430
422 431
422 432
422 434
422 435
422 436
422 437
422 440
422 442
422 448
422 450
422 451
422 490
422 491
422 501
422 594
422 596
422 597
422 598
423 424
423 444
423 492
424 492
425 492
426 430
426 439
427 588
427 591
428 430
428 432
428 434
428 435
428 437
428 438
428 439
428 440
428 442
428 443
428 446
428 448
428 449
428 450
428 451
428 454
428 458
428 464
428 490
428 491
428 501
428 504
428 514
428 534
428 590
428 594
428 600
429 430
429 431
429 433
429 450
429 451
429 598
430 431
430 432
430 433
430 434
430 435
430 437
430 438
430 439
430 440
430 442
430 443
430 446
430 447
430 448
430 450
430 451
430 487
430 490
430 491
430 501
430 504
430 590
430 594
430 596
430 597
430 598
430 599
430 600
431 432
431 433
431 434
431 440
431 443
431 444
431 446
431 447
431 448
431 450
431 451
431 491
431 594
431 596
431 598
432 434
432 435
432 437
432 439
432 440
432 442
432 443
432 446
432 448
432 450
432 451
432 454
432 464
432 490
432 491
432 501
432 504
432 514
432 594
432 596
432 598
432 600
433 443
433 446
433 447
433 491
434 435
434 436
434 437
434 440
434 442
434 448
434 450
434 451
434 454
434 464
434 466
434 490
434 491
434 501
434 504
434 510
434 594
434 598
434 600
435 436
435 437
435 442
435 449
435 451
435 454
435 458
435 460
435 461
435 464
435 468
435 490
435 501
435 504
435 510
435 514
435 594
435 600
436 442
436 448
437 438
437 440
437 442
437 443
437 448
437 450
437 451
437 454
437 464
437 466
437 487
437 490
437 491
437 501
437 594
437 596
437 597
437 598
437 599
437 600
438 448
438 600
439 443
439 491
440 442
440 443
440 444
440 446
440 448
440 450
440 491
440 586
440 590
440 594
440 598
442 443
442 446
442 448
442 450
442 451
442 454
442 464
442 490
442 491
442 501
442 594
442 598
442 600
443 445
443 450
443 491
443 501
444 446
444 447
444 593
444 596
446 447
446 448
446 491
446 590
446 593
446 594
446 598
446 599
447 448
447 491
447 596
447 598
448 487
448 491
448 504
448 586
448 590
448 594
448 596
448 598
448 599
448 600
449 454
449 468
449 600
450 451
450 490
450 491
450 501
450 594
450 596
450 597
450 598
450 599
450 600
451 490
451 491
451 501
451 504
451 594
451 600
452 454
452 460
452 464
452 468
452 510
452 512
452 513
452 515
452 529
452 543
453 493
453 495
453 507
453 508
453 511
453 512
453 513
453 515
453 517
453 518
453 519
453 520
453 521
453 527
453 531
453 540
453 541
453 542
453 544
453 545
453 554
453 555
453 558
453 560
453 561
453 567
453 570
453 571
453 574
453 581
454 461
454 464
454 468
454 490
454 501
454 504
454 510
454 514
454 543
454 594
455 456
456 458
456 461
456 465
456 494
456 514
457 499
457 577
457 578
458 460
458 461
458 464
458 465
458 494
458 514
459 565
460 461
460 465
460 468
460 510
460 512
460 513
460 514
460 515
460 517
461 464
461 465
461 468
461 494
461 510
461 512
461 513
461 514
461 515
461 578
462 463
462 575
463 493
463 512
463 519
463 526
463 531
463 549
463 558
463 560
463 561
463 570
463 575
463 576
464 466
464 501
464 510
464 514
464 529
465 494
465 503
465 512
465 513
465 514
465 528
465 577
466 510
467 496
467 497
468 474
468 497
468 510
468 513
468 514
468 515
468 543
469 559
471 522
473 505
474 485
474 507
474 513
474 515
474 523
474 574
475 538
476 527
476 538
476 567
476 572
477 523
478 547
478 556
479 511
479 518
479 520
479 527
479 538
479 544
479 548
479 550
479 555
479 556
479 567
479 569
479 570
479 571
479 572
479 573
479 581
482 484
485 507
487 539
487 586
487 595
487 596
487 597
487 598
487 599
487 600
488 566
488 568
489 495
489 498
489 511
489 516
489 520
489 521
489 522
489 527
489 538
489 544
489 547
489 548
489 549
489 550
489 551
489 553
489 554
489 561
489 573
489 581
490 491
490 501
490 504
490 510
490 514
490 594
490 600
491 492
491 501
491 594
491 596
491 597
493 495
493 507
493 508
493 511
493 512
493 513
493 515
493 516
493 517
493 518
493 519
493 520
493 521
493 526
493 527
493 528
493 531
493 540
493 542
493 549
493 554
493 555
493 561
493 567
493 570
493 574
493 576
493 577
493 581
494 496
494 503
494 513
494 514
495 508
495 511
495 512
495 513
495 517
495 519
495 542
495 549
495 554
496 497
496 503
496 505
496 514
497 513
497 515
497 574
498 516
498 520
498 524
498 540
498 541
498 577
498 581
500 577
501 504
501 534
501 594
501 600
502 504
502 539
502 588
502 590
502 594
502 596
502 597
502 598
502 600
503 505
504 505
504 514
504 594
504 600
506 537
507 508
507 509
507 512
507 513
507 515
507 519
507 542
507 574
508 511
508 512
508 518
508 519
508 520
508 521
508 527
508 528
508 531
508 540
508 541
508 542
508 545
508 555
508 561
508 567
508 570
508 571
508 574
508 577
508 581
509 516
509 566
509 574
510 514
510 529
511 516
511 518
511 519
511 520
511 521
511 527
511 531
511 538
511 540
511 542
511 544
511 548
511 549
511 550
511 551
511 554
511 555
511 556
511 557
511 558
511 560
511 561
511 567
511 570
511 571
511 572
511 573
511 581
512 513
512 515
512 517
512 519
512 526
512 531
512 540
512 541
512 542
512 545
512 574
512 576
512 577
512 578
513 514
513 515
513 517
513 519
513 542
513 543
513 574
515 517
515 519
515 542
515 543
515 545
515 574
515 576
515 578
516 518
516 520
516 524
516 527
516 555
516 566
516 567
516 573
516 574
516 577
516 581
517 519
517 526
517 542
517 552
517 576
518 519
518 520
518 521
518 524
518 527
518 531
518 540
518 542
518 544
518 550
518 554
518 555
518 566
518 567
518 570
518 571
518 572
518 573
518 574
518 577
518 581
519 526
519 528
519 531
519 540
519 542
519 545
519 554
519 562
519 570
519 574
519 576
519 577
519 578
519 581
520 521
520 524
520 527
520 531
520 540
520 542
520 544
520 548
520 549
520 550
520 553
520 554
520 555
520 561
520 566
520 567
520 570
520 571
520 572
520 573
520 577
520 581
521 527
521 540
521 542
521 544
521 545
521 547
521 548
521 550
521 555
521 558
521 560
521 561
521 570
521 571
521 573
521 581
522 551
522 580
524 527
524 528
524 542
524 574
524 577
524 581
525 528
525 577
526 528
526 531
526 542
526 554
526 575
526 576
526 577
527 528
527 531
527 538
527 540
527 542
527 554
527 555
527 561
527 564
527 566
527 567
527 570
527 571
527 572
527 573
527 577
527 581
528 575
528 577
529 587
530 533
531 540
531 542
531 545
531 550
531 554
531 555
531 558
531 560
531 561
531 570
531 571
531 575
531 576
531 577
531 581
532 546
532 553
532 554
534 600
536 537
538 544
538 547
538 548
538 551
538 556
538 557
538 558
538 561
538 567
538 570
538 571
538 572
538 573
539 588
539 594
539 595
539 596
539 597
539 598
539 599
539 600
540 542
540 550
540 554
540 555
540 558
540 561
540 567
540 570
540 571
540 577
540 581
541 542
541 577
542 545
542 554
542 555
542 560
542 561
542 562
542 567
542 570
542 571
542 574
542 576
542 577
542 578
542 581
543 545
544 547
544 548
544 549
544 550
544 555
544 556
544 557
544 558
544 560
544 561
544 567
544 570
544 571
544 572
544 573
544 581
545 560
545 570
545 578
547 548
547 549
547 550
547 553
547 554
547 556
547 557
547 558
547 560
547 561
547 563
547 570
547 584
548 549
548 550
548 553
548 554
548 555
548 556
548 557
548 558
548 560
548 561
548 569
548 570
548 571
548 572
548 573
548 575
549 550
549 553
549 554
549 555
549 556
549 557
549 558
549 560
549 561
549 570
549 575
550 551
550 553
550 554
550 555
550 556
550 557
550 558
550 560
550 561
550 567
550 569
550 570
550 571
550 572
550 573
550 581
551 561
551 573
553 554
553 556
553 557
553 560
553 561
553 570
554 555
554 556
554 557
554 558
554 560
554 561
554 570
555 556
555 557
555 558
555 560
555 561
555 562
555 566
555 567
555 569
555 570
555 571
555 572
555 573
555 581
556 557
556 558
556 560
556 561
556 569
556 570
556 571
556 572
556 573
557 558
557 560
557 561
557 570
557 572
558 560
558 561
558 563
558 570
558 571
558 572
558 575
558 576
560 561
560 569
560 570
560 571
560 572
561 567
561 570
561 571
561 573
561 575
562 576
562 577
565 568
565 589
565 590
565 592
566 567
566 571
566 572
566 577
566 581
567 570
567 571
567 572
567 573
567 577
567 581
568 589
568 592
568 593
569 570
569 571
569 572
570 571
570 572
570 573
570 575
570 576
570 577
570 581
571 572
571 573
571 581
572 573
572 581
573 581
574 577
574 581
575 576
576 577
576 578
577 578
577 581
582 583
583 584
588 591
588 592
588 593
588 595
589 592
590 592
590 593
590 594
590 596
590 597
590 598
590 599
590 600
592 593
593 595
593 596
593 598
593 599
594 595
594 596
594 597
594 598
594 599
594 600
595 596
595 597
595 598
595 599
596 597
596 598
596 599
596 600
597 598
597 599
597 600
598 599
598 600
599 600
