600 8987

1 20
1 98
1 282
1 290
1 322
1 325
1 364
1 443
1 582
1 587
1 589
1 592
1 596
2 20
2 32
2 122
2 267
2 292
2 301
2 302
2 304
2 305
2 322
2 444
3 6
3 7
3 12
3 18
3 37
3 102
3 308
3 559
4 11
4 18
4 19
4 20
4 21
4 22
4 26
4 31
4 33
4 35
4 37
4 38
4 98
4 100
4 103
4 237
4 287
4 317
4 319
4 320
4 321
4 327
4 332
4 333
4 334
4 336
5 16
5 21
5 24
5 29
5 32
5 102
5 304
5 312
5 319
5 324
5 326
5 329
5 331
6 264
6 541
6 562
7 9
7 12
7 15
7 249
7 306
7 309
7 313
7 314
7 315
7 316
7 485
8 486
9 15
9 166
9 316
9 485
10 266
11 16
11 18
11 19
11 20
11 21
11 22
11 23
11 26
11 28
11 31
11 33
11 38
11 94
11 97
11 98
11 100
11 101
11 103
11 220
11 221
11 237
11 286
11 287
11 315
11 317
11 318
11 319
11 320
11 321
11 327
11 329
11 332
11 333
11 334
11 335
11 336
11 392
12 13
12 14
12 15
12 16
12 17
12 37
12 209
12 306
12 309
12 313
12 315
12 316
13 14
13 15
13 17
13 209
13 266
13 309
13 313
13 315
13 316
13 479
14 15
14 16
14 17
14 19
14 209
14 313
14 315
14 316
14 318
15 16
15 17
15 206
15 309
15 313
15 315
15 316
15 485
16 17
16 18
16 19
16 23
16 37
16 102
16 316
16 318
16 319
16 320
16 324
16 336
17 19
17 23
17 37
17 313
17 315
17 316
17 318
18 19
18 20
18 37
18 93
18 98
18 100
18 101
18 102
18 103
18 105
18 110
18 187
18 221
18 283
18 317
18 319
18 320
18 321
18 336
18 389
18 391
18 392
18 397
19 21
19 22
19 23
19 26
19 28
19 30
19 31
19 33
19 35
19 36
19 37
19 38
19 100
19 220
19 221
19 222
19 237
19 240
19 286
19 287
19 315
19 318
19 319
19 320
19 321
19 324
19 327
19 328
19 329
19 332
19 333
19 334
19 335
19 336
19 392
19 530
19 583
20 21
20 30
20 33
20 93
20 94
20 95
20 98
20 99
20 100
20 101
20 103
20 104
20 105
20 117
20 118
20 220
20 292
20 301
20 302
20 304
20 305
20 319
20 320
20 321
20 322
20 325
20 329
20 331
20 332
20 335
20 336
20 386
20 390
20 391
20 392
20 395
20 529
20 530
21 22
21 28
21 30
21 31
21 33
21 34
21 36
21 38
21 94
21 95
21 98
21 100
21 101
21 103
21 104
21 117
21 220
21 221
21 237
21 287
21 292
21 304
21 305
21 319
21 320
21 321
21 322
21 323
21 324
21 325
21 327
21 328
21 329
21 330
21 331
21 332
21 333
21 334
21 335
21 336
21 390
21 391
21 392
21 445
21 529
21 530
21 584
22 23
22 26
22 28
22 30
22 31
22 33
22 237
22 327
22 328
22 329
22 582
22 583
23 26
23 28
23 30
23 31
23 36
23 37
23 38
23 220
23 221
23 237
23 303
23 318
23 319
23 320
23 324
23 335
23 336
24 29
24 32
24 102
24 304
24 319
24 324
24 326
24 331
25 229
25 230
25 231
25 245
25 284
25 285
25 520
25 546
25 547
25 581
25 583
26 28
26 30
26 31
26 33
26 34
26 36
26 38
26 220
26 237
26 286
26 287
26 327
26 328
26 332
26 333
26 334
26 335
26 529
26 549
26 553
26 584
27 30
27 32
27 304
28 30
28 31
28 34
28 36
28 220
28 237
28 286
28 287
28 318
28 327
28 328
28 329
28 332
28 335
28 584
29 32
29 312
29 326
29 329
29 331
29 520
30 31
30 32
30 33
30 34
30 36
30 38
30 101
30 220
30 221
30 237
30 286
30 287
30 304
30 319
30 320
30 321
30 323
30 324
30 327
30 328
30 329
30 330
30 332
30 333
30 334
30 335
30 336
30 392
30 529
30 530
31 33
31 34
31 36
31 220
31 237
31 286
31 287
31 327
31 328
31 329
31 332
31 335
31 529
31 584
32 304
32 312
32 329
32 331
33 34
33 35
33 36
33 37
33 38
33 98
33 100
33 101
33 103
33 104
33 220
33 221
33 222
33 223
33 237
33 286
33 287
33 292
33 319
33 320
33 321
33 323
33 324
33 325
33 327
33 328
33 329
33 330
33 332
33 333
33 334
33 335
33 336
33 389
33 391
33 392
33 412
33 445
33 529
33 530
33 533
33 553
33 583
33 584
34 36
34 40
34 53
34 97
34 99
34 117
34 136
34 142
34 143
34 160
34 203
34 220
34 225
34 237
34 240
34 242
34 244
34 262
34 286
34 287
34 296
34 299
34 327
34 328
34 330
34 332
34 333
34 334
34 335
34 339
34 341
34 364
34 382
34 386
34 415
34 421
34 422
34 428
34 439
34 440
34 445
34 446
34 448
34 454
34 456
34 529
34 530
34 534
34 549
34 553
34 584
35 36
35 37
35 38
35 98
35 100
35 220
35 221
35 222
35 223
35 237
35 328
35 333
35 334
35 335
35 336
35 389
35 391
35 392
35 530
35 533
35 580
35 595
36 38
36 101
36 220
36 221
36 222
36 237
36 286
36 287
36 320
36 321
36 323
36 327
36 328
36 329
36 330
36 332
36 333
36 334
36 335
36 336
36 529
36 530
36 533
36 553
36 584
37 38
37 100
37 102
37 221
37 223
37 237
37 309
37 313
37 319
37 320
37 333
37 334
37 336
37 391
37 392
37 559
37 562
38 100
38 103
38 220
38 221
38 222
38 237
38 287
38 319
38 320
38 321
38 328
38 332
38 333
38 334
38 335
38 336
38 361
38 389
38 391
38 392
38 397
38 412
38 530
38 533
39 41
39 42
39 47
39 48
39 54
39 55
39 58
39 88
39 89
39 113
39 115
39 116
39 130
39 138
39 204
39 337
39 340
39 405
39 406
39 407
39 409
39 411
39 461
40 42
40 44
40 45
40 49
40 50
40 53
40 54
40 58
40 59
40 61
40 63
40 64
40 73
40 75
40 77
40 78
40 82
40 91
40 124
40 132
40 134
40 136
40 138
40 141
40 142
40 144
40 146
40 148
40 149
40 150
40 158
40 159
40 161
40 163
40 227
40 242
40 341
40 344
40 349
40 353
40 355
40 356
40 359
40 372
40 383
40 409
40 418
40 426
40 428
40 432
40 437
40 440
40 448
40 456
40 457
40 462
41 42
41 43
41 45
41 46
41 48
41 50
41 52
41 53
41 54
41 55
41 58
41 59
41 60
41 61
41 73
41 88
41 89
41 115
41 116
41 123
41 138
41 337
41 338
41 340
41 342
41 343
41 344
41 346
41 347
41 348
41 349
41 356
41 376
41 407
41 409
41 411
42 43
42 44
42 45
42 46
42 47
42 48
42 50
42 53
42 54
42 55
42 57
42 58
42 59
42 60
42 61
42 63
42 64
42 66
42 78
42 79
42 82
42 88
42 89
42 115
42 116
42 123
42 138
42 204
42 337
42 338
42 340
42 342
42 343
42 344
42 346
42 347
42 348
42 349
42 353
42 356
42 359
42 375
42 376
42 406
42 407
42 409
42 411
43 45
43 46
43 48
43 52
43 53
43 54
43 55
43 57
43 58
43 59
43 60
43 61
43 79
43 81
43 88
43 89
43 90
43 91
43 95
43 117
43 118
43 122
43 123
43 126
43 134
43 292
43 330
43 337
43 338
43 339
43 340
43 342
43 343
43 344
43 345
43 346
43 347
43 348
43 349
43 351
43 353
43 354
43 356
43 359
43 363
43 376
43 381
43 382
43 396
43 398
43 405
43 409
43 410
43 416
43 447
44 49
44 50
44 54
44 58
44 59
44 60
44 61
44 63
44 64
44 65
44 68
44 69
44 73
44 74
44 75
44 77
44 78
44 79
44 81
44 82
44 90
44 91
44 126
44 129
44 133
44 134
44 138
44 140
44 141
44 142
44 145
44 146
44 148
44 149
44 150
44 152
44 159
44 161
44 162
44 201
44 203
44 242
44 339
44 341
44 344
44 348
44 349
44 353
44 354
44 355
44 356
44 357
44 359
44 363
44 368
44 370
44 372
44 415
44 418
44 421
44 429
44 430
44 432
44 435
44 437
44 440
44 444
44 446
44 447
44 448
44 456
44 458
44 462
44 466
44 477
44 536
44 577
45 46
45 48
45 50
45 53
45 54
45 55
45 58
45 59
45 61
45 63
45 64
45 73
45 82
45 88
45 89
45 115
45 138
45 337
45 338
45 340
45 342
45 343
45 344
45 346
45 347
45 348
45 349
45 350
45 353
45 356
45 359
45 375
45 376
45 407
45 409
45 411
45 447
46 48
46 52
46 53
46 54
46 55
46 58
46 59
46 88
46 89
46 115
46 118
46 337
46 338
46 340
46 342
46 343
46 344
46 345
46 346
46 347
46 349
46 350
46 396
46 398
46 407
46 409
46 410
46 411
47 48
47 52
47 54
47 55
47 56
47 57
47 58
47 60
47 88
47 107
47 115
47 116
47 123
47 126
47 141
47 197
47 204
47 337
47 340
47 342
47 343
47 344
47 347
47 348
47 349
47 353
47 356
47 375
47 396
47 400
47 405
47 406
47 407
47 409
47 435
48 52
48 54
48 55
48 57
48 58
48 59
48 62
48 88
48 89
48 115
48 124
48 337
48 338
48 340
48 342
48 343
48 344
48 345
48 346
48 347
48 349
48 350
48 351
48 358
48 381
48 396
48 398
48 407
48 409
48 410
48 411
48 416
48 447
49 50
49 53
49 54
49 58
49 59
49 60
49 61
49 63
49 64
49 65
49 68
49 73
49 74
49 75
49 76
49 78
49 79
49 81
49 82
49 90
49 91
49 122
49 124
49 125
49 126
49 129
49 134
49 136
49 138
49 140
49 141
49 142
49 145
49 147
49 148
49 149
49 150
49 152
49 155
49 159
49 160
49 161
49 163
49 201
49 203
49 219
49 242
49 296
49 339
49 341
49 348
49 349
49 353
49 354
49 355
49 356
49 357
49 359
49 363
49 372
49 415
49 418
49 421
49 422
49 429
49 430
49 437
49 440
49 442
49 444
49 446
49 448
49 454
49 456
49 458
49 462
49 466
49 488
49 543
49 577
50 51
50 54
50 58
50 59
50 61
50 63
50 64
50 65
50 75
50 82
50 124
50 138
50 149
50 150
50 349
50 351
50 355
50 359
50 418
50 444
50 447
51 54
51 58
51 59
51 62
51 63
51 124
51 345
51 346
51 349
51 351
51 352
51 362
51 447
52 57
52 62
52 89
52 105
52 123
52 124
52 337
52 338
52 340
52 342
52 343
52 345
52 346
52 347
52 349
52 350
52 351
52 352
52 358
52 362
52 395
52 396
52 398
52 416
52 441
53 54
53 55
53 58
53 60
53 61
53 63
53 64
53 65
53 66
53 89
53 99
53 136
53 145
53 146
53 159
53 175
53 227
53 298
53 337
53 338
53 339
53 341
53 342
53 344
53 347
53 348
53 349
53 350
53 353
53 355
53 356
53 357
53 359
53 363
53 381
53 409
53 413
53 415
53 418
53 421
53 426
53 428
53 440
53 444
53 448
53 454
53 456
53 457
53 458
53 481
53 484
53 486
54 55
54 57
54 58
54 59
54 60
54 61
54 63
54 64
54 65
54 66
54 73
54 75
54 82
54 88
54 89
54 91
54 115
54 116
54 123
54 124
54 134
54 138
54 142
54 144
54 146
54 149
54 150
54 204
54 227
54 337
54 338
54 339
54 340
54 342
54 343
54 344
54 345
54 346
54 347
54 348
54 349
54 350
54 353
54 355
54 356
54 357
54 359
54 362
54 363
54 375
54 376
54 381
54 398
54 405
54 406
54 407
54 409
54 410
54 411
54 418
54 426
54 441
54 444
54 447
54 456
54 457
54 536
55 56
55 57
55 58
55 59
55 60
55 61
55 64
55 65
55 66
55 88
55 89
55 115
55 120
55 123
55 124
55 134
55 152
55 204
55 299
55 344
55 347
55 348
55 349
55 350
55 353
55 354
55 356
55 363
55 409
55 411
55 413
56 57
56 60
56 65
56 66
56 204
56 338
56 339
56 340
56 347
56 348
56 353
56 358
56 359
56 362
56 375
56 381
56 400
56 401
56 413
57 58
57 59
57 60
57 64
57 65
57 66
57 79
57 123
57 124
57 125
57 149
57 152
57 204
57 337
57 338
57 340
57 341
57 342
57 343
57 347
57 350
57 351
57 356
57 357
57 358
57 376
57 401
57 412
57 413
57 414
57 440
58 59
58 60
58 61
58 63
58 64
58 65
58 66
58 73
58 75
58 82
58 88
58 89
58 91
58 115
58 116
58 123
58 124
58 125
58 134
58 138
58 142
58 144
58 146
58 149
58 150
58 161
58 163
58 204
58 337
58 340
58 341
58 342
58 343
58 344
58 345
58 346
58 347
58 348
58 349
58 350
58 353
58 354
58 355
58 356
58 357
58 359
58 362
58 363
58 372
58 375
58 403
58 405
58 406
58 407
58 409
58 418
58 432
58 435
58 437
58 444
58 447
58 454
58 456
58 462
58 477
58 500
58 515
58 536
59 60
59 61
59 62
59 63
59 64
59 66
59 82
59 89
59 124
59 125
59 134
59 150
59 152
59 311
59 347
59 348
59 349
59 350
59 351
59 353
59 356
59 357
59 358
59 359
59 363
59 414
59 418
59 444
59 447
59 449
60 61
60 63
60 64
60 65
60 66
60 79
60 81
60 82
60 88
60 91
60 134
60 141
60 145
60 147
60 152
60 204
60 296
60 337
60 338
60 339
60 340
60 341
60 344
60 347
60 348
60 349
60 350
60 351
60 353
60 354
60 355
60 356
60 357
60 359
60 362
60 363
60 375
60 376
60 381
60 405
60 409
60 412
60 413
60 414
60 415
60 418
60 421
60 422
60 430
60 440
60 444
60 454
61 63
61 64
61 65
61 66
61 68
61 69
61 73
61 75
61 78
61 79
61 81
61 82
61 89
61 90
61 91
61 99
61 122
61 125
61 134
61 138
61 139
61 141
61 142
61 145
61 146
61 148
61 149
61 150
61 155
61 157
61 159
61 161
61 162
61 163
61 175
61 203
61 227
61 242
61 337
61 338
61 339
61 341
61 342
61 344
61 347
61 348
61 349
61 350
61 353
61 354
61 355
61 356
61 357
61 359
61 363
61 372
61 375
61 409
61 415
61 418
61 421
61 422
61 426
61 429
61 430
61 437
61 439
61 440
61 444
61 447
61 448
61 454
61 456
61 458
61 462
61 543
62 67
62 345
62 351
62 352
62 358
62 360
62 414
62 447
63 64
63 65
63 68
63 69
63 73
63 75
63 78
63 79
63 82
63 90
63 91
63 134
63 140
63 146
63 149
63 150
63 161
63 242
63 341
63 348
63 349
63 353
63 355
63 356
63 357
63 359
63 372
63 418
63 430
63 440
63 447
64 65
64 66
64 82
64 124
64 125
64 126
64 134
64 138
64 147
64 149
64 152
64 341
64 347
64 348
64 350
64 351
64 353
64 354
64 356
64 357
64 359
64 363
64 413
64 414
64 418
64 430
64 440
64 444
65 66
65 75
65 79
65 82
65 124
65 149
65 152
65 204
65 348
65 357
65 359
65 362
65 413
66 67
66 91
66 123
66 347
66 348
66 350
66 351
66 353
66 354
66 356
66 357
66 359
66 362
66 363
66 412
67 81
67 101
67 122
67 345
67 347
67 351
67 352
67 354
67 358
67 361
67 363
67 385
67 390
67 395
67 412
67 414
67 445
67 533
68 69
68 71
68 74
68 75
68 81
68 82
68 90
68 134
68 150
68 242
68 261
68 339
68 341
68 349
68 353
68 355
68 356
68 359
68 364
68 365
68 369
68 372
68 383
68 418
68 421
68 429
68 437
68 444
68 506
68 592
69 70
69 71
69 74
69 75
69 79
69 81
69 83
69 90
69 129
69 135
69 140
69 143
69 146
69 160
69 180
69 203
69 242
69 294
69 297
69 339
69 341
69 353
69 355
69 357
69 359
69 364
69 365
69 367
69 368
69 369
69 370
69 372
69 373
69 415
69 420
69 421
69 422
69 425
69 429
69 434
69 438
69 440
69 446
69 458
69 592
69 593
69 596
70 71
70 72
70 129
70 143
70 145
70 146
70 180
70 203
70 228
70 242
70 244
70 246
70 260
70 262
70 294
70 367
70 369
70 370
70 373
70 415
70 425
70 429
70 438
70 448
70 458
70 592
70 593
70 596
71 72
71 74
71 76
71 129
71 143
71 160
71 242
71 260
71 294
71 297
71 339
71 341
71 353
71 364
71 365
71 367
71 368
71 370
71 415
71 420
71 421
71 425
71 428
71 429
71 434
71 438
71 440
71 448
71 577
71 589
71 592
71 593
71 596
72 77
72 131
72 144
72 593
73 74
73 75
73 78
73 82
73 133
73 134
73 137
73 138
73 139
73 150
73 349
73 355
73 369
73 372
73 383
73 408
73 429
73 430
73 432
73 447
74 75
74 78
74 82
74 133
74 135
74 140
74 141
74 145
74 146
74 150
74 161
74 165
74 201
74 203
74 204
74 242
74 339
74 355
74 356
74 365
74 367
74 368
74 369
74 370
74 372
74 408
74 415
74 419
74 423
74 425
74 429
74 430
74 432
74 435
74 437
74 440
74 442
74 458
74 460
74 500
74 501
74 504
74 516
74 577
75 78
75 79
75 82
75 90
75 91
75 134
75 138
75 140
75 146
75 161
75 242
75 339
75 341
75 353
75 355
75 359
75 368
75 370
75 372
75 421
75 429
75 430
75 440
76 127
76 128
76 129
76 131
76 132
76 145
76 146
76 147
76 148
76 156
76 158
76 159
76 163
76 175
76 176
76 179
76 219
76 228
76 246
76 257
76 260
76 282
76 290
76 293
76 415
76 418
76 421
76 425
76 427
76 428
76 429
76 437
76 438
76 440
76 448
76 456
76 457
76 458
76 459
76 480
76 481
76 483
76 484
76 488
76 543
76 571
76 577
76 589
76 597
76 598
76 599
77 131
77 144
77 146
77 175
77 355
78 82
78 136
78 137
78 138
78 150
78 154
78 161
78 193
78 201
78 203
78 355
78 372
78 383
78 407
78 430
78 432
78 435
78 442
78 455
78 461
78 500
78 506
78 509
79 81
79 82
79 83
79 88
79 90
79 91
79 122
79 126
79 129
79 134
79 140
79 141
79 149
79 150
79 160
79 161
79 195
79 203
79 204
79 296
79 339
79 341
79 347
79 348
79 353
79 354
79 355
79 357
79 359
79 363
79 365
79 367
79 368
79 370
79 372
79 374
79 375
79 376
79 378
79 380
79 381
79 405
79 413
79 415
79 421
79 422
79 430
79 434
79 440
79 442
79 446
80 546
80 581
81 82
81 83
81 84
81 86
81 87
81 90
81 91
81 122
81 126
81 129
81 134
81 139
81 140
81 141
81 274
81 292
81 330
81 332
81 338
81 339
81 341
81 347
81 353
81 354
81 355
81 356
81 357
81 359
81 363
81 364
81 365
81 368
81 370
81 374
81 376
81 377
81 380
81 381
81 412
81 414
81 415
81 421
81 422
81 429
81 430
81 434
81 440
81 445
81 446
81 529
81 592
82 88
82 90
82 126
82 129
82 133
82 134
82 137
82 138
82 139
82 140
82 141
82 149
82 150
82 159
82 161
82 162
82 163
82 204
82 242
82 254
82 296
82 341
82 348
82 349
82 353
82 355
82 356
82 357
82 359
82 372
82 375
82 376
82 418
82 421
82 429
82 430
82 432
82 435
82 437
82 440
82 442
82 446
82 456
82 461
82 462
82 463
82 464
82 477
82 500
82 525
82 575
82 576
82 577
83 112
83 122
83 126
83 129
83 130
83 133
83 134
83 135
83 140
83 141
83 149
83 160
83 161
83 203
83 296
83 341
83 368
83 370
83 372
83 374
83 375
83 415
83 420
83 421
83 422
83 423
83 430
83 434
83 438
83 440
83 458
83 504
83 596
84 86
84 87
84 90
84 365
84 374
84 377
84 380
85 442
86 87
86 90
86 91
86 374
86 377
86 380
86 381
87 90
87 91
87 126
87 374
87 377
87 380
87 381
88 89
88 95
88 109
88 115
88 116
88 117
88 118
88 126
88 130
88 134
88 137
88 138
88 150
88 204
88 299
88 337
88 340
88 344
88 347
88 348
88 349
88 356
88 375
88 376
88 396
88 398
88 405
88 406
88 409
88 410
88 430
88 435
88 447
88 477
88 500
89 96
89 109
89 115
89 116
89 118
89 123
89 124
89 204
89 337
89 338
89 340
89 342
89 343
89 344
89 346
89 347
89 349
89 356
89 381
89 396
89 398
89 405
89 406
89 407
89 409
89 410
89 411
89 416
90 91
90 122
90 126
90 139
90 140
90 141
90 150
90 338
90 339
90 341
90 345
90 347
90 353
90 354
90 355
90 356
90 359
90 363
90 365
90 368
90 372
90 377
90 380
90 381
90 516
90 535
91 122
91 139
91 338
91 339
91 341
91 347
91 349
91 353
91 354
91 355
91 356
91 359
91 363
91 377
91 380
91 381
92 184
92 262
92 289
92 487
93 94
93 97
93 98
93 100
93 101
93 103
93 104
93 105
93 282
93 321
93 386
93 389
93 390
93 391
93 441
93 579
94 95
94 97
94 98
94 99
94 100
94 101
94 103
94 104
94 105
94 117
94 118
94 220
94 287
94 304
94 317
94 319
94 321
94 335
94 386
94 390
94 530
95 96
95 99
95 101
95 103
95 104
95 109
95 117
95 118
95 201
95 302
95 305
95 321
95 322
95 386
95 390
95 395
95 396
95 398
95 405
95 406
95 410
95 419
95 477
96 109
96 118
96 144
96 349
96 409
97 98
97 99
97 100
97 101
97 103
97 104
97 105
97 117
97 143
97 191
97 194
97 203
97 215
97 220
97 225
97 240
97 262
97 282
97 287
97 317
97 321
97 327
97 335
97 339
97 382
97 386
97 389
97 390
97 391
97 397
97 398
97 399
97 419
97 439
97 441
97 445
97 529
97 530
97 534
97 553
97 579
97 594
97 595
98 100
98 101
98 103
98 104
98 105
98 187
98 221
98 317
98 319
98 321
98 386
98 389
98 390
98 391
98 395
98 397
98 399
98 530
98 533
98 579
98 595
99 101
99 104
99 109
99 117
99 136
99 142
99 143
99 146
99 148
99 154
99 159
99 191
99 194
99 201
99 203
99 215
99 262
99 282
99 287
99 327
99 332
99 339
99 341
99 344
99 353
99 355
99 356
99 364
99 386
99 390
99 405
99 415
99 418
99 419
99 423
99 425
99 439
99 440
99 441
99 443
99 444
99 446
99 448
99 454
99 456
99 529
99 530
99 534
99 549
99 553
99 584
100 101
100 102
100 103
100 104
100 105
100 106
100 220
100 221
100 237
100 292
100 301
100 304
100 305
100 319
100 320
100 321
100 322
100 332
100 333
100 334
100 335
100 336
100 352
100 386
100 389
100 390
100 391
100 392
100 395
100 397
100 445
100 530
101 103
101 104
101 105
101 106
101 117
101 118
101 122
101 220
101 221
101 237
101 287
101 292
101 302
101 304
101 305
101 319
101 320
101 321
101 322
101 329
101 332
101 333
101 334
101 335
101 336
101 352
101 385
101 386
101 389
101 390
101 391
101 392
101 395
101 396
101 397
101 398
101 401
101 405
101 412
101 445
101 529
101 530
101 533
101 579
102 106
102 110
102 221
102 319
102 320
102 324
102 326
102 336
102 391
102 392
103 104
103 105
103 117
103 118
103 220
103 221
103 222
103 317
103 319
103 320
103 321
103 335
103 336
103 386
103 389
103 390
103 391
103 392
103 395
103 396
103 397
103 398
103 399
103 529
103 530
103 533
103 595
104 105
104 106
104 109
104 117
104 118
104 189
104 198
104 200
104 222
104 305
104 321
104 322
104 386
104 388
104 389
104 390
104 391
104 394
104 395
104 396
104 397
104 398
104 399
104 405
104 410
104 416
104 417
104 419
104 439
104 441
104 445
104 502
104 529
104 530
104 532
104 533
104 534
104 553
104 579
104 595
105 106
105 109
105 110
105 117
105 187
105 221
105 223
105 283
105 305
105 321
105 352
105 385
105 386
105 389
105 390
105 391
105 392
105 395
105 396
105 397
105 398
105 399
105 401
105 412
105 416
105 530
105 533
105 579
105 595
106 110
106 221
106 223
106 304
106 305
106 321
106 385
106 389
106 391
106 392
106 395
106 397
106 533
107 108
107 109
107 112
107 113
107 114
107 115
107 116
107 117
107 123
107 130
107 137
107 142
107 146
107 154
107 163
107 188
107 191
107 192
107 194
107 197
107 199
107 201
107 203
107 204
107 295
107 299
107 340
107 344
107 396
107 398
107 403
107 404
107 406
107 407
107 408
107 409
107 410
107 419
107 423
107 435
107 500
107 524
108 110
108 114
108 188
108 189
108 191
108 192
108 193
108 194
108 196
108 197
108 198
108 209
108 211
108 212
108 295
108 580
109 115
109 116
109 117
109 118
109 123
109 137
109 154
109 194
109 200
109 201
109 203
109 204
109 299
109 302
109 337
109 340
109 344
109 349
109 386
109 390
109 394
109 396
109 398
109 403
109 405
109 406
109 408
109 409
109 410
109 416
109 417
109 419
109 435
109 500
110 111
110 187
110 189
110 221
110 223
110 283
110 384
110 385
110 389
110 391
110 392
110 395
110 397
110 533
110 559
110 580
111 120
111 188
112 113
112 114
112 127
112 129
112 130
112 131
112 136
112 141
112 142
112 148
112 154
112 157
112 158
112 159
112 160
112 161
112 163
112 165
112 167
112 191
112 194
112 197
112 199
112 203
112 242
112 262
112 281
112 295
112 296
112 378
112 403
112 404
112 406
112 418
112 420
112 421
112 423
112 424
112 425
112 432
112 435
112 437
112 439
112 454
112 456
112 458
112 461
112 469
112 504
112 524
112 543
112 577
112 599
113 114
113 115
113 116
113 130
113 138
113 191
113 197
113 199
113 204
113 403
113 404
113 406
113 407
113 408
113 435
113 461
113 500
114 115
114 116
114 154
114 190
114 191
114 192
114 193
114 194
114 197
114 199
114 201
114 210
114 216
114 271
114 281
114 404
114 406
114 407
114 408
114 435
114 451
114 461
114 492
115 116
115 118
115 123
115 130
115 137
115 138
115 204
115 337
115 340
115 342
115 343
115 344
115 346
115 349
115 375
115 396
115 398
115 403
115 406
115 407
115 408
115 409
115 410
115 411
115 435
115 461
115 500
116 117
116 118
116 123
116 130
116 137
116 138
116 142
116 146
116 154
116 191
116 194
116 197
116 199
116 201
116 204
116 299
116 337
116 340
116 342
116 343
116 344
116 346
116 349
116 375
116 396
116 398
116 402
116 403
116 405
116 406
116 407
116 408
116 409
116 410
116 411
116 419
116 435
116 461
116 500
117 118
117 122
117 123
117 154
117 287
117 299
117 321
117 339
117 344
117 379
117 386
117 390
117 396
117 398
117 400
117 405
117 409
117 410
117 416
117 419
117 454
117 529
117 530
117 553
118 120
118 123
118 321
118 343
118 344
118 346
118 349
118 390
118 396
118 398
118 400
118 405
118 409
118 410
118 411
119 220
119 221
119 223
119 295
119 399
119 403
119 534
119 595
120 121
120 385
120 397
120 398
120 399
120 400
120 401
120 412
121 360
122 123
122 125
122 126
122 134
122 140
122 141
122 150
122 157
122 164
122 203
122 274
122 292
122 302
122 305
122 311
122 312
122 322
122 331
122 339
122 341
122 345
122 347
122 351
122 353
122 354
122 355
122 356
122 357
122 359
122 363
122 364
122 368
122 370
122 386
122 390
122 405
122 415
122 416
122 417
122 420
122 421
122 422
122 437
122 439
122 440
122 443
122 445
122 447
122 448
122 454
122 466
122 592
123 150
123 153
123 155
123 164
123 204
123 337
123 340
123 342
123 343
123 344
123 345
123 346
123 347
123 349
123 350
123 356
123 396
123 398
123 405
123 406
123 407
123 409
123 410
123 416
123 417
123 441
123 449
123 454
123 467
123 468
123 515
124 125
124 142
124 144
124 337
124 342
124 344
124 345
124 346
124 349
124 350
124 362
124 409
124 447
124 468
125 149
125 152
125 155
125 156
125 157
125 341
125 350
125 353
125 356
125 357
125 418
125 437
125 448
125 449
125 454
125 462
125 468
125 534
125 537
125 543
125 545
126 129
126 130
126 134
126 138
126 140
126 141
126 149
126 150
126 152
126 204
126 274
126 341
126 353
126 355
126 356
126 357
126 359
126 368
126 372
126 376
126 405
126 406
126 422
126 430
126 435
126 442
126 447
126 462
126 463
126 465
126 466
126 477
126 516
126 561
126 576
126 577
127 128
127 129
127 131
127 132
127 145
127 147
127 148
127 156
127 158
127 163
127 175
127 176
127 179
127 182
127 227
127 254
127 260
127 277
127 278
127 290
127 293
127 404
127 418
127 420
127 421
127 426
127 427
127 428
127 429
127 437
127 444
127 448
127 454
127 456
127 457
127 462
127 464
127 469
127 480
127 481
127 484
127 536
127 537
127 539
127 543
127 571
127 575
127 597
127 599
128 131
128 176
128 177
128 179
128 190
128 208
128 228
128 255
128 256
128 258
128 260
128 263
128 264
128 273
128 288
128 293
128 427
128 450
128 480
128 481
128 539
128 541
128 566
128 571
128 588
128 600
129 133
129 134
129 135
129 136
129 140
129 141
129 143
129 145
129 147
129 148
129 149
129 152
129 159
129 160
129 161
129 203
129 242
129 296
129 297
129 300
129 339
129 341
129 353
129 355
129 357
129 359
129 364
129 368
129 370
129 372
129 378
129 415
129 418
129 420
129 421
129 422
129 423
129 425
129 428
129 429
129 430
129 434
129 437
129 438
129 439
129 440
129 443
129 445
129 448
129 456
129 458
129 577
129 589
129 592
129 593
129 596
129 599
130 134
130 137
130 138
130 141
130 159
130 162
130 163
130 165
130 197
130 199
130 204
130 295
130 296
130 299
130 375
130 403
130 404
130 405
130 406
130 422
130 423
130 430
130 435
130 437
130 454
130 461
130 464
130 577
131 132
131 144
131 148
131 153
131 158
131 176
131 182
131 228
131 260
131 263
131 273
131 280
131 293
131 404
131 418
131 424
131 456
131 481
131 539
131 543
131 565
131 571
131 597
131 599
132 142
132 144
132 227
132 293
132 418
132 426
132 428
132 437
132 444
132 456
132 457
132 462
132 481
132 486
132 536
132 537
132 543
133 134
133 135
133 138
133 145
133 161
133 162
133 165
133 227
133 296
133 365
133 368
133 369
133 370
133 371
133 372
133 421
133 422
133 423
133 429
133 430
133 432
133 437
133 447
133 458
133 469
133 536
133 537
134 135
134 138
134 139
134 140
134 141
134 145
134 147
134 148
134 149
134 150
134 159
134 161
134 162
134 163
134 165
134 227
134 242
134 254
134 296
134 299
134 341
134 348
134 353
134 354
134 355
134 356
134 357
134 359
134 363
134 365
134 371
134 372
134 375
134 376
134 418
134 421
134 422
134 423
134 429
134 430
134 432
134 435
134 437
134 442
134 447
134 454
134 456
134 458
134 462
134 463
134 464
134 466
134 469
134 500
134 536
134 537
134 561
134 577
135 140
135 145
135 161
135 162
135 165
135 186
135 275
135 365
135 367
135 368
135 369
135 370
135 372
135 415
135 421
135 423
135 429
135 430
135 432
135 437
135 458
135 460
135 469
135 504
136 141
136 146
136 148
136 154
136 158
136 159
136 160
136 161
136 163
136 191
136 193
136 194
136 199
136 201
136 202
136 203
136 262
136 281
136 282
136 339
136 341
136 355
136 378
136 415
136 418
136 419
136 421
136 423
136 425
136 428
136 431
136 434
136 435
136 439
136 440
136 446
136 448
136 455
136 456
136 458
136 529
136 577
137 138
137 161
137 204
137 372
137 430
137 432
137 435
137 461
138 139
138 141
138 149
138 150
138 161
138 162
138 163
138 165
138 199
138 204
138 349
138 355
138 356
138 372
138 375
138 403
138 406
138 418
138 430
138 432
138 435
138 447
138 458
138 461
138 477
138 500
138 558
138 577
139 355
139 372
139 383
139 429
139 430
139 500
140 141
140 149
140 150
140 161
140 296
140 297
140 341
140 355
140 359
140 365
140 367
140 368
140 370
140 372
140 374
140 421
140 422
140 429
140 430
140 434
140 440
140 446
141 148
141 149
141 150
141 152
141 157
141 159
141 160
141 161
141 199
141 201
141 203
141 204
141 219
141 281
141 296
141 339
141 341
141 348
141 353
141 355
141 357
141 359
141 370
141 372
141 375
141 378
141 415
141 418
141 420
141 421
141 422
141 423
141 425
141 430
141 435
141 437
141 440
141 446
141 448
141 454
141 456
141 461
141 462
141 465
141 466
141 477
141 543
141 576
141 577
142 144
142 145
142 146
142 154
142 158
142 159
142 163
142 201
142 203
142 227
142 242
142 262
142 337
142 338
142 339
142 340
142 341
142 342
142 343
142 344
142 345
142 346
142 348
142 349
142 350
142 353
142 355
142 356
142 359
142 369
142 381
142 382
142 403
142 404
142 406
142 407
142 409
142 418
142 426
142 437
142 439
142 440
142 441
142 448
142 454
142 456
142 506
142 543
142 553
143 145
143 148
143 180
143 203
143 225
143 228
143 242
143 244
143 246
143 262
143 282
143 287
143 290
143 293
143 328
143 333
143 339
143 341
143 364
143 370
143 415
143 420
143 421
143 423
143 425
143 428
143 429
143 434
143 438
143 439
143 440
143 441
143 443
143 445
143 448
143 504
143 529
143 534
143 553
143 584
143 592
143 596
143 597
143 599
144 146
144 163
144 175
144 176
144 177
144 182
144 288
144 344
144 346
144 349
144 350
144 355
144 369
144 409
144 418
144 426
144 444
144 456
144 457
144 480
144 481
144 482
144 486
144 515
145 146
145 147
145 148
145 149
145 157
145 158
145 159
145 160
145 163
145 165
145 203
145 227
145 242
145 262
145 293
145 296
145 339
145 341
145 344
145 348
145 353
145 355
145 356
145 357
145 359
145 369
145 375
145 382
145 415
145 418
145 421
145 422
145 423
145 425
145 426
145 428
145 429
145 430
145 437
145 438
145 439
145 440
145 445
145 448
145 454
145 456
145 457
145 458
145 459
145 469
145 484
145 534
145 543
145 599
146 148
146 154
146 161
146 163
146 175
146 178
146 179
146 201
146 203
146 242
146 262
146 290
146 298
146 344
146 349
146 353
146 355
146 356
146 357
146 369
146 409
146 418
146 423
146 429
146 456
146 457
146 458
146 481
146 482
146 484
146 568
147 148
147 152
147 165
147 178
147 296
147 341
147 418
147 421
147 428
147 430
147 440
147 456
147 457
147 458
147 571
147 575
148 149
148 150
148 152
148 153
148 154
148 155
148 156
148 157
148 158
148 159
148 160
148 161
148 163
148 194
148 203
148 214
148 219
148 225
148 242
148 244
148 246
148 254
148 260
148 262
148 277
148 281
148 282
148 300
148 341
148 355
148 357
148 370
148 404
148 415
148 418
148 420
148 421
148 422
148 423
148 425
148 426
148 428
148 429
148 430
148 432
148 434
148 437
148 438
148 439
148 440
148 443
148 446
148 448
148 454
148 455
148 456
148 458
148 464
148 466
148 543
148 577
148 597
148 599
149 150
149 152
149 159
149 161
149 340
149 341
149 348
149 353
149 355
149 357
149 359
149 372
149 375
149 376
149 418
149 422
149 430
149 435
149 437
149 440
149 447
149 448
149 461
150 152
150 155
150 159
150 161
150 163
150 164
150 201
150 203
150 219
150 302
150 311
150 341
150 349
150 353
150 355
150 359
150 372
150 406
150 415
150 417
150 418
150 430
150 432
150 435
150 437
150 440
150 442
150 446
150 447
150 448
150 454
150 461
150 462
150 464
150 465
150 466
150 467
150 477
150 500
150 516
150 543
150 577
151 164
151 272
151 498
151 519
151 520
151 521
152 155
152 157
152 341
152 357
152 418
152 440
152 454
152 462
152 464
152 465
152 543
152 576
152 577
153 154
153 155
153 156
153 157
153 158
153 159
153 163
153 196
153 202
153 213
153 214
153 224
153 233
153 234
153 245
153 272
153 273
153 404
153 418
153 449
153 454
153 456
153 462
153 464
153 467
153 468
153 497
153 515
153 543
153 545
154 155
154 157
154 158
154 159
154 163
154 191
154 192
154 193
154 194
154 197
154 199
154 200
154 201
154 202
154 203
154 210
154 214
154 244
154 262
154 275
154 403
154 415
154 418
154 419
154 423
154 425
154 435
154 437
154 439
154 452
154 454
154 455
154 456
154 458
154 464
154 500
154 502
154 504
154 529
154 534
154 545
154 553
155 156
155 157
155 158
155 159
155 163
155 214
155 218
155 219
155 224
155 225
155 244
155 246
155 253
155 254
155 267
155 272
155 274
155 341
155 353
155 355
155 357
155 415
155 418
155 437
155 448
155 449
155 452
155 454
155 456
155 462
155 464
155 465
155 468
155 515
155 534
155 543
155 545
156 157
156 214
156 219
156 225
156 228
156 233
156 244
156 246
156 253
156 254
156 267
156 273
156 274
156 282
156 357
156 415
156 418
156 437
156 443
156 448
156 453
156 454
156 462
156 534
156 543
156 545
156 590
156 597
157 163
157 167
157 197
157 203
157 214
157 224
157 225
157 233
157 244
157 246
157 267
157 273
157 282
157 341
157 353
157 355
157 357
157 415
157 418
157 423
157 437
157 439
157 443
157 448
157 449
157 452
157 454
157 456
157 462
157 515
157 534
157 543
157 545
157 549
158 159
158 163
158 165
158 175
158 182
158 191
158 194
158 210
158 254
158 262
158 275
158 277
158 415
158 418
158 426
158 427
158 428
158 437
158 454
158 455
158 456
158 457
158 458
158 464
158 469
158 480
158 481
158 484
158 515
158 543
158 575
158 576
158 577
158 578
158 599
159 160
159 161
159 163
159 165
159 194
159 197
159 199
159 201
159 203
159 219
159 227
159 242
159 254
159 275
159 277
159 281
159 296
159 339
159 340
159 341
159 348
159 353
159 355
159 357
159 378
159 404
159 415
159 418
159 419
159 421
159 422
159 423
159 425
159 426
159 428
159 429
159 430
159 432
159 435
159 437
159 440
159 442
159 446
159 448
159 454
159 455
159 456
159 458
159 461
159 462
159 464
159 466
159 529
159 543
159 576
159 577
160 161
160 167
160 203
160 225
160 242
160 262
160 296
160 339
160 341
160 353
160 357
160 359
160 364
160 370
160 378
160 415
160 419
160 420
160 421
160 422
160 423
160 425
160 428
160 429
160 430
160 434
160 437
160 438
160 439
160 440
160 445
160 446
160 448
160 455
160 456
160 458
160 466
160 504
160 529
160 530
160 553
160 577
160 592
160 594
160 596
161 162
161 163
161 165
161 199
161 201
161 203
161 242
161 281
161 296
161 341
161 353
161 355
161 357
161 359
161 370
161 372
161 404
161 415
161 418
161 421
161 423
161 425
161 428
161 429
161 430
161 432
161 435
161 437
161 440
161 442
161 446
161 448
161 455
161 456
161 458
161 461
161 466
161 577
162 163
162 165
162 227
162 254
162 275
162 372
162 375
162 429
162 430
162 432
162 437
162 454
162 455
162 456
162 458
162 460
162 462
162 463
162 464
162 469
162 525
162 536
162 537
162 558
162 561
162 576
162 577
163 165
163 175
163 203
163 227
163 254
163 275
163 277
163 369
163 404
163 415
163 418
163 423
163 426
163 428
163 429
163 430
163 432
163 437
163 449
163 454
163 455
163 456
163 457
163 458
163 461
163 462
163 463
163 464
163 466
163 469
163 515
163 543
163 545
163 575
163 576
163 577
164 272
164 274
164 462
164 466
164 467
164 468
165 197
165 227
165 254
165 275
165 277
165 296
165 372
165 379
165 423
165 425
165 429
165 430
165 432
165 437
165 456
165 458
165 460
165 463
165 469
165 500
165 537
165 575
165 576
165 577
166 168
166 471
166 485
166 507
166 523
167 171
167 197
167 199
167 378
167 423
167 439
167 445
167 504
167 534
167 594
168 170
168 206
168 470
168 507
168 546
168 564
168 591
169 559
170 172
170 183
170 206
170 229
170 247
170 248
170 252
170 265
170 269
170 270
170 507
170 522
170 538
170 542
170 546
170 548
170 560
170 567
170 573
170 588
171 524
172 247
172 248
172 250
172 252
172 475
172 478
172 535
172 542
172 560
173 266
173 479
174 461
175 176
175 177
175 178
175 179
175 181
175 182
175 183
175 255
175 257
175 263
175 269
175 288
175 289
175 290
175 293
175 355
175 418
175 426
175 427
175 429
175 457
175 458
175 480
175 481
175 482
175 483
175 484
175 486
175 487
175 488
175 566
175 585
175 586
176 177
176 178
176 179
176 181
176 182
176 183
176 184
176 228
176 255
176 257
176 258
176 263
176 288
176 289
176 290
176 293
176 427
176 457
176 480
176 481
176 482
176 483
176 484
176 485
176 486
176 566
176 567
176 568
176 571
176 585
176 598
177 178
177 179
177 181
177 182
177 183
177 184
177 255
177 258
177 269
177 288
177 289
177 290
177 293
177 427
177 457
177 480
177 481
177 482
177 483
177 484
177 485
177 486
177 487
177 566
177 567
177 575
177 585
177 586
178 179
178 182
178 183
178 184
178 226
178 255
178 257
178 263
178 269
178 288
178 289
178 293
178 427
178 457
178 480
178 481
178 482
178 483
178 484
178 486
178 488
178 566
178 567
178 572
178 575
178 585
179 181
179 182
179 183
179 184
179 185
179 228
179 255
179 257
179 258
179 269
179 288
179 289
179 290
179 293
179 427
179 457
179 480
179 481
179 482
179 483
179 484
179 485
179 486
179 487
179 566
179 567
179 568
179 585
179 586
179 598
180 183
180 185
180 228
180 276
180 289
180 290
180 291
180 294
180 427
180 434
180 458
180 484
180 488
180 555
180 563
180 568
180 585
180 596
181 182
181 183
181 185
181 255
181 269
181 288
181 427
181 480
181 481
181 483
181 484
181 485
181 566
181 567
181 568
181 585
182 183
182 255
182 257
182 288
182 293
182 426
182 427
182 457
182 480
182 481
182 482
182 483
182 484
182 486
182 566
182 575
182 578
183 226
183 236
183 255
183 257
183 263
183 265
183 269
183 289
183 291
183 480
183 481
183 482
183 483
183 484
183 486
183 488
183 538
183 548
183 566
183 567
183 575
183 585
183 588
184 262
184 289
184 290
184 293
184 480
184 483
184 598
185 206
185 291
185 294
185 427
185 555
185 585
185 598
186 485
187 283
187 389
187 391
187 397
187 580
188 295
188 403
189 192
189 193
189 196
189 198
189 200
189 211
189 212
189 222
189 224
189 230
189 245
189 283
189 393
189 394
189 395
189 489
189 495
189 502
189 532
189 533
189 554
189 579
190 191
190 192
190 193
190 196
190 208
190 209
190 210
190 212
190 216
190 450
190 451
190 490
190 491
190 510
190 512
190 514
190 600
191 192
191 193
191 194
191 197
191 198
191 199
191 200
191 201
191 202
191 203
191 208
191 210
191 212
191 216
191 262
191 271
191 281
191 295
191 408
191 419
191 423
191 425
191 435
191 455
191 504
192 193
192 194
192 196
192 198
192 201
192 202
192 209
192 210
192 212
192 213
192 224
192 245
192 271
192 554
193 194
193 196
193 198
193 200
193 201
193 202
193 212
193 213
193 271
193 494
193 495
193 496
194 197
194 198
194 199
194 200
194 201
194 202
194 203
194 210
194 212
194 215
194 216
194 262
194 281
194 282
194 295
194 419
194 423
194 425
194 435
194 439
194 456
194 458
194 504
194 529
195 200
195 202
195 214
195 215
195 218
196 202
196 213
196 214
196 218
196 224
196 233
196 234
196 245
196 251
196 272
196 273
196 417
196 452
196 467
196 497
196 498
196 520
197 198
197 199
197 203
197 217
197 378
197 403
197 404
197 405
197 406
197 419
197 423
197 425
197 435
197 437
197 439
197 454
197 460
197 500
197 504
197 524
197 529
197 553
198 199
198 200
198 201
198 203
198 212
198 215
198 216
198 280
198 281
198 370
198 393
198 394
198 408
198 419
198 425
198 435
198 443
198 501
198 502
198 504
199 200
199 201
199 203
199 280
199 281
199 295
199 378
199 403
199 404
199 406
199 408
199 419
199 423
199 424
199 425
199 432
199 435
199 458
199 461
199 500
199 504
199 524
200 201
200 202
200 203
200 215
200 281
200 282
200 394
200 417
200 419
200 423
200 425
200 435
200 439
200 443
200 502
200 504
201 202
201 203
201 215
201 262
201 280
201 281
201 282
201 340
201 344
201 355
201 367
201 393
201 394
201 396
201 406
201 407
201 408
201 410
201 415
201 417
201 419
201 423
201 425
201 435
201 442
201 446
201 458
201 461
201 467
201 492
201 496
201 500
201 502
201 504
201 506
202 203
202 212
202 213
202 214
202 215
202 224
202 233
202 234
202 245
202 282
203 214
203 215
203 242
203 262
203 281
203 282
203 290
203 339
203 340
203 341
203 344
203 353
203 355
203 356
203 357
203 359
203 364
203 365
203 367
203 368
203 369
203 370
203 372
203 378
203 394
203 403
203 404
203 405
203 406
203 415
203 416
203 417
203 418
203 419
203 420
203 421
203 422
203 423
203 425
203 429
203 430
203 434
203 435
203 437
203 439
203 440
203 441
203 443
203 445
203 446
203 448
203 454
203 456
203 458
203 461
203 466
203 500
203 502
203 504
203 529
203 543
203 553
203 592
204 299
204 337
204 340
204 344
204 348
204 349
204 356
204 375
204 376
204 381
204 396
204 398
204 400
204 403
204 405
204 406
204 407
204 409
204 410
204 435
204 442
205 434
206 231
206 291
206 485
206 538
206 542
206 567
206 585
207 309
207 313
207 581
208 209
208 210
208 211
208 212
208 216
208 264
208 288
208 450
208 510
208 512
208 585
209 210
209 211
209 212
209 216
209 313
209 510
209 512
210 212
210 262
210 455
211 212
211 229
211 230
211 231
211 240
211 241
211 243
211 251
211 265
211 313
211 511
211 550
211 554
211 580
211 581
212 241
212 494
212 496
213 233
213 234
213 271
213 494
213 497
214 215
214 218
214 224
214 234
214 244
214 245
214 282
214 415
214 417
214 452
214 454
214 497
214 515
214 545
215 219
215 225
215 246
215 281
215 282
215 386
215 419
215 425
215 439
215 443
215 502
215 504
215 534
216 280
216 281
216 425
216 501
218 234
218 244
218 267
218 452
218 453
219 260
219 274
219 277
219 281
219 415
219 448
219 465
219 466
219 505
219 543
219 576
219 577
220 221
220 222
220 225
220 237
220 240
220 286
220 287
220 320
220 321
220 323
220 327
220 328
220 329
220 330
220 332
220 333
220 334
220 335
220 336
220 386
220 391
220 392
220 412
220 439
220 445
220 529
220 530
220 533
220 534
220 549
220 553
220 584
220 594
220 595
221 222
221 223
221 237
221 319
221 320
221 321
221 332
221 333
221 334
221 335
221 336
221 361
221 385
221 389
221 391
221 392
221 397
221 399
221 401
221 530
221 533
221 595
222 223
222 224
222 225
222 237
222 240
222 244
222 245
222 286
222 287
222 328
222 332
222 333
222 334
222 336
222 389
222 391
222 529
222 530
222 532
222 533
222 534
222 549
222 553
222 554
222 579
223 251
223 283
223 308
223 336
223 389
223 391
223 392
223 397
223 532
223 533
224 225
224 230
224 233
224 234
224 241
224 244
224 245
224 246
224 273
224 520
224 531
224 532
224 545
224 554
225 228
225 240
225 244
225 245
225 246
225 262
225 282
225 300
225 364
225 387
225 415
225 420
225 439
225 443
225 445
225 448
225 454
225 529
225 530
225 531
225 534
225 543
225 545
225 549
225 553
225 595
225 597
225 599
226 231
226 235
226 236
226 238
226 239
226 243
226 247
226 252
226 265
226 269
226 535
226 540
226 542
226 547
226 548
226 550
226 551
227 242
227 296
227 330
227 344
227 353
227 369
227 418
227 421
227 422
227 426
227 428
227 429
227 430
227 432
227 437
227 444
227 454
227 456
227 457
227 462
227 464
227 469
227 536
227 537
227 543
227 584
228 246
228 260
228 262
228 263
228 282
228 289
228 290
228 293
228 300
228 387
228 443
228 459
228 488
228 555
228 568
228 586
228 597
229 230
229 231
229 233
229 234
229 238
229 239
229 241
229 243
229 245
229 247
229 263
229 265
229 285
229 291
229 489
229 493
229 495
229 496
229 498
229 511
229 519
229 520
229 521
229 531
229 540
229 541
229 542
229 546
229 547
229 548
229 551
229 555
229 556
229 560
229 581
229 587
229 588
230 231
230 241
230 245
230 283
230 489
230 493
230 495
230 498
230 511
230 520
230 521
230 532
230 540
230 542
230 546
230 551
230 554
230 581
231 235
231 236
231 238
231 241
231 243
231 265
231 284
231 285
231 291
231 493
231 511
231 540
231 542
231 546
231 547
231 548
231 550
231 551
231 581
231 582
231 583
232 263
232 268
232 269
232 270
232 279
232 544
232 548
232 570
232 571
232 572
233 234
233 241
233 245
233 272
233 273
233 331
233 452
233 467
233 497
233 498
233 520
233 545
233 556
233 587
234 265
234 519
234 520
234 547
235 236
235 238
235 243
235 265
235 269
235 291
235 542
235 546
235 547
235 548
235 585
236 238
236 239
236 241
236 243
236 248
236 250
236 265
236 284
236 285
236 289
236 540
236 542
236 547
236 548
236 551
236 582
236 583
236 585
237 240
237 286
237 287
237 320
237 321
237 323
237 324
237 327
237 328
237 329
237 330
237 332
237 333
237 334
237 335
237 336
237 391
237 529
237 530
237 549
237 553
237 583
237 584
238 239
238 240
238 241
238 243
238 252
238 289
238 387
238 531
238 540
238 547
238 548
238 550
238 551
238 555
239 243
239 247
239 252
239 540
239 542
239 547
239 548
239 550
239 551
239 555
239 560
239 562
240 241
240 243
240 244
240 245
240 246
240 286
240 287
240 328
240 333
240 334
240 529
240 530
240 532
240 549
240 553
240 554
240 584
241 243
241 244
241 245
241 265
241 285
241 289
241 291
241 532
241 540
241 547
241 549
241 551
241 554
241 582
242 262
242 296
242 339
242 341
242 353
242 355
242 357
242 364
242 365
242 368
242 369
242 370
242 372
242 415
242 418
242 420
242 421
242 423
242 425
242 428
242 429
242 430
242 432
242 434
242 437
242 438
242 439
242 440
242 441
242 445
242 446
242 448
242 456
242 458
242 460
242 504
242 529
242 552
242 553
242 584
242 592
242 593
243 245
243 246
243 265
243 289
243 291
243 531
243 540
243 547
243 548
243 550
243 555
244 245
244 246
244 262
244 267
244 286
244 300
244 364
244 387
244 415
244 439
244 443
244 448
244 452
244 454
244 529
244 530
244 534
244 545
244 549
244 553
244 554
244 584
244 597
245 246
245 520
245 531
245 532
245 554
245 586
246 282
246 300
246 387
246 415
246 439
246 443
246 448
246 531
246 534
246 555
246 586
246 592
246 596
246 597
246 598
246 599
247 248
247 252
247 542
247 548
247 550
247 559
247 560
247 562
247 569
247 570
247 573
248 250
248 252
248 265
248 475
248 476
248 478
248 542
248 547
248 551
248 556
248 558
248 560
248 561
249 485
250 252
250 268
250 478
250 551
250 557
250 558
250 560
250 561
250 570
252 268
252 548
252 550
252 560
252 562
252 569
252 570
253 254
253 267
253 462
253 463
253 466
253 543
253 558
253 561
254 275
254 277
254 372
254 418
254 430
254 432
254 437
254 452
254 453
254 454
254 455
254 456
254 458
254 460
254 462
254 463
254 464
254 465
254 466
254 469
254 515
254 537
254 543
254 545
254 558
254 561
254 575
254 576
254 577
255 256
255 257
255 258
255 263
255 269
255 288
255 427
255 457
255 480
255 481
255 482
255 483
255 484
255 485
255 486
255 538
255 541
255 566
255 567
255 572
255 575
255 585
255 588
256 257
256 258
256 264
256 310
256 450
256 491
256 493
256 507
256 508
256 510
256 512
256 513
256 514
256 517
256 518
256 519
256 522
256 538
256 541
256 542
256 564
256 566
256 567
256 572
256 588
256 600
257 258
257 269
257 278
257 293
257 427
257 457
257 480
257 481
257 483
257 484
257 486
257 538
257 566
257 567
257 572
257 588
257 589
258 269
258 288
258 294
258 427
258 481
258 482
258 485
258 507
258 508
258 518
258 538
258 541
258 566
258 567
258 572
258 585
258 587
258 588
258 591
259 261
259 294
259 297
259 565
260 293
260 420
260 428
260 448
260 565
260 574
260 589
260 593
260 597
260 598
260 599
260 600
261 294
261 297
261 429
261 589
261 592
261 593
262 287
262 290
262 296
262 298
262 339
262 415
262 419
262 421
262 423
262 425
262 428
262 429
262 431
262 439
262 440
262 446
262 448
262 456
262 458
262 484
262 504
262 529
262 530
262 534
262 553
262 584
262 596
263 264
263 273
263 289
263 291
263 387
263 481
263 486
263 488
263 531
263 539
263 540
263 541
263 544
263 555
263 566
263 586
263 588
264 273
264 450
264 512
264 538
264 539
264 541
264 562
265 269
265 284
265 285
265 542
265 546
265 547
265 548
265 551
265 585
266 479
266 580
267 274
267 331
267 363
267 452
267 453
267 454
267 462
267 545
267 561
268 270
268 274
268 278
268 279
268 476
268 522
268 528
268 535
268 544
268 560
268 561
268 570
268 572
269 270
269 291
269 480
269 483
269 538
269 566
269 567
269 572
269 585
270 279
270 291
270 522
270 544
270 569
270 570
270 572
270 573
270 587
272 273
272 274
272 449
272 462
272 467
272 468
272 520
273 453
273 515
273 539
274 300
274 331
274 462
274 570
275 277
275 427
275 428
275 455
275 456
275 458
275 464
275 469
275 575
275 576
275 577
276 290
276 297
276 434
277 455
277 456
277 465
277 466
277 575
277 576
277 577
278 473
278 544
278 571
278 589
279 544
279 570
280 281
280 424
280 425
281 404
281 408
281 419
281 423
281 424
281 425
281 435
281 461
281 500
281 502
281 504
281 505
281 577
281 578
282 290
282 387
282 415
282 417
282 418
282 423
282 439
282 441
282 443
282 448
282 459
282 489
282 504
282 534
282 543
282 579
282 586
282 597
283 384
283 389
283 391
283 489
283 559
283 579
283 580
283 581
284 285
284 318
284 542
284 547
284 582
284 583
284 587
285 289
285 290
285 291
285 540
285 547
285 582
285 583
285 585
285 587
286 287
286 327
286 328
286 329
286 332
286 333
286 529
286 530
286 549
286 553
286 554
286 582
286 583
286 584
287 320
287 321
287 323
287 327
287 328
287 329
287 330
287 332
287 333
287 334
287 335
287 339
287 382
287 386
287 439
287 445
287 529
287 530
287 534
287 549
287 553
287 584
288 289
288 427
288 480
288 481
288 482
288 483
288 484
288 485
288 486
288 566
288 567
288 585
288 586
289 290
289 291
289 387
289 480
289 481
289 482
289 483
289 484
289 486
289 487
289 488
289 540
289 547
289 585
289 586
289 587
289 588
290 291
290 293
290 427
290 429
290 458
290 480
290 481
290 482
290 483
290 484
290 487
290 585
290 586
290 587
291 540
291 542
291 546
291 547
291 548
291 551
291 555
291 581
291 582
291 585
291 586
291 587
291 588
292 302
292 321
292 322
292 332
292 335
292 356
292 364
292 390
292 429
292 444
292 445
292 529
292 530
292 536
292 537
292 584
293 427
293 428
293 429
293 457
293 480
293 481
293 483
293 484
293 565
293 588
293 589
293 593
293 597
293 598
293 599
294 297
294 427
294 555
294 567
294 585
294 589
294 591
294 593
294 598
295 298
295 378
295 423
296 299
296 341
296 348
296 353
296 354
296 372
296 380
296 413
296 421
296 422
296 423
296 428
296 429
296 430
296 437
296 440
296 446
296 456
296 458
296 553
297 370
297 420
297 421
297 434
297 589
297 592
297 596
297 598
299 379
299 454
300 341
300 380
300 386
300 387
300 443
300 534
300 594
300 595
300 596
300 597
301 302
301 322
301 445
301 592
302 305
302 322
302 344
302 345
302 349
302 351
302 352
302 353
302 355
302 356
302 359
302 390
302 395
302 405
302 443
302 447
304 305
304 307
304 308
304 319
304 320
304 321
304 322
304 323
304 324
304 392
305 311
305 312
305 321
305 322
305 323
305 390
305 391
305 395
306 308
306 309
306 313
308 309
308 559
309 313
309 559
309 580
309 581
311 417
312 326
312 329
312 331
313 315
313 316
313 559
313 562
313 580
313 581
314 485
315 316
315 317
316 318
318 319
318 320
318 329
318 331
319 320
319 321
319 324
319 326
319 329
319 336
319 391
319 392
320 321
320 323
320 324
320 326
320 329
320 332
320 333
320 334
320 335
320 336
320 391
320 392
320 530
321 322
321 323
321 324
321 329
321 332
321 333
321 334
321 335
321 336
321 351
321 352
321 386
321 389
321 390
321 391
321 392
321 395
321 397
321 401
321 412
321 445
321 529
321 530
321 533
322 323
322 325
322 331
322 352
322 390
322 444
322 445
323 324
323 325
323 327
323 328
323 329
323 330
323 332
323 333
323 334
323 335
323 336
323 391
323 530
324 325
324 326
324 329
324 336
324 392
325 582
325 583
325 584
326 329
326 331
327 328
327 329
327 330
327 332
327 333
327 335
327 382
327 529
327 530
327 549
327 553
327 584
328 329
328 330
328 332
328 333
328 334
328 335
328 529
328 530
328 549
328 553
328 583
328 584
329 330
329 331
329 332
329 333
329 335
329 336
329 583
330 332
330 335
330 530
330 537
331 462
332 333
332 334
332 335
332 336
332 364
332 412
332 439
332 445
332 529
332 530
332 533
332 549
332 553
332 584
333 334
333 335
333 336
333 389
333 391
333 392
333 529
333 530
333 533
333 553
333 584
333 595
334 335
334 336
334 389
334 391
334 392
334 412
334 445
334 529
334 530
334 533
334 553
335 336
335 364
335 386
335 412
335 439
335 445
335 529
335 530
335 533
335 553
335 584
335 594
336 391
336 392
336 530
337 338
337 339
337 340
337 342
337 343
337 344
337 345
337 346
337 347
337 348
337 349
337 350
337 353
337 356
337 359
337 362
337 375
337 381
337 396
337 398
337 405
337 406
337 407
337 409
337 410
337 411
337 416
337 418
337 441
338 339
338 340
338 341
338 342
338 343
338 344
338 345
338 346
338 347
338 348
338 349
338 350
338 351
338 353
338 356
338 358
338 359
338 365
338 376
338 380
338 381
338 382
338 396
338 398
338 405
338 409
338 411
338 416
338 440
338 441
339 340
339 341
339 342
339 344
339 345
339 347
339 348
339 349
339 353
339 354
339 355
339 356
339 357
339 359
339 363
339 364
339 365
339 367
339 368
339 370
339 380
339 381
339 382
339 386
339 390
339 396
339 405
339 415
339 416
339 418
339 419
339 420
339 421
339 422
339 423
339 425
339 429
339 434
339 437
339 438
339 439
339 440
339 441
339 443
339 444
339 445
339 446
339 448
339 504
339 529
339 530
339 553
339 584
339 592
339 596
340 341
340 342
340 343
340 344
340 345
340 346
340 347
340 348
340 349
340 350
340 353
340 356
340 357
340 359
340 365
340 375
340 376
340 378
340 381
340 382
340 393
340 394
340 396
340 398
340 400
340 403
340 405
340 406
340 407
340 408
340 409
340 410
340 411
340 416
340 417
340 418
340 419
340 435
340 440
340 441
340 461
341 344
341 347
341 348
341 353
341 354
341 355
341 356
341 357
341 359
341 363
341 364
341 365
341 368
341 370
341 378
341 380
341 381
341 386
341 405
341 412
341 415
341 418
341 420
341 421
341 422
341 423
341 425
341 429
341 434
341 437
341 438
341 439
341 440
341 441
341 443
341 444
341 445
341 446
341 448
341 454
341 456
341 529
341 543
341 592
341 596
342 343
342 344
342 345
342 346
342 347
342 348
342 349
342 350
342 353
342 356
342 381
342 382
342 396
342 398
342 405
342 406
342 407
342 409
342 410
342 411
342 416
342 441
343 344
343 345
343 346
343 347
343 349
343 350
343 352
343 356
343 381
343 382
343 393
343 395
343 396
343 398
343 406
343 407
343 409
343 410
343 411
343 416
343 441
344 345
344 346
344 347
344 348
344 349
344 350
344 353
344 354
344 355
344 356
344 357
344 359
344 362
344 363
344 365
344 369
344 381
344 382
344 386
344 390
344 396
344 398
344 403
344 405
344 406
344 407
344 409
344 410
344 411
344 416
344 418
344 419
344 437
344 440
344 441
344 444
344 445
344 447
344 448
344 456
344 536
345 346
345 347
345 349
345 350
345 351
345 352
345 353
345 356
345 358
345 359
345 362
345 363
345 382
345 386
345 390
345 393
345 395
345 396
345 398
345 405
345 406
345 409
345 410
345 416
345 441
345 445
345 447
346 347
346 349
346 350
346 352
346 356
346 362
346 382
346 396
346 398
346 406
346 407
346 409
346 410
346 411
346 416
346 441
346 447
347 348
347 349
347 350
347 351
347 353
347 354
347 356
347 357
347 358
347 359
347 363
347 375
347 376
347 381
347 382
347 396
347 398
347 405
347 406
347 409
347 411
347 414
347 416
347 440
347 441
348 349
348 350
348 353
348 354
348 355
348 356
348 357
348 359
348 363
348 365
348 375
348 381
348 405
348 409
348 413
348 418
348 421
348 422
348 430
348 440
348 444
348 447
348 448
348 456
349 350
349 351
349 353
349 354
349 355
349 356
349 357
349 359
349 362
349 363
349 365
349 375
349 376
349 381
349 382
349 396
349 398
349 403
349 405
349 406
349 407
349 409
349 410
349 411
349 416
349 418
349 437
349 441
349 444
349 447
349 506
350 351
350 353
350 356
350 357
350 358
350 359
350 362
350 405
350 409
350 416
350 418
350 441
350 444
351 352
351 353
351 356
351 358
351 359
351 361
351 362
351 363
351 412
351 413
351 414
351 441
351 445
351 447
352 358
352 390
352 395
352 412
352 416
352 441
352 445
352 447
353 354
353 355
353 356
353 357
353 359
353 362
353 363
353 364
353 365
353 368
353 370
353 372
353 375
353 376
353 381
353 382
353 403
353 405
353 406
353 409
353 413
353 415
353 418
353 421
353 422
353 423
353 425
353 429
353 430
353 437
353 439
353 440
353 441
353 443
353 444
353 445
353 447
353 448
353 454
353 456
353 458
353 462
353 529
353 536
353 537
353 543
353 592
354 355
354 356
354 357
354 359
354 363
354 380
354 381
354 412
354 415
354 437
354 445
354 454
354 462
354 536
354 594
355 356
355 357
355 359
355 363
355 365
355 369
355 372
355 415
355 418
355 421
355 429
355 430
355 437
355 440
355 444
355 446
355 447
355 448
355 454
355 456
355 462
355 506
355 537
355 543
356 357
356 359
356 362
356 363
356 365
356 372
356 375
356 382
356 390
356 396
356 398
356 403
356 405
356 406
356 409
356 415
356 416
356 418
356 429
356 437
356 440
356 441
356 444
356 445
356 447
356 448
356 454
356 462
356 477
356 500
356 536
356 537
356 543
357 359
357 363
357 364
357 375
357 405
357 413
357 415
357 418
357 421
357 422
357 429
357 430
357 437
357 439
357 440
357 441
357 444
357 445
357 447
357 448
357 454
357 456
357 458
357 462
357 543
357 592
358 360
358 361
358 362
358 401
358 412
358 414
359 362
359 363
359 364
359 365
359 368
359 370
359 375
359 376
359 381
359 405
359 413
359 415
359 418
359 421
359 422
359 429
359 430
359 434
359 437
359 440
359 443
359 444
359 445
359 447
359 448
359 454
359 592
360 401
361 392
361 401
361 412
361 414
362 363
362 386
362 405
362 441
362 447
363 405
363 412
363 413
363 414
363 415
363 418
363 444
363 445
363 447
363 454
364 365
364 368
364 370
364 386
364 390
364 415
364 420
364 421
364 422
364 423
364 429
364 434
364 437
364 438
364 439
364 440
364 441
364 443
364 445
364 448
364 529
364 530
364 553
364 579
364 584
364 592
364 593
364 594
364 596
365 367
365 368
365 369
365 370
365 371
365 372
365 375
365 376
365 394
365 396
365 406
365 410
365 421
365 425
365 429
365 430
365 437
365 445
365 447
365 460
365 500
365 592
366 368
366 370
367 368
367 369
367 370
367 372
367 410
367 415
367 419
367 425
367 429
367 438
367 440
367 446
367 448
367 458
367 502
367 504
367 592
368 369
368 370
368 372
368 415
368 419
368 421
368 425
368 429
368 430
368 438
368 440
368 502
368 504
368 592
369 372
369 419
369 423
369 425
369 429
369 430
369 432
369 437
369 455
369 458
369 460
369 577
370 372
370 415
370 420
370 421
370 422
370 423
370 425
370 429
370 430
370 434
370 437
370 438
370 439
370 440
370 443
370 445
370 446
370 448
370 458
370 504
370 589
370 592
370 593
370 596
371 375
371 430
371 447
371 572
372 375
372 376
372 421
372 423
372 425
372 429
372 430
372 432
372 435
372 437
372 442
372 447
372 458
372 460
372 461
372 463
372 464
372 477
372 500
372 516
372 577
374 377
374 380
374 381
374 434
374 440
374 446
375 376
375 406
375 407
375 418
375 422
375 430
375 435
375 437
375 440
375 447
375 461
376 406
376 422
376 430
376 437
376 447
377 380
377 381
378 386
378 403
378 405
378 406
378 412
378 422
378 423
378 440
378 445
378 529
378 594
379 469
379 500
380 381
380 386
380 415
380 425
380 434
380 440
380 446
380 529
380 592
381 382
381 396
381 398
381 405
381 409
381 411
381 440
382 396
382 425
382 439
382 440
382 441
382 445
382 529
382 530
382 553
382 584
384 393
384 395
384 489
384 526
385 386
385 392
385 397
385 398
385 399
385 400
385 401
385 412
385 533
385 595
386 390
386 391
386 395
386 397
386 398
386 399
386 400
386 401
386 405
386 412
386 416
386 439
386 441
386 445
386 529
386 530
386 533
386 534
386 553
386 579
386 594
386 595
387 459
387 534
387 549
387 555
387 579
387 580
387 586
387 594
387 595
387 597
388 389
388 595
389 391
389 392
389 395
389 397
389 399
389 530
389 533
389 579
389 580
389 594
389 595
390 391
390 395
390 396
390 397
390 398
390 405
390 406
390 410
390 416
390 439
390 441
390 443
390 445
390 529
390 530
390 579
390 595
391 392
391 395
391 397
391 399
391 445
391 530
391 533
391 579
391 594
391 595
392 397
392 401
393 394
393 395
393 396
393 406
393 407
393 408
393 410
393 416
393 417
393 435
393 489
393 492
393 494
393 495
393 496
393 501
393 502
394 395
394 396
394 398
394 406
394 407
394 408
394 410
394 416
394 417
394 419
394 435
394 489
394 492
394 496
394 500
394 502
394 504
395 396
395 397
395 398
395 399
395 406
395 410
395 416
395 441
395 533
395 579
396 397
396 398
396 400
396 403
396 405
396 406
396 407
396 408
396 409
396 410
396 411
396 416
396 419
396 435
396 500
397 398
397 399
397 401
397 412
397 530
397 533
398 400
398 401
398 403
398 405
398 406
398 407
398 409
398 410
398 411
398 416
398 419
399 401
399 412
399 530
399 533
399 534
399 553
399 579
399 594
399 595
400 401
400 405
400 410
400 412
401 412
401 413
401 414
401 533
403 404
403 405
403 406
403 407
403 409
403 410
403 423
403 435
403 447
403 461
403 500
403 524
404 406
404 407
404 418
404 423
404 426
404 432
404 437
404 444
404 456
404 461
404 515
404 524
404 543
405 406
405 409
405 410
405 416
405 435
405 441
405 445
405 500
405 529
406 407
406 408
406 409
406 410
406 416
406 417
406 418
406 419
406 423
406 435
406 437
406 447
406 461
406 477
406 500
406 524
407 408
407 409
407 410
407 411
407 435
407 461
407 500
407 506
408 410
408 419
408 432
408 435
408 461
408 492
408 494
408 495
408 496
408 500
408 501
408 502
408 503
408 509
408 514
409 410
409 411
409 416
409 418
409 419
409 435
409 500
410 416
410 419
410 435
410 500
412 413
412 414
412 441
412 445
412 530
412 533
412 594
412 595
413 414
413 422
415 418
415 419
415 420
415 421
415 422
415 423
415 425
415 428
415 429
415 434
415 437
415 438
415 439
415 440
415 443
415 445
415 446
415 448
415 454
415 455
415 456
415 458
415 466
415 502
415 504
415 529
415 534
415 543
415 553
415 577
415 584
415 592
415 596
415 597
415 599
416 417
416 419
416 441
416 502
417 439
417 443
417 467
417 489
417 497
417 502
417 532
417 545
418 421
418 422
418 423
418 426
418 429
418 430
418 437
418 439
418 440
418 443
418 444
418 448
418 449
418 454
418 456
418 457
418 458
418 462
418 464
418 506
418 515
418 536
418 537
418 543
418 545
418 577
419 423
419 425
419 435
419 439
419 440
419 446
419 458
419 500
419 502
419 504
419 529
420 421
420 422
420 423
420 428
420 429
420 434
420 437
420 438
420 439
420 440
420 443
420 445
420 448
420 530
420 534
420 589
420 592
420 593
420 594
420 596
420 597
420 599
421 422
421 423
421 425
421 428
421 429
421 430
421 434
421 437
421 438
421 439
421 440
421 443
421 444
421 445
421 446
421 448
421 454
421 456
421 458
421 529
421 537
421 553
421 577
421 584
421 592
421 596
421 599
422 423
422 428
422 429
422 430
422 434
422 437
422 439
422 440
422 444
422 445
422 448
422 454
422 456
422 458
422 592
423 424
423 425
423 428
423 429
423 430
423 432
423 435
423 437
423 439
423 440
423 443
423 445
423 446
423 448
423 456
423 458
423 459
423 460
423 461
423 466
423 500
423 504
423 524
423 529
423 534
423 543
423 553
423 592
423 596
423 599
424 425
424 504
424 505
425 429
425 435
425 437
425 438
425 439
425 440
425 443
425 445
425 446
425 448
425 456
425 458
425 459
425 460
425 502
425 504
425 505
425 529
425 592
425 596
425 599
426 427
426 428
426 437
426 444
426 454
426 456
426 457
426 469
426 480
426 481
426 483
426 486
426 515
426 536
426 537
426 543
427 428
427 456
427 457
427 458
427 480
427 481
427 482
427 483
427 484
427 485
427 486
427 566
427 585
427 598
427 599
428 429
428 434
428 437
428 438
428 439
428 440
428 446
428 448
428 455
428 456
428 457
428 458
428 464
428 481
428 484
428 577
428 599
429 430
429 432
429 434
429 437
429 438
429 439
429 440
429 443
429 444
429 445
429 446
429 448
429 456
429 458
429 460
429 466
429 469
429 484
429 504
429 536
429 537
429 577
429 584
429 589
429 592
429 593
429 596
429 599
430 432
430 434
430 435
430 437
430 440
430 442
430 446
430 455
430 456
430 458
430 461
430 469
430 500
430 577
431 434
431 440
432 435
432 437
432 442
432 451
432 455
432 456
432 458
432 461
432 464
432 466
432 469
432 500
432 536
432 576
432 577
432 578
433 443
433 586
434 438
434 439
434 440
434 443
434 445
434 446
434 448
434 592
434 596
435 442
435 458
435 461
435 477
435 500
435 502
435 504
436 488
437 438
437 439
437 440
437 442
437 444
437 445
437 448
437 449
437 454
437 455
437 456
437 458
437 461
437 462
437 463
437 464
437 466
437 469
437 515
437 536
437 537
437 543
437 545
437 553
437 577
437 599
438 439
438 440
438 441
438 443
438 445
438 448
438 589
438 592
438 593
438 596
438 599
439 440
439 441
439 443
439 445
439 448
439 454
439 456
439 458
439 502
439 504
439 529
439 530
439 534
439 543
439 545
439 549
439 553
439 579
439 584
439 592
439 594
439 596
439 599
440 441
440 443
440 445
440 446
440 448
440 455
440 456
440 458
440 504
440 529
440 553
440 577
440 592
440 596
441 443
441 445
441 448
441 534
441 553
441 592
442 446
442 455
442 456
442 461
442 463
442 464
442 465
442 466
442 477
442 500
442 516
442 576
442 577
443 445
443 448
443 459
443 489
443 502
443 504
443 534
443 579
443 590
443 592
443 596
443 599
444 447
444 448
444 454
444 456
444 457
444 462
444 515
444 536
444 537
444 543
445 447
445 448
445 504
445 529
445 530
445 534
445 553
445 579
445 592
445 594
445 595
445 596
446 448
446 455
446 456
446 458
446 466
446 504
446 529
446 577
448 454
448 456
448 458
448 459
448 466
448 504
448 529
448 534
448 543
448 590
448 592
448 593
448 596
448 597
448 599
449 454
449 456
449 462
449 464
449 467
449 468
449 515
449 543
450 451
450 490
450 491
450 505
450 508
450 510
450 512
450 514
450 541
450 571
450 578
450 600
451 490
451 491
451 492
451 493
451 494
451 496
451 501
451 503
451 505
451 508
451 509
451 510
451 512
451 513
451 514
451 516
451 523
452 453
452 454
452 460
452 463
452 464
452 497
452 498
452 515
452 525
452 527
452 543
452 545
452 551
452 552
452 563
453 462
453 463
453 464
453 465
453 498
453 515
453 516
453 519
453 520
453 521
453 525
453 527
453 543
453 545
453 552
453 558
453 561
454 455
454 456
454 458
454 462
454 463
454 464
454 465
454 466
454 468
454 515
454 529
454 534
454 536
454 537
454 543
454 545
454 549
454 553
454 577
455 456
455 458
455 461
455 464
455 525
455 575
455 576
455 577
455 578
456 457
456 458
456 462
456 464
456 466
456 469
456 481
456 515
456 529
456 537
456 543
456 576
456 577
457 458
457 480
457 481
457 482
457 483
457 484
457 486
457 566
457 571
457 575
457 577
458 460
458 464
458 466
458 469
458 484
458 500
458 504
458 577
459 473
459 499
459 504
459 571
459 589
459 596
460 469
460 552
460 557
460 584
461 477
461 500
461 524
461 577
461 578
462 463
462 464
462 465
462 466
462 468
462 515
462 525
462 536
462 537
462 543
462 545
462 558
462 576
462 577
463 464
463 465
463 466
463 477
463 515
463 516
463 525
463 527
463 536
463 537
463 543
463 558
463 561
463 575
463 576
463 577
464 465
464 466
464 469
464 515
464 525
464 536
464 537
464 543
464 545
464 552
464 558
464 575
464 576
464 577
465 466
465 477
465 505
465 516
465 543
465 558
465 561
465 575
465 576
465 577
466 477
466 500
466 543
466 561
466 577
467 468
467 497
467 515
467 520
468 515
468 543
469 484
469 536
469 537
469 575
469 577
469 584
470 491
470 509
472 523
473 488
474 501
474 526
475 478
475 493
475 513
475 521
475 556
475 558
476 477
476 488
476 528
476 535
476 544
476 556
476 558
476 561
476 570
477 500
477 516
477 524
477 525
477 577
478 556
478 560
479 550
479 559
479 562
480 481
480 482
480 483
480 484
480 485
480 486
480 487
480 566
480 567
480 575
480 585
481 482
481 483
481 484
481 486
481 487
481 488
481 566
481 575
481 585
481 586
481 588
482 483
482 484
482 486
482 566
482 575
482 585
483 484
483 485
483 486
483 487
483 566
483 567
483 585
484 486
484 487
484 488
484 563
484 566
484 568
484 575
484 585
484 586
485 508
485 567
485 585
486 488
486 566
486 585
486 586
486 588
487 586
488 535
488 540
488 548
488 570
488 588
489 492
489 495
489 496
489 497
489 502
489 511
489 520
489 532
489 579
489 581
490 491
490 492
490 493
490 494
490 495
490 501
490 503
490 505
490 507
490 508
490 510
490 512
490 513
490 514
490 516
490 523
490 527
490 564
491 492
491 493
491 494
491 495
491 496
491 501
491 503
491 507
491 509
491 510
491 512
491 513
491 514
491 518
491 523
492 493
492 494
492 495
492 496
492 501
492 503
492 513
492 514
492 564
493 494
493 495
493 496
493 498
493 501
493 503
493 507
493 508
493 509
493 510
493 511
493 512
493 513
493 514
493 516
493 517
493 518
493 519
493 520
493 521
493 523
493 538
493 542
493 546
493 564
493 572
493 581
493 587
494 495
494 496
494 501
494 503
494 509
494 510
494 512
494 513
494 514
494 517
494 518
494 521
494 523
495 496
495 498
495 501
495 503
495 507
495 509
495 511
495 512
495 513
495 514
495 520
495 521
495 523
495 581
496 498
496 499
496 501
496 503
496 505
496 509
496 511
496 513
496 514
496 516
496 517
496 518
496 519
496 520
496 521
496 564
496 581
497 498
497 520
497 532
497 545
497 556
498 503
498 511
498 513
498 519
498 520
498 521
498 551
498 556
498 581
499 501
499 505
499 517
499 589
500 502
500 504
500 516
501 502
501 503
501 509
501 510
501 513
501 514
501 516
501 523
501 527
502 504
503 505
503 507
503 509
503 510
503 512
503 513
503 514
503 516
503 517
503 518
503 519
503 520
503 521
503 523
503 525
504 596
505 510
505 514
505 516
505 517
505 522
505 571
505 572
505 574
505 576
505 577
505 578
505 600
507 508
507 509
507 510
507 512
507 513
507 518
507 523
507 538
507 564
508 510
508 512
508 513
508 538
508 564
509 564
510 512
510 513
510 514
510 516
510 517
510 518
510 523
510 527
510 564
510 600
511 513
511 519
511 520
511 521
511 540
511 542
511 546
511 551
511 560
511 581
512 513
512 514
512 517
512 518
512 519
512 521
512 523
512 538
512 541
512 572
513 514
513 516
513 517
513 518
513 519
513 520
513 521
513 523
513 527
513 542
513 564
513 572
514 516
514 518
514 519
514 520
514 521
514 523
515 525
515 537
515 543
515 545
515 552
516 517
516 521
516 525
516 527
516 576
517 518
517 519
517 521
517 522
517 528
517 538
517 541
517 542
517 570
517 572
518 519
518 520
518 521
518 538
518 541
518 572
519 520
519 521
519 527
519 538
519 540
519 541
519 542
519 560
519 570
519 572
519 587
519 588
520 521
520 531
520 581
521 523
521 527
521 541
521 542
521 556
521 560
521 570
522 528
522 538
522 560
522 570
522 572
522 573
522 589
523 526
525 527
526 559
528 535
528 544
528 560
528 570
528 572
528 573
529 530
529 533
529 534
529 549
529 553
529 584
529 592
529 594
529 595
530 533
530 534
530 549
530 553
530 579
530 584
530 592
530 594
530 595
530 596
531 532
531 540
532 533
532 554
532 579
533 553
533 579
533 595
534 543
534 545
534 549
534 553
534 579
534 594
534 595
534 597
534 599
535 548
535 560
535 561
535 570
535 572
536 537
537 543
538 541
538 542
538 560
538 566
538 567
538 569
538 572
538 573
538 585
538 588
539 543
539 565
539 566
539 571
539 599
539 600
540 542
540 546
540 547
540 548
540 551
540 555
540 556
540 560
540 581
540 582
540 583
540 587
540 588
541 542
541 562
541 566
541 567
541 573
541 588
542 546
542 547
542 548
542 551
542 560
542 567
542 573
542 581
542 588
543 545
543 558
543 577
543 599
544 548
544 570
544 571
545 552
545 558
546 547
546 548
546 551
546 581
546 583
547 548
547 551
547 556
547 581
547 582
547 583
547 585
547 587
548 550
548 551
548 555
548 560
548 562
548 569
548 570
549 553
549 554
549 584
550 555
550 562
551 555
551 556
551 581
551 582
551 583
551 587
552 563
552 593
552 599
553 584
556 558
556 561
556 582
556 587
558 561
558 563
558 575
559 560
559 562
559 573
560 562
560 569
560 570
560 573
561 570
562 569
562 573
564 591
565 574
565 589
565 592
565 593
566 567
566 569
566 571
566 572
566 575
566 585
566 588
567 569
567 585
567 588
569 570
569 573
569 588
570 572
570 573
571 572
571 574
571 575
571 600
572 587
574 589
574 600
575 576
575 577
575 578
576 577
576 578
577 578
578 600
579 580
579 594
579 595
580 581
581 583
582 583
582 587
585 586
585 587
585 588
585 591
586 587
586 588
586 598
587 588
587 589
588 591
589 592
589 593
589 596
589 598
590 598
592 593
592 594
592 596
593 598
594 595
594 596
594 597
595 597
596 597
596 599
598 599
599 600
