600 8985

1 2
1 20
1 50
1 51
1 94
1 107
1 164
1 236
1 290
1 291
1 302
1 321
1 322
1 326
1 386
1 389
1 390
1 393
1 394
1 436
1 487
1 506
1 586
2 3
2 4
2 5
2 11
2 20
2 21
2 22
2 94
2 100
2 101
2 103
2 104
2 105
2 106
2 107
2 108
2 110
2 191
2 192
2 204
2 288
2 291
2 301
2 302
2 304
2 305
2 317
2 319
2 320
2 321
2 322
2 323
2 324
2 325
2 335
2 336
2 386
2 389
2 390
2 393
2 394
2 395
2 397
2 425
2 436
2 441
2 487
2 530
2 586
3 8
3 11
3 12
3 18
3 98
3 100
3 104
3 108
3 192
3 479
3 506
4 5
4 11
4 20
4 21
4 22
4 25
4 38
4 94
4 100
4 101
4 103
4 104
4 105
4 106
4 107
4 108
4 110
4 116
4 117
4 123
4 192
4 204
4 221
4 284
4 285
4 286
4 287
4 290
4 291
4 301
4 302
4 304
4 305
4 320
4 321
4 322
4 323
4 324
4 325
4 327
4 335
4 336
4 389
4 393
4 394
4 395
4 397
4 398
4 416
4 436
4 497
4 530
4 531
4 582
4 583
4 584
4 586
5 11
5 20
5 21
5 22
5 24
5 29
5 94
5 101
5 104
5 105
5 107
5 164
5 301
5 302
5 303
5 304
5 305
5 308
5 317
5 319
5 320
5 321
5 322
5 323
5 324
5 325
5 326
5 329
5 335
5 336
5 389
5 393
5 394
5 395
5 436
5 497
5 586
6 8
6 11
6 12
6 104
6 107
6 108
7 8
7 9
7 12
7 13
7 15
7 173
7 174
7 175
7 178
7 189
7 217
7 251
7 479
7 526
7 559
8 11
8 12
8 18
8 98
8 100
8 104
8 171
8 173
8 192
8 298
9 13
9 15
9 17
9 217
9 229
9 230
9 249
9 251
9 283
9 310
9 313
9 314
9 315
9 316
9 537
9 569
10 526
11 12
11 18
11 20
11 21
11 22
11 37
11 94
11 97
11 98
11 100
11 101
11 103
11 104
11 105
11 106
11 107
11 108
11 110
11 192
11 204
11 291
11 302
11 303
11 304
11 305
11 317
11 319
11 320
11 321
11 322
11 323
11 325
11 335
11 336
11 389
11 390
11 393
11 394
11 395
11 397
11 481
11 488
11 530
11 547
12 15
12 16
12 18
12 98
12 104
12 303
12 304
12 308
12 315
12 317
12 319
13 15
13 17
13 18
13 160
13 171
13 173
13 174
13 175
13 176
13 178
13 179
13 185
13 249
13 251
13 255
13 266
13 313
13 314
13 316
13 479
13 484
13 559
13 562
13 569
13 572
14 16
14 312
14 318
15 17
15 173
15 174
15 175
15 178
15 181
15 185
15 229
15 249
15 251
15 283
15 310
15 313
15 314
15 315
15 316
15 479
15 559
15 562
16 297
16 312
16 315
16 319
17 67
17 206
17 216
17 254
17 265
17 266
17 268
17 313
17 316
17 318
17 562
17 569
18 20
18 37
18 40
18 49
18 50
18 98
18 100
18 104
18 173
18 175
18 181
18 192
18 236
18 283
18 291
18 303
18 317
18 319
18 320
18 389
18 479
18 480
18 481
18 482
18 484
18 486
18 488
18 506
18 580
18 585
19 318
20 21
20 22
20 24
20 94
20 100
20 101
20 103
20 104
20 105
20 106
20 107
20 108
20 164
20 192
20 204
20 238
20 291
20 301
20 302
20 303
20 304
20 305
20 317
20 319
20 320
20 321
20 322
20 323
20 324
20 325
20 326
20 335
20 336
20 389
20 390
20 393
20 394
20 395
20 425
20 436
20 497
20 500
20 530
20 586
21 22
21 23
21 24
21 25
21 26
21 28
21 30
21 31
21 33
21 35
21 36
21 37
21 38
21 94
21 100
21 101
21 103
21 104
21 105
21 106
21 107
21 108
21 109
21 110
21 117
21 123
21 191
21 192
21 204
21 221
21 284
21 285
21 287
21 291
21 301
21 302
21 303
21 304
21 305
21 319
21 320
21 321
21 322
21 323
21 324
21 325
21 327
21 328
21 330
21 332
21 333
21 334
21 335
21 336
21 389
21 391
21 392
21 393
21 394
21 395
21 397
21 398
21 416
21 497
21 529
21 530
21 533
21 582
21 583
21 584
21 586
22 25
22 33
22 38
22 94
22 101
22 103
22 104
22 105
22 106
22 107
22 123
22 146
22 204
22 221
22 237
22 238
22 284
22 285
22 286
22 287
22 290
22 291
22 301
22 302
22 304
22 305
22 321
22 322
22 323
22 325
22 327
22 335
22 336
22 389
22 393
22 394
22 395
22 397
22 398
22 416
22 417
22 497
22 529
22 530
22 531
22 547
22 548
22 549
22 582
22 583
22 584
22 586
23 25
23 26
23 28
23 30
23 31
23 32
23 33
23 34
23 35
23 36
23 38
23 103
23 284
23 287
23 323
23 327
23 328
23 330
23 332
23 333
23 334
23 335
23 530
23 582
24 29
24 30
24 32
24 35
24 38
24 305
24 320
24 324
24 326
24 329
24 333
24 334
25 26
25 28
25 30
25 31
25 33
25 34
25 35
25 36
25 38
25 103
25 105
25 106
25 107
25 221
25 284
25 285
25 287
25 322
25 323
25 325
25 327
25 328
25 330
25 332
25 333
25 334
25 335
25 530
25 549
25 582
25 583
25 584
26 27
26 28
26 30
26 31
26 34
26 36
26 37
26 38
26 284
26 327
26 328
26 330
26 332
26 482
26 530
26 582
26 585
27 30
27 38
28 30
28 31
28 32
28 33
28 34
28 35
28 36
28 37
28 38
28 103
28 106
28 145
28 220
28 221
28 284
28 287
28 323
28 325
28 327
28 328
28 330
28 332
28 333
28 334
28 335
28 529
28 530
28 582
28 584
29 308
29 312
29 324
29 326
29 329
30 31
30 32
30 33
30 34
30 35
30 36
30 37
30 38
30 103
30 284
30 323
30 324
30 325
30 327
30 328
30 329
30 330
30 332
30 333
30 334
30 335
30 530
30 582
30 584
31 32
31 33
31 34
31 35
31 36
31 37
31 38
31 220
31 221
31 284
31 287
31 323
31 325
31 327
31 328
31 330
31 332
31 333
31 334
31 335
31 392
31 530
31 582
32 35
32 36
32 37
32 38
32 323
32 324
32 327
32 328
32 329
32 332
32 333
32 334
32 335
33 34
33 36
33 103
33 146
33 220
33 221
33 227
33 237
33 284
33 286
33 287
33 325
33 327
33 328
33 332
33 529
33 530
33 546
33 549
33 582
33 583
33 584
34 35
34 36
34 38
34 103
34 145
34 220
34 221
34 227
34 284
34 287
34 323
34 327
34 328
34 332
34 333
34 334
34 335
34 445
34 529
34 530
34 536
34 582
34 584
35 36
35 37
35 38
35 103
35 284
35 323
35 324
35 327
35 328
35 329
35 330
35 332
35 333
35 334
35 335
35 530
35 582
36 37
36 38
36 103
36 106
36 107
36 220
36 221
36 284
36 287
36 323
36 325
36 327
36 328
36 330
36 332
36 333
36 334
36 335
36 530
36 582
37 38
37 107
37 284
37 303
37 319
37 320
37 323
37 324
37 327
37 328
37 330
37 333
37 334
37 335
37 336
37 582
38 103
38 105
38 106
38 107
38 111
38 221
38 284
38 301
38 305
38 320
38 323
38 324
38 325
38 327
38 328
38 329
38 330
38 332
38 333
38 334
38 335
38 336
38 395
38 530
38 582
39 41
39 42
39 43
39 45
39 46
39 47
39 48
39 52
39 88
39 109
39 113
39 115
39 116
39 117
39 118
39 123
39 126
39 340
39 342
39 343
39 344
39 346
39 349
39 406
39 407
39 409
39 410
40 49
40 72
40 74
40 137
40 175
40 177
40 180
40 181
40 205
40 236
40 291
40 440
40 441
40 480
40 481
40 482
40 484
40 486
40 488
40 585
41 42
41 43
41 44
41 45
41 46
41 47
41 48
41 52
41 53
41 54
41 56
41 60
41 82
41 88
41 89
41 91
41 113
41 116
41 337
41 338
41 342
41 343
41 348
41 382
41 404
41 405
41 406
41 408
41 409
41 410
42 43
42 44
42 45
42 46
42 47
42 48
42 52
42 53
42 54
42 60
42 88
42 103
42 113
42 115
42 116
42 117
42 118
42 123
42 342
42 343
42 344
42 346
42 347
42 348
42 349
42 403
42 406
42 407
42 409
42 410
43 116
43 338
44 46
44 53
44 54
44 57
44 60
44 78
44 82
44 130
44 134
44 140
44 144
44 194
44 341
44 348
44 354
44 357
44 373
44 409
45 46
45 47
45 48
45 52
45 54
45 56
45 60
45 82
45 86
45 88
45 89
45 113
45 116
45 337
45 340
45 342
45 343
45 344
45 346
45 347
45 370
45 376
45 405
45 406
45 407
45 408
45 409
45 422
46 47
46 48
46 52
46 54
46 60
46 88
46 109
46 113
46 115
46 116
46 117
46 118
46 123
46 126
46 342
46 343
46 344
46 346
46 347
46 349
46 407
46 409
46 410
47 48
47 52
47 54
47 88
47 105
47 109
47 110
47 111
47 113
47 114
47 115
47 116
47 117
47 118
47 126
47 344
47 346
47 349
47 396
47 398
47 406
47 407
47 408
47 409
47 410
47 411
48 52
48 54
48 60
48 113
48 115
48 116
48 343
48 346
48 347
48 349
48 411
49 50
49 51
49 63
49 72
49 73
49 74
49 79
49 137
49 148
49 149
49 173
49 175
49 176
49 177
49 179
49 181
49 236
49 345
49 374
49 379
49 440
49 441
49 479
49 480
49 481
49 482
49 483
49 484
49 585
50 51
50 173
50 225
50 236
50 389
50 481
50 484
51 62
51 63
51 66
51 67
51 341
51 345
52 88
52 109
52 113
52 115
52 116
52 117
52 118
52 123
52 124
52 126
52 130
52 150
52 347
53 60
53 78
53 91
53 103
53 105
53 107
53 116
53 117
53 118
53 144
53 323
53 335
53 338
53 342
53 344
53 348
53 382
53 408
53 409
53 410
53 444
54 56
54 57
54 60
54 61
54 82
54 88
54 117
54 354
54 400
54 407
54 413
55 57
55 60
55 120
55 125
55 129
55 133
55 134
55 135
55 153
55 197
55 309
55 357
55 366
55 401
55 409
55 412
55 413
55 418
55 420
55 421
55 447
55 450
55 452
55 454
56 57
56 58
56 60
56 61
56 82
56 88
56 348
56 353
56 357
56 365
56 370
56 372
56 375
56 400
56 413
56 421
56 422
56 447
57 58
57 60
57 61
57 65
57 120
57 125
57 134
57 348
57 356
57 357
57 401
57 412
57 413
57 418
57 447
58 60
58 61
58 353
58 354
58 356
58 357
58 358
58 362
58 363
58 366
58 413
58 447
59 62
59 67
59 361
60 61
60 78
60 82
60 88
60 340
60 342
60 344
60 348
60 353
60 354
60 356
60 357
60 400
60 404
60 407
60 409
60 410
60 411
60 413
60 421
60 447
60 492
61 71
61 78
61 82
61 353
61 354
61 356
61 357
61 362
61 363
61 366
61 413
61 447
62 66
62 67
62 345
62 352
62 360
62 361
63 64
63 65
63 66
63 68
63 69
63 70
63 77
63 79
63 82
63 129
63 132
63 133
63 134
63 135
63 140
63 148
63 149
63 152
63 341
63 342
63 345
63 358
63 360
63 363
63 364
63 365
63 366
63 369
63 370
63 372
63 375
63 420
63 421
63 422
63 428
63 429
63 430
63 431
63 437
63 438
63 440
63 443
63 447
63 456
64 65
64 66
65 73
65 129
65 133
65 134
65 135
65 149
65 152
65 341
65 345
65 358
65 366
65 429
65 437
65 438
65 440
65 446
66 67
66 345
66 358
66 359
66 360
66 362
66 363
66 447
67 359
67 361
67 363
68 69
68 70
68 71
68 77
68 78
68 79
68 80
68 81
68 82
68 83
68 84
68 86
68 87
68 89
68 91
68 129
68 132
68 134
68 135
68 136
68 140
68 142
68 152
68 337
68 338
68 339
68 341
68 342
68 345
68 364
68 365
68 366
68 368
68 369
68 370
68 372
68 375
68 376
68 380
68 381
68 405
68 420
68 421
68 422
68 428
68 429
68 430
68 431
68 432
68 434
68 437
68 439
68 447
68 456
68 458
68 599
69 70
69 71
69 72
69 79
69 81
69 82
69 89
69 91
69 132
69 337
69 345
69 365
69 368
69 370
69 372
69 375
69 376
69 381
69 405
70 72
70 74
70 76
70 77
70 79
70 80
70 81
70 82
70 83
70 89
70 91
70 129
70 132
70 135
70 137
70 140
70 142
70 158
70 177
70 180
70 185
70 188
70 198
70 241
70 280
70 296
70 365
70 366
70 368
70 370
70 372
70 375
70 376
70 422
70 429
70 430
70 459
71 76
71 77
71 341
71 370
71 372
71 447
71 593
72 74
72 77
72 79
72 80
72 81
72 89
72 91
72 137
72 207
72 229
72 236
72 368
72 370
72 372
72 441
72 506
73 74
73 77
73 79
73 125
73 129
73 130
73 132
73 135
73 137
73 138
73 139
73 149
73 150
73 159
73 173
73 367
73 374
73 429
73 440
73 446
73 479
73 484
74 75
74 77
74 78
74 79
74 81
74 132
74 137
74 140
74 148
74 149
74 159
74 173
74 189
74 283
74 303
74 369
74 440
75 77
75 78
75 79
75 82
75 91
75 140
75 337
75 341
75 369
75 371
75 372
76 82
76 279
76 296
76 372
76 375
76 402
76 577
77 78
77 79
77 80
77 81
77 82
77 83
77 89
77 91
77 98
77 127
77 129
77 132
77 134
77 137
77 140
77 142
77 158
77 370
77 372
77 375
77 430
77 439
77 447
77 455
77 456
78 82
78 89
78 91
78 140
78 142
78 242
78 337
78 341
78 342
78 354
78 369
78 372
78 373
78 375
78 421
78 447
79 80
79 81
79 82
79 83
79 84
79 86
79 87
79 89
79 90
79 91
79 140
79 296
79 337
79 368
79 369
79 372
79 375
79 376
79 377
79 380
79 381
79 405
80 81
80 83
80 84
80 87
80 129
80 132
80 140
80 188
80 364
80 365
80 368
80 370
80 375
80 377
80 380
80 381
80 420
80 428
80 430
80 431
80 439
80 510
80 523
81 84
81 86
81 87
81 89
81 91
81 132
81 180
81 337
81 368
81 372
81 375
81 376
81 380
81 381
81 405
82 83
82 88
82 89
82 91
82 129
82 132
82 140
82 142
82 338
82 364
82 365
82 366
82 368
82 369
82 370
82 372
82 375
82 376
82 382
82 405
82 420
82 421
82 422
82 430
82 447
82 456
82 599
83 84
83 87
83 92
83 127
83 129
83 132
83 134
83 135
83 136
83 140
83 141
83 142
83 188
83 190
83 198
83 280
83 295
83 365
83 366
83 370
83 375
83 376
83 420
83 422
83 430
83 431
83 450
83 452
83 510
83 523
83 524
84 85
84 86
84 87
84 376
84 377
84 378
84 380
84 381
84 405
84 422
85 86
85 87
85 377
85 378
85 405
85 422
86 87
86 88
86 89
86 91
86 337
86 375
86 376
86 377
86 378
86 380
86 381
86 405
86 422
87 89
87 91
87 337
87 375
87 376
87 377
87 378
87 380
87 381
87 405
87 422
88 89
88 91
88 113
88 116
88 337
88 338
88 340
88 342
88 343
88 365
88 370
88 372
88 375
88 376
88 382
88 404
88 405
88 406
88 407
88 408
88 421
88 422
89 91
89 337
89 338
89 342
89 365
89 368
89 370
89 372
89 375
89 376
89 377
89 380
89 381
89 382
89 405
89 406
89 422
90 151
90 380
91 140
91 337
91 338
91 342
91 365
91 368
91 370
91 372
91 375
91 376
91 377
91 380
91 381
91 382
91 405
91 422
92 93
92 95
92 128
92 129
92 132
92 135
92 167
92 182
92 187
92 188
92 190
92 197
92 198
92 206
92 208
92 209
92 210
92 241
92 280
92 295
92 420
92 429
92 450
92 459
92 467
92 510
92 511
92 512
92 514
92 523
92 524
92 551
93 94
93 95
93 100
93 101
93 102
93 108
93 112
93 114
93 184
93 187
93 191
93 192
93 193
93 196
93 199
93 201
93 202
93 210
93 212
93 213
93 214
93 280
93 383
93 384
93 385
93 389
93 391
93 416
93 417
93 419
93 425
93 435
93 442
93 459
93 473
93 489
93 490
93 493
93 494
93 496
93 498
93 503
93 504
93 515
93 545
94 101
94 103
94 104
94 105
94 106
94 107
94 108
94 114
94 116
94 117
94 191
94 192
94 204
94 235
94 290
94 291
94 301
94 302
94 303
94 304
94 305
94 317
94 319
94 320
94 321
94 322
94 323
94 324
94 325
94 335
94 336
94 386
94 389
94 390
94 391
94 393
94 394
94 395
94 396
94 397
94 398
94 416
94 417
94 419
94 425
94 436
94 491
94 494
94 497
94 503
94 530
94 586
95 111
95 112
95 114
95 117
95 118
95 119
95 120
95 124
95 130
95 131
95 144
95 190
95 196
95 210
95 212
95 223
95 385
95 391
95 396
95 423
95 424
95 450
95 451
95 467
95 490
95 510
95 514
95 545
96 97
96 98
96 118
96 147
96 158
96 225
96 298
96 388
96 534
96 535
96 536
96 537
97 98
97 108
97 192
97 488
98 104
98 158
98 192
98 317
98 388
98 389
98 486
98 488
98 554
99 183
99 215
99 219
99 228
99 243
99 259
99 260
99 261
99 262
99 265
99 267
99 268
99 269
99 270
99 274
99 275
99 277
99 278
99 279
99 281
99 282
99 387
99 466
99 500
99 517
99 574
99 578
99 579
99 592
99 595
100 101
100 102
100 103
100 104
100 106
100 107
100 108
100 138
100 143
100 145
100 147
100 159
100 173
100 189
100 191
100 192
100 193
100 196
100 204
100 213
100 221
100 222
100 223
100 224
100 225
100 245
100 283
100 285
100 286
100 290
100 291
100 302
100 303
100 320
100 321
100 322
100 325
100 389
100 390
100 391
100 392
100 394
100 395
100 397
100 416
100 417
100 425
100 479
100 489
100 496
100 497
100 498
100 527
100 530
100 531
100 532
100 533
100 535
100 545
100 583
100 584
100 586
101 103
101 104
101 105
101 106
101 107
101 108
101 110
101 114
101 117
101 191
101 192
101 204
101 212
101 221
101 290
101 291
101 301
101 302
101 303
101 304
101 305
101 317
101 319
101 320
101 321
101 322
101 323
101 324
101 325
101 335
101 336
101 389
101 390
101 391
101 393
101 394
101 395
101 396
101 397
101 416
101 417
101 419
101 425
101 436
101 494
101 496
101 497
101 503
101 530
101 584
101 586
102 189
102 192
102 193
102 196
102 202
102 213
102 214
102 224
102 225
102 245
102 283
102 389
102 391
102 498
102 527
102 545
103 104
103 105
103 106
103 107
103 108
103 109
103 110
103 111
103 116
103 117
103 118
103 123
103 145
103 191
103 196
103 204
103 212
103 221
103 223
103 284
103 287
103 291
103 301
103 305
103 321
103 322
103 323
103 325
103 327
103 332
103 333
103 334
103 335
103 336
103 389
103 391
103 392
103 393
103 394
103 395
103 397
103 398
103 416
103 494
103 497
103 529
103 530
103 533
103 545
103 582
103 583
103 584
103 586
104 105
104 106
104 107
104 108
104 110
104 164
104 191
104 192
104 204
104 214
104 221
104 222
104 291
104 301
104 302
104 303
104 304
104 305
104 317
104 319
104 320
104 321
104 322
104 323
104 325
104 335
104 336
104 389
104 390
104 393
104 394
104 395
104 397
104 419
104 425
104 442
104 488
104 493
104 495
104 496
104 499
104 503
104 519
104 530
104 547
104 575
104 586
105 106
105 107
105 108
105 109
105 110
105 111
105 116
105 117
105 204
105 212
105 221
105 284
105 291
105 301
105 302
105 304
105 305
105 319
105 320
105 321
105 322
105 323
105 324
105 325
105 327
105 333
105 335
105 336
105 389
105 393
105 394
105 395
105 397
105 398
105 416
105 530
106 107
106 108
106 109
106 110
106 111
106 116
106 117
106 118
106 119
106 123
106 143
106 145
106 192
106 193
106 196
106 204
106 212
106 221
106 222
106 223
106 225
106 284
106 285
106 287
106 291
106 301
106 305
106 320
106 321
106 322
106 323
106 325
106 327
106 335
106 336
106 389
106 391
106 392
106 393
106 394
106 395
106 397
106 398
106 399
106 416
106 417
106 497
106 529
106 530
106 531
106 533
106 535
106 545
106 582
106 583
106 584
107 108
107 109
107 110
107 116
107 117
107 164
107 191
107 192
107 204
107 221
107 238
107 284
107 285
107 286
107 287
107 290
107 291
107 301
107 302
107 303
107 304
107 305
107 317
107 319
107 320
107 321
107 322
107 323
107 324
107 325
107 327
107 333
107 334
107 335
107 336
107 389
107 392
107 393
107 394
107 395
107 397
107 398
107 416
107 530
107 547
107 582
107 583
107 584
107 586
108 110
108 191
108 192
108 193
108 202
108 204
108 212
108 213
108 214
108 221
108 222
108 223
108 301
108 305
108 320
108 321
108 383
108 389
108 390
108 391
108 393
108 394
108 395
108 397
108 415
108 425
108 442
108 488
108 493
108 495
108 496
108 503
108 519
108 530
108 533
108 535
109 110
109 111
109 112
109 113
109 114
109 115
109 116
109 117
109 118
109 119
109 123
109 124
109 126
109 130
109 138
109 194
109 196
109 393
109 394
109 395
109 396
109 397
109 398
109 399
109 411
109 416
109 530
110 111
110 118
110 119
110 121
110 123
110 150
110 221
110 223
110 301
110 304
110 320
110 321
110 336
110 389
110 392
110 393
110 395
110 397
110 398
110 399
110 418
110 530
110 533
111 115
111 116
111 118
111 119
111 120
111 121
111 123
111 125
111 150
111 223
111 301
111 395
111 398
111 399
111 401
111 411
111 418
111 530
112 113
112 114
112 115
112 116
112 117
112 118
112 123
112 124
112 126
112 130
112 131
112 191
112 194
112 196
112 350
112 391
112 396
112 403
112 407
112 423
112 424
112 451
112 455
112 490
112 491
112 492
112 494
112 498
112 514
112 545
113 114
113 115
113 116
113 117
113 118
113 123
113 124
113 126
113 130
113 138
113 139
113 194
113 346
113 349
113 367
113 403
113 407
113 410
114 115
114 116
114 117
114 118
114 126
114 130
114 131
114 138
114 139
114 191
114 194
114 196
114 391
114 393
114 394
114 396
114 397
114 398
114 407
114 416
114 423
114 424
114 436
114 451
114 490
114 491
114 492
114 494
115 116
115 117
115 118
115 123
115 124
115 125
115 126
115 130
115 138
115 139
115 150
115 194
115 347
115 349
115 396
115 407
115 416
115 446
116 117
116 118
116 123
116 124
116 126
116 130
116 139
116 194
116 346
116 349
116 396
116 398
116 407
116 408
116 409
116 410
116 416
117 118
117 123
117 126
117 191
117 194
117 335
117 344
117 346
117 349
117 393
117 394
117 395
117 396
117 398
117 403
117 407
117 408
117 410
117 416
117 423
117 451
117 491
117 530
118 119
118 120
118 122
118 123
118 124
118 125
118 130
118 131
118 139
118 143
118 147
118 150
118 153
118 196
118 223
118 325
118 344
118 348
118 396
118 397
118 398
118 399
118 408
118 409
118 410
118 411
118 412
118 416
118 418
118 443
118 444
118 446
118 451
118 545
119 120
119 121
119 122
119 123
119 125
119 130
119 131
119 141
119 143
119 145
119 147
119 149
119 150
119 153
119 193
119 196
119 212
119 221
119 223
119 224
119 225
119 392
119 395
119 396
119 397
119 398
119 399
119 401
119 412
119 416
119 418
119 443
119 445
119 446
119 450
119 467
119 498
119 510
119 529
119 530
119 531
119 533
119 534
119 545
120 121
120 124
120 125
120 129
120 131
120 153
120 399
120 400
120 401
120 411
120 412
120 413
120 418
120 420
120 424
120 450
120 452
120 510
121 125
121 141
121 223
121 224
121 399
121 401
121 418
121 450
121 477
121 510
121 514
121 523
121 533
121 534
122 123
122 125
122 196
122 221
122 223
122 339
122 399
122 415
122 416
122 444
122 449
122 531
122 533
122 597
123 124
123 125
123 126
123 130
123 131
123 138
123 143
123 150
123 196
123 204
123 221
123 223
123 224
123 321
123 325
123 395
123 396
123 397
123 398
123 399
123 416
123 417
123 418
123 446
123 494
123 497
123 498
123 529
123 530
123 533
123 545
123 583
124 125
124 130
124 150
124 194
124 196
124 223
124 224
124 350
124 413
125 129
125 130
125 139
125 143
125 147
125 149
125 150
125 152
125 153
125 157
125 196
125 223
125 224
125 347
125 399
125 401
125 412
125 418
125 437
125 443
125 446
125 450
125 510
125 533
125 534
125 545
125 559
126 130
126 138
126 139
126 141
126 150
126 191
126 194
126 204
126 349
126 396
126 403
127 128
127 129
127 131
127 132
127 134
127 136
127 137
127 140
127 141
127 142
127 145
127 148
127 149
127 152
127 158
127 159
127 161
127 190
127 193
127 298
127 428
127 430
127 431
127 432
127 434
127 437
127 438
127 450
127 455
127 456
127 458
127 488
127 510
127 534
127 599
127 600
128 129
128 131
128 134
128 135
128 136
128 140
128 141
128 142
128 143
128 144
128 145
128 147
128 149
128 152
128 153
128 154
128 157
128 188
128 190
128 197
128 208
128 209
128 220
128 224
128 225
128 263
128 264
128 298
128 300
128 339
128 364
128 420
128 428
128 430
128 431
128 432
128 434
128 437
128 439
128 443
128 445
128 450
128 452
128 453
128 454
128 456
128 458
128 467
128 510
128 512
128 514
128 523
128 534
128 536
128 539
128 541
128 597
128 599
128 600
129 130
129 131
129 132
129 133
129 134
129 135
129 136
129 137
129 140
129 141
129 142
129 147
129 149
129 150
129 152
129 153
129 188
129 190
129 197
129 339
129 364
129 365
129 366
129 370
129 374
129 412
129 418
129 420
129 421
129 422
129 428
129 429
129 430
129 431
129 432
129 434
129 437
129 438
129 439
129 440
129 443
129 447
129 450
129 452
129 456
129 510
129 523
129 534
129 600
130 131
130 134
130 137
130 138
130 139
130 141
130 143
130 144
130 147
130 149
130 150
130 153
130 190
130 196
130 223
130 224
130 350
130 367
130 374
130 403
130 418
130 423
130 424
130 429
130 431
130 443
130 446
130 450
130 451
130 490
130 510
130 514
130 534
130 545
131 134
131 136
131 141
131 142
131 143
131 144
131 145
131 147
131 149
131 153
131 190
131 193
131 196
131 209
131 210
131 212
131 223
131 224
131 396
131 397
131 399
131 418
131 432
131 434
131 435
131 437
131 438
131 445
131 450
131 451
131 452
131 455
131 467
131 490
131 498
131 510
131 514
131 533
131 534
131 545
131 600
132 133
132 134
132 135
132 136
132 137
132 140
132 141
132 142
132 148
132 153
132 158
132 180
132 188
132 190
132 280
132 364
132 365
132 366
132 368
132 372
132 420
132 421
132 422
132 426
132 428
132 429
132 430
132 431
132 437
132 438
132 440
132 447
132 450
132 456
132 458
132 459
132 510
133 134
133 135
133 137
133 140
133 142
133 147
133 149
133 153
133 186
133 366
133 412
133 414
133 420
133 421
133 428
133 429
133 430
133 437
133 438
133 447
133 450
133 534
134 135
134 136
134 137
134 140
134 141
134 142
134 143
134 144
134 145
134 146
134 147
134 148
134 149
134 150
134 152
134 153
134 159
134 190
134 300
134 339
134 341
134 364
134 366
134 369
134 418
134 420
134 428
134 429
134 430
134 431
134 432
134 434
134 437
134 438
134 440
134 443
134 445
134 446
134 447
134 450
134 452
134 456
134 458
134 462
134 510
134 514
134 534
134 599
134 600
135 136
135 137
135 140
135 142
135 152
135 153
135 188
135 190
135 364
135 365
135 366
135 420
135 421
135 422
135 428
135 429
135 430
135 431
135 437
135 438
135 447
135 450
135 452
135 456
135 510
135 534
136 137
136 140
136 141
136 142
136 143
136 145
136 148
136 149
136 152
136 153
136 154
136 155
136 158
136 159
136 161
136 188
136 190
136 210
136 224
136 298
136 299
136 300
136 339
136 364
136 420
136 428
136 430
136 431
136 432
136 434
136 435
136 437
136 438
136 445
136 447
136 450
136 452
136 456
136 458
136 462
136 464
136 467
136 510
136 514
136 534
136 599
136 600
137 138
137 139
137 140
137 141
137 142
137 143
137 148
137 149
137 150
137 153
137 158
137 159
137 180
137 181
137 190
137 366
137 367
137 374
137 429
137 430
137 431
137 437
137 438
137 440
137 455
137 456
137 459
137 510
137 534
138 139
138 141
138 143
138 149
138 150
138 196
138 224
138 367
138 374
138 396
138 397
138 418
138 446
138 451
138 545
138 559
139 141
139 143
139 144
139 147
139 150
139 153
139 194
139 196
139 367
139 418
139 446
139 545
140 141
140 142
140 144
140 148
140 149
140 152
140 180
140 188
140 300
140 339
140 341
140 364
140 365
140 366
140 369
140 370
140 372
140 373
140 375
140 376
140 380
140 420
140 421
140 428
140 429
140 430
140 431
140 432
140 434
140 437
140 439
140 440
140 445
140 447
140 456
140 458
140 510
140 599
140 600
141 142
141 143
141 144
141 145
141 147
141 149
141 150
141 152
141 153
141 158
141 159
141 190
141 193
141 196
141 210
141 223
141 224
141 339
141 418
141 430
141 431
141 432
141 434
141 437
141 445
141 450
141 455
141 456
141 510
141 514
141 523
141 533
141 534
141 545
141 600
142 144
142 145
142 148
142 153
142 158
142 188
142 190
142 197
142 242
142 339
142 364
142 365
142 366
142 370
142 372
142 420
142 421
142 426
142 428
142 429
142 430
142 431
142 432
142 434
142 437
142 438
142 439
142 445
142 447
142 450
142 452
142 455
142 456
142 458
142 510
142 514
142 534
142 599
142 600
143 144
143 145
143 146
143 147
143 149
143 150
143 152
143 153
143 157
143 189
143 190
143 193
143 196
143 220
143 221
143 222
143 223
143 224
143 225
143 227
143 245
143 285
143 286
143 287
143 291
143 300
143 325
143 391
143 392
143 397
143 399
143 416
143 417
143 418
143 430
143 432
143 437
143 438
143 443
143 445
143 446
143 467
143 489
143 498
143 510
143 529
143 530
143 531
143 533
143 534
143 535
143 536
143 541
143 545
143 582
143 583
143 584
143 600
144 145
144 146
144 147
144 149
144 150
144 153
144 157
144 190
144 196
144 224
144 225
144 339
144 409
144 428
144 429
144 430
144 431
144 432
144 434
144 437
144 439
144 443
144 444
144 445
144 456
144 498
144 510
144 534
144 545
144 600
145 146
145 147
145 149
145 152
145 153
145 157
145 189
145 190
145 193
145 196
145 220
145 221
145 222
145 223
145 224
145 225
145 226
145 227
145 245
145 284
145 285
145 287
145 298
145 300
145 325
145 389
145 391
145 392
145 397
145 399
145 430
145 437
145 438
145 443
145 445
145 467
145 510
145 529
145 530
145 531
145 533
145 534
145 535
145 536
145 537
145 545
145 549
145 553
145 582
145 583
145 584
145 600
146 147
146 149
146 204
146 221
146 222
146 225
146 237
146 285
146 286
146 287
146 322
146 325
146 341
146 397
146 416
146 417
146 437
146 443
146 444
146 445
146 446
146 462
146 497
146 529
146 531
146 535
146 545
146 583
146 584
147 149
147 152
147 153
147 157
147 190
147 196
147 220
147 221
147 222
147 223
147 224
147 225
147 285
147 287
147 392
147 397
147 399
147 412
147 418
147 437
147 438
147 443
147 445
147 446
147 450
147 467
147 510
147 529
147 531
147 533
147 534
147 535
147 536
147 537
147 545
147 583
148 149
148 150
148 152
148 153
148 158
148 159
148 345
148 428
148 430
148 431
148 432
148 437
148 438
148 440
148 456
148 458
149 150
149 152
149 153
149 159
149 190
149 225
149 341
149 345
149 369
149 374
149 392
149 418
149 429
149 430
149 431
149 432
149 434
149 437
149 438
149 440
149 443
149 445
149 446
149 450
149 456
149 531
149 534
150 152
150 153
150 159
150 367
150 374
150 399
150 418
150 431
150 437
150 440
150 446
150 456
151 199
151 259
151 261
151 271
151 272
151 274
151 277
151 279
151 281
151 297
152 153
152 300
152 339
152 341
152 418
152 420
152 428
152 430
152 431
152 437
152 443
152 445
152 446
152 450
152 456
152 462
152 510
152 531
152 534
152 599
152 600
153 157
153 190
153 196
153 197
153 223
153 224
153 225
153 399
153 412
153 418
153 420
153 428
153 430
153 431
153 432
153 437
153 438
153 439
153 440
153 443
153 450
153 452
153 454
153 456
153 467
153 510
153 534
153 545
153 600
154 157
154 182
154 187
154 188
154 190
154 193
154 197
154 198
154 202
154 206
154 208
154 209
154 210
154 211
154 213
154 215
154 216
154 220
154 224
154 227
154 231
154 244
154 265
154 273
154 280
154 295
154 298
154 432
154 445
154 452
154 454
154 463
154 467
154 489
154 505
154 510
154 511
154 512
154 513
154 514
154 515
154 516
154 518
154 524
154 536
154 537
154 542
154 551
154 555
154 600
155 156
155 157
155 197
155 218
155 253
155 298
155 449
155 453
155 454
155 462
155 464
155 467
155 596
155 597
155 600
156 157
156 172
156 218
156 234
156 238
156 245
156 247
156 248
156 478
156 521
156 557
156 558
156 564
156 590
157 189
157 190
157 196
157 197
157 209
157 223
157 224
157 225
157 245
157 300
157 339
157 347
157 415
157 418
157 420
157 428
157 430
157 432
157 434
157 435
157 437
157 439
157 443
157 445
157 450
157 452
157 454
157 467
157 489
157 498
157 510
157 512
157 514
157 515
157 523
157 527
157 531
157 533
157 534
157 541
157 545
157 590
157 596
157 597
157 600
158 159
158 180
158 188
158 190
158 208
158 211
158 265
158 428
158 455
158 458
158 459
158 486
158 488
159 161
159 193
159 199
159 210
159 440
159 455
159 459
160 171
160 260
161 199
161 200
161 219
161 274
161 275
161 277
161 281
161 458
161 464
161 466
162 163
162 242
162 462
162 464
162 466
162 468
163 203
163 215
163 253
163 259
163 261
163 262
163 267
163 271
163 277
163 297
163 464
163 466
163 577
164 272
164 281
164 302
164 303
164 304
164 305
164 319
164 322
164 323
164 324
164 326
164 393
164 394
164 500
165 167
165 183
165 185
165 207
165 250
165 252
165 254
165 266
165 268
165 278
165 295
165 313
165 569
165 570
166 168
166 235
166 307
166 386
166 427
166 459
166 470
166 475
167 187
167 198
167 280
167 457
167 473
167 478
167 560
168 170
168 229
168 235
168 236
168 252
168 282
168 283
168 427
168 475
168 486
168 506
168 522
168 547
168 548
168 556
168 575
168 579
168 589
169 297
169 476
170 232
170 238
170 243
170 247
170 250
170 252
170 258
170 269
170 282
170 500
170 538
170 544
170 548
170 556
170 579
170 589
171 199
171 200
171 206
171 211
171 216
171 295
171 297
171 474
171 509
171 511
171 572
172 248
172 478
172 557
172 558
172 560
172 561
172 563
173 174
173 175
173 178
173 181
173 185
173 189
173 252
173 257
173 283
173 293
173 389
173 392
173 479
173 480
173 481
173 482
173 484
173 486
173 559
173 562
174 217
174 249
174 251
174 316
174 479
174 526
174 559
175 176
175 177
175 178
175 179
175 180
175 181
175 185
175 255
175 283
175 479
175 480
175 481
175 482
175 483
175 484
175 486
175 559
175 566
175 569
175 585
176 177
176 178
176 179
176 181
176 255
176 479
176 480
176 482
176 483
176 484
176 566
176 585
177 179
177 180
177 181
177 480
177 482
177 483
177 484
177 486
177 566
177 585
178 179
178 181
178 185
178 255
178 257
178 293
178 469
178 479
178 480
178 481
178 482
178 484
178 562
178 566
178 569
178 572
179 181
179 255
179 479
179 480
179 481
179 482
179 483
179 484
179 566
179 585
180 181
180 183
180 185
180 482
180 484
180 486
181 185
181 205
181 479
181 480
181 481
181 482
181 483
181 484
181 486
181 585
182 187
182 188
182 197
182 198
182 206
182 208
182 209
182 211
182 216
182 241
182 273
182 276
182 280
182 295
182 457
182 463
182 508
182 511
182 512
182 516
182 518
182 524
182 542
182 551
183 200
183 207
183 215
183 219
183 228
183 259
183 260
183 261
183 262
183 266
183 267
183 268
183 269
183 270
183 271
183 277
183 278
183 279
183 281
183 296
183 570
184 289
184 402
184 419
184 457
184 473
184 507
184 522
185 252
185 257
185 293
185 479
185 484
185 486
185 559
185 562
185 569
187 188
187 189
187 197
187 198
187 202
187 206
187 207
187 209
187 211
187 213
187 224
187 233
187 241
187 244
187 276
187 280
187 295
187 384
187 385
187 460
187 467
187 473
187 489
187 501
187 510
187 511
187 512
187 513
187 514
187 515
187 518
187 520
187 524
187 526
187 551
188 190
188 197
188 198
188 200
188 202
188 206
188 207
188 208
188 209
188 210
188 211
188 216
188 231
188 241
188 276
188 280
188 295
188 296
188 366
188 384
188 385
188 420
188 428
188 430
188 434
188 435
188 450
188 458
188 459
188 467
188 510
188 511
188 512
188 514
188 523
188 524
188 542
188 551
188 599
188 600
189 192
189 193
189 198
189 202
189 211
189 213
189 222
189 224
189 225
189 226
189 227
189 230
189 244
189 245
189 246
189 264
189 283
189 298
189 300
189 391
189 479
189 489
189 515
189 531
189 532
189 535
189 536
189 537
189 555
190 193
190 196
190 208
190 209
190 210
190 223
190 224
190 280
190 383
190 420
190 430
190 431
190 432
190 434
190 437
190 438
190 445
190 450
190 452
190 455
190 459
190 467
190 490
190 510
190 512
190 514
190 523
190 533
190 534
190 545
190 600
191 192
191 193
191 194
191 196
191 199
191 201
191 202
191 204
191 210
191 212
191 221
191 222
191 290
191 321
191 322
191 383
191 389
191 390
191 391
191 393
191 394
191 395
191 396
191 397
191 416
191 417
191 419
191 425
191 436
191 442
191 451
191 455
191 491
191 493
191 494
191 495
191 496
191 499
191 503
191 504
191 513
191 530
192 193
192 195
192 199
192 201
192 202
192 204
192 212
192 213
192 214
192 221
192 222
192 237
192 245
192 286
192 290
192 291
192 301
192 302
192 303
192 304
192 305
192 319
192 320
192 321
192 322
192 325
192 389
192 390
192 391
192 393
192 394
192 395
192 397
192 417
192 419
192 425
192 442
192 488
192 489
192 493
192 494
192 495
192 496
192 497
192 499
192 503
192 504
192 509
192 519
192 530
192 533
192 535
192 547
192 583
192 584
192 586
193 196
193 199
193 202
193 204
193 209
193 210
193 211
193 212
193 213
193 214
193 221
193 222
193 223
193 224
193 225
193 245
193 298
193 321
193 383
193 389
193 391
193 392
193 395
193 397
193 425
193 445
193 455
193 459
193 467
193 489
193 493
193 494
193 495
193 496
193 503
193 514
193 515
193 527
193 533
193 534
193 535
193 537
193 545
194 396
195 215
195 274
195 489
195 493
195 496
195 497
195 503
195 513
195 519
195 520
196 209
196 210
196 212
196 221
196 222
196 223
196 224
196 225
196 245
196 383
196 391
196 392
196 396
196 397
196 399
196 416
196 417
196 418
196 445
196 451
196 467
196 489
196 490
196 494
196 496
196 497
196 498
196 510
196 514
196 515
196 533
196 534
196 535
196 545
196 583
197 209
197 224
197 227
197 241
197 295
197 309
197 339
197 364
197 420
197 428
197 430
197 432
197 434
197 439
197 447
197 450
197 452
197 453
197 454
197 463
197 467
197 510
197 512
197 514
197 515
197 518
197 523
197 524
197 551
197 552
197 555
197 590
197 596
197 597
197 598
197 599
197 600
198 200
198 201
198 202
198 206
198 207
198 208
198 209
198 211
198 213
198 216
198 229
198 231
198 241
198 244
198 273
198 276
198 280
198 295
198 296
198 313
198 384
198 402
198 459
198 460
198 473
198 474
198 501
198 505
198 511
198 516
198 518
198 520
198 522
198 524
198 542
198 551
198 569
199 200
199 201
199 209
199 210
199 211
199 212
199 277
199 280
199 281
199 384
199 419
199 425
199 435
199 442
199 474
199 493
199 495
199 496
199 499
199 503
199 504
199 509
199 513
199 519
200 201
200 203
200 206
200 207
200 208
200 211
200 215
200 216
200 219
200 231
200 259
200 261
200 262
200 265
200 266
200 268
200 273
200 274
200 276
200 277
200 278
200 279
200 280
200 281
200 295
200 296
200 474
200 499
200 501
200 502
200 504
200 505
200 509
200 511
200 516
200 517
200 519
200 522
200 524
200 542
200 576
201 202
201 203
201 206
201 207
201 208
201 211
201 213
201 215
201 216
201 231
201 241
201 244
201 276
201 278
201 280
201 383
201 384
201 419
201 425
201 442
201 459
201 460
201 465
201 473
201 474
201 488
201 493
201 495
201 496
201 499
201 501
201 502
201 503
201 504
201 505
201 509
201 516
201 517
201 519
201 520
201 522
201 542
201 575
201 576
202 209
202 210
202 211
202 212
202 213
202 214
202 222
202 280
202 384
202 385
202 391
202 419
202 425
202 442
202 455
202 459
202 460
202 467
202 489
202 493
202 495
202 496
202 499
202 501
202 503
202 504
202 513
202 515
202 516
202 519
203 208
203 211
203 214
203 215
203 219
203 229
203 230
203 231
203 265
203 268
203 273
203 274
203 278
203 281
203 296
203 442
203 488
203 499
203 502
203 505
203 517
203 519
203 565
203 576
204 221
204 222
204 285
204 286
204 290
204 291
204 302
204 305
204 321
204 322
204 325
204 389
204 391
204 393
204 394
204 395
204 397
204 416
204 417
204 425
204 436
204 494
204 496
204 497
204 530
204 531
204 535
204 547
204 583
205 506
206 207
206 208
206 209
206 211
206 213
206 215
206 216
206 229
206 231
206 241
206 244
206 265
206 273
206 276
206 280
206 295
206 463
206 474
206 489
206 501
206 505
206 509
206 511
206 512
206 516
206 518
206 519
206 520
206 524
206 525
206 540
206 542
206 551
206 555
206 560
206 565
206 569
206 581
207 211
207 215
207 216
207 229
207 230
207 231
207 241
207 244
207 252
207 266
207 268
207 273
207 276
207 277
207 278
207 279
207 295
207 296
207 313
207 402
207 419
207 460
207 473
207 474
207 501
207 509
207 519
207 522
207 542
207 565
207 569
207 570
207 581
208 209
208 210
208 211
208 215
208 216
208 219
208 231
208 241
208 244
208 264
208 265
208 273
208 278
208 280
208 295
208 296
208 298
208 428
208 458
208 463
208 464
208 465
208 501
208 502
208 505
208 509
208 511
208 512
208 516
208 517
208 518
208 519
208 524
208 528
208 540
208 542
208 552
208 555
208 565
208 594
208 599
208 600
209 210
209 211
209 212
209 213
209 216
209 223
209 224
209 231
209 280
209 295
209 383
209 384
209 385
209 434
209 435
209 454
209 467
209 489
209 493
209 496
209 505
209 510
209 511
209 512
209 513
209 514
209 515
209 516
209 518
209 520
209 523
209 524
209 542
209 551
209 600
210 212
210 213
210 222
210 223
210 224
210 280
210 383
210 384
210 391
210 435
210 455
210 467
210 489
210 490
210 493
210 494
210 496
210 498
210 510
210 512
210 513
210 514
210 515
210 533
210 545
211 213
211 215
211 216
211 227
211 229
211 231
211 241
211 244
211 265
211 273
211 276
211 278
211 280
211 295
211 296
211 442
211 460
211 463
211 474
211 489
211 493
211 495
211 496
211 499
211 501
211 504
211 505
211 509
211 511
211 512
211 513
211 516
211 517
211 518
211 519
211 520
211 524
211 525
211 542
211 551
211 555
211 565
212 221
212 222
212 223
212 224
212 301
212 383
212 391
212 395
212 397
212 399
212 435
212 489
212 493
212 494
212 495
212 496
212 513
212 515
212 530
212 533
212 545
213 214
213 222
213 224
213 227
213 231
213 237
213 244
213 245
213 246
213 298
213 391
213 425
213 442
213 467
213 489
213 493
213 496
213 498
213 503
213 511
213 512
213 515
213 516
213 519
213 520
213 527
213 532
213 533
213 535
213 536
213 542
213 545
213 546
213 555
213 581
214 237
214 390
214 419
214 425
214 442
214 460
214 493
214 495
214 496
214 499
214 503
214 506
214 515
214 516
214 519
214 527
214 535
215 216
215 219
215 231
215 259
215 261
215 262
215 265
215 266
215 268
215 271
215 273
215 274
215 275
215 277
215 278
215 279
215 281
215 295
215 297
215 474
215 501
215 505
215 509
215 511
215 516
215 517
215 519
215 524
215 525
215 528
215 542
215 565
215 576
216 219
216 231
216 241
216 244
216 264
216 265
216 266
216 268
216 273
216 276
216 278
216 280
216 295
216 296
216 463
216 465
216 474
216 501
216 505
216 509
216 511
216 512
216 516
216 517
216 518
216 524
216 525
216 528
216 542
216 551
216 569
216 581
217 249
217 251
217 526
217 559
218 253
218 462
219 231
219 254
219 262
219 263
219 264
219 265
219 266
219 268
219 270
219 273
219 275
219 277
219 278
219 279
219 281
219 463
219 464
219 465
219 468
219 505
219 517
219 528
220 221
220 222
220 225
220 226
220 227
220 237
220 239
220 240
220 241
220 244
220 246
220 265
220 284
220 287
220 298
220 327
220 332
220 439
220 445
220 454
220 529
220 530
220 531
220 533
220 534
220 535
220 536
220 537
220 549
220 551
220 553
220 555
220 582
220 584
220 599
220 600
221 222
221 223
221 224
221 225
221 226
221 227
221 237
221 245
221 246
221 284
221 285
221 287
221 291
221 321
221 322
221 323
221 325
221 327
221 335
221 383
221 389
221 391
221 392
221 395
221 397
221 399
221 415
221 416
221 417
221 445
221 489
221 497
221 529
221 530
221 531
221 532
221 533
221 534
221 535
221 536
221 545
221 549
221 553
221 582
221 583
221 584
222 223
222 224
222 225
222 226
222 227
222 237
222 240
222 244
222 245
222 246
222 285
222 286
222 287
222 298
222 300
222 321
222 325
222 383
222 389
222 391
222 392
222 397
222 416
222 417
222 425
222 445
222 467
222 489
222 493
222 495
222 496
222 497
222 509
222 515
222 527
222 529
222 530
222 531
222 532
222 533
222 534
222 535
222 536
222 537
222 545
222 546
222 549
222 553
222 555
222 583
222 584
223 224
223 225
223 245
223 383
223 391
223 392
223 395
223 397
223 399
223 401
223 416
223 417
223 418
223 445
223 450
223 467
223 489
223 496
223 498
223 510
223 514
223 515
223 526
223 529
223 530
223 531
223 532
223 533
223 534
223 535
223 536
223 545
224 225
224 245
224 383
224 391
224 397
224 399
224 418
224 432
224 437
224 439
224 445
224 450
224 452
224 454
224 455
224 467
224 489
224 498
224 510
224 512
224 514
224 515
224 523
224 527
224 531
224 532
224 533
224 534
224 535
224 536
224 537
224 541
224 545
224 590
224 600
225 226
225 227
225 245
225 246
225 285
225 287
225 291
225 298
225 300
225 321
225 325
225 389
225 392
225 397
225 399
225 437
225 443
225 445
225 527
225 529
225 530
225 531
225 533
225 534
225 535
225 536
225 537
225 539
225 545
225 554
225 582
225 583
225 600
226 227
226 237
226 239
226 240
226 241
226 244
226 246
226 285
226 287
226 298
226 445
226 529
226 531
226 535
226 536
226 537
226 546
226 547
226 549
226 551
226 553
226 555
226 584
227 237
227 239
227 241
227 244
227 246
227 253
227 265
227 287
227 298
227 428
227 432
227 437
227 439
227 445
227 454
227 460
227 463
227 467
227 489
227 515
227 529
227 531
227 535
227 536
227 537
227 546
227 549
227 551
227 553
227 555
227 598
227 599
227 600
228 229
228 243
228 252
228 256
228 258
228 259
228 260
228 261
228 262
228 266
228 267
228 268
228 269
228 270
228 271
228 277
228 278
228 279
228 282
228 387
228 540
228 566
228 567
228 569
228 570
228 571
228 572
228 573
228 579
228 580
229 230
229 231
229 239
229 241
229 243
229 244
229 252
229 256
229 265
229 266
229 273
229 276
229 283
229 313
229 316
229 460
229 522
229 540
229 542
229 555
229 560
229 565
229 569
229 570
229 575
229 579
229 581
229 594
230 231
230 240
230 243
230 265
230 273
230 282
230 283
230 519
230 540
230 542
230 579
230 580
230 581
231 241
231 244
231 259
231 261
231 265
231 266
231 268
231 273
231 278
231 279
231 295
231 296
231 402
231 463
231 464
231 474
231 501
231 505
231 509
231 511
231 516
231 517
231 519
231 524
231 525
231 540
231 542
231 565
231 581
232 238
232 243
232 247
232 250
232 252
232 255
232 258
232 260
232 267
232 269
232 282
232 500
232 521
232 538
232 544
232 556
232 561
232 567
232 571
232 572
232 574
232 579
233 234
233 241
233 248
233 276
233 518
233 520
233 521
233 522
233 551
233 560
233 564
234 235
234 248
234 478
234 518
234 520
234 521
234 557
234 560
235 291
235 386
235 390
235 546
235 564
235 589
236 238
236 240
236 247
236 283
236 285
236 286
236 288
236 291
236 481
236 482
236 484
236 547
236 548
236 556
236 579
236 580
236 585
236 586
237 239
237 240
237 244
237 246
237 285
237 286
237 287
237 290
237 291
237 322
237 325
237 527
237 529
237 530
237 531
237 535
237 536
237 537
237 546
237 547
237 549
237 553
237 555
237 556
237 583
237 584
238 240
238 243
238 247
238 282
238 285
238 286
238 290
238 291
238 302
238 321
238 322
238 325
238 336
238 389
238 497
238 521
238 544
238 547
238 548
238 549
238 554
238 556
238 568
238 583
238 586
238 589
239 240
239 241
239 243
239 244
239 246
239 536
239 546
239 548
239 549
239 551
239 555
240 243
240 244
240 245
240 246
240 282
240 283
240 285
240 286
240 287
240 298
240 532
240 536
240 539
240 540
240 546
240 547
240 548
240 549
240 550
240 553
240 554
240 555
240 556
240 584
240 594
240 595
241 244
241 273
241 276
241 280
241 295
241 296
241 370
241 402
241 439
241 460
241 463
241 501
241 516
241 518
241 522
241 524
241 536
241 540
241 542
241 546
241 551
241 552
241 555
241 565
241 581
241 594
241 598
242 364
242 369
242 428
242 430
242 438
242 458
242 464
242 466
242 468
242 552
242 577
242 599
243 246
243 247
243 250
243 262
243 269
243 282
243 283
243 387
243 539
243 540
243 547
243 548
243 549
243 550
243 554
243 556
243 561
243 579
243 589
243 592
243 595
244 246
244 264
244 265
244 273
244 276
244 287
244 295
244 439
244 460
244 463
244 489
244 501
244 505
244 515
244 516
244 518
244 520
244 536
244 537
244 540
244 542
244 546
244 549
244 551
244 552
244 553
244 555
244 558
244 581
244 594
245 246
245 298
245 300
245 415
245 416
245 467
245 489
245 497
245 498
245 515
245 527
245 531
245 532
245 533
245 535
245 536
245 539
245 541
245 545
245 554
245 583
245 590
246 263
246 264
246 265
246 282
246 287
246 298
246 299
246 300
246 527
246 531
246 532
246 536
246 539
246 540
246 541
246 549
246 550
246 552
246 553
246 554
246 555
246 561
246 594
246 595
247 250
247 252
247 255
247 256
247 258
247 282
247 283
247 538
247 544
247 547
247 548
247 556
247 557
247 567
247 568
247 579
247 589
248 250
248 253
248 478
248 521
248 556
248 557
248 558
248 560
248 561
248 563
249 251
249 313
249 314
249 316
249 471
249 526
249 559
249 562
250 252
250 254
250 255
250 258
250 260
250 262
250 266
250 267
250 269
250 270
250 282
250 478
250 500
250 521
250 544
250 556
250 557
250 558
250 560
250 561
250 563
250 570
250 571
250 573
250 574
250 579
250 589
251 283
251 310
251 313
251 314
251 316
251 388
251 479
251 559
252 255
252 256
252 258
252 266
252 269
252 282
252 283
252 522
252 556
252 557
252 560
252 562
252 567
252 569
252 570
252 572
252 573
252 575
252 579
252 580
252 589
253 254
253 296
253 298
253 462
253 463
253 464
253 558
253 563
254 262
254 265
254 266
254 267
254 268
254 270
254 275
254 295
254 296
254 453
254 463
254 464
254 468
254 552
254 561
254 563
254 569
254 570
254 571
254 572
255 258
255 480
255 567
255 572
256 538
256 567
256 570
256 579
257 293
257 481
257 562
258 260
258 267
258 269
258 282
258 544
258 567
258 574
259 260
259 261
259 262
259 265
259 266
259 267
259 268
259 269
259 270
259 271
259 272
259 273
259 274
259 277
259 278
259 279
259 281
259 297
259 466
259 500
259 509
259 517
259 519
259 571
259 574
259 576
259 592
260 261
260 262
260 267
260 268
260 269
260 270
260 271
260 272
260 274
260 277
260 282
260 466
260 500
260 571
260 572
260 574
261 262
261 266
261 267
261 268
261 269
261 270
261 271
261 272
261 273
261 274
261 277
261 278
261 279
261 281
261 297
261 387
261 466
261 500
261 517
261 571
261 574
261 592
262 265
262 266
262 267
262 268
262 269
262 270
262 271
262 273
262 274
262 275
262 277
262 278
262 279
262 281
262 296
262 387
262 466
262 500
262 517
262 571
262 573
262 574
262 592
263 264
263 265
263 298
263 299
263 300
263 539
263 540
263 541
263 581
264 265
264 275
264 298
264 299
264 300
264 463
264 465
264 505
264 541
264 552
264 553
264 561
265 266
265 268
265 273
265 278
265 295
265 296
265 298
265 463
265 464
265 505
265 509
265 511
265 516
265 517
265 519
265 524
265 540
265 542
265 555
265 565
266 267
266 268
266 269
266 270
266 271
266 277
266 278
266 279
266 316
266 562
266 569
266 570
266 571
266 572
267 268
267 269
267 270
267 271
267 272
267 277
267 279
267 297
267 466
267 500
267 571
267 572
267 574
267 592
268 269
268 270
268 271
268 273
268 274
268 277
268 278
268 279
268 281
268 295
268 296
268 474
268 505
268 509
268 517
268 528
268 542
268 569
268 570
268 571
268 572
269 270
269 271
269 272
269 277
269 278
269 279
269 282
269 387
269 466
269 500
269 538
269 567
269 570
269 571
269 572
269 573
269 574
269 579
269 592
270 271
270 277
270 278
270 279
270 281
270 466
270 569
270 570
270 571
270 572
270 573
270 574
271 272
271 274
271 277
271 278
271 279
271 281
271 297
271 466
271 500
271 571
271 574
272 274
272 277
272 279
272 281
272 297
272 466
272 500
272 574
273 274
273 278
273 295
273 296
273 402
273 501
273 502
273 505
273 509
273 511
273 516
273 517
273 518
273 519
273 524
273 525
273 540
273 542
273 565
273 581
274 275
274 277
274 278
274 279
274 281
274 297
274 499
274 509
274 517
274 519
274 576
274 578
275 277
275 281
275 561
276 280
276 289
276 295
276 402
276 460
276 473
276 474
276 501
276 522
276 542
276 551
276 560
276 569
276 581
277 278
277 279
277 281
277 296
277 297
277 466
277 500
277 574
277 576
278 279
278 281
278 295
278 402
278 501
278 502
278 505
278 517
278 528
278 570
278 575
278 576
279 281
279 295
279 296
279 402
279 570
279 571
279 576
280 295
280 383
280 384
280 385
280 435
280 457
280 459
280 470
280 501
280 502
280 504
280 510
280 511
280 512
280 513
280 514
280 516
280 518
280 523
280 524
280 542
280 551
281 466
281 509
281 576
282 283
282 387
282 388
282 500
282 521
282 547
282 548
282 550
282 554
282 556
282 568
282 579
282 580
282 589
282 595
283 285
283 388
283 479
283 484
283 486
283 547
283 554
283 579
283 580
283 585
284 285
284 287
284 291
284 323
284 325
284 327
284 328
284 330
284 332
284 333
284 334
284 335
284 336
284 392
284 530
284 582
284 583
284 584
284 585
284 586
285 286
285 287
285 290
285 291
285 292
285 302
285 321
285 322
285 325
285 330
285 336
285 389
285 391
285 392
285 394
285 397
285 416
285 497
285 529
285 530
285 531
285 535
285 545
285 547
285 548
285 549
285 556
285 582
285 583
285 584
285 586
286 287
286 290
286 291
286 294
286 302
286 321
286 322
286 325
286 389
286 416
286 417
286 497
286 529
286 530
286 531
286 535
286 546
286 547
286 548
286 549
286 553
286 556
286 583
286 584
286 586
286 595
287 322
287 323
287 325
287 327
287 332
287 397
287 416
287 445
287 529
287 530
287 531
287 533
287 535
287 536
287 546
287 549
287 553
287 582
287 583
287 584
288 390
288 506
289 473
289 501
289 522
290 291
290 302
290 321
290 322
290 325
290 389
290 391
290 394
290 397
290 416
290 417
290 497
290 535
290 544
290 545
290 547
290 556
290 583
290 584
290 586
291 302
291 303
291 304
291 305
291 317
291 320
291 321
291 322
291 323
291 325
291 327
291 336
291 389
291 390
291 391
291 392
291 393
291 394
291 395
291 397
291 416
291 481
291 497
291 530
291 547
291 582
291 583
291 584
291 585
291 586
292 367
292 373
292 443
292 531
294 297
294 519
295 296
295 402
295 463
295 465
295 474
295 501
295 505
295 509
295 511
295 512
295 516
295 518
295 519
295 520
295 524
295 525
295 542
295 551
295 552
295 555
295 565
295 569
295 581
296 298
296 458
296 463
296 464
296 542
296 552
296 565
296 599
297 473
297 474
297 503
297 519
298 299
298 300
298 462
298 531
298 532
298 535
298 536
298 537
298 539
298 553
298 554
298 599
298 600
299 300
299 539
299 552
300 531
300 532
300 539
300 541
300 552
300 555
300 597
300 600
301 302
301 303
301 304
301 305
301 321
301 322
301 323
301 324
301 325
301 326
301 327
301 335
301 336
301 386
301 389
301 390
301 393
301 394
301 395
301 416
301 436
301 455
301 487
301 494
301 530
302 303
302 304
302 305
302 317
302 319
302 320
302 321
302 322
302 323
302 324
302 325
302 336
302 386
302 389
302 390
302 393
302 394
302 395
302 425
302 487
302 497
302 530
302 547
302 583
302 586
303 304
303 305
303 308
303 317
303 319
303 320
303 321
303 322
303 324
303 325
303 326
303 336
303 389
303 392
303 393
303 394
303 395
303 481
303 586
304 305
304 308
304 317
304 319
304 320
304 321
304 322
304 323
304 324
304 325
304 326
304 335
304 336
304 389
304 390
304 393
304 394
304 395
304 586
305 308
305 317
305 319
305 320
305 321
305 322
305 323
305 324
305 325
305 326
305 335
305 336
305 386
305 389
305 390
305 393
305 394
305 395
305 397
305 425
305 497
305 530
305 584
305 586
306 309
306 313
306 315
306 460
308 312
308 317
308 319
308 320
308 324
308 326
309 310
309 339
309 420
309 421
309 447
309 450
309 551
310 313
310 314
310 315
310 316
311 313
311 315
312 318
313 314
313 315
313 316
314 315
314 316
315 316
316 483
316 562
316 567
317 319
317 320
317 321
317 322
317 323
317 324
317 336
317 386
317 389
317 393
317 394
317 500
317 586
318 331
319 320
319 321
319 322
319 324
319 326
319 335
319 336
319 389
319 393
319 394
319 395
320 321
320 322
320 323
320 324
320 325
320 326
320 335
320 336
320 389
320 392
320 393
320 394
320 395
320 481
320 530
320 586
321 322
321 323
321 324
321 325
321 330
321 335
321 336
321 389
321 390
321 391
321 392
321 393
321 394
321 395
321 396
321 397
321 398
321 416
321 417
321 425
321 497
321 529
321 530
321 533
321 547
321 583
321 584
321 586
321 587
322 323
322 324
322 325
322 327
322 335
322 336
322 389
322 390
322 393
322 394
322 395
322 396
322 397
322 398
322 416
322 417
322 425
322 436
322 494
322 497
322 530
322 547
322 582
322 583
322 584
322 586
323 324
323 325
323 327
323 328
323 329
323 330
323 332
323 333
323 334
323 335
323 336
323 389
323 393
323 394
323 395
323 530
323 582
323 584
323 586
324 325
324 326
324 327
324 329
324 333
324 334
324 335
324 336
324 393
324 395
324 436
324 530
324 586
325 327
325 328
325 330
325 332
325 334
325 335
325 336
325 389
325 391
325 392
325 393
325 394
325 395
325 396
325 397
325 398
325 416
325 417
325 497
325 529
325 530
325 531
325 533
325 545
325 547
325 548
325 549
325 582
325 583
325 584
325 586
326 329
326 336
326 393
327 328
327 329
327 330
327 332
327 333
327 334
327 335
327 336
327 530
327 582
327 584
328 329
328 330
328 332
328 333
328 334
328 335
328 392
328 530
328 582
328 584
328 585
329 333
329 334
329 335
329 408
329 491
330 332
330 333
330 334
330 335
330 336
330 530
330 582
330 583
330 584
330 585
330 586
331 353
332 333
332 334
332 335
332 529
332 530
332 582
332 584
333 334
333 335
333 530
333 582
334 335
334 336
334 530
334 582
335 336
335 389
335 393
335 394
335 395
335 398
335 530
335 582
335 584
335 586
336 389
336 390
336 392
336 393
336 394
336 395
336 481
336 530
336 586
337 338
337 340
337 341
337 342
337 344
337 369
337 370
337 371
337 372
337 373
337 375
337 376
337 377
337 380
337 381
337 405
337 406
337 421
338 339
338 340
338 341
338 342
338 348
338 364
338 370
338 372
338 380
338 405
338 421
338 444
338 447
338 456
338 462
338 598
338 599
339 341
339 342
339 347
339 348
339 364
339 370
339 380
339 418
339 420
339 421
339 428
339 429
339 430
339 431
339 432
339 434
339 437
339 439
339 443
339 444
339 446
339 447
339 450
339 452
339 453
339 454
339 456
339 458
339 462
339 510
339 514
339 590
339 596
339 597
339 598
339 599
339 600
340 341
340 342
340 343
340 344
340 346
340 348
340 370
340 373
340 404
340 406
340 407
340 409
340 410
340 414
340 421
341 342
341 345
341 348
341 354
341 357
341 358
341 364
341 367
341 369
341 370
341 372
341 373
341 409
341 421
341 429
341 430
341 432
341 434
341 437
341 440
341 443
341 444
341 446
341 447
341 462
341 596
342 343
342 344
342 346
342 347
342 348
342 365
342 367
342 370
342 372
342 373
342 375
342 405
342 406
342 407
342 409
342 410
342 421
342 422
342 429
342 443
342 444
342 446
342 447
342 588
343 344
343 346
343 406
343 543
344 346
344 348
344 349
344 373
344 406
344 407
344 409
344 410
344 433
344 443
344 444
345 358
345 359
345 360
345 361
345 363
345 440
346 347
346 349
346 406
346 407
346 409
346 410
347 370
347 418
347 422
347 446
347 450
347 590
347 593
347 596
348 353
348 370
348 404
348 408
348 409
348 410
348 413
348 418
348 421
348 433
348 443
348 444
348 447
348 596
349 407
350 396
350 410
350 418
350 423
350 424
350 451
351 352
351 361
351 445
352 358
352 361
353 354
353 356
353 357
353 358
353 362
353 363
353 413
353 447
354 356
354 357
354 362
354 413
354 447
355 367
355 373
355 403
355 423
356 357
356 362
356 413
356 447
357 358
357 362
357 400
357 413
357 447
357 514
358 359
358 360
358 361
358 362
358 363
358 447
359 361
359 363
360 361
360 363
360 447
360 452
361 363
361 414
362 363
362 413
362 447
363 366
363 447
364 365
364 369
364 370
364 372
364 375
364 380
364 420
364 421
364 428
364 429
364 430
364 431
364 432
364 434
364 437
364 439
364 447
364 450
364 452
364 453
364 454
364 456
364 458
364 462
364 464
364 510
364 577
364 590
364 596
364 597
364 598
364 599
364 600
365 366
365 368
365 369
365 370
365 372
365 375
365 376
365 377
365 380
365 405
365 420
365 421
365 422
365 426
365 428
365 429
365 430
365 431
365 432
365 434
365 439
365 447
365 450
365 452
365 456
365 593
366 370
366 413
366 420
366 421
366 422
366 428
366 429
366 430
366 431
366 434
366 437
366 438
366 447
366 450
366 452
366 510
367 373
367 374
367 403
367 406
367 407
367 421
367 429
367 431
367 446
368 369
368 370
368 372
368 375
368 376
368 381
368 402
368 405
368 421
368 428
368 429
368 431
368 441
368 565
369 370
369 371
369 372
369 373
369 375
369 421
369 428
369 429
369 430
369 431
369 432
369 434
369 437
369 440
369 447
369 456
369 458
370 372
370 375
370 376
370 380
370 405
370 420
370 421
370 422
370 428
370 429
370 430
370 434
370 439
370 447
370 456
370 551
370 593
370 598
371 372
371 374
371 377
371 382
371 405
371 408
371 440
372 375
372 376
372 380
372 381
372 382
372 405
372 420
372 421
372 422
372 428
372 429
372 430
372 434
372 439
372 447
372 456
372 593
372 599
373 376
373 403
373 406
373 410
373 421
373 429
373 431
374 377
374 379
374 421
374 429
374 431
374 437
374 440
374 446
374 456
374 483
375 376
375 377
375 380
375 381
375 402
375 405
375 420
375 421
375 422
375 428
375 429
375 430
375 439
375 447
375 552
375 565
375 593
376 377
376 378
376 380
376 381
376 405
376 422
376 464
377 378
377 379
377 380
377 381
377 405
377 422
378 380
378 381
378 405
378 422
378 453
379 483
379 538
380 381
380 405
380 421
380 422
380 428
380 430
380 448
380 456
380 458
380 462
380 599
381 405
381 422
382 441
383 384
383 391
383 397
383 489
383 493
383 494
383 495
383 496
383 513
383 515
383 516
383 533
383 545
384 385
384 391
384 459
384 474
384 489
384 490
384 493
384 494
384 495
384 496
384 501
384 503
384 504
384 509
384 511
384 513
384 514
384 515
384 516
384 519
384 520
385 413
385 459
385 470
385 493
385 503
385 513
385 514
386 390
386 419
386 427
386 442
386 488
386 504
386 575
386 595
387 461
387 500
387 517
387 521
387 538
387 540
387 565
387 571
387 578
387 579
387 589
387 592
387 595
388 554
388 580
389 390
389 391
389 392
389 393
389 394
389 395
389 397
389 416
389 417
389 425
389 479
389 481
389 488
389 496
389 497
389 530
389 531
389 533
389 535
389 547
389 583
389 584
389 586
390 391
390 393
390 394
390 395
390 419
390 425
390 442
390 493
390 494
390 495
390 496
390 499
390 503
390 504
390 586
391 392
391 393
391 394
391 395
391 396
391 397
391 416
391 417
391 425
391 451
391 455
391 467
391 489
391 490
391 493
391 494
391 495
391 496
391 497
391 498
391 503
391 513
391 515
391 530
391 533
391 535
391 545
391 583
391 584
391 586
392 395
392 397
392 399
392 479
392 482
392 484
392 530
392 531
392 533
392 534
392 582
392 583
392 584
393 394
393 395
393 396
393 397
393 398
393 416
393 417
393 436
393 491
393 494
393 496
393 530
393 586
394 395
394 396
394 397
394 398
394 416
394 417
394 425
394 436
394 451
394 491
394 494
394 496
394 497
394 503
394 530
394 583
394 584
394 586
395 396
395 397
395 398
395 399
395 416
395 494
395 530
395 533
396 397
396 398
396 399
396 401
396 407
396 408
396 410
396 411
396 416
396 417
396 418
396 423
396 424
396 433
396 436
396 451
396 490
396 491
396 492
396 494
396 497
396 498
396 545
397 398
397 399
397 416
397 417
397 496
397 497
397 498
397 529
397 530
397 531
397 533
397 534
397 535
397 545
397 582
397 583
397 584
398 399
398 400
398 407
398 408
398 409
398 410
398 411
398 416
398 491
398 530
399 401
399 411
399 412
399 416
399 418
399 443
399 450
399 467
399 498
399 510
399 529
399 530
399 533
399 534
399 545
400 401
400 411
400 413
400 424
401 411
401 412
401 413
401 418
401 424
401 451
401 477
401 490
401 514
402 419
402 457
402 473
402 501
402 502
402 504
402 522
402 542
402 552
402 565
402 577
402 581
403 406
403 408
403 410
403 423
403 424
403 492
404 406
404 407
404 408
404 409
404 410
404 421
404 423
404 492
405 406
405 421
405 422
406 407
406 408
406 409
406 410
406 421
407 408
407 409
407 410
407 411
407 423
407 491
407 492
408 409
408 410
408 411
408 492
409 410
409 411
409 412
409 413
409 418
409 421
409 433
409 443
409 444
409 446
409 492
410 411
410 433
410 444
410 491
410 492
411 412
411 413
411 423
411 492
412 413
412 414
412 418
412 443
412 450
412 452
412 534
413 420
413 421
413 447
413 452
415 425
415 432
415 435
415 442
415 448
415 449
415 458
415 461
415 465
415 497
415 515
415 532
415 539
415 541
415 590
415 595
415 596
415 597
415 598
415 600
416 417
416 418
416 446
416 494
416 497
416 498
416 529
416 530
416 531
416 533
416 535
416 545
416 583
416 584
417 425
417 451
417 467
417 489
417 494
417 496
417 497
417 498
417 515
417 529
417 533
417 535
417 545
417 583
417 584
418 431
418 432
418 437
418 440
418 443
418 444
418 446
418 450
418 451
418 452
418 454
418 456
418 467
418 498
418 510
418 514
418 533
418 534
418 545
419 425
419 436
419 442
419 465
419 473
419 474
419 493
419 495
419 496
419 499
419 501
419 502
419 503
419 504
419 505
419 506
419 516
419 519
419 522
419 575
419 576
420 421
420 422
420 426
420 428
420 429
420 430
420 431
420 432
420 434
420 437
420 439
420 445
420 447
420 450
420 452
420 453
420 454
420 456
420 458
420 510
420 512
420 514
420 523
420 534
420 551
420 593
420 596
420 597
420 598
420 599
420 600
421 422
421 428
421 429
421 430
421 431
421 432
421 434
421 437
421 439
421 447
421 450
421 452
421 456
421 598
422 429
422 430
422 447
422 450
422 452
423 424
423 451
423 490
423 491
423 492
424 451
424 490
424 491
424 492
424 514
425 435
425 436
425 442
425 493
425 494
425 495
425 496
425 497
425 499
425 503
425 504
425 509
425 519
425 535
426 428
426 429
426 430
426 439
426 524
426 551
426 598
427 522
427 575
428 429
428 430
428 431
428 432
428 434
428 435
428 437
428 438
428 439
428 443
428 445
428 447
428 450
428 452
428 453
428 454
428 456
428 458
428 462
428 463
428 464
428 468
428 510
428 539
428 577
428 596
428 597
428 598
428 599
428 600
429 430
429 431
429 432
429 434
429 437
429 438
429 439
429 440
429 443
429 445
429 446
429 447
429 450
429 452
429 456
429 458
429 459
429 510
429 514
429 600
430 431
430 432
430 434
430 437
430 438
430 439
430 440
430 443
430 445
430 447
430 450
430 452
430 454
430 456
430 458
430 462
430 510
430 514
430 534
430 597
430 599
430 600
431 432
431 434
431 437
431 438
431 439
431 440
431 443
431 450
431 452
431 456
431 458
431 510
431 600
432 434
432 435
432 437
432 438
432 439
432 440
432 443
432 445
432 447
432 450
432 452
432 454
432 455
432 456
432 458
432 464
432 467
432 510
432 512
432 514
432 515
432 523
432 596
432 597
432 598
432 599
432 600
433 451
433 490
433 491
433 492
434 435
434 437
434 438
434 439
434 445
434 447
434 450
434 452
434 454
434 455
434 456
434 458
434 467
434 490
434 510
434 512
434 514
434 515
434 523
434 596
434 597
434 599
434 600
435 436
435 442
435 455
435 457
435 458
435 464
435 465
435 467
435 490
435 494
435 496
435 498
435 504
435 512
435 513
435 514
435 515
435 600
436 442
436 451
436 490
436 491
436 494
436 497
436 504
436 586
437 438
437 439
437 440
437 443
437 444
437 445
437 446
437 447
437 450
437 452
437 454
437 456
437 458
437 462
437 510
437 514
437 531
437 534
437 596
437 597
437 599
437 600
438 440
438 445
438 455
438 458
438 534
439 443
439 445
439 450
439 452
439 454
439 456
439 463
439 510
439 512
439 534
439 536
439 541
439 551
439 552
439 555
439 558
439 597
439 599
439 600
440 446
440 456
442 455
442 465
442 493
442 494
442 495
442 496
442 499
442 503
442 504
442 505
442 506
442 513
442 515
442 516
442 519
443 444
443 445
443 446
443 450
443 452
443 454
443 456
443 510
443 531
443 534
443 536
443 545
443 600
444 449
444 462
444 596
445 450
445 452
445 454
445 467
445 489
445 510
445 514
445 515
445 529
445 531
445 533
445 534
445 535
445 536
445 537
445 545
445 551
445 600
446 450
446 531
446 545
447 450
447 452
447 456
447 462
447 596
447 599
448 449
448 466
448 531
449 453
449 462
449 597
450 452
450 454
450 456
450 467
450 510
450 512
450 514
450 523
450 534
450 597
450 600
451 490
451 491
451 492
451 494
451 498
451 514
451 545
452 453
452 454
452 456
452 467
452 510
452 512
452 514
452 515
452 523
452 524
452 534
452 551
452 596
452 597
452 600
453 454
453 458
453 462
453 463
453 464
453 468
453 552
453 577
453 596
453 597
453 598
453 599
453 600
454 463
454 467
454 489
454 498
454 510
454 512
454 514
454 515
454 518
454 523
454 524
454 534
454 536
454 541
454 545
454 551
454 555
454 590
454 596
454 597
454 598
454 600
455 458
455 459
455 477
455 488
455 490
455 496
455 499
455 504
455 514
455 533
456 458
456 510
456 534
456 596
456 597
456 599
456 600
457 470
457 473
457 502
457 504
457 552
457 558
457 577
458 461
458 462
458 464
458 468
458 539
458 577
458 596
458 597
458 598
458 599
458 600
459 460
459 470
459 490
459 499
459 501
459 504
460 473
460 474
460 499
460 501
460 503
460 516
460 522
460 537
460 542
460 551
460 555
460 575
461 464
461 500
461 539
461 576
461 577
461 578
461 595
462 596
462 597
462 598
462 599
462 600
463 464
463 465
463 505
463 512
463 515
463 516
463 518
463 520
463 528
463 536
463 537
463 540
463 542
463 551
463 552
463 555
463 558
463 561
463 563
463 569
464 468
464 552
464 577
464 599
464 600
465 496
465 499
465 501
465 504
465 505
465 516
465 517
465 519
465 528
465 540
465 541
466 468
466 500
466 571
466 574
467 489
467 490
467 498
467 510
467 512
467 513
467 514
467 515
467 533
467 534
467 536
467 537
467 545
467 600
468 552
468 571
468 577
468 599
470 502
472 476
473 474
473 501
473 503
473 504
473 506
473 522
474 489
474 493
474 495
474 496
474 501
474 503
474 505
474 509
474 511
474 513
474 516
474 519
474 520
474 525
474 542
474 581
475 586
476 591
478 557
478 558
478 560
478 561
478 563
479 480
479 481
479 482
479 484
479 486
479 526
479 559
479 562
479 580
480 481
480 482
480 483
480 484
480 486
480 566
480 585
481 482
481 484
481 486
481 566
481 568
481 575
481 585
481 586
482 483
482 484
482 486
482 566
482 585
482 586
483 484
483 566
483 567
483 585
484 486
484 566
484 585
485 567
486 488
486 575
486 585
487 494
487 586
488 522
488 575
488 576
489 493
489 494
489 495
489 496
489 498
489 501
489 503
489 505
489 509
489 511
489 512
489 513
489 514
489 515
489 516
489 519
489 520
489 526
489 527
489 533
489 535
489 536
489 537
489 542
489 545
489 555
490 491
490 492
490 494
490 498
490 513
490 514
490 545
491 492
491 494
493 495
493 496
493 499
493 501
493 503
493 504
493 509
493 511
493 513
493 515
493 516
493 519
493 520
493 533
494 496
494 497
494 498
494 503
494 504
494 513
494 514
494 515
494 533
494 545
495 496
495 499
495 501
495 503
495 504
495 509
495 511
495 513
495 519
496 497
496 499
496 501
496 503
496 504
496 505
496 509
496 513
496 515
496 516
496 519
496 533
496 535
496 545
497 498
497 530
497 533
497 545
497 583
497 584
497 586
498 514
498 515
498 533
498 545
498 583
498 584
499 501
499 502
499 503
499 504
499 505
499 516
499 517
499 519
499 522
499 575
499 576
500 538
500 544
500 568
500 571
500 574
500 578
500 595
501 503
501 504
501 505
501 509
501 511
501 513
501 516
501 517
501 519
501 520
501 522
501 524
501 525
501 542
501 569
501 575
502 504
502 505
502 516
502 517
502 519
503 504
503 505
503 509
503 513
503 516
503 519
504 505
504 513
504 516
504 517
504 519
504 520
504 522
504 576
505 509
505 511
505 513
505 516
505 517
505 518
505 519
505 520
505 524
505 525
505 528
505 540
505 542
505 565
505 581
507 508
507 581
508 581
509 511
509 516
509 517
509 519
509 525
509 542
509 576
509 581
510 512
510 514
510 515
510 523
510 524
510 533
510 534
510 545
510 551
510 597
510 600
511 512
511 513
511 516
511 517
511 519
511 520
511 524
511 525
511 542
511 581
512 513
512 514
512 515
512 516
512 518
512 520
512 523
512 524
512 541
512 542
512 551
512 597
512 600
513 514
513 515
513 516
513 519
513 520
513 524
513 525
514 515
514 523
514 533
514 545
514 600
515 516
515 520
515 527
515 533
515 535
515 536
515 537
515 541
515 545
515 551
515 555
515 590
515 600
516 517
516 518
516 519
516 520
516 524
516 525
516 528
516 540
516 542
516 551
516 555
516 581
517 519
517 524
517 525
517 528
517 540
517 542
517 565
517 573
517 576
518 520
518 524
518 525
518 540
518 541
518 542
518 551
518 552
518 555
518 560
518 564
518 565
518 590
518 594
519 520
519 540
519 542
519 576
519 581
519 595
520 524
520 525
520 542
520 581
521 540
521 544
521 556
521 557
521 560
521 561
521 564
521 570
521 573
521 579
521 589
522 556
522 560
522 575
522 576
523 524
523 526
523 551
523 600
524 525
524 542
524 551
524 565
525 542
526 559
527 529
527 532
527 533
527 535
527 539
527 540
527 541
527 546
527 549
527 555
527 583
528 540
528 542
528 569
528 570
528 573
529 530
529 531
529 533
529 534
529 535
529 536
529 545
529 546
529 549
529 553
529 555
529 582
529 583
529 584
530 531
530 533
530 545
530 549
530 553
530 582
530 583
530 584
530 586
531 532
531 533
531 534
531 535
531 536
531 545
531 549
531 553
531 554
531 583
532 533
532 535
532 539
532 541
532 554
533 534
533 535
533 536
533 545
533 583
533 584
534 535
534 536
534 537
534 545
534 600
535 536
535 537
535 545
535 549
535 553
535 555
535 583
535 584
536 537
536 546
536 549
536 551
536 553
536 555
536 600
537 555
538 567
538 571
538 579
538 589
538 592
539 541
539 543
539 554
539 590
539 592
539 594
539 595
539 596
539 597
539 599
539 600
540 541
540 542
540 553
540 555
540 561
540 564
540 565
540 570
540 579
540 581
540 592
540 594
540 595
541 552
541 555
541 558
541 564
541 590
541 597
541 600
542 551
542 555
542 565
542 569
542 581
542 594
543 564
543 589
544 548
544 556
544 574
545 583
545 584
546 547
546 549
546 551
546 553
546 555
546 556
546 564
546 584
547 548
547 549
547 550
547 553
547 554
547 556
547 575
547 579
547 580
547 583
547 584
547 586
547 589
547 595
548 549
548 550
548 554
548 556
548 568
548 589
549 553
549 554
549 555
549 582
549 583
549 584
550 553
550 595
551 552
551 555
551 598
552 558
552 561
552 565
552 594
552 598
552 599
552 600
553 554
553 555
553 582
553 583
553 584
553 594
554 589
554 595
555 558
555 569
555 594
556 560
556 575
556 579
556 589
557 558
557 560
557 561
558 560
558 561
558 563
558 564
558 570
558 589
559 562
560 561
560 569
560 570
560 573
561 563
561 570
562 569
562 570
562 572
562 573
564 565
564 589
564 590
564 591
564 593
564 595
564 598
565 589
565 592
565 593
565 594
566 567
566 568
566 580
566 585
567 570
567 579
569 570
569 572
569 573
570 571
570 572
570 573
570 575
570 579
571 573
571 574
571 577
571 592
572 573
575 576
575 579
577 592
577 598
577 599
578 592
578 595
579 580
579 589
579 592
579 595
582 583
582 584
582 585
582 586
583 584
583 586
584 586
585 586
586 587
589 592
589 595
590 593
590 594
590 596
590 597
590 598
590 600
592 594
592 595
593 596
596 597
596 598
596 599
596 600
597 598
597 599
597 600
598 599
598 600
599 600
