600 8988

1 2
1 4
1 5
1 21
1 22
1 23
1 30
1 31
1 32
1 35
1 36
1 37
1 94
1 95
1 103
1 108
1 290
1 301
1 302
1 304
1 305
1 320
1 324
1 333
1 334
1 399
2 3
2 4
2 5
2 6
2 11
2 12
2 16
2 19
2 20
2 21
2 22
2 23
2 24
2 28
2 29
2 30
2 31
2 32
2 33
2 35
2 36
2 37
2 38
2 75
2 93
2 94
2 95
2 101
2 103
2 107
2 108
2 110
2 184
2 290
2 301
2 302
2 303
2 304
2 305
2 308
2 317
2 321
2 322
2 324
2 326
2 327
2 329
2 332
2 333
2 334
2 335
2 391
2 392
2 393
2 395
2 399
2 400
3 5
3 6
3 12
3 16
3 20
3 21
3 68
3 93
3 94
3 95
3 103
3 139
3 303
3 304
3 308
3 321
3 380
3 382
4 5
4 11
4 12
4 19
4 20
4 21
4 22
4 23
4 24
4 26
4 27
4 28
4 30
4 31
4 32
4 33
4 35
4 37
4 93
4 94
4 95
4 97
4 108
4 110
4 184
4 290
4 291
4 320
4 321
4 328
4 332
4 333
4 334
4 590
5 6
5 11
5 12
5 16
5 19
5 20
5 21
5 22
5 23
5 24
5 27
5 28
5 29
5 30
5 31
5 32
5 33
5 34
5 35
5 36
5 37
5 43
5 75
5 76
5 93
5 94
5 95
5 101
5 103
5 108
5 110
5 142
5 184
5 290
5 291
5 301
5 302
5 304
5 305
5 308
5 320
5 321
5 322
5 324
5 327
5 328
5 329
5 330
5 332
5 333
5 334
5 335
5 336
5 339
5 391
5 393
5 395
5 399
5 534
5 555
6 16
6 21
6 41
6 43
6 46
6 48
6 68
6 73
6 91
6 94
6 95
6 117
6 118
6 142
6 337
6 338
6 340
6 342
6 343
6 380
6 382
6 405
6 406
6 409
6 410
6 423
6 491
6 587
7 10
7 171
7 198
7 280
7 306
7 309
7 312
7 326
8 9
8 11
8 12
8 19
8 98
8 315
8 317
8 391
8 475
8 546
8 554
8 560
8 583
8 588
10 14
10 309
10 312
10 313
11 12
11 19
11 20
11 37
11 93
11 94
11 95
11 96
11 97
11 98
11 184
11 317
11 320
11 386
11 391
11 588
12 16
12 18
12 19
12 20
12 21
12 22
12 37
12 93
12 94
12 97
12 98
12 184
12 291
12 310
12 315
12 317
12 321
12 391
12 584
13 229
13 230
13 309
13 313
13 511
13 572
13 579
13 581
14 29
14 171
14 187
14 312
14 326
14 331
15 17
15 18
16 19
16 21
16 29
16 37
16 68
16 75
16 76
16 93
16 94
16 95
16 142
16 321
16 336
16 343
16 370
16 382
16 386
16 391
16 392
16 395
16 461
16 534
17 19
17 266
18 19
18 20
18 97
18 98
18 100
18 184
18 188
18 283
18 286
18 306
18 313
18 315
18 317
18 322
18 388
18 389
18 579
18 580
18 583
19 20
19 21
19 24
19 32
19 33
19 35
19 37
19 93
19 94
19 95
19 98
19 184
19 290
19 291
19 317
19 319
19 320
19 322
19 328
19 330
19 332
19 333
19 334
19 335
19 336
19 529
19 584
19 588
20 21
20 24
20 33
20 34
20 93
20 94
20 95
20 97
20 98
20 100
20 101
20 103
20 104
20 105
20 106
20 108
20 110
20 184
20 188
20 223
20 290
20 291
20 301
20 302
20 303
20 304
20 308
20 317
20 321
20 322
20 326
20 388
20 389
20 390
20 391
20 392
20 395
20 397
20 489
20 495
20 580
20 586
21 23
21 26
21 31
21 32
21 33
21 35
21 36
21 37
21 43
21 48
21 75
21 93
21 94
21 95
21 101
21 103
21 107
21 108
21 110
21 142
21 291
21 301
21 302
21 308
21 320
21 321
21 322
21 324
21 327
21 332
21 333
21 334
21 335
21 336
21 339
21 343
21 391
21 392
21 393
21 395
22 23
22 26
22 28
22 30
22 31
22 32
22 33
22 34
22 35
22 36
22 37
22 94
22 184
22 291
22 302
22 323
22 324
22 327
22 328
22 329
22 332
22 333
22 335
22 336
23 24
23 26
23 27
23 28
23 30
23 31
23 32
23 33
23 34
23 35
23 36
23 37
23 43
23 75
23 95
23 107
23 108
23 110
23 290
23 291
23 320
23 324
23 327
23 328
23 329
23 330
23 332
23 333
23 334
23 335
23 339
23 590
24 27
24 28
24 29
24 30
24 31
24 32
24 33
24 34
24 35
24 36
24 37
24 38
24 108
24 110
24 184
24 192
24 220
24 290
24 304
24 326
24 327
24 328
24 329
24 330
24 332
24 333
24 334
24 335
24 395
24 399
24 529
24 555
25 102
25 223
25 235
25 266
25 282
25 284
25 285
25 286
25 289
25 291
25 391
25 478
25 581
25 582
25 583
26 28
26 31
26 32
26 35
26 37
26 75
26 142
26 246
26 324
26 328
26 329
26 332
26 333
26 339
26 538
27 29
27 30
27 32
27 33
27 35
27 37
27 108
27 136
27 281
27 326
27 328
27 329
27 333
27 335
27 339
27 446
27 448
27 462
27 466
27 515
27 590
28 29
28 30
28 31
28 32
28 33
28 34
28 35
28 36
28 37
28 38
28 75
28 95
28 287
28 290
28 291
28 302
28 325
28 327
28 328
28 329
28 330
28 332
28 333
28 335
28 582
29 30
29 32
29 101
29 184
29 281
29 290
29 304
29 308
29 312
29 321
29 322
29 326
29 327
29 328
29 329
29 330
29 331
29 333
29 393
29 395
30 31
30 32
30 33
30 35
30 36
30 37
30 38
30 108
30 110
30 290
30 291
30 321
30 326
30 327
30 328
30 329
30 330
30 332
30 333
30 334
30 335
30 339
30 395
31 32
31 33
31 34
31 35
31 36
31 37
31 38
31 43
31 75
31 94
31 95
31 107
31 108
31 110
31 142
31 287
31 290
31 302
31 305
31 322
31 323
31 324
31 325
31 327
31 328
31 329
31 330
31 332
31 333
31 335
31 336
31 339
31 350
31 393
31 395
31 397
31 446
32 33
32 35
32 36
32 37
32 75
32 95
32 108
32 110
32 290
32 320
32 324
32 327
32 328
32 329
32 330
32 332
32 333
32 334
32 335
32 339
32 393
33 34
33 35
33 36
33 37
33 38
33 93
33 94
33 95
33 107
33 108
33 110
33 184
33 287
33 290
33 291
33 304
33 322
33 325
33 327
33 328
33 329
33 330
33 332
33 333
33 335
33 336
33 392
33 395
33 529
33 584
33 586
34 36
34 37
34 93
34 97
34 98
34 106
34 110
34 184
34 192
34 286
34 287
34 290
34 302
34 317
34 322
34 327
34 328
34 329
34 330
34 332
34 333
34 335
34 388
34 389
34 391
34 392
34 395
34 397
34 529
34 555
34 580
34 582
34 583
34 584
34 586
35 36
35 37
35 38
35 94
35 95
35 108
35 110
35 184
35 290
35 291
35 320
35 324
35 327
35 328
35 329
35 330
35 332
35 333
35 334
35 335
35 336
35 339
35 590
36 37
36 38
36 94
36 95
36 107
36 108
36 220
36 287
36 301
36 305
36 323
36 324
36 327
36 328
36 329
36 330
36 332
36 333
36 335
36 336
36 339
36 395
36 529
36 530
36 550
36 584
37 38
37 75
37 93
37 94
37 95
37 97
37 108
37 184
37 290
37 291
37 320
37 327
37 328
37 329
37 332
37 333
37 334
37 335
37 336
37 584
37 590
37 597
38 94
38 95
38 220
38 221
38 223
38 287
38 304
38 305
38 327
38 332
38 335
38 336
38 392
38 529
38 530
38 550
39 41
39 42
39 43
39 45
39 46
39 47
39 48
39 53
39 54
39 55
39 56
39 60
39 68
39 70
39 72
39 73
39 74
39 77
39 78
39 79
39 82
39 83
39 85
39 86
39 88
39 89
39 91
39 113
39 115
39 116
39 117
39 118
39 130
39 140
39 142
39 242
39 337
39 338
39 340
39 342
39 343
39 344
39 346
39 347
39 348
39 349
39 353
39 367
39 368
39 369
39 371
39 372
39 373
39 374
39 375
39 376
39 377
39 380
39 381
39 382
39 396
39 405
39 406
39 407
39 408
39 409
39 410
39 411
39 413
39 429
39 434
39 438
39 439
40 44
40 50
40 51
40 55
40 58
40 61
40 66
40 80
40 83
40 87
40 118
40 130
40 134
40 137
40 140
40 142
40 144
40 149
40 341
40 348
40 350
40 371
40 372
40 375
40 396
40 398
40 422
40 430
40 434
40 438
40 439
40 440
40 446
41 42
41 43
41 44
41 45
41 46
41 47
41 48
41 53
41 54
41 55
41 56
41 60
41 68
41 70
41 72
41 73
41 74
41 75
41 77
41 78
41 79
41 82
41 83
41 85
41 86
41 88
41 89
41 91
41 113
41 115
41 116
41 117
41 118
41 130
41 140
41 142
41 242
41 337
41 338
41 340
41 342
41 343
41 344
41 346
41 347
41 348
41 349
41 353
41 367
41 368
41 371
41 372
41 373
41 374
41 375
41 376
41 380
41 381
41 382
41 396
41 405
41 406
41 407
41 408
41 409
41 410
41 413
41 421
41 422
41 429
41 434
41 438
41 439
41 491
42 43
42 45
42 46
42 47
42 48
42 54
42 56
42 72
42 78
42 82
42 88
42 89
42 91
42 113
42 115
42 116
42 117
42 118
42 142
42 337
42 338
42 340
42 342
42 343
42 344
42 346
42 348
42 349
42 353
42 369
42 371
42 373
42 382
42 396
42 405
42 406
42 407
42 408
42 409
42 410
42 452
43 44
43 45
43 46
43 47
43 48
43 53
43 54
43 55
43 58
43 60
43 68
43 70
43 71
43 72
43 73
43 74
43 75
43 76
43 77
43 79
43 82
43 83
43 87
43 91
43 94
43 95
43 107
43 108
43 115
43 116
43 117
43 118
43 120
43 130
43 134
43 139
43 140
43 142
43 149
43 225
43 297
43 324
43 335
43 337
43 338
43 339
43 340
43 341
43 342
43 343
43 344
43 347
43 348
43 350
43 357
43 367
43 370
43 371
43 372
43 373
43 375
43 376
43 380
43 382
43 393
43 396
43 398
43 405
43 406
43 407
43 409
43 410
43 413
43 420
43 421
43 422
43 423
43 434
43 435
43 436
43 439
43 440
43 441
43 443
43 445
43 446
43 461
43 491
43 531
43 534
43 598
44 48
44 49
44 50
44 51
44 53
44 55
44 58
44 59
44 60
44 61
44 63
44 64
44 66
44 67
44 68
44 71
44 74
44 77
44 79
44 80
44 82
44 83
44 87
44 113
44 115
44 116
44 117
44 118
44 129
44 130
44 134
44 137
44 140
44 142
44 144
44 145
44 149
44 151
44 341
44 342
44 344
44 345
44 347
44 348
44 349
44 350
44 353
44 354
44 355
44 356
44 357
44 367
44 369
44 371
44 372
44 373
44 374
44 375
44 376
44 379
44 396
44 398
44 408
44 410
44 422
44 430
44 434
44 436
44 438
44 439
44 440
44 444
45 46
45 47
45 48
45 54
45 56
45 78
45 89
45 91
45 113
45 115
45 116
45 117
45 118
45 142
45 337
45 338
45 340
45 342
45 343
45 344
45 346
45 347
45 348
45 349
45 353
45 369
45 371
45 373
45 382
45 396
45 405
45 406
45 407
45 408
45 409
45 410
45 411
46 47
46 48
46 54
46 55
46 56
46 78
46 88
46 89
46 91
46 94
46 95
46 113
46 115
46 116
46 117
46 118
46 142
46 175
46 337
46 338
46 340
46 342
46 343
46 344
46 346
46 347
46 348
46 349
46 353
46 367
46 382
46 396
46 405
46 406
46 407
46 408
46 409
46 410
46 411
46 491
47 48
47 53
47 54
47 55
47 56
47 60
47 72
47 73
47 74
47 75
47 77
47 78
47 79
47 82
47 88
47 89
47 91
47 113
47 115
47 116
47 117
47 118
47 142
47 337
47 338
47 340
47 342
47 343
47 344
47 346
47 347
47 348
47 349
47 353
47 354
47 356
47 367
47 368
47 369
47 371
47 373
47 375
47 381
47 382
47 396
47 405
47 406
47 407
47 408
47 409
47 410
47 411
47 413
47 438
47 444
48 53
48 54
48 55
48 56
48 58
48 60
48 68
48 70
48 71
48 72
48 73
48 74
48 75
48 77
48 79
48 82
48 83
48 85
48 86
48 88
48 89
48 91
48 94
48 95
48 113
48 115
48 116
48 117
48 118
48 130
48 140
48 142
48 297
48 337
48 338
48 340
48 342
48 343
48 344
48 346
48 347
48 348
48 349
48 353
48 354
48 356
48 367
48 368
48 371
48 372
48 373
48 374
48 375
48 380
48 381
48 382
48 396
48 405
48 406
48 407
48 408
48 409
48 410
48 411
48 434
48 438
48 439
48 444
48 491
49 63
49 76
49 83
49 90
49 127
49 128
49 130
49 134
49 136
49 149
49 150
49 151
49 160
49 161
49 162
49 341
49 371
49 422
49 430
49 431
49 440
49 443
49 446
50 51
50 53
50 58
50 59
50 60
50 61
50 62
50 63
50 64
50 66
50 67
50 74
50 77
50 80
50 82
50 83
50 129
50 130
50 134
50 144
50 145
50 146
50 147
50 149
50 341
50 345
50 352
50 362
50 372
50 375
50 422
50 430
50 438
50 439
50 440
50 444
51 58
51 59
51 60
51 61
51 62
51 63
51 64
51 66
51 67
51 74
51 77
51 80
51 82
51 83
51 129
51 130
51 134
51 138
51 144
51 145
51 146
51 147
51 149
51 341
51 345
51 352
51 362
51 372
51 375
51 422
51 430
51 438
51 439
51 440
52 57
52 105
52 109
52 111
52 120
52 123
52 157
52 193
52 194
52 341
52 350
52 379
52 416
53 54
53 55
53 56
53 58
53 60
53 61
53 64
53 68
53 71
53 72
53 73
53 74
53 77
53 82
53 88
53 89
53 113
53 115
53 116
53 117
53 118
53 297
53 337
53 338
53 340
53 342
53 344
53 346
53 347
53 348
53 349
53 353
53 354
53 356
53 364
53 365
53 368
53 371
53 372
53 373
53 374
53 375
53 382
53 396
53 398
53 405
53 407
53 409
53 410
53 413
53 434
53 438
53 439
53 441
53 444
53 445
54 55
54 56
54 60
54 68
54 70
54 72
54 73
54 74
54 75
54 78
54 79
54 82
54 86
54 88
54 89
54 91
54 94
54 113
54 115
54 116
54 117
54 118
54 142
54 297
54 337
54 338
54 340
54 342
54 343
54 344
54 346
54 347
54 348
54 349
54 353
54 354
54 367
54 373
54 375
54 380
54 381
54 382
54 396
54 405
54 406
54 407
54 408
54 409
54 410
54 411
54 413
54 444
55 56
55 58
55 60
55 64
55 68
55 70
55 71
55 72
55 74
55 77
55 78
55 79
55 80
55 82
55 83
55 88
55 89
55 91
55 113
55 115
55 116
55 117
55 118
55 120
55 121
55 130
55 140
55 142
55 145
55 225
55 337
55 338
55 340
55 342
55 343
55 344
55 347
55 348
55 353
55 355
55 356
55 367
55 368
55 371
55 372
55 373
55 374
55 375
55 382
55 396
55 398
55 401
55 405
55 406
55 407
55 408
55 409
55 410
55 411
55 413
55 422
55 434
55 438
55 439
55 440
55 444
55 445
55 534
56 60
56 72
56 73
56 74
56 78
56 79
56 82
56 86
56 88
56 89
56 91
56 113
56 115
56 116
56 117
56 118
56 142
56 242
56 337
56 338
56 340
56 342
56 343
56 344
56 346
56 348
56 349
56 353
56 354
56 367
56 368
56 369
56 371
56 372
56 373
56 374
56 375
56 381
56 382
56 396
56 405
56 406
56 407
56 408
56 409
56 410
56 411
56 413
56 438
56 444
57 65
57 120
57 124
57 233
58 59
58 60
58 61
58 63
58 64
58 66
58 68
58 71
58 74
58 77
58 80
58 82
58 83
58 87
58 115
58 116
58 117
58 118
58 126
58 129
58 130
58 134
58 140
58 141
58 144
58 145
58 147
58 149
58 225
58 325
58 341
58 343
58 345
58 347
58 348
58 349
58 350
58 354
58 355
58 356
58 357
58 364
58 367
58 372
58 375
58 379
58 396
58 398
58 403
58 408
58 410
58 422
58 430
58 434
58 436
58 438
58 439
58 440
58 444
58 445
58 534
59 62
59 63
59 64
59 66
59 67
59 82
59 121
59 129
59 144
59 145
59 147
59 149
59 345
60 61
60 64
60 68
60 70
60 71
60 72
60 73
60 74
60 77
60 79
60 80
60 82
60 83
60 84
60 86
60 87
60 88
60 89
60 91
60 117
60 118
60 130
60 137
60 140
60 144
60 242
60 297
60 337
60 338
60 340
60 341
60 344
60 345
60 348
60 349
60 353
60 354
60 356
60 359
60 364
60 365
60 367
60 368
60 369
60 371
60 372
60 373
60 374
60 375
60 376
60 377
60 380
60 382
60 396
60 398
60 401
60 405
60 409
60 410
60 412
60 413
60 422
60 429
60 430
60 434
60 436
60 438
60 439
60 444
60 445
61 62
61 64
61 66
61 67
61 80
61 82
61 83
61 137
61 144
61 145
61 146
61 149
61 297
61 341
61 345
61 348
61 354
61 356
61 362
61 365
61 372
61 375
61 398
61 413
61 438
61 441
61 444
62 63
62 64
62 66
62 67
62 129
62 145
62 147
62 149
62 345
62 352
63 64
63 65
63 66
63 74
63 83
63 121
63 127
63 128
63 129
63 130
63 134
63 138
63 143
63 145
63 147
63 149
63 151
63 157
63 160
63 161
63 225
63 341
63 345
63 350
63 357
63 358
63 372
63 379
63 401
63 403
63 422
63 430
63 434
63 435
63 436
63 439
63 440
63 445
63 446
63 461
63 506
63 515
63 534
64 66
64 67
64 74
64 77
64 80
64 82
64 83
64 84
64 87
64 118
64 121
64 130
64 144
64 145
64 147
64 149
64 225
64 341
64 345
64 348
64 352
64 362
64 369
64 372
64 375
64 377
64 396
64 398
64 401
64 412
64 413
64 436
64 438
64 439
64 444
64 445
64 534
65 74
65 120
65 134
65 157
65 350
65 374
65 436
65 439
66 67
66 82
66 83
66 127
66 143
66 144
66 145
66 146
66 147
66 149
66 225
66 341
66 345
66 362
66 372
66 438
66 440
67 146
67 345
68 70
68 71
68 72
68 73
68 76
68 77
68 79
68 80
68 82
68 83
68 84
68 85
68 87
68 88
68 89
68 91
68 117
68 118
68 130
68 134
68 140
68 142
68 297
68 337
68 338
68 340
68 341
68 342
68 343
68 344
68 346
68 348
68 349
68 350
68 353
68 356
68 357
68 364
68 365
68 366
68 367
68 368
68 370
68 371
68 372
68 373
68 374
68 375
68 376
68 377
68 380
68 381
68 382
68 394
68 396
68 403
68 404
68 405
68 406
68 407
68 408
68 409
68 410
68 421
68 422
68 423
68 429
68 430
68 434
68 435
68 436
68 438
68 439
68 444
68 461
68 491
68 492
68 534
69 135
69 365
70 72
70 73
70 74
70 77
70 79
70 80
70 82
70 83
70 84
70 85
70 86
70 87
70 88
70 89
70 91
70 118
70 139
70 140
70 225
70 242
70 297
70 338
70 342
70 348
70 368
70 372
70 373
70 374
70 375
70 380
70 382
70 396
70 405
70 429
70 430
70 434
70 438
70 598
71 72
71 73
71 76
71 77
71 82
71 118
71 130
71 140
71 144
71 297
71 341
71 342
71 343
71 348
71 364
71 365
71 368
71 370
71 372
71 373
71 375
71 382
71 396
71 410
71 421
71 422
71 434
71 438
71 439
71 444
71 491
71 534
72 73
72 74
72 77
72 82
72 115
72 117
72 118
72 142
72 145
72 297
72 340
72 365
72 368
72 369
72 370
72 371
72 372
72 373
72 375
72 376
72 382
72 396
72 405
72 409
72 413
72 434
72 438
72 439
72 598
73 74
73 77
73 79
73 82
73 83
73 84
73 85
73 86
73 88
73 89
73 91
73 117
73 118
73 135
73 140
73 142
73 242
73 297
73 337
73 338
73 340
73 342
73 344
73 346
73 348
73 353
73 366
73 367
73 370
73 373
73 374
73 376
73 377
73 380
73 381
73 382
73 396
73 405
73 406
73 407
73 409
73 410
73 423
73 429
73 434
73 562
74 77
74 79
74 82
74 83
74 115
74 117
74 118
74 130
74 134
74 142
74 145
74 149
74 225
74 242
74 338
74 341
74 344
74 348
74 350
74 357
74 367
74 369
74 371
74 372
74 373
74 375
74 380
74 382
74 396
74 413
74 422
74 434
74 438
74 439
74 440
74 445
74 446
74 506
74 531
74 534
75 91
75 94
75 95
75 118
75 142
75 324
75 333
75 338
75 342
75 343
75 347
75 373
75 382
75 409
76 77
76 83
76 91
76 95
76 127
76 129
76 130
76 139
76 142
76 149
76 225
76 297
76 339
76 370
76 380
76 420
76 438
76 446
76 461
76 462
76 534
76 590
76 596
76 598
77 79
77 80
77 82
77 83
77 88
77 89
77 91
77 117
77 118
77 130
77 139
77 140
77 142
77 144
77 145
77 225
77 242
77 297
77 338
77 340
77 341
77 348
77 365
77 368
77 369
77 370
77 371
77 372
77 373
77 374
77 375
77 376
77 380
77 382
77 396
77 405
77 409
77 410
77 413
77 421
77 430
77 434
77 438
77 439
77 445
77 534
77 598
78 82
78 113
78 115
78 117
78 369
78 372
78 375
78 409
78 410
78 444
79 80
79 82
79 83
79 84
79 85
79 86
79 87
79 88
79 89
79 91
79 113
79 115
79 117
79 118
79 130
79 139
79 140
79 142
79 149
79 242
79 297
79 337
79 338
79 340
79 342
79 344
79 346
79 348
79 353
79 367
79 371
79 372
79 373
79 374
79 375
79 376
79 377
79 380
79 381
79 382
79 396
79 405
79 409
79 410
79 422
79 429
79 430
79 434
79 435
79 438
79 439
79 552
80 81
80 82
80 83
80 84
80 85
80 86
80 87
80 88
80 91
80 118
80 130
80 134
80 137
80 138
80 140
80 144
80 149
80 205
80 242
80 341
80 345
80 348
80 369
80 371
80 372
80 373
80 374
80 375
80 376
80 380
80 382
80 396
80 398
80 403
80 421
80 422
80 429
80 430
80 431
80 434
80 435
80 436
80 438
80 439
80 440
80 598
81 84
81 85
81 86
81 88
81 365
81 368
81 372
81 373
81 374
81 376
81 377
81 381
81 434
81 505
82 83
82 113
82 115
82 117
82 118
82 130
82 134
82 140
82 142
82 144
82 145
82 147
82 149
82 225
82 242
82 297
82 341
82 345
82 347
82 348
82 356
82 369
82 371
82 372
82 373
82 375
82 376
82 396
82 398
82 413
82 421
82 422
82 430
82 434
82 438
82 439
82 440
82 444
82 445
82 534
83 84
83 85
83 87
83 88
83 89
83 91
83 113
83 117
83 118
83 129
83 130
83 134
83 138
83 140
83 142
83 144
83 145
83 147
83 149
83 151
83 225
83 242
83 341
83 342
83 344
83 348
83 350
83 355
83 357
83 367
83 369
83 371
83 372
83 373
83 374
83 375
83 376
83 377
83 378
83 380
83 382
83 396
83 403
83 405
83 410
83 421
83 422
83 423
83 429
83 430
83 431
83 434
83 435
83 436
83 438
83 439
83 440
83 444
83 446
83 461
83 506
83 534
84 85
84 86
84 87
84 88
84 89
84 118
84 130
84 134
84 140
84 242
84 337
84 338
84 340
84 344
84 348
84 366
84 367
84 369
84 372
84 373
84 374
84 377
84 380
84 382
84 403
84 405
84 410
84 422
84 423
84 429
84 430
84 434
84 435
84 436
84 484
84 494
85 86
85 87
85 88
85 89
85 91
85 118
85 140
85 337
85 338
85 340
85 342
85 344
85 346
85 348
85 353
85 368
85 371
85 372
85 373
85 374
85 376
85 377
85 378
85 380
85 381
85 382
85 405
85 406
85 423
85 429
85 434
85 491
86 88
86 89
86 91
86 118
86 337
86 338
86 340
86 344
86 346
86 348
86 353
86 368
86 373
86 374
86 376
86 377
86 380
86 381
86 382
86 405
86 409
86 410
86 434
87 91
87 126
87 130
87 134
87 140
87 141
87 149
87 151
87 162
87 341
87 350
87 357
87 367
87 374
87 377
87 380
87 382
87 403
87 422
87 423
87 429
87 430
87 434
87 435
87 436
87 439
87 440
87 515
88 89
88 91
88 113
88 115
88 116
88 117
88 118
88 130
88 140
88 337
88 338
88 340
88 342
88 343
88 344
88 346
88 348
88 349
88 353
88 354
88 356
88 359
88 365
88 367
88 368
88 371
88 372
88 373
88 374
88 375
88 376
88 377
88 378
88 380
88 381
88 382
88 396
88 398
88 405
88 406
88 407
88 408
88 409
88 410
88 411
88 413
88 429
88 434
88 438
88 444
88 491
88 492
89 91
89 113
89 115
89 116
89 117
89 118
89 337
89 338
89 340
89 342
89 343
89 344
89 346
89 348
89 349
89 353
89 354
89 356
89 368
89 371
89 372
89 373
89 374
89 375
89 377
89 380
89 381
89 382
89 396
89 405
89 406
89 407
89 408
89 409
89 410
89 434
89 444
89 491
90 127
90 151
90 160
91 113
91 115
91 116
91 117
91 118
91 130
91 139
91 142
91 337
91 338
91 340
91 342
91 343
91 344
91 346
91 347
91 348
91 353
91 367
91 368
91 371
91 373
91 374
91 375
91 376
91 377
91 380
91 381
91 382
91 396
91 405
91 406
91 407
91 408
91 409
91 410
91 411
91 434
91 438
91 444
91 491
92 93
92 101
92 106
92 112
92 187
92 188
92 221
92 301
92 379
92 390
92 392
92 395
93 94
93 95
93 98
93 101
93 103
93 106
93 107
93 108
93 110
93 184
93 187
93 221
93 223
93 293
93 301
93 302
93 303
93 304
93 308
93 317
93 321
93 322
93 324
93 327
93 330
93 332
93 333
93 336
93 384
93 385
93 386
93 388
93 390
93 391
93 392
93 395
93 397
93 529
93 580
93 586
94 95
94 103
94 108
94 142
94 290
94 301
94 302
94 305
94 317
94 319
94 320
94 321
94 324
94 332
94 333
94 335
94 336
94 342
94 343
94 386
94 391
94 392
94 393
94 395
95 103
95 108
95 110
95 139
95 142
95 287
95 290
95 297
95 301
95 302
95 332
95 333
95 335
95 336
95 339
95 343
95 391
95 393
95 395
96 595
96 597
97 98
97 184
97 286
97 287
97 289
97 290
97 291
97 302
97 317
97 388
97 554
97 568
97 579
97 582
97 583
97 584
97 597
98 100
98 102
98 106
98 110
98 172
98 184
98 188
98 223
98 283
98 286
98 287
98 289
98 290
98 291
98 302
98 313
98 315
98 317
98 321
98 322
98 388
98 389
98 391
98 489
98 554
98 555
98 579
98 580
98 581
98 582
98 583
98 584
98 586
99 166
99 168
99 170
99 213
99 226
99 227
99 228
99 229
99 234
99 235
99 236
99 238
99 239
99 240
99 247
99 252
99 255
99 256
99 258
99 262
99 263
99 264
99 269
99 270
99 274
99 282
99 283
99 285
99 298
99 300
99 387
99 471
99 475
99 476
99 479
99 498
99 528
99 535
99 539
99 540
99 546
99 547
99 556
99 567
99 568
99 572
99 573
99 579
99 581
100 101
100 102
100 104
100 105
100 106
100 188
100 189
100 221
100 222
100 223
100 224
100 280
100 283
100 302
100 313
100 317
100 388
100 389
100 390
100 391
100 392
100 397
100 489
100 497
100 533
100 579
100 580
100 581
100 583
100 586
101 103
101 104
101 105
101 106
101 108
101 110
101 112
101 187
101 188
101 189
101 191
101 200
101 201
101 204
101 221
101 223
101 280
101 290
101 302
101 303
101 304
101 308
101 312
101 317
101 321
101 322
101 326
101 379
101 384
101 389
101 390
101 391
101 392
101 393
101 395
101 397
101 419
101 489
101 495
101 500
101 580
101 586
102 106
102 189
102 196
102 221
102 222
102 223
102 234
102 235
102 240
102 247
102 266
102 282
102 283
102 285
102 286
102 289
102 317
102 319
102 388
102 391
102 392
102 579
102 580
102 581
102 583
103 104
103 105
103 106
103 108
103 110
103 187
103 189
103 290
103 301
103 302
103 304
103 308
103 319
103 321
103 336
103 390
103 391
103 392
103 393
103 395
104 105
104 106
104 108
104 110
104 112
104 114
104 123
104 126
104 187
104 188
104 189
104 191
104 192
104 193
104 194
104 199
104 200
104 201
104 202
104 204
104 221
104 223
104 280
104 304
104 308
104 325
104 330
104 389
104 390
104 391
104 392
104 395
104 397
104 419
104 489
104 495
104 500
104 502
104 504
104 533
104 580
104 586
105 106
105 108
105 109
105 110
105 112
105 114
105 123
105 126
105 187
105 188
105 189
105 191
105 192
105 193
105 194
105 199
105 200
105 201
105 202
105 204
105 221
105 222
105 223
105 280
105 304
105 325
105 379
105 389
105 390
105 392
105 395
105 397
105 416
105 419
105 489
105 495
105 500
105 504
105 533
105 580
106 110
106 112
106 119
106 187
106 188
106 189
106 191
106 193
106 194
106 199
106 221
106 222
106 223
106 224
106 280
106 301
106 302
106 304
106 308
106 317
106 321
106 388
106 389
106 390
106 391
106 392
106 395
106 397
106 489
106 495
106 533
106 580
106 586
107 108
107 110
107 116
107 117
107 120
107 301
107 324
107 332
107 333
107 335
107 343
107 392
107 393
107 395
107 397
107 408
107 481
108 110
108 120
108 142
108 304
108 305
108 320
108 324
108 327
108 328
108 329
108 330
108 332
108 333
108 335
108 336
108 339
108 350
108 357
108 393
108 395
108 397
108 399
108 416
108 532
109 123
109 187
109 189
109 191
109 194
109 201
109 202
109 207
109 211
109 212
109 221
109 251
109 494
109 503
109 514
110 111
110 120
110 184
110 192
110 194
110 223
110 224
110 301
110 302
110 304
110 308
110 317
110 321
110 322
110 324
110 327
110 329
110 330
110 332
110 333
110 335
110 388
110 389
110 390
110 391
110 392
110 393
110 395
110 397
110 399
110 495
110 532
110 533
110 580
111 120
111 123
111 194
112 114
112 126
112 129
112 131
112 141
112 187
112 188
112 191
112 193
112 194
112 199
112 201
112 202
112 221
112 379
112 389
112 390
112 392
112 397
112 403
112 404
112 417
112 419
112 480
112 489
112 490
112 492
112 494
112 496
112 500
112 503
112 514
112 533
113 115
113 116
113 117
113 118
113 130
113 142
113 337
113 338
113 340
113 342
113 343
113 344
113 346
113 347
113 348
113 349
113 353
113 354
113 355
113 356
113 367
113 368
113 369
113 371
113 372
113 373
113 374
113 375
113 377
113 381
113 382
113 396
113 405
113 406
113 407
113 408
113 409
113 410
113 411
113 438
113 444
114 126
114 141
114 187
114 189
114 191
114 194
114 199
114 201
114 202
114 204
114 207
114 379
114 390
114 403
114 404
114 417
114 419
114 490
114 492
114 494
114 500
114 503
114 504
114 514
114 533
114 585
115 116
115 117
115 118
115 130
115 140
115 142
115 337
115 338
115 340
115 342
115 343
115 344
115 346
115 347
115 348
115 349
115 353
115 354
115 356
115 367
115 369
115 371
115 372
115 373
115 375
115 381
115 382
115 396
115 398
115 405
115 406
115 407
115 408
115 409
115 410
115 411
115 439
115 491
116 117
116 118
116 130
116 142
116 337
116 338
116 340
116 342
116 343
116 344
116 346
116 347
116 348
116 349
116 353
116 354
116 356
116 367
116 371
116 373
116 382
116 396
116 405
116 406
116 407
116 408
116 409
116 410
116 411
116 486
116 492
117 118
117 130
117 140
117 142
117 337
117 338
117 340
117 342
117 343
117 344
117 346
117 347
117 348
117 349
117 353
117 354
117 355
117 356
117 367
117 368
117 369
117 371
117 372
117 373
117 374
117 375
117 380
117 381
117 382
117 396
117 398
117 405
117 406
117 407
117 408
117 409
117 410
117 411
117 413
117 438
117 439
117 441
117 444
117 491
117 492
118 130
118 140
118 142
118 242
118 337
118 338
118 340
118 342
118 343
118 344
118 346
118 347
118 348
118 349
118 353
118 354
118 355
118 356
118 367
118 368
118 369
118 371
118 372
118 373
118 374
118 375
118 376
118 377
118 380
118 381
118 382
118 396
118 398
118 401
118 405
118 406
118 407
118 408
118 409
118 410
118 411
118 413
118 422
118 429
118 434
118 438
118 439
118 444
118 491
119 120
119 121
119 143
119 221
119 223
119 225
119 397
119 399
120 121
120 145
120 225
120 350
120 357
120 393
120 394
120 395
120 398
120 399
120 400
120 401
120 439
120 534
121 143
121 145
121 147
121 225
121 358
121 398
121 399
121 401
121 445
121 506
121 534
122 123
122 128
122 150
122 159
122 274
123 125
123 126
123 157
123 189
123 191
123 193
123 194
123 202
123 204
123 224
123 379
123 390
123 397
123 416
124 136
124 156
124 157
124 233
124 416
124 446
125 153
125 189
125 196
125 201
125 202
125 218
125 232
125 251
125 267
125 269
126 129
126 130
126 131
126 134
126 141
126 157
126 187
126 191
126 193
126 194
126 199
126 341
126 350
126 379
126 397
126 403
126 404
126 416
126 417
126 419
126 422
126 423
126 435
126 436
126 440
126 494
126 496
126 500
126 533
127 128
127 129
127 138
127 149
127 151
127 160
127 161
127 341
127 440
127 446
128 136
128 143
128 149
128 150
128 151
128 152
128 155
128 160
128 161
128 162
128 164
128 277
128 446
128 448
128 506
129 130
129 134
129 138
129 140
129 141
129 147
129 149
129 157
129 162
129 194
129 341
129 350
129 357
129 379
129 399
129 416
129 421
129 422
129 423
129 430
129 435
129 436
129 440
129 461
129 496
129 515
130 134
130 140
130 141
130 142
130 144
130 149
130 151
130 161
130 162
130 242
130 341
130 342
130 343
130 344
130 348
130 350
130 355
130 357
130 364
130 367
130 371
130 372
130 373
130 374
130 375
130 376
130 377
130 378
130 379
130 380
130 382
130 394
130 396
130 398
130 403
130 404
130 405
130 406
130 408
130 410
130 421
130 422
130 423
130 429
130 430
130 431
130 434
130 435
130 436
130 438
130 439
130 440
130 443
130 444
130 491
130 534
131 141
131 171
131 198
131 199
131 281
131 403
131 404
131 419
131 423
131 424
131 425
131 431
131 435
131 451
131 453
131 496
131 500
131 506
132 135
132 158
132 428
132 536
133 135
133 242
133 253
133 339
133 357
133 370
133 380
133 418
133 420
133 421
133 424
133 428
133 430
133 431
133 432
133 435
133 448
133 461
133 462
133 466
133 543
133 550
133 552
133 590
133 598
133 600
134 136
134 138
134 140
134 141
134 149
134 151
134 156
134 157
134 161
134 162
134 339
134 341
134 350
134 357
134 367
134 371
134 380
134 394
134 396
134 403
134 416
134 418
134 420
134 421
134 422
134 423
134 424
134 430
134 431
134 434
134 435
134 436
134 437
134 439
134 440
134 443
134 446
134 448
134 454
134 461
134 462
134 506
134 515
134 543
134 552
135 139
135 242
135 365
135 370
135 376
135 380
135 382
135 428
135 433
135 552
135 598
136 148
136 149
136 150
136 151
136 152
136 155
136 156
136 160
136 161
136 162
136 163
136 164
136 277
136 281
136 296
136 357
136 418
136 420
136 424
136 431
136 432
136 435
136 437
136 446
136 448
136 454
136 462
136 466
136 506
136 515
136 552
137 138
137 341
137 345
137 372
137 375
137 396
137 398
137 430
137 434
137 438
137 447
138 149
138 162
138 341
138 345
138 357
138 420
138 421
138 422
138 430
138 431
138 435
138 437
138 440
138 515
139 142
139 297
139 342
139 370
139 376
139 380
139 382
139 434
139 461
139 552
139 596
139 598
139 599
140 141
140 142
140 149
140 242
140 337
140 338
140 340
140 341
140 342
140 343
140 344
140 348
140 350
140 353
140 357
140 364
140 367
140 370
140 371
140 372
140 373
140 374
140 375
140 376
140 380
140 382
140 394
140 396
140 403
140 404
140 405
140 406
140 407
140 408
140 410
140 420
140 421
140 422
140 423
140 424
140 429
140 430
140 431
140 434
140 435
140 436
140 438
140 439
140 440
140 443
140 461
140 491
140 492
140 552
140 598
141 149
141 157
141 162
141 193
141 194
141 199
141 251
141 341
141 350
141 357
141 379
141 403
141 404
141 416
141 417
141 421
141 422
141 423
141 430
141 435
141 436
141 437
141 440
141 443
141 454
141 494
141 496
141 500
141 515
141 545
142 242
142 297
142 335
142 337
142 338
142 339
142 340
142 342
142 343
142 344
142 346
142 347
142 348
142 350
142 357
142 367
142 370
142 371
142 373
142 374
142 375
142 376
142 380
142 382
142 393
142 396
142 405
142 406
142 407
142 409
142 410
142 421
142 422
142 429
142 432
142 434
142 435
142 438
142 439
142 446
142 461
142 534
142 598
143 145
143 147
143 225
143 244
143 445
143 506
143 531
143 534
144 149
144 341
144 348
144 349
144 354
144 364
144 369
144 371
144 372
144 375
144 438
144 439
144 440
144 444
145 147
145 149
145 225
145 345
145 372
145 375
145 401
145 413
145 438
145 439
145 440
145 445
145 531
145 534
146 345
146 362
146 441
146 447
147 149
147 225
147 345
147 358
147 362
147 375
147 445
147 534
148 150
148 156
148 162
148 163
148 200
148 437
149 150
149 151
149 155
149 156
149 157
149 160
149 161
149 162
149 225
149 339
149 341
149 345
149 350
149 357
149 358
149 367
149 372
149 375
149 420
149 421
149 422
149 430
149 431
149 434
149 435
149 436
149 437
149 438
149 439
149 440
149 443
149 445
149 446
149 448
149 461
149 462
149 506
149 515
149 534
150 233
150 446
151 152
151 160
151 161
151 162
151 436
151 439
152 155
152 160
152 161
152 272
152 277
152 296
153 181
153 195
153 196
153 201
153 202
153 207
153 209
153 210
153 212
153 214
153 215
153 217
153 218
153 230
153 232
153 269
153 271
153 467
153 474
153 503
153 512
153 514
154 159
154 169
154 195
154 197
154 202
154 203
154 204
154 207
154 209
154 210
154 211
154 212
154 214
154 215
154 216
154 219
154 230
154 231
154 501
154 509
154 516
155 156
155 160
155 161
155 162
155 164
155 252
155 258
155 268
155 273
155 277
155 296
155 446
155 448
155 462
155 466
155 570
156 162
156 163
156 233
156 253
156 254
156 339
156 350
156 357
156 418
156 420
156 437
156 440
156 446
156 448
156 454
156 462
156 466
156 515
156 543
156 590
157 162
157 194
157 251
157 341
157 350
157 357
157 379
157 403
157 416
157 435
157 436
157 440
157 494
157 515
158 159
158 428
159 203
159 209
159 214
159 215
159 216
159 219
159 231
159 279
159 295
159 458
160 161
160 164
160 268
160 272
160 277
160 420
160 448
160 462
160 466
160 506
161 162
161 277
161 339
161 341
161 357
161 358
161 420
161 422
161 424
161 431
161 432
161 434
161 435
161 436
161 439
161 440
161 443
161 446
161 448
161 461
161 462
161 506
161 515
162 163
162 350
162 357
162 418
162 430
162 431
162 435
162 436
162 437
162 440
162 443
162 446
162 448
162 454
162 462
162 506
162 515
162 543
163 253
163 254
163 418
163 437
163 462
163 463
163 543
164 258
164 448
164 466
165 180
166 168
166 228
166 238
166 255
166 256
166 270
166 282
166 288
166 475
167 173
167 276
167 465
167 522
167 594
168 170
168 226
168 228
168 229
168 234
168 235
168 236
168 238
168 247
168 252
168 255
168 256
168 258
168 262
168 270
168 282
168 298
168 387
168 472
168 475
168 476
168 479
168 528
168 547
168 556
168 569
168 572
168 573
169 197
169 209
169 214
169 216
169 501
169 525
170 213
170 226
170 228
170 229
170 234
170 235
170 236
170 238
170 239
170 247
170 252
170 255
170 256
170 258
170 270
170 282
170 283
170 387
170 475
170 476
170 479
170 547
170 556
170 557
170 567
170 568
170 572
170 573
170 579
170 581
171 188
171 198
171 199
171 201
171 280
171 312
171 331
171 419
171 459
171 489
171 490
171 500
171 502
171 504
172 285
172 291
172 478
172 560
172 568
172 579
172 582
172 583
173 208
173 268
173 272
173 276
173 278
173 477
173 576
173 594
174 534
176 311
176 486
177 325
178 256
179 249
179 384
180 475
180 566
180 588
182 567
183 257
183 258
183 488
184 287
184 289
184 290
184 291
184 302
184 317
184 320
184 321
184 322
184 328
184 330
184 332
184 333
184 388
184 391
184 487
184 529
184 532
184 554
184 555
184 584
184 586
185 510
186 293
187 188
187 189
187 191
187 194
187 199
187 201
187 202
187 204
187 207
187 221
187 304
187 308
187 325
187 327
187 379
187 390
187 392
187 395
187 419
187 489
187 492
187 500
187 586
188 189
188 191
188 193
188 194
188 201
188 202
188 221
188 222
188 223
188 224
188 280
188 388
188 389
188 390
188 397
188 419
188 489
188 497
188 502
188 533
188 580
189 191
189 194
189 195
189 196
189 197
189 199
189 200
189 201
189 202
189 204
189 207
189 211
189 212
189 214
189 221
189 222
189 223
189 280
189 384
189 389
189 390
189 391
189 392
189 419
189 459
189 489
189 497
189 502
189 504
189 580
190 203
190 207
190 209
190 210
190 212
190 215
190 217
190 231
190 232
190 467
190 474
190 499
190 505
190 509
190 512
190 513
190 514
190 523
190 542
190 571
191 193
191 194
191 197
191 198
191 199
191 201
191 202
191 204
191 207
191 210
191 212
191 221
191 280
191 379
191 384
191 389
191 390
191 397
191 402
191 404
191 417
191 419
191 459
191 474
191 480
191 489
191 490
191 492
191 497
191 500
191 502
191 503
191 504
191 514
191 533
192 211
192 304
192 332
192 393
192 394
192 395
192 495
193 194
193 199
193 221
193 222
193 397
193 416
193 417
193 489
193 495
193 496
193 500
193 533
194 199
194 202
194 221
194 251
194 379
194 390
194 395
194 397
194 416
194 417
194 419
194 489
194 490
194 492
194 494
194 496
194 500
194 503
194 514
194 533
194 591
195 196
195 197
195 202
195 204
195 207
195 209
195 210
195 211
195 212
195 214
195 215
195 216
195 229
195 230
195 231
195 269
195 501
195 509
195 525
195 567
196 201
196 202
196 213
196 214
196 218
196 222
196 224
196 230
196 232
196 234
196 269
196 282
196 283
196 497
196 581
197 201
197 202
197 204
197 207
197 209
197 210
197 211
197 212
197 214
197 215
197 216
197 230
197 280
197 415
197 459
197 490
197 493
197 497
197 501
197 502
197 504
197 509
197 514
197 516
197 525
198 199
198 201
198 280
198 281
198 404
198 415
198 419
198 442
198 451
198 459
198 490
198 499
198 500
198 502
198 504
198 513
198 524
199 200
199 201
199 202
199 204
199 251
199 280
199 281
199 379
199 390
199 397
199 403
199 404
199 416
199 417
199 419
199 423
199 435
199 494
199 500
199 504
199 533
200 201
200 202
200 204
200 280
200 281
200 312
200 500
201 202
201 204
201 207
201 210
201 212
201 214
201 215
201 232
201 280
201 390
201 417
201 419
201 459
201 489
201 490
201 497
201 500
201 502
201 503
201 504
201 514
202 204
202 207
202 210
202 211
202 212
202 214
202 215
202 216
202 221
202 222
202 280
202 390
202 415
202 419
202 459
202 489
202 490
202 497
202 500
202 502
202 503
202 504
202 514
202 525
203 209
203 210
203 214
203 215
203 216
203 219
203 227
203 230
203 231
203 259
203 265
203 271
203 278
203 279
203 295
203 460
203 465
203 477
203 501
203 505
203 509
203 512
203 516
203 517
203 519
203 522
203 542
204 207
204 211
204 212
204 214
204 215
204 280
204 312
204 379
204 419
204 459
204 500
204 504
206 209
206 210
206 212
206 214
206 215
206 216
206 219
206 230
206 231
206 259
206 265
206 271
206 402
206 493
206 498
206 501
206 505
206 509
206 512
206 513
206 516
206 517
206 519
206 524
206 525
206 527
206 541
206 542
206 573
207 209
207 210
207 211
207 212
207 214
207 215
207 216
207 230
207 231
207 280
207 419
207 459
207 474
207 490
207 493
207 497
207 499
207 501
207 503
207 504
207 509
207 513
207 514
207 516
207 525
208 209
208 219
208 231
208 239
208 256
208 258
208 259
208 263
208 264
208 265
208 273
208 274
208 276
208 278
208 295
208 298
208 465
208 517
208 528
208 539
208 541
208 548
208 564
208 594
209 210
209 212
209 214
209 215
209 216
209 217
209 219
209 230
209 231
209 232
209 259
209 265
209 269
209 271
209 273
209 274
209 279
209 295
209 468
209 498
209 501
209 505
209 509
209 512
209 513
209 516
209 517
209 519
209 525
209 541
209 542
209 567
209 571
209 574
210 212
210 214
210 215
210 216
210 230
210 231
210 232
210 271
210 279
210 280
210 295
210 415
210 467
210 474
210 485
210 490
210 493
210 499
210 501
210 503
210 504
210 505
210 509
210 512
210 513
210 514
210 516
210 524
210 525
210 542
210 571
211 212
211 214
211 216
211 359
211 501
211 525
212 214
212 215
212 216
212 230
212 232
212 280
212 415
212 467
212 474
212 490
212 493
212 497
212 499
212 503
212 504
212 509
212 512
212 513
212 514
212 516
212 520
212 525
213 226
213 228
213 229
213 233
213 234
213 235
213 236
213 238
213 239
213 240
213 243
213 245
213 247
213 262
213 263
213 264
213 266
213 269
213 282
213 283
213 285
213 286
213 300
213 387
213 475
213 476
213 556
213 579
213 581
214 215
214 216
214 230
214 231
214 241
214 415
214 459
214 501
214 509
214 516
214 525
215 216
215 217
215 219
215 230
215 231
215 232
215 241
215 269
215 271
215 295
215 415
215 474
215 501
215 509
215 512
215 514
215 516
215 519
215 525
216 219
216 227
216 230
216 231
216 259
216 271
216 280
216 402
216 415
216 459
216 460
216 490
216 493
216 501
216 509
216 512
216 516
216 524
216 525
216 567
216 573
217 218
217 231
217 232
217 265
217 273
217 512
218 232
218 233
218 251
219 227
219 230
219 231
219 255
219 256
219 259
219 262
219 263
219 265
219 270
219 271
219 272
219 273
219 274
219 276
219 278
219 279
219 298
219 460
219 501
219 509
219 517
219 519
219 522
219 542
219 548
219 567
219 573
220 221
220 237
220 286
220 287
220 529
220 530
220 584
221 222
221 223
221 287
221 304
221 389
221 390
221 392
221 397
221 489
221 502
221 526
221 529
221 530
221 533
221 580
222 223
222 237
222 240
222 283
222 286
222 389
222 397
222 489
222 497
222 520
222 553
222 580
222 581
223 224
223 283
223 286
223 287
223 317
223 388
223 389
223 390
223 391
223 392
223 397
223 489
223 520
223 580
223 581
223 583
224 245
224 283
224 388
224 532
224 580
225 246
225 375
225 399
225 401
225 439
225 440
225 445
225 446
225 506
225 531
225 534
225 555
225 596
226 227
226 228
226 229
226 234
226 235
226 236
226 238
226 239
226 240
226 247
226 255
226 262
226 263
226 266
226 269
226 270
226 282
226 387
226 472
226 475
226 476
226 478
226 535
226 540
226 546
226 547
226 556
226 560
226 579
226 588
227 229
227 230
227 231
227 265
227 270
227 271
227 460
227 493
227 498
227 501
227 509
227 522
227 540
227 542
227 557
227 573
228 229
228 230
228 234
228 235
228 236
228 238
228 239
228 240
228 247
228 252
228 255
228 256
228 258
228 262
228 263
228 264
228 269
228 270
228 274
228 282
228 283
228 298
228 387
228 472
228 475
228 476
228 479
228 498
228 528
228 535
228 539
228 540
228 547
228 556
228 567
228 572
228 573
228 579
228 581
229 230
229 234
229 235
229 236
229 238
229 239
229 240
229 247
229 255
229 262
229 263
229 264
229 265
229 269
229 270
229 274
229 282
229 283
229 285
229 387
229 472
229 476
229 479
229 498
229 540
229 556
229 567
229 572
229 573
229 579
229 581
230 231
230 232
230 255
230 259
230 262
230 265
230 269
230 270
230 271
230 274
230 309
230 460
230 493
230 498
230 501
230 509
230 525
230 557
230 567
230 572
230 573
231 259
231 265
231 271
231 273
231 274
231 276
231 278
231 279
231 295
231 298
231 460
231 501
231 505
231 509
231 512
231 517
231 519
231 522
231 525
231 541
231 542
231 573
232 267
232 269
232 467
232 474
233 245
233 563
234 235
234 236
234 238
234 239
234 240
234 247
234 255
234 262
234 263
234 266
234 269
234 270
234 282
234 283
234 387
234 472
234 476
234 478
234 535
234 547
234 556
234 560
234 561
234 579
234 581
234 588
235 236
235 237
235 238
235 239
235 240
235 247
235 255
235 263
235 264
235 266
235 282
235 285
235 300
235 387
235 471
235 475
235 479
235 546
235 547
235 549
235 568
235 579
235 581
235 583
235 588
236 238
236 239
236 240
236 247
236 252
236 255
236 258
236 262
236 264
236 266
236 282
236 285
236 299
236 300
236 387
236 471
236 472
236 475
236 478
236 479
236 528
236 535
236 539
236 546
236 547
236 560
236 568
236 569
236 588
237 240
237 266
237 285
237 286
237 287
237 549
237 553
237 584
238 239
238 240
238 243
238 247
238 252
238 255
238 258
238 262
238 263
238 264
238 266
238 282
238 285
238 299
238 300
238 387
238 472
238 475
238 539
238 546
238 547
238 560
238 569
238 588
239 240
239 255
239 256
239 258
239 262
239 263
239 264
239 265
239 269
239 270
239 274
239 282
239 283
239 298
239 299
239 300
239 387
239 479
239 539
239 540
239 547
239 548
240 243
240 247
240 262
240 263
240 264
240 266
240 282
240 283
240 285
240 286
240 300
240 539
240 540
240 547
240 549
240 553
240 579
240 581
241 459
242 253
242 338
242 340
242 344
242 348
242 357
242 367
242 368
242 369
242 370
242 371
242 372
242 373
242 374
242 376
242 378
242 380
242 382
242 413
242 418
242 420
242 421
242 422
242 424
242 428
242 429
242 430
242 431
242 432
242 434
242 435
242 438
242 439
242 440
242 445
242 461
242 462
242 506
242 531
242 552
242 598
243 245
243 246
243 264
243 282
243 283
243 300
243 538
243 554
243 568
243 588
243 595
243 597
244 295
245 246
245 250
245 254
245 282
245 283
245 300
245 538
246 300
246 531
246 538
246 554
246 555
246 596
246 597
247 252
247 255
247 266
247 282
247 285
247 387
247 471
247 475
247 476
247 478
247 479
247 546
247 547
247 556
247 560
247 561
247 569
247 583
247 588
248 250
248 275
248 478
248 538
248 556
248 558
248 560
248 561
248 569
248 575
250 253
250 254
250 275
250 471
250 475
250 538
250 556
250 558
250 560
250 561
250 569
250 570
250 575
251 267
251 350
251 379
251 416
252 255
252 256
252 258
252 262
252 264
252 268
252 298
252 299
252 300
252 387
252 475
252 476
252 479
252 528
252 539
252 547
252 569
252 570
253 254
253 428
253 432
253 448
253 462
253 463
253 466
253 538
253 543
253 552
253 596
253 599
253 600
254 275
254 463
254 538
255 256
255 258
255 262
255 263
255 264
255 265
255 269
255 270
255 271
255 274
255 282
255 298
255 387
255 475
255 476
255 479
255 498
255 528
255 539
255 540
255 547
255 556
255 557
255 567
255 572
255 573
256 258
256 262
256 263
256 264
256 265
256 269
256 270
256 274
256 282
256 298
256 314
256 387
256 476
256 539
256 548
256 567
256 572
256 573
258 263
258 264
258 268
258 270
258 274
258 298
258 299
258 300
258 387
258 476
258 479
258 528
258 539
258 547
259 265
259 278
259 279
259 460
259 501
259 505
259 509
259 517
259 522
260 261
261 277
262 263
262 264
262 265
262 269
262 270
262 274
262 298
262 299
262 387
262 476
262 535
262 540
262 567
262 573
263 264
263 265
263 269
263 270
263 274
263 282
263 298
263 299
263 300
263 387
263 539
263 540
264 270
264 274
264 282
264 283
264 298
264 299
264 300
264 387
264 539
264 540
264 547
265 270
265 271
265 273
265 274
265 298
265 460
265 501
265 509
265 512
265 517
265 540
265 541
265 542
265 548
265 567
265 573
266 282
266 285
266 286
266 546
266 547
266 556
266 560
266 579
266 582
266 583
266 588
267 326
268 272
268 276
268 277
268 298
268 299
268 300
268 528
268 570
268 594
269 270
269 271
269 282
269 283
269 498
269 557
269 567
269 572
269 573
269 581
270 271
270 274
270 282
270 283
270 298
270 387
270 460
270 476
270 479
270 498
270 528
270 539
270 540
270 556
270 557
270 567
270 572
270 573
270 579
271 460
271 467
271 468
271 498
271 501
271 507
271 509
271 512
271 519
271 525
271 541
271 542
271 557
271 567
271 571
271 572
271 573
271 574
272 273
272 274
272 276
272 277
272 278
272 279
272 298
273 274
273 276
273 295
273 298
273 464
273 468
273 517
273 541
273 594
274 276
274 298
274 299
274 300
275 536
275 538
275 561
275 570
275 575
276 278
276 279
276 295
276 298
276 465
276 517
276 522
276 523
276 574
276 576
276 594
277 278
277 279
277 281
277 296
277 358
277 420
277 432
277 433
277 448
277 456
277 457
277 458
277 465
277 466
277 576
277 577
277 578
277 596
278 279
278 458
278 465
278 477
278 517
278 522
278 576
278 577
278 594
279 465
279 477
279 501
279 505
279 517
279 519
279 522
279 576
279 577
280 312
280 389
280 390
280 402
280 415
280 419
280 442
280 459
280 474
280 489
280 490
280 497
280 499
280 500
280 502
280 504
281 326
281 339
281 424
281 425
281 432
281 435
281 453
281 461
281 462
281 466
281 515
281 552
281 578
282 283
282 285
282 286
282 300
282 313
282 387
282 471
282 472
282 475
282 476
282 556
282 568
282 572
282 579
282 581
282 582
282 583
283 285
283 286
283 313
283 388
283 497
283 553
283 556
283 572
283 579
283 580
283 581
283 583
284 285
284 286
284 291
284 478
284 582
284 583
285 286
285 291
285 471
285 475
285 478
285 546
285 556
285 560
285 568
285 579
285 581
285 582
285 583
286 287
286 289
286 291
286 317
286 388
286 581
286 582
286 583
286 584
287 290
287 302
287 332
287 397
287 529
287 530
287 549
287 582
287 584
289 317
289 391
289 582
289 583
290 291
290 302
290 304
290 317
290 321
290 322
290 326
290 328
290 329
290 333
290 391
290 555
290 584
290 587
291 320
291 322
291 328
291 333
291 336
291 391
291 568
291 582
291 583
291 584
291 586
291 587
292 587
293 294
293 343
293 347
293 385
293 386
293 588
293 591
294 301
294 385
295 298
296 420
296 432
296 448
296 466
296 506
297 370
297 380
297 382
297 434
297 438
297 439
297 461
297 589
297 590
297 596
297 598
298 299
298 300
298 476
298 528
298 539
298 548
299 300
300 538
300 539
300 547
300 570
300 597
301 302
301 303
301 304
301 305
301 317
301 321
301 324
301 385
301 391
301 392
301 395
301 397
301 399
302 305
302 317
302 321
302 322
302 324
302 330
302 332
302 389
302 390
302 391
302 392
302 393
302 395
302 397
302 399
302 489
302 532
302 533
302 580
302 582
302 583
302 586
303 304
303 321
303 384
303 392
304 308
304 321
304 326
304 390
304 392
304 393
304 395
304 397
304 399
304 495
305 322
305 323
305 324
305 329
305 335
305 336
305 339
305 350
305 357
305 395
305 399
305 587
306 307
306 309
306 313
308 312
308 321
308 326
308 391
308 395
309 313
309 556
309 573
309 579
312 313
312 321
312 326
312 331
313 315
313 579
313 581
315 317
315 319
315 388
315 588
316 518
317 321
317 322
317 336
317 386
317 388
317 389
317 391
317 392
317 579
317 580
317 582
317 583
317 584
317 588
318 319
318 320
318 334
319 320
319 334
320 324
320 328
320 332
320 333
320 334
320 336
320 568
320 588
321 322
321 326
321 329
321 333
321 388
321 391
321 393
321 395
321 495
321 586
322 323
322 327
322 328
322 329
322 330
322 332
322 333
322 336
322 388
322 391
322 393
322 395
322 555
322 586
323 327
323 328
323 329
323 332
323 335
323 336
324 332
324 333
324 335
324 339
324 343
324 395
325 327
325 330
325 332
325 335
325 379
325 395
325 586
326 327
326 329
326 331
327 328
327 329
327 330
327 332
327 333
327 335
327 336
327 395
327 586
328 329
328 330
328 332
328 333
328 335
328 339
328 582
329 330
329 331
329 332
329 333
329 335
329 339
329 350
329 393
329 395
329 446
329 461
329 506
329 555
330 332
330 333
330 335
330 391
330 395
330 397
330 532
330 582
330 586
332 333
332 335
332 336
332 339
332 391
332 395
332 397
332 529
332 582
332 584
333 334
333 335
333 336
333 339
333 393
333 395
333 584
334 335
335 336
335 339
335 350
335 357
335 392
335 393
335 395
335 461
335 529
335 530
336 391
336 392
336 395
336 452
336 587
337 338
337 340
337 342
337 343
337 344
337 346
337 347
337 348
337 349
337 353
337 354
337 356
337 367
337 368
337 371
337 372
337 373
337 374
337 375
337 377
337 380
337 381
337 382
337 396
337 405
337 406
337 407
337 408
337 409
337 410
337 411
337 413
337 429
337 434
337 444
337 491
338 340
338 342
338 343
338 344
338 346
338 348
338 349
338 353
338 366
338 367
338 368
338 370
338 371
338 372
338 373
338 374
338 376
338 380
338 381
338 382
338 396
338 405
338 406
338 407
338 408
338 409
338 410
338 421
338 422
338 423
338 429
338 434
338 439
338 461
338 491
338 598
339 341
339 350
339 357
339 358
339 370
339 393
339 394
339 395
339 416
339 420
339 421
339 422
339 424
339 432
339 435
339 439
339 443
339 446
339 448
339 461
339 462
339 466
339 515
339 531
339 534
339 543
339 550
339 555
339 596
339 598
339 599
340 342
340 343
340 344
340 346
340 347
340 348
340 349
340 353
340 354
340 356
340 367
340 368
340 371
340 372
340 373
340 374
340 375
340 376
340 377
340 380
340 381
340 382
340 396
340 405
340 406
340 407
340 408
340 409
340 410
340 411
340 413
340 429
340 434
340 438
340 491
341 345
341 348
341 350
341 355
341 357
341 358
341 364
341 370
341 371
341 372
341 375
341 376
341 379
341 394
341 396
341 398
341 403
341 416
341 420
341 421
341 422
341 430
341 431
341 434
341 435
341 436
341 438
341 439
341 440
341 441
341 443
341 445
341 446
341 461
341 515
341 534
341 598
342 343
342 344
342 346
342 347
342 348
342 349
342 353
342 354
342 356
342 367
342 371
342 373
342 374
342 375
342 380
342 381
342 382
342 396
342 405
342 406
342 407
342 408
342 409
342 410
342 411
342 422
342 434
342 438
342 444
342 491
343 344
343 346
343 347
343 348
343 349
343 353
343 354
343 371
343 373
343 375
343 380
343 382
343 396
343 405
343 406
343 407
343 408
343 409
343 410
343 422
343 439
343 444
343 491
344 346
344 347
344 348
344 349
344 353
344 354
344 356
344 359
344 364
344 366
344 367
344 368
344 369
344 371
344 372
344 373
344 374
344 375
344 376
344 377
344 380
344 381
344 382
344 396
344 398
344 405
344 406
344 407
344 408
344 409
344 410
344 413
344 429
344 434
344 439
344 444
344 469
344 486
344 491
344 492
345 351
345 352
345 358
345 360
345 361
345 362
345 363
345 372
345 401
345 412
345 413
345 414
345 430
345 438
345 439
345 441
345 445
345 447
346 347
346 348
346 349
346 353
346 354
346 356
346 367
346 373
346 374
346 381
346 382
346 396
346 405
346 406
346 407
346 408
346 409
346 410
346 411
347 348
347 349
347 353
347 354
347 355
347 356
347 371
347 373
347 375
347 396
347 405
347 406
347 407
347 408
347 409
347 410
347 411
347 438
347 444
348 349
348 353
348 354
348 355
348 356
348 359
348 364
348 365
348 367
348 368
348 369
348 371
348 372
348 373
348 374
348 375
348 376
348 377
348 380
348 381
348 382
348 396
348 398
348 401
348 403
348 405
348 406
348 407
348 408
348 409
348 410
348 411
348 413
348 422
348 429
348 430
348 434
348 438
348 439
348 441
348 444
348 491
348 492
349 353
349 354
349 355
349 356
349 367
349 371
349 372
349 373
349 375
349 382
349 396
349 405
349 406
349 407
349 408
349 409
349 410
349 411
349 438
349 444
349 492
350 357
350 358
350 367
350 371
350 379
350 380
350 393
350 394
350 395
350 396
350 398
350 399
350 403
350 416
350 418
350 420
350 421
350 422
350 423
350 424
350 430
350 431
350 434
350 435
350 436
350 437
350 439
350 440
350 441
350 443
350 446
350 461
350 462
350 494
350 506
350 515
350 534
350 545
350 598
351 352
351 359
351 360
351 361
351 362
351 363
351 412
351 413
351 414
351 441
351 445
351 447
352 360
352 361
352 362
352 363
352 412
352 414
352 447
353 354
353 356
353 359
353 365
353 367
353 368
353 369
353 371
353 372
353 373
353 374
353 375
353 376
353 377
353 381
353 382
353 396
353 405
353 406
353 407
353 408
353 409
353 410
353 411
353 413
353 434
353 438
353 444
353 491
353 492
354 355
354 356
354 359
354 362
354 365
354 368
354 369
354 372
354 373
354 375
354 396
354 405
354 406
354 407
354 408
354 409
354 410
354 438
354 444
355 356
355 371
355 374
355 375
355 396
355 398
355 403
355 406
355 408
355 410
355 411
355 422
355 436
355 440
355 492
356 362
356 364
356 365
356 368
356 372
356 373
356 374
356 375
356 381
356 396
356 398
356 405
356 406
356 407
356 408
356 409
356 410
356 411
356 413
356 438
356 444
356 492
357 358
357 367
357 371
357 380
357 394
357 396
357 399
357 403
357 416
357 418
357 420
357 421
357 422
357 423
357 424
357 430
357 431
357 432
357 434
357 435
357 436
357 437
357 439
357 440
357 443
357 445
357 446
357 448
357 454
357 461
357 462
357 491
357 506
357 515
357 534
357 543
357 545
357 552
357 598
358 361
358 370
358 376
358 401
358 412
358 413
358 414
358 420
358 421
358 422
358 424
358 430
358 431
358 432
358 434
358 435
358 436
358 439
358 440
358 441
358 443
358 445
358 446
358 461
358 506
358 515
358 531
358 534
358 598
359 361
359 363
359 368
359 372
359 374
359 410
359 413
359 414
359 444
360 361
360 362
360 363
360 412
360 414
360 447
361 362
361 363
361 412
361 413
361 414
361 445
361 447
362 363
362 412
362 414
362 444
363 412
363 414
363 447
364 371
364 372
364 373
364 375
364 382
364 396
364 398
364 403
364 406
364 408
364 410
364 422
364 429
364 434
364 436
364 439
364 491
364 492
365 368
365 370
365 372
365 373
365 374
365 376
365 381
365 382
365 409
365 413
365 434
365 438
365 444
365 447
366 429
367 371
367 373
367 374
367 375
367 377
367 380
367 382
367 396
367 403
367 405
367 406
367 407
367 408
367 409
367 410
367 422
367 423
367 429
367 434
367 436
367 439
367 440
367 491
368 369
368 370
368 371
368 372
368 373
368 374
368 375
368 376
368 377
368 381
368 382
368 396
368 398
368 401
368 405
368 409
368 410
368 413
368 429
368 434
368 438
368 444
368 445
369 372
369 375
369 396
369 405
369 410
369 429
369 438
369 439
369 444
369 445
370 372
370 373
370 376
370 380
370 382
370 413
370 420
370 421
370 422
370 432
370 433
370 434
370 438
370 439
370 445
370 446
370 461
370 534
370 552
370 596
370 598
370 599
371 372
371 373
371 374
371 375
371 376
371 377
371 380
371 382
371 396
371 398
371 405
371 406
371 407
371 408
371 409
371 410
371 422
371 429
371 430
371 434
371 438
371 439
371 440
371 441
372 373
372 374
372 375
372 376
372 377
372 381
372 382
372 396
372 398
372 401
372 405
372 407
372 409
372 410
372 413
372 421
372 422
372 429
372 430
372 434
372 438
372 439
372 440
372 444
372 445
372 534
373 374
373 375
373 376
373 377
373 380
373 381
373 382
373 396
373 398
373 405
373 406
373 407
373 408
373 409
373 410
373 413
373 422
373 429
373 434
373 438
373 439
373 491
374 375
374 376
374 377
374 378
374 380
374 381
374 382
374 396
374 398
374 405
374 406
374 409
374 410
374 413
374 422
374 429
374 430
374 434
374 436
374 438
374 491
375 376
375 377
375 382
375 396
375 398
375 401
375 405
375 406
375 407
375 408
375 409
375 410
375 411
375 413
375 421
375 422
375 430
375 434
375 438
375 439
375 440
375 444
375 445
375 534
376 377
376 378
376 380
376 381
376 382
376 396
376 398
376 405
376 410
376 413
376 421
376 422
376 429
376 430
376 431
376 434
376 435
376 436
376 438
376 439
376 445
376 461
376 491
376 534
376 598
377 378
377 380
377 381
377 405
377 406
377 410
377 429
378 380
378 403
378 422
378 423
378 424
378 435
378 436
378 506
379 394
379 403
379 404
379 408
379 419
379 422
379 436
379 491
379 492
379 494
379 500
379 514
380 381
380 382
380 396
380 405
380 406
380 409
380 410
380 421
380 422
380 423
380 429
380 430
380 432
380 434
380 435
380 436
380 439
380 440
380 443
380 461
380 462
380 491
380 545
380 552
380 598
381 382
381 405
381 406
381 407
381 409
381 410
382 396
382 405
382 406
382 407
382 408
382 409
382 410
382 413
382 422
382 423
382 429
382 430
382 434
382 435
382 436
382 438
382 439
382 444
382 461
382 491
382 598
383 496
384 385
384 386
384 390
384 392
384 419
384 459
384 483
384 489
384 490
384 492
384 502
385 386
385 390
385 391
385 392
385 492
386 391
386 392
386 588
386 591
387 475
387 476
387 479
387 498
387 528
387 535
387 539
387 540
387 547
387 548
387 556
387 567
387 568
387 569
387 572
387 573
387 579
387 595
388 389
388 390
388 391
388 397
388 489
388 532
388 579
388 580
388 581
388 583
388 586
389 390
389 391
389 392
389 397
389 419
389 489
389 490
389 497
389 502
389 504
389 520
389 533
389 580
389 581
389 586
390 391
390 392
390 395
390 397
390 417
390 419
390 459
390 489
390 490
390 495
390 497
390 500
390 502
390 504
390 514
390 532
390 533
390 580
390 586
391 392
391 393
391 395
391 489
391 580
391 582
391 583
391 586
391 588
392 395
392 397
392 489
392 529
392 530
392 533
392 580
392 586
393 394
393 395
393 399
393 416
393 446
393 461
393 495
393 534
394 395
394 396
394 398
394 399
394 403
394 421
394 422
394 423
394 435
394 436
394 439
394 461
394 491
394 492
394 496
395 397
395 399
395 416
395 495
395 532
395 533
395 586
396 398
396 401
396 403
396 405
396 406
396 407
396 408
396 409
396 410
396 411
396 413
396 421
396 422
396 429
396 430
396 434
396 436
396 438
396 439
396 440
396 441
396 444
396 445
396 491
396 492
396 534
397 399
397 416
397 417
397 419
397 489
397 495
397 496
397 529
397 530
397 532
397 533
397 580
398 400
398 401
398 408
398 410
398 411
398 413
398 422
398 430
398 434
398 436
398 438
398 439
398 440
398 441
398 445
398 492
398 534
399 401
399 422
399 423
399 532
399 533
399 534
399 555
400 401
400 441
401 412
401 413
401 414
401 422
401 436
401 439
401 441
401 445
401 534
402 415
402 451
402 474
402 485
402 489
402 490
402 497
402 499
402 513
402 514
402 519
402 521
402 524
402 525
403 404
403 406
403 408
403 416
403 419
403 421
403 422
403 423
403 430
403 434
403 435
403 436
403 439
403 440
403 443
403 461
403 486
403 491
403 492
403 494
403 496
403 500
404 417
404 419
404 421
404 422
404 423
404 424
404 430
404 431
404 434
404 435
404 436
404 451
404 461
404 490
404 491
404 492
404 494
404 496
404 500
404 504
404 514
405 406
405 407
405 408
405 409
405 410
405 411
405 413
405 429
405 434
405 438
405 444
405 491
406 407
406 408
406 409
406 410
406 411
406 422
406 423
406 444
406 491
406 492
407 408
407 409
407 410
407 411
407 444
407 491
407 492
408 409
408 410
408 411
408 444
408 481
408 491
408 492
409 410
409 411
409 413
409 438
409 444
409 491
410 411
410 413
410 429
410 434
410 438
410 439
410 444
410 491
410 492
411 444
412 413
412 414
412 441
412 444
412 445
412 447
413 414
413 429
413 434
413 438
413 439
413 441
413 444
413 445
413 447
413 534
414 445
414 447
415 442
415 474
415 493
415 497
415 499
415 501
415 502
415 504
415 505
415 509
415 511
415 512
415 513
415 516
415 519
415 521
415 524
415 525
416 417
416 418
416 423
416 435
416 437
416 440
416 443
416 446
416 454
416 494
416 496
416 515
416 532
416 533
416 545
417 419
417 423
417 451
417 453
417 467
417 489
417 490
417 494
417 496
417 497
417 500
417 503
417 504
417 513
417 514
417 520
417 521
417 530
417 532
417 533
417 545
418 420
418 421
418 423
418 424
418 428
418 430
418 431
418 432
418 435
418 437
418 443
418 446
418 448
418 450
418 453
418 454
418 461
418 462
418 466
418 506
418 515
418 518
418 543
418 545
418 552
419 451
419 459
419 480
419 489
419 490
419 494
419 497
419 500
419 502
419 503
419 504
419 514
419 533
420 421
420 422
420 424
420 428
420 430
420 431
420 432
420 433
420 434
420 435
420 437
420 439
420 440
420 443
420 446
420 448
420 450
420 454
420 456
420 461
420 462
420 466
420 506
420 515
420 531
420 534
420 543
420 552
420 578
420 589
420 590
420 596
420 598
420 599
420 600
421 422
421 423
421 424
421 430
421 431
421 432
421 434
421 435
421 436
421 437
421 439
421 440
421 443
421 445
421 446
421 448
421 453
421 454
421 461
421 462
421 491
421 515
421 531
421 534
421 545
421 550
421 552
421 598
421 599
422 423
422 424
422 429
422 430
422 431
422 434
422 435
422 436
422 438
422 439
422 440
422 443
422 445
422 446
422 461
422 491
422 494
422 496
422 506
422 515
422 534
422 552
422 598
423 424
423 429
423 430
423 431
423 434
423 435
423 436
423 439
423 440
423 443
423 446
423 453
423 461
423 462
423 491
423 494
423 496
423 500
423 506
423 515
423 533
423 545
423 552
424 425
424 431
424 432
424 434
424 435
424 437
424 443
424 446
424 448
424 450
424 453
424 454
424 461
424 462
424 466
424 506
424 510
424 515
424 545
424 552
424 578
425 432
425 450
425 451
425 453
425 456
425 461
425 499
425 510
425 523
425 577
425 578
425 599
425 600
426 428
426 451
427 543
427 550
428 432
428 433
428 448
428 449
428 450
428 453
428 456
428 458
428 462
428 463
428 466
428 510
428 515
428 544
428 545
428 552
428 575
428 578
428 592
428 598
428 599
428 600
429 430
429 431
429 434
429 435
429 436
429 439
429 491
430 431
430 434
430 435
430 436
430 437
430 438
430 439
430 440
430 443
430 445
430 461
430 494
430 515
430 534
430 552
430 598
431 432
431 433
431 434
431 435
431 436
431 437
431 440
431 443
431 446
431 448
431 461
431 462
431 506
431 515
431 552
432 435
432 446
432 448
432 450
432 453
432 456
432 458
432 461
432 462
432 466
432 506
432 510
432 515
432 543
432 544
432 545
432 552
432 577
432 578
432 590
432 598
432 599
432 600
433 552
433 598
434 435
434 436
434 438
434 439
434 440
434 445
434 461
434 491
434 534
434 552
434 598
435 436
435 437
435 439
435 440
435 443
435 446
435 448
435 453
435 454
435 461
435 462
435 491
435 494
435 496
435 500
435 506
435 515
435 534
435 545
435 552
435 598
435 599
436 439
436 440
436 445
436 446
436 461
436 491
436 492
436 494
436 515
436 534
437 443
437 446
437 448
437 453
437 454
437 462
437 496
437 515
437 543
437 545
437 552
438 439
438 440
438 444
438 534
438 598
439 440
439 441
439 443
439 444
439 445
439 446
439 461
439 534
439 598
440 443
440 446
440 461
440 506
440 515
440 534
441 445
441 534
442 451
442 455
442 499
442 500
442 504
443 445
443 446
443 448
443 454
443 461
443 462
443 506
443 515
443 534
443 545
444 447
445 446
445 461
445 506
445 531
445 534
446 448
446 454
446 461
446 462
446 466
446 506
446 515
446 531
446 534
446 543
446 552
446 555
446 598
446 599
448 449
448 450
448 454
448 456
448 461
448 462
448 466
448 506
448 515
448 518
448 543
448 552
448 578
448 590
448 599
448 600
449 450
449 453
449 463
449 464
449 468
449 543
449 544
449 565
449 600
450 453
450 455
450 456
450 458
450 464
450 466
450 468
450 510
450 515
450 543
450 544
450 545
450 552
450 565
450 577
450 578
450 592
450 594
450 599
450 600
451 453
451 467
451 474
451 490
451 494
451 496
451 499
451 500
451 503
451 504
451 510
451 513
451 514
451 524
451 530
451 533
451 545
452 518
452 543
452 550
453 454
453 461
453 494
453 496
453 510
453 513
453 515
453 527
453 544
453 545
453 550
453 552
453 600
454 462
454 496
454 515
454 518
454 543
454 545
454 550
455 456
455 458
455 577
455 599
455 600
456 457
456 458
456 465
456 466
456 510
456 523
456 544
456 576
456 577
456 578
456 592
456 594
456 596
456 599
456 600
457 577
457 578
458 465
458 466
458 468
458 510
458 517
458 522
458 544
458 576
458 577
458 578
458 592
458 594
458 599
458 600
459 489
459 490
459 493
459 502
459 504
459 509
460 485
460 493
460 498
460 501
460 505
460 509
460 516
460 519
460 521
460 522
460 524
460 525
460 540
460 542
460 557
460 573
461 462
461 491
461 506
461 515
461 534
461 545
461 552
461 578
461 589
461 596
461 598
461 599
462 466
462 506
462 515
462 543
462 545
462 552
462 590
463 464
464 468
465 466
465 468
465 505
465 510
465 517
465 519
465 522
465 544
465 574
465 575
465 576
465 577
465 578
465 594
465 599
465 600
466 510
466 544
466 552
466 576
466 577
466 578
466 590
466 592
466 594
466 596
466 597
466 599
466 600
467 474
467 490
467 494
467 499
467 503
467 507
467 511
467 512
467 513
467 514
467 516
467 521
467 524
467 527
467 541
467 542
467 571
468 505
468 510
468 512
468 517
468 519
468 523
468 527
468 536
468 541
468 542
468 544
468 565
468 571
468 574
468 576
468 577
468 594
469 486
469 492
470 514
471 475
471 478
471 556
471 560
472 546
472 588
473 535
474 490
474 493
474 497
474 499
474 503
474 504
474 512
474 513
474 514
474 516
474 521
474 523
474 524
474 571
475 476
475 479
475 546
475 547
475 556
475 560
475 568
475 569
475 579
475 588
476 479
476 528
476 535
476 539
476 540
476 547
476 548
476 556
476 567
476 569
476 572
476 573
476 579
477 522
477 576
477 577
478 479
478 535
478 546
478 547
478 556
478 560
478 561
478 568
478 569
478 583
479 528
479 535
479 539
479 547
479 548
479 556
479 559
479 569
479 570
479 572
480 490
480 503
480 514
480 591
481 492
482 483
484 486
484 491
485 493
485 498
485 499
485 509
485 511
485 513
485 521
485 524
485 525
485 542
486 491
489 490
489 495
489 497
489 500
489 502
489 503
489 504
489 520
489 532
489 533
489 580
489 581
489 586
490 493
490 497
490 499
490 500
490 502
490 503
490 504
490 513
490 514
490 521
490 524
490 525
490 533
491 492
491 494
491 500
492 494
492 500
492 514
493 497
493 498
493 499
493 501
493 502
493 504
493 509
493 511
493 512
493 513
493 514
493 516
493 521
493 524
493 525
493 540
493 542
493 553
493 557
493 573
494 496
494 500
494 503
494 513
494 514
494 527
495 500
496 500
496 503
496 515
496 529
496 530
496 533
496 545
497 502
497 503
497 504
497 514
497 520
497 521
497 525
497 533
497 580
497 581
498 501
498 509
498 511
498 519
498 521
498 540
498 542
498 557
498 567
498 572
498 573
498 574
498 581
499 501
499 503
499 504
499 505
499 510
499 512
499 513
499 514
499 516
499 519
499 523
499 524
499 525
499 527
499 542
499 571
500 502
500 504
500 514
500 533
501 505
501 509
501 512
501 516
501 517
501 519
501 522
501 524
501 525
501 542
501 567
501 573
502 504
503 504
503 512
503 513
503 514
503 521
503 524
503 533
504 514
505 509
505 510
505 512
505 513
505 516
505 517
505 519
505 522
505 523
505 524
505 527
505 536
505 541
505 542
505 565
505 571
505 576
505 577
506 515
506 531
506 534
506 552
506 555
507 509
507 525
508 564
508 576
508 600
509 512
509 513
509 514
509 516
509 519
509 521
509 524
509 525
509 540
509 542
509 557
509 567
509 573
510 512
510 513
510 517
510 519
510 523
510 536
510 541
510 544
510 565
510 571
510 576
510 577
510 578
510 594
510 599
510 600
511 513
511 519
511 521
511 524
511 540
511 573
511 581
512 513
512 514
512 516
512 517
512 519
512 521
512 523
512 524
512 525
512 527
512 541
512 542
512 565
512 571
512 574
513 514
513 516
513 519
513 521
513 524
513 525
513 527
513 541
513 542
513 571
514 516
514 521
514 524
514 525
514 527
515 543
515 545
515 552
515 598
515 599
516 519
516 524
516 525
516 542
517 519
517 522
517 523
517 527
517 541
517 542
517 544
517 565
517 571
517 574
517 576
517 577
517 594
518 543
518 545
519 522
519 524
519 527
519 541
519 542
519 565
519 571
519 573
519 574
519 576
519 577
519 594
520 521
520 533
520 553
520 580
520 581
521 524
521 525
521 540
521 542
521 557
521 571
521 573
522 573
522 576
522 577
523 571
523 576
523 577
523 599
524 525
524 542
524 571
525 567
527 541
527 542
527 565
527 571
528 535
528 539
528 547
528 548
528 569
528 570
528 594
529 530
529 532
529 533
529 549
529 554
529 555
529 584
530 533
530 550
530 584
531 534
531 552
531 554
531 555
531 596
531 599
532 533
532 545
532 554
532 555
532 580
533 555
533 580
534 555
534 598
535 547
535 556
535 573
536 542
536 571
537 542
538 568
538 570
538 575
538 597
539 540
539 547
539 548
539 564
539 569
539 570
539 595
539 597
540 542
540 548
540 549
540 553
540 567
540 572
540 573
541 542
541 565
541 571
541 574
542 571
542 573
543 544
543 545
543 550
543 600
544 552
544 565
544 575
544 576
544 577
544 578
544 592
544 594
544 599
544 600
545 550
545 552
545 555
545 589
546 547
546 556
546 560
546 569
546 579
546 583
546 588
547 549
547 560
547 568
547 569
547 570
548 551
549 553
549 584
550 552
550 555
550 600
552 598
552 599
552 600
553 581
554 555
554 584
554 597
555 584
556 557
556 560
556 561
556 572
556 573
556 579
556 581
556 583
557 561
557 567
557 572
557 573
558 560
558 561
558 575
560 561
560 569
560 583
562 600
564 570
565 571
565 574
565 594
567 572
567 573
568 579
568 583
568 588
568 597
569 570
569 575
569 597
570 575
571 574
572 573
572 579
572 581
573 574
574 576
574 594
574 595
575 576
575 592
575 594
576 577
576 578
576 594
576 600
577 578
577 592
577 594
577 599
577 600
578 592
578 594
578 596
578 599
578 600
579 580
579 581
579 582
579 583
580 581
580 583
580 586
581 582
581 583
582 583
582 584
582 588
583 584
583 586
583 588
584 597
586 587
589 590
589 592
589 598
590 592
590 596
590 598
591 593
592 596
592 598
592 600
594 595
594 597
594 600
595 597
595 600
596 597
596 598
596 599
596 600
597 600
598 599
598 600
599 600
