600 8985

1 25
1 33
1 291
2 3
2 4
2 5
2 6
2 8
2 11
2 12
2 16
2 17
2 18
2 19
2 20
2 21
2 22
2 23
2 24
2 25
2 27
2 29
2 30
2 32
2 35
2 37
2 93
2 94
2 98
2 108
2 301
2 302
2 303
2 304
2 305
2 308
2 311
2 312
2 317
2 319
2 320
2 321
2 322
2 323
2 324
2 326
2 328
2 329
2 331
2 333
2 334
2 335
2 336
2 388
2 389
2 393
2 580
3 4
3 5
3 6
3 8
3 11
3 12
3 16
3 18
3 19
3 20
3 21
3 23
3 24
3 27
3 29
3 30
3 32
3 35
3 37
3 93
3 94
3 97
3 98
3 122
3 301
3 302
3 303
3 304
3 305
3 308
3 311
3 317
3 319
3 320
3 321
3 324
3 326
3 328
3 329
3 331
3 333
3 334
3 335
3 336
3 386
3 388
4 5
4 6
4 8
4 11
4 12
4 16
4 18
4 19
4 20
4 21
4 22
4 23
4 24
4 25
4 26
4 27
4 28
4 29
4 30
4 31
4 32
4 33
4 35
4 36
4 37
4 93
4 94
4 98
4 108
4 301
4 302
4 303
4 304
4 305
4 308
4 317
4 319
4 320
4 321
4 322
4 323
4 324
4 325
4 327
4 328
4 329
4 331
4 332
4 333
4 334
4 335
4 336
4 386
4 388
4 389
4 393
5 6
5 7
5 8
5 11
5 12
5 14
5 16
5 17
5 18
5 19
5 20
5 21
5 23
5 24
5 25
5 27
5 29
5 30
5 32
5 35
5 37
5 93
5 94
5 98
5 301
5 302
5 303
5 304
5 305
5 308
5 311
5 312
5 317
5 319
5 320
5 321
5 322
5 324
5 326
5 328
5 329
5 331
5 333
5 334
5 335
5 336
5 388
5 389
5 393
5 425
5 580
6 8
6 11
6 12
6 16
6 18
6 19
6 20
6 24
6 25
6 27
6 29
6 30
6 32
6 35
6 37
6 93
6 94
6 97
6 98
6 301
6 302
6 303
6 304
6 305
6 307
6 308
6 311
6 315
6 317
6 319
6 320
6 321
6 324
6 328
6 329
6 331
6 333
6 334
6 335
6 336
6 386
6 388
7 8
7 10
7 12
7 14
7 15
7 16
7 20
7 21
7 29
7 93
7 303
7 304
7 306
7 307
7 308
7 309
7 310
7 311
7 312
7 315
7 336
7 389
7 394
8 11
8 12
8 16
8 17
8 18
8 19
8 20
8 21
8 23
8 24
8 27
8 29
8 30
8 32
8 35
8 37
8 38
8 93
8 94
8 98
8 155
8 301
8 302
8 303
8 304
8 305
8 306
8 307
8 308
8 311
8 312
8 315
8 317
8 319
8 320
8 321
8 324
8 326
8 329
8 331
8 333
8 334
8 335
8 336
8 385
8 388
8 389
8 393
8 425
8 431
8 437
8 580
9 10
9 13
9 15
9 177
9 217
9 310
9 314
9 315
9 316
10 13
10 14
10 15
10 306
10 309
10 310
10 312
10 313
10 314
11 12
11 16
11 18
11 19
11 20
11 22
11 23
11 30
11 35
11 36
11 37
11 75
11 93
11 94
11 97
11 98
11 301
11 302
11 303
11 304
11 305
11 317
11 319
11 320
11 321
11 322
11 324
11 329
11 334
11 335
11 386
11 388
11 416
12 15
12 16
12 17
12 18
12 19
12 20
12 21
12 24
12 25
12 27
12 29
12 30
12 32
12 35
12 37
12 93
12 94
12 98
12 122
12 301
12 302
12 303
12 304
12 305
12 307
12 308
12 311
12 312
12 315
12 317
12 319
12 320
12 321
12 324
12 326
12 328
12 329
12 331
12 333
12 334
12 335
12 336
12 388
12 389
12 425
13 15
13 154
13 181
13 306
13 309
13 313
13 314
13 316
14 15
14 16
14 17
14 18
14 19
14 24
14 29
14 32
14 304
14 306
14 308
14 309
14 312
14 318
14 319
14 321
14 324
14 326
14 331
14 339
14 425
14 441
15 16
15 17
15 306
15 307
15 308
15 309
15 310
15 311
15 312
15 313
15 314
15 315
15 316
16 17
16 18
16 19
16 20
16 21
16 24
16 25
16 27
16 29
16 30
16 32
16 35
16 37
16 38
16 93
16 94
16 98
16 301
16 302
16 303
16 304
16 305
16 307
16 308
16 311
16 312
16 315
16 317
16 318
16 319
16 320
16 321
16 322
16 324
16 326
16 328
16 329
16 331
16 333
16 334
16 335
16 336
16 388
16 389
16 393
16 425
16 580
17 18
17 19
17 24
17 27
17 29
17 32
17 98
17 307
17 308
17 311
17 312
17 315
17 317
17 318
17 319
17 320
17 324
17 326
17 331
17 334
17 388
18 19
18 20
18 21
18 24
18 27
18 29
18 32
18 35
18 37
18 93
18 94
18 98
18 290
18 301
18 302
18 303
18 304
18 305
18 307
18 308
18 311
18 312
18 317
18 319
18 320
18 321
18 324
18 326
18 331
18 334
18 336
18 388
18 389
18 393
18 425
18 580
19 20
19 21
19 23
19 24
19 25
19 27
19 29
19 30
19 32
19 35
19 37
19 38
19 93
19 94
19 98
19 122
19 164
19 301
19 302
19 303
19 304
19 305
19 307
19 308
19 311
19 312
19 315
19 317
19 318
19 319
19 320
19 321
19 322
19 324
19 325
19 326
19 328
19 329
19 331
19 333
19 334
19 335
19 336
19 388
19 389
19 393
19 425
19 580
20 21
20 22
20 23
20 24
20 25
20 27
20 29
20 30
20 32
20 35
20 37
20 38
20 93
20 94
20 98
20 105
20 107
20 108
20 122
20 184
20 202
20 204
20 292
20 301
20 302
20 303
20 304
20 305
20 307
20 308
20 311
20 312
20 317
20 319
20 320
20 321
20 322
20 324
20 326
20 328
20 329
20 331
20 333
20 334
20 335
20 336
20 388
20 389
20 393
20 394
20 425
20 487
20 529
20 580
21 22
21 23
21 24
21 25
21 26
21 27
21 28
21 29
21 30
21 32
21 35
21 36
21 37
21 38
21 93
21 94
21 97
21 98
21 101
21 105
21 107
21 108
21 110
21 120
21 122
21 123
21 184
21 204
21 292
21 301
21 302
21 303
21 304
21 305
21 317
21 319
21 320
21 321
21 322
21 323
21 324
21 328
21 329
21 331
21 332
21 333
21 334
21 335
21 336
21 386
21 388
21 389
21 393
21 394
21 398
21 400
21 487
21 529
21 580
22 23
22 25
22 28
22 30
22 31
22 33
22 34
22 35
22 36
22 41
22 45
22 48
22 54
22 56
22 93
22 94
22 97
22 301
22 302
22 303
22 304
22 305
22 317
22 320
22 321
22 322
22 323
22 324
22 325
22 327
22 328
22 329
22 332
22 333
22 334
22 335
22 336
22 348
22 386
22 388
22 393
22 416
23 25
23 26
23 27
23 28
23 29
23 30
23 31
23 32
23 33
23 34
23 35
23 36
23 37
23 38
23 93
23 94
23 108
23 301
23 302
23 303
23 304
23 305
23 317
23 319
23 320
23 321
23 322
23 323
23 324
23 325
23 327
23 328
23 329
23 332
23 333
23 334
23 335
23 336
23 348
23 386
23 388
23 393
23 398
24 27
24 29
24 30
24 32
24 35
24 37
24 38
24 94
24 98
24 302
24 304
24 305
24 308
24 311
24 312
24 317
24 319
24 320
24 321
24 324
24 326
24 329
24 331
24 333
24 334
24 336
24 388
24 389
24 425
25 26
25 28
25 29
25 30
25 31
25 32
25 33
25 35
25 36
25 37
25 93
25 94
25 284
25 291
25 301
25 302
25 303
25 304
25 305
25 317
25 319
25 320
25 321
25 322
25 323
25 324
25 325
25 327
25 328
25 329
25 332
25 333
25 334
25 335
25 336
25 388
25 389
26 27
26 28
26 29
26 30
26 32
26 34
26 35
26 36
26 38
26 107
26 108
26 204
26 292
26 302
26 320
26 321
26 325
26 328
26 329
26 332
26 333
26 334
26 335
26 336
26 393
26 394
26 398
27 29
27 30
27 32
27 35
27 36
27 37
27 38
27 93
27 94
27 98
27 122
27 164
27 301
27 302
27 303
27 304
27 305
27 308
27 311
27 312
27 317
27 319
27 320
27 321
27 322
27 324
27 326
27 328
27 329
27 331
27 333
27 334
27 335
27 336
27 388
27 389
27 393
28 30
28 31
28 33
28 34
28 35
28 36
28 94
28 97
28 284
28 301
28 302
28 320
28 322
28 323
28 325
28 327
28 328
28 329
28 332
28 333
28 335
28 336
28 348
28 386
29 30
29 32
29 35
29 37
29 38
29 98
29 122
29 202
29 302
29 304
29 305
29 306
29 308
29 309
29 311
29 312
29 317
29 319
29 320
29 321
29 324
29 326
29 328
29 329
29 331
29 333
29 334
29 336
29 339
29 388
29 389
29 393
29 394
29 425
29 441
30 31
30 32
30 33
30 34
30 35
30 36
30 37
30 38
30 93
30 94
30 98
30 150
30 301
30 302
30 303
30 304
30 305
30 311
30 317
30 319
30 320
30 321
30 322
30 323
30 324
30 325
30 328
30 329
30 331
30 332
30 333
30 334
30 335
30 336
30 386
30 388
30 393
30 446
31 33
31 34
31 36
31 97
31 284
31 301
31 323
31 325
31 327
31 328
31 332
31 335
31 386
32 35
32 37
32 38
32 93
32 94
32 98
32 108
32 122
32 302
32 304
32 305
32 306
32 308
32 311
32 312
32 315
32 317
32 319
32 320
32 321
32 322
32 323
32 324
32 325
32 326
32 328
32 329
32 331
32 333
32 334
32 335
32 336
32 388
32 389
32 393
33 34
33 36
33 97
33 284
33 323
33 325
33 327
33 328
33 332
33 335
33 386
34 36
34 118
34 284
34 323
34 325
34 327
34 332
34 335
34 348
34 386
35 36
35 37
35 38
35 93
35 94
35 97
35 98
35 108
35 122
35 301
35 302
35 303
35 304
35 305
35 308
35 311
35 312
35 315
35 317
35 319
35 320
35 321
35 322
35 323
35 324
35 325
35 326
35 328
35 329
35 331
35 332
35 333
35 334
35 335
35 336
35 386
35 388
35 389
35 393
36 37
36 38
36 94
36 97
36 108
36 284
36 301
36 302
36 303
36 305
36 320
36 321
36 322
36 323
36 325
36 327
36 328
36 329
36 332
36 333
36 334
36 335
36 336
36 348
36 386
36 393
37 38
37 93
37 94
37 97
37 98
37 145
37 150
37 155
37 164
37 302
37 303
37 304
37 305
37 308
37 311
37 312
37 315
37 317
37 319
37 320
37 321
37 322
37 323
37 324
37 325
37 326
37 328
37 329
37 331
37 333
37 334
37 335
37 336
37 386
37 388
37 389
37 393
37 437
37 580
38 94
38 98
38 101
38 105
38 107
38 118
38 119
38 120
38 122
38 123
38 125
38 145
38 147
38 220
38 221
38 224
38 311
38 312
38 321
38 326
38 328
38 331
38 333
38 335
38 336
38 389
38 392
38 393
38 394
38 397
38 398
38 399
38 400
38 401
38 449
38 487
38 529
38 530
38 534
38 579
39 42
39 44
39 45
39 46
39 48
39 53
39 56
39 60
39 88
39 113
39 115
39 116
39 117
39 118
39 137
39 337
39 338
39 340
39 342
39 346
39 348
39 349
39 405
39 406
39 407
39 409
39 410
39 444
40 41
40 44
40 45
40 54
40 68
40 69
40 70
40 135
40 149
40 338
40 364
40 365
40 372
40 373
40 429
40 440
40 444
41 43
41 45
41 46
41 48
41 50
41 54
41 56
41 68
41 69
41 71
41 89
41 90
41 91
41 134
41 136
41 140
41 141
41 150
41 152
41 205
41 301
41 328
41 329
41 338
41 339
41 342
41 348
41 364
41 373
41 394
41 416
41 419
41 425
41 430
41 434
41 436
41 437
41 440
41 441
41 444
41 445
41 446
41 448
41 504
42 45
42 46
42 47
42 115
42 116
42 337
42 340
42 342
42 343
42 344
42 346
42 347
42 406
42 407
43 49
43 50
43 53
43 56
43 71
43 82
43 89
43 90
43 91
43 122
43 134
43 140
43 141
43 142
43 149
43 150
43 151
43 152
43 204
43 294
43 329
43 338
43 339
43 348
43 353
43 354
43 355
43 394
43 419
43 425
43 438
43 441
43 444
43 445
43 446
43 447
43 448
43 504
44 48
44 49
44 50
44 53
44 56
44 58
44 60
44 68
44 69
44 70
44 72
44 74
44 82
44 121
44 144
44 147
44 149
44 340
44 341
44 342
44 345
44 348
44 349
44 350
44 355
44 356
44 358
44 368
44 371
44 372
44 375
44 410
44 439
44 440
44 444
44 445
44 447
44 469
45 46
45 47
45 48
45 54
45 88
45 116
45 337
45 338
45 340
45 342
45 344
45 346
45 405
45 407
45 409
45 410
45 416
45 425
45 440
45 444
46 47
46 48
46 54
46 116
46 337
46 338
46 340
46 342
46 343
46 344
46 346
46 349
46 405
46 410
47 54
47 115
47 116
47 117
47 118
47 137
47 344
47 346
47 350
47 358
47 406
47 407
47 410
47 416
47 417
47 419
47 492
48 50
48 54
48 56
48 89
48 97
48 337
48 338
48 340
48 342
48 343
48 344
48 345
48 346
48 347
48 349
48 444
49 53
49 55
49 56
49 57
49 58
49 60
49 118
49 121
49 140
49 147
49 149
49 150
49 152
49 339
49 341
49 348
49 350
49 353
49 364
49 413
49 416
49 417
49 418
49 421
49 425
49 430
49 431
49 434
49 437
49 440
49 444
49 448
49 534
50 53
50 55
50 56
50 60
50 118
50 121
50 144
50 145
50 146
50 147
50 149
50 150
50 341
50 345
50 348
50 353
50 354
50 355
50 372
50 416
50 421
50 425
50 439
50 440
50 441
50 444
50 445
50 446
50 447
50 448
50 534
51 62
51 352
51 354
51 356
51 358
51 360
51 362
51 363
52 57
52 63
52 65
52 124
52 345
52 347
53 55
53 56
53 58
53 60
53 64
53 82
53 96
53 118
53 120
53 121
53 147
53 149
53 341
53 345
53 348
53 350
53 353
53 356
53 357
53 386
53 398
53 401
53 409
53 410
53 412
53 413
53 414
53 416
53 444
53 445
53 447
54 56
54 58
54 107
54 332
54 338
54 342
54 344
54 346
54 353
54 354
54 358
54 410
55 56
55 57
55 60
55 64
55 65
55 118
55 120
55 121
55 124
55 146
55 147
55 149
55 152
55 341
55 348
55 350
55 357
55 398
55 401
55 410
55 412
55 413
55 414
55 416
55 418
55 431
55 445
55 447
55 534
56 58
56 60
56 64
56 69
56 82
56 118
56 121
56 147
56 149
56 152
56 338
56 341
56 345
56 348
56 350
56 353
56 354
56 355
56 356
56 357
56 358
56 373
56 375
56 398
56 409
56 410
56 412
56 413
56 416
56 418
56 440
56 444
56 445
56 447
56 448
57 60
57 63
57 64
57 65
57 124
57 345
57 350
57 357
57 418
58 60
58 61
58 65
58 341
58 345
58 348
58 350
58 353
58 354
58 355
58 356
58 357
58 358
58 359
58 447
59 63
59 64
59 351
59 352
59 356
60 64
60 65
60 82
60 118
60 121
60 124
60 144
60 147
60 149
60 152
60 341
60 345
60 348
60 350
60 353
60 356
60 357
60 358
60 372
60 375
60 410
60 412
60 413
60 444
60 445
60 447
61 345
61 353
61 354
61 355
61 359
62 66
62 67
62 352
62 360
62 363
63 64
63 65
63 345
63 356
63 357
63 358
64 65
64 118
64 120
64 121
64 124
64 147
64 341
64 348
64 350
64 357
64 398
64 401
64 412
64 413
64 414
64 418
64 447
64 534
65 124
65 350
65 357
65 418
66 67
66 203
66 352
66 360
66 363
67 352
67 360
67 363
68 69
68 70
68 71
68 72
68 76
68 77
68 79
68 82
68 83
68 85
68 112
68 126
68 127
68 129
68 132
68 133
68 134
68 135
68 136
68 137
68 140
68 142
68 143
68 144
68 146
68 149
68 152
68 162
68 205
68 338
68 339
68 341
68 364
68 365
68 368
68 370
68 372
68 373
68 375
68 376
68 402
68 403
68 415
68 417
68 419
68 420
68 421
68 422
68 423
68 424
68 425
68 426
68 428
68 429
68 430
68 434
68 435
68 438
68 439
68 440
68 441
68 444
68 445
68 446
68 448
68 451
68 452
68 454
68 456
68 459
68 460
68 461
68 469
68 473
68 490
68 501
68 503
68 504
68 506
68 534
68 591
68 593
68 594
68 596
68 597
68 598
68 599
69 70
69 71
69 72
69 74
69 76
69 77
69 79
69 82
69 83
69 127
69 129
69 132
69 134
69 135
69 137
69 140
69 142
69 144
69 152
69 205
69 294
69 338
69 339
69 341
69 342
69 364
69 365
69 366
69 368
69 370
69 372
69 373
69 375
69 376
69 402
69 419
69 420
69 421
69 424
69 426
69 429
69 434
69 435
69 438
69 439
69 440
69 444
69 445
69 473
69 503
69 504
69 591
69 593
69 594
69 596
69 597
69 598
69 599
70 71
70 72
70 74
70 76
70 77
70 82
70 127
70 129
70 132
70 135
70 144
70 186
70 205
70 294
70 341
70 364
70 365
70 366
70 368
70 370
70 372
70 402
70 420
70 421
70 426
70 427
70 429
70 438
70 439
70 444
70 473
70 565
70 591
70 592
70 593
70 594
70 596
70 597
70 598
70 599
71 72
71 76
71 77
71 82
71 127
71 129
71 142
71 144
71 205
71 294
71 298
71 300
71 338
71 339
71 341
71 364
71 365
71 368
71 370
71 372
71 420
71 421
71 427
71 438
71 439
71 444
71 446
71 591
71 592
71 593
71 594
71 596
71 597
71 598
71 599
72 74
72 76
72 77
72 78
72 82
72 127
72 142
72 144
72 294
72 298
72 300
72 341
72 365
72 366
72 368
72 370
72 372
72 420
72 421
72 427
72 438
72 444
72 506
72 565
72 591
72 592
72 593
72 594
72 596
72 597
72 598
72 599
73 75
73 81
73 84
73 86
73 87
73 367
73 374
73 377
73 378
73 380
74 76
74 77
74 78
74 127
74 341
74 345
74 365
74 366
74 368
74 369
74 370
74 372
74 593
74 598
75 79
75 97
75 367
75 436
76 77
76 82
76 83
76 127
76 129
76 142
76 144
76 205
76 294
76 298
76 300
76 341
76 364
76 365
76 368
76 370
76 372
76 402
76 420
76 421
76 426
76 427
76 438
76 439
76 444
76 500
76 502
76 506
76 565
76 591
76 592
76 593
76 594
76 596
76 597
76 598
76 599
77 78
77 82
77 127
77 142
77 144
77 294
77 298
77 300
77 365
77 366
77 368
77 370
77 372
77 420
77 427
77 438
77 506
77 565
77 591
77 592
77 593
77 594
77 596
77 597
77 598
77 599
78 368
78 372
79 82
79 83
79 85
79 129
79 134
79 135
79 137
79 140
79 152
79 339
79 364
79 365
79 370
79 372
79 373
79 375
79 376
79 402
79 405
79 421
79 422
79 429
79 435
79 436
79 445
79 504
80 81
80 84
80 87
80 141
80 374
80 380
80 382
81 84
81 85
81 86
81 87
81 374
81 377
81 380
81 463
82 127
82 129
82 135
82 144
82 205
82 341
82 348
82 350
82 364
82 365
82 368
82 370
82 372
82 373
82 375
82 421
82 438
82 444
82 591
82 593
82 598
83 112
83 126
83 129
83 130
83 131
83 134
83 136
83 140
83 142
83 154
83 159
83 190
83 201
83 339
83 364
83 370
83 376
83 402
83 403
83 415
83 420
83 421
83 422
83 423
83 424
83 428
83 434
83 435
83 438
83 450
83 451
83 456
83 459
83 460
83 461
83 494
83 500
83 501
83 503
83 504
83 594
83 596
83 597
83 599
84 85
84 86
84 87
84 374
84 377
84 380
85 86
85 87
85 126
85 364
85 374
85 376
85 377
85 378
85 380
85 456
85 505
86 87
86 374
86 377
86 380
87 374
87 377
87 380
88 92
88 95
88 113
88 115
88 116
88 117
88 130
88 137
88 205
88 405
88 406
88 407
88 409
88 419
89 90
89 91
89 301
89 338
89 381
90 91
90 122
90 141
90 151
90 160
90 164
90 199
90 200
90 301
91 338
91 381
91 446
91 448
92 95
92 96
92 101
92 103
92 104
92 105
92 106
92 107
92 108
92 109
92 113
92 114
92 117
92 130
92 187
92 188
92 191
92 192
92 193
92 194
92 198
92 201
92 204
92 383
92 384
92 385
92 390
92 391
92 394
92 395
92 408
92 487
92 499
92 503
92 546
92 582
93 94
93 98
93 107
93 108
93 110
93 122
93 184
93 204
93 301
93 302
93 303
93 304
93 305
93 308
93 311
93 317
93 320
93 321
93 323
93 324
93 328
93 329
93 331
93 333
93 334
93 335
93 336
93 385
93 386
93 388
93 389
93 393
93 394
93 487
94 97
94 98
94 107
94 108
94 122
94 301
94 302
94 303
94 304
94 305
94 311
94 317
94 319
94 320
94 321
94 322
94 323
94 324
94 328
94 329
94 332
94 333
94 334
94 335
94 336
94 385
94 386
94 388
94 389
94 393
94 394
94 416
95 96
95 101
95 103
95 104
95 105
95 106
95 107
95 109
95 111
95 112
95 113
95 114
95 117
95 120
95 123
95 130
95 184
95 187
95 188
95 191
95 192
95 193
95 194
95 198
95 204
95 348
95 383
95 384
95 385
95 390
95 394
95 395
95 396
95 398
95 406
95 408
95 409
95 410
95 417
95 419
95 487
95 530
95 546
96 99
96 113
96 120
96 147
96 348
96 401
96 413
97 303
97 323
97 327
97 332
97 335
97 386
98 145
98 301
98 302
98 303
98 304
98 305
98 308
98 311
98 312
98 317
98 319
98 320
98 321
98 322
98 324
98 326
98 329
98 331
98 333
98 334
98 336
98 388
98 389
98 393
98 425
98 580
99 105
99 123
99 147
99 225
99 235
99 299
99 595
100 101
100 103
100 105
100 106
100 109
100 119
100 123
100 193
100 195
100 220
100 221
100 223
100 287
100 390
100 392
100 397
100 399
100 415
100 530
100 533
100 579
100 586
101 102
101 103
101 104
101 105
101 106
101 107
101 109
101 111
101 114
101 119
101 120
101 123
101 125
101 131
101 147
101 188
101 191
101 192
101 193
101 194
101 195
101 201
101 204
101 221
101 223
101 383
101 384
101 390
101 391
101 392
101 395
101 396
101 397
101 399
101 408
101 417
101 487
101 497
101 529
101 530
101 533
101 535
101 579
101 586
102 103
102 104
102 105
102 106
102 109
102 111
102 188
102 191
102 192
102 193
102 194
102 223
102 391
103 104
103 105
103 106
103 107
103 109
103 111
103 112
103 114
103 130
103 131
103 187
103 188
103 191
103 192
103 193
103 194
103 195
103 198
103 201
103 204
103 221
103 223
103 383
103 384
103 390
103 391
103 395
103 396
103 397
103 408
103 487
103 496
103 530
103 533
103 535
104 105
104 106
104 107
104 109
104 111
104 112
104 114
104 131
104 187
104 188
104 191
104 192
104 193
104 194
104 195
104 198
104 201
104 204
104 221
104 223
104 226
104 227
104 235
104 383
104 384
104 390
104 391
104 395
104 396
104 397
104 408
104 496
104 530
104 533
104 535
105 106
105 107
105 108
105 109
105 119
105 120
105 123
105 147
105 184
105 191
105 193
105 194
105 195
105 204
105 221
105 223
105 292
105 383
105 384
105 389
105 390
105 391
105 392
105 393
105 394
105 395
105 397
105 399
105 400
105 401
105 408
105 417
105 487
105 529
105 530
105 579
105 586
106 107
106 109
106 111
106 112
106 114
106 119
106 120
106 131
106 187
106 188
106 191
106 192
106 193
106 194
106 195
106 201
106 221
106 223
106 383
106 384
106 390
106 391
106 392
106 395
106 396
106 397
106 399
106 408
106 487
106 496
106 530
106 533
106 535
106 579
106 586
107 108
107 109
107 117
107 119
107 120
107 122
107 123
107 184
107 194
107 195
107 202
107 204
107 292
107 321
107 328
107 335
107 336
107 383
107 384
107 389
107 390
107 393
107 394
107 395
107 408
107 419
107 487
107 529
108 110
108 184
108 187
108 202
108 204
108 284
108 301
108 302
108 321
108 328
108 329
108 332
108 333
108 335
108 336
108 383
108 384
108 393
108 394
108 487
109 111
109 112
109 113
109 114
109 117
109 120
109 130
109 187
109 188
109 191
109 192
109 193
109 194
109 195
109 198
109 204
109 221
109 223
109 383
109 384
109 390
109 391
109 395
109 396
109 408
109 487
110 333
111 113
111 114
111 117
111 120
111 188
111 191
111 193
111 194
111 221
111 223
111 396
111 487
111 536
112 113
112 114
112 129
112 130
112 131
112 154
112 188
112 190
112 191
112 193
112 194
112 198
112 201
112 227
112 364
112 376
112 383
112 384
112 396
112 402
112 403
112 404
112 406
112 408
112 411
112 417
112 419
112 422
112 423
112 424
112 435
112 438
112 451
112 459
112 461
112 490
112 491
112 492
112 494
112 496
112 499
112 501
112 503
112 504
112 530
112 533
112 536
113 114
113 115
113 116
113 117
113 130
113 191
113 194
113 350
113 396
113 405
113 406
113 407
113 408
113 409
113 410
113 419
113 492
114 115
114 117
114 129
114 130
114 131
114 154
114 188
114 190
114 191
114 192
114 193
114 194
114 198
114 201
114 204
114 227
114 383
114 384
114 390
114 395
114 396
114 403
114 404
114 406
114 407
114 408
114 411
114 417
114 419
114 422
114 423
114 435
114 438
114 451
114 461
114 490
114 491
114 492
114 496
114 501
114 503
114 504
114 530
115 116
115 117
115 118
115 124
115 130
115 340
115 350
115 375
115 405
115 406
115 407
115 409
115 410
115 492
116 117
116 118
116 124
116 340
116 344
116 375
116 405
116 406
116 407
116 409
116 410
116 492
117 118
117 120
117 123
117 124
117 194
117 289
117 344
117 350
117 375
117 396
117 406
117 407
117 408
117 409
117 410
117 416
117 417
117 492
118 120
118 121
118 123
118 124
118 147
118 348
118 350
118 398
118 409
118 410
118 412
118 413
118 416
118 417
118 418
118 445
118 447
118 534
119 120
119 121
119 123
119 125
119 145
119 147
119 152
119 195
119 220
119 221
119 223
119 224
119 225
119 392
119 394
119 395
119 397
119 398
119 399
119 400
119 401
119 417
119 443
119 497
119 530
119 533
119 534
119 535
119 579
119 589
120 121
120 123
120 125
120 147
120 149
120 194
120 221
120 224
120 292
120 336
120 348
120 350
120 389
120 394
120 395
120 396
120 397
120 398
120 399
120 400
120 401
120 404
120 408
120 411
120 413
120 414
120 416
120 417
120 418
120 487
120 530
120 534
120 579
121 145
121 146
121 147
121 149
121 152
121 341
121 348
121 350
121 398
121 399
121 401
121 412
121 413
121 414
121 416
121 417
121 418
121 444
121 445
121 534
121 579
122 123
122 151
122 164
122 199
122 200
122 202
122 204
122 272
122 301
122 311
122 333
122 336
122 388
123 125
123 140
123 145
123 147
123 152
123 184
123 195
123 204
123 224
123 394
123 397
123 399
123 416
123 417
123 419
123 445
123 497
123 504
123 529
123 530
123 534
123 579
124 350
124 357
124 375
124 406
124 407
124 409
124 410
124 416
124 418
124 440
125 140
125 145
125 147
125 148
125 152
125 155
125 195
125 221
125 224
125 397
125 399
125 415
125 417
125 449
125 451
125 467
125 497
125 530
125 534
126 129
126 134
126 140
126 364
126 376
126 419
126 422
126 423
126 424
126 428
126 434
126 435
126 461
126 492
126 503
126 504
127 129
127 142
127 144
127 152
127 205
127 294
127 298
127 341
127 364
127 365
127 368
127 370
127 372
127 402
127 420
127 421
127 427
127 438
127 439
127 444
127 473
127 504
127 506
127 565
127 591
127 592
127 593
127 594
127 596
127 597
127 598
127 599
128 153
128 199
128 200
128 232
128 260
128 261
128 263
128 264
128 266
128 267
128 269
128 270
128 271
128 272
128 277
128 279
128 281
128 296
128 466
128 574
129 130
129 131
129 132
129 133
129 134
129 135
129 136
129 140
129 142
129 143
129 144
129 146
129 152
129 154
129 162
129 201
129 205
129 339
129 364
129 365
129 370
129 372
129 375
129 376
129 396
129 399
129 402
129 403
129 404
129 408
129 415
129 417
129 419
129 420
129 421
129 422
129 423
129 424
129 425
129 429
129 434
129 435
129 438
129 439
129 443
129 444
129 451
129 452
129 454
129 456
129 459
129 460
129 461
129 473
129 490
129 491
129 492
129 496
129 500
129 501
129 502
129 503
129 504
129 530
129 533
129 534
129 594
129 596
129 597
129 599
130 131
130 137
130 154
130 187
130 188
130 190
130 191
130 192
130 193
130 198
130 201
130 376
130 383
130 384
130 396
130 402
130 403
130 404
130 405
130 406
130 407
130 408
130 419
130 422
130 423
130 435
130 438
130 451
130 459
130 461
130 470
130 491
130 492
130 496
130 499
130 501
130 503
130 504
131 142
131 154
131 188
131 190
131 191
131 193
131 194
131 195
131 198
131 201
131 210
131 221
131 227
131 402
131 415
131 424
131 438
131 451
131 459
131 461
131 494
131 496
131 498
131 499
131 500
131 501
131 502
131 503
131 504
131 533
131 592
131 594
131 596
131 597
131 600
132 133
132 134
132 136
132 143
132 145
132 146
132 149
132 162
132 339
132 364
132 365
132 372
132 421
132 423
132 424
132 426
132 428
132 429
132 430
132 432
132 434
132 437
132 439
132 443
132 452
132 453
132 456
132 458
132 462
132 464
132 469
132 473
132 599
133 134
133 135
133 350
133 364
133 365
133 421
133 423
133 429
133 438
133 473
133 501
134 135
134 136
134 137
134 139
134 140
134 141
134 146
134 148
134 149
134 150
134 152
134 155
134 159
134 162
134 205
134 338
134 339
134 364
134 365
134 376
134 403
134 404
134 415
134 417
134 419
134 420
134 421
134 422
134 423
134 424
134 425
134 428
134 429
134 430
134 431
134 434
134 435
134 436
134 437
134 438
134 439
134 444
134 446
134 448
134 449
134 451
134 452
134 454
134 456
134 458
134 460
134 461
134 473
134 490
134 492
134 501
134 504
135 364
135 365
135 366
135 368
135 372
135 375
135 376
135 421
135 429
135 438
135 473
136 140
136 141
136 148
136 150
136 155
136 158
136 159
136 161
136 162
136 164
136 338
136 339
136 364
136 420
136 422
136 423
136 424
136 425
136 428
136 430
136 431
136 432
136 434
136 435
136 437
136 442
136 446
136 448
136 449
136 452
136 453
136 454
136 456
136 458
136 460
136 464
136 465
136 504
137 139
137 364
137 365
137 375
137 376
137 405
137 406
137 407
137 410
137 435
137 436
138 315
139 373
139 376
139 405
139 436
140 141
140 142
140 145
140 148
140 149
140 150
140 152
140 155
140 338
140 339
140 364
140 373
140 376
140 403
140 415
140 416
140 417
140 419
140 420
140 421
140 422
140 423
140 424
140 425
140 428
140 430
140 431
140 434
140 435
140 436
140 437
140 439
140 440
140 444
140 445
140 446
140 448
140 449
140 452
140 454
140 456
140 458
140 497
140 504
140 534
140 595
140 599
141 150
141 159
141 338
141 339
141 420
141 428
141 430
141 434
141 436
141 437
141 446
141 448
141 456
142 143
142 144
142 201
142 339
142 370
142 402
142 420
142 421
142 424
142 438
142 439
142 441
142 444
142 445
142 459
142 504
142 506
142 534
142 594
142 596
142 597
142 598
142 599
143 144
143 145
143 146
143 162
143 205
143 421
143 423
143 438
143 439
143 441
143 443
143 444
143 445
143 452
143 530
143 534
143 545
143 579
143 595
144 146
144 147
144 205
144 341
144 364
144 365
144 368
144 370
144 372
144 438
144 439
144 444
144 445
144 534
144 593
144 594
144 596
144 598
145 146
145 147
145 148
145 149
145 150
145 152
145 155
145 162
145 339
145 399
145 421
145 425
145 437
145 439
145 441
145 443
145 444
145 445
145 449
145 452
145 453
145 454
145 534
145 579
145 589
146 147
146 148
146 149
146 155
146 162
146 205
146 372
146 417
146 421
146 425
146 437
146 439
146 441
146 443
146 444
146 445
146 449
146 452
146 453
146 454
146 530
146 534
146 545
146 579
147 149
147 152
147 341
147 348
147 372
147 397
147 398
147 399
147 401
147 412
147 413
147 416
147 417
147 418
147 439
147 444
147 445
147 530
147 534
147 579
148 149
148 150
148 152
148 155
148 162
148 163
148 164
148 425
148 428
148 430
148 431
148 434
148 437
148 442
148 446
148 448
148 449
148 452
148 453
148 454
148 456
148 458
148 464
148 465
148 467
148 543
149 150
149 152
149 155
149 339
149 341
149 348
149 350
149 353
149 364
149 372
149 373
149 398
149 413
149 416
149 417
149 418
149 419
149 421
149 425
149 430
149 431
149 434
149 437
149 439
149 440
149 441
149 444
149 445
149 446
149 448
149 449
149 454
149 534
150 152
150 155
150 164
150 302
150 321
150 328
150 329
150 335
150 336
150 338
150 339
150 393
150 416
150 417
150 425
150 428
150 430
150 431
150 434
150 436
150 437
150 440
150 442
150 444
150 446
150 447
150 448
150 449
150 454
150 504
151 153
151 160
151 164
151 199
151 200
151 257
151 260
151 272
151 296
152 338
152 339
152 341
152 350
152 364
152 375
152 413
152 416
152 417
152 418
152 419
152 421
152 422
152 423
152 424
152 425
152 430
152 434
152 439
152 444
152 445
152 446
152 448
152 449
152 504
152 534
153 178
153 199
153 200
153 232
153 255
153 258
153 260
153 261
153 263
153 264
153 267
153 269
153 271
153 272
153 274
153 277
153 279
153 281
153 296
154 167
154 188
154 190
154 191
154 193
154 198
154 210
154 227
154 424
154 451
154 459
154 461
154 494
154 501
154 503
154 514
155 156
155 162
155 171
155 218
155 424
155 425
155 428
155 430
155 431
155 437
155 442
155 448
155 449
155 452
155 453
155 454
155 456
155 458
155 464
155 465
155 467
155 474
155 510
155 515
155 543
156 163
156 196
156 218
156 251
156 468
156 515
156 543
156 545
157 176
157 189
157 197
157 206
157 208
157 209
157 212
157 213
157 217
157 230
157 231
157 233
157 234
157 256
157 259
157 265
157 268
157 273
157 480
157 508
157 511
157 512
157 513
157 516
157 518
157 519
157 525
157 526
157 538
157 541
157 542
157 570
157 573
157 577
158 159
158 219
158 428
158 432
158 455
158 456
158 458
158 462
158 464
158 465
158 510
159 161
159 338
159 339
159 420
159 428
159 432
159 435
159 446
159 455
159 456
159 458
160 164
160 260
160 272
160 431
160 437
160 442
161 442
161 456
161 458
161 466
162 253
162 421
162 426
162 428
162 434
162 439
162 443
162 452
162 453
162 456
162 458
162 460
162 462
162 464
162 534
162 545
162 597
162 599
162 600
163 253
163 254
163 267
163 275
163 442
163 462
163 464
163 465
163 468
163 543
163 544
164 317
164 320
164 437
164 442
164 446
164 448
164 449
164 466
165 176
165 183
165 578
166 177
167 171
167 470
167 473
168 170
168 172
168 182
168 229
168 230
168 234
168 236
168 239
168 241
168 244
168 247
168 248
168 250
168 252
168 256
168 268
168 295
168 475
168 476
168 478
168 485
168 507
168 509
168 511
168 522
168 542
168 547
168 550
168 551
168 556
168 557
168 558
168 561
168 567
168 570
168 572
168 588
169 173
169 472
169 477
170 180
170 182
170 189
170 207
170 216
170 230
170 234
170 236
170 239
170 241
170 244
170 247
170 248
170 250
170 256
170 259
170 268
170 273
170 276
170 286
170 288
170 295
170 475
170 476
170 478
170 485
170 509
170 522
170 547
170 551
170 556
170 557
170 558
171 218
171 251
171 467
171 474
171 498
171 515
172 248
172 250
172 252
172 475
172 478
172 479
172 481
172 486
172 488
172 522
172 547
172 556
172 557
172 558
172 561
172 563
173 477
173 479
173 488
173 523
174 223
175 176
175 476
175 479
175 480
175 541
175 566
175 572
175 573
176 182
176 183
176 189
176 206
176 208
176 209
176 216
176 217
176 222
176 228
176 229
176 230
176 231
176 232
176 234
176 239
176 244
176 245
176 247
176 248
176 250
176 252
176 255
176 256
176 259
176 265
176 266
176 268
176 269
176 271
176 273
176 278
176 281
176 288
176 295
176 475
176 476
176 479
176 480
176 485
176 488
176 507
176 511
176 518
176 538
176 541
176 542
176 557
176 558
176 559
176 560
176 566
176 567
176 570
176 572
176 573
176 577
178 183
178 228
178 229
178 232
178 243
178 245
178 250
178 252
178 255
178 258
178 260
178 261
178 263
178 264
178 265
178 266
178 267
178 269
178 270
178 271
178 272
178 275
178 277
178 278
178 488
178 544
178 550
178 560
178 566
178 573
178 574
179 182
179 189
179 197
179 206
179 216
179 230
179 244
179 247
179 273
179 276
180 288
180 484
182 206
182 209
182 216
182 217
182 229
182 230
182 231
182 234
182 239
182 244
182 247
182 248
182 250
182 252
182 256
182 265
182 268
182 273
182 288
182 295
182 485
182 511
182 542
182 557
182 567
182 572
183 208
183 228
183 229
183 231
183 232
183 234
183 238
183 242
183 245
183 250
183 252
183 255
183 256
183 258
183 259
183 261
183 263
183 264
183 265
183 266
183 269
183 270
183 271
183 274
183 277
183 278
183 479
183 488
183 538
183 541
183 560
183 566
183 567
183 573
184 195
184 204
184 301
184 384
184 394
184 416
184 487
185 186
185 427
185 486
185 488
185 575
186 426
186 427
186 486
186 592
187 188
187 191
187 192
187 193
187 194
187 198
187 203
187 207
187 211
187 383
187 384
187 390
187 391
187 499
188 190
188 191
188 192
188 193
188 194
188 195
188 198
188 201
188 210
188 221
188 227
188 384
188 390
188 391
188 395
188 396
188 402
188 408
188 459
188 494
188 496
188 499
188 533
188 535
189 197
189 206
189 207
189 209
189 211
189 212
189 213
189 214
189 215
189 216
189 217
189 229
189 230
189 231
189 233
189 234
189 236
189 239
189 240
189 241
189 244
189 247
189 256
189 259
189 265
189 268
189 273
189 286
189 288
189 485
189 489
189 493
189 507
189 508
189 509
189 511
189 512
189 516
189 517
189 518
189 519
189 521
189 522
189 524
189 526
189 538
189 540
189 541
189 542
189 547
189 551
189 556
189 557
189 559
189 567
189 570
189 581
190 191
190 193
190 201
190 210
190 402
190 424
190 451
190 459
190 460
190 461
190 490
190 494
190 498
190 501
190 514
190 594
191 192
191 193
191 194
191 195
191 198
191 201
191 203
191 204
191 210
191 227
191 384
191 390
191 391
191 395
191 396
191 408
191 499
192 193
192 194
192 198
192 201
192 203
192 204
192 211
192 223
192 227
192 361
192 384
192 390
192 391
192 395
192 489
192 495
192 499
193 194
193 195
193 198
193 201
193 210
193 221
193 223
193 226
193 227
193 235
193 384
193 390
193 391
193 392
193 395
193 396
193 397
193 408
193 494
193 496
193 530
193 533
193 535
193 536
194 195
194 198
194 204
194 221
194 223
194 383
194 384
194 390
194 391
194 395
194 396
194 397
194 408
194 487
194 530
194 535
194 586
195 196
195 201
195 204
195 221
195 223
195 224
195 383
195 390
195 391
195 395
195 397
195 399
195 417
195 497
196 218
196 251
196 314
197 203
197 206
197 207
197 209
197 211
197 212
197 214
197 215
197 216
197 217
197 230
197 231
197 234
197 236
197 239
197 241
197 244
197 247
197 259
197 268
197 273
197 276
197 280
197 286
197 288
197 489
197 493
197 509
197 516
197 517
197 519
197 524
197 526
198 201
198 203
198 204
198 276
198 280
198 384
198 390
198 391
198 402
198 408
198 459
198 470
198 499
198 503
199 200
199 257
199 261
199 272
199 279
199 296
199 297
199 300
200 202
200 257
200 260
200 261
200 262
200 264
200 272
200 279
200 296
200 466
201 204
201 383
201 391
201 402
201 403
201 415
201 420
201 422
201 424
201 435
201 438
201 459
201 461
201 499
201 500
201 503
201 504
201 596
202 204
202 224
202 282
202 415
203 207
203 210
203 211
203 213
203 214
203 215
203 241
203 244
203 276
203 280
203 286
203 499
204 328
204 383
204 384
204 394
204 419
204 503
204 504
205 364
205 365
205 370
205 438
205 439
205 444
205 473
206 207
206 209
206 211
206 213
206 215
206 216
206 217
206 228
206 229
206 230
206 231
206 234
206 236
206 239
206 244
206 247
206 256
206 259
206 265
206 268
206 273
206 276
206 278
206 485
206 489
206 493
206 507
206 508
206 509
206 511
206 512
206 517
206 518
206 519
206 524
206 526
206 542
206 567
207 209
207 211
207 213
207 216
207 230
207 244
207 247
207 259
207 268
207 273
207 276
207 485
207 489
207 509
207 522
207 524
208 209
208 217
208 231
208 232
208 233
208 234
208 250
208 252
208 254
208 265
208 266
208 270
208 277
208 468
208 480
208 508
208 512
208 513
208 516
208 518
208 521
208 525
208 538
208 541
208 542
208 544
208 559
208 560
208 566
208 567
208 569
208 570
208 571
208 573
208 574
208 577
208 578
209 210
209 211
209 212
209 213
209 215
209 216
209 217
209 229
209 230
209 231
209 233
209 234
209 239
209 241
209 244
209 247
209 250
209 252
209 256
209 259
209 265
209 268
209 273
209 274
209 288
209 475
209 476
209 480
209 485
209 507
209 508
209 509
209 511
209 512
209 516
209 517
209 518
209 519
209 522
209 526
209 538
209 540
209 541
209 542
209 559
209 567
209 569
209 570
209 573
209 577
209 578
209 581
210 212
211 212
211 213
211 214
211 215
211 216
211 236
211 239
211 241
211 244
211 247
211 259
211 273
211 274
211 280
211 295
211 489
211 495
211 509
211 519
211 526
211 537
211 551
212 213
212 215
212 241
212 519
213 215
213 217
213 233
213 234
213 239
213 241
213 244
213 259
213 273
214 215
214 259
214 273
214 274
214 280
214 281
214 526
215 216
215 234
215 236
215 241
215 244
215 259
215 273
215 274
215 280
215 286
215 519
216 217
216 229
216 230
216 234
216 236
216 239
216 244
216 247
216 256
216 259
216 265
216 268
216 273
216 276
216 278
216 280
216 288
216 295
216 485
216 507
216 509
216 511
216 518
216 522
216 524
216 542
216 567
217 228
217 229
217 230
217 231
217 232
217 233
217 234
217 256
217 259
217 265
217 266
217 269
217 270
217 271
217 273
217 274
217 278
217 508
217 512
217 525
217 538
217 541
217 542
218 251
218 453
218 454
218 467
218 468
218 510
218 515
218 543
219 254
219 465
220 221
220 224
220 225
220 226
220 227
220 235
220 287
220 392
220 397
220 399
220 404
220 474
220 529
220 530
220 531
220 532
220 533
220 535
220 536
220 546
220 553
220 555
220 579
221 223
221 224
221 225
221 226
221 227
221 235
221 287
221 390
221 391
221 392
221 395
221 397
221 399
221 404
221 415
221 451
221 496
221 529
221 530
221 532
221 533
221 534
221 535
221 536
221 553
221 579
221 586
222 228
222 237
222 238
222 239
222 240
222 244
222 245
222 246
222 259
222 489
222 531
222 532
222 540
222 553
222 554
222 555
222 568
223 224
223 391
223 397
223 533
224 225
224 282
224 287
224 397
224 399
224 532
224 533
224 534
224 579
225 235
225 262
225 287
225 299
225 397
225 531
225 533
225 535
225 579
226 227
226 235
226 397
226 496
226 530
226 532
226 533
226 535
226 536
226 553
227 235
227 392
227 397
227 402
227 451
227 495
227 496
227 530
227 532
227 533
227 535
227 536
227 553
228 229
228 230
228 231
228 232
228 233
228 234
228 237
228 238
228 239
228 240
228 243
228 244
228 245
228 246
228 247
228 248
228 250
228 252
228 255
228 256
228 258
228 259
228 261
228 263
228 265
228 266
228 268
228 269
228 270
228 271
228 273
228 274
228 277
228 278
228 281
228 479
228 507
228 511
228 538
228 541
228 542
228 549
228 550
228 554
228 566
228 567
228 572
228 573
229 230
229 231
229 232
229 233
229 234
229 236
229 238
229 239
229 240
229 243
229 244
229 245
229 247
229 248
229 250
229 252
229 255
229 256
229 258
229 259
229 263
229 265
229 266
229 268
229 269
229 270
229 271
229 273
229 274
229 278
229 281
229 485
229 507
229 508
229 511
229 518
229 524
229 525
229 538
229 541
229 542
229 550
229 557
229 558
229 559
229 560
229 566
229 567
229 570
229 572
229 573
229 577
230 231
230 232
230 234
230 236
230 238
230 239
230 244
230 245
230 247
230 248
230 250
230 252
230 255
230 256
230 259
230 265
230 268
230 271
230 273
230 278
230 288
230 295
230 475
230 478
230 485
230 493
230 507
230 508
230 509
230 511
230 512
230 517
230 518
230 522
230 524
230 525
230 538
230 540
230 541
230 542
230 550
230 556
230 557
230 558
230 560
230 567
230 570
230 572
230 573
230 577
231 232
231 234
231 239
231 243
231 248
231 250
231 252
231 254
231 255
231 256
231 258
231 259
231 263
231 265
231 266
231 268
231 269
231 270
231 271
231 273
231 274
231 277
231 278
231 493
231 507
231 508
231 511
231 512
231 513
231 517
231 518
231 521
231 525
231 528
231 538
231 541
231 542
231 544
231 559
231 560
231 566
231 567
231 570
231 573
231 574
231 577
231 578
232 233
232 234
232 239
232 243
232 245
232 248
232 250
232 252
232 255
232 256
232 258
232 259
232 261
232 263
232 264
232 265
232 266
232 267
232 268
232 269
232 270
232 271
232 272
232 274
232 277
232 278
232 281
232 296
232 488
232 508
232 538
232 541
232 542
232 544
232 560
232 566
232 567
232 572
232 573
232 574
233 234
233 236
233 240
233 241
233 244
233 248
233 250
233 265
233 283
233 521
233 538
233 540
234 236
234 238
234 239
234 241
234 243
234 244
234 245
234 247
234 248
234 250
234 252
234 255
234 256
234 258
234 259
234 265
234 266
234 268
234 269
234 270
234 271
234 273
234 274
234 278
234 281
234 288
234 485
234 507
234 508
234 511
234 512
234 518
234 538
234 541
234 542
234 557
234 559
234 567
234 570
234 572
234 573
234 577
235 530
235 533
235 535
235 536
235 546
235 553
236 237
236 238
236 239
236 240
236 241
236 244
236 247
236 248
236 250
236 256
236 259
236 268
236 273
236 276
236 284
236 285
236 286
236 288
236 295
236 475
236 476
236 478
236 489
236 509
236 522
236 540
236 547
236 551
236 556
236 557
236 558
236 588
237 238
237 240
237 245
237 285
237 287
237 489
237 531
237 540
237 547
237 549
237 553
237 554
237 583
238 239
238 240
238 243
238 244
238 245
238 246
238 247
238 248
238 250
238 252
238 255
238 256
238 258
238 259
238 261
238 263
238 265
238 268
238 278
238 285
238 286
238 476
238 479
238 511
238 538
238 540
238 547
238 549
238 550
238 554
238 556
238 557
238 558
238 566
238 567
238 572
238 573
239 240
239 241
239 243
239 244
239 245
239 246
239 247
239 248
239 250
239 252
239 255
239 256
239 259
239 265
239 268
239 271
239 273
239 274
239 278
239 286
239 288
239 295
239 475
239 476
239 485
239 489
239 507
239 509
239 511
239 538
239 540
239 542
239 547
239 550
239 551
239 554
239 556
239 557
239 558
239 567
239 568
239 572
239 573
240 243
240 244
240 245
240 246
240 247
240 250
240 252
240 259
240 263
240 274
240 285
240 479
240 531
240 540
240 541
240 547
240 548
240 549
240 551
240 553
240 554
240 555
241 244
241 247
241 259
241 273
241 285
241 286
241 295
241 489
241 509
241 519
241 540
241 547
241 551
241 552
241 556
242 250
242 279
242 295
242 296
242 478
242 557
242 558
242 573
242 588
243 245
243 250
243 252
243 255
243 258
243 261
243 263
243 264
243 265
243 266
243 267
243 269
243 270
243 271
243 274
243 277
243 278
243 281
243 541
243 544
243 548
243 550
243 554
243 566
243 572
243 573
243 574
244 245
244 247
244 248
244 250
244 252
244 256
244 259
244 265
244 268
244 273
244 276
244 278
244 286
244 288
244 295
244 475
244 476
244 478
244 485
244 489
244 507
244 509
244 511
244 519
244 522
244 524
244 526
244 540
244 542
244 547
244 551
244 556
244 557
244 567
245 246
245 247
245 248
245 250
245 252
245 255
245 256
245 258
245 259
245 261
245 263
245 265
245 266
245 268
245 269
245 270
245 271
245 273
245 278
245 281
245 479
245 488
245 507
245 511
245 538
245 542
245 549
245 550
245 554
245 557
245 566
245 567
245 572
245 573
246 258
246 262
246 263
246 278
246 295
246 296
246 548
246 549
246 568
247 248
247 250
247 252
247 256
247 259
247 268
247 273
247 276
247 278
247 285
247 286
247 288
247 295
247 472
247 475
247 476
247 478
247 507
247 509
247 511
247 522
247 524
247 538
247 540
247 542
247 547
247 551
247 556
247 557
247 567
247 572
248 250
248 252
248 256
248 259
248 265
248 268
248 273
248 286
248 288
248 295
248 475
248 476
248 478
248 479
248 507
248 511
248 522
248 538
248 540
248 542
248 547
248 549
248 550
248 556
248 557
248 558
248 560
248 561
248 563
248 567
248 570
248 572
248 573
248 577
249 352
250 252
250 255
250 256
250 258
250 259
250 265
250 266
250 268
250 269
250 270
250 271
250 277
250 278
250 288
250 475
250 476
250 478
250 479
250 485
250 488
250 507
250 508
250 511
250 518
250 521
250 522
250 538
250 541
250 542
250 544
250 549
250 550
250 556
250 557
250 558
250 559
250 560
250 561
250 566
250 567
250 569
250 570
250 572
250 573
250 574
250 577
252 255
252 256
252 258
252 259
252 265
252 266
252 268
252 269
252 270
252 271
252 273
252 277
252 278
252 281
252 475
252 476
252 478
252 479
252 485
252 488
252 507
252 508
252 511
252 518
252 522
252 528
252 538
252 541
252 542
252 544
252 549
252 550
252 556
252 557
252 558
252 559
252 560
252 561
252 566
252 567
252 569
252 570
252 572
252 573
252 574
252 577
253 462
253 463
253 464
253 543
253 561
254 266
254 267
254 270
254 275
254 277
254 463
254 468
254 508
254 512
254 521
254 541
254 543
254 544
254 560
254 561
254 573
254 574
254 575
255 256
255 258
255 259
255 261
255 263
255 264
255 265
255 269
255 270
255 271
255 274
255 278
255 293
255 488
255 538
255 550
255 566
255 567
255 573
256 258
256 259
256 265
256 268
256 269
256 270
256 271
256 273
256 278
256 288
256 475
256 476
256 485
256 507
256 508
256 511
256 518
256 522
256 524
256 525
256 538
256 541
256 542
256 550
256 556
256 557
256 558
256 560
256 566
256 567
256 570
256 572
256 573
256 577
257 260
257 293
258 261
258 263
258 264
258 265
258 266
258 269
258 270
258 271
258 272
258 277
258 278
258 293
258 296
258 488
258 538
258 544
258 550
258 560
258 566
258 567
258 573
259 265
259 268
259 271
259 273
259 274
259 278
259 281
259 288
259 295
259 475
259 476
259 485
259 507
259 509
259 511
259 517
259 518
259 519
259 524
259 526
259 538
259 540
259 541
259 542
259 556
259 557
259 559
259 566
259 567
259 570
259 572
259 573
259 577
260 261
260 263
260 264
260 267
260 269
260 270
260 272
260 275
260 277
260 296
260 466
260 544
260 566
260 574
261 263
261 264
261 265
261 266
261 269
261 270
261 271
261 272
261 274
261 277
261 278
261 279
261 281
261 293
261 296
261 297
261 488
261 566
262 263
262 296
262 299
263 264
263 265
263 266
263 267
263 269
263 270
263 271
263 272
263 274
263 277
263 278
263 281
263 296
263 488
263 541
263 544
263 554
263 566
263 573
263 574
264 266
264 267
264 269
264 270
264 271
264 272
264 275
264 277
264 296
264 488
264 544
264 566
264 574
265 266
265 268
265 269
265 270
265 271
265 273
265 274
265 277
265 278
265 281
265 507
265 508
265 511
265 512
265 518
265 525
265 528
265 538
265 541
265 542
265 544
265 550
265 559
265 560
265 566
265 567
265 570
265 572
265 573
265 574
265 577
266 267
266 269
266 270
266 271
266 272
266 274
266 275
266 277
266 278
266 281
266 488
266 508
266 538
266 541
266 542
266 544
266 559
266 560
266 566
266 571
266 572
266 573
266 574
267 269
267 270
267 271
267 272
267 275
267 277
267 466
267 468
267 543
267 544
267 571
267 574
268 270
268 271
268 273
268 276
268 278
268 288
268 295
268 475
268 478
268 485
268 507
268 508
268 509
268 511
268 512
268 517
268 518
268 522
268 524
268 525
268 528
268 538
268 542
268 556
268 557
268 558
268 560
268 564
268 567
268 569
268 570
268 572
268 573
268 577
269 270
269 271
269 272
269 274
269 277
269 278
269 281
269 296
269 488
269 538
269 544
269 566
269 567
269 572
269 573
269 574
270 271
270 272
270 275
270 277
270 278
270 281
270 508
270 512
270 525
270 528
270 538
270 541
270 542
270 544
270 560
270 566
270 572
270 573
270 574
270 577
271 272
271 273
271 274
271 277
271 278
271 281
271 296
271 544
271 560
271 566
271 573
271 574
272 277
272 279
272 281
272 296
272 297
272 466
273 274
273 276
273 278
273 280
273 281
273 286
273 288
273 295
273 485
273 507
273 509
273 511
273 512
273 517
273 518
273 519
273 524
273 526
273 538
273 542
273 567
274 277
274 278
274 281
274 296
275 277
275 465
275 466
275 468
275 543
275 544
275 571
275 574
275 575
275 576
276 280
276 295
276 470
276 509
276 522
276 524
277 278
277 281
277 488
277 508
277 528
277 538
277 541
277 544
277 560
277 566
277 571
277 573
277 574
277 575
277 577
278 279
278 280
278 281
278 295
278 296
278 297
278 507
278 511
278 524
278 528
278 542
278 566
278 567
278 572
278 573
278 577
279 280
279 281
279 296
279 297
280 295
281 296
282 287
282 290
283 521
283 540
283 581
284 285
284 325
284 327
284 332
284 333
284 582
285 286
285 287
285 547
285 556
285 582
285 583
286 489
286 509
286 522
286 540
286 547
286 551
286 556
286 583
287 390
287 397
287 529
287 531
287 533
287 535
287 546
287 553
287 579
287 583
287 584
288 295
288 475
288 476
288 478
288 522
288 540
290 393
290 529
290 584
292 328
292 336
292 389
292 392
292 393
292 394
292 395
292 398
292 400
292 487
292 530
293 296
294 298
294 300
294 339
294 368
294 370
294 446
294 448
294 591
294 593
294 598
295 475
295 478
295 485
295 489
295 509
295 547
295 556
295 557
295 588
296 297
297 298
297 300
298 299
298 300
298 427
298 565
298 592
298 593
298 596
298 597
298 598
299 313
301 302
301 303
301 304
301 305
301 317
301 319
301 320
301 321
301 322
301 323
301 324
301 328
301 329
301 332
301 333
301 334
301 335
301 336
301 348
301 385
301 386
301 388
301 389
301 393
301 394
301 416
302 303
302 304
302 305
302 308
302 311
302 317
302 319
302 320
302 321
302 322
302 323
302 324
302 325
302 326
302 328
302 329
302 331
302 332
302 333
302 334
302 335
302 336
302 386
302 388
302 389
302 393
302 416
302 580
303 304
303 305
303 308
303 311
303 317
303 319
303 320
303 321
303 322
303 323
303 324
303 328
303 329
303 333
303 334
303 335
303 336
303 385
303 386
303 388
303 389
303 393
304 305
304 308
304 311
304 312
304 317
304 318
304 319
304 320
304 321
304 322
304 324
304 326
304 328
304 329
304 331
304 333
304 334
304 335
304 336
304 385
304 386
304 388
304 389
304 393
304 394
304 425
305 308
305 317
305 318
305 319
305 320
305 321
305 322
305 323
305 324
305 325
305 326
305 328
305 329
305 331
305 332
305 333
305 334
305 335
305 336
305 388
305 389
305 393
305 580
306 308
306 309
306 310
306 312
306 313
306 331
307 308
307 310
307 311
307 312
307 315
307 317
307 388
307 389
307 454
308 309
308 311
308 312
308 315
308 317
308 318
308 319
308 320
308 321
308 324
308 326
308 331
308 333
308 334
308 336
308 388
308 389
308 454
309 310
309 312
309 313
309 314
309 424
310 311
310 313
310 314
310 315
311 312
311 315
311 317
311 319
311 320
311 324
311 326
311 331
311 333
311 334
311 336
311 388
311 389
312 315
312 317
312 318
312 319
312 320
312 321
312 324
312 326
312 331
312 334
312 336
312 339
312 388
312 389
312 415
312 425
312 454
313 314
314 315
314 316
314 483
315 334
317 318
317 319
317 320
317 321
317 322
317 324
317 326
317 329
317 331
317 333
317 334
317 335
317 336
317 388
317 389
317 393
317 580
318 319
318 324
318 326
319 320
319 321
319 322
319 324
319 325
319 326
319 328
319 329
319 331
319 333
319 334
319 335
319 336
319 388
319 389
319 580
320 321
320 322
320 323
320 324
320 325
320 326
320 328
320 329
320 331
320 332
320 333
320 334
320 335
320 336
320 386
320 388
320 389
320 393
320 580
321 322
321 324
321 326
321 328
321 329
321 331
321 333
321 334
321 335
321 336
321 388
321 389
321 393
321 394
321 416
321 425
321 441
321 529
321 580
322 323
322 324
322 325
322 327
322 328
322 329
322 331
322 332
322 333
322 334
322 335
322 336
322 386
322 388
322 389
322 393
323 325
323 327
323 328
323 329
323 332
323 333
323 334
323 335
323 336
323 386
324 326
324 328
324 329
324 331
324 333
324 334
324 335
324 336
324 388
324 389
324 393
324 425
325 327
325 328
325 329
325 332
325 333
325 334
325 335
325 336
325 393
325 587
326 331
326 333
326 334
326 388
326 389
326 425
327 328
327 329
327 330
327 332
327 335
327 386
328 329
328 331
328 332
328 333
328 334
328 335
328 336
328 386
328 388
328 389
328 393
328 394
329 331
329 332
329 333
329 334
329 335
329 336
329 338
329 386
329 388
329 393
329 446
331 333
331 334
331 336
331 388
331 389
331 393
332 333
332 334
332 335
332 336
332 348
332 386
333 334
333 335
333 336
333 388
333 393
334 335
334 336
334 388
335 336
335 348
335 386
335 388
335 389
335 393
335 394
335 416
336 385
336 386
336 388
336 389
336 393
336 394
336 398
336 400
336 487
337 338
337 340
337 342
337 343
337 344
337 346
337 347
337 407
337 409
338 339
338 342
338 348
338 364
338 373
338 405
338 419
338 425
338 434
338 436
338 440
338 444
338 446
338 448
338 503
338 504
339 364
339 370
339 373
339 415
339 417
339 419
339 420
339 421
339 422
339 423
339 424
339 425
339 428
339 430
339 434
339 435
339 436
339 437
339 441
339 444
339 445
339 446
339 448
339 449
339 452
339 454
339 456
339 458
339 503
339 504
339 589
339 599
340 342
340 343
340 344
340 346
340 347
340 406
340 407
340 409
341 345
341 348
341 350
341 353
341 356
341 357
341 358
341 364
341 368
341 370
341 372
341 373
341 375
341 412
341 413
341 418
341 421
341 438
341 439
341 440
341 444
341 445
341 447
341 469
341 534
342 343
342 344
342 345
342 346
342 347
342 405
343 346
343 347
344 346
344 407
344 409
344 410
344 416
345 347
345 350
345 353
345 354
345 356
345 357
345 358
345 372
345 444
345 469
346 349
347 478
348 350
348 353
348 355
348 373
348 385
348 386
348 394
348 398
348 401
348 409
348 410
348 412
348 413
348 414
348 416
348 417
348 418
348 419
348 438
348 441
348 444
348 445
348 447
350 357
350 358
350 364
350 375
350 396
350 398
350 401
350 406
350 407
350 408
350 409
350 410
350 411
350 412
350 413
350 416
350 417
350 418
350 419
350 429
350 440
350 444
350 445
350 491
350 492
351 360
351 361
351 362
351 363
352 360
352 362
352 363
353 354
353 355
353 356
353 357
353 358
353 359
354 355
354 356
354 358
356 357
356 358
356 362
357 358
358 362
358 412
360 362
360 363
361 391
361 553
362 363
364 365
364 368
364 370
364 372
364 373
364 375
364 376
364 402
364 403
364 404
364 417
364 419
364 421
364 422
364 423
364 424
364 425
364 426
364 428
364 429
364 430
364 434
364 435
364 438
364 439
364 440
364 443
364 444
364 445
364 448
364 451
364 452
364 454
364 456
364 460
364 461
364 469
364 473
364 490
364 491
364 492
364 496
364 501
364 503
364 504
364 505
364 534
365 366
365 368
365 370
365 372
365 373
365 375
365 376
365 402
365 421
365 426
365 429
365 438
365 439
365 440
365 444
365 473
365 591
365 593
365 596
365 598
366 368
366 370
366 372
366 429
366 593
366 598
367 371
368 370
368 372
368 375
368 421
368 426
368 429
368 438
368 439
368 444
368 591
368 593
368 598
370 372
370 376
370 402
370 420
370 421
370 426
370 427
370 438
370 439
370 444
370 504
370 565
370 591
370 592
370 593
370 594
370 596
370 597
370 598
370 599
372 375
372 421
372 426
372 429
372 438
372 439
372 440
372 441
372 444
372 445
372 473
372 534
372 591
372 593
372 594
372 598
372 599
373 376
373 419
373 421
373 430
373 434
373 444
373 445
373 504
374 377
374 378
374 380
374 433
375 376
375 396
375 402
375 405
375 406
375 407
375 408
375 410
375 418
375 419
375 421
375 422
375 429
375 435
375 438
375 439
375 440
375 444
375 445
375 492
375 504
375 534
375 546
376 402
376 403
376 405
376 406
376 419
376 421
376 422
376 423
376 424
376 429
376 430
376 434
376 435
376 436
376 438
376 461
376 473
376 492
376 501
376 503
376 504
377 378
377 379
377 380
378 379
378 405
380 381
382 446
382 448
383 384
383 390
383 391
383 395
383 396
383 403
383 404
383 408
383 411
383 417
383 491
383 492
383 496
384 385
384 390
384 391
384 394
384 395
384 396
384 404
384 408
384 411
384 419
384 487
384 491
384 492
384 496
384 499
384 503
384 530
385 386
385 394
385 398
385 404
385 410
385 419
385 487
387 539
387 595
388 389
388 393
388 580
389 393
389 394
389 400
389 487
389 529
389 579
389 580
389 586
390 391
390 392
390 395
390 396
390 397
390 399
390 408
390 411
390 487
390 495
390 496
390 499
390 503
390 530
390 533
390 535
390 546
390 579
391 392
391 395
391 489
391 495
391 496
391 499
391 520
391 533
391 535
392 394
392 395
392 397
392 399
392 400
392 401
392 496
392 530
392 533
392 534
392 535
392 536
392 546
392 579
392 586
393 394
393 398
393 400
393 401
393 416
393 419
393 425
393 454
393 487
393 529
393 530
394 395
394 396
394 397
394 398
394 399
394 400
394 401
394 404
394 408
394 411
394 416
394 417
394 419
394 423
394 425
394 441
394 487
394 491
394 504
394 529
394 530
395 396
395 397
395 398
395 399
395 400
395 401
395 404
395 408
395 411
395 414
395 417
395 487
395 491
395 496
395 530
395 533
395 535
395 536
395 546
395 579
396 397
396 398
396 399
396 401
396 404
396 406
396 407
396 408
396 410
396 411
396 413
396 414
396 417
396 418
396 419
396 423
396 451
396 490
396 491
396 492
396 496
396 501
396 530
396 533
396 535
396 536
396 546
397 398
397 399
397 400
397 401
397 404
397 408
397 411
397 415
397 417
397 423
397 443
397 451
397 487
397 491
397 496
397 497
397 529
397 530
397 532
397 533
397 534
397 535
397 536
397 546
397 579
397 586
398 399
398 400
398 401
398 404
398 408
398 410
398 411
398 412
398 413
398 414
398 416
398 417
398 418
398 419
398 487
398 530
399 400
399 401
399 404
399 408
399 411
399 413
399 414
399 417
399 423
399 439
399 443
399 451
399 487
399 491
399 496
399 497
399 530
399 533
399 534
399 535
399 536
399 579
400 401
400 414
400 487
400 530
400 579
401 408
401 411
401 412
401 413
401 414
401 417
401 445
401 487
401 530
401 534
401 535
401 579
402 421
402 424
402 435
402 438
402 439
402 459
402 470
402 494
402 495
402 496
402 499
402 500
402 501
402 502
402 503
402 504
402 505
402 506
402 536
402 546
402 565
402 592
402 593
402 594
402 596
402 597
402 598
402 599
403 404
403 408
403 419
403 422
403 423
403 424
403 430
403 434
403 435
403 451
403 460
403 461
403 490
403 491
403 492
403 496
403 501
403 503
403 504
404 408
404 411
404 413
404 417
404 418
404 419
404 422
404 423
404 424
404 434
404 438
404 451
404 461
404 490
404 491
404 492
404 496
404 501
404 504
404 530
404 533
404 536
405 406
405 407
405 409
405 410
405 419
405 435
405 436
405 492
405 504
406 407
406 408
406 409
406 410
406 419
406 435
406 491
406 492
406 504
407 408
407 409
407 410
407 419
407 491
407 492
408 409
408 410
408 411
408 413
408 414
408 417
408 418
408 419
408 422
408 423
408 435
408 451
408 461
408 490
408 491
408 492
408 496
408 497
408 499
408 501
408 503
408 504
408 530
409 410
410 412
410 413
410 416
410 417
410 418
410 419
410 440
410 444
410 445
410 492
411 413
411 414
411 417
411 419
411 423
411 451
411 490
411 491
411 492
411 496
411 501
411 530
411 533
411 535
411 536
412 413
412 414
412 445
412 447
412 506
412 534
413 414
413 417
413 418
413 421
413 423
413 445
413 530
413 534
415 420
415 421
415 422
415 423
415 424
415 425
415 449
415 450
415 451
415 453
415 454
415 456
415 459
415 500
415 502
415 503
415 504
415 579
415 589
415 592
415 594
415 595
415 596
415 597
415 599
415 600
416 417
416 418
416 419
416 425
416 430
416 440
416 444
416 445
416 448
416 534
417 418
417 419
417 421
417 422
417 423
417 425
417 430
417 434
417 435
417 439
417 444
417 445
417 448
417 451
417 454
417 467
417 490
417 491
417 492
417 496
417 497
417 504
417 530
417 534
417 579
418 419
418 423
418 430
418 440
418 444
418 448
418 491
418 492
419 421
419 422
419 423
419 425
419 430
419 434
419 435
419 438
419 441
419 444
419 451
419 491
419 492
419 496
419 497
419 503
419 504
419 530
420 421
420 422
420 424
420 426
420 428
420 432
420 446
420 450
420 454
420 456
420 458
420 459
420 500
420 502
420 504
420 589
420 592
420 594
420 596
420 597
420 598
420 599
420 600
421 422
421 423
421 424
421 425
421 426
421 428
421 429
421 430
421 434
421 435
421 437
421 438
421 439
421 440
421 441
421 443
421 444
421 445
421 446
421 448
421 452
421 454
421 456
421 473
421 504
421 534
421 591
421 594
421 595
421 599
422 423
422 424
422 425
422 428
422 429
422 430
422 434
422 435
422 438
422 451
422 452
422 454
422 456
422 459
422 460
422 461
422 490
422 491
422 492
422 496
422 501
422 503
422 504
423 424
423 425
423 428
423 429
423 430
423 434
423 435
423 438
423 439
423 441
423 451
423 452
423 454
423 456
423 459
423 460
423 461
423 473
423 490
423 491
423 492
423 496
423 501
423 503
423 504
423 530
423 534
424 428
424 432
424 434
424 435
424 438
424 449
424 450
424 451
424 452
424 453
424 454
424 456
424 458
424 459
424 460
424 461
424 473
424 490
424 491
424 496
424 500
424 501
424 502
424 503
424 504
424 592
424 594
424 595
424 596
424 597
424 599
424 600
425 428
425 430
425 434
425 437
425 439
425 440
425 441
425 444
425 445
425 446
425 448
425 449
425 452
425 454
425 456
425 504
426 427
426 439
426 443
426 452
426 453
426 458
426 469
426 589
426 592
426 593
426 594
426 596
426 597
426 599
426 600
427 565
427 588
427 589
427 591
427 592
427 593
427 594
427 596
427 597
427 598
427 599
428 430
428 431
428 432
428 434
428 435
428 437
428 442
428 446
428 448
428 449
428 452
428 453
428 454
428 455
428 456
428 458
428 460
428 462
428 464
428 465
428 490
428 504
428 543
428 599
429 430
429 434
429 435
429 440
429 473
429 501
430 431
430 434
430 435
430 437
430 440
430 442
430 444
430 446
430 448
430 449
430 452
430 453
430 454
430 456
430 458
430 467
430 504
431 434
431 437
431 442
431 448
431 449
431 453
431 454
431 464
431 467
431 474
432 434
432 435
432 442
432 450
432 452
432 453
432 455
432 456
432 458
432 460
432 461
432 465
432 490
432 510
432 514
432 576
432 600
434 435
434 436
434 437
434 439
434 440
434 444
434 446
434 448
434 449
434 451
434 452
434 453
434 454
434 456
434 458
434 460
434 461
434 490
434 491
434 492
434 501
434 504
435 438
435 451
435 452
435 455
435 456
435 458
435 459
435 460
435 461
435 473
435 490
435 491
435 492
435 494
435 496
435 497
435 498
435 501
435 503
435 504
435 514
436 446
437 442
437 444
437 446
437 448
437 449
437 452
437 453
437 454
437 456
437 458
437 464
437 465
437 467
437 543
438 439
438 441
438 444
438 445
438 451
438 459
438 473
438 499
438 501
438 503
438 504
438 506
438 534
438 591
438 594
438 596
438 598
439 440
439 441
439 443
439 444
439 445
439 451
439 452
439 454
439 467
439 469
439 473
439 497
439 504
439 530
439 534
439 545
439 579
439 599
440 444
440 445
440 446
440 448
441 444
441 445
441 446
441 448
441 504
441 534
442 446
442 448
442 449
442 452
442 453
442 454
442 456
442 458
442 464
442 465
442 466
442 468
442 543
442 589
443 444
443 445
443 452
443 453
443 454
443 530
443 533
443 534
443 545
443 562
443 579
444 445
444 446
444 447
444 448
444 504
444 534
445 447
445 504
445 534
446 448
446 449
446 454
446 456
446 458
446 504
446 589
448 449
448 454
448 456
448 504
448 589
449 452
449 453
449 454
449 456
449 458
449 464
449 465
449 467
449 468
449 474
449 510
449 543
449 589
450 453
450 455
450 456
450 457
450 458
450 459
450 468
450 483
450 500
450 502
450 510
450 539
450 592
450 594
450 596
450 597
450 599
450 600
451 452
451 453
451 454
451 459
451 460
451 461
451 467
451 490
451 491
451 492
451 494
451 496
451 497
451 498
451 501
451 503
451 504
451 530
451 533
451 536
452 453
452 454
452 456
452 458
452 460
452 462
452 464
452 465
452 467
452 473
452 474
452 490
452 501
452 510
452 515
452 527
452 543
452 545
452 562
452 597
452 599
452 600
453 454
453 456
453 458
453 460
453 462
453 464
453 465
453 466
453 467
453 468
453 474
453 510
453 527
453 543
453 545
453 562
453 599
453 600
454 456
454 458
454 464
454 467
454 474
454 530
454 543
455 456
455 458
455 460
455 465
455 514
455 600
456 458
456 460
456 462
456 464
456 465
456 473
456 510
456 543
456 599
456 600
457 480
457 483
457 500
457 516
457 519
457 565
457 569
457 577
457 578
457 592
458 460
458 462
458 464
458 465
458 466
458 468
458 510
458 543
458 571
458 576
458 600
459 461
459 470
459 496
459 499
459 500
459 501
459 502
459 503
459 504
459 505
459 592
459 594
459 596
459 597
459 600
460 461
460 462
460 465
460 467
460 469
460 490
460 494
460 496
460 498
460 501
460 504
460 514
460 515
460 527
461 490
461 491
461 492
461 494
461 496
461 498
461 501
461 503
461 504
461 514
462 463
462 464
462 465
462 510
462 543
462 562
463 464
463 513
463 518
463 521
463 528
463 544
463 558
463 560
463 561
463 569
463 570
463 575
463 576
463 577
464 465
464 467
464 468
464 510
464 543
464 562
465 466
465 467
465 468
465 510
465 543
466 468
466 543
466 571
467 474
467 490
467 494
467 497
467 498
467 510
467 515
467 545
467 562
468 510
468 543
468 544
468 571
468 574
469 473
470 473
470 499
470 501
470 503
470 505
471 523
472 476
472 479
473 474
473 501
474 562
475 476
475 478
475 479
475 482
475 485
475 507
475 509
475 522
475 540
475 547
475 549
475 551
475 552
475 556
475 557
475 558
475 561
475 564
475 567
475 570
475 572
475 588
476 478
476 479
476 482
476 488
476 507
476 538
476 540
476 542
476 547
476 549
476 556
476 557
476 558
476 566
476 567
476 568
476 570
476 572
476 573
477 523
478 479
478 481
478 485
478 507
478 509
478 511
478 518
478 522
478 542
478 547
478 552
478 556
478 557
478 558
478 560
478 561
478 564
478 567
478 569
478 570
478 572
478 577
478 588
479 481
479 482
479 486
479 488
479 538
479 540
479 541
479 549
479 556
479 557
479 558
479 559
479 560
479 561
479 564
479 566
479 567
479 568
479 569
479 570
479 572
479 573
479 575
479 577
479 588
480 482
480 483
480 512
480 516
480 519
480 521
480 541
480 559
480 569
480 571
480 573
480 577
480 578
481 482
481 486
481 488
481 538
481 558
481 567
481 570
482 483
482 486
482 488
482 559
483 519
483 539
483 552
483 565
483 592
483 594
483 600
484 562
485 489
485 493
485 507
485 509
485 511
485 512
485 513
485 517
485 518
485 522
485 524
485 525
485 542
485 557
485 558
485 567
485 570
485 572
485 573
485 577
485 581
486 488
486 552
486 558
486 560
486 575
486 576
487 529
487 530
487 579
487 586
488 538
488 541
488 558
488 560
488 561
488 566
488 567
488 572
488 573
488 574
488 575
489 495
489 509
489 511
489 519
489 520
489 526
489 540
489 547
489 551
489 552
489 553
489 556
489 581
490 491
490 492
490 494
490 496
490 498
490 501
490 504
490 514
490 527
490 530
490 533
491 492
491 496
491 501
491 504
491 530
492 496
492 501
492 504
492 530
493 509
493 511
493 512
493 513
493 517
493 518
493 519
493 522
493 524
493 525
493 542
494 495
494 496
494 498
494 501
494 514
495 496
495 505
495 509
495 514
495 520
495 536
496 497
496 498
496 501
496 503
496 504
496 505
496 514
496 530
496 533
496 535
496 536
497 498
497 504
497 530
497 534
497 579
498 501
498 514
498 515
498 532
498 533
498 545
498 600
499 503
499 504
499 505
499 506
500 502
500 503
500 539
500 565
500 592
500 594
500 596
500 597
500 599
500 600
501 503
501 504
501 514
502 539
502 565
502 592
502 594
502 596
502 597
502 599
502 600
503 504
503 505
504 530
504 534
504 579
504 599
507 508
507 509
507 511
507 512
507 517
507 518
507 522
507 524
507 525
507 528
507 538
507 541
507 542
507 557
507 558
507 560
507 567
507 570
507 572
507 573
507 577
508 511
508 512
508 513
508 516
508 517
508 518
508 521
508 525
508 528
508 538
508 541
508 542
508 544
508 560
508 566
508 567
508 569
508 570
508 571
508 572
508 573
508 574
508 576
508 577
509 511
509 517
509 518
509 519
509 520
509 522
509 524
509 526
509 540
509 542
509 547
509 551
509 552
509 556
509 557
509 570
509 581
510 515
510 527
510 543
510 545
510 562
510 571
510 600
511 512
511 513
511 517
511 518
511 521
511 522
511 524
511 525
511 528
511 538
511 540
511 541
511 542
511 550
511 557
511 558
511 560
511 567
511 570
511 572
511 573
511 577
511 581
512 513
512 516
512 517
512 518
512 519
512 521
512 525
512 528
512 538
512 541
512 542
512 560
512 567
512 569
512 570
512 571
512 572
512 573
512 574
512 576
512 577
512 578
513 515
513 517
513 518
513 521
513 525
513 541
513 542
513 552
513 560
513 570
513 573
513 577
513 581
514 527
515 527
515 545
515 562
516 517
516 519
516 521
516 526
516 528
516 540
516 541
516 569
516 570
516 571
516 576
516 577
516 578
517 518
517 519
517 524
517 525
517 526
517 528
517 541
517 542
517 551
517 564
517 569
517 570
517 573
517 576
517 577
517 578
518 519
518 521
518 522
518 524
518 525
518 528
518 538
518 541
518 542
518 557
518 558
518 560
518 564
518 567
518 569
518 570
518 572
518 573
518 577
519 520
519 521
519 526
519 540
519 541
519 542
519 551
519 552
519 559
519 569
519 577
519 578
519 581
520 522
520 547
520 551
520 556
520 581
521 526
521 538
521 540
521 541
521 542
521 547
521 551
521 552
521 554
521 555
521 557
521 558
521 560
521 561
521 569
521 570
521 573
521 577
521 581
522 524
522 542
522 547
522 551
522 552
522 556
522 557
522 558
522 567
522 569
522 570
522 577
524 525
524 542
524 567
525 528
525 538
525 541
525 542
525 544
525 567
525 570
525 572
525 573
525 574
525 577
526 540
526 541
526 551
526 555
526 578
527 562
528 538
528 541
528 542
528 544
528 560
528 567
528 569
528 570
528 572
528 573
528 574
528 575
528 576
528 577
528 578
529 530
529 546
529 579
529 584
530 533
530 534
530 535
530 536
530 546
530 579
530 586
531 532
531 533
531 535
531 539
531 548
531 549
531 553
531 554
531 555
532 533
532 534
532 535
532 536
532 553
533 534
533 535
533 536
533 539
533 546
533 553
533 579
533 600
534 535
534 545
534 579
534 595
534 599
535 536
535 546
535 553
535 579
536 553
538 540
538 541
538 542
538 544
538 549
538 550
538 557
538 558
538 559
538 560
538 561
538 566
538 567
538 569
538 570
538 572
538 573
538 574
538 577
538 578
539 553
539 555
539 562
539 565
539 592
539 594
539 595
539 596
539 597
539 599
539 600
540 541
540 542
540 547
540 549
540 551
540 552
540 553
540 554
540 555
540 556
540 557
540 558
540 559
540 567
540 568
540 570
540 573
540 581
540 583
541 542
541 544
541 554
541 555
541 559
541 560
541 566
541 567
541 569
541 570
541 571
541 572
541 573
541 574
541 575
541 577
541 578
542 544
542 557
542 558
542 559
542 560
542 561
542 566
542 567
542 569
542 570
542 572
542 573
542 577
542 581
543 545
543 562
543 571
544 560
544 561
544 566
544 571
544 572
544 573
544 574
544 575
544 576
544 577
545 562
546 553
546 579
546 586
547 549
547 551
547 552
547 556
547 557
547 558
547 568
547 583
547 588
548 549
548 553
548 554
548 555
549 550
549 554
549 556
549 557
549 558
549 560
549 561
549 566
549 568
549 573
549 583
550 556
550 557
550 566
550 567
550 573
551 552
551 554
551 556
551 557
551 581
552 557
552 558
552 565
552 570
552 578
552 581
552 588
553 554
553 555
554 555
554 557
554 573
556 557
556 558
556 567
556 568
556 570
556 588
557 558
557 560
557 561
557 563
557 567
557 569
557 570
557 572
557 573
557 577
558 560
558 561
558 563
558 564
558 566
558 567
558 569
558 570
558 572
558 573
558 575
558 577
559 560
559 566
559 567
559 570
559 572
559 573
559 578
560 561
560 566
560 567
560 569
560 570
560 572
560 573
560 574
560 575
560 576
560 577
561 563
561 566
561 567
561 570
561 572
561 573
561 575
561 577
562 600
564 569
564 570
564 577
564 588
564 590
565 588
565 592
565 593
565 594
565 596
565 597
565 598
566 567
566 570
566 572
566 573
566 574
566 575
566 577
567 570
567 572
567 573
567 577
568 588
569 570
569 571
569 572
569 573
569 575
569 576
569 577
569 578
570 572
570 573
570 574
570 575
570 576
570 577
570 578
571 574
571 575
571 576
571 577
571 578
572 573
572 574
572 575
572 577
573 574
573 575
573 577
574 575
574 576
574 577
575 576
575 577
575 590
576 577
576 578
577 578
579 584
579 586
579 595
582 583
583 584
585 587
588 593
589 596
589 597
589 599
591 592
591 593
591 594
591 596
591 597
591 598
592 593
592 594
592 596
592 597
592 598
592 599
592 600
593 594
593 596
593 597
593 598
594 596
594 597
594 598
594 599
594 600
595 596
595 597
595 599
595 600
596 597
596 598
596 599
596 600
597 598
597 599
597 600
599 600
