600 8989

1 2
1 290
1 291
1 302
2 3
2 4
2 5
2 20
2 24
2 29
2 93
2 94
2 301
2 302
2 303
2 304
2 305
2 308
2 324
3 4
3 5
3 7
3 16
3 20
3 24
3 29
3 93
3 94
3 303
3 304
3 306
3 308
3 312
3 324
4 5
4 19
4 20
4 21
4 23
4 24
4 25
4 28
4 29
4 30
4 32
4 35
4 36
4 93
4 94
4 98
4 100
4 103
4 104
4 105
4 108
4 192
4 290
4 301
4 302
4 303
4 304
4 305
4 308
4 312
4 319
4 320
4 322
4 323
4 324
4 326
4 329
4 333
5 20
5 24
5 29
5 93
5 94
5 301
5 302
5 303
5 304
5 305
5 306
5 308
5 322
5 324
6 12
7 306
8 9
8 12
8 13
8 15
8 18
8 174
8 175
8 176
8 177
8 179
8 181
8 182
8 249
8 283
8 307
8 310
8 311
8 313
8 314
8 315
8 316
8 379
8 480
8 481
8 482
8 483
8 486
8 538
8 559
9 12
9 13
9 15
9 174
9 177
9 307
9 310
9 311
9 313
9 314
9 315
9 316
9 479
9 559
10 309
11 303
11 317
11 386
12 13
12 15
12 16
12 18
12 19
12 37
12 174
12 307
12 313
12 314
12 315
12 318
12 482
12 559
13 15
13 17
13 177
13 249
13 307
13 310
13 311
13 313
13 314
13 315
13 316
13 559
14 16
14 29
14 312
15 17
15 174
15 177
15 179
15 249
15 307
15 310
15 311
15 313
15 314
15 315
15 316
15 379
15 479
15 480
15 482
15 483
15 485
15 526
15 559
16 19
16 23
16 29
16 303
16 308
16 312
16 319
16 334
18 19
18 98
18 166
18 174
18 179
18 249
18 283
18 315
18 318
18 319
18 320
18 470
18 482
18 483
18 559
18 586
19 20
19 21
19 23
19 29
19 30
19 32
19 35
19 36
19 37
19 98
19 100
19 104
19 105
19 106
19 189
19 312
19 318
19 319
19 320
19 323
19 324
19 329
19 333
19 334
20 21
20 23
20 24
20 28
20 30
20 32
20 34
20 35
20 36
20 93
20 94
20 98
20 100
20 101
20 103
20 104
20 105
20 108
20 189
20 301
20 302
20 303
20 304
20 305
20 308
20 319
20 320
20 321
20 322
20 323
20 324
20 326
20 329
20 332
20 333
20 334
20 335
21 22
21 23
21 24
21 25
21 28
21 30
21 31
21 32
21 34
21 35
21 36
21 37
21 38
21 43
21 98
21 100
21 101
21 103
21 104
21 105
21 108
21 145
21 189
21 192
21 224
21 225
21 246
21 301
21 305
21 308
21 312
21 319
21 320
21 322
21 323
21 324
21 326
21 327
21 328
21 329
21 331
21 332
21 333
21 334
21 335
21 343
21 393
21 395
21 531
21 534
22 23
22 28
22 30
22 31
22 34
22 36
22 108
22 322
22 323
22 327
22 329
22 332
22 333
23 25
23 28
23 29
23 30
23 31
23 32
23 35
23 36
23 37
23 38
23 98
23 100
23 104
23 105
23 107
23 189
23 192
23 312
23 320
23 322
23 323
23 324
23 326
23 327
23 329
23 333
23 334
23 393
24 27
24 30
24 32
24 35
24 93
24 94
24 103
24 104
24 105
24 301
24 304
24 305
24 308
24 320
24 322
24 324
24 326
24 329
24 331
24 333
25 28
25 30
25 31
25 32
25 35
25 36
25 38
25 104
25 105
25 107
25 108
25 189
25 224
25 322
25 323
25 324
25 326
25 327
25 329
25 333
25 334
25 393
26 31
26 284
26 285
26 302
26 305
26 328
26 329
26 330
27 244
27 331
27 333
28 30
28 31
28 32
28 34
28 35
28 36
28 43
28 95
28 100
28 104
28 105
28 107
28 108
28 145
28 224
28 225
28 245
28 246
28 305
28 320
28 322
28 323
28 324
28 326
28 327
28 328
28 329
28 332
28 333
28 334
28 343
28 393
28 395
28 396
28 531
28 534
28 551
28 555
28 594
29 94
29 303
29 304
29 308
29 312
29 324
29 326
29 334
30 31
30 32
30 35
30 36
30 38
30 93
30 103
30 104
30 105
30 108
30 189
30 192
30 301
30 302
30 305
30 308
30 312
30 320
30 322
30 323
30 324
30 326
30 327
30 328
30 329
30 331
30 332
30 333
30 334
30 393
31 33
31 34
31 35
31 36
31 237
31 282
31 285
31 287
31 322
31 323
31 324
31 327
31 328
31 329
31 330
31 332
31 333
31 583
31 587
32 35
32 36
32 38
32 104
32 105
32 108
32 320
32 322
32 323
32 324
32 326
32 327
32 329
32 331
32 333
32 334
32 393
32 395
32 495
33 34
33 36
33 237
33 285
33 286
33 287
33 328
33 329
33 330
33 332
33 547
34 36
34 98
34 100
34 101
34 104
34 108
34 245
34 282
34 285
34 286
34 287
34 305
34 319
34 320
34 321
34 322
34 324
34 327
34 328
34 329
34 332
34 335
34 579
34 584
35 36
35 37
35 38
35 100
35 104
35 105
35 108
35 318
35 320
35 322
35 323
35 324
35 326
35 327
35 329
35 331
35 333
35 334
35 395
36 37
36 38
36 100
36 101
36 104
36 105
36 108
36 189
36 192
36 224
36 245
36 246
36 320
36 322
36 323
36 324
36 326
36 327
36 328
36 329
36 332
36 333
36 334
36 335
36 393
36 395
36 531
37 38
37 97
37 98
37 100
37 104
37 105
37 106
37 189
37 318
37 320
37 323
37 327
37 334
38 101
38 103
38 104
38 105
38 106
38 109
38 189
38 190
38 192
38 193
38 194
38 221
38 223
38 224
38 323
38 324
38 326
38 327
38 329
38 333
38 334
38 531
39 41
39 42
39 43
39 53
39 82
39 84
39 88
39 89
39 91
39 95
39 112
39 113
39 114
39 115
39 116
39 129
39 130
39 296
39 381
40 440
40 441
41 43
41 53
41 64
41 86
41 88
41 89
41 91
41 95
41 114
41 127
41 130
41 338
41 380
41 381
41 382
42 45
42 47
42 48
42 54
42 66
42 84
42 112
42 113
42 114
42 115
42 116
42 259
42 337
42 406
42 552
43 46
43 48
43 53
43 60
43 61
43 64
43 84
43 86
43 89
43 91
43 95
43 122
43 123
43 130
43 138
43 145
43 149
43 150
43 171
43 280
43 339
43 341
43 343
43 345
43 352
43 357
43 358
43 372
43 381
43 382
43 415
43 416
43 420
43 424
43 445
43 446
43 447
43 535
43 565
43 593
43 594
44 46
44 47
44 48
44 49
44 51
44 52
44 53
44 57
44 59
44 60
44 61
44 62
44 64
44 65
44 71
44 72
44 80
44 84
44 92
44 109
44 117
44 118
44 121
44 122
44 123
44 124
44 127
44 128
44 130
44 131
44 136
44 138
44 139
44 140
44 141
44 145
44 146
44 147
44 148
44 149
44 150
44 153
44 154
44 156
44 157
44 158
44 159
44 160
44 161
44 164
44 190
44 191
44 196
44 198
44 199
44 203
44 204
44 207
44 209
44 210
44 212
44 214
44 219
44 225
44 239
44 253
44 254
44 259
44 272
44 274
44 277
44 280
44 295
44 340
44 341
44 342
44 343
44 345
44 346
44 347
44 348
44 349
44 350
44 351
44 352
44 353
44 354
44 356
44 357
44 358
44 360
44 370
44 398
44 402
44 407
44 409
44 413
44 415
44 416
44 418
44 420
44 422
44 436
44 437
44 439
44 440
44 442
44 444
44 445
44 446
44 447
44 448
44 450
44 456
44 463
44 464
44 465
44 474
44 509
44 534
44 543
44 552
44 565
44 576
44 593
44 594
45 47
45 48
45 54
46 48
46 49
46 51
46 54
46 60
46 61
46 64
46 84
46 86
46 122
46 123
46 127
46 128
46 130
46 138
46 141
46 152
46 159
46 190
46 199
46 204
46 207
46 339
46 341
46 342
46 343
46 345
46 350
46 353
46 354
46 357
46 358
46 372
46 382
46 436
46 445
46 446
46 509
47 48
47 52
47 54
47 56
47 57
47 60
47 116
47 117
47 118
47 123
47 131
47 146
47 150
47 164
47 259
47 296
47 337
47 340
47 342
47 343
47 346
47 347
47 407
47 409
47 552
47 565
48 49
48 51
48 52
48 53
48 54
48 56
48 57
48 60
48 61
48 65
48 66
48 84
48 92
48 94
48 117
48 122
48 123
48 124
48 130
48 145
48 146
48 148
48 149
48 150
48 156
48 159
48 163
48 164
48 195
48 198
48 203
48 204
48 213
48 214
48 219
48 225
48 253
48 254
48 259
48 272
48 277
48 295
48 335
48 337
48 339
48 340
48 341
48 342
48 343
48 344
48 345
48 346
48 347
48 349
48 350
48 351
48 352
48 353
48 357
48 358
48 396
48 402
48 407
48 409
48 413
48 415
48 416
48 417
48 418
48 422
48 436
48 437
48 438
48 440
48 442
48 446
48 448
48 463
48 464
48 465
48 497
48 509
48 543
48 552
48 565
48 576
48 593
48 594
49 51
49 52
49 60
49 61
49 63
49 66
49 67
49 86
49 122
49 123
49 124
49 125
49 136
49 138
49 139
49 140
49 148
49 150
49 151
49 152
49 160
49 188
49 199
49 201
49 203
49 272
49 277
49 338
49 339
49 341
49 342
49 344
49 345
49 346
49 347
49 348
49 349
49 350
49 352
49 353
49 354
49 357
49 358
49 360
49 370
49 375
49 413
49 414
49 415
49 416
49 417
49 418
49 420
49 421
49 422
49 428
49 431
49 435
49 436
49 437
49 440
49 442
49 445
49 446
49 448
49 464
49 465
49 466
49 497
49 498
49 504
49 505
49 506
49 509
49 593
50 51
50 59
50 60
50 61
50 62
50 66
50 67
50 70
50 140
50 219
50 339
50 345
50 352
50 353
50 354
50 358
50 359
50 363
50 420
50 432
50 445
50 447
50 458
50 465
50 466
50 517
50 528
50 539
50 574
51 52
51 53
51 54
51 57
51 59
51 60
51 61
51 62
51 63
51 64
51 65
51 66
51 67
51 70
51 71
51 72
51 80
51 84
51 86
51 112
51 122
51 123
51 127
51 128
51 130
51 131
51 134
51 136
51 138
51 139
51 140
51 141
51 145
51 146
51 147
51 148
51 149
51 150
51 151
51 152
51 154
51 156
51 157
51 158
51 159
51 160
51 161
51 164
51 190
51 198
51 199
51 201
51 203
51 204
51 207
51 209
51 210
51 212
51 214
51 219
51 254
51 272
51 277
51 339
51 341
51 342
51 343
51 345
51 346
51 347
51 348
51 349
51 350
51 351
51 352
51 353
51 354
51 356
51 357
51 358
51 359
51 360
51 368
51 370
51 375
51 402
51 409
51 413
51 414
51 415
51 416
51 418
51 420
51 422
51 436
51 437
51 438
51 439
51 440
51 442
51 445
51 446
51 447
51 448
51 450
51 451
51 455
51 456
51 463
51 464
51 465
51 466
51 474
51 490
51 492
51 497
51 504
51 505
51 509
51 510
51 514
51 543
51 552
51 565
51 575
51 576
51 593
51 594
52 53
52 57
52 60
52 65
52 84
52 122
52 123
52 124
52 125
52 127
52 131
52 136
52 145
52 146
52 148
52 149
52 150
52 153
52 160
52 163
52 164
52 195
52 196
52 198
52 201
52 203
52 204
52 205
52 214
52 225
52 253
52 254
52 272
52 277
52 295
52 341
52 342
52 343
52 345
52 347
52 350
52 357
52 360
52 368
52 370
52 402
52 415
52 416
52 417
52 418
52 422
52 436
52 437
52 440
52 442
52 448
52 449
52 462
52 463
52 464
52 465
52 497
52 498
52 505
52 506
52 509
52 543
52 565
52 593
52 594
53 55
53 59
53 60
53 61
53 64
53 70
53 84
53 86
53 89
53 91
53 95
53 107
53 109
53 112
53 113
53 115
53 117
53 118
53 119
53 120
53 123
53 124
53 127
53 130
53 131
53 143
53 145
53 146
53 147
53 150
53 190
53 191
53 192
53 193
53 194
53 204
53 211
53 224
53 225
53 241
53 242
53 246
53 259
53 277
53 296
53 343
53 345
53 350
53 351
53 352
53 354
53 381
53 393
53 396
53 398
53 402
53 409
53 413
53 415
53 439
53 534
53 552
53 565
53 593
53 594
54 56
54 60
54 117
54 150
54 340
54 342
54 343
54 346
54 347
54 409
54 436
54 465
55 64
55 72
55 89
55 109
55 112
55 117
55 118
55 119
55 120
55 124
55 131
55 143
55 144
55 145
55 146
55 190
55 191
55 193
55 194
55 207
55 209
55 211
55 212
55 221
55 224
55 225
55 246
55 296
55 325
55 398
55 402
55 412
55 439
55 509
55 565
56 57
56 58
56 117
56 259
56 409
57 60
57 65
57 79
57 117
57 118
57 122
57 123
57 124
57 131
57 145
57 146
57 148
57 149
57 150
57 239
57 253
57 254
57 272
57 341
57 346
57 347
57 349
57 350
57 402
57 409
57 415
57 416
57 418
57 437
57 465
57 509
57 565
57 576
57 593
58 349
59 60
59 61
59 62
59 64
59 67
59 68
59 86
59 121
59 145
59 147
59 225
59 341
59 343
59 344
59 345
59 348
59 349
59 351
59 352
59 353
59 354
59 358
59 359
59 393
59 398
59 409
59 410
59 412
59 413
59 420
59 439
59 445
59 446
59 534
59 593
59 594
60 61
60 62
60 63
60 64
60 65
60 66
60 67
60 70
60 71
60 72
60 80
60 84
60 86
60 89
60 91
60 92
60 112
60 118
60 121
60 122
60 123
60 127
60 128
60 130
60 131
60 136
60 138
60 139
60 140
60 141
60 145
60 146
60 147
60 148
60 149
60 150
60 154
60 159
60 160
60 161
60 190
60 191
60 198
60 199
60 201
60 203
60 204
60 207
60 210
60 212
60 214
60 225
60 254
60 259
60 272
60 277
60 278
60 280
60 296
60 338
60 339
60 341
60 342
60 343
60 344
60 345
60 346
60 347
60 348
60 349
60 350
60 351
60 352
60 353
60 354
60 356
60 357
60 358
60 359
60 360
60 361
60 368
60 370
60 375
60 381
60 396
60 398
60 402
60 407
60 409
60 412
60 413
60 414
60 415
60 416
60 418
60 420
60 422
60 436
60 437
60 439
60 440
60 445
60 446
60 447
60 448
60 450
60 465
60 466
60 490
60 492
60 505
60 509
60 534
60 552
60 565
60 576
60 593
60 594
61 62
61 63
61 64
61 66
61 67
61 68
61 70
61 80
61 84
61 112
61 121
61 122
61 123
61 131
61 140
61 141
61 145
61 146
61 147
61 148
61 149
61 150
61 160
61 161
61 190
61 198
61 199
61 201
61 203
61 204
61 210
61 214
61 225
61 277
61 278
61 341
61 342
61 343
61 344
61 345
61 347
61 348
61 349
61 350
61 351
61 352
61 353
61 354
61 356
61 357
61 358
61 359
61 360
61 361
61 363
61 370
61 398
61 402
61 409
61 413
61 415
61 416
61 418
61 420
61 422
61 436
61 437
61 439
61 440
61 445
61 446
61 447
61 448
61 465
61 466
61 509
61 565
61 576
61 593
61 594
62 63
62 64
62 66
62 67
62 68
62 70
62 139
62 147
62 161
62 199
62 203
62 277
62 341
62 345
62 352
62 353
62 354
62 357
62 358
62 359
62 363
62 413
62 420
62 432
62 437
62 439
62 445
62 446
62 447
62 465
62 466
62 576
62 594
63 65
63 66
63 67
63 134
63 136
63 139
63 148
63 151
63 152
63 157
63 160
63 161
63 163
63 198
63 199
63 254
63 272
63 338
63 339
63 341
63 345
63 350
63 353
63 356
63 357
63 358
63 359
63 360
63 362
63 363
63 365
63 370
63 371
63 375
63 382
63 413
63 414
63 415
63 416
63 417
63 418
63 419
63 420
63 421
63 422
63 430
63 432
63 433
63 435
63 436
63 437
63 438
63 440
63 441
63 442
63 445
63 446
63 447
63 448
63 451
63 454
63 455
63 458
63 460
63 463
63 464
63 465
63 466
63 467
63 490
63 497
63 501
63 504
63 505
63 510
63 519
63 593
63 599
63 600
64 66
64 67
64 70
64 84
64 86
64 89
64 91
64 112
64 118
64 121
64 122
64 123
64 127
64 128
64 130
64 131
64 140
64 141
64 145
64 147
64 150
64 161
64 190
64 191
64 198
64 199
64 201
64 203
64 204
64 207
64 225
64 277
64 280
64 296
64 338
64 339
64 341
64 343
64 345
64 348
64 349
64 350
64 351
64 352
64 353
64 354
64 357
64 358
64 359
64 360
64 361
64 370
64 381
64 382
64 393
64 396
64 398
64 401
64 402
64 412
64 413
64 414
64 415
64 416
64 420
64 422
64 436
64 439
64 440
64 445
64 447
64 448
64 505
64 509
64 534
64 565
64 593
64 594
65 66
65 122
65 123
65 148
65 149
65 150
65 151
65 152
65 160
65 163
65 195
65 198
65 199
65 203
65 253
65 254
65 272
65 277
65 341
65 347
65 350
65 356
65 357
65 358
65 360
65 362
65 370
65 415
65 416
65 417
65 418
65 422
65 436
65 437
65 438
65 440
65 441
65 442
65 446
65 448
65 451
65 462
65 463
65 464
65 465
65 466
65 490
65 497
65 504
65 545
65 563
65 565
65 576
65 593
66 67
66 70
66 84
66 151
66 160
66 161
66 195
66 198
66 199
66 200
66 210
66 272
66 275
66 277
66 339
66 341
66 343
66 345
66 350
66 352
66 353
66 354
66 357
66 358
66 359
66 360
66 361
66 362
66 363
66 370
66 375
66 382
66 413
66 414
66 415
66 416
66 417
66 420
66 436
66 438
66 440
66 441
66 445
66 447
66 451
66 464
66 465
66 466
66 490
66 504
66 505
66 594
67 84
67 121
67 140
67 147
67 151
67 161
67 198
67 199
67 277
67 338
67 339
67 341
67 344
67 345
67 349
67 350
67 352
67 353
67 354
67 357
67 358
67 359
67 360
67 361
67 363
67 370
67 382
67 410
67 413
67 414
67 416
67 420
67 422
67 430
67 437
67 438
67 439
67 440
67 445
67 446
67 447
67 454
67 464
67 465
67 466
67 504
67 593
67 594
68 112
68 242
68 259
68 261
68 279
68 294
68 296
68 297
68 552
69 71
69 72
69 80
69 85
69 131
69 135
69 281
70 72
70 135
70 136
70 150
70 158
70 161
70 199
70 341
70 345
70 352
70 353
70 354
70 370
70 439
70 443
70 447
71 72
71 80
71 85
71 89
71 112
71 113
71 118
71 119
71 122
71 123
71 127
71 128
71 129
71 130
71 131
71 135
71 141
71 146
71 154
71 164
71 190
71 191
71 199
71 203
71 207
71 209
71 210
71 212
71 260
71 274
71 296
71 368
71 565
71 575
72 80
72 85
72 89
72 112
72 118
72 123
72 127
72 128
72 130
72 131
72 135
72 136
72 138
72 139
72 141
72 146
72 154
72 158
72 159
72 161
72 164
72 190
72 191
72 199
72 203
72 207
72 209
72 210
72 212
72 439
72 444
72 449
72 552
72 565
73 133
74 75
74 77
74 78
74 138
74 372
74 424
74 575
75 77
76 82
76 113
76 281
76 300
77 78
77 84
77 127
77 159
77 160
77 199
77 358
77 359
77 372
78 82
78 113
78 114
78 127
79 84
79 89
79 127
79 129
79 130
79 140
80 122
80 123
80 127
80 128
80 130
80 131
80 137
80 138
80 139
80 141
80 146
80 148
80 150
80 154
80 158
80 164
80 190
80 191
80 204
80 209
80 341
80 368
80 369
80 402
80 422
80 450
80 565
80 575
80 593
81 258
82 84
82 99
82 112
82 113
82 115
82 127
82 129
82 130
82 131
82 225
82 241
83 249
84 86
84 89
84 92
84 112
84 113
84 122
84 123
84 127
84 128
84 130
84 131
84 141
84 145
84 148
84 149
84 159
84 160
84 190
84 191
84 195
84 198
84 199
84 203
84 204
84 210
84 214
84 225
84 241
84 242
84 254
84 259
84 277
84 280
84 295
84 337
84 341
84 343
84 345
84 350
84 352
84 358
84 368
84 370
84 402
84 406
84 407
84 413
84 415
84 438
84 445
84 463
84 465
84 551
84 552
84 565
84 575
84 576
84 593
84 594
85 131
85 190
85 191
86 89
86 91
86 122
86 123
86 127
86 128
86 130
86 138
86 141
86 171
86 190
86 203
86 280
86 338
86 339
86 343
86 345
86 352
86 354
86 358
86 380
86 381
86 382
86 413
86 420
86 436
86 445
86 475
86 535
86 593
86 594
87 373
87 380
88 90
88 129
89 91
89 95
89 112
89 113
89 115
89 116
89 118
89 120
89 127
89 128
89 130
89 131
89 145
89 190
89 191
89 225
89 296
89 338
89 343
89 351
89 352
89 381
89 398
89 565
90 126
90 380
91 127
91 130
91 338
91 339
91 351
91 380
91 381
91 382
91 398
91 413
91 414
91 445
91 593
92 101
92 109
92 122
92 123
92 141
92 145
92 146
92 148
92 154
92 190
92 191
92 195
92 196
92 198
92 203
92 204
92 207
92 209
92 212
92 214
92 221
92 222
92 225
92 253
92 254
92 259
92 274
92 280
92 295
92 347
92 349
92 350
92 360
92 402
92 409
92 415
92 416
92 418
92 474
92 490
92 492
92 494
92 497
92 509
92 510
92 534
92 565
93 94
93 103
93 104
93 105
93 106
93 109
93 192
93 194
93 308
93 324
93 326
94 95
94 105
94 225
94 303
94 304
94 308
94 324
94 326
94 337
94 343
94 393
94 409
94 410
94 546
95 96
95 99
95 113
95 114
95 130
95 145
95 224
95 225
95 241
95 242
95 343
95 593
97 99
97 103
97 104
97 105
97 107
97 120
97 189
97 224
98 100
98 104
98 105
98 108
98 189
98 290
98 318
98 319
98 320
98 321
99 113
99 145
99 224
99 225
99 228
99 240
99 241
99 242
99 243
99 246
99 279
99 300
99 551
99 554
100 101
100 103
100 104
100 105
100 108
100 189
100 318
100 319
100 320
100 321
100 322
100 323
100 324
100 327
100 329
100 332
100 333
100 334
100 531
101 103
101 104
101 105
101 106
101 109
101 123
101 145
101 187
101 188
101 189
101 190
101 191
101 192
101 193
101 194
101 196
101 201
101 204
101 212
101 224
101 225
101 321
101 324
101 326
101 335
101 384
101 390
101 397
101 402
101 417
101 494
101 497
101 531
101 534
102 179
102 249
102 283
102 316
102 480
102 483
102 567
103 104
103 105
103 106
103 108
103 109
103 189
103 190
103 192
103 193
103 194
103 211
103 224
103 225
103 246
103 324
103 326
103 384
103 531
103 534
104 105
104 107
104 108
104 109
104 189
104 192
104 193
104 194
104 224
104 246
104 305
104 319
104 320
104 322
104 323
104 324
104 326
104 327
104 329
104 531
105 106
105 108
105 109
105 117
105 120
105 189
105 192
105 193
105 194
105 211
105 224
105 246
105 320
105 323
105 324
105 326
105 334
105 393
105 395
105 397
105 495
105 531
105 534
106 109
106 119
106 120
106 189
106 192
106 194
106 223
106 224
106 320
106 334
106 395
106 397
106 399
106 495
107 108
107 111
107 112
107 113
107 114
107 116
107 117
107 120
107 192
107 194
107 224
107 265
107 393
108 224
108 228
108 244
108 246
108 320
108 322
108 324
108 326
108 327
108 329
108 333
108 393
108 395
108 531
108 551
108 554
108 555
109 112
109 116
109 117
109 118
109 119
109 120
109 123
109 124
109 131
109 143
109 145
109 146
109 154
109 187
109 189
109 190
109 191
109 192
109 193
109 194
109 204
109 207
109 209
109 211
109 212
109 214
109 221
109 222
109 224
109 225
109 239
109 246
109 274
109 296
109 325
109 326
109 343
109 351
109 393
109 395
109 396
109 397
109 398
109 399
109 402
109 409
109 412
109 495
109 509
109 531
109 533
109 534
109 565
109 593
110 400
111 120
111 393
111 395
112 113
112 114
112 115
112 116
112 117
112 118
112 127
112 128
112 130
112 131
112 141
112 145
112 146
112 159
112 190
112 191
112 194
112 195
112 204
112 207
112 208
112 209
112 210
112 211
112 214
112 225
112 242
112 244
112 259
112 261
112 265
112 274
112 294
112 295
112 296
112 343
112 393
112 396
112 398
112 402
112 406
112 407
112 411
112 439
112 488
112 552
112 565
112 594
113 114
113 115
113 116
113 117
113 118
113 127
113 128
113 129
113 130
113 131
113 190
113 191
113 194
113 208
113 209
113 211
113 241
113 259
113 263
113 265
113 294
113 296
113 552
114 115
114 116
114 130
114 208
114 265
115 116
115 117
115 118
115 127
115 130
115 131
115 191
115 194
115 241
115 246
115 260
115 261
115 265
115 296
116 117
116 118
116 119
116 120
116 129
116 131
116 191
116 194
116 211
116 221
116 224
116 241
116 246
116 259
116 260
116 261
116 265
116 296
116 488
116 552
117 118
117 119
117 123
117 124
117 131
117 145
117 146
117 190
117 191
117 192
117 193
117 194
117 204
117 207
117 209
117 211
117 212
117 221
117 222
117 224
117 225
117 246
117 259
117 260
117 261
117 296
117 343
117 398
117 402
117 409
117 509
117 552
117 553
117 565
118 119
118 120
118 123
118 124
118 131
118 143
118 145
118 146
118 147
118 190
118 191
118 192
118 193
118 194
118 207
118 209
118 211
118 212
118 221
118 222
118 224
118 225
118 246
118 259
118 260
118 261
118 296
118 398
118 399
118 402
118 409
118 509
118 552
118 553
118 565
119 120
119 121
119 131
119 143
119 145
119 146
119 147
119 190
119 191
119 192
119 194
119 209
119 211
119 212
119 221
119 222
119 223
119 224
119 225
119 246
119 274
119 296
119 393
119 395
119 397
119 398
119 399
119 401
119 412
119 533
119 534
120 143
120 145
120 191
120 192
120 194
120 211
120 221
120 224
120 225
120 246
120 326
120 393
120 395
120 397
120 398
120 399
120 401
120 412
120 495
120 534
121 145
121 146
121 147
121 224
121 225
121 341
121 349
121 351
121 352
121 360
121 381
121 394
121 397
121 398
121 399
121 401
121 407
121 409
121 412
121 413
121 414
121 445
121 492
121 534
121 593
121 594
122 123
122 124
122 125
122 127
122 128
122 130
122 131
122 136
122 138
122 139
122 141
122 145
122 146
122 148
122 149
122 150
122 151
122 152
122 153
122 154
122 156
122 159
122 160
122 161
122 163
122 164
122 190
122 191
122 195
122 196
122 198
122 199
122 201
122 203
122 204
122 207
122 209
122 210
122 212
122 214
122 225
122 253
122 254
122 272
122 277
122 280
122 295
122 339
122 341
122 342
122 343
122 345
122 346
122 347
122 349
122 350
122 352
122 357
122 358
122 360
122 368
122 370
122 402
122 415
122 416
122 417
122 418
122 422
122 436
122 437
122 440
122 442
122 446
122 448
122 449
122 450
122 456
122 463
122 464
122 465
122 475
122 497
122 498
122 509
122 520
122 534
122 543
122 565
122 576
122 593
122 594
123 124
123 125
123 127
123 128
123 130
123 131
123 136
123 138
123 141
123 145
123 146
123 148
123 149
123 150
123 153
123 154
123 156
123 159
123 160
123 164
123 190
123 191
123 195
123 196
123 198
123 199
123 201
123 203
123 204
123 207
123 209
123 210
123 212
123 213
123 214
123 224
123 225
123 239
123 246
123 253
123 254
123 259
123 272
123 277
123 280
123 295
123 326
123 341
123 342
123 343
123 345
123 346
123 347
123 350
123 352
123 357
123 358
123 370
123 402
123 415
123 416
123 417
123 418
123 436
123 437
123 439
123 442
123 446
123 448
123 456
123 463
123 465
123 497
123 498
123 509
123 514
123 520
123 534
123 552
123 565
123 576
123 593
123 594
124 125
124 141
124 143
124 145
124 146
124 148
124 150
124 153
124 164
124 190
124 191
124 201
124 203
124 204
124 341
124 342
124 343
124 346
124 347
124 350
124 357
124 398
124 402
124 415
124 416
124 418
124 437
124 439
124 440
124 442
124 448
124 509
124 564
124 565
124 593
125 136
125 148
125 151
125 152
125 153
125 154
125 164
125 188
125 196
125 199
125 201
125 203
125 341
125 347
125 350
125 357
125 370
125 415
125 416
125 417
125 418
125 422
125 431
125 436
125 437
125 440
125 442
125 446
125 448
125 449
125 456
125 467
125 497
125 498
125 506
125 510
125 514
125 515
125 520
127 128
127 129
127 130
127 131
127 136
127 141
127 161
127 190
127 191
127 199
127 201
127 203
127 204
127 207
127 208
127 209
127 210
127 295
127 338
127 345
127 368
127 370
127 422
127 449
127 565
127 594
128 129
128 130
128 131
128 138
128 139
128 141
128 145
128 152
128 154
128 161
128 190
128 191
128 199
128 201
128 203
128 204
128 207
128 208
128 209
128 210
128 212
128 225
128 436
128 439
128 509
128 533
128 565
128 575
129 130
129 131
129 274
130 131
130 138
130 141
130 145
130 156
130 159
130 190
130 191
130 199
130 203
130 204
130 208
130 209
130 210
130 214
130 224
130 225
130 280
130 295
130 296
130 338
130 339
130 341
130 343
130 345
130 352
130 368
130 370
130 381
130 402
130 424
130 436
130 445
130 509
130 552
130 565
130 575
130 593
130 594
131 138
131 141
131 145
131 146
131 154
131 159
131 161
131 164
131 190
131 191
131 193
131 194
131 199
131 201
131 203
131 204
131 207
131 208
131 209
131 210
131 211
131 212
131 214
131 221
131 222
131 224
131 225
131 259
131 274
131 295
131 296
131 402
131 439
131 450
131 509
131 534
131 552
131 565
131 575
131 576
131 594
132 133
132 137
132 158
132 428
134 139
134 161
134 199
134 421
134 430
134 433
134 435
134 451
135 543
136 139
136 140
136 141
136 148
136 153
136 154
136 155
136 156
136 157
136 158
136 159
136 160
136 161
136 163
136 164
136 190
136 195
136 196
136 197
136 198
136 199
136 201
136 203
136 204
136 207
136 209
136 210
136 212
136 219
136 253
136 254
136 272
136 339
136 341
136 350
136 357
136 358
136 360
136 415
136 416
136 418
136 422
136 428
136 436
136 437
136 439
136 440
136 442
136 447
136 448
136 449
136 450
136 454
136 455
136 456
136 458
136 463
136 464
136 465
136 466
136 474
136 490
136 498
136 505
136 510
136 512
136 514
136 515
136 516
136 520
136 541
137 139
137 158
137 164
137 367
137 428
137 448
137 449
137 506
138 139
138 141
138 150
138 152
138 159
138 161
138 190
138 199
138 210
138 341
138 342
138 345
138 357
138 358
138 436
138 437
138 439
138 446
138 447
138 456
139 141
139 148
139 151
139 152
139 157
139 159
139 161
139 199
139 341
139 345
139 353
139 357
139 358
139 368
139 370
139 371
139 375
139 414
139 416
139 418
139 421
139 422
139 430
139 432
139 433
139 435
139 436
139 437
139 445
139 446
139 447
139 448
139 449
139 450
139 451
139 456
139 464
139 466
140 141
140 148
140 150
140 158
140 161
140 198
140 199
140 341
140 342
140 349
140 350
140 357
140 358
140 416
140 418
140 422
140 428
140 431
140 436
140 437
140 439
140 440
140 447
140 448
140 455
140 464
140 466
140 509
141 146
141 148
141 150
141 154
141 157
141 159
141 161
141 190
141 191
141 198
141 199
141 201
141 203
141 204
141 207
141 209
141 210
141 212
141 254
141 295
141 339
141 341
141 342
141 345
141 350
141 357
141 358
141 360
141 368
141 370
141 402
141 413
141 415
141 416
141 418
141 422
141 436
141 437
141 446
141 447
141 448
141 463
141 465
141 466
141 509
141 565
141 593
141 594
142 261
143 144
143 145
143 146
143 191
143 193
143 194
143 211
143 212
143 221
143 224
143 225
143 241
143 246
143 296
143 443
143 531
144 221
144 439
144 443
145 146
145 147
145 148
145 149
145 154
145 159
145 160
145 190
145 191
145 192
145 194
145 198
145 203
145 204
145 209
145 210
145 211
145 212
145 214
145 224
145 225
145 239
145 241
145 242
145 245
145 246
145 253
145 254
145 259
145 274
145 277
145 326
145 341
145 343
145 345
145 350
145 351
145 352
145 360
145 370
145 393
145 395
145 396
145 397
145 398
145 399
145 402
145 407
145 412
145 413
145 415
145 416
145 420
145 439
145 445
145 509
145 534
145 552
145 565
145 576
145 593
145 594
146 148
146 150
146 154
146 156
146 158
146 159
146 164
146 190
146 191
146 198
146 203
146 204
146 207
146 209
146 210
146 212
146 214
146 225
146 239
146 242
146 246
146 253
146 254
146 259
146 260
146 274
146 280
146 296
146 326
146 341
146 342
146 343
146 347
146 349
146 350
146 351
146 352
146 360
146 393
146 398
146 402
146 409
146 415
146 416
146 439
146 463
146 465
146 509
146 534
146 543
146 548
146 552
146 565
146 576
146 593
146 594
147 225
147 296
147 348
147 351
147 352
147 393
147 398
147 399
147 409
147 412
147 413
147 445
147 534
147 593
148 149
148 150
148 151
148 152
148 153
148 154
148 155
148 156
148 157
148 158
148 159
148 160
148 161
148 163
148 164
148 190
148 195
148 196
148 198
148 199
148 203
148 204
148 210
148 214
148 219
148 239
148 253
148 254
148 272
148 277
148 295
148 341
148 342
148 343
148 345
148 347
148 350
148 357
148 358
148 360
148 368
148 370
148 375
148 402
148 413
148 415
148 416
148 417
148 418
148 422
148 428
148 436
148 437
148 438
148 439
148 440
148 442
148 446
148 448
148 449
148 450
148 451
148 454
148 456
148 462
148 463
148 464
148 465
148 466
148 474
148 490
148 497
148 498
148 506
148 509
148 510
148 514
148 515
148 516
148 520
148 543
148 545
148 563
148 565
148 570
148 576
148 593
148 594
149 150
149 159
149 160
149 195
149 198
149 204
149 214
149 219
149 225
149 232
149 242
149 253
149 254
149 272
149 277
149 341
149 343
149 345
149 350
149 352
149 357
149 358
149 415
149 416
149 420
149 437
149 438
149 441
149 446
149 462
149 463
149 464
149 465
149 516
149 551
149 552
149 565
149 569
149 570
149 576
149 593
149 594
150 158
150 160
150 164
150 198
150 199
150 201
150 203
150 214
150 254
150 272
150 277
150 278
150 340
150 341
150 342
150 343
150 344
150 345
150 346
150 347
150 348
150 349
150 350
150 352
150 353
150 354
150 357
150 358
150 360
150 370
150 402
150 407
150 409
150 413
150 415
150 416
150 418
150 422
150 428
150 436
150 437
150 439
150 440
150 442
150 446
150 447
150 448
150 456
150 463
150 464
150 465
150 466
150 474
150 506
150 509
150 565
150 576
150 593
151 152
151 160
151 163
151 199
151 272
151 341
151 345
151 347
151 350
151 353
151 356
151 357
151 358
151 362
151 370
151 375
151 414
151 415
151 416
151 417
151 418
151 420
151 421
151 430
151 435
151 436
151 437
151 440
151 442
151 445
151 446
151 448
151 451
151 454
151 458
151 464
151 466
151 467
151 490
151 497
151 504
151 519
151 520
151 593
152 159
152 160
152 161
152 199
152 272
152 341
152 357
152 358
152 416
152 418
152 436
152 437
152 446
152 447
152 449
152 456
152 466
153 154
153 163
153 164
153 195
153 196
153 201
153 203
153 204
153 205
153 212
153 214
153 253
153 254
153 274
153 295
153 347
153 350
153 402
153 415
153 416
153 417
153 418
153 422
153 442
153 456
153 465
153 467
153 497
153 498
153 509
153 510
153 515
153 520
153 545
153 563
154 155
154 156
154 157
154 158
154 159
154 161
154 163
154 164
154 190
154 191
154 195
154 196
154 197
154 198
154 199
154 203
154 204
154 207
154 209
154 210
154 212
154 214
154 219
154 221
154 239
154 250
154 253
154 254
154 267
154 274
154 341
154 347
154 350
154 360
154 368
154 370
154 402
154 413
154 415
154 416
154 418
154 422
154 439
154 450
154 451
154 452
154 454
154 456
154 463
154 464
154 465
154 474
154 490
154 492
154 509
154 510
154 514
154 515
154 520
154 543
154 545
154 563
154 565
154 593
154 594
155 156
155 157
155 159
155 160
155 161
155 163
155 195
155 196
155 197
155 198
155 218
155 219
155 233
155 234
155 239
155 250
155 253
155 254
155 267
155 268
155 272
155 273
155 275
155 280
155 415
155 416
155 452
155 453
155 454
155 463
155 464
155 465
155 466
155 515
155 516
155 543
155 545
155 561
155 570
155 571
156 157
156 159
156 160
156 163
156 164
156 195
156 196
156 197
156 198
156 203
156 204
156 209
156 210
156 213
156 214
156 219
156 232
156 233
156 234
156 239
156 244
156 250
156 252
156 253
156 254
156 267
156 268
156 271
156 272
156 273
156 274
156 280
156 341
156 343
156 358
156 370
156 415
156 416
156 446
156 447
156 449
156 452
156 463
156 464
156 465
156 498
156 515
156 516
156 521
156 543
156 544
156 545
156 549
156 552
156 558
156 565
156 570
156 571
156 593
157 159
157 160
157 161
157 163
157 195
157 197
157 198
157 199
157 203
157 204
157 210
157 214
157 218
157 219
157 233
157 239
157 250
157 253
157 254
157 267
157 268
157 272
157 339
157 341
157 357
157 358
157 370
157 415
157 416
157 418
157 422
157 436
157 437
157 439
157 446
157 447
157 451
157 452
157 453
157 454
157 463
157 464
157 465
157 466
157 515
157 516
157 528
157 541
157 543
157 544
157 545
157 552
157 561
157 563
157 570
157 571
157 574
157 593
158 161
158 164
158 254
158 415
158 416
158 418
158 428
158 439
158 446
158 448
158 455
158 456
158 463
158 464
158 465
158 474
159 160
159 161
159 190
159 197
159 198
159 199
159 203
159 204
159 207
159 208
159 209
159 210
159 214
159 219
159 239
159 253
159 254
159 259
159 267
159 268
159 272
159 279
159 339
159 341
159 343
159 358
159 416
159 436
159 437
159 439
159 446
159 447
159 450
159 456
159 463
159 465
159 466
159 516
159 541
159 545
159 552
159 565
159 574
159 576
159 593
159 594
160 161
160 163
160 195
160 197
160 198
160 199
160 200
160 203
160 204
160 210
160 214
160 219
160 253
160 254
160 272
160 275
160 277
160 279
160 280
160 295
160 339
160 341
160 345
160 350
160 357
160 358
160 370
160 375
160 415
160 416
160 417
160 420
160 436
160 437
160 438
160 440
160 441
160 442
160 446
160 448
160 451
160 462
160 463
160 464
160 465
160 466
160 467
160 474
160 497
160 498
160 520
160 521
160 545
160 565
160 576
160 593
160 594
161 190
161 198
161 199
161 201
161 203
161 207
161 209
161 210
161 219
161 254
161 272
161 341
161 357
161 358
161 416
161 418
161 422
161 436
161 437
161 439
161 446
161 447
161 448
161 451
161 455
161 456
161 463
161 464
161 465
161 466
161 474
161 541
162 462
162 550
163 195
163 197
163 198
163 253
163 254
163 266
163 272
163 275
163 277
163 341
163 347
163 350
163 357
163 370
163 375
163 415
163 416
163 417
163 418
163 419
163 422
163 436
163 437
163 438
163 440
163 441
163 442
163 448
163 451
163 452
163 454
163 460
163 462
163 463
163 464
163 465
163 466
163 467
163 490
163 492
163 501
163 504
163 505
163 506
163 510
163 512
163 515
163 519
163 521
163 543
163 545
163 549
163 561
163 563
163 565
163 570
163 571
164 195
164 196
164 201
164 203
164 204
164 210
164 214
164 219
164 253
164 254
164 272
164 274
164 295
164 340
164 341
164 342
164 345
164 347
164 350
164 352
164 368
164 370
164 402
164 415
164 416
164 418
164 422
164 437
164 440
164 442
164 443
164 448
164 449
164 450
164 456
164 463
164 464
164 465
164 474
164 491
164 497
164 498
164 515
164 543
164 565
165 473
166 470
166 471
167 168
168 172
168 202
168 252
168 375
168 473
168 475
168 478
168 521
168 547
168 569
168 579
169 170
169 173
169 247
169 476
169 477
169 479
169 523
169 556
169 557
170 173
170 174
170 176
170 177
170 179
170 247
170 314
170 316
170 379
170 473
170 476
170 477
170 479
170 482
170 483
170 486
170 526
170 556
170 557
170 559
171 252
172 200
172 213
172 234
172 248
172 268
172 269
172 270
172 271
172 275
172 277
172 441
172 521
172 549
172 551
172 569
172 573
173 174
173 247
173 313
173 476
173 477
173 479
173 523
173 538
173 557
173 559
173 567
174 176
174 177
174 179
174 182
174 217
174 249
174 283
174 307
174 311
174 313
174 314
174 315
174 477
174 479
174 480
174 482
174 483
174 485
174 507
174 526
174 559
174 567
175 176
175 177
175 178
175 179
175 182
175 183
175 185
175 186
175 249
175 255
175 307
175 311
175 316
175 379
175 459
175 480
175 481
175 482
175 483
175 484
175 485
175 486
175 538
176 177
176 179
176 182
176 249
176 255
176 314
176 316
176 379
176 457
176 459
176 479
176 480
176 481
176 482
176 483
176 485
176 486
176 487
176 538
177 179
177 181
177 182
177 183
177 249
177 255
177 307
177 310
177 311
177 314
177 315
177 316
177 379
177 459
177 480
177 481
177 482
177 483
177 484
177 485
177 486
177 487
178 183
178 255
179 181
179 182
179 183
179 249
179 255
179 283
179 307
179 311
179 314
179 315
179 316
179 379
179 459
179 480
179 481
179 482
179 483
179 484
179 485
179 486
179 487
179 538
179 559
179 586
180 482
181 183
181 311
181 316
181 480
181 481
181 483
181 486
182 249
182 255
182 379
182 457
182 480
182 482
182 483
182 485
182 486
183 247
183 311
183 316
183 480
183 481
183 483
183 484
183 486
184 276
185 480
185 481
185 482
185 567
186 486
187 188
187 193
187 384
188 201
188 335
188 384
188 391
188 417
188 475
188 494
188 497
188 599
189 192
189 193
189 194
189 223
189 224
189 320
189 323
189 324
189 334
189 384
189 531
190 191
190 192
190 193
190 194
190 199
190 201
190 203
190 204
190 207
190 208
190 209
190 210
190 211
190 212
190 214
190 221
190 222
190 224
190 225
190 295
190 296
190 350
190 399
190 402
190 439
190 509
190 533
190 534
190 565
190 575
190 593
191 192
191 193
191 194
191 201
191 204
191 207
191 209
191 210
191 211
191 212
191 221
191 222
191 224
191 225
191 246
191 397
191 398
191 399
191 402
191 439
191 509
191 533
191 534
191 565
191 593
192 193
192 194
192 204
192 211
192 212
192 221
192 222
192 224
192 225
192 246
192 324
192 326
192 393
192 395
192 396
192 397
192 531
192 534
193 194
193 201
193 204
193 207
193 211
193 212
193 221
193 222
193 224
193 384
193 531
194 211
194 212
194 221
194 222
194 223
194 224
194 225
194 246
194 296
194 326
194 393
194 399
194 531
194 533
194 553
195 196
195 197
195 198
195 202
195 203
195 204
195 210
195 213
195 214
195 219
195 233
195 234
195 239
195 253
195 254
195 267
195 268
195 271
195 272
195 273
195 274
195 295
195 347
195 350
195 370
195 402
195 407
195 415
195 416
195 417
195 440
195 442
195 462
195 463
195 464
195 465
195 467
195 491
195 515
195 516
195 520
195 521
195 543
195 545
195 565
195 570
195 571
195 594
196 203
196 204
196 209
196 210
196 212
196 213
196 214
196 219
196 234
196 239
196 253
196 254
196 273
196 274
196 295
196 415
196 417
196 418
196 465
196 497
196 498
196 515
196 520
196 545
197 198
197 214
197 218
197 219
197 233
197 239
197 250
197 253
197 254
197 267
197 268
197 272
197 454
197 463
197 465
197 528
197 560
197 561
197 570
198 199
198 200
198 203
198 204
198 207
198 210
198 214
198 219
198 253
198 254
198 259
198 272
198 275
198 276
198 277
198 280
198 295
198 339
198 341
198 342
198 343
198 345
198 349
198 350
198 352
198 357
198 358
198 360
198 362
198 402
198 415
198 416
198 418
198 420
198 436
198 437
198 438
198 439
198 440
198 441
198 442
198 445
198 448
198 455
198 458
198 462
198 463
198 464
198 465
198 466
198 474
198 490
198 505
198 509
198 520
198 565
198 593
198 594
199 201
199 203
199 204
199 207
199 210
199 254
199 272
199 277
199 341
199 345
199 350
199 353
199 356
199 357
199 358
199 360
199 370
199 375
199 415
199 416
199 418
199 420
199 422
199 435
199 436
199 437
199 439
199 442
199 445
199 446
199 447
199 448
199 449
199 450
199 451
199 455
199 456
199 465
199 466
199 497
199 510
200 202
200 272
200 275
200 277
200 362
200 363
200 438
200 440
200 441
200 462
200 502
200 504
200 521
200 551
201 202
201 203
201 204
201 207
201 210
201 341
201 347
201 350
201 357
201 360
201 368
201 384
201 415
201 416
201 417
201 418
201 422
201 431
201 439
201 440
201 443
201 445
201 448
201 494
201 497
201 498
201 505
201 530
202 203
202 234
202 389
202 417
202 440
202 467
202 491
202 498
202 520
202 558
203 204
203 207
203 209
203 210
203 213
203 214
203 219
203 235
203 244
203 253
203 254
203 272
203 274
203 277
203 280
203 295
203 341
203 342
203 343
203 345
203 347
203 350
203 352
203 357
203 358
203 360
203 368
203 370
203 402
203 415
203 416
203 417
203 418
203 436
203 437
203 439
203 440
203 442
203 448
203 456
203 463
203 464
203 465
203 466
203 474
203 475
203 497
203 498
203 505
203 509
203 515
203 520
203 543
203 545
203 563
203 565
203 593
203 594
204 207
204 209
204 210
204 211
204 212
204 213
204 214
204 219
204 220
204 225
204 239
204 241
204 244
204 253
204 254
204 259
204 274
204 295
204 341
204 342
204 343
204 345
204 347
204 350
204 358
204 368
204 370
204 396
204 402
204 407
204 415
204 416
204 417
204 422
204 436
204 440
204 450
204 463
204 465
204 494
204 509
204 515
204 516
204 520
204 534
204 552
204 565
204 593
204 594
206 298
207 208
207 209
207 210
207 212
207 221
207 222
207 254
207 259
207 280
207 295
207 342
207 349
207 350
207 360
207 402
207 436
207 450
207 509
207 510
207 514
207 533
207 541
207 565
208 209
208 222
208 259
208 263
208 264
208 265
208 279
208 294
208 541
208 552
208 553
209 210
209 211
209 212
209 214
209 219
209 221
209 222
209 239
209 254
209 259
209 267
209 273
209 274
209 294
209 509
209 533
209 541
209 565
210 211
210 212
210 214
210 219
210 225
210 239
210 254
210 274
210 341
210 350
210 370
210 416
210 422
210 436
210 439
210 451
210 463
210 465
210 494
210 514
210 515
210 534
210 565
210 593
210 594
211 212
211 220
211 221
211 222
211 224
211 225
211 231
211 239
211 244
211 246
211 265
211 274
211 296
211 393
211 398
211 399
211 531
211 534
211 553
212 214
212 221
212 222
212 224
212 225
212 239
212 274
212 397
212 399
212 402
212 412
212 509
212 533
212 534
212 565
213 214
213 219
213 220
213 232
213 233
213 234
213 239
213 241
213 244
213 248
213 250
213 253
213 254
213 268
213 269
213 270
213 271
213 272
213 273
213 275
213 295
213 342
213 415
213 442
213 463
213 465
213 498
213 516
213 520
213 521
213 545
213 549
213 551
213 552
213 558
213 563
213 570
213 573
214 215
214 219
214 225
214 239
214 253
214 254
214 259
214 267
214 273
214 274
214 280
214 295
214 341
214 343
214 350
214 352
214 360
214 370
214 402
214 407
214 415
214 416
214 463
214 465
214 509
214 515
214 516
214 534
214 543
214 545
214 565
214 593
214 594
215 233
215 274
215 462
215 528
216 217
218 233
218 234
218 248
218 250
218 252
218 253
218 267
218 452
218 453
218 478
218 521
218 558
218 560
218 561
218 571
219 232
219 233
219 239
219 253
219 254
219 267
219 268
219 271
219 272
219 273
219 274
219 358
219 463
219 464
219 465
219 515
219 516
219 528
219 545
219 552
219 565
219 570
219 574
219 576
220 234
220 235
220 239
220 240
220 241
220 244
220 253
220 530
220 549
220 552
220 554
221 222
221 224
221 225
221 246
221 296
221 398
221 399
221 509
221 530
221 532
221 533
222 246
222 509
222 530
222 532
222 533
222 553
223 399
223 495
224 225
224 245
224 246
224 323
224 326
224 327
224 343
224 393
224 395
224 397
224 399
224 412
224 488
224 531
224 532
224 533
224 534
225 241
225 242
225 245
225 246
225 259
225 277
225 296
225 326
225 335
225 343
225 350
225 351
225 352
225 393
225 395
225 396
225 397
225 398
225 399
225 402
225 409
225 412
225 415
225 416
225 439
225 445
225 509
225 531
225 533
225 534
225 565
225 576
225 593
225 594
226 358
226 536
226 537
226 574
227 260
228 229
228 238
228 240
228 243
228 265
228 387
228 547
228 551
228 554
229 230
229 236
229 237
229 238
229 240
229 258
229 271
229 547
230 238
231 240
231 243
231 244
231 263
231 265
231 267
231 273
231 554
232 233
232 234
232 238
232 250
232 252
232 268
232 269
232 271
232 438
232 462
232 463
232 468
232 516
232 521
232 528
232 544
232 545
232 547
232 549
232 551
232 560
232 569
232 570
232 571
232 573
233 234
233 238
233 239
233 240
233 248
233 250
233 252
233 253
233 254
233 267
233 268
233 269
233 270
233 271
233 272
233 273
233 275
233 453
233 462
233 463
233 516
233 521
233 528
233 542
233 544
233 545
233 552
233 558
233 560
233 561
233 570
233 571
233 573
234 238
234 239
234 240
234 244
234 248
234 250
234 252
234 253
234 254
234 267
234 268
234 269
234 270
234 271
234 273
234 275
234 463
234 516
234 520
234 521
234 545
234 549
234 551
234 555
234 558
234 570
234 571
234 573
235 272
235 275
235 439
235 441
235 552
236 286
236 521
236 547
237 285
237 547
238 240
238 243
238 252
238 269
238 271
238 547
238 554
238 570
238 581
239 240
239 241
239 242
239 244
239 246
239 250
239 253
239 254
239 259
239 267
239 273
239 274
239 280
239 294
239 296
239 343
239 398
239 402
239 415
239 463
239 465
239 516
239 543
239 545
239 548
239 551
239 552
239 554
239 558
239 565
239 570
239 571
239 594
240 241
240 242
240 243
240 244
240 246
240 265
240 387
240 548
240 551
240 552
240 553
240 554
240 555
241 242
241 244
241 246
241 259
241 296
241 326
241 343
241 402
241 548
241 551
241 552
241 554
241 565
242 243
242 244
242 259
242 261
242 265
242 279
242 280
242 296
242 343
242 398
242 407
242 438
242 488
242 548
242 551
242 552
242 553
242 554
242 565
242 570
242 591
242 593
242 594
243 244
243 246
243 261
243 263
243 265
243 294
243 299
243 300
243 387
243 552
243 554
243 555
243 595
244 246
244 259
244 261
244 265
244 273
244 274
244 296
244 387
244 402
244 488
244 531
244 551
244 552
244 553
244 554
244 555
245 246
245 531
245 534
245 545
246 259
246 261
246 265
246 296
246 326
246 343
246 393
246 395
246 397
246 402
246 488
246 531
246 532
246 534
246 552
246 553
246 554
247 476
247 477
247 479
247 523
247 538
247 556
247 557
248 250
248 252
248 269
248 270
248 521
248 556
248 557
248 558
249 251
249 283
249 311
249 314
249 315
249 316
249 379
249 480
249 482
249 483
249 485
249 487
249 559
249 562
249 567
250 252
250 253
250 254
250 266
250 267
250 268
250 271
250 275
250 452
250 453
250 454
250 463
250 464
250 478
250 515
250 516
250 521
250 528
250 542
250 544
250 545
250 549
250 558
250 560
250 561
250 563
250 570
250 571
251 483
251 485
252 268
252 453
252 478
252 521
252 549
252 558
252 560
252 561
252 569
252 570
252 571
253 254
253 272
253 274
253 275
253 277
253 295
253 347
253 350
253 370
253 402
253 407
253 415
253 416
253 422
253 438
253 441
253 442
253 448
253 450
253 451
253 452
253 454
253 462
253 463
253 464
253 465
253 490
253 512
253 515
253 516
253 520
253 521
253 543
253 545
253 549
253 552
253 558
253 561
253 563
253 565
253 570
253 571
253 573
253 593
253 594
254 267
254 268
254 272
254 274
254 275
254 277
254 295
254 341
254 342
254 347
254 350
254 357
254 358
254 360
254 368
254 370
254 375
254 402
254 407
254 415
254 416
254 418
254 422
254 436
254 437
254 438
254 440
254 441
254 442
254 448
254 450
254 451
254 452
254 453
254 454
254 456
254 462
254 463
254 464
254 465
254 466
254 474
254 490
254 498
254 505
254 509
254 510
254 512
254 514
254 515
254 516
254 519
254 520
254 521
254 528
254 541
254 543
254 545
254 549
254 552
254 558
254 561
254 563
254 565
254 570
254 571
254 573
254 576
254 593
254 594
255 379
255 457
255 480
255 481
255 482
255 483
255 485
256 299
257 293
258 293
259 260
259 261
259 265
259 268
259 274
259 279
259 280
259 294
259 295
259 296
259 343
259 402
259 409
259 465
259 488
259 509
259 552
259 553
259 554
259 565
260 261
260 296
261 265
261 276
261 279
261 280
261 294
261 296
261 488
261 552
261 553
261 554
262 263
262 265
262 299
262 300
263 264
263 265
263 294
264 265
264 541
264 566
265 273
265 294
265 296
265 387
265 488
265 548
265 552
265 553
265 554
266 275
266 400
266 478
266 511
266 512
266 521
266 561
267 268
267 271
267 273
267 280
267 294
267 453
267 463
267 516
267 528
267 542
267 545
267 552
267 570
267 571
267 574
268 269
268 270
268 271
268 272
268 273
268 275
268 279
268 280
268 294
268 453
268 463
268 464
268 465
268 516
268 517
268 521
268 528
268 539
268 541
268 542
268 543
268 545
268 552
268 558
268 560
268 561
268 570
268 571
268 573
268 574
269 270
269 271
269 521
270 271
270 279
270 280
270 521
270 528
270 551
270 570
270 573
271 272
271 279
271 463
271 516
271 521
271 528
271 547
271 570
272 275
272 277
272 279
272 339
272 341
272 345
272 350
272 357
272 358
272 375
272 415
272 416
272 436
272 437
272 438
272 440
272 441
272 442
272 446
272 447
272 448
272 449
272 451
272 454
272 458
272 462
272 463
272 464
272 465
272 466
272 467
272 468
272 498
272 505
272 516
272 519
272 521
272 528
272 545
272 552
272 565
272 569
272 570
272 573
272 574
272 594
273 274
273 545
273 558
274 295
274 402
274 407
274 463
274 465
274 515
274 543
274 565
275 277
275 438
275 441
275 442
275 462
275 463
275 464
275 467
275 512
275 521
275 528
275 545
275 561
276 279
277 278
277 279
277 280
277 339
277 341
277 343
277 345
277 347
277 349
277 350
277 352
277 353
277 357
277 358
277 363
277 402
277 415
277 416
277 436
277 437
277 438
277 440
277 441
277 442
277 445
277 448
277 462
277 463
277 464
277 465
277 466
277 475
277 490
277 498
277 504
277 505
277 551
277 565
277 569
277 576
277 593
277 594
278 279
278 280
278 551
279 280
279 281
279 294
279 551
279 552
280 295
280 296
280 343
280 402
280 415
280 465
280 509
280 552
281 294
282 287
282 298
282 332
283 307
283 311
283 316
283 388
283 482
283 483
283 585
283 586
284 330
285 286
285 287
285 302
285 305
285 328
285 329
285 330
285 332
285 386
285 547
285 579
285 583
285 584
285 587
286 287
286 332
286 386
286 547
286 579
286 584
287 289
287 332
287 529
287 584
288 482
289 332
289 586
291 426
292 303
294 296
294 541
294 552
295 343
295 350
295 402
295 415
295 465
295 509
295 565
295 594
296 297
296 343
296 393
296 398
296 402
296 409
296 531
296 548
296 552
296 553
296 554
296 565
301 308
301 322
301 324
301 327
302 303
302 304
302 305
302 308
302 321
302 322
302 324
302 328
302 329
302 583
303 304
303 305
303 308
303 312
303 319
303 324
303 386
304 305
304 306
304 308
304 324
305 308
305 319
305 320
305 321
305 322
305 324
305 327
305 328
305 329
305 332
305 386
305 496
305 579
306 308
307 310
307 311
307 313
307 314
307 315
307 316
307 480
307 482
307 483
307 559
308 312
308 319
308 324
308 326
309 313
310 311
310 313
310 315
310 316
311 313
311 314
311 315
311 316
311 480
311 481
311 482
311 483
311 485
311 486
311 559
311 585
312 319
312 323
312 324
312 326
312 328
312 334
312 535
313 314
313 315
313 316
313 477
313 479
313 480
313 526
313 559
314 315
314 316
314 379
314 479
314 480
314 482
314 483
314 485
314 486
314 526
314 559
315 316
315 480
315 482
315 483
315 485
315 559
316 379
316 479
316 480
316 481
316 482
316 483
316 485
316 486
316 559
317 319
317 386
317 477
317 579
318 320
318 323
318 329
318 334
319 320
319 321
319 322
319 324
319 328
319 332
319 386
319 389
319 579
319 582
320 321
320 322
320 323
320 324
320 327
320 329
320 331
320 332
320 333
320 334
320 335
320 579
321 322
321 324
321 328
321 332
321 335
321 384
321 386
321 389
321 417
321 489
321 579
321 582
321 584
322 323
322 324
322 326
322 327
322 328
322 329
322 331
322 332
322 333
322 335
322 579
323 324
323 326
323 327
323 328
323 329
323 331
323 332
323 333
323 334
323 393
323 395
324 326
324 327
324 328
324 329
324 331
324 332
324 333
324 334
324 335
324 393
325 395
325 398
325 495
326 329
326 331
326 333
326 334
326 335
326 343
326 393
326 531
326 534
327 328
327 329
327 332
327 333
327 334
327 393
327 395
327 587
328 329
328 330
328 332
328 386
328 579
328 587
329 330
329 331
329 332
329 333
329 334
329 587
330 332
331 333
331 334
331 495
332 333
332 334
332 335
332 386
332 389
332 529
332 579
332 583
332 584
332 586
332 587
333 334
333 335
333 393
333 395
334 395
335 384
335 390
335 396
335 397
335 402
335 415
335 416
335 417
335 489
335 490
335 491
335 494
335 497
335 514
335 520
335 530
335 531
335 534
335 563
335 579
336 391
337 340
337 343
337 347
337 350
337 406
337 407
337 409
337 565
337 573
338 339
338 357
338 358
338 360
338 368
338 370
338 373
338 375
338 380
338 381
338 382
338 413
338 414
338 415
338 416
338 422
338 438
338 440
338 445
338 448
338 466
338 593
338 594
338 597
338 600
339 341
339 342
339 343
339 345
339 351
339 352
339 357
339 358
339 370
339 375
339 380
339 381
339 382
339 396
339 413
339 414
339 415
339 416
339 420
339 425
339 436
339 437
339 438
339 440
339 445
339 446
339 447
339 448
339 456
339 458
339 464
339 465
339 466
339 505
339 516
339 519
339 522
339 539
339 564
339 593
339 594
339 600
340 341
340 342
340 343
340 344
340 346
340 347
340 348
340 349
340 350
340 402
340 407
340 409
340 410
340 465
340 506
340 543
341 342
341 343
341 344
341 345
341 346
341 347
341 348
341 349
341 350
341 351
341 352
341 353
341 354
341 356
341 357
341 358
341 359
341 360
341 363
341 368
341 370
341 375
341 402
341 409
341 413
341 414
341 415
341 416
341 417
341 418
341 420
341 422
341 428
341 436
341 437
341 438
341 439
341 440
341 442
341 444
341 445
341 446
341 447
341 448
341 450
341 451
341 454
341 456
341 463
341 464
341 465
341 466
341 474
341 490
341 492
341 497
341 504
341 505
341 506
341 509
341 514
341 515
341 543
341 563
341 565
341 576
341 593
341 594
342 343
342 344
342 345
342 346
342 347
342 348
342 349
342 350
342 351
342 352
342 353
342 354
342 356
342 357
342 358
342 402
342 409
342 410
342 413
342 415
342 416
342 418
342 436
342 437
342 438
342 440
342 442
342 446
342 447
342 448
342 456
342 463
342 464
342 465
342 466
342 474
342 505
342 506
342 509
342 514
342 535
342 552
342 565
342 593
342 594
343 344
343 345
343 346
343 347
343 348
343 349
343 350
343 351
343 352
343 353
343 354
343 357
343 358
343 393
343 396
343 398
343 402
343 409
343 410
343 413
343 415
343 416
343 420
343 436
343 439
343 440
343 445
343 446
343 465
343 509
343 534
343 551
343 552
343 564
343 565
343 576
343 593
343 594
344 345
344 346
344 347
344 348
344 349
344 350
344 351
344 352
344 353
344 354
344 361
344 409
344 410
344 440
345 346
345 347
345 348
345 349
345 350
345 351
345 352
345 353
345 354
345 356
345 357
345 358
345 359
345 360
345 361
345 363
345 368
345 370
345 372
345 409
345 413
345 414
345 415
345 416
345 420
345 422
345 436
345 437
345 439
345 440
345 444
345 445
345 446
345 447
345 448
345 465
345 466
345 565
345 576
345 593
345 594
346 347
346 348
346 349
346 350
346 353
346 354
346 409
346 410
346 415
346 418
346 465
346 506
347 348
347 349
347 350
347 351
347 353
347 357
347 358
347 360
347 368
347 370
347 402
347 409
347 413
347 415
347 416
347 417
347 418
347 422
347 436
347 437
347 440
347 442
347 448
347 463
347 464
347 465
347 490
347 497
347 498
347 506
347 543
347 563
347 565
347 593
348 349
348 350
348 351
348 352
348 353
348 354
348 357
348 358
348 359
348 360
348 361
348 398
348 409
348 410
348 412
348 413
348 414
348 422
348 445
348 593
349 350
349 351
349 352
349 353
349 354
349 357
349 358
349 360
349 361
349 398
349 402
349 409
349 412
349 413
349 415
349 416
349 418
349 422
349 436
349 437
349 439
349 440
349 445
349 446
349 448
349 465
349 492
349 509
349 565
349 593
350 351
350 352
350 353
350 354
350 356
350 357
350 358
350 360
350 361
350 368
350 370
350 396
350 398
350 402
350 407
350 409
350 413
350 414
350 415
350 416
350 417
350 418
350 420
350 422
350 428
350 431
350 436
350 437
350 438
350 439
350 440
350 441
350 442
350 445
350 446
350 448
350 451
350 463
350 464
350 465
350 466
350 474
350 490
350 492
350 497
350 504
350 505
350 506
350 509
350 514
350 534
350 543
350 565
350 593
350 594
351 352
351 353
351 354
351 360
351 361
351 381
351 393
351 394
351 396
351 398
351 402
351 407
351 408
351 409
351 410
351 412
351 413
351 414
351 416
351 422
351 445
351 492
351 534
351 565
351 593
351 594
352 353
352 354
352 357
352 358
352 359
352 360
352 361
352 363
352 368
352 370
352 372
352 381
352 396
352 398
352 408
352 409
352 410
352 412
352 413
352 414
352 415
352 416
352 420
352 422
352 437
352 439
352 440
352 445
352 446
352 447
352 465
352 522
352 534
352 565
352 576
352 577
352 593
352 594
353 354
353 356
353 357
353 358
353 359
353 360
353 361
353 362
353 363
353 370
353 372
353 409
353 413
353 414
353 416
353 420
353 422
353 436
353 437
353 440
353 445
353 446
353 447
353 448
353 465
353 466
353 593
353 594
354 356
354 357
354 358
354 359
354 360
354 370
354 409
354 413
354 414
354 415
354 416
354 436
354 437
354 440
354 444
354 445
354 446
354 447
354 448
354 465
354 466
354 593
355 431
356 357
356 358
356 362
356 416
356 436
356 437
356 446
356 447
356 448
356 458
356 466
357 358
357 359
357 360
357 362
357 368
357 370
357 372
357 375
357 381
357 382
357 413
357 414
357 415
357 416
357 417
357 418
357 420
357 421
357 422
357 428
357 430
357 431
357 433
357 435
357 436
357 437
357 438
357 439
357 440
357 442
357 445
357 446
357 447
357 448
357 451
357 454
357 456
357 458
357 463
357 464
357 465
357 466
357 490
357 497
357 504
357 505
357 506
357 514
357 519
357 522
357 593
357 594
357 599
357 600
358 359
358 360
358 362
358 363
358 368
358 370
358 371
358 372
358 375
358 381
358 382
358 413
358 414
358 415
358 416
358 418
358 420
358 421
358 422
358 430
358 433
358 435
358 436
358 437
358 438
358 439
358 440
358 441
358 442
358 445
358 446
358 447
358 448
358 451
358 454
358 456
358 458
358 463
358 464
358 465
358 466
358 490
358 497
358 504
358 505
358 519
358 521
358 522
358 528
358 569
358 574
358 576
358 593
358 594
358 599
358 600
359 361
359 362
359 363
359 371
359 372
359 375
359 382
359 413
359 414
359 420
359 421
359 438
359 440
359 445
359 447
359 466
359 504
359 522
359 594
359 600
360 361
360 362
360 368
360 370
360 381
360 398
360 402
360 407
360 409
360 412
360 413
360 414
360 415
360 416
360 418
360 422
360 436
360 440
360 445
360 448
360 451
360 490
360 492
360 509
360 565
360 593
360 594
361 362
361 363
361 394
361 396
361 398
361 412
361 413
361 414
361 440
361 445
361 490
361 492
361 504
362 363
362 413
362 421
362 438
362 440
362 441
362 451
362 454
362 458
362 464
362 466
362 478
362 490
362 501
362 504
362 599
362 600
363 420
363 445
363 504
364 429
364 434
365 368
365 369
365 370
365 371
365 373
365 375
365 380
365 403
365 419
365 421
365 422
365 429
365 451
366 373
366 374
366 377
366 378
366 379
366 403
366 429
366 434
366 473
367 369
367 373
367 423
367 428
367 506
368 369
368 370
368 373
368 375
368 380
368 402
368 406
368 413
368 414
368 415
368 416
368 419
368 422
368 440
368 448
368 450
368 451
368 463
368 464
368 475
368 491
368 543
368 565
368 594
368 599
369 370
369 373
369 413
369 447
369 448
370 371
370 375
370 380
370 381
370 402
370 413
370 414
370 415
370 416
370 417
370 418
370 420
370 422
370 436
370 437
370 438
370 439
370 440
370 442
370 445
370 446
370 447
370 448
370 451
370 463
370 464
370 465
370 466
370 490
370 491
370 492
370 497
370 515
370 543
370 565
370 593
370 594
371 372
371 373
371 375
371 380
371 414
371 421
371 430
371 433
371 435
371 599
371 600
372 375
372 382
372 414
372 421
372 424
372 445
372 599
372 600
373 374
373 375
373 376
373 377
373 380
373 414
373 419
373 421
373 423
373 429
373 434
373 599
373 600
374 376
374 377
374 378
374 379
374 419
374 434
374 578
374 598
375 380
375 381
375 382
375 413
375 414
375 416
375 417
375 419
375 420
375 421
375 422
375 436
375 437
375 438
375 440
375 445
375 450
375 451
375 454
375 464
375 466
375 478
375 490
375 497
375 593
375 594
375 599
375 600
376 377
376 378
376 380
377 378
377 379
377 434
378 379
378 403
378 598
379 429
379 434
379 457
379 459
379 480
379 482
379 483
379 485
379 486
379 487
380 381
380 382
380 414
380 421
380 422
380 599
380 600
381 382
381 398
381 405
381 412
381 413
381 414
381 416
381 422
381 445
381 448
381 565
381 593
381 594
382 413
382 414
382 416
382 445
382 466
383 487
384 390
384 391
384 417
384 489
384 494
384 497
384 534
385 386
386 496
386 547
386 579
386 582
386 584
387 517
387 539
387 540
387 554
387 555
387 595
389 417
389 467
389 520
389 529
389 579
389 580
389 584
389 585
390 391
390 394
390 396
390 408
390 489
390 490
390 492
390 493
390 494
390 496
390 510
390 514
390 530
391 394
391 397
391 408
391 417
391 489
391 490
391 493
391 494
391 497
392 487
393 395
393 396
393 397
393 398
393 399
393 401
393 402
393 412
393 413
393 495
393 534
394 396
394 397
394 398
394 399
394 401
394 407
394 408
394 411
394 412
394 413
394 414
394 422
394 445
394 489
394 490
394 492
394 495
394 593
395 396
395 397
395 398
395 399
395 401
395 412
395 495
395 531
395 534
396 397
396 398
396 402
396 407
396 408
396 409
396 410
396 411
396 412
396 413
396 414
396 416
396 445
396 489
396 492
396 495
396 534
396 565
396 593
396 594
397 398
397 399
397 401
397 408
397 412
397 492
397 495
397 531
397 533
397 534
398 399
398 401
398 402
398 407
398 409
398 412
398 413
398 422
398 439
398 495
398 509
398 534
398 565
398 593
398 594
399 401
399 408
399 412
399 492
399 495
399 533
399 534
401 412
401 413
401 534
402 407
402 409
402 413
402 415
402 416
402 422
402 440
402 448
402 463
402 465
402 492
402 505
402 509
402 534
402 543
402 552
402 565
402 593
402 594
403 429
404 406
405 406
405 425
405 550
405 565
405 594
406 407
406 491
406 565
406 573
407 409
407 411
407 413
407 422
407 438
407 462
407 463
407 491
407 492
407 543
407 550
407 565
407 570
407 573
407 593
407 594
408 412
408 413
408 414
408 422
408 445
408 489
408 490
408 492
408 494
408 514
408 593
409 410
409 413
409 565
409 593
412 413
412 414
412 445
412 492
412 533
412 534
413 414
413 415
413 416
413 420
413 422
413 437
413 438
413 440
413 445
413 447
413 448
413 464
413 466
413 490
413 492
413 493
413 522
413 565
413 593
413 594
413 597
413 599
413 600
414 416
414 421
414 422
414 433
414 440
414 445
414 454
414 492
414 593
414 594
414 600
415 416
415 417
415 418
415 422
415 436
415 437
415 438
415 439
415 440
415 442
415 446
415 448
415 456
415 463
415 464
415 465
415 466
415 474
415 490
415 492
415 494
415 497
415 498
415 504
415 505
415 506
415 509
415 514
415 515
415 516
415 519
415 520
415 543
415 545
415 552
415 563
415 564
415 565
415 593
415 594
416 417
416 418
416 420
416 422
416 428
416 435
416 436
416 437
416 438
416 439
416 440
416 441
416 442
416 445
416 446
416 447
416 448
416 451
416 454
416 456
416 458
416 463
416 464
416 465
416 466
416 474
416 490
416 492
416 493
416 497
416 504
416 505
416 506
416 509
416 510
416 514
416 515
416 516
416 519
416 520
416 534
416 543
416 563
416 564
416 565
416 593
416 594
416 600
417 418
417 436
417 437
417 440
417 442
417 451
417 467
417 489
417 490
417 494
417 497
417 498
417 504
417 510
417 514
417 515
417 520
417 534
417 545
417 563
417 579
417 593
418 422
418 428
418 431
418 435
418 436
418 437
418 439
418 440
418 442
418 446
418 448
418 449
418 451
418 454
418 456
418 464
418 465
418 466
418 467
418 474
418 490
418 492
418 494
418 497
418 498
418 506
418 509
418 510
418 514
418 515
418 520
418 543
418 563
418 593
419 421
419 429
419 440
419 451
419 461
419 464
419 478
419 490
419 491
419 501
419 504
419 505
419 599
419 600
420 422
420 436
420 437
420 438
420 439
420 440
420 445
420 446
420 447
420 534
420 593
420 594
421 422
421 429
421 430
421 432
421 433
421 434
421 435
421 451
421 454
421 461
421 466
421 501
421 504
421 599
421 600
422 423
422 436
422 437
422 440
422 445
422 448
422 450
422 451
422 452
422 454
422 460
422 463
422 464
422 466
422 490
422 492
422 497
422 509
422 510
422 514
422 543
422 565
422 593
422 594
422 599
423 450
423 461
423 492
423 590
424 575
425 438
425 453
425 454
425 458
425 464
425 466
425 468
425 478
425 516
425 517
425 528
425 539
425 540
425 544
425 561
425 570
425 571
425 574
425 600
427 588
428 437
428 439
428 446
428 448
428 455
428 456
428 464
428 506
429 434
429 459
430 431
430 432
430 433
430 435
430 454
430 458
430 466
430 504
430 600
431 433
431 440
431 448
431 496
431 504
431 506
432 458
432 466
432 496
432 600
433 454
433 464
433 466
433 599
433 600
434 459
434 473
434 598
435 436
435 454
435 460
435 461
435 490
435 500
435 501
435 504
435 510
435 514
435 519
435 600
436 437
436 440
436 445
436 446
436 447
436 448
436 449
436 450
436 451
436 456
436 458
436 463
436 464
436 465
436 466
436 490
436 497
436 504
436 505
436 509
436 510
436 514
436 516
436 519
436 565
436 593
437 438
437 439
437 440
437 442
437 445
437 446
437 447
437 448
437 449
437 451
437 454
437 456
437 463
437 464
437 465
437 466
437 497
437 504
437 506
437 515
437 563
437 576
437 593
437 594
438 440
438 441
438 442
438 445
438 448
438 462
438 463
438 464
438 465
438 466
438 468
438 490
438 504
438 505
438 516
438 521
438 522
438 528
438 547
438 549
438 551
438 552
438 563
438 569
438 570
438 571
438 573
438 579
438 593
438 594
439 443
439 445
439 446
439 447
439 455
439 465
439 509
439 534
439 543
439 552
439 565
439 591
439 593
439 594
440 441
440 442
440 445
440 446
440 448
440 451
440 454
440 463
440 464
440 465
440 466
440 467
440 490
440 493
440 497
440 501
440 504
440 505
440 506
440 509
440 514
440 520
440 563
440 564
440 593
440 594
441 442
441 462
441 463
441 464
441 490
441 504
441 528
441 549
441 551
441 563
441 594
442 448
442 463
442 464
442 465
442 466
442 467
442 474
442 497
442 498
442 504
442 505
442 506
442 520
442 521
442 545
442 549
442 563
442 565
444 465
445 446
445 447
445 466
445 490
445 492
445 522
445 534
445 575
445 593
445 594
446 447
446 448
446 456
446 464
446 465
446 466
446 497
446 593
447 448
447 458
447 464
447 465
447 466
447 505
447 574
447 593
448 449
448 454
448 455
448 456
448 458
448 463
448 464
448 465
448 466
448 474
448 490
448 497
448 504
448 505
448 506
448 509
448 519
448 543
448 565
448 593
448 594
448 600
449 456
449 463
449 464
449 543
450 451
450 456
450 463
450 490
450 492
450 510
450 514
450 565
450 576
450 599
451 452
451 454
451 460
451 461
451 462
451 463
451 464
451 466
451 467
451 478
451 490
451 491
451 492
451 494
451 497
451 501
451 504
451 510
451 512
451 514
451 515
451 543
451 545
451 561
451 563
451 590
451 594
451 599
451 600
452 453
452 454
452 460
452 463
452 464
452 478
452 490
452 492
452 510
452 512
452 513
452 514
452 515
452 516
452 519
452 543
452 545
452 558
452 560
452 561
452 563
452 570
452 571
453 454
453 463
453 464
453 478
453 513
453 516
453 517
453 519
453 521
453 528
453 539
453 540
453 541
453 542
453 544
453 560
453 561
453 570
453 571
453 574
454 458
454 460
454 463
454 464
454 465
454 466
454 467
454 478
454 490
454 501
454 504
454 515
454 516
454 519
454 528
454 543
454 544
454 545
454 560
454 561
454 563
454 570
454 571
454 600
455 458
455 464
455 466
455 474
455 490
455 492
455 502
455 504
455 505
455 510
456 458
456 463
456 464
456 465
456 466
456 474
456 490
456 494
456 497
456 498
456 505
456 510
456 514
456 515
456 516
456 519
456 520
456 576
457 483
457 485
458 464
458 466
458 502
458 504
458 505
458 517
458 519
458 522
458 528
458 539
458 574
458 600
459 480
459 481
459 482
459 483
459 484
459 486
459 538
460 461
460 464
460 467
460 490
460 492
460 501
460 510
460 514
460 515
460 519
460 561
460 563
461 490
461 501
461 510
461 600
462 463
462 464
462 465
462 490
462 545
462 563
462 570
462 576
462 590
463 464
463 465
463 466
463 468
463 474
463 490
463 505
463 512
463 514
463 515
463 516
463 519
463 521
463 528
463 539
463 541
463 543
463 544
463 545
463 549
463 551
463 552
463 558
463 561
463 563
463 565
463 569
463 570
463 571
463 573
463 574
463 576
463 593
463 594
464 465
464 466
464 467
464 468
464 474
464 478
464 490
464 504
464 505
464 506
464 512
464 514
464 515
464 516
464 519
464 521
464 528
464 539
464 543
464 544
464 545
464 549
464 561
464 563
464 565
464 569
464 570
464 571
464 573
464 574
464 593
464 594
464 600
465 466
465 474
465 490
465 498
465 505
465 514
465 515
465 516
465 519
465 520
465 521
465 528
465 543
465 545
465 552
465 563
465 565
465 570
465 576
465 593
465 594
466 468
466 474
466 478
466 490
466 502
466 504
466 505
466 516
466 519
466 521
466 522
466 528
466 539
466 561
466 569
466 574
466 594
466 600
467 490
467 497
467 498
467 501
467 504
467 512
467 515
467 519
467 520
467 521
467 527
467 545
467 563
467 584
468 521
468 528
468 544
468 547
468 549
468 561
468 569
468 570
468 571
468 572
468 573
468 574
469 473
471 475
472 473
473 487
473 562
474 490
474 492
474 504
474 505
474 510
474 512
474 514
476 477
476 479
476 486
476 538
476 556
476 557
477 479
477 523
477 526
477 556
477 557
477 559
478 490
478 511
478 521
478 527
478 549
478 560
478 561
478 563
478 569
478 570
478 571
479 482
479 523
479 526
479 538
479 556
479 557
479 559
480 481
480 482
480 483
480 484
480 485
480 486
480 487
480 538
480 559
480 567
481 482
481 483
481 484
481 485
481 486
481 487
481 538
482 483
482 484
482 485
482 486
482 487
482 538
482 559
482 586
483 484
483 485
483 486
483 487
483 538
483 559
483 567
483 586
484 486
485 486
485 487
485 507
485 559
485 567
487 562
488 552
488 554
489 490
489 493
489 494
489 496
489 497
489 513
489 514
489 579
490 491
490 492
490 493
490 494
490 497
490 501
490 504
490 505
490 510
490 512
490 513
490 514
490 515
490 516
490 519
490 520
490 543
490 561
490 563
490 594
490 599
490 600
491 515
491 543
491 563
492 494
492 509
492 510
492 514
492 515
492 524
492 534
492 543
492 565
492 593
493 494
493 496
493 501
493 504
493 505
493 510
493 513
493 514
493 563
493 599
493 600
494 496
494 497
494 504
494 505
494 510
494 512
494 513
494 514
494 520
494 530
494 563
496 504
496 505
496 600
497 498
497 504
497 510
497 514
497 515
497 520
497 563
497 593
498 505
498 515
498 520
498 521
498 543
498 545
498 563
499 589
499 592
501 503
501 504
501 512
501 513
501 563
501 599
501 600
502 504
502 505
502 517
503 504
503 513
503 519
504 505
504 506
504 510
504 512
504 513
504 514
504 519
504 520
504 563
504 599
504 600
505 510
505 512
505 513
505 514
505 516
505 517
505 519
505 520
505 539
505 541
505 549
505 563
505 594
505 600
506 563
507 567
508 564
509 534
509 564
509 565
509 593
509 594
510 512
510 513
510 514
510 515
510 520
510 563
511 512
511 513
511 561
511 581
512 513
512 514
512 519
512 520
512 561
512 563
513 514
513 519
513 561
513 563
513 600
514 515
514 519
514 520
514 563
514 600
515 516
515 519
515 520
515 543
515 545
515 558
515 563
515 593
516 517
516 519
516 521
516 528
516 539
516 540
516 541
516 542
516 544
516 545
516 549
516 552
516 558
516 560
516 561
516 563
516 570
516 571
516 573
516 574
516 594
517 528
517 539
517 540
517 542
517 574
517 595
518 519
518 520
518 521
518 563
519 520
519 521
519 561
519 563
519 571
519 600
520 521
520 545
520 558
520 563
521 528
521 545
521 547
521 549
521 551
521 558
521 560
521 561
521 563
521 569
521 570
521 571
521 573
522 569
522 576
522 577
522 594
522 600
523 557
525 526
526 559
528 539
528 540
528 541
528 542
528 544
528 560
528 561
528 569
528 570
528 571
528 573
528 574
529 584
529 585
530 533
531 532
531 534
532 533
533 534
534 593
534 594
538 588
539 540
539 541
539 542
539 571
539 574
539 595
539 600
540 541
540 542
540 544
540 571
540 574
541 542
541 561
541 571
541 574
542 560
542 561
542 571
542 574
542 581
543 545
543 552
543 558
543 563
543 565
543 570
543 571
543 593
544 560
544 561
544 570
544 571
544 572
544 574
545 549
545 558
545 563
545 570
545 571
547 549
547 551
547 569
547 579
548 552
548 553
548 554
548 591
549 551
549 558
549 561
549 563
549 569
549 570
549 571
549 573
550 570
550 573
551 552
551 554
551 555
551 569
551 570
551 573
551 594
552 553
552 554
552 565
552 570
552 571
552 573
552 574
552 591
552 593
552 594
553 554
554 555
556 557
556 560
557 560
558 560
558 561
558 563
558 570
558 571
560 561
560 570
560 571
561 563
561 570
561 571
563 570
563 599
564 593
565 570
565 573
565 576
565 593
565 594
568 588
569 570
569 571
569 573
569 594
570 571
570 573
570 574
570 594
571 572
571 573
571 574
571 594
576 577
576 594
579 582
583 584
584 585
585 586
586 588
590 592
590 596
590 600
592 598
593 594
597 600
599 600
