600 8986

1 2
1 4
1 20
1 21
1 22
1 23
1 25
1 26
1 28
1 31
1 33
1 34
1 35
1 36
1 38
1 107
1 118
1 220
1 290
1 291
1 292
1 302
1 305
1 321
1 322
1 323
1 325
1 328
1 330
1 332
1 335
1 339
1 529
1 530
1 584
2 3
2 4
2 5
2 6
2 11
2 18
2 20
2 21
2 23
2 26
2 31
2 93
2 94
2 95
2 98
2 100
2 107
2 108
2 184
2 189
2 284
2 289
2 290
2 291
2 301
2 302
2 304
2 305
2 317
2 321
2 323
2 324
2 327
2 328
2 336
2 389
2 391
2 487
2 582
2 586
3 5
3 6
3 8
3 11
3 12
3 15
3 16
3 93
3 94
3 98
3 301
3 304
3 315
3 317
3 586
4 11
4 18
4 20
4 21
4 22
4 23
4 25
4 26
4 28
4 30
4 31
4 33
4 34
4 35
4 36
4 38
4 93
4 94
4 95
4 100
4 107
4 108
4 184
4 189
4 284
4 290
4 291
4 302
4 305
4 321
4 322
4 323
4 325
4 327
4 328
4 330
4 332
4 335
4 336
4 391
4 487
4 529
4 530
4 582
4 584
4 586
5 6
5 16
5 24
5 94
5 301
5 304
5 305
5 312
5 324
6 24
6 93
6 94
6 301
6 389
6 465
7 13
7 14
7 15
7 17
7 29
7 177
7 206
7 213
7 229
7 230
7 231
7 283
7 345
7 351
7 352
7 361
7 480
7 482
7 483
7 485
7 507
7 511
7 526
7 567
7 580
7 581
8 11
8 12
8 15
8 16
8 17
8 18
8 19
8 98
8 100
8 102
8 230
8 283
8 304
8 313
8 314
8 315
8 316
8 317
8 318
8 319
8 511
9 304
10 162
11 12
11 16
11 18
11 20
11 21
11 26
11 93
11 94
11 95
11 98
11 100
11 102
11 189
11 230
11 283
11 301
11 304
11 305
11 315
11 317
11 320
11 321
11 336
11 385
11 389
11 391
11 392
12 13
12 15
12 16
12 17
12 18
12 98
12 102
12 230
12 258
12 283
12 303
12 304
12 312
12 313
12 314
12 315
12 316
12 317
12 318
12 319
12 345
12 389
12 485
12 511
12 512
12 513
13 14
13 15
13 16
13 17
13 102
13 206
13 213
13 230
13 271
13 304
13 312
13 313
13 315
13 316
13 318
13 319
13 485
13 507
13 511
13 513
14 15
14 17
14 29
14 164
14 206
14 209
14 213
14 214
14 223
14 231
14 233
14 271
14 312
14 313
14 318
14 331
14 345
14 485
14 507
14 511
14 513
14 581
15 16
15 17
15 18
15 19
15 98
15 102
15 206
15 295
15 304
15 306
15 312
15 313
15 314
15 315
15 316
15 317
15 318
15 319
15 345
15 485
15 507
15 511
15 512
15 513
15 567
16 17
16 18
16 19
16 98
16 100
16 102
16 283
16 303
16 304
16 306
16 312
16 313
16 314
16 315
16 316
16 317
16 318
16 319
16 320
16 389
16 512
17 19
17 29
17 102
17 181
17 206
17 229
17 312
17 313
17 314
17 315
17 316
17 318
17 319
17 320
17 334
17 345
17 427
17 480
17 482
17 485
17 507
17 511
17 542
17 567
18 19
18 20
18 21
18 37
18 94
18 95
18 98
18 100
18 102
18 230
18 283
18 301
18 302
18 304
18 305
18 315
18 316
18 317
18 319
18 320
18 321
18 336
18 388
18 389
18 391
18 392
18 483
19 32
19 37
19 98
19 102
19 181
19 185
19 229
19 264
19 304
19 313
19 314
19 315
19 316
19 317
19 318
19 319
19 320
19 334
19 427
19 475
19 511
19 512
19 541
20 21
20 23
20 26
20 28
20 30
20 31
20 33
20 34
20 35
20 36
20 37
20 38
20 94
20 98
20 100
20 284
20 290
20 291
20 302
20 304
20 305
20 317
20 320
20 321
20 322
20 323
20 324
20 327
20 328
20 332
20 335
20 336
20 389
20 391
20 392
20 529
20 530
20 582
21 23
21 26
21 31
21 33
21 34
21 35
21 36
21 37
21 38
21 93
21 94
21 95
21 98
21 100
21 103
21 107
21 108
21 189
21 290
21 291
21 302
21 305
21 317
21 321
21 322
21 323
21 327
21 330
21 332
21 335
21 336
21 388
21 389
21 391
21 392
21 530
21 582
22 23
22 25
22 26
22 28
22 31
22 33
22 34
22 35
22 36
22 38
22 220
22 221
22 237
22 287
22 291
22 292
22 322
22 328
22 330
22 332
22 335
22 339
22 529
22 530
22 533
22 584
23 25
23 26
23 28
23 30
23 31
23 33
23 34
23 35
23 36
23 38
23 100
23 290
23 291
23 292
23 305
23 321
23 322
23 323
23 327
23 328
23 330
23 332
23 335
23 336
23 391
23 530
24 94
24 304
24 305
24 312
24 319
24 320
24 324
24 326
24 389
25 26
25 28
25 31
25 33
25 34
25 35
25 36
25 38
25 39
25 41
25 80
25 83
25 118
25 140
25 220
25 221
25 237
25 284
25 287
25 291
25 292
25 296
25 322
25 323
25 325
25 327
25 328
25 330
25 332
25 333
25 335
25 339
25 410
25 446
25 529
25 530
25 533
25 549
25 553
25 582
25 584
26 28
26 30
26 31
26 33
26 34
26 35
26 36
26 37
26 38
26 100
26 284
26 290
26 291
26 292
26 305
26 321
26 322
26 323
26 327
26 328
26 330
26 332
26 335
26 336
26 391
26 392
26 529
26 530
26 582
27 30
27 32
27 329
28 31
28 33
28 34
28 35
28 36
28 38
28 118
28 284
28 290
28 291
28 292
28 321
28 323
28 327
28 328
28 330
28 332
28 335
28 336
28 339
28 391
28 529
28 530
28 582
29 222
29 223
29 238
29 240
29 244
29 246
29 318
29 331
29 334
30 31
30 32
30 33
30 35
30 291
30 302
30 305
30 320
30 322
30 329
31 33
31 34
31 35
31 36
31 38
31 118
31 220
31 221
31 284
31 287
31 290
31 291
31 292
31 305
31 321
31 322
31 323
31 325
31 327
31 328
31 330
31 332
31 335
31 336
31 339
31 391
31 392
31 529
31 530
31 582
31 584
32 35
32 237
32 320
32 329
32 333
33 34
33 35
33 36
33 37
33 38
33 43
33 118
33 220
33 221
33 237
33 284
33 287
33 290
33 291
33 292
33 305
33 321
33 322
33 323
33 325
33 327
33 328
33 330
33 332
33 333
33 335
33 336
33 339
33 392
33 397
33 415
33 473
33 529
33 530
33 533
33 549
33 553
33 582
33 584
34 35
34 36
34 37
34 38
34 43
34 83
34 118
34 220
34 221
34 237
34 284
34 286
34 287
34 291
34 305
34 322
34 323
34 325
34 327
34 328
34 330
34 332
34 333
34 335
34 336
34 339
34 392
34 415
34 434
34 446
34 448
34 529
34 530
34 533
34 546
34 549
34 553
34 582
34 584
34 595
35 36
35 37
35 38
35 100
35 220
35 221
35 237
35 284
35 287
35 291
35 292
35 305
35 320
35 322
35 323
35 325
35 327
35 328
35 330
35 332
35 333
35 335
35 336
35 339
35 391
35 392
35 397
35 434
35 529
35 530
35 533
35 549
35 553
35 560
35 582
36 38
36 118
36 220
36 221
36 284
36 287
36 291
36 292
36 305
36 321
36 322
36 323
36 325
36 327
36 328
36 330
36 332
36 335
36 336
36 339
36 392
36 415
36 529
36 530
36 533
36 553
36 582
37 38
37 68
37 98
37 100
37 102
37 185
37 317
37 320
37 322
37 332
37 334
37 335
37 336
37 391
37 392
37 530
37 582
38 118
38 140
38 220
38 221
38 284
38 287
38 291
38 292
38 305
38 320
38 321
38 322
38 323
38 325
38 327
38 328
38 330
38 332
38 333
38 335
38 336
38 339
38 391
38 392
38 397
38 434
38 529
38 530
38 533
38 553
38 582
38 584
39 41
39 42
39 44
39 45
39 46
39 47
39 48
39 52
39 54
39 57
39 79
39 83
39 85
39 87
39 88
39 89
39 113
39 115
39 117
39 118
39 124
39 126
39 130
39 137
39 139
39 141
39 142
39 337
39 340
39 342
39 343
39 344
39 347
39 367
39 375
39 378
39 380
39 381
39 382
39 403
39 405
39 406
39 409
39 410
39 419
39 423
39 424
39 425
39 440
39 441
39 446
40 44
40 49
40 60
40 61
40 63
40 71
40 76
40 77
40 79
40 80
40 83
40 84
40 87
40 128
40 132
40 133
40 143
40 149
40 203
40 287
40 296
40 358
40 372
40 373
40 375
40 421
40 422
40 428
40 429
40 430
40 431
40 432
40 434
40 435
40 437
40 440
40 446
40 448
40 591
40 599
41 42
41 43
41 45
41 46
41 48
41 49
41 54
41 79
41 80
41 83
41 87
41 90
41 115
41 118
41 126
41 139
41 142
41 296
41 322
41 325
41 339
41 343
41 381
41 382
41 424
41 425
41 428
41 436
41 441
41 446
41 448
42 44
42 45
42 46
42 47
42 48
42 52
42 54
42 83
42 85
42 87
42 112
42 113
42 114
42 115
42 116
42 117
42 124
42 126
42 130
42 132
42 137
42 139
42 141
42 142
42 201
42 337
42 340
42 343
42 344
42 347
42 350
42 367
42 375
42 381
42 403
42 404
42 405
42 406
42 407
42 409
42 410
42 419
42 423
42 424
42 425
42 430
42 433
42 440
42 446
42 491
42 504
43 49
43 90
43 118
43 140
43 323
43 325
43 327
43 330
43 332
43 338
43 339
43 415
43 425
43 437
43 441
43 446
43 448
43 462
43 595
44 47
44 48
44 52
44 54
44 56
44 58
44 61
44 71
44 72
44 79
44 80
44 82
44 83
44 87
44 91
44 114
44 115
44 126
44 127
44 129
44 130
44 131
44 132
44 133
44 137
44 139
44 140
44 141
44 142
44 143
44 144
44 149
44 201
44 203
44 261
44 296
44 337
44 340
44 341
44 344
44 350
44 357
44 364
44 367
44 370
44 371
44 372
44 373
44 375
44 376
44 402
44 403
44 404
44 416
44 419
44 420
44 421
44 422
44 423
44 424
44 425
44 426
44 428
44 429
44 430
44 431
44 432
44 433
44 435
44 436
44 439
44 440
44 441
44 446
44 451
44 491
44 502
44 504
44 505
44 534
44 594
44 599
45 46
45 47
45 48
45 52
45 54
45 113
45 115
45 117
45 124
45 130
45 139
45 142
45 201
45 337
45 340
45 343
45 347
45 367
45 378
45 381
45 405
45 406
45 407
45 409
45 419
45 424
46 47
46 48
46 54
46 342
46 381
46 419
47 48
47 52
47 54
47 58
47 113
47 115
47 116
47 117
47 130
47 137
47 139
47 142
47 144
47 201
47 241
47 337
47 338
47 340
47 342
47 343
47 344
47 346
47 347
47 348
47 349
47 367
47 378
47 381
47 405
47 407
47 409
47 411
47 419
47 484
48 49
48 52
48 54
48 57
48 87
48 88
48 89
48 90
48 113
48 115
48 124
48 125
48 130
48 137
48 139
48 142
48 149
48 150
48 201
48 203
48 204
48 337
48 340
48 342
48 343
48 347
48 350
48 367
48 378
48 380
48 381
48 403
48 405
48 406
48 410
48 419
48 423
48 424
48 425
48 440
48 446
49 65
49 80
49 83
49 90
49 129
49 136
49 138
49 148
49 149
49 150
49 382
49 424
49 425
49 432
49 437
49 446
49 448
49 458
49 462
50 51
50 59
50 62
50 352
50 360
50 361
51 59
51 62
51 63
51 66
51 67
51 146
51 345
51 352
51 360
51 361
52 54
52 57
52 88
52 89
52 91
52 104
52 109
52 113
52 114
52 115
52 120
52 123
52 124
52 125
52 130
52 152
52 156
52 190
52 191
52 194
52 196
52 201
52 203
52 204
52 207
52 337
52 340
52 343
52 347
52 350
52 357
52 381
52 396
52 402
52 404
52 405
52 406
52 407
52 408
52 409
52 410
52 416
52 417
52 418
52 419
52 423
52 424
52 440
52 449
52 451
52 490
52 491
52 498
52 504
52 505
52 534
52 543
52 594
53 55
53 58
53 60
53 68
53 72
53 77
53 78
53 82
53 140
53 144
53 338
53 341
53 344
53 353
53 355
53 368
53 369
53 370
53 371
53 372
53 375
53 422
53 431
53 439
53 441
54 87
54 113
54 114
54 115
54 117
54 124
54 130
54 137
54 139
54 142
54 144
54 201
54 203
54 204
54 241
54 261
54 337
54 340
54 342
54 343
54 344
54 347
54 349
54 350
54 367
54 375
54 378
54 381
54 405
54 406
54 407
54 409
54 410
54 419
54 424
54 440
54 491
54 504
54 505
55 58
55 64
55 66
55 120
55 143
55 341
55 357
55 413
56 61
56 95
56 143
56 204
56 337
56 357
56 440
56 504
56 505
57 65
57 120
57 125
57 152
58 72
58 78
58 126
58 127
58 139
58 141
58 144
58 341
58 344
58 355
58 370
58 372
59 62
59 67
59 110
59 146
59 147
59 345
59 351
59 352
59 360
59 361
59 412
59 414
60 61
60 64
60 74
60 75
60 79
60 80
60 84
60 143
60 358
60 359
60 363
60 372
60 375
60 382
60 413
60 429
60 446
61 74
61 357
61 358
61 363
61 372
61 413
61 423
61 443
61 446
61 491
62 66
62 67
62 146
62 153
62 164
62 196
62 212
62 345
62 351
62 352
62 360
62 361
62 400
62 498
63 65
63 66
63 120
63 358
63 414
64 66
64 67
64 143
64 244
64 246
64 358
64 359
64 363
64 412
64 413
64 414
64 445
64 447
65 80
65 83
65 84
65 87
65 129
65 140
65 149
65 358
65 403
65 423
65 432
65 434
65 435
65 437
65 443
65 446
65 448
65 458
66 67
66 120
66 143
66 145
66 159
66 345
66 352
66 358
66 360
66 361
66 362
66 412
66 413
66 414
66 445
66 534
67 145
67 146
67 225
67 244
67 345
67 351
67 358
67 360
67 361
67 363
67 412
67 445
67 447
68 69
68 70
68 71
68 72
68 77
68 82
68 140
68 294
68 341
68 364
68 365
68 366
68 367
68 368
68 370
68 372
68 375
68 421
68 422
68 428
68 434
68 439
68 441
68 546
69 71
69 72
69 74
69 77
69 79
69 80
69 83
69 129
69 138
69 140
69 142
69 220
69 242
69 297
69 364
69 365
69 367
69 368
69 370
69 372
69 375
69 376
69 421
69 422
69 426
69 428
69 429
69 430
69 439
69 552
70 72
70 77
70 135
70 140
70 294
70 327
70 338
70 365
70 368
70 441
71 72
71 74
71 76
71 77
71 79
71 80
71 82
71 83
71 128
71 132
71 142
71 149
71 203
71 246
71 296
71 297
71 364
71 367
71 368
71 370
71 372
71 373
71 375
71 376
71 421
71 422
71 426
71 427
71 428
71 429
71 436
71 439
71 549
71 591
72 77
72 78
72 79
72 82
72 137
72 139
72 140
72 143
72 144
72 203
72 297
72 341
72 364
72 365
72 367
72 368
72 370
72 371
72 372
72 375
72 376
72 420
72 421
72 422
72 424
72 426
72 427
72 428
72 431
72 439
72 440
72 441
73 75
73 80
73 84
73 185
74 75
74 79
74 81
74 142
74 143
74 287
74 297
74 359
74 363
74 364
74 367
74 372
74 373
74 375
74 413
74 421
74 429
74 440
74 596
75 79
75 80
75 138
75 140
75 322
75 371
75 382
75 441
76 77
76 80
76 82
76 83
76 127
76 128
76 129
76 131
76 136
76 138
76 140
76 297
76 365
76 370
76 372
76 376
76 422
76 428
76 431
76 432
76 434
76 435
76 448
76 458
76 558
76 588
76 589
76 591
76 592
76 593
76 599
77 78
77 80
77 82
77 127
77 129
77 131
77 135
77 136
77 137
77 138
77 140
77 143
77 149
77 297
77 341
77 365
77 367
77 368
77 370
77 371
77 372
77 375
77 376
77 420
77 421
77 422
77 426
77 427
77 428
77 430
77 431
77 434
77 439
77 441
77 458
77 591
78 82
78 203
78 341
78 365
78 368
78 369
78 370
78 441
79 80
79 81
79 82
79 83
79 84
79 87
79 128
79 129
79 131
79 132
79 133
79 137
79 138
79 139
79 140
79 142
79 143
79 149
79 237
79 242
79 287
79 296
79 297
79 364
79 366
79 367
79 370
79 371
79 372
79 373
79 375
79 376
79 382
79 403
79 420
79 421
79 422
79 423
79 424
79 425
79 426
79 428
79 429
79 430
79 431
79 432
79 436
79 439
79 440
79 441
79 446
79 448
80 81
80 82
80 83
80 84
80 87
80 126
80 127
80 128
80 129
80 131
80 132
80 133
80 137
80 138
80 139
80 140
80 141
80 142
80 149
80 203
80 220
80 221
80 237
80 287
80 296
80 297
80 325
80 333
80 339
80 366
80 367
80 370
80 371
80 372
80 373
80 375
80 376
80 403
80 420
80 421
80 422
80 423
80 424
80 425
80 426
80 428
80 429
80 430
80 431
80 432
80 433
80 434
80 435
80 436
80 437
80 439
80 440
80 441
80 446
80 448
80 458
80 546
80 549
80 568
80 591
80 598
80 599
81 84
81 86
81 297
81 374
82 83
82 87
82 127
82 128
82 129
82 131
82 133
82 135
82 136
82 137
82 138
82 139
82 140
82 142
82 143
82 149
82 203
82 235
82 261
82 296
82 297
82 337
82 338
82 340
82 341
82 364
82 367
82 368
82 370
82 371
82 372
82 375
82 376
82 378
82 403
82 420
82 421
82 422
82 423
82 424
82 425
82 426
82 428
82 430
82 431
82 432
82 433
82 435
82 436
82 439
82 440
82 441
82 446
82 458
83 84
83 85
83 87
83 115
83 118
83 126
83 128
83 129
83 130
83 131
83 132
83 133
83 134
83 136
83 137
83 138
83 139
83 140
83 141
83 142
83 149
83 220
83 221
83 237
83 261
83 287
83 296
83 297
83 325
83 332
83 333
83 339
83 343
83 364
83 367
83 370
83 371
83 372
83 375
83 376
83 403
83 404
83 420
83 421
83 422
83 423
83 424
83 425
83 426
83 428
83 429
83 430
83 431
83 432
83 433
83 434
83 435
83 436
83 437
83 439
83 440
83 441
83 446
83 448
83 456
83 458
83 466
83 491
83 502
83 529
83 530
83 552
83 591
83 598
83 599
84 87
84 128
84 237
84 374
84 598
85 112
85 113
85 118
85 130
85 134
85 405
85 430
86 115
86 120
86 179
86 377
86 424
86 486
87 112
87 114
87 115
87 126
87 127
87 128
87 129
87 130
87 131
87 132
87 133
87 134
87 137
87 139
87 140
87 141
87 142
87 149
87 203
87 296
87 339
87 367
87 370
87 372
87 375
87 376
87 403
87 404
87 405
87 419
87 420
87 421
87 422
87 423
87 424
87 425
87 426
87 428
87 429
87 430
87 431
87 432
87 433
87 434
87 435
87 436
87 439
87 440
87 446
87 448
87 451
87 458
87 459
87 491
87 502
87 505
87 591
87 594
87 598
87 599
87 600
88 89
88 113
88 124
88 125
88 380
88 381
89 91
89 109
89 113
89 115
89 120
89 123
89 124
89 194
89 207
89 347
89 350
89 357
89 380
89 381
89 382
89 405
89 407
89 418
90 150
90 342
91 120
91 133
91 142
91 144
91 203
91 344
91 367
91 373
91 375
91 382
91 413
91 423
91 424
91 439
91 505
91 534
91 555
91 594
92 93
92 101
92 103
92 104
92 105
92 109
92 110
92 119
92 120
92 184
92 187
92 192
92 194
92 196
92 207
92 211
92 212
92 215
92 224
92 245
92 282
92 357
92 384
92 390
92 393
92 394
92 395
92 396
92 398
92 399
92 400
92 401
92 402
92 412
92 413
92 416
92 417
92 467
92 484
92 489
92 496
92 498
92 532
92 534
92 555
93 94
93 95
93 101
93 104
93 107
93 108
93 184
93 187
93 189
93 192
93 204
93 289
93 290
93 301
93 302
93 321
93 384
93 385
93 389
93 390
93 391
93 393
93 489
93 586
94 95
94 98
94 100
94 107
94 184
94 192
94 290
94 291
94 301
94 302
94 304
94 305
94 317
94 321
94 389
94 586
95 98
95 101
95 103
95 107
95 108
95 187
95 189
95 192
95 204
95 283
95 290
95 301
95 302
95 321
95 384
95 385
95 388
95 389
95 390
95 391
95 393
95 402
95 489
95 586
96 97
96 99
96 119
96 215
96 224
96 245
96 282
96 386
96 387
96 399
96 401
96 402
96 531
96 532
96 555
96 579
96 594
96 596
97 98
97 99
97 206
97 213
97 228
97 229
97 230
97 234
97 236
97 282
97 283
97 284
97 285
97 286
97 387
97 483
97 489
97 495
97 507
97 511
97 521
97 540
97 542
97 544
97 547
97 567
97 572
97 579
97 580
97 581
97 582
97 585
97 595
98 100
98 102
98 206
98 229
98 230
98 283
98 291
98 301
98 304
98 305
98 313
98 315
98 317
98 320
98 336
98 385
98 389
98 391
98 392
98 483
98 485
98 507
98 511
98 538
98 567
98 580
98 581
98 586
98 595
99 119
99 215
99 224
99 237
99 245
99 259
99 282
99 284
99 285
99 286
99 289
99 387
99 402
99 531
99 532
99 534
99 540
99 545
99 551
99 555
99 579
99 581
99 583
99 584
99 594
99 596
99 597
99 600
100 102
100 189
100 230
100 283
100 290
100 291
100 301
100 302
100 304
100 305
100 317
100 319
100 320
100 321
100 322
100 324
100 336
100 388
100 389
100 391
100 392
101 104
101 107
101 108
101 109
101 111
101 184
101 187
101 189
101 192
101 194
101 301
101 384
101 390
101 393
101 394
101 396
101 398
101 400
101 487
101 489
101 496
101 498
101 586
102 206
102 230
102 283
102 304
102 311
102 313
102 314
102 315
102 316
102 317
102 319
102 320
102 336
102 389
102 391
102 392
102 483
102 485
102 507
102 511
102 512
102 538
102 567
103 104
103 107
103 108
103 120
103 187
103 189
103 192
103 290
103 321
103 390
103 393
103 395
103 396
103 398
103 399
103 416
103 489
103 495
103 555
104 105
104 107
104 108
104 109
104 110
104 119
104 123
104 125
104 187
104 189
104 192
104 194
104 195
104 196
104 204
104 207
104 211
104 212
104 224
104 245
104 289
104 290
104 384
104 390
104 393
104 394
104 395
104 396
104 398
104 399
104 400
104 401
104 417
104 467
104 489
104 495
104 496
104 498
104 532
104 534
104 555
104 586
105 106
105 110
105 119
105 192
105 193
105 211
105 224
105 225
105 237
105 245
105 286
105 287
105 289
105 390
105 393
105 395
105 399
105 408
105 412
105 416
105 417
105 445
105 467
105 489
105 495
105 496
105 498
105 505
105 532
105 533
105 534
105 543
105 545
105 555
105 583
105 594
105 596
106 220
106 221
106 235
106 237
106 240
106 251
106 287
106 373
106 397
106 436
106 533
106 549
106 553
107 108
107 184
107 189
107 192
107 204
107 290
107 301
107 302
107 321
107 390
107 396
107 586
108 110
108 111
108 184
108 187
108 189
108 192
108 290
108 301
108 302
108 321
108 384
108 390
108 391
108 393
108 396
108 489
108 586
109 110
109 111
109 112
109 113
109 114
109 116
109 120
109 123
109 124
109 125
109 153
109 187
109 188
109 189
109 190
109 191
109 194
109 196
109 198
109 201
109 207
109 210
109 212
109 350
109 384
109 385
109 390
109 393
109 394
109 396
109 398
109 399
109 400
109 401
109 406
109 407
109 408
109 409
109 410
109 411
109 416
109 417
109 418
109 467
109 489
109 490
109 491
109 492
109 495
109 496
109 498
109 504
109 516
110 119
110 187
110 189
110 192
110 193
110 194
110 195
110 196
110 205
110 207
110 211
110 212
110 213
110 215
110 223
110 224
110 230
110 234
110 245
110 282
110 283
110 303
110 308
110 361
110 384
110 385
110 386
110 389
110 390
110 393
110 394
110 395
110 398
110 399
110 400
110 401
110 412
110 414
110 467
110 483
110 489
110 495
110 496
110 498
110 509
110 580
111 116
111 123
111 124
111 187
111 188
111 189
111 191
111 194
111 288
111 393
111 396
111 398
111 400
111 407
111 411
112 113
112 114
112 115
112 116
112 120
112 124
112 130
112 190
112 201
112 337
112 340
112 350
112 357
112 403
112 404
112 405
112 406
112 407
112 409
112 416
112 419
112 423
112 430
112 451
112 491
112 502
112 504
112 545
113 114
113 115
113 116
113 120
113 124
113 130
113 137
113 142
113 191
113 194
113 201
113 337
113 340
113 343
113 347
113 350
113 357
113 381
113 396
113 402
113 403
113 404
113 405
113 406
113 407
113 409
113 410
113 411
113 419
113 423
113 491
113 504
114 115
114 116
114 120
114 123
114 124
114 129
114 130
114 131
114 134
114 137
114 141
114 142
114 190
114 191
114 199
114 201
114 241
114 337
114 340
114 343
114 347
114 350
114 357
114 396
114 398
114 401
114 402
114 403
114 404
114 405
114 406
114 407
114 408
114 409
114 410
114 411
114 416
114 417
114 418
114 419
114 423
114 424
114 425
114 430
114 433
114 435
114 439
114 440
114 451
114 459
114 490
114 491
114 492
114 502
114 504
114 505
114 534
114 594
115 116
115 117
115 120
115 124
115 126
115 129
115 130
115 132
115 137
115 139
115 141
115 142
115 144
115 201
115 337
115 340
115 343
115 344
115 347
115 350
115 357
115 367
115 378
115 381
115 402
115 403
115 404
115 405
115 406
115 407
115 409
115 410
115 416
115 418
115 419
115 423
115 424
115 425
115 428
115 433
115 439
115 440
115 451
115 491
115 504
116 117
116 120
116 123
116 124
116 130
116 191
116 194
116 201
116 337
116 340
116 346
116 347
116 348
116 350
116 396
116 398
116 405
116 406
116 407
116 409
116 410
116 411
116 419
116 491
116 492
116 504
117 118
117 130
117 139
117 142
117 340
117 342
117 343
117 344
117 347
117 367
117 378
117 381
117 405
117 409
117 419
118 292
118 325
118 330
118 332
118 338
118 339
118 343
118 344
118 348
118 410
119 120
119 190
119 192
119 215
119 223
119 224
119 225
119 245
119 390
119 395
119 399
119 400
119 401
119 412
119 414
119 416
119 417
119 451
119 532
119 534
119 555
120 123
120 124
120 125
120 187
120 190
120 191
120 194
120 201
120 207
120 224
120 225
120 350
120 357
120 393
120 394
120 396
120 398
120 399
120 401
120 404
120 406
120 407
120 408
120 409
120 410
120 411
120 412
120 413
120 416
120 417
120 418
120 451
120 491
120 498
120 504
120 505
120 534
120 555
121 145
121 225
121 237
121 445
121 534
121 583
122 152
122 200
123 124
123 125
123 152
123 153
123 154
123 190
123 191
123 194
123 196
123 198
123 199
123 201
123 204
123 207
123 210
123 212
123 224
123 350
123 393
123 394
123 396
123 398
123 399
123 400
123 401
123 407
123 408
123 409
123 410
123 411
123 416
123 417
123 418
123 451
123 467
123 490
123 492
123 496
123 498
123 504
123 516
124 125
124 130
124 191
124 194
124 201
124 204
124 340
124 343
124 347
124 350
124 381
124 396
124 398
124 405
124 406
124 407
124 408
124 409
124 410
124 411
124 416
124 417
124 418
124 419
124 491
124 492
124 504
125 150
125 152
125 154
125 156
125 196
125 204
125 207
125 350
125 398
125 408
125 416
125 417
125 418
125 498
126 129
126 130
126 139
126 140
126 141
126 419
126 425
126 435
126 446
127 128
127 129
127 131
127 133
127 135
127 136
127 137
127 138
127 139
127 140
127 149
127 261
127 367
127 370
127 371
127 372
127 375
127 378
127 403
127 420
127 421
127 422
127 423
127 424
127 425
127 428
127 430
127 431
127 432
127 433
127 435
127 437
127 440
127 446
127 450
127 458
127 502
127 599
128 129
128 131
128 133
128 136
128 149
128 203
128 242
128 246
128 261
128 296
128 297
128 367
128 370
128 372
128 375
128 376
128 403
128 420
128 421
128 422
128 423
128 424
128 426
128 428
128 429
128 430
128 431
128 432
128 439
128 446
128 456
128 458
128 502
128 552
128 565
128 591
128 592
128 594
128 596
128 598
128 599
128 600
129 130
129 131
129 133
129 134
129 135
129 136
129 137
129 138
129 139
129 140
129 141
129 149
129 161
129 242
129 261
129 296
129 297
129 337
129 340
129 367
129 370
129 371
129 372
129 375
129 376
129 378
129 403
129 404
129 405
129 406
129 419
129 420
129 421
129 422
129 423
129 424
129 425
129 428
129 430
129 431
129 432
129 433
129 434
129 435
129 437
129 439
129 440
129 441
129 446
129 448
129 451
129 456
129 458
129 462
129 491
129 502
129 590
130 134
130 137
130 139
130 141
130 142
130 190
130 201
130 261
130 337
130 340
130 343
130 344
130 347
130 350
130 357
130 367
130 375
130 378
130 381
130 403
130 404
130 405
130 406
130 407
130 409
130 410
130 419
130 423
130 424
130 425
130 430
130 433
130 435
130 440
130 446
130 451
130 491
130 502
130 504
131 132
131 133
131 134
131 136
131 137
131 138
131 140
131 141
131 143
131 149
131 161
131 190
131 242
131 261
131 297
131 357
131 367
131 372
131 375
131 403
131 404
131 420
131 421
131 422
131 423
131 424
131 425
131 428
131 430
131 431
131 432
131 435
131 437
131 439
131 440
131 443
131 446
131 448
131 451
131 456
131 458
131 459
131 461
131 491
131 502
131 598
131 599
132 133
132 137
132 142
132 143
132 149
132 158
132 241
132 242
132 296
132 297
132 367
132 373
132 375
132 376
132 382
132 404
132 405
132 421
132 422
132 423
132 424
132 426
132 428
132 429
132 430
132 432
132 436
132 439
132 440
132 446
132 491
132 550
132 552
133 134
133 137
133 139
133 140
133 141
133 142
133 144
133 149
133 203
133 235
133 296
133 325
133 337
133 344
133 364
133 367
133 370
133 372
133 373
133 375
133 376
133 378
133 403
133 404
133 419
133 420
133 421
133 422
133 423
133 424
133 425
133 426
133 428
133 429
133 430
133 431
133 432
133 433
133 435
133 436
133 437
133 439
133 440
133 441
133 446
133 448
133 451
133 458
133 462
133 502
133 546
133 599
134 135
134 136
134 137
134 138
134 139
134 140
134 141
134 149
134 161
134 242
134 403
134 404
134 405
134 423
134 425
134 428
134 430
134 431
134 432
134 433
134 434
134 435
134 437
134 439
134 446
134 448
134 454
134 456
134 457
134 458
134 459
134 461
134 462
134 502
134 556
134 563
134 576
134 577
134 578
134 589
134 590
135 137
135 138
135 139
135 140
135 341
135 365
135 371
135 431
135 433
135 437
135 441
136 138
136 140
136 141
136 148
136 149
136 158
136 159
136 161
136 242
136 371
136 420
136 422
136 423
136 428
136 430
136 431
136 432
136 435
136 437
136 441
136 446
136 448
136 456
136 458
136 462
136 466
136 502
136 589
136 590
137 138
137 139
137 140
137 141
137 142
137 144
137 149
137 203
137 261
137 337
137 338
137 340
137 341
137 343
137 344
137 347
137 357
137 364
137 367
137 370
137 371
137 372
137 375
137 378
137 381
137 402
137 403
137 404
137 405
137 406
137 419
137 420
137 421
137 422
137 423
137 424
137 425
137 426
137 428
137 430
137 431
137 432
137 433
137 435
137 436
137 437
137 439
137 440
137 441
137 446
137 448
137 451
137 458
137 491
137 502
137 594
138 140
138 141
138 148
138 149
138 158
138 161
138 242
138 261
138 367
138 371
138 375
138 376
138 403
138 420
138 421
138 422
138 423
138 424
138 428
138 430
138 431
138 432
138 437
138 440
138 441
138 446
138 448
138 456
138 458
138 462
138 589
139 140
139 141
139 142
139 144
139 149
139 203
139 261
139 337
139 338
139 340
139 341
139 344
139 347
139 367
139 370
139 371
139 375
139 378
139 381
139 403
139 404
139 405
139 406
139 419
139 421
139 422
139 423
139 424
139 425
139 426
139 428
139 430
139 431
139 433
139 435
139 436
139 439
139 440
139 441
139 446
140 141
140 149
140 296
140 332
140 338
140 339
140 341
140 366
140 367
140 370
140 371
140 372
140 375
140 403
140 420
140 421
140 422
140 423
140 424
140 425
140 428
140 430
140 431
140 432
140 433
140 434
140 435
140 436
140 437
140 439
140 440
140 441
140 446
140 448
140 458
140 462
140 473
140 599
141 149
141 161
141 199
141 367
141 403
141 409
141 419
141 423
141 425
141 428
141 430
141 431
141 432
141 433
141 435
141 446
141 448
141 458
141 461
141 502
142 144
142 149
142 203
142 242
142 261
142 296
142 297
142 337
142 340
142 343
142 344
142 364
142 367
142 370
142 371
142 372
142 373
142 375
142 376
142 378
142 382
142 403
142 404
142 405
142 406
142 419
142 421
142 422
142 423
142 424
142 425
142 426
142 428
142 429
142 430
142 432
142 436
142 438
142 439
142 440
142 441
142 446
142 448
142 491
142 552
143 159
143 203
143 341
143 357
143 358
143 363
143 367
143 371
143 372
143 375
143 420
143 421
143 422
143 423
143 424
143 439
143 440
143 443
143 445
144 337
144 340
144 341
144 344
144 349
144 355
144 367
144 370
144 376
144 378
144 419
144 423
144 424
144 428
144 433
144 439
144 440
144 441
145 146
145 225
145 244
145 246
145 360
145 412
145 445
145 447
145 534
146 244
146 345
146 360
146 390
146 393
146 401
146 412
146 445
146 447
146 489
146 498
147 412
147 414
148 151
148 155
148 161
148 163
148 267
148 590
149 203
149 261
149 287
149 296
149 297
149 367
149 371
149 372
149 375
149 403
149 404
149 419
149 420
149 421
149 422
149 423
149 424
149 425
149 426
149 428
149 429
149 430
149 431
149 432
149 433
149 434
149 435
149 436
149 437
149 439
149 440
149 441
149 443
149 446
149 448
149 451
149 458
149 491
149 502
149 505
149 594
149 598
149 599
150 152
151 155
151 160
151 163
151 164
151 200
151 218
151 219
151 260
151 270
151 272
151 274
151 279
151 281
151 295
152 156
152 190
152 199
152 418
152 449
152 451
153 154
153 157
153 164
153 191
153 193
153 195
153 196
153 198
153 200
153 202
153 207
153 208
153 209
153 210
153 211
153 212
153 213
153 214
153 215
153 219
153 222
153 223
153 224
153 232
153 233
153 234
153 245
153 271
153 273
153 394
153 400
153 417
153 467
153 468
153 496
153 497
153 498
153 509
153 516
153 520
153 521
153 544
154 157
154 193
154 196
154 197
154 198
154 199
154 202
154 206
154 207
154 209
154 210
154 211
154 212
154 213
154 214
154 231
154 232
154 233
154 265
154 271
154 276
154 408
154 467
154 490
154 493
154 494
154 501
154 507
154 509
154 513
154 515
154 516
154 519
154 520
154 521
154 524
154 526
154 544
155 156
155 167
155 218
155 267
155 449
156 190
156 449
156 543
157 164
157 171
157 195
157 197
157 208
157 209
157 213
157 214
157 218
157 219
157 222
157 231
157 232
157 233
157 234
157 245
157 263
157 265
157 269
157 270
157 271
157 273
157 274
157 279
157 497
157 515
157 518
157 544
157 571
158 242
158 428
158 552
160 163
160 254
160 260
160 268
160 270
160 272
160 274
160 275
160 277
160 279
160 488
161 242
161 253
161 430
161 431
161 432
161 435
161 437
161 456
161 458
161 461
161 462
161 578
161 590
162 253
162 455
163 218
163 253
163 254
163 260
163 267
163 268
163 272
163 274
163 275
164 195
164 196
164 200
164 202
164 209
164 211
164 212
164 213
164 214
164 215
164 218
164 219
164 231
164 232
164 233
164 234
164 271
164 272
164 273
164 274
164 279
164 295
164 493
164 497
164 513
165 178
165 183
165 255
165 262
165 277
165 477
165 525
165 556
165 575
165 576
165 577
166 169
166 470
166 471
166 476
166 479
166 556
166 557
166 563
167 171
167 218
167 248
167 250
167 253
167 254
167 267
167 276
167 453
167 463
167 473
167 474
167 479
167 525
167 527
167 556
168 170
168 228
168 236
168 247
168 252
168 262
168 475
168 539
168 561
168 563
168 570
168 573
168 575
169 171
169 277
169 281
169 310
169 461
169 470
169 472
169 476
169 477
169 479
169 523
169 556
169 557
170 228
170 236
170 238
170 247
170 248
170 252
170 469
170 475
170 556
170 558
170 560
170 561
170 563
170 570
170 575
171 197
171 218
171 276
171 279
171 281
171 479
171 523
172 250
173 176
173 185
173 238
173 246
173 598
174 175
174 176
174 177
174 178
174 179
174 181
174 182
174 185
174 186
174 217
174 249
174 251
174 255
174 256
174 257
174 482
174 559
174 580
175 176
175 177
175 178
175 179
175 181
175 182
175 185
175 186
175 249
175 257
175 482
175 483
175 580
176 177
176 178
176 179
176 181
176 182
176 185
176 217
176 256
176 562
177 178
177 179
177 181
177 182
177 185
177 186
177 206
177 241
177 249
177 256
177 282
177 283
177 320
177 385
177 389
177 480
177 482
177 483
177 484
177 485
177 531
177 567
177 580
177 581
178 179
178 181
178 182
178 183
178 185
178 186
178 249
178 255
178 256
178 257
178 258
178 266
178 320
178 450
178 566
179 181
179 182
179 185
179 186
179 249
179 256
179 385
179 392
179 402
179 482
179 483
179 531
179 559
179 580
179 594
180 183
181 182
181 185
181 186
181 249
181 257
181 320
181 480
181 482
181 483
181 580
182 249
182 256
182 351
182 391
182 392
182 567
182 580
183 255
183 257
183 258
183 263
183 266
183 269
183 270
183 280
183 488
183 499
183 522
183 539
183 564
183 570
183 575
183 587
184 192
184 290
184 302
184 321
184 384
184 487
184 586
185 186
185 249
185 320
186 249
186 257
186 293
186 482
187 189
187 191
187 194
187 207
187 282
187 350
187 384
187 385
187 390
187 393
187 394
187 396
187 398
187 400
187 401
187 402
187 411
187 489
187 496
187 498
188 191
188 385
188 398
188 407
188 580
189 283
189 290
189 321
189 384
189 385
189 389
189 390
189 391
189 393
189 396
189 398
189 400
189 489
189 495
189 586
190 198
190 199
190 201
190 207
190 210
190 212
190 224
190 241
190 350
190 357
190 399
190 401
190 403
190 404
190 406
190 408
190 409
190 412
190 416
190 417
190 418
190 423
190 451
190 490
190 491
190 492
190 502
190 504
190 505
190 534
190 543
190 545
191 194
191 196
191 198
191 199
191 201
191 207
191 209
191 210
191 212
191 346
191 350
191 384
191 393
191 394
191 396
191 398
191 400
191 401
191 406
191 407
191 408
191 409
191 410
191 411
191 416
191 417
191 467
191 490
191 492
191 496
191 498
191 501
191 504
191 516
192 194
192 196
192 204
192 207
192 211
192 224
192 245
192 289
192 290
192 302
192 384
192 390
192 393
192 394
192 395
192 396
192 399
192 400
192 467
192 489
192 495
192 496
192 498
192 532
192 555
192 586
193 196
193 198
193 202
193 205
193 207
193 211
193 212
193 215
193 223
193 224
193 245
193 394
193 399
193 400
193 408
193 467
193 490
193 493
193 494
193 496
193 509
194 196
194 198
194 201
194 204
194 207
194 212
194 346
194 350
194 384
194 390
194 393
194 394
194 396
194 398
194 400
194 401
194 406
194 407
194 408
194 409
194 410
194 411
194 416
194 417
194 418
194 467
194 489
194 490
194 492
194 495
194 496
194 498
194 501
194 504
194 506
194 516
194 544
195 196
195 202
195 211
195 212
195 213
195 214
195 215
195 223
195 224
195 230
195 233
195 234
195 245
195 282
195 289
195 384
195 393
195 394
195 400
195 467
195 489
195 493
195 495
195 496
195 498
195 520
195 521
195 544
195 551
195 579
195 581
195 585
196 198
196 200
196 201
196 202
196 205
196 207
196 209
196 210
196 211
196 212
196 213
196 214
196 215
196 224
196 230
196 233
196 234
196 245
196 282
196 350
196 384
196 386
196 390
196 393
196 394
196 396
196 398
196 399
196 400
196 401
196 408
196 417
196 467
196 489
196 490
196 492
196 493
196 495
196 496
196 498
196 507
196 509
196 516
196 521
196 544
196 579
196 580
196 581
197 198
197 209
197 212
197 216
197 218
197 231
197 265
197 271
197 273
197 276
197 493
197 494
197 501
197 513
197 515
197 518
197 519
197 520
197 524
197 526
197 544
198 199
198 200
198 207
198 209
198 210
198 211
198 212
198 276
198 346
198 398
198 408
198 490
198 492
198 497
198 500
198 501
198 509
198 516
199 201
199 209
199 210
199 212
199 241
199 350
199 407
199 408
199 409
199 452
199 490
199 492
199 500
200 202
200 209
200 210
200 211
200 212
200 215
200 219
200 260
200 271
200 272
200 280
200 281
200 497
200 509
201 204
201 207
201 241
201 337
201 340
201 350
201 357
201 394
201 396
201 398
201 401
201 402
201 404
201 405
201 406
201 407
201 408
201 409
201 410
201 411
201 416
201 417
201 418
201 419
201 451
201 484
201 490
201 491
201 492
201 496
201 498
201 501
201 502
201 504
201 505
201 516
201 534
201 579
202 211
202 212
202 213
202 214
202 215
202 234
202 384
202 386
202 498
202 521
203 204
203 261
203 286
203 287
203 297
203 367
203 370
203 372
203 375
203 420
203 422
203 423
203 424
203 426
203 439
203 440
203 441
203 446
203 502
203 505
203 534
203 592
203 594
203 596
203 599
204 290
204 350
204 384
204 396
204 402
204 416
204 484
204 496
204 498
204 504
204 505
204 516
204 579
204 586
204 594
204 596
205 206
205 211
205 212
205 230
205 408
205 495
205 507
205 509
205 580
206 211
206 213
206 214
206 229
206 230
206 231
206 233
206 265
206 271
206 283
206 311
206 313
206 316
206 318
206 480
206 482
206 483
206 485
206 493
206 495
206 507
206 508
206 509
206 511
206 512
206 513
206 515
206 518
206 520
206 521
206 524
206 526
206 538
206 540
206 542
206 544
206 567
206 580
206 581
206 585
207 210
207 211
207 212
207 215
207 224
207 245
207 282
207 346
207 350
207 384
207 390
207 393
207 394
207 396
207 398
207 399
207 400
207 401
207 402
207 407
207 408
207 409
207 411
207 413
207 416
207 417
207 418
207 467
207 489
207 490
207 492
207 496
207 498
207 509
207 516
207 534
208 209
208 222
208 233
208 241
208 263
208 265
208 298
208 480
208 510
208 514
208 517
209 210
209 211
209 212
209 213
209 216
209 219
209 231
209 232
209 233
209 263
209 265
209 271
209 273
209 278
209 279
209 280
209 468
209 490
209 492
209 493
209 497
209 501
209 509
209 513
209 514
209 515
209 516
209 518
209 544
210 212
210 408
210 417
210 490
210 492
210 497
210 514
210 516
211 212
211 213
211 214
211 215
211 222
211 223
211 224
211 230
211 231
211 233
211 234
211 245
211 271
211 282
211 384
211 386
211 390
211 393
211 394
211 395
211 399
211 400
211 401
211 467
211 485
211 489
211 493
211 495
211 496
211 498
211 507
211 509
211 511
211 520
211 521
211 532
211 544
211 580
211 581
212 213
212 214
212 215
212 219
212 224
212 231
212 233
212 234
212 245
212 271
212 384
212 390
212 393
212 394
212 396
212 398
212 399
212 400
212 401
212 408
212 417
212 467
212 468
212 489
212 490
212 492
212 493
212 494
212 495
212 496
212 497
212 498
212 501
212 507
212 509
212 516
212 520
212 521
212 526
212 544
213 214
213 219
213 229
213 230
213 231
213 232
213 233
213 234
213 263
213 265
213 269
213 271
213 273
213 282
213 384
213 386
213 400
213 467
213 485
213 489
213 493
213 495
213 507
213 508
213 509
213 511
213 513
213 515
213 516
213 518
213 520
213 521
213 540
213 542
213 544
213 551
213 567
213 572
213 573
213 580
213 581
213 585
214 215
214 223
214 229
214 230
214 231
214 233
214 234
214 271
214 384
214 386
214 485
214 493
214 507
214 508
214 509
214 511
214 513
214 520
214 521
214 540
214 581
214 585
215 223
215 224
215 233
215 234
215 245
215 259
215 282
215 331
215 384
215 386
215 399
215 400
215 401
215 417
215 467
215 496
215 498
215 509
215 516
215 521
215 532
215 579
215 580
215 581
216 219
216 231
216 256
216 263
216 265
216 271
216 278
216 280
216 465
216 513
216 523
216 571
217 256
218 232
218 254
218 267
218 272
218 273
218 274
218 276
218 279
218 527
219 231
219 232
219 233
219 234
219 263
219 265
219 269
219 270
219 271
219 272
219 273
219 274
219 278
219 279
219 280
219 295
219 465
219 493
219 497
219 501
219 510
219 512
219 513
219 515
219 516
219 517
219 518
219 520
219 571
220 221
220 237
220 286
220 287
220 296
220 322
220 323
220 325
220 327
220 328
220 330
220 332
220 333
220 335
220 339
220 375
220 397
220 428
220 434
220 446
220 448
220 473
220 529
220 530
220 533
220 536
220 546
220 547
220 549
220 553
220 582
220 584
221 235
221 237
221 243
221 287
221 296
221 332
221 333
221 335
221 339
221 392
221 397
221 421
221 428
221 432
221 434
221 436
221 446
221 473
221 529
221 530
221 533
221 536
221 546
221 547
221 549
221 550
221 553
222 223
222 224
222 240
222 245
222 298
222 532
222 533
222 551
223 224
223 229
223 233
223 234
223 240
223 245
223 532
224 225
224 233
224 234
224 245
224 282
224 331
224 390
224 393
224 394
224 395
224 399
224 400
224 401
224 412
224 416
224 417
224 467
224 489
224 495
224 496
224 498
224 532
224 534
224 544
224 545
224 555
224 579
224 596
225 244
225 245
225 246
225 401
225 412
225 438
225 443
225 445
225 532
225 534
225 545
225 555
225 596
226 227
226 470
226 535
226 536
226 547
226 556
227 397
227 536
228 229
228 235
228 236
228 238
228 240
228 243
228 247
228 255
228 262
228 264
228 265
228 266
228 299
228 511
228 538
228 539
228 540
228 541
228 542
228 547
228 548
228 550
228 554
228 567
228 568
228 572
228 573
228 595
228 597
229 230
229 231
229 233
229 234
229 236
229 240
229 251
229 265
229 282
229 283
229 387
229 475
229 483
229 485
229 489
229 493
229 495
229 507
229 511
229 513
229 518
229 520
229 521
229 540
229 541
229 542
229 544
229 547
229 551
229 567
229 572
229 573
229 580
229 581
230 231
230 233
230 234
230 282
230 283
230 303
230 384
230 385
230 386
230 389
230 390
230 391
230 393
230 395
230 400
230 480
230 483
230 485
230 489
230 495
230 498
230 506
230 507
230 508
230 509
230 511
230 513
230 521
230 542
230 544
230 567
230 580
230 581
230 585
231 232
231 233
231 234
231 263
231 265
231 269
231 271
231 273
231 274
231 313
231 318
231 485
231 493
231 507
231 511
231 512
231 513
231 515
231 518
231 520
231 521
231 526
231 540
231 541
231 542
231 544
231 551
231 567
231 571
231 573
232 233
232 234
232 254
232 263
232 265
232 269
232 270
232 271
232 273
232 497
232 513
232 518
232 520
232 573
233 234
233 245
233 269
233 271
233 273
233 282
233 467
233 507
233 509
233 511
233 516
233 521
233 544
233 551
233 581
234 245
234 263
234 269
234 271
234 273
234 282
234 384
234 386
234 400
234 467
234 489
234 493
234 495
234 498
234 507
234 511
234 513
234 516
234 518
234 520
234 521
234 540
234 542
234 544
234 551
234 579
234 580
234 581
235 236
235 238
235 240
235 296
235 367
235 373
235 375
235 421
235 422
235 428
235 436
235 546
235 554
236 237
236 238
236 240
236 247
236 266
236 284
236 285
236 286
236 293
236 387
236 475
236 478
236 539
236 546
236 547
236 558
236 568
236 572
236 582
236 595
236 597
237 238
237 240
237 243
237 284
237 285
237 286
237 287
237 291
237 296
237 322
237 332
237 333
237 335
237 373
237 392
237 397
237 426
237 478
237 529
237 530
237 533
237 546
237 547
237 549
237 550
237 553
237 568
237 582
237 583
237 584
237 596
237 597
237 599
238 239
238 240
238 243
238 247
238 252
238 266
238 333
238 478
238 539
238 547
238 548
238 550
238 554
238 558
238 560
238 568
238 572
238 597
239 243
239 247
239 250
239 252
239 268
239 275
239 277
239 300
239 548
239 550
239 552
239 574
240 243
240 245
240 285
240 333
240 511
240 532
240 533
240 540
240 542
240 547
240 550
240 551
240 554
240 572
240 583
240 597
241 350
241 409
241 419
241 451
241 480
241 482
241 490
241 491
241 492
241 504
241 534
241 555
242 253
242 297
242 376
242 421
242 424
242 428
242 429
242 430
242 432
242 439
242 448
242 456
242 458
242 462
242 466
242 552
242 591
243 247
243 333
243 373
243 547
243 548
243 550
243 552
243 553
243 554
243 560
243 597
244 245
244 246
244 300
244 360
244 361
244 412
244 445
244 447
245 259
245 282
245 289
245 331
245 390
245 393
245 395
245 399
245 400
245 401
245 412
245 417
245 467
245 489
245 495
245 496
245 498
245 531
245 532
245 534
245 545
245 555
245 579
245 596
246 297
246 331
246 412
246 445
246 534
246 596
246 598
247 248
247 250
247 252
247 463
247 473
247 478
247 541
247 547
247 556
247 558
247 560
247 561
247 563
247 575
248 250
248 252
248 253
248 275
248 453
248 463
248 473
248 474
248 556
248 558
248 560
248 561
248 563
248 575
248 591
249 251
249 255
249 257
250 252
250 253
250 254
250 266
250 267
250 268
250 275
250 277
250 455
250 463
250 474
250 476
250 488
250 556
250 558
250 560
250 561
250 563
250 574
250 575
250 593
251 285
251 286
252 253
252 254
252 263
252 264
252 266
252 268
252 269
252 275
252 277
252 488
252 528
252 539
252 541
252 558
252 560
252 561
252 563
252 564
252 569
252 570
252 574
252 575
252 576
252 591
252 593
253 254
253 267
253 275
253 453
253 462
253 463
253 474
253 558
253 563
253 578
253 590
254 260
254 263
254 267
254 268
254 269
254 270
254 272
254 273
254 274
254 275
254 277
254 280
254 488
254 561
254 564
254 574
255 256
255 257
255 258
255 262
255 263
255 264
255 266
255 268
255 269
255 270
255 274
255 293
255 295
255 298
255 299
255 300
255 315
255 499
255 512
255 538
255 539
255 541
255 564
255 566
255 567
255 569
255 570
256 262
256 263
256 265
256 480
256 538
256 541
256 566
256 567
256 580
257 258
257 266
257 293
257 588
257 593
258 263
258 264
258 266
258 268
258 269
258 270
258 293
258 294
258 295
258 299
258 313
258 315
258 317
258 512
258 513
258 539
258 541
258 542
258 564
258 566
258 567
258 570
258 573
259 285
259 387
259 539
259 596
259 598
259 600
260 268
260 270
260 272
260 274
260 275
260 277
260 280
260 488
260 564
261 297
261 337
261 340
261 347
261 367
261 370
261 372
261 375
261 376
261 378
261 402
261 403
261 404
261 405
261 420
261 421
261 422
261 423
261 424
261 430
261 431
261 439
261 440
261 441
261 446
261 451
261 456
261 458
261 491
261 502
261 505
261 592
261 594
261 598
262 263
262 269
262 278
262 306
262 512
262 528
262 539
262 541
262 564
262 570
262 593
263 265
263 266
263 268
263 269
263 270
263 271
263 272
263 273
263 274
263 278
263 279
263 280
263 295
263 298
263 465
263 499
263 510
263 512
263 513
263 517
263 518
263 528
263 539
263 541
263 542
263 564
263 566
263 569
263 570
263 571
263 573
263 574
264 427
264 512
264 528
264 538
264 541
264 564
264 566
264 567
264 569
264 571
264 575
264 591
265 269
265 271
265 273
265 485
265 493
265 507
265 511
265 512
265 513
265 515
265 517
265 518
265 520
265 528
265 540
265 541
265 542
265 544
265 567
265 569
265 571
265 573
265 574
266 268
266 269
266 270
266 299
266 300
266 539
266 541
266 566
266 568
266 570
266 572
267 268
267 275
267 474
268 269
268 270
268 272
268 274
268 275
268 277
268 280
268 488
268 564
268 574
268 575
268 593
269 270
269 271
269 273
269 274
269 280
269 295
269 306
269 488
269 512
269 518
269 539
269 541
269 542
269 561
269 564
269 566
269 570
269 571
269 572
269 573
270 271
270 272
270 273
270 274
270 279
270 280
270 295
270 315
270 488
270 512
270 564
270 574
271 272
271 273
271 274
271 279
271 280
271 295
271 313
271 465
271 485
271 493
271 497
271 507
271 508
271 511
271 512
271 513
271 515
271 518
271 520
271 521
271 542
271 544
271 567
271 571
271 573
272 273
272 274
272 279
272 280
272 295
272 300
272 574
273 274
273 279
273 280
273 295
273 465
273 499
273 512
273 513
273 518
273 520
273 542
273 571
273 573
273 574
274 279
274 280
274 295
274 298
274 300
274 518
274 571
274 574
275 277
275 474
275 488
275 558
275 563
275 564
275 574
275 575
275 576
275 578
275 593
276 479
276 523
276 525
277 278
277 279
277 281
277 310
277 476
277 477
277 488
277 499
277 523
277 574
277 576
277 578
277 593
278 279
278 280
278 523
278 570
278 576
279 280
279 281
279 300
279 488
279 497
279 523
280 315
280 326
280 499
280 512
280 564
280 570
281 523
282 283
282 384
282 385
282 386
282 390
282 393
282 394
282 395
282 400
282 401
282 402
282 412
282 467
282 480
282 482
282 483
282 489
282 495
282 496
282 498
282 521
282 532
282 534
282 540
282 544
282 545
282 551
282 555
282 579
282 580
282 581
282 596
282 597
283 303
283 317
283 319
283 320
283 384
283 385
283 389
283 390
283 391
283 393
283 395
283 400
283 401
283 480
283 482
283 483
283 485
283 489
283 495
283 507
283 509
283 511
283 531
283 580
283 581
283 586
284 285
284 286
284 289
284 291
284 323
284 327
284 328
284 330
284 332
284 335
284 336
284 529
284 530
284 533
284 547
284 549
284 582
284 583
284 584
285 286
285 289
285 291
285 328
285 329
285 333
285 387
285 547
285 549
285 568
285 582
285 583
285 584
286 287
286 289
286 290
286 291
286 329
286 333
286 335
286 395
286 529
286 530
286 533
286 546
286 547
286 549
286 555
286 568
286 579
286 582
286 583
286 584
286 594
286 596
286 597
286 599
287 296
287 322
287 323
287 325
287 327
287 330
287 332
287 333
287 335
287 339
287 364
287 372
287 373
287 375
287 392
287 397
287 421
287 426
287 428
287 439
287 446
287 505
287 529
287 530
287 533
287 546
287 549
287 553
287 582
287 583
287 584
287 594
287 599
288 497
289 290
289 291
289 329
289 395
289 489
289 496
289 498
289 532
289 579
289 582
289 583
289 584
289 586
289 596
290 291
290 301
290 302
290 305
290 321
290 322
290 336
290 389
290 391
290 395
290 396
290 487
290 489
290 495
290 582
290 584
290 586
291 292
291 302
291 305
291 321
291 322
291 323
291 327
291 328
291 330
291 332
291 335
291 336
291 391
291 392
291 395
291 529
291 530
291 582
291 584
291 586
292 310
292 328
292 330
292 332
292 339
292 529
292 530
293 294
293 365
293 368
293 370
293 568
293 588
293 591
293 593
294 365
294 368
295 300
295 465
295 564
296 297
296 325
296 333
296 339
296 364
296 367
296 370
296 372
296 373
296 375
296 376
296 420
296 421
296 422
296 423
296 424
296 425
296 426
296 428
296 429
296 430
296 431
296 432
296 435
296 436
296 439
296 440
296 446
296 448
296 458
296 466
296 529
296 546
296 549
296 550
296 552
296 591
296 598
296 599
297 364
297 367
297 370
297 372
297 373
297 375
297 376
297 420
297 421
297 422
297 424
297 426
297 428
297 429
297 430
297 431
297 439
297 502
297 596
297 598
297 599
298 299
298 300
298 481
298 510
299 538
299 539
299 541
299 542
299 566
299 567
299 572
301 302
301 304
301 317
301 321
301 324
301 389
301 487
301 586
301 587
302 305
302 317
302 321
302 322
302 487
302 586
303 304
303 306
303 308
303 317
303 319
303 384
303 385
303 389
304 305
304 306
304 313
304 314
304 315
304 317
304 319
304 320
304 324
304 326
305 317
305 320
305 321
305 322
305 323
305 324
305 327
305 328
305 332
305 335
305 336
305 582
305 595
306 313
306 315
307 553
309 509
310 476
310 477
311 342
311 485
312 313
312 314
312 315
312 318
312 319
313 314
313 315
313 316
313 317
313 318
313 319
313 485
313 507
313 508
313 511
313 512
313 513
313 567
314 315
314 317
314 318
314 319
314 320
314 389
314 512
315 317
315 318
315 319
315 320
315 389
315 512
315 513
315 564
316 485
316 507
317 319
317 320
317 321
317 336
317 388
317 389
317 391
317 512
318 319
318 320
318 331
318 334
318 345
318 480
318 482
318 485
318 511
318 513
318 581
319 320
319 389
319 512
320 324
320 334
320 336
320 389
320 391
320 392
321 322
321 335
321 336
321 388
321 389
321 390
321 391
321 586
322 323
322 325
322 330
322 332
322 335
322 336
322 339
322 392
322 529
322 530
322 549
322 584
323 325
323 327
323 328
323 330
323 332
323 335
323 336
323 339
323 415
323 529
323 530
323 582
323 584
323 595
324 326
324 329
324 475
325 327
325 330
325 332
325 335
325 339
325 372
325 415
325 423
325 424
325 425
325 428
325 439
325 441
325 446
325 448
325 529
325 530
325 546
325 549
325 584
325 595
325 599
326 587
327 328
327 330
327 332
327 335
327 336
327 339
327 391
327 415
327 529
327 530
327 582
327 584
327 595
328 330
328 332
328 335
328 336
328 339
328 529
328 530
328 582
328 584
329 331
329 333
330 332
330 335
330 336
330 339
330 415
330 529
330 530
330 582
330 584
332 333
332 335
332 336
332 339
332 392
332 415
332 434
332 437
332 446
332 448
332 466
332 473
332 529
332 530
332 546
332 549
332 553
332 582
332 584
332 595
333 335
333 392
333 397
333 429
333 478
333 529
333 530
333 533
333 546
333 547
333 549
333 550
333 553
333 583
333 584
333 597
334 336
334 392
334 480
335 336
335 339
335 392
335 397
335 529
335 530
335 533
335 546
335 549
335 553
335 582
335 584
336 389
336 391
336 392
336 529
336 530
336 533
336 582
337 338
337 340
337 343
337 344
337 347
337 348
337 349
337 350
337 355
337 357
337 367
337 371
337 375
337 378
337 381
337 402
337 403
337 404
337 405
337 406
337 407
337 409
337 410
337 411
337 413
337 418
337 419
337 421
337 422
337 423
337 424
337 428
337 430
337 431
337 433
337 439
337 440
337 441
337 451
337 459
337 491
337 502
337 504
338 340
338 342
338 344
338 346
338 347
338 348
338 349
338 355
338 371
338 378
338 431
338 440
338 441
339 415
339 423
339 425
339 428
339 432
339 434
339 435
339 437
339 446
339 448
339 458
339 462
339 466
339 529
339 530
339 582
339 595
339 599
340 343
340 344
340 346
340 347
340 348
340 349
340 350
340 357
340 364
340 367
340 371
340 375
340 378
340 381
340 402
340 403
340 404
340 405
340 406
340 407
340 409
340 410
340 411
340 413
340 419
340 421
340 422
340 423
340 424
340 428
340 429
340 430
340 433
340 439
340 440
340 451
340 491
340 502
341 353
341 355
341 362
341 365
341 367
341 368
341 370
341 371
341 372
341 375
341 422
341 431
341 439
341 440
341 441
342 343
342 344
342 346
342 347
342 349
342 378
342 381
342 419
343 344
343 347
343 348
343 367
343 381
343 382
343 405
343 406
343 409
343 410
343 419
343 424
343 425
343 439
343 491
344 346
344 347
344 348
344 349
344 353
344 354
344 355
344 364
344 367
344 370
344 371
344 375
344 378
344 381
344 405
344 409
344 410
344 419
344 422
344 423
344 424
344 428
344 431
344 433
344 439
344 440
344 441
344 456
345 351
345 352
345 360
345 361
345 362
345 447
346 347
346 348
346 349
346 353
346 354
346 356
346 398
346 407
346 409
346 410
346 411
346 490
347 348
347 349
347 353
347 357
347 367
347 375
347 378
347 381
347 402
347 403
347 405
347 406
347 407
347 409
347 410
347 411
347 419
347 423
347 424
347 430
347 433
347 439
347 440
347 456
347 491
348 349
348 353
348 354
348 356
348 409
348 410
348 411
349 350
349 353
349 355
349 369
349 407
349 411
349 418
349 485
349 509
350 357
350 393
350 394
350 396
350 398
350 399
350 401
350 402
350 404
350 405
350 406
350 407
350 408
350 409
350 410
350 411
350 416
350 417
350 418
350 419
350 451
350 452
350 490
350 491
350 492
350 496
350 498
350 504
350 505
350 534
350 543
351 352
351 360
351 361
351 412
351 414
352 360
352 361
352 521
352 567
353 354
353 355
353 356
353 359
353 362
353 369
354 355
354 356
354 362
355 362
355 369
355 410
355 441
356 398
356 411
356 444
356 497
357 358
357 367
357 375
357 399
357 401
357 402
357 403
357 404
357 405
357 406
357 407
357 408
357 409
357 412
357 413
357 414
357 416
357 418
357 423
357 430
357 439
357 440
357 443
357 451
357 452
357 491
357 502
357 504
357 505
357 534
358 363
358 372
358 412
358 413
358 414
358 421
358 443
358 445
359 363
359 364
359 367
359 372
359 373
359 413
359 429
359 439
360 361
360 362
360 412
360 414
360 445
360 447
361 401
361 412
361 413
361 414
362 363
362 413
363 413
363 445
363 447
364 365
364 367
364 368
364 370
364 372
364 373
364 375
364 376
364 419
364 421
364 422
364 423
364 424
364 426
364 428
364 429
364 439
364 440
364 441
364 552
364 588
365 368
365 370
365 376
365 588
365 591
365 593
366 421
366 422
366 436
367 370
367 371
367 372
367 373
367 375
367 376
367 378
367 381
367 403
367 404
367 405
367 419
367 420
367 421
367 422
367 423
367 424
367 425
367 426
367 428
367 429
367 430
367 431
367 432
367 435
367 436
367 439
367 440
367 441
367 446
367 448
367 451
367 458
367 491
367 594
368 369
368 370
368 376
369 546
370 372
370 373
370 375
370 376
370 420
370 421
370 422
370 424
370 426
370 427
370 428
370 429
370 431
370 439
370 440
370 441
370 588
370 591
370 592
371 372
371 375
371 378
371 403
371 420
371 421
371 422
371 423
371 424
371 428
371 430
371 431
371 433
371 436
371 439
371 440
371 441
371 446
371 458
372 375
372 376
372 403
372 420
372 421
372 422
372 423
372 424
372 426
372 428
372 429
372 430
372 431
372 432
372 433
372 434
372 435
372 437
372 439
372 440
372 441
372 446
372 448
372 458
372 502
372 505
372 591
372 594
372 599
373 375
373 376
373 421
373 422
373 424
373 426
373 427
373 428
373 429
373 436
373 439
373 534
373 546
373 549
373 550
373 552
373 554
375 376
375 403
375 405
375 419
375 420
375 421
375 422
375 423
375 424
375 425
375 426
375 428
375 429
375 430
375 431
375 432
375 433
375 435
375 436
375 439
375 440
375 441
375 446
375 458
375 491
375 502
375 505
375 546
375 594
375 599
376 378
376 379
376 420
376 421
376 422
376 424
376 426
376 428
376 429
376 430
376 431
376 439
376 441
376 552
376 588
376 591
377 378
377 379
377 380
378 379
378 380
378 381
378 403
378 405
378 419
378 421
378 422
378 423
378 424
378 425
378 428
378 436
378 439
378 440
378 441
379 424
379 425
380 381
380 484
381 405
381 409
381 419
381 424
381 425
381 441
382 424
382 438
383 506
384 385
384 386
384 389
384 390
384 393
384 394
384 396
384 398
384 400
384 401
384 411
384 467
384 483
384 484
384 489
384 495
384 496
384 498
384 509
384 521
384 544
384 555
384 579
384 580
384 581
384 586
385 386
385 389
385 390
385 391
385 393
385 394
385 398
385 400
385 401
385 402
385 407
385 411
385 480
385 482
385 483
385 484
385 485
385 489
385 498
385 509
385 531
385 579
385 580
385 581
386 389
386 400
386 489
386 496
386 509
386 516
386 521
386 579
386 580
386 581
387 521
387 539
387 540
387 551
387 572
387 579
387 581
387 583
387 596
387 597
387 600
388 389
388 391
389 390
389 391
389 400
389 483
389 487
389 489
389 580
389 586
390 391
390 393
390 394
390 395
390 396
390 398
390 399
390 400
390 401
390 411
390 412
390 467
390 489
390 495
390 496
390 498
390 532
390 544
390 555
390 579
390 586
391 392
391 395
391 483
391 489
391 495
391 582
392 397
392 529
392 530
392 533
392 546
392 582
392 584
393 394
393 395
393 396
393 398
393 399
393 400
393 401
393 407
393 408
393 411
393 412
393 416
393 417
393 418
393 467
393 483
393 484
393 489
393 495
393 496
393 498
393 504
393 521
393 532
393 544
393 555
393 579
393 580
393 585
393 586
394 396
394 398
394 399
394 400
394 401
394 407
394 408
394 411
394 417
394 467
394 484
394 489
394 492
394 495
394 496
394 498
394 504
394 516
394 521
394 544
394 579
395 399
395 400
395 401
395 412
395 489
395 495
395 496
395 498
395 531
395 532
395 533
395 555
395 584
395 586
396 398
396 399
396 400
396 401
396 406
396 407
396 408
396 409
396 410
396 411
396 416
396 417
396 418
396 467
396 489
396 490
396 492
396 494
396 495
396 496
396 498
396 501
396 504
396 516
396 544
396 579
397 428
397 529
397 530
397 533
397 536
397 546
397 549
397 553
398 399
398 400
398 401
398 406
398 407
398 408
398 409
398 410
398 411
398 416
398 417
398 418
398 489
398 492
398 496
398 498
399 400
399 401
399 408
399 412
399 413
399 414
399 416
399 417
399 418
399 451
399 467
399 489
399 490
399 495
399 496
399 498
399 532
399 534
399 555
400 401
400 408
400 411
400 412
400 467
400 483
400 484
400 489
400 495
400 496
400 498
400 509
400 521
400 544
400 580
400 581
400 585
401 402
401 407
401 408
401 411
401 412
401 413
401 414
401 416
401 417
401 418
401 467
401 482
401 483
401 484
401 489
401 491
401 496
401 498
401 532
401 534
401 555
401 579
401 580
402 403
402 404
402 406
402 407
402 409
402 410
402 411
402 416
402 418
402 419
402 423
402 424
402 433
402 440
402 451
402 491
402 502
402 504
402 505
402 531
402 534
402 555
402 579
402 594
402 596
403 404
403 405
403 406
403 409
403 419
403 420
403 421
403 422
403 423
403 424
403 425
403 428
403 430
403 431
403 432
403 433
403 435
403 437
403 439
403 440
403 441
403 443
403 446
403 448
403 451
403 458
403 459
403 491
403 502
403 594
403 599
404 405
404 406
404 407
404 409
404 410
404 416
404 418
404 419
404 420
404 421
404 422
404 423
404 424
404 425
404 428
404 430
404 432
404 433
404 435
404 439
404 440
404 446
404 451
404 459
404 491
404 502
404 594
405 406
405 407
405 409
405 410
405 419
405 421
405 422
405 423
405 424
405 425
405 428
405 430
405 433
405 439
405 440
405 451
405 491
406 407
406 409
406 410
406 411
406 416
406 418
406 419
406 423
406 424
406 433
406 440
406 451
406 491
406 504
407 408
407 409
407 410
407 411
407 416
407 418
407 419
407 451
407 484
407 490
407 491
407 492
407 504
408 409
408 410
408 411
408 416
408 417
408 418
408 442
408 451
408 452
408 467
408 490
408 491
408 492
408 494
408 495
408 496
408 498
408 500
408 501
408 504
408 516
408 519
408 534
408 543
409 410
409 411
409 416
409 419
409 451
409 459
409 490
409 491
409 492
409 504
410 411
410 416
410 419
410 451
410 491
410 504
411 492
411 504
412 413
412 414
412 443
412 445
412 447
412 532
412 534
412 555
413 414
413 418
413 445
413 491
413 534
413 555
414 445
414 534
415 425
415 432
415 437
415 446
415 448
415 454
415 458
415 462
415 466
415 530
415 595
415 599
415 600
416 417
416 418
416 419
416 451
416 459
416 490
416 491
416 492
416 496
416 504
416 505
416 534
416 579
416 594
417 418
417 451
417 467
417 468
417 490
417 491
417 492
417 494
417 495
417 496
417 498
417 504
417 516
417 532
417 534
417 543
417 544
417 545
417 579
418 419
418 440
418 451
418 490
418 491
418 498
418 504
418 534
418 543
419 423
419 424
419 425
419 428
419 430
419 433
419 435
419 439
419 440
419 446
419 451
419 491
419 502
419 504
419 505
420 421
420 422
420 423
420 424
420 425
420 428
420 429
420 430
420 431
420 432
420 433
420 439
420 440
420 441
420 443
420 446
420 451
420 458
420 502
420 505
420 592
420 594
420 596
420 598
420 599
421 422
421 423
421 424
421 425
421 426
421 428
421 429
421 430
421 431
421 432
421 433
421 435
421 436
421 437
421 439
421 440
421 441
421 443
421 446
421 448
421 451
421 458
421 491
421 594
421 598
421 599
422 423
422 424
422 425
422 426
422 428
422 429
422 430
422 431
422 432
422 433
422 435
422 436
422 437
422 439
422 440
422 441
422 446
422 448
422 451
422 456
422 458
422 491
422 502
422 546
422 594
422 599
423 424
423 425
423 426
423 428
423 429
423 430
423 431
423 432
423 433
423 435
423 436
423 437
423 439
423 440
423 441
423 443
423 446
423 448
423 451
423 456
423 458
423 459
423 462
423 491
423 502
423 505
423 594
423 598
423 599
424 425
424 426
424 428
424 429
424 430
424 431
424 432
424 433
424 435
424 436
424 438
424 439
424 440
424 441
424 446
424 448
424 451
424 458
424 491
424 502
424 505
424 594
424 599
425 426
425 428
425 430
425 431
425 432
425 433
425 434
425 435
425 436
425 437
425 439
425 440
425 441
425 446
425 448
425 451
425 458
425 491
425 589
425 594
425 599
426 427
426 428
426 429
426 430
426 436
426 439
426 440
426 441
426 446
426 549
426 552
426 588
426 591
426 596
426 599
427 482
427 588
427 591
428 429
428 430
428 431
428 432
428 433
428 434
428 435
428 436
428 437
428 439
428 440
428 441
428 446
428 448
428 458
428 462
428 466
428 473
428 502
428 546
428 549
428 552
428 553
428 591
428 599
429 430
429 432
429 439
429 440
429 446
429 456
429 458
429 491
429 550
429 552
429 591
429 594
429 598
429 599
430 431
430 432
430 433
430 434
430 435
430 437
430 439
430 440
430 446
430 448
430 451
430 456
430 458
430 461
430 462
430 491
430 502
430 552
430 598
430 599
431 432
431 433
431 434
431 435
431 436
431 437
431 439
431 440
431 441
431 446
431 448
431 456
431 458
431 462
431 502
431 599
432 433
432 434
432 435
432 436
432 437
432 439
432 440
432 443
432 446
432 448
432 456
432 458
432 462
432 466
432 502
432 552
432 556
432 591
432 598
432 599
433 435
433 439
433 440
433 441
433 446
433 458
433 459
433 491
433 502
434 435
434 437
434 446
434 448
434 458
434 462
434 473
434 529
434 546
434 560
434 599
435 436
435 437
435 439
435 440
435 441
435 446
435 448
435 451
435 458
435 459
435 461
435 462
435 491
435 502
435 591
435 599
436 439
436 440
436 441
436 446
436 448
436 546
436 550
437 440
437 441
437 446
437 448
437 458
437 462
437 466
437 599
438 439
438 440
438 505
439 440
439 441
439 443
439 446
439 448
439 451
439 456
439 458
439 491
439 502
439 505
439 534
439 552
439 594
440 441
440 446
440 448
440 451
440 458
440 491
440 502
440 505
440 594
441 446
441 448
441 458
441 462
442 460
442 500
442 501
442 519
443 445
443 446
445 447
445 532
445 534
445 555
446 448
446 451
446 458
446 462
446 491
446 502
446 529
446 598
446 599
448 458
448 462
448 466
448 473
448 552
448 591
448 599
449 452
449 454
449 464
449 490
449 543
450 457
450 522
451 459
451 490
451 491
451 502
451 504
451 505
451 534
451 543
451 594
452 453
452 454
452 459
452 460
452 461
452 490
452 492
452 500
452 514
452 543
453 454
453 462
453 463
453 466
453 473
453 474
453 563
454 457
454 459
454 460
454 461
454 462
454 463
454 473
454 474
454 490
454 500
454 514
454 519
454 577
455 456
455 458
455 463
455 474
455 499
455 522
455 561
455 589
456 458
456 461
456 464
456 466
456 502
456 552
456 576
456 578
456 598
457 459
457 461
457 576
457 577
457 578
457 589
457 590
458 461
458 462
458 466
458 502
458 552
458 563
458 589
458 590
458 591
458 598
458 599
459 461
459 502
459 522
459 577
460 463
460 500
460 519
460 527
461 472
461 477
461 500
461 514
461 523
461 556
461 578
462 466
462 558
463 473
463 474
463 525
463 527
463 558
463 561
463 563
463 575
463 593
465 499
465 501
465 512
465 513
465 515
465 516
465 517
465 518
465 528
465 541
465 567
465 571
467 468
467 483
467 484
467 489
467 490
467 492
467 493
467 494
467 495
467 496
467 498
467 501
467 504
467 509
467 515
467 516
467 520
467 521
467 532
467 534
467 540
467 544
467 545
467 551
467 579
467 580
467 581
468 490
468 492
468 493
468 494
468 496
468 497
468 501
468 514
468 515
468 516
468 517
468 519
468 520
468 544
469 575
470 471
470 472
470 473
470 476
470 477
470 478
470 479
470 525
470 556
470 557
470 563
471 556
472 476
472 477
472 479
472 522
472 523
472 525
472 556
472 557
472 578
473 474
473 478
473 525
473 536
473 553
473 556
473 558
473 561
473 563
473 575
474 525
474 527
474 556
474 557
474 558
474 561
474 563
474 578
475 478
475 511
475 512
475 522
475 528
475 541
475 542
475 570
475 572
475 573
476 477
476 478
476 479
476 523
476 556
476 557
476 558
476 563
477 479
477 523
477 525
477 556
477 557
477 576
477 577
477 578
478 547
478 548
478 550
478 556
478 558
478 563
479 523
479 525
479 556
479 557
480 482
480 483
480 485
480 507
480 531
480 532
480 540
480 544
480 555
480 567
480 580
480 581
481 566
481 569
481 571
482 483
482 484
482 485
482 507
482 531
482 555
482 567
482 580
482 581
482 596
483 484
483 485
483 489
483 495
483 498
483 507
483 508
483 509
483 511
483 521
483 531
483 555
483 559
483 567
483 579
483 580
483 581
484 498
484 508
484 555
484 581
484 586
485 493
485 507
485 508
485 509
485 511
485 512
485 513
485 515
485 524
485 526
485 542
485 559
485 567
485 580
485 581
487 586
488 564
488 574
488 575
488 576
488 578
488 590
488 593
489 495
489 496
489 498
489 511
489 516
489 521
489 532
489 540
489 544
489 551
489 555
489 579
489 580
489 581
489 586
490 492
490 494
490 496
490 500
490 501
490 504
490 509
490 514
490 515
490 516
490 519
491 502
491 504
491 505
491 534
491 543
491 545
491 594
492 494
492 496
492 497
492 500
492 501
492 504
492 514
492 516
492 519
493 494
493 495
493 496
493 498
493 501
493 507
493 508
493 511
493 513
493 515
493 516
493 518
493 519
493 520
493 521
493 526
493 540
493 542
493 544
493 551
493 567
493 581
493 585
494 496
494 500
494 501
494 503
494 504
494 514
494 515
494 516
494 519
494 524
494 544
495 496
495 498
495 506
495 507
495 511
495 516
495 520
495 521
495 532
495 540
495 542
495 544
495 551
495 579
495 580
495 581
495 585
495 586
496 498
496 501
496 504
496 515
496 516
496 521
496 532
496 544
496 579
496 580
497 516
497 578
498 504
498 509
498 516
498 521
498 532
498 534
498 544
498 545
498 555
498 579
498 580
498 581
498 586
499 510
499 512
499 517
499 522
499 525
499 528
499 539
499 541
499 564
499 569
499 570
499 571
499 574
500 501
500 503
500 514
500 515
500 519
500 527
501 503
501 504
501 513
501 515
501 516
501 517
501 518
501 519
501 521
501 544
501 567
502 505
502 592
502 594
502 596
502 598
502 599
502 600
503 516
503 519
503 522
503 600
504 505
504 516
504 579
505 534
505 545
505 555
505 579
505 592
505 594
505 596
505 598
505 599
505 600
506 507
506 513
506 516
506 521
507 508
507 509
507 511
507 513
507 515
507 518
507 520
507 521
507 540
507 542
507 544
507 567
507 580
507 581
507 585
508 509
508 511
508 512
508 513
508 518
508 520
508 521
508 538
508 559
508 566
508 567
508 580
508 581
509 513
509 521
509 580
509 581
510 517
510 551
510 566
510 569
510 571
511 512
511 513
511 515
511 518
511 520
511 521
511 540
511 541
511 542
511 544
511 551
511 567
511 572
511 573
511 580
511 581
511 585
512 513
512 517
512 518
512 528
512 538
512 541
512 542
512 564
512 566
512 567
512 569
512 570
512 571
512 573
512 574
513 515
513 516
513 518
513 519
513 520
513 521
513 541
513 542
513 544
513 567
513 571
513 573
513 580
513 581
513 585
514 519
515 516
515 518
515 519
515 520
515 521
515 527
515 542
515 544
515 567
515 571
516 517
516 519
516 521
516 544
516 579
516 581
517 518
517 520
517 528
517 540
517 541
517 542
517 551
517 566
517 569
517 571
517 573
518 520
518 521
518 528
518 540
518 541
518 542
518 544
518 551
518 566
518 567
518 569
518 571
518 572
518 573
519 521
519 544
520 521
520 540
520 542
520 544
520 551
520 567
520 571
520 581
521 540
521 542
521 544
521 551
521 567
521 572
521 573
521 579
521 580
521 581
521 585
522 525
522 528
522 539
522 556
522 557
522 558
522 561
522 570
522 575
522 576
522 577
523 525
523 556
523 557
523 578
524 526
524 562
525 527
525 528
525 556
525 557
525 561
525 578
526 562
527 537
528 538
528 539
528 541
528 542
528 548
528 561
528 564
528 569
528 570
528 571
528 572
528 573
528 574
528 577
529 530
529 533
529 546
529 547
529 549
529 553
529 582
529 584
529 599
530 533
530 546
530 549
530 553
530 582
530 584
531 532
531 555
531 594
531 596
532 533
532 534
532 540
532 544
532 545
532 551
532 555
532 579
532 596
532 597
533 546
533 547
533 549
533 550
533 553
533 582
533 584
534 543
534 545
534 555
534 594
534 596
536 547
536 549
536 553
538 539
538 540
538 541
538 542
538 566
538 567
538 569
538 571
538 572
538 588
538 595
539 540
539 541
539 542
539 548
539 566
539 569
539 570
539 572
539 595
539 600
540 541
540 542
540 544
540 548
540 551
540 566
540 567
540 572
540 579
540 580
540 581
540 583
540 597
541 542
541 548
541 551
541 564
541 566
541 567
541 569
541 570
541 571
541 572
541 573
541 574
541 595
542 544
542 547
542 551
542 566
542 567
542 570
542 571
542 572
542 573
543 545
544 551
544 567
544 571
544 579
544 580
544 581
545 551
545 555
545 579
545 594
545 596
545 597
546 547
546 549
546 553
546 554
546 582
546 595
547 548
547 549
547 550
547 553
547 554
547 572
547 582
547 583
547 584
547 595
548 550
548 551
548 553
548 554
548 569
548 572
548 597
549 550
549 553
549 582
549 583
549 584
550 552
550 553
550 554
550 597
551 566
551 567
551 572
551 579
551 581
551 583
551 597
552 591
553 554
554 572
554 595
554 597
555 579
555 583
555 594
555 596
555 597
556 557
556 558
556 561
556 563
556 575
558 560
558 561
558 563
558 575
560 568
560 575
561 563
561 570
561 573
561 575
563 575
564 569
564 570
564 571
564 574
564 575
565 576
565 592
565 600
566 567
566 569
566 571
566 572
567 571
567 572
567 573
567 580
567 581
568 583
568 588
568 591
568 597
568 599
568 600
569 570
569 571
569 572
569 573
569 574
569 577
570 571
570 572
570 573
570 577
571 573
571 574
572 573
572 595
572 597
574 593
575 576
575 591
575 593
576 577
576 578
576 593
577 578
578 590
579 580
579 581
579 583
579 594
579 596
579 597
580 581
581 586
582 583
582 584
582 595
583 584
583 596
583 597
584 596
588 589
588 591
588 592
588 593
589 591
589 592
591 593
592 594
592 596
592 598
592 599
592 600
594 596
594 597
594 598
594 599
594 600
595 600
596 597
596 598
596 599
596 600
597 600
598 599
598 600
599 600
