600 1797

1 4
1 18
1 20
1 34
1 36
1 98
1 100
1 106
1 221
1 290
1 317
1 322
1 388
1 389
2 93
2 301
3 5
3 6
3 11
3 12
3 16
3 20
3 23
3 24
3 32
3 94
3 303
3 304
3 305
3 307
3 308
3 312
3 323
3 324
3 326
3 329
4 5
4 11
4 16
4 18
4 20
4 21
4 22
4 29
4 30
4 32
4 34
4 36
4 38
4 94
4 98
4 100
4 101
4 103
4 106
4 109
4 118
4 221
4 302
4 304
4 305
4 308
4 312
4 315
4 317
4 319
4 320
4 321
4 322
4 323
4 324
4 326
4 329
4 332
4 335
4 388
4 389
4 390
4 445
4 530
5 11
5 12
5 16
5 18
5 19
5 20
5 21
5 22
5 23
5 24
5 29
5 30
5 32
5 94
5 98
5 100
5 101
5 304
5 305
5 308
5 312
5 315
5 317
5 319
5 320
5 322
5 323
5 324
5 326
5 329
5 332
7 306
7 308
7 310
8 9
8 316
10 14
10 309
10 313
11 12
11 16
11 18
11 20
11 21
11 22
11 24
11 30
11 31
11 32
11 38
11 94
11 98
11 100
11 304
11 305
11 308
11 312
11 315
11 317
11 319
11 320
11 323
11 324
11 326
11 329
12 16
12 19
12 20
12 21
12 23
12 24
12 29
12 94
12 303
12 304
12 305
12 308
12 312
12 315
12 319
12 323
12 324
12 326
12 519
13 293
14 17
14 27
14 29
14 312
14 318
15 316
16 18
16 19
16 20
16 21
16 22
16 24
16 29
16 94
16 100
16 304
16 305
16 308
16 312
16 315
16 319
16 320
16 323
16 324
16 326
16 329
17 26
18 20
18 21
18 22
18 29
18 30
18 94
18 98
18 100
18 101
18 102
18 103
18 106
18 109
18 304
18 305
18 312
18 315
18 317
18 321
18 322
18 323
18 324
18 326
18 329
18 388
18 389
18 390
19 21
19 29
19 94
19 100
19 304
19 315
19 319
19 320
19 323
19 324
19 326
20 21
20 22
20 23
20 24
20 30
20 32
20 35
20 36
20 38
20 94
20 98
20 100
20 101
20 103
20 106
20 109
20 118
20 221
20 304
20 305
20 308
20 312
20 317
20 319
20 320
20 321
20 322
20 323
20 324
20 326
20 332
20 335
20 388
20 389
20 390
20 391
20 392
20 394
20 530
21 22
21 24
21 32
21 35
21 36
21 37
21 38
21 94
21 98
21 100
21 101
21 102
21 103
21 106
21 221
21 304
21 305
21 317
21 319
21 320
21 321
21 322
21 324
21 326
21 335
21 336
21 388
21 389
21 390
21 391
21 392
21 530
22 24
22 30
22 94
22 98
22 100
22 103
22 106
22 304
22 305
22 312
22 317
22 321
22 322
22 323
22 324
22 326
22 327
22 328
22 329
22 388
22 389
22 390
23 29
23 30
23 304
23 308
23 312
23 323
23 324
23 326
23 329
24 32
24 94
24 304
24 305
24 308
24 312
24 319
24 324
24 326
25 325
25 327
25 328
26 587
27 331
28 31
28 328
29 30
29 94
29 98
29 109
29 304
29 308
29 312
29 315
29 318
29 319
29 323
29 324
29 326
29 329
30 31
30 32
30 34
30 36
30 98
30 109
30 304
30 312
30 317
30 323
30 324
30 326
30 327
30 328
30 329
30 332
30 445
31 32
31 34
31 36
31 327
31 328
31 330
31 332
31 335
32 35
32 36
32 38
32 94
32 98
32 100
32 101
32 103
32 106
32 109
32 118
32 221
32 312
32 321
32 324
32 326
32 329
32 332
32 333
32 335
32 530
32 533
33 34
33 220
33 222
33 237
33 285
33 286
33 287
33 332
33 529
33 549
33 553
33 584
34 36
34 98
34 220
34 286
34 287
34 332
34 445
34 529
34 579
34 584
35 37
35 38
35 100
35 221
35 320
35 321
35 322
35 333
35 334
35 335
35 530
36 38
36 97
36 98
36 100
36 102
36 106
36 118
36 220
36 221
36 302
36 317
36 321
36 322
36 332
36 335
36 336
36 530
36 533
37 38
37 100
37 320
37 321
37 322
38 94
38 98
38 100
38 102
38 103
38 106
38 221
38 302
38 317
38 320
38 321
38 322
38 332
38 333
38 335
38 336
38 388
38 389
38 390
38 391
38 392
38 530
38 533
39 42
39 47
39 113
39 115
39 116
39 117
39 337
40 64
40 142
41 45
41 46
41 48
41 54
42 47
42 54
42 56
42 115
42 116
42 337
43 415
44 139
44 446
45 46
45 48
45 54
46 48
46 54
47 56
47 95
47 107
47 112
47 113
47 115
47 116
47 117
47 199
47 337
47 385
48 54
49 152
50 146
50 447
51 345
52 107
52 108
52 111
52 350
52 396
53 348
55 60
55 120
55 413
56 115
56 116
57 65
57 350
58 61
58 66
59 62
59 121
59 360
60 63
61 356
64 152
64 369
64 414
65 149
66 67
67 363
68 369
69 288
69 368
70 365
71 72
72 77
72 368
72 370
73 87
73 446
74 429
75 83
76 376
78 82
78 89
78 427
79 369
80 229
81 91
82 83
82 375
83 367
84 512
85 377
86 377
88 381
90 274
90 377
91 463
91 563
92 184
92 187
92 198
92 383
94 98
94 100
94 101
94 103
94 104
94 105
94 106
94 109
94 118
94 221
94 304
94 305
94 308
94 312
94 317
94 319
94 321
94 322
94 323
94 324
94 326
94 385
94 388
94 389
94 390
94 391
94 392
94 394
94 398
94 411
94 530
95 112
95 113
95 117
95 385
96 99
96 128
97 98
97 99
97 221
97 282
97 317
97 487
98 100
98 101
98 103
98 104
98 105
98 106
98 109
98 118
98 221
98 304
98 305
98 308
98 312
98 317
98 321
98 322
98 323
98 324
98 326
98 388
98 389
98 390
98 391
98 392
98 411
98 530
99 225
99 233
99 282
100 101
100 102
100 103
100 106
100 221
100 304
100 317
100 320
100 321
100 322
100 323
100 335
100 336
100 388
100 389
100 390
100 530
101 103
101 104
101 105
101 106
101 109
101 117
101 118
101 194
101 221
101 304
101 308
101 317
101 321
101 322
101 324
101 326
101 385
101 388
101 389
101 390
101 391
101 394
101 395
101 397
101 411
101 530
101 533
102 106
102 221
102 321
102 336
102 530
103 104
103 105
103 106
103 107
103 108
103 109
103 110
103 117
103 118
103 123
103 221
103 317
103 321
103 322
103 323
103 385
103 388
103 389
103 390
103 391
103 392
103 393
103 394
103 395
103 396
103 397
103 398
103 411
103 530
104 105
104 106
104 107
104 108
104 109
104 110
104 117
104 118
104 123
104 192
104 194
104 223
104 317
104 321
104 384
104 385
104 388
104 389
104 390
104 391
104 393
104 394
104 395
104 396
104 397
104 398
104 411
104 530
104 533
105 106
105 107
105 108
105 109
105 110
105 117
105 118
105 119
105 123
105 143
105 221
105 290
105 317
105 321
105 385
105 388
105 389
105 390
105 391
105 393
105 395
105 396
105 397
105 398
105 400
105 411
105 530
105 533
106 108
106 109
106 110
106 117
106 118
106 221
106 317
106 321
106 322
106 385
106 388
106 389
106 390
106 391
106 392
106 394
106 395
106 398
106 400
106 411
106 530
107 108
107 109
107 113
107 116
107 117
107 118
107 123
107 385
107 390
107 393
107 395
107 396
107 398
107 410
107 411
108 109
108 110
108 117
108 118
108 119
108 123
108 385
108 388
108 389
108 390
108 393
108 395
108 396
108 397
108 398
108 400
108 410
108 411
109 117
109 118
109 122
109 123
109 308
109 317
109 321
109 323
109 324
109 326
109 385
109 388
109 389
109 390
109 393
109 394
109 395
109 396
109 397
109 398
109 411
109 530
109 533
110 118
110 119
110 223
110 321
110 384
110 385
110 388
110 389
110 390
110 391
110 393
110 395
110 397
110 398
110 400
110 411
110 530
111 125
111 350
112 113
112 114
112 406
112 422
113 114
113 117
113 118
113 337
113 385
114 115
114 337
114 406
114 491
115 116
116 117
116 410
117 118
117 123
117 147
117 385
117 388
117 390
117 393
117 395
117 396
117 398
117 410
117 411
118 123
118 147
118 221
118 317
118 321
118 322
118 385
118 386
118 388
118 389
118 390
118 391
118 393
118 394
118 395
118 396
118 397
118 398
118 400
118 411
118 530
118 533
119 120
119 121
119 145
119 147
119 223
119 385
119 395
119 397
119 399
119 401
119 412
120 121
120 124
120 393
120 395
120 401
120 413
121 147
121 401
121 412
122 123
122 323
122 329
123 192
123 393
123 394
123 396
123 410
123 417
124 348
124 400
124 401
125 150
126 410
127 359
129 130
129 137
129 375
129 403
129 407
129 421
129 423
129 428
131 157
131 423
132 133
132 186
132 429
133 199
134 345
134 421
134 430
135 439
136 158
136 448
137 341
137 446
138 433
138 446
140 161
141 152
143 144
145 147
145 220
145 225
145 286
145 287
145 445
147 385
147 412
147 445
148 156
148 160
148 437
149 440
150 151
150 152
150 448
151 159
153 442
154 545
155 452
157 444
161 257
161 260
162 242
162 462
163 253
163 464
164 272
165 469
166 173
167 168
168 172
168 499
169 173
169 472
170 480
171 174
171 471
171 523
172 248
173 216
173 479
173 523
174 251
174 469
175 183
175 481
176 178
176 512
177 180
178 183
179 593
180 438
181 484
182 507
183 382
185 484
187 384
188 345
189 193
189 201
189 222
189 289
190 510
191 223
192 193
192 224
192 245
192 533
193 212
193 245
193 532
195 215
195 240
195 551
196 211
197 216
197 218
200 202
201 419
202 214
203 215
203 515
204 344
205 227
206 209
207 228
208 209
208 263
208 265
208 512
208 513
208 541
208 565
209 219
209 273
209 494
209 509
209 513
209 565
210 542
211 214
211 231
211 240
211 265
213 228
213 231
213 262
213 263
213 269
213 271
213 276
213 565
213 594
214 215
214 515
216 217
217 262
217 280
219 270
219 463
219 509
219 512
219 513
219 565
220 221
220 222
220 224
220 225
220 245
220 286
220 287
220 332
220 529
220 533
220 553
220 584
221 302
221 317
221 321
221 322
221 332
221 335
221 336
221 388
221 389
221 390
221 391
221 392
221 530
221 533
222 223
222 224
222 237
222 240
222 245
222 287
222 532
222 533
222 553
223 224
223 384
223 385
223 395
223 397
223 399
223 533
224 245
224 397
224 399
224 533
224 534
224 579
225 534
226 237
226 535
227 364
227 536
227 537
228 229
228 234
228 244
228 256
228 271
228 540
228 542
228 567
229 230
229 231
229 239
229 240
229 241
229 244
229 540
229 542
229 548
229 551
230 233
230 244
230 282
230 387
230 554
231 265
232 242
233 282
233 438
234 248
234 250
234 252
234 269
235 241
236 238
236 282
236 285
236 547
236 583
236 584
237 238
237 240
237 287
237 549
237 553
238 241
238 266
238 547
238 548
238 583
239 241
239 244
239 548
239 551
240 244
240 245
240 532
240 549
240 551
240 553
241 244
241 548
241 551
242 366
242 552
243 244
243 246
243 549
243 550
244 542
244 551
244 554
244 555
245 532
245 533
245 584
247 248
247 267
247 478
248 250
248 560
249 251
250 253
250 558
250 560
251 477
254 561
255 270
256 258
256 485
258 271
259 277
259 278
259 279
260 279
260 297
261 297
262 263
262 508
263 295
263 594
264 518
268 270
268 277
268 570
268 573
269 270
269 271
269 293
269 585
270 565
271 513
271 565
272 274
272 279
272 281
274 294
274 506
275 455
275 590
277 278
277 577
278 281
279 281
281 299
282 285
282 286
282 287
282 583
283 579
284 285
285 286
285 287
285 529
285 547
285 583
285 584
286 287
286 291
286 292
286 529
286 579
286 583
286 584
287 529
287 549
287 553
287 584
290 586
296 297
298 571
300 596
301 317
301 321
302 320
302 322
302 324
303 308
303 312
303 319
303 324
303 326
303 392
304 305
304 308
304 312
304 315
304 317
304 319
304 320
304 322
304 323
304 324
304 326
305 308
305 312
305 317
305 319
305 320
305 323
305 324
305 326
308 312
308 315
308 317
308 319
308 323
308 324
308 326
311 315
312 315
312 323
312 324
312 326
312 329
314 575
315 316
315 319
315 324
315 326
317 321
317 322
317 323
317 324
317 385
317 388
317 389
317 390
317 391
317 530
319 320
319 321
319 324
319 326
320 321
320 322
320 334
320 336
321 322
321 335
321 336
321 388
321 389
321 390
321 391
321 392
321 394
321 395
321 398
321 411
321 530
322 323
322 324
322 332
322 388
322 389
322 445
322 530
323 324
323 326
323 327
323 329
323 332
323 388
323 389
323 445
324 326
324 329
324 332
326 329
326 332
327 329
328 329
329 332
332 335
332 445
332 530
333 334
333 335
333 530
335 336
335 530
336 530
337 340
337 405
337 406
337 407
337 409
338 340
338 342
338 343
338 347
339 343
339 347
342 343
342 346
342 347
342 349
343 346
343 347
343 349
344 409
344 410
345 359
346 347
346 349
347 349
351 352
351 358
351 361
353 354
354 355
354 356
355 591
355 593
357 416
358 362
359 363
362 363
364 484
365 599
365 600
368 370
370 372
371 375
372 375
373 376
373 450
374 377
376 435
377 380
377 436
378 432
379 525
381 405
384 395
385 386
385 388
385 389
385 390
385 393
385 395
385 396
385 397
385 398
385 411
387 402
387 521
387 540
387 541
387 595
388 389
388 390
388 391
388 392
388 395
388 398
388 411
388 530
389 390
389 391
389 392
389 394
389 395
389 397
389 398
389 411
389 530
389 533
390 391
390 392
390 393
390 394
390 395
390 396
390 397
390 398
390 411
390 530
391 392
391 394
391 395
391 397
391 398
391 411
391 530
391 533
392 395
392 397
392 398
392 530
393 395
393 396
393 398
393 400
393 410
393 411
394 396
394 398
394 411
395 396
395 397
395 398
395 400
395 411
395 530
395 533
396 398
396 410
396 411
396 417
396 425
397 399
397 408
397 411
397 533
398 400
398 411
398 530
399 412
399 533
400 401
400 411
401 412
403 404
403 406
403 407
403 423
404 406
404 491
405 409
406 407
406 491
407 409
408 492
409 410
409 416
410 425
411 530
412 447
415 420
416 495
418 447
419 504
420 434
421 423
423 424
423 450
426 430
428 456
431 543
432 458
432 461
434 437
437 455
439 552
441 599
442 448
442 466
443 546
443 584
449 543
449 544
450 600
451 510
452 453
452 454
453 490
453 544
454 497
455 458
457 578
457 589
458 459
458 510
460 503
463 512
463 571
464 557
465 485
465 509
465 513
465 528
467 581
468 490
470 472
472 476
472 500
473 474
473 522
473 523
474 523
475 478
480 566
482 494
483 485
485 493
485 507
485 509
485 513
485 520
485 541
485 565
485 595
486 488
488 589
489 498
489 581
490 501
493 494
493 498
493 509
493 511
493 513
493 514
493 520
493 542
494 496
494 503
494 509
494 513
494 542
498 520
502 503
505 516
507 520
509 511
509 513
509 524
509 525
510 544
510 600
511 513
511 542
512 513
512 514
512 520
512 541
512 565
512 571
512 595
513 514
513 520
513 542
513 565
514 520
514 571
516 517
517 538
517 550
518 520
518 521
518 541
518 595
520 521
520 527
520 528
520 541
520 571
520 595
521 540
521 541
521 542
521 555
522 565
522 570
522 571
522 576
526 575
526 576
529 549
529 553
529 583
529 584
530 533
531 534
532 549
532 553
534 579
535 536
538 568
539 541
539 562
539 596
539 597
540 542
540 551
540 554
541 595
542 551
542 555
542 581
544 545
547 582
547 583
547 584
548 550
548 551
549 550
549 553
549 554
549 555
549 584
551 552
551 555
552 555
553 555
556 560
559 573
560 561
564 571
565 571
565 595
566 572
568 588
569 570
569 572
569 574
570 571
570 572
570 573
570 574
570 592
570 595
571 574
571 595
572 573
572 574
574 592
578 592
579 580
583 584
592 598
594 595
