600 1797

1 38
2 4
2 5
2 20
2 21
2 302
2 303
2 304
2 305
2 319
2 322
2 323
3 12
4 5
4 16
4 19
4 20
4 21
4 23
4 37
4 38
4 305
4 318
4 319
4 320
4 322
4 324
4 334
4 336
5 16
5 19
5 20
5 21
5 23
5 24
5 29
5 304
5 305
5 319
5 324
6 12
7 312
8 12
9 363
10 361
11 317
12 14
12 313
12 315
13 522
14 315
15 315
15 316
15 318
16 19
16 20
16 21
16 24
16 29
16 318
16 319
16 324
16 326
17 315
17 318
18 100
18 317
19 20
19 21
19 37
19 318
19 319
19 320
19 324
20 21
20 37
20 38
20 100
20 305
20 319
20 322
20 324
21 23
21 37
21 38
21 100
21 305
21 319
21 320
21 322
21 323
21 324
21 329
22 30
22 332
22 333
22 335
23 26
23 27
23 30
23 37
23 38
23 320
23 323
23 324
23 329
23 332
23 334
23 335
24 27
24 29
24 324
24 326
25 291
26 27
26 28
26 30
26 32
26 35
26 38
26 323
26 328
26 329
26 332
26 333
26 334
26 335
27 30
27 38
27 324
27 326
29 312
29 324
29 326
30 31
30 32
30 33
30 35
30 36
30 38
30 320
30 323
30 324
30 328
30 329
30 332
30 333
30 334
30 335
31 33
31 35
31 174
31 327
31 328
31 332
31 333
32 35
32 320
32 328
32 329
32 331
32 333
33 36
33 332
34 332
34 335
35 38
35 320
35 323
35 327
35 328
35 329
35 332
35 333
35 334
36 329
36 330
36 332
36 333
36 335
37 38
37 100
37 319
37 320
37 334
37 336
38 320
38 323
38 324
38 328
38 329
38 332
38 333
38 334
38 335
38 336
39 41
39 44
39 55
39 60
39 87
39 88
39 113
39 115
39 117
39 118
39 130
39 396
40 44
40 91
40 137
40 341
40 345
40 440
41 48
41 69
41 79
41 81
41 87
41 88
41 89
41 365
41 367
41 370
41 380
41 403
41 406
41 440
42 45
42 46
42 47
42 53
42 54
42 115
42 116
43 49
43 90
43 150
43 151
44 341
44 345
44 440
45 46
45 47
45 54
45 116
46 47
46 115
46 116
47 54
47 115
47 116
48 52
49 79
49 80
49 81
49 84
49 87
49 137
49 138
49 140
49 149
49 150
49 152
49 341
49 381
49 434
49 440
50 119
50 145
50 146
50 147
50 439
50 443
50 534
51 62
51 66
51 67
51 345
51 348
51 352
52 87
52 115
52 123
53 54
53 60
53 78
54 61
54 99
54 116
54 355
55 60
55 64
55 82
55 88
55 113
55 341
55 396
55 398
55 413
55 421
55 423
56 118
57 65
57 123
57 124
57 125
57 350
57 357
57 416
58 61
58 345
59 62
59 63
59 67
59 345
59 348
59 351
59 352
59 358
59 362
59 447
60 61
60 63
60 64
60 74
60 82
60 88
60 345
60 413
60 447
61 66
61 345
61 353
62 63
62 67
62 351
62 352
62 360
62 362
62 363
63 64
63 66
63 341
63 345
63 348
63 358
64 121
64 396
64 398
64 413
64 421
64 423
64 424
65 87
65 341
65 350
65 418
65 440
66 345
66 353
67 351
67 352
67 353
67 359
68 69
68 71
68 79
68 81
68 140
68 364
68 365
68 370
68 434
69 71
69 79
69 81
69 129
69 337
69 364
69 365
69 367
69 370
69 376
69 380
69 403
69 404
69 405
69 420
69 422
69 424
69 430
69 434
70 74
71 81
71 129
71 364
71 365
71 370
71 420
71 421
71 434
72 82
72 87
72 88
72 365
72 396
72 403
72 406
72 424
73 149
74 77
75 82
75 88
75 341
75 371
75 372
76 297
76 368
77 366
79 80
79 81
79 82
79 84
79 87
79 89
79 91
79 134
79 135
79 137
79 140
79 149
79 150
79 152
79 370
79 374
79 380
79 381
79 403
79 434
79 440
80 81
80 82
80 84
80 87
80 137
80 140
80 149
80 150
80 152
80 374
80 430
80 434
80 440
81 84
81 87
81 129
81 137
81 140
81 152
81 337
81 365
81 367
81 370
81 374
81 376
81 380
81 381
81 396
81 403
81 404
81 405
81 420
81 422
81 423
81 424
81 430
81 434
81 440
82 84
82 87
82 88
82 89
82 129
82 130
82 137
82 140
82 341
82 348
82 372
82 376
82 378
82 396
82 421
82 422
82 430
82 440
83 84
83 129
83 130
83 137
84 86
84 87
84 89
84 91
84 137
84 140
84 149
84 150
84 337
84 374
84 376
84 377
84 378
84 380
84 381
84 405
84 430
84 440
85 422
86 89
86 91
86 367
86 374
86 377
86 378
86 380
86 403
86 405
87 88
87 89
87 91
87 113
87 126
87 130
87 137
87 140
87 149
87 152
87 341
87 367
87 376
87 378
87 380
87 381
87 396
87 398
87 403
87 405
87 406
87 407
87 422
87 423
87 424
87 430
87 440
88 89
88 91
88 112
88 113
88 117
88 118
88 130
88 341
88 376
88 394
88 396
88 403
88 421
88 422
88 423
88 424
89 91
89 130
89 137
89 337
89 367
89 377
89 378
89 380
89 381
89 396
89 403
89 405
89 406
89 423
90 151
90 199
91 137
91 337
91 341
91 367
91 378
91 381
91 405
91 406
91 440
92 95
92 184
93 301
94 95
95 96
95 109
95 112
95 114
95 188
95 194
95 212
95 384
95 390
95 496
96 109
96 112
96 113
96 114
96 117
96 118
96 130
96 384
96 385
96 394
96 402
97 246
98 100
99 262
100 319
100 322
100 391
101 292
101 321
102 318
103 106
103 107
103 321
103 395
104 105
104 187
104 191
104 192
104 194
104 201
105 194
106 223
106 321
106 391
106 395
106 401
108 110
108 212
109 112
109 113
109 114
109 117
109 118
109 130
109 194
109 210
109 212
109 394
109 496
110 111
111 414
112 113
112 114
112 117
112 118
112 129
112 130
112 131
112 210
112 394
112 396
112 398
112 402
112 403
112 423
112 424
112 451
112 496
113 114
113 117
113 118
113 126
113 130
113 394
113 396
113 398
113 403
113 422
113 423
113 424
114 115
114 117
114 118
114 126
114 129
114 130
114 190
114 191
114 194
114 210
114 394
114 396
114 398
114 402
114 403
114 404
114 408
114 423
114 424
114 451
114 490
114 494
115 116
115 117
115 118
115 130
116 191
117 118
117 130
117 394
117 396
117 408
118 130
118 210
118 394
118 396
118 398
118 403
118 422
118 423
118 424
118 451
119 123
119 223
119 224
119 321
119 401
119 412
119 445
119 534
120 400
120 401
121 147
121 398
121 424
121 439
121 443
122 272
123 124
123 125
123 350
125 152
125 350
125 357
125 383
125 416
126 130
126 137
127 128
127 296
128 299
129 130
129 131
129 137
129 396
129 403
129 430
129 450
130 131
130 137
130 140
130 210
130 376
130 378
130 394
130 396
130 398
130 402
130 403
130 422
130 423
130 424
131 190
131 210
131 295
131 298
131 450
132 133
132 158
134 135
134 140
134 141
134 149
134 152
134 154
134 161
134 446
135 137
135 140
135 429
135 440
136 141
136 161
136 199
137 139
137 140
137 149
137 150
137 152
137 341
137 376
137 378
137 396
137 403
137 422
137 423
137 424
137 430
137 440
140 149
140 152
140 341
140 396
140 403
140 421
140 423
140 424
140 430
140 434
140 440
141 199
141 295
142 374
143 244
144 441
147 152
147 439
147 443
147 445
148 153
148 437
148 446
148 448
149 150
149 152
149 341
149 381
149 438
149 440
150 440
151 272
152 370
152 420
152 422
152 424
152 430
152 440
153 310
155 163
155 437
155 448
155 452
155 460
155 515
155 543
155 544
156 157
157 545
158 275
158 455
158 500
158 502
158 589
159 164
159 173
160 165
160 198
161 437
162 254
163 253
164 200
165 186
166 293
167 169
167 171
168 236
168 283
168 475
168 580
168 585
170 189
170 230
170 234
170 256
170 269
170 270
170 271
170 276
170 476
171 491
172 233
172 248
172 250
172 284
172 285
172 583
174 249
175 177
175 179
175 180
175 183
175 306
175 480
175 481
175 482
175 483
175 484
176 480
177 179
177 306
177 309
177 311
177 470
177 482
178 480
179 306
179 309
179 482
180 183
180 480
181 484
182 306
183 427
184 487
185 292
186 426
187 189
187 201
188 384
188 402
189 203
189 207
189 213
189 230
189 234
189 236
189 271
189 276
189 581
190 210
191 194
191 204
191 210
191 490
191 494
191 514
192 193
192 203
192 204
193 204
193 212
194 210
194 212
194 490
194 494
195 196
196 498
197 203
197 204
197 216
197 218
197 271
198 199
198 201
198 204
200 202
200 260
200 279
200 281
201 203
201 204
201 205
202 203
202 214
202 215
202 219
203 204
203 206
203 211
203 214
203 215
203 216
203 234
203 270
203 271
203 276
204 216
204 271
206 211
206 215
207 230
207 581
208 209
208 263
208 265
208 512
209 211
209 231
209 265
210 451
210 490
210 494
210 514
211 215
211 216
211 219
211 231
211 265
211 270
211 278
211 511
211 517
211 542
212 384
212 494
212 495
212 496
213 234
213 241
213 271
214 273
215 216
215 219
215 229
215 230
215 265
215 270
215 273
215 274
215 278
215 280
215 528
216 219
216 251
216 270
216 271
216 276
216 280
216 528
217 231
219 231
219 270
219 273
219 274
219 278
219 280
219 528
220 221
220 222
220 237
220 529
220 530
220 533
220 584
221 223
221 335
221 529
221 530
221 533
222 240
222 533
222 535
223 321
223 399
223 530
223 532
223 533
224 532
225 244
225 534
226 266
227 536
228 229
228 263
228 268
229 230
229 265
229 270
229 278
229 581
230 256
230 270
230 276
230 511
230 581
231 265
231 511
231 517
231 542
231 574
232 250
233 248
233 250
234 235
234 236
234 239
234 269
234 271
235 236
235 239
236 238
236 239
236 266
236 269
237 240
237 246
237 547
237 549
237 584
238 240
239 269
239 282
240 536
240 549
240 553
242 259
243 550
244 531
245 532
247 268
248 250
248 284
248 285
248 286
248 583
250 558
250 560
250 561
252 570
253 452
253 462
253 544
253 563
254 463
254 545
255 268
255 278
257 281
257 293
258 488
258 564
259 261
259 564
260 264
260 300
260 502
260 564
261 588
263 265
265 574
267 307
267 453
268 269
268 270
268 274
269 270
270 273
270 276
270 278
271 276
273 274
273 517
273 519
273 540
273 542
273 574
276 522
277 281
278 279
278 280
278 577
280 528
283 389
283 580
283 581
284 285
284 286
284 582
284 583
285 286
285 288
285 582
285 583
286 287
286 291
286 582
286 583
287 325
287 584
288 587
289 586
290 291
291 583
294 364
297 593
299 594
299 596
299 597
300 502
300 589
301 386
301 586
304 308
305 319
305 322
305 323
305 324
306 309
306 313
306 482
306 485
312 326
314 368
315 318
316 477
318 319
319 320
319 322
319 323
319 324
319 334
319 336
320 323
320 328
320 329
320 331
320 333
320 334
320 336
321 393
321 395
321 397
321 412
321 530
322 323
323 324
323 327
323 328
323 329
323 332
323 333
323 334
323 335
323 336
324 326
324 329
325 479
328 329
328 332
328 333
328 334
328 335
329 332
329 333
329 334
329 335
329 336
331 333
332 333
332 335
333 334
333 335
334 336
336 392
337 367
337 380
337 381
337 405
337 406
338 381
339 382
339 446
339 448
340 406
341 345
341 353
341 396
341 406
341 413
341 421
341 423
341 440
341 444
342 343
342 347
342 406
344 346
344 410
345 348
345 352
345 353
345 358
345 441
345 444
345 447
348 352
348 353
348 410
348 413
348 444
348 447
349 355
350 394
350 396
350 398
350 416
350 418
350 422
350 423
350 424
351 352
351 358
351 359
351 360
351 362
351 363
352 358
352 359
352 360
352 362
352 363
353 354
353 358
353 444
353 447
356 362
358 360
358 362
358 363
358 413
359 362
359 363
360 363
361 414
362 363
364 365
365 367
365 370
365 372
365 380
365 403
365 420
365 421
365 422
365 424
365 434
367 380
367 381
367 396
367 403
367 404
367 405
367 406
367 422
367 423
367 424
367 451
369 372
370 376
370 380
370 396
370 403
370 420
370 422
370 430
370 434
370 440
370 598
371 421
372 421
372 434
372 440
373 431
374 377
374 380
375 376
376 380
376 396
376 403
376 420
376 422
376 423
376 424
376 430
376 434
377 378
377 380
377 405
378 380
378 403
378 405
378 422
379 436
380 381
380 403
380 405
380 406
380 420
380 422
380 430
380 440
381 405
381 406
384 390
384 402
384 451
384 490
384 495
384 496
384 506
384 514
385 402
387 539
387 548
387 554
387 555
387 556
387 569
387 570
387 579
388 389
388 580
389 579
389 580
390 495
390 586
394 396
394 398
394 402
394 403
394 408
394 422
394 423
394 424
394 451
394 496
395 397
395 401
396 398
396 403
396 404
396 406
396 411
396 413
396 420
396 421
396 422
396 423
396 424
396 430
396 440
397 399
397 412
398 403
398 411
398 413
398 422
398 423
398 424
399 412
399 530
399 533
400 401
401 412
401 445
402 403
402 423
402 424
402 451
402 496
403 404
403 405
403 406
403 420
403 421
403 422
403 423
403 424
403 430
403 440
403 451
404 422
404 423
404 424
404 451
405 406
405 423
406 423
406 440
407 408
407 409
408 490
408 491
408 492
408 494
411 413
411 421
412 445
412 534
413 421
413 423
413 424
415 505
416 418
416 423
416 424
417 497
417 532
418 454
419 425
419 435
419 459
419 504
420 421
420 422
420 423
420 424
420 430
420 434
421 422
421 423
421 424
421 434
421 440
422 423
422 424
422 430
422 451
423 424
423 430
423 440
423 451
424 430
424 440
424 451
425 501
425 513
428 432
428 458
428 460
428 461
428 594
428 599
430 431
430 434
430 440
431 433
431 434
431 454
432 455
432 456
432 458
432 460
432 461
432 594
432 600
434 440
435 436
435 450
435 504
435 510
437 446
437 448
437 452
437 454
439 443
439 445
439 454
439 534
442 465
442 505
443 445
443 534
445 534
446 448
449 464
450 461
450 510
451 490
451 491
451 494
451 496
451 514
452 454
452 460
452 464
452 544
453 463
453 466
453 526
453 527
453 539
454 460
456 458
457 525
458 594
459 524
460 461
462 544
463 464
465 512
465 516
465 519
466 578
467 497
468 571
469 500
470 471
472 488
473 499
474 499
474 501
478 556
480 481
480 482
480 483
480 486
481 482
481 485
482 485
484 537
485 507
489 493
489 495
489 511
489 517
489 519
489 528
489 581
490 491
490 494
490 496
490 514
493 495
493 509
493 513
494 496
494 501
494 514
495 501
495 509
496 514
497 498
497 532
497 551
498 520
500 502
501 514
502 565
502 589
503 505
503 516
508 517
508 519
508 542
511 517
511 519
511 528
511 542
511 581
512 513
516 518
516 519
516 540
516 541
516 550
516 573
516 574
516 575
517 519
517 528
517 540
517 542
517 574
517 581
518 540
518 573
518 574
519 528
519 540
519 542
519 571
519 574
520 521
520 551
520 554
520 556
520 557
520 569
520 570
521 554
521 557
521 558
521 560
521 561
522 528
522 572
522 581
523 577
525 527
526 559
528 581
529 530
530 533
532 533
532 554
533 553
538 540
538 550
538 556
538 557
538 569
538 570
538 573
539 541
540 542
540 550
540 567
540 569
540 570
540 573
540 574
541 552
541 574
542 574
543 544
545 558
546 547
547 548
547 549
547 550
547 555
547 556
547 557
548 550
548 556
548 557
548 569
548 570
549 550
549 555
549 556
550 556
554 555
554 556
554 557
554 561
555 556
555 584
556 557
556 561
556 569
556 570
557 558
557 560
557 561
557 569
557 570
558 560
558 561
560 561
560 562
564 590
564 593
565 592
566 578
567 569
567 570
567 579
568 588
569 570
569 573
569 579
571 573
571 574
573 574
575 578
576 577
580 581
582 583
591 593
594 596
594 597
595 597
595 599
596 597
