600 1798

1 290
1 322
2 93
3 12
4 21
4 22
4 305
4 323
5 16
5 20
5 21
5 23
5 24
5 27
5 304
5 308
5 324
5 326
5 329
5 331
6 340
7 10
8 582
9 589
10 552
11 98
12 17
13 175
14 313
15 17
16 19
16 20
16 24
16 318
16 331
16 506
17 19
17 318
17 331
18 20
18 94
18 100
18 319
19 24
19 318
19 331
20 21
20 100
20 304
20 319
21 23
21 304
21 319
21 320
21 323
23 24
23 26
23 27
23 324
23 329
23 331
24 27
24 29
24 308
24 312
24 318
24 324
24 326
24 329
24 331
25 185
27 312
27 326
27 331
28 30
28 31
28 33
29 312
29 326
29 331
30 31
30 33
30 34
30 329
30 330
30 332
31 32
31 33
31 330
31 332
31 333
32 35
32 334
33 333
35 37
35 333
35 334
36 38
36 335
37 320
37 334
37 468
38 335
39 144
40 127
40 440
41 43
41 49
41 55
41 60
41 80
41 87
41 90
41 112
41 113
41 118
41 120
41 125
41 128
41 136
41 152
41 338
41 348
41 380
41 382
41 396
41 404
41 408
41 410
41 413
41 416
41 422
41 423
41 424
41 446
41 448
42 48
43 55
43 90
44 144
44 341
45 47
45 56
45 60
46 47
46 48
46 53
46 54
46 60
47 48
47 56
47 116
48 54
48 118
48 144
48 340
48 344
48 347
48 406
49 80
49 82
49 87
49 90
49 113
49 128
49 130
49 136
49 138
49 144
49 148
49 150
49 152
49 345
49 373
49 374
49 380
49 404
49 421
49 422
49 423
49 424
49 430
49 431
49 434
49 437
49 440
49 446
49 448
49 600
50 64
50 127
50 147
50 352
50 414
51 57
51 63
51 65
51 66
51 351
51 352
52 123
52 124
52 125
52 492
55 60
55 117
55 118
55 120
55 348
55 353
55 359
55 413
57 64
57 65
57 121
57 127
57 139
57 150
57 440
58 60
58 61
58 353
58 354
59 62
59 63
59 64
59 65
59 358
59 360
59 414
60 61
60 359
61 353
62 63
62 67
62 358
62 360
62 361
63 64
63 65
63 351
63 358
63 414
64 65
64 117
64 121
64 127
64 139
64 147
64 157
64 351
64 358
64 412
64 414
65 121
65 127
65 136
65 147
65 150
65 152
65 358
65 440
65 441
65 448
66 67
66 363
66 383
67 361
67 362
67 363
68 69
68 133
68 293
69 70
69 72
69 76
69 365
69 368
69 370
70 72
70 365
70 368
71 76
72 77
72 365
72 368
72 370
73 371
74 369
75 130
77 83
77 365
77 368
77 370
77 599
78 83
79 81
79 83
79 370
79 371
79 375
79 420
80 82
80 90
80 112
80 127
80 128
80 129
80 131
80 136
80 139
80 140
80 141
80 149
80 150
80 152
80 157
80 345
80 364
80 374
80 375
80 380
80 396
80 421
80 422
80 423
80 424
80 430
80 431
80 434
80 436
80 437
80 440
80 446
80 447
80 448
80 450
80 456
80 510
80 514
80 600
82 83
82 127
82 128
82 129
82 134
82 136
82 139
82 140
82 345
82 364
82 372
82 374
82 375
82 421
82 422
82 424
82 430
82 431
82 434
82 440
82 447
82 450
82 451
82 456
82 510
82 600
83 84
83 112
83 129
83 131
83 140
83 364
83 372
83 374
83 375
83 420
83 421
83 422
83 450
84 91
84 376
84 377
85 86
86 376
87 90
87 112
87 113
87 128
87 130
87 131
87 136
87 144
87 374
87 380
87 404
87 422
87 423
87 444
87 448
88 403
88 404
89 91
90 113
90 118
90 128
90 136
90 144
90 148
90 380
90 396
90 404
90 408
90 410
90 416
90 423
90 437
90 448
92 206
93 123
93 187
93 301
95 109
95 118
95 120
95 136
95 138
95 385
95 396
95 408
95 409
95 410
95 448
95 492
96 99
96 298
96 386
97 99
98 105
98 106
100 314
100 319
101 103
101 221
101 321
102 530
103 109
103 115
103 123
103 397
103 399
103 407
103 411
103 491
103 492
104 189
106 107
106 319
106 392
106 395
108 110
108 195
108 211
109 113
109 115
109 120
109 123
109 125
109 130
109 191
109 396
109 397
109 398
109 399
109 404
109 407
109 408
109 410
109 411
109 416
109 491
109 492
111 407
112 113
112 114
112 126
112 128
112 129
112 130
112 131
112 136
112 140
112 141
112 188
112 191
112 210
112 364
112 374
112 375
112 380
112 396
112 404
112 408
112 421
112 422
112 423
112 424
112 430
112 434
112 436
112 447
112 450
112 451
112 490
112 510
113 114
113 120
113 125
113 126
113 130
113 380
113 396
113 403
113 404
113 416
113 422
113 423
113 424
114 126
114 130
114 131
114 411
114 423
114 424
115 123
115 404
115 406
115 407
115 408
115 491
115 492
116 117
117 118
117 120
118 120
118 342
118 344
118 347
118 348
118 359
118 410
119 120
119 125
119 152
119 223
119 224
119 225
119 397
119 399
119 412
119 534
120 121
120 125
120 130
120 348
120 396
120 397
120 398
120 399
120 404
120 408
120 410
120 412
120 413
120 416
120 492
121 127
121 147
121 157
121 412
121 414
122 272
123 124
123 125
123 151
123 491
124 349
124 350
124 355
125 130
125 152
125 357
125 396
125 399
125 406
125 407
125 408
125 412
125 416
125 418
125 491
125 492
126 204
126 379
127 128
127 129
127 138
127 139
127 147
127 373
127 374
127 421
127 422
127 424
127 430
127 433
127 434
127 440
127 447
127 450
127 451
127 510
127 600
128 129
128 131
128 134
128 136
128 137
128 138
128 140
128 149
128 152
128 188
128 364
128 374
128 375
128 380
128 396
128 404
128 421
128 422
128 423
128 424
128 430
128 431
128 434
128 437
128 440
128 447
128 448
128 450
128 451
128 456
128 510
128 600
129 131
129 140
129 188
129 364
129 372
129 374
129 420
129 421
129 422
129 424
129 430
129 434
129 436
129 447
129 450
129 451
129 456
129 510
129 514
129 600
130 136
130 357
130 380
130 396
130 403
130 404
130 422
130 423
130 424
131 134
131 136
131 140
131 141
131 149
131 188
131 190
131 191
131 202
131 364
131 374
131 375
131 380
131 396
131 402
131 421
131 422
131 423
131 424
131 430
131 434
131 436
131 447
131 450
131 451
131 490
131 510
131 514
132 420
132 429
132 462
134 136
134 140
134 141
134 152
134 159
134 188
134 202
134 364
134 374
134 375
134 421
134 424
134 430
134 431
134 434
134 437
134 447
134 448
134 450
134 451
134 455
134 456
134 464
134 510
134 600
135 374
136 138
136 140
136 141
136 148
136 152
136 157
136 159
136 188
136 374
136 380
136 396
136 404
136 421
136 422
136 423
136 424
136 430
136 431
136 434
136 437
136 440
136 446
136 447
136 448
136 450
136 456
136 510
136 600
137 138
137 371
137 375
138 139
138 430
138 431
138 434
138 448
139 434
139 436
139 440
140 152
140 188
140 364
140 372
140 374
140 375
140 420
140 421
140 422
140 424
140 430
140 431
140 434
140 436
140 437
140 447
140 448
140 450
140 451
140 456
140 490
140 510
140 514
140 600
141 423
141 424
142 220
143 485
145 163
145 426
145 464
145 541
145 595
145 600
146 447
148 152
148 431
148 437
148 448
149 423
149 438
149 440
149 447
150 152
150 373
150 418
150 423
150 424
150 431
150 440
150 446
150 458
151 164
151 357
152 157
152 159
152 358
152 374
152 399
152 416
152 418
152 430
152 431
152 434
152 446
152 448
152 456
152 600
153 232
154 197
154 267
154 273
154 274
155 156
155 288
156 157
157 188
157 374
157 413
157 414
157 416
157 434
157 447
157 448
157 456
157 515
158 537
159 161
159 373
160 539
162 253
163 464
165 348
166 472
167 202
168 251
168 475
169 476
169 477
170 206
170 229
170 230
170 231
170 234
170 251
170 266
170 269
170 270
170 475
170 476
170 478
170 572
171 523
171 526
172 248
173 174
173 249
174 176
174 249
174 526
175 177
175 484
176 480
177 179
177 482
178 183
178 229
178 256
178 566
180 186
180 277
181 480
182 206
183 199
183 255
183 270
184 487
185 463
188 191
188 364
188 374
188 380
188 388
188 396
188 399
188 408
188 413
188 421
188 424
188 430
188 434
188 447
188 450
188 451
188 456
188 490
188 510
188 514
189 230
189 283
190 457
191 194
191 210
192 200
193 194
194 514
195 196
195 222
196 222
198 201
198 280
199 266
199 267
199 269
199 278
199 574
200 201
200 203
200 280
200 281
201 203
201 280
202 214
202 364
203 215
205 280
206 229
206 230
206 231
206 234
206 256
206 266
206 267
206 269
206 271
206 274
206 475
206 509
206 511
207 524
208 455
208 543
209 211
209 212
211 230
211 231
213 217
213 257
213 261
215 502
216 278
217 252
218 233
218 244
218 548
218 551
218 556
219 528
220 226
220 287
220 529
220 536
220 592
221 223
221 390
221 530
222 389
222 467
222 533
222 580
223 224
223 397
223 399
224 225
224 245
224 399
224 534
225 534
226 227
227 287
227 536
228 229
229 230
229 231
229 234
229 239
229 256
229 258
229 265
229 266
229 269
229 475
229 511
229 538
229 573
229 581
230 231
230 233
230 234
230 239
230 240
230 241
230 244
230 251
230 256
230 266
230 269
230 475
230 509
230 511
230 542
230 581
231 234
231 239
231 256
231 259
231 265
231 266
231 267
231 269
231 271
231 511
231 542
232 271
232 272
232 594
233 234
233 244
233 581
233 586
234 241
234 244
234 251
234 256
234 266
234 269
234 475
234 509
234 511
234 521
234 542
234 544
234 573
234 581
235 238
235 244
236 258
236 547
237 285
238 239
238 242
238 258
238 548
238 552
239 240
239 242
239 244
239 251
239 258
239 511
239 548
239 549
239 551
239 552
239 556
239 581
240 244
240 286
240 552
240 554
241 509
241 511
241 542
241 551
241 552
241 581
242 265
242 548
242 552
242 556
243 258
244 248
244 251
244 511
244 548
244 551
244 552
244 556
244 581
245 532
246 286
246 294
247 259
247 297
248 250
248 253
248 556
248 558
248 561
249 476
249 479
250 252
250 253
250 254
250 268
250 463
250 556
250 561
250 563
251 266
251 269
251 475
251 511
251 548
251 552
251 556
252 275
253 558
254 366
254 463
255 259
255 297
256 269
256 271
256 508
256 511
256 542
256 581
257 568
258 538
258 547
258 548
258 581
259 265
259 268
259 270
259 297
260 294
262 299
263 265
263 296
264 295
264 569
265 268
265 270
266 267
266 268
266 269
266 270
266 271
266 475
267 268
267 274
268 269
268 270
268 276
268 570
269 270
269 271
269 475
269 572
269 573
270 297
271 572
272 392
275 575
275 590
277 279
278 279
280 281
282 388
284 285
285 330
286 583
286 584
287 529
287 536
287 557
287 584
289 593
290 322
291 540
292 426
298 300
298 600
299 300
302 322
303 393
305 322
305 323
305 324
306 313
307 437
308 312
308 326
309 313
310 576
311 317
312 324
312 326
312 331
313 315
315 319
316 322
317 335
318 324
318 331
319 320
319 392
319 395
320 323
320 336
322 325
324 326
324 329
324 331
326 331
327 328
327 330
328 330
329 331
333 334
335 336
336 392
337 338
337 347
337 406
338 410
339 407
339 416
339 492
340 342
340 343
340 344
340 346
340 347
340 406
340 407
340 409
340 491
341 345
341 354
341 356
342 343
342 344
342 346
342 347
342 348
342 359
342 406
342 407
342 409
343 344
343 346
343 347
343 348
343 406
343 407
344 346
344 347
344 348
344 349
344 353
344 406
345 354
345 374
345 422
345 423
345 424
345 434
345 437
346 347
346 349
346 353
346 406
347 348
347 406
347 407
347 409
347 410
347 492
348 353
348 359
348 406
348 408
348 410
348 413
348 492
349 353
350 400
350 401
351 352
353 354
353 356
353 413
354 356
354 357
356 357
357 416
359 410
359 413
360 361
360 362
361 362
361 363
362 363
364 372
364 374
364 420
364 421
364 422
364 430
364 434
364 447
364 450
364 451
364 456
364 510
364 514
364 600
365 368
365 370
367 371
367 373
367 423
367 424
368 370
368 588
369 371
370 420
370 593
370 598
371 373
371 375
371 421
371 422
371 423
371 424
371 440
372 421
372 422
372 424
372 430
372 434
372 447
373 424
373 433
373 440
374 375
374 380
374 396
374 420
374 421
374 422
374 423
374 424
374 430
374 431
374 434
374 436
374 437
374 440
374 447
374 448
374 450
374 451
374 456
374 510
374 600
375 421
375 423
375 424
375 430
375 431
375 434
375 436
375 440
375 450
377 381
377 405
378 405
379 419
380 396
380 403
380 404
380 408
380 410
380 416
380 422
380 423
380 424
380 430
380 431
380 434
380 448
380 450
383 471
384 416
387 539
391 495
393 395
394 496
394 533
396 397
396 398
396 399
396 403
396 404
396 408
396 410
396 411
396 412
396 413
396 416
396 421
396 422
396 423
396 424
396 430
396 447
396 450
396 451
396 490
396 492
396 510
397 398
397 399
397 408
397 411
397 416
398 399
398 400
398 401
398 408
398 410
398 411
398 416
398 492
399 404
399 408
399 411
399 412
399 416
399 492
400 401
402 510
403 422
403 423
403 424
404 408
404 410
404 422
404 423
404 424
404 492
406 407
406 409
406 410
406 491
406 492
407 408
407 409
407 491
407 492
408 409
408 410
408 413
408 416
408 423
408 490
408 491
408 492
408 514
409 491
409 492
410 413
410 416
410 492
411 491
411 492
412 413
413 414
413 416
413 422
413 447
415 497
415 501
416 418
416 446
416 448
416 490
416 491
416 492
417 497
418 446
419 425
419 435
419 490
419 499
419 504
420 421
420 428
420 434
421 422
421 423
421 424
421 430
421 431
421 434
421 440
421 446
421 447
421 450
421 451
421 456
421 490
421 510
421 600
422 423
422 424
422 430
422 434
422 436
422 440
422 447
422 450
422 451
423 424
423 430
423 434
423 436
423 440
423 446
423 450
423 451
423 490
424 430
424 431
424 434
424 436
424 440
424 446
424 450
424 451
424 490
424 510
425 499
425 502
425 505
426 539
427 455
428 430
428 431
428 434
428 456
430 431
430 434
430 436
430 437
430 440
430 447
430 448
430 450
430 451
430 456
430 490
430 510
430 514
430 600
431 434
431 437
431 440
431 446
431 448
431 456
431 600
432 458
433 440
434 436
434 440
434 446
434 447
434 448
434 450
434 451
434 455
434 456
434 458
434 490
434 510
434 514
434 600
436 447
436 450
436 451
436 510
436 514
437 448
437 600
439 521
439 542
439 551
440 446
440 450
440 600
442 458
443 533
445 447
446 448
447 450
447 451
447 456
447 510
447 514
447 600
448 456
448 600
449 464
449 550
450 451
450 456
450 510
450 514
450 600
451 456
451 490
451 510
451 514
452 454
453 501
453 519
453 521
454 515
454 545
455 456
455 466
456 458
456 510
456 600
457 577
458 504
459 499
460 501
461 578
465 499
465 503
467 516
469 505
470 477
472 476
473 527
474 525
474 533
475 478
475 509
475 573
475 582
476 478
476 481
476 562
476 589
477 559
478 558
478 573
480 482
480 483
483 585
485 526
486 579
487 586
488 558
489 493
489 495
489 519
489 551
490 510
490 514
491 492
493 495
493 511
493 513
493 519
494 510
495 502
498 501
498 520
498 521
499 503
500 578
501 519
501 524
502 505
503 516
507 508
507 511
507 581
508 511
509 511
509 521
509 542
509 581
510 514
510 600
511 521
511 542
511 548
511 551
511 552
511 581
512 513
516 527
517 518
518 545
519 521
519 524
520 521
521 542
521 544
522 561
523 526
528 570
531 532
533 553
535 536
536 537
538 548
540 552
540 579
542 551
542 564
542 581
544 572
544 573
546 549
547 548
547 581
548 551
548 552
548 556
548 581
551 552
551 555
551 581
552 556
556 558
558 561
560 569
560 570
565 567
565 594
571 572
572 573
576 578
577 578
579 596
586 587
591 598
595 597
