600 1797

1 291
1 583
2 3
2 5
2 11
2 97
2 301
2 386
2 579
3 5
3 6
3 7
3 8
3 12
3 60
3 66
3 302
3 303
3 304
3 311
4 5
4 22
4 302
4 305
4 322
4 323
4 325
5 56
5 60
5 66
5 67
5 98
5 302
5 303
5 304
5 305
5 322
5 323
5 327
5 363
5 487
6 8
6 12
6 311
7 10
7 19
8 12
8 94
8 311
9 13
9 15
9 175
9 314
10 308
11 94
11 98
11 385
11 386
11 487
11 579
12 16
12 93
12 94
12 311
12 317
12 385
12 389
13 15
13 316
14 17
14 29
14 312
14 318
14 319
14 326
14 329
15 316
16 19
16 304
16 317
16 388
17 19
17 27
17 29
17 312
17 318
17 319
17 329
18 98
19 235
19 317
19 319
19 321
19 329
19 388
19 389
20 321
21 100
22 322
23 28
23 31
24 305
24 324
25 98
26 28
27 30
27 312
27 320
27 329
27 331
28 33
28 37
28 38
29 30
29 312
29 318
29 319
29 326
29 329
30 32
31 330
32 35
32 331
33 35
33 38
33 286
34 335
35 36
35 333
35 334
36 37
36 38
36 287
36 335
37 38
37 221
38 287
38 336
39 75
39 88
39 89
39 97
39 113
39 117
39 130
39 301
39 337
39 338
39 377
39 380
39 381
39 405
39 592
39 594
39 596
39 598
39 599
40 44
40 354
41 45
42 45
42 47
42 66
42 116
42 324
43 445
44 71
44 72
44 341
45 47
45 66
45 310
46 47
47 60
47 66
47 116
47 117
48 54
49 151
49 448
50 53
50 54
50 58
50 60
50 61
50 64
50 142
51 59
51 60
51 62
51 66
51 67
51 72
51 74
51 77
51 89
51 97
51 345
51 346
51 351
51 352
51 353
51 354
51 363
51 367
52 57
52 124
52 125
52 357
52 401
52 413
52 416
52 417
52 418
52 437
52 448
52 534
53 55
53 60
54 56
54 59
54 60
54 61
54 66
54 67
54 349
54 353
54 354
54 362
55 64
55 348
56 60
56 66
56 302
56 304
56 362
56 363
56 447
57 65
57 123
57 125
57 350
57 357
57 417
57 418
57 446
57 448
58 61
58 64
58 121
59 60
59 62
59 64
59 66
59 67
59 351
59 352
59 353
59 358
59 359
59 362
59 363
59 386
59 414
60 64
60 66
60 67
60 74
60 98
60 302
60 304
60 305
60 324
60 327
60 332
60 345
60 349
60 351
60 353
60 359
60 362
60 363
60 414
60 447
60 487
61 64
61 349
61 353
61 354
61 355
61 358
62 67
62 352
63 595
64 121
64 348
64 359
64 414
65 150
65 357
66 67
66 345
66 353
66 362
66 363
66 447
67 345
67 346
67 349
67 351
67 352
67 353
67 354
67 358
67 359
67 362
67 363
67 414
68 75
68 364
68 373
68 423
69 71
69 83
69 338
69 364
69 365
69 370
69 371
69 373
69 376
69 377
69 378
69 403
69 421
69 422
69 538
69 591
69 593
69 599
70 71
70 72
70 77
70 300
70 364
70 365
70 367
70 370
70 372
70 373
70 403
70 422
70 539
70 588
70 594
70 600
71 72
71 74
71 76
71 77
71 97
71 129
71 297
71 298
71 300
71 338
71 364
71 365
71 367
71 368
71 370
71 371
71 372
71 373
71 376
71 403
71 405
71 421
71 422
71 538
71 539
71 588
71 594
71 596
71 598
71 599
71 600
72 74
72 76
72 77
72 300
72 367
72 368
72 369
72 372
72 599
72 600
73 79
73 83
73 113
73 130
73 367
73 373
73 376
73 377
73 381
73 405
74 76
74 77
74 78
74 129
74 300
74 345
74 351
74 353
74 369
74 372
75 78
75 82
75 83
75 113
75 129
75 130
75 337
75 338
75 364
75 365
75 370
75 371
75 372
75 373
75 375
75 376
75 377
75 380
75 381
75 405
75 421
75 422
75 592
75 596
75 598
76 77
76 82
76 129
76 297
76 364
76 365
76 367
76 370
76 371
76 372
76 373
76 375
76 376
76 405
76 422
76 588
76 596
76 598
76 599
77 78
77 82
77 129
77 300
77 338
77 351
77 364
77 365
77 367
77 368
77 369
77 370
77 371
77 372
77 373
77 375
77 376
77 377
77 403
77 405
77 421
77 422
77 450
77 539
77 588
77 599
77 600
78 82
78 129
78 201
78 372
78 375
78 421
78 422
78 423
79 83
79 113
79 130
79 367
79 377
79 380
80 454
81 83
81 182
81 255
81 277
81 374
81 380
82 115
82 129
82 337
82 364
82 365
82 370
82 371
82 372
82 373
82 375
82 376
82 377
82 378
82 403
82 405
82 421
82 422
82 423
82 588
82 596
82 598
82 599
83 88
83 113
83 129
83 130
83 337
83 338
83 364
83 365
83 367
83 371
83 374
83 376
83 377
83 378
83 380
83 381
83 403
83 405
83 421
83 422
83 434
83 596
83 598
84 288
84 375
85 88
86 129
87 403
88 89
88 113
88 129
88 130
88 337
88 380
88 381
88 405
88 598
89 97
89 113
89 129
89 337
89 338
89 380
89 382
89 579
89 598
89 599
90 454
90 527
91 585
91 586
92 301
93 95
94 311
94 385
94 390
96 97
96 128
96 295
96 298
96 300
96 387
96 402
96 450
96 595
97 98
97 99
97 112
97 117
97 118
97 298
97 300
97 332
97 345
97 386
97 387
97 538
97 539
97 579
97 580
97 588
97 594
97 596
97 598
97 599
98 323
98 327
98 332
98 385
98 386
98 387
98 487
98 579
98 584
99 262
99 298
99 299
99 300
99 351
99 387
99 505
99 539
99 588
99 594
100 101
100 221
101 225
101 534
102 189
102 283
103 104
104 105
104 189
104 192
104 193
105 192
105 193
106 189
107 111
107 192
107 193
107 223
107 224
107 396
108 192
109 191
109 193
109 194
109 212
109 393
109 396
109 408
109 495
110 448
111 417
112 114
112 118
112 129
112 131
112 301
112 387
112 403
112 405
112 423
113 115
113 129
113 130
113 337
113 338
113 367
113 371
113 376
113 377
113 378
113 380
113 381
113 403
113 405
113 594
113 596
113 598
114 118
114 191
114 403
114 410
115 118
115 371
115 378
116 117
116 118
116 340
117 118
117 579
118 129
118 403
118 406
119 223
119 224
119 225
119 245
119 397
119 399
119 401
119 412
119 413
119 417
119 534
120 223
120 395
120 401
120 413
121 145
121 147
121 413
122 125
124 417
126 183
127 178
127 423
128 264
128 300
128 450
128 451
129 130
129 131
129 298
129 337
129 338
129 364
129 365
129 367
129 370
129 371
129 372
129 373
129 375
129 376
129 377
129 378
129 381
129 403
129 405
129 421
129 422
129 423
129 434
129 450
129 588
129 593
129 594
129 596
129 598
129 599
130 337
130 338
130 367
130 376
130 377
130 378
130 380
130 381
130 405
130 594
130 598
131 403
131 423
132 134
132 135
133 241
134 430
136 458
137 138
137 139
138 140
138 431
140 161
140 432
140 434
141 199
141 500
143 145
144 146
145 225
145 413
145 534
146 443
147 413
148 163
148 464
149 443
150 466
152 449
153 466
154 157
154 191
154 198
154 454
155 156
155 267
155 452
155 453
155 454
155 525
155 527
155 560
155 571
156 250
156 267
156 452
156 571
158 164
158 428
159 456
160 267
162 163
163 253
164 464
165 325
166 205
166 532
167 171
167 475
168 478
169 250
170 172
170 476
172 248
173 477
173 571
174 217
175 177
175 180
175 480
175 481
175 482
175 486
176 178
176 313
177 179
177 180
177 181
177 185
177 480
177 481
177 482
177 486
179 180
180 281
183 257
184 487
185 186
187 207
188 244
190 191
191 194
191 396
191 492
192 193
192 212
192 394
193 212
193 495
194 393
194 396
194 408
194 409
194 410
194 492
195 273
196 271
197 216
197 524
198 202
198 501
199 204
200 201
203 519
206 559
207 259
208 209
209 514
210 212
211 231
211 265
213 234
214 215
214 495
217 251
217 559
217 562
218 314
219 274
219 465
219 518
220 530
222 245
222 399
223 224
223 225
223 245
223 395
223 397
223 401
223 417
223 534
224 225
224 245
224 397
224 534
225 245
225 397
225 401
225 412
225 413
225 534
226 254
226 535
227 241
228 262
228 540
229 282
230 231
231 457
231 513
231 572
232 250
232 269
233 234
233 573
235 546
236 238
236 282
236 547
237 285
238 240
238 243
239 548
240 553
241 552
242 438
242 552
244 524
244 555
245 397
245 399
245 412
245 534
246 531
247 251
247 266
247 356
247 562
248 250
248 478
248 557
248 558
248 561
249 562
250 254
250 267
250 268
250 463
250 558
250 560
250 561
250 570
250 571
251 266
251 280
251 559
251 562
252 511
253 463
254 268
254 463
256 520
257 488
258 296
258 298
258 598
259 293
260 294
261 301
262 298
263 510
264 427
266 559
266 562
267 560
267 571
268 528
268 558
268 570
270 271
271 273
271 573
272 558
275 322
276 522
277 575
278 457
279 281
281 499
282 540
282 581
284 286
285 547
285 582
286 287
286 530
286 584
289 480
290 292
292 322
293 580
294 297
294 538
294 588
294 591
295 298
295 300
295 594
295 595
297 298
297 300
297 370
297 588
297 596
297 598
297 599
298 299
298 300
298 365
298 367
298 370
298 386
298 387
298 405
298 450
298 538
298 539
298 588
298 592
298 593
298 594
298 595
298 596
298 598
298 599
298 600
299 300
300 367
300 387
300 450
300 538
300 539
300 588
300 592
300 594
300 595
300 596
300 598
300 599
300 600
301 337
301 403
301 405
301 406
301 407
301 422
301 598
302 304
302 305
302 317
302 322
302 323
302 325
302 487
302 586
303 304
303 307
303 327
304 317
304 324
304 383
304 475
305 322
305 323
305 324
305 325
306 308
309 334
311 385
312 318
312 319
312 326
312 329
315 316
315 388
317 321
317 389
318 319
319 326
320 328
320 329
320 331
320 333
321 389
321 390
322 323
322 325
322 385
323 325
323 327
323 328
323 332
323 335
323 385
323 386
323 487
326 469
327 328
327 332
327 386
327 387
327 487
327 584
328 332
328 333
328 583
329 587
332 333
332 335
332 386
332 387
332 579
332 584
332 599
333 335
333 584
335 584
337 338
337 360
337 364
337 365
337 370
337 371
337 372
337 373
337 375
337 376
337 377
337 378
337 380
337 381
337 403
337 405
337 406
337 420
337 421
337 422
337 444
337 592
337 593
337 596
337 598
337 599
338 342
338 347
338 364
338 365
338 367
338 371
338 372
338 373
338 375
338 376
338 377
338 378
338 379
338 380
338 381
338 403
338 405
338 421
338 422
338 557
338 592
338 594
338 596
338 598
338 599
339 502
340 407
340 410
342 343
342 346
343 346
344 352
345 346
345 351
345 352
345 353
346 349
346 353
346 354
346 362
346 363
349 353
349 354
349 362
349 363
350 357
350 416
350 418
351 352
351 353
351 362
351 363
351 372
353 354
353 358
353 359
353 362
353 363
354 356
354 358
354 362
354 363
358 362
358 363
359 362
359 363
359 414
361 414
362 363
363 414
364 365
364 367
364 370
364 371
364 373
364 376
364 377
364 378
364 381
364 403
364 405
364 421
364 422
364 434
364 538
364 539
364 588
364 593
364 596
364 598
364 599
365 367
365 368
365 370
365 371
365 372
365 373
365 374
365 375
365 376
365 377
365 378
365 381
365 403
365 405
365 420
365 421
365 422
365 434
365 538
365 539
365 541
365 588
365 591
365 592
365 593
365 594
365 596
365 598
365 599
365 600
366 368
367 369
367 371
367 372
367 373
367 376
367 377
367 378
367 403
367 405
367 433
367 434
367 450
367 594
367 596
367 598
367 599
367 600
368 369
368 372
368 429
368 450
368 600
369 372
369 597
369 600
370 371
370 372
370 373
370 375
370 376
370 377
370 378
370 403
370 405
370 420
370 421
370 422
370 434
370 450
370 538
370 539
370 588
370 590
370 591
370 592
370 593
370 594
370 596
370 598
370 599
370 600
371 372
371 373
371 375
371 376
371 377
371 378
371 381
371 403
371 405
371 421
371 422
371 596
371 598
371 599
372 373
372 375
372 376
372 377
372 378
372 405
372 420
372 421
372 422
372 450
372 539
372 588
372 592
372 596
372 598
372 599
372 600
373 375
373 376
373 377
373 378
373 403
373 405
373 406
373 420
373 421
373 422
373 423
373 434
373 450
373 588
373 596
373 599
374 376
374 377
374 380
374 422
374 434
375 376
375 377
375 378
375 403
375 405
375 420
375 421
375 422
376 377
376 378
376 380
376 381
376 403
376 405
376 406
376 420
376 421
376 422
376 423
376 434
376 588
376 592
376 593
376 594
376 596
376 598
376 599
377 378
377 380
377 381
377 403
377 405
377 421
377 422
377 434
377 592
377 594
377 596
377 598
377 599
378 381
378 403
378 405
378 421
378 422
378 592
378 594
378 596
380 381
380 405
380 434
380 598
381 405
381 422
381 592
381 593
381 594
381 596
381 598
384 410
385 386
385 579
386 387
386 538
386 579
386 584
386 598
386 599
387 402
387 539
387 579
387 588
387 594
387 595
387 596
387 597
387 598
387 599
388 389
389 390
390 391
390 393
390 395
391 395
392 530
393 395
393 396
393 398
393 408
393 410
393 492
393 495
395 401
395 534
396 408
396 410
396 491
396 492
396 495
397 399
398 400
398 416
399 412
401 412
401 413
401 417
401 534
402 580
402 595
403 404
403 405
403 406
403 407
403 421
403 422
403 423
403 434
403 539
403 588
403 593
403 594
403 596
403 598
403 600
404 405
404 406
404 407
404 423
404 491
405 406
405 407
405 421
405 422
405 588
405 593
405 594
405 596
405 598
405 599
406 407
406 422
406 423
406 425
406 491
406 588
407 410
407 491
407 492
407 599
408 492
408 495
409 410
409 492
411 413
412 534
413 534
415 503
416 417
417 418
417 534
418 449
418 467
419 424
419 504
420 421
420 422
420 599
421 422
421 538
421 592
421 593
421 599
422 423
422 434
422 588
422 592
422 593
422 596
422 598
422 599
422 600
423 424
423 539
423 588
426 455
430 432
430 458
431 432
432 458
434 440
435 436
435 504
437 506
437 537
438 474
439 443
439 445
441 478
442 449
443 445
443 490
446 448
449 468
449 497
450 451
450 539
450 564
450 588
450 594
450 595
450 596
450 597
450 599
450 600
451 490
451 491
451 595
451 597
452 453
452 454
452 525
452 527
452 571
453 454
453 525
453 527
453 571
454 492
454 527
455 461
455 576
456 458
457 578
458 461
459 577
460 501
460 524
461 500
462 464
463 558
463 560
463 561
463 563
463 570
463 571
465 473
465 519
465 574
470 562
471 475
472 506
478 558
478 561
479 480
480 481
480 482
480 483
481 482
481 484
481 566
482 484
482 486
483 485
485 507
487 586
488 560
488 570
488 571
489 549
490 510
491 492
493 509
493 511
493 513
493 542
494 496
494 512
494 514
498 520
500 517
500 565
501 503
502 588
502 596
502 598
502 599
505 516
508 521
511 520
511 542
511 567
512 513
513 542
515 544
515 545
520 521
522 576
523 526
524 526
525 527
525 571
529 530
531 532
531 533
532 533
532 553
536 552
538 539
538 579
538 588
538 591
538 592
538 593
538 594
538 596
538 598
538 599
539 588
539 593
539 594
539 595
539 596
539 598
539 599
539 600
540 541
540 542
540 581
541 593
542 581
543 545
543 560
543 571
548 550
549 553
550 554
551 552
551 555
553 554
556 557
557 570
558 560
558 561
558 570
559 562
559 569
560 561
560 570
560 571
561 570
561 571
561 573
566 568
570 571
574 577
576 577
579 580
579 584
579 599
584 599
588 591
588 592
588 593
588 594
588 596
588 598
588 599
588 600
589 591
591 593
591 594
591 596
592 593
592 594
592 596
592 598
592 599
592 600
593 594
593 596
593 598
593 600
594 596
594 598
594 599
594 600
595 597
595 600
596 598
596 599
596 600
598 599
598 600
599 600
