600 1797

1 304
2 3
2 303
2 308
3 7
3 171
4 5
4 20
4 21
4 24
4 30
4 105
4 321
4 322
4 323
4 329
5 21
5 24
5 29
5 305
5 326
6 9
6 167
6 310
7 562
8 426
9 12
9 315
10 562
11 12
11 18
11 98
12 15
12 16
12 98
12 165
12 315
12 317
13 18
14 16
14 29
14 312
14 313
14 331
15 16
15 98
15 315
16 98
16 312
16 315
16 317
17 19
18 97
19 21
19 30
19 32
19 37
19 102
19 320
19 329
20 21
20 100
20 103
20 105
20 302
20 321
20 324
20 329
20 389
20 587
21 24
21 26
21 29
21 30
21 32
21 37
21 100
21 103
21 105
21 302
21 320
21 321
21 329
21 389
22 35
22 37
22 38
22 102
22 105
22 186
22 221
22 320
22 333
22 334
23 24
23 32
23 332
23 333
24 32
24 326
25 582
26 30
26 32
26 100
26 224
27 30
27 72
27 329
27 583
28 37
29 312
29 329
29 331
30 31
30 32
30 37
30 105
30 225
30 290
30 320
30 329
31 37
31 296
32 35
32 37
32 38
32 100
32 102
32 105
32 224
32 320
32 332
32 333
32 334
32 335
32 531
32 534
32 583
33 34
33 35
33 36
33 38
33 221
33 286
33 332
33 333
33 334
33 335
33 336
34 35
34 36
34 38
34 221
34 237
34 243
34 286
34 332
34 334
34 335
34 336
34 547
34 583
34 584
35 36
35 37
35 38
35 102
35 105
35 221
35 285
35 286
35 320
35 332
35 333
35 334
35 335
35 336
35 391
35 534
35 583
35 584
36 38
36 102
36 220
36 221
36 237
36 285
36 286
36 287
36 332
36 333
36 334
36 335
36 336
36 529
36 530
36 549
36 583
36 584
37 38
37 100
37 102
37 105
37 221
37 225
37 320
37 332
37 333
37 334
37 335
37 336
37 391
37 445
37 534
37 583
38 102
38 105
38 221
38 286
38 320
38 327
38 332
38 333
38 334
38 335
38 336
38 391
38 534
38 583
39 42
39 113
39 115
40 43
40 49
40 51
40 61
40 68
40 74
40 78
40 82
40 84
40 91
40 161
40 339
40 345
40 355
40 362
40 365
40 368
40 376
40 382
40 421
40 438
40 440
40 445
41 43
41 68
41 80
41 86
41 87
41 88
41 89
41 91
41 339
41 376
41 377
41 380
41 425
42 45
42 46
42 47
42 48
42 53
42 54
42 56
42 60
42 115
42 116
43 68
43 77
43 80
43 82
43 86
43 145
43 147
43 149
43 339
43 425
43 443
43 445
44 78
44 138
44 144
44 149
44 358
44 458
45 46
45 47
45 53
45 54
45 56
45 60
45 116
46 47
46 48
46 53
46 54
46 56
47 53
47 54
47 56
47 60
47 115
47 116
47 117
48 54
48 56
49 339
49 345
49 440
49 445
50 51
50 62
50 345
50 351
50 352
50 362
51 62
51 345
51 352
51 358
51 362
51 447
52 57
53 54
53 56
53 60
53 115
53 116
53 117
54 56
55 118
55 358
55 413
56 60
57 65
57 124
57 401
58 356
59 62
59 64
59 412
59 414
61 66
61 84
61 91
61 138
61 242
61 345
61 355
61 356
61 362
61 363
61 382
61 447
62 351
62 352
62 360
63 358
63 446
64 130
65 109
66 67
66 138
66 345
66 355
66 362
66 363
66 382
68 71
68 72
68 84
68 126
68 339
68 365
68 382
69 72
70 77
71 72
71 77
71 79
71 83
71 295
71 297
71 387
72 74
72 77
72 145
72 225
72 297
72 364
73 75
73 133
74 77
74 78
74 149
74 438
76 198
76 225
76 232
76 260
76 261
76 294
76 296
76 477
77 78
77 79
77 82
77 294
77 297
77 339
77 366
77 375
77 422
77 445
78 82
78 135
78 149
79 80
79 82
79 86
79 133
79 145
79 297
79 339
79 376
79 377
79 425
80 86
81 86
82 83
82 145
82 225
82 339
82 375
82 443
82 445
83 119
83 129
83 140
83 149
83 387
83 534
84 85
84 86
84 87
84 88
84 91
84 339
84 355
84 376
84 377
84 380
84 382
85 86
85 87
85 88
85 91
85 377
85 380
86 87
86 88
86 89
86 91
86 339
86 376
86 377
86 380
86 382
86 425
87 88
87 89
87 91
87 377
87 380
88 89
88 91
88 377
88 380
89 91
89 377
89 380
90 107
90 394
90 395
91 339
91 355
91 376
91 377
91 380
91 382
91 425
92 384
93 384
94 95
95 101
96 123
99 179
99 282
99 283
99 295
100 101
100 102
100 103
100 105
100 106
100 143
100 291
100 320
100 389
100 586
100 587
101 390
101 395
102 105
102 143
102 221
102 285
102 291
102 320
102 332
102 333
102 334
102 335
102 336
102 391
102 443
102 445
102 531
102 534
102 580
102 582
102 583
102 586
103 105
103 321
103 389
103 390
103 391
104 189
104 191
104 192
104 193
104 202
104 203
104 204
104 408
104 504
105 107
105 221
105 290
105 291
105 320
105 321
105 333
105 334
105 389
105 391
105 531
105 586
106 188
106 223
106 392
106 530
106 533
106 582
106 584
106 586
107 391
107 395
108 110
108 112
108 114
108 120
108 189
108 191
108 393
108 495
109 112
109 119
109 120
109 123
109 129
109 131
109 141
109 396
109 402
110 188
110 189
110 192
110 223
110 540
111 400
112 114
112 120
112 131
112 137
112 191
112 210
113 114
113 115
113 116
113 139
114 116
114 191
115 116
115 117
115 337
115 381
115 405
116 117
116 407
117 407
117 409
118 157
118 357
119 121
119 123
119 129
119 131
119 147
119 224
119 225
119 397
119 399
119 531
119 534
119 581
120 401
121 147
121 401
121 412
122 152
123 145
123 149
124 125
124 401
127 262
128 153
128 208
128 213
128 263
128 264
128 267
128 271
129 131
129 140
129 141
129 534
131 141
131 190
131 210
131 404
132 133
134 161
135 138
135 438
136 148
136 150
136 156
136 448
138 161
138 358
142 445
143 144
143 225
143 443
143 531
143 580
144 444
145 149
145 225
145 246
145 443
145 445
146 302
147 149
147 289
147 438
147 443
147 445
147 534
148 150
148 156
148 232
148 437
149 425
149 443
150 156
151 202
152 176
153 197
153 208
153 263
153 264
153 265
153 269
153 271
153 349
154 501
155 156
156 336
158 159
159 199
159 205
159 456
160 281
161 345
161 355
161 440
161 448
162 462
162 480
163 254
163 277
164 218
164 470
166 385
167 383
168 170
168 172
168 475
169 217
170 268
170 459
172 239
173 209
174 216
174 249
175 177
175 179
175 182
175 482
176 178
176 181
177 179
178 183
178 255
178 269
178 275
178 278
179 482
179 483
180 366
180 482
182 207
183 277
184 535
185 325
185 367
185 469
187 359
189 191
189 192
189 193
189 203
189 204
189 212
189 394
189 489
189 495
189 504
190 201
190 210
191 192
191 193
191 194
191 204
191 210
191 211
191 212
191 408
191 492
191 504
192 193
192 204
192 211
193 194
193 211
193 212
193 408
195 234
196 204
196 212
196 215
197 208
197 209
197 213
197 219
197 271
197 272
197 273
197 524
198 232
198 266
198 276
198 279
198 499
200 270
202 230
203 204
204 212
204 502
204 504
205 506
206 268
206 509
208 209
208 213
208 219
208 263
208 264
208 265
208 271
208 280
208 567
209 211
209 213
209 272
209 524
210 212
210 501
211 212
213 271
213 273
214 218
214 307
215 230
215 274
216 217
216 251
216 508
218 273
219 231
219 265
219 280
219 465
219 508
219 512
219 524
219 525
219 574
220 221
220 222
220 237
220 287
220 529
220 530
220 533
220 554
220 555
220 584
221 237
221 286
221 320
221 332
221 333
221 334
221 335
221 336
221 439
221 529
221 530
221 583
221 584
222 236
222 237
222 238
222 240
222 243
222 287
222 529
222 547
222 549
222 553
222 554
223 392
223 399
223 533
223 582
224 225
224 245
224 397
224 531
224 532
224 534
224 582
224 583
224 584
225 261
225 443
225 445
225 531
225 534
226 246
226 536
227 536
227 552
228 229
228 255
228 262
228 263
228 266
228 268
228 269
228 271
229 262
229 263
229 265
231 265
231 271
231 273
232 248
232 254
232 266
232 267
232 277
232 300
232 544
232 557
232 558
233 234
233 545
233 558
235 583
236 238
236 240
236 243
236 284
236 547
236 582
236 585
237 238
237 240
237 243
237 286
237 287
237 529
237 532
237 547
237 549
237 553
237 554
237 584
238 239
238 240
238 243
238 287
238 547
238 548
238 550
238 554
239 241
239 250
239 262
239 548
240 243
240 547
240 548
240 549
240 553
240 554
240 584
241 250
241 552
241 561
242 246
242 250
242 552
243 546
243 547
243 554
244 555
245 246
245 287
245 532
245 549
247 255
247 263
247 268
247 269
247 270
247 556
247 570
248 252
248 254
248 266
248 267
248 269
248 557
248 558
248 563
249 314
249 487
250 252
250 253
250 254
250 268
250 269
250 463
250 552
250 558
252 253
252 254
252 257
252 266
252 269
252 556
252 557
252 558
253 254
253 463
253 464
253 558
254 267
254 269
254 277
254 449
254 463
254 544
254 558
254 561
254 570
254 573
255 268
255 269
255 270
256 567
258 300
259 267
259 300
261 296
261 297
262 263
262 265
262 269
262 299
263 264
263 265
263 267
263 268
263 269
263 270
263 271
263 346
263 541
263 570
264 265
264 267
264 269
264 270
264 271
264 356
264 468
264 567
264 570
264 600
265 269
265 270
265 271
265 280
265 468
265 541
266 276
266 557
267 269
267 299
267 300
268 269
268 270
268 271
268 276
268 556
268 570
269 270
269 271
269 277
269 278
269 299
269 556
269 570
270 271
270 570
271 273
271 570
275 278
277 278
277 281
282 283
283 581
283 582
285 286
285 287
285 582
285 583
285 584
286 287
286 332
286 333
286 334
286 335
286 336
286 397
286 549
286 582
286 583
286 584
287 529
287 532
287 547
287 549
287 550
288 498
291 531
291 579
291 586
292 322
293 478
294 296
295 297
296 421
297 589
297 596
298 300
301 302
301 326
301 390
302 321
302 389
302 586
302 587
304 305
304 308
305 318
305 322
305 323
305 324
305 329
306 309
309 326
309 476
311 389
312 329
312 331
315 317
315 507
316 319
318 319
318 324
318 389
318 591
319 389
320 321
320 322
320 324
320 332
320 333
320 334
320 335
320 336
320 389
320 391
320 583
321 322
321 324
321 329
321 389
321 587
322 323
322 324
322 330
322 333
322 587
323 324
323 329
324 326
324 329
328 329
329 331
332 333
332 334
332 335
332 336
332 391
332 397
332 534
332 583
332 584
333 334
333 335
333 336
333 391
333 445
333 534
333 583
334 335
334 336
334 391
334 397
334 443
334 531
334 534
334 582
334 583
334 584
335 336
335 397
335 529
335 530
335 534
335 583
335 584
336 391
336 443
336 445
336 534
336 583
337 338
337 340
337 341
337 342
337 343
337 344
337 346
337 347
337 349
337 353
337 354
337 373
337 381
337 403
337 405
337 407
338 340
338 342
338 343
338 344
338 346
338 347
338 348
338 349
338 353
338 354
338 373
338 379
338 381
338 405
339 355
339 376
339 377
339 382
339 415
339 422
339 425
339 445
340 342
340 343
340 344
340 346
340 348
340 349
340 353
340 354
340 381
340 405
340 406
340 407
340 409
340 410
341 342
341 343
341 346
341 349
341 354
341 356
341 371
341 381
342 343
342 344
342 346
342 347
342 348
342 349
342 353
342 354
342 373
342 381
342 405
343 344
343 346
343 347
343 348
343 349
343 353
343 354
343 371
343 381
343 405
344 346
344 347
344 348
344 349
344 353
344 381
344 405
344 409
344 410
345 355
345 356
345 358
345 362
345 363
345 382
345 447
345 448
346 347
346 348
346 349
346 353
346 354
346 373
346 381
346 405
347 349
347 381
347 405
348 349
348 353
348 409
348 410
349 353
349 354
349 356
349 381
349 405
350 357
350 418
351 352
351 360
351 362
351 363
352 360
353 354
353 356
353 381
354 356
354 373
354 381
354 405
355 356
355 362
355 363
355 382
355 445
355 447
356 362
356 363
357 418
357 431
358 440
359 363
361 414
362 363
362 382
362 447
365 372
365 427
365 593
366 368
366 372
366 374
366 375
367 426
368 421
369 372
369 375
369 438
370 422
370 592
372 375
372 421
373 403
373 405
374 376
375 429
375 434
375 438
375 440
376 377
376 380
376 382
376 425
377 380
377 382
377 425
378 432
378 436
380 382
380 425
381 405
382 430
382 445
382 447
384 394
384 489
384 495
385 386
385 393
387 505
387 595
387 596
388 580
389 586
390 393
390 395
390 489
391 395
392 397
392 399
392 489
392 533
393 395
393 398
393 400
393 411
393 489
393 495
394 396
394 446
394 489
394 496
394 516
395 396
395 398
395 489
396 408
397 399
397 532
397 533
397 534
397 582
397 583
397 584
398 400
398 411
399 534
400 411
401 416
404 423
405 433
407 409
407 410
408 435
408 491
408 492
408 493
408 494
408 495
408 496
408 504
409 410
409 411
410 411
415 420
415 425
415 448
415 519
416 417
416 446
416 516
417 446
417 467
417 497
418 435
419 504
420 499
420 590
420 598
420 599
421 422
422 428
422 443
422 592
423 424
423 595
424 594
424 595
424 596
425 443
425 445
426 595
427 593
428 455
429 575
430 432
434 440
435 491
435 492
435 504
437 453
437 458
437 464
437 544
438 440
438 441
440 441
442 497
442 515
442 518
443 445
443 534
443 580
445 534
446 516
449 450
449 468
449 528
449 544
449 572
449 574
449 600
450 451
450 468
450 510
450 541
450 564
450 571
450 597
450 600
451 466
451 490
451 510
451 512
451 525
451 571
452 498
452 515
452 543
453 515
453 544
453 545
454 545
456 466
456 515
457 459
457 473
457 578
458 537
460 465
460 467
460 490
460 512
460 513
460 514
460 518
460 523
460 524
460 525
460 527
461 504
463 464
463 552
463 558
463 561
464 558
465 466
465 508
465 512
465 514
465 523
465 524
465 525
465 528
465 574
466 512
466 514
467 490
467 497
467 512
467 514
467 518
467 520
467 525
467 527
468 510
468 512
468 541
468 561
468 564
468 567
468 571
468 573
468 574
468 600
471 475
472 474
474 501
477 479
477 557
478 556
479 526
480 481
480 482
480 483
480 485
481 482
482 483
482 484
482 486
484 486
485 565
488 573
489 495
490 491
490 492
490 494
490 512
490 514
490 523
490 524
490 525
490 527
491 492
492 493
492 494
492 496
492 504
492 514
493 494
493 496
493 515
493 520
494 496
494 497
494 514
494 515
494 520
494 523
494 527
496 497
496 515
496 533
497 511
497 513
497 515
497 527
499 522
500 576
502 517
503 504
508 524
508 564
510 512
510 513
510 525
510 541
510 564
510 567
510 571
510 574
510 600
512 513
512 514
512 524
512 525
512 527
512 528
512 564
512 567
512 571
512 572
512 574
512 576
513 514
513 525
513 527
514 520
514 523
514 524
514 525
514 527
515 527
518 520
518 527
520 523
521 551
523 524
523 525
523 527
523 577
524 525
524 527
524 528
525 527
525 571
525 572
528 567
528 572
528 574
529 530
529 532
529 546
529 547
529 554
529 584
530 532
530 533
530 584
531 534
531 582
531 584
532 533
532 549
532 553
532 554
532 584
533 553
534 583
535 536
536 538
538 554
538 568
539 541
539 548
539 566
539 573
539 597
541 564
541 566
541 567
541 573
541 574
541 597
541 600
542 548
544 558
544 573
546 554
547 548
547 549
547 553
547 554
547 584
548 550
548 553
548 554
549 553
549 583
549 584
550 552
551 555
552 558
552 561
553 554
553 584
556 570
558 560
558 561
559 562
564 574
564 600
567 571
567 572
567 574
567 600
569 570
569 571
569 574
570 573
571 572
571 574
571 600
572 573
573 597
573 600
574 600
580 581
582 583
582 584
583 584
586 587
586 588
594 595
594 597
595 596
596 597
597 600
