600 1797

1 4
1 22
1 98
1 105
1 388
1 389
1 395
2 3
2 11
2 20
2 93
2 94
2 96
2 97
2 100
2 101
2 105
2 301
2 303
2 387
2 389
2 390
2 393
2 398
3 303
4 11
4 20
4 96
4 98
4 100
4 105
4 108
4 302
4 317
4 321
4 389
4 390
4 393
4 395
4 398
4 400
5 20
6 303
7 29
8 12
9 13
10 185
11 20
11 93
11 94
11 96
11 97
11 98
11 99
11 100
11 101
11 104
11 105
11 108
11 110
11 122
11 302
11 317
11 321
11 384
11 386
11 388
11 389
11 390
11 391
11 393
11 395
11 398
11 400
12 16
12 303
12 315
13 181
13 433
14 312
15 313
15 314
16 19
16 68
16 306
16 315
17 29
17 318
18 20
18 98
18 108
18 110
18 317
18 389
18 390
19 306
19 318
19 331
20 21
20 96
20 100
20 105
20 302
20 304
20 305
20 321
20 336
20 389
20 390
20 391
20 393
20 395
20 398
20 400
21 37
21 38
21 100
21 103
21 105
21 336
21 415
22 28
23 126
24 27
24 29
24 30
24 306
25 81
25 325
26 563
28 327
29 306
29 312
30 31
30 32
30 35
30 331
31 32
31 34
31 35
31 38
31 141
31 330
32 35
32 312
32 324
32 330
32 331
32 333
33 34
33 285
33 286
33 287
34 284
34 291
34 332
35 36
35 37
35 38
35 329
35 330
35 331
35 333
35 335
36 38
36 335
37 38
37 102
37 331
38 105
38 160
38 330
38 331
38 335
38 336
38 339
38 400
38 415
39 41
39 47
39 89
39 95
39 338
39 342
39 344
39 347
39 348
39 357
39 409
39 410
39 416
39 584
40 133
41 42
41 43
41 47
41 48
41 338
41 342
41 343
41 344
41 346
41 347
41 371
42 47
42 338
43 48
43 56
43 371
44 49
45 307
46 48
46 346
47 48
47 54
47 338
47 342
47 347
47 348
47 371
47 410
48 89
48 338
48 342
48 344
48 347
48 348
48 410
49 150
50 367
51 345
52 65
52 410
53 374
53 422
53 434
54 346
54 357
55 113
55 344
55 348
55 410
55 413
56 345
57 123
57 358
57 387
57 417
57 418
58 61
58 355
59 127
60 64
60 129
60 353
60 445
61 354
61 355
62 63
62 66
63 357
64 113
64 340
64 348
64 353
64 359
64 367
64 373
64 376
64 409
64 412
64 414
66 363
67 303
68 177
69 479
70 368
71 72
71 74
71 372
71 421
72 370
72 372
73 137
73 325
73 369
73 472
74 446
75 78
75 433
76 370
77 79
79 84
79 139
79 357
79 366
80 81
80 484
82 83
82 371
82 372
82 375
82 421
83 113
83 138
83 367
83 371
83 373
83 375
83 376
83 409
83 421
83 422
83 430
83 431
83 434
84 86
84 87
84 381
85 344
85 381
86 87
86 381
87 377
87 380
88 141
88 405
88 421
88 435
89 347
90 151
91 377
92 260
93 94
93 95
93 96
93 98
93 100
93 101
93 104
93 108
93 110
93 301
93 302
93 303
93 317
93 321
93 384
93 386
93 389
93 390
93 391
93 393
93 395
93 398
94 95
94 96
94 97
94 99
94 100
94 101
94 104
94 105
94 384
94 386
94 389
94 393
94 398
94 407
95 96
95 97
95 101
95 104
95 184
95 188
95 298
95 384
95 385
95 387
95 410
95 411
96 97
96 100
96 104
96 105
96 122
96 300
96 301
96 303
96 384
96 385
96 387
96 389
96 390
96 391
96 393
96 395
96 398
96 400
96 402
96 415
97 99
97 100
97 101
97 104
97 105
97 118
97 120
97 122
97 188
97 298
97 300
97 301
97 384
97 386
97 387
97 389
97 390
97 393
97 398
97 401
97 402
97 413
97 500
97 504
97 579
97 580
97 586
98 100
98 101
98 104
98 105
98 108
98 110
98 317
98 321
98 388
98 389
98 390
98 393
98 395
98 398
98 400
98 504
99 100
99 101
99 104
99 105
99 118
99 122
99 298
99 300
99 386
99 387
99 388
99 389
99 393
99 419
99 423
99 439
99 500
99 504
99 579
99 580
100 101
100 103
100 104
100 105
100 108
100 110
100 122
100 301
100 317
100 321
100 384
100 385
100 386
100 388
100 389
100 390
100 391
100 393
100 395
100 398
100 400
101 104
101 105
101 107
101 108
101 110
101 301
101 317
101 321
101 384
101 386
101 389
101 390
101 393
101 394
101 395
101 398
101 400
101 407
101 489
101 500
103 104
103 105
103 122
103 189
103 386
103 389
103 391
103 395
103 398
103 400
103 401
104 105
104 108
104 110
104 118
104 120
104 301
104 317
104 321
104 384
104 386
104 389
104 390
104 391
104 393
104 395
104 398
104 400
104 401
105 108
105 110
105 118
105 120
105 122
105 317
105 321
105 386
105 389
105 390
105 391
105 393
105 395
105 398
105 400
105 401
105 415
105 419
106 119
106 121
106 189
106 223
106 282
106 283
106 391
106 397
106 399
106 401
106 534
106 580
107 109
107 111
107 115
107 116
107 120
107 189
107 384
107 393
107 394
107 407
107 489
107 500
108 110
108 299
108 317
108 321
108 386
108 389
108 390
108 391
108 393
108 395
108 398
108 400
109 111
109 116
109 191
109 192
109 194
109 198
109 211
110 317
110 321
110 386
110 389
110 390
110 391
110 393
110 395
110 398
110 400
110 401
111 120
111 189
111 384
112 113
112 129
112 130
112 403
112 404
112 412
112 422
112 423
112 424
112 434
112 444
112 461
113 115
113 116
113 129
113 130
113 188
113 225
113 337
113 340
113 403
113 406
113 409
113 412
113 423
113 430
113 461
113 534
113 579
114 191
114 207
115 116
116 191
116 192
117 118
117 120
117 409
117 410
117 413
118 120
118 384
118 387
118 398
118 401
118 409
118 410
118 411
118 413
118 580
119 125
119 147
119 196
119 225
119 282
119 387
119 399
119 412
119 418
119 461
119 467
119 534
120 384
120 391
120 398
120 400
120 401
120 413
121 147
122 389
122 391
122 398
122 400
122 401
122 580
123 124
123 387
123 396
123 410
123 411
123 416
123 417
123 497
123 500
123 505
123 581
123 586
124 417
125 153
125 399
125 418
126 377
127 151
127 296
127 297
128 260
129 130
129 376
129 403
129 412
129 421
129 422
129 423
129 424
129 434
129 444
129 445
129 447
130 403
130 406
130 412
130 421
130 422
130 423
130 424
130 430
131 190
132 133
133 444
134 161
134 373
134 379
135 372
135 429
136 148
139 152
139 585
140 291
141 150
141 403
141 434
141 437
141 444
142 564
143 144
143 146
145 225
146 159
146 213
147 441
148 428
149 418
149 461
150 341
150 421
150 434
150 437
150 440
151 296
154 171
154 191
154 197
154 361
154 490
154 501
154 524
155 544
156 224
156 267
157 190
157 518
158 227
160 458
162 253
163 254
164 219
165 268
166 247
167 198
167 211
167 473
168 236
168 247
169 247
170 229
170 258
170 476
172 478
173 274
174 205
174 251
175 187
176 200
178 183
178 252
178 255
178 263
178 268
178 269
178 270
179 442
180 427
182 508
183 186
183 252
183 263
183 268
183 269
183 270
183 277
184 289
184 489
185 325
186 427
187 487
188 295
188 384
188 397
188 402
189 223
189 384
189 391
190 208
190 209
190 210
190 271
190 273
190 468
190 510
190 512
190 513
190 564
190 574
191 192
191 197
191 198
191 207
191 211
192 194
192 198
192 200
192 211
193 202
193 212
193 222
193 226
193 477
193 496
193 533
193 537
194 223
195 516
196 207
196 213
196 223
196 224
196 274
196 467
196 581
197 211
197 217
197 494
197 501
197 507
197 514
197 524
198 200
198 207
198 211
198 215
198 280
199 435
201 202
202 211
202 214
202 222
202 499
203 499
204 419
205 509
206 210
208 209
208 268
208 271
208 273
208 468
208 512
208 513
208 517
208 543
208 560
208 573
208 574
208 600
209 210
209 231
209 259
209 265
209 273
209 510
209 512
209 513
209 517
209 518
209 528
209 541
209 564
209 600
210 564
211 212
211 215
212 231
212 265
212 564
213 223
213 224
213 519
213 520
213 533
213 540
213 581
214 217
214 218
214 231
214 232
214 239
214 265
214 273
214 541
215 499
216 525
217 231
217 256
217 265
217 273
218 230
218 233
218 245
219 276
219 279
219 465
220 226
220 529
221 529
221 530
222 533
222 553
223 224
223 282
223 399
223 581
224 533
225 399
225 534
226 529
227 529
228 262
228 475
229 233
229 236
229 239
229 240
229 256
229 258
229 262
229 265
230 236
230 238
230 240
230 285
230 553
231 232
231 239
231 265
231 273
231 493
231 494
231 511
231 517
231 528
231 541
231 542
231 554
231 564
232 234
233 266
233 568
235 287
236 238
236 240
236 285
236 553
236 583
237 244
238 239
238 240
238 241
238 285
238 551
238 553
239 240
239 243
239 244
239 265
239 517
239 541
239 554
240 243
240 244
240 245
240 265
240 549
240 553
241 551
242 552
242 564
243 265
243 528
244 248
244 250
244 557
246 567
248 250
248 558
249 266
249 546
250 557
250 560
250 561
250 570
251 540
252 263
252 268
252 269
252 270
252 560
252 570
253 463
254 560
255 258
255 263
255 268
255 269
255 270
255 538
255 556
256 265
256 273
257 566
258 262
258 263
258 265
258 268
258 269
258 293
260 261
260 263
260 272
260 294
261 272
261 294
261 297
262 263
263 264
263 268
263 269
263 270
263 272
263 273
263 279
263 293
263 294
263 566
263 567
264 270
265 273
265 517
265 528
265 541
265 542
265 554
265 564
267 453
268 269
268 270
268 273
268 528
268 570
268 572
269 270
269 272
269 293
270 560
270 566
270 570
271 273
271 517
271 574
272 278
272 281
272 293
272 294
273 512
273 517
273 528
273 541
273 564
273 574
273 600
275 277
278 294
279 522
279 528
282 399
282 580
283 290
283 443
283 580
285 286
285 287
285 551
286 287
286 551
287 584
288 583
291 292
292 563
293 294
298 300
300 387
300 595
300 597
301 384
301 390
301 393
302 305
302 321
302 322
302 389
302 390
302 395
303 304
303 307
303 390
305 308
306 309
306 312
307 311
309 312
309 313
310 314
311 315
312 326
313 314
314 316
315 316
315 319
316 319
317 321
317 386
317 388
317 389
317 390
317 393
317 395
317 398
317 400
318 320
318 331
318 334
319 320
320 331
320 334
320 336
321 386
321 389
321 390
321 391
321 393
321 395
321 398
321 400
323 329
325 482
328 329
328 333
329 330
329 331
329 333
331 334
332 535
333 336
333 529
335 336
335 530
335 536
336 415
337 340
337 406
337 410
337 500
337 534
338 340
338 342
338 343
338 344
338 347
338 348
338 371
338 410
340 373
340 378
340 403
342 344
342 346
342 347
342 357
342 410
343 347
343 382
343 410
344 347
344 348
344 357
344 371
344 409
344 410
344 413
344 416
346 347
347 348
347 410
348 357
348 367
348 371
348 409
348 410
348 413
348 416
349 353
350 416
351 352
351 412
351 418
352 359
352 421
353 356
353 359
354 359
357 410
357 416
360 363
362 363
364 372
365 368
365 598
367 371
367 373
367 375
367 376
367 409
367 422
368 429
369 370
369 375
370 375
371 373
372 421
372 422
373 376
373 378
373 403
373 405
373 429
373 430
373 431
373 434
374 376
374 378
374 405
374 434
375 376
375 409
375 422
376 378
376 403
376 405
376 422
376 434
377 378
377 380
378 405
378 430
378 431
381 430
383 507
384 386
384 387
384 390
384 391
384 392
384 393
384 397
384 398
384 407
384 411
384 413
384 487
384 489
384 500
384 580
386 389
386 390
386 391
386 393
386 395
386 398
386 400
386 401
387 392
387 396
387 397
387 406
387 407
387 417
387 487
387 489
387 500
387 502
387 505
387 534
387 579
387 581
387 586
388 389
388 390
388 393
388 398
388 504
389 390
389 391
389 393
389 395
389 398
389 400
389 419
389 504
390 391
390 393
390 395
390 398
390 400
390 504
391 393
391 395
391 397
391 398
391 400
391 401
392 394
392 396
392 397
392 489
392 530
392 581
393 394
393 395
393 398
393 400
393 407
393 489
393 500
393 504
394 396
394 407
394 408
394 489
394 495
394 500
394 503
394 530
394 581
395 398
395 400
395 401
396 397
396 406
396 407
396 408
396 417
396 467
396 489
396 495
396 500
396 530
396 533
396 581
397 399
397 406
397 489
397 530
397 534
397 581
398 400
398 401
399 412
399 418
399 461
399 467
399 534
399 581
400 401
401 413
401 580
403 404
403 405
403 412
403 421
403 422
403 423
403 424
403 430
403 434
403 439
403 444
403 534
404 420
404 423
404 424
404 439
405 421
405 422
405 430
405 431
405 434
406 407
406 408
406 412
406 417
406 423
406 424
406 461
406 467
406 500
406 534
406 579
407 408
407 489
407 500
407 579
408 417
408 467
408 492
408 500
408 501
408 533
408 581
409 410
409 413
409 416
409 422
409 580
409 586
410 411
410 413
410 416
411 413
412 418
412 421
412 422
412 423
412 424
412 461
412 534
415 421
417 418
417 461
417 467
417 497
417 498
417 500
417 534
417 579
417 581
418 461
418 467
419 504
421 422
421 423
421 424
421 430
421 434
421 444
421 445
421 446
421 459
422 423
422 426
422 430
422 434
423 424
423 430
423 439
423 444
423 461
423 534
423 579
423 580
424 439
424 444
424 461
424 534
424 599
425 448
428 459
428 474
429 430
429 431
430 431
430 433
430 437
430 440
430 582
431 436
431 437
432 458
434 437
434 444
435 500
436 442
437 444
438 462
439 444
439 447
439 534
439 579
443 447
443 587
444 447
445 534
448 596
449 574
450 510
450 570
450 589
451 491
452 544
454 589
455 456
455 464
455 575
457 577
460 518
461 467
461 534
462 575
463 570
465 494
465 528
465 578
466 569
467 498
467 515
467 581
468 512
468 513
468 517
468 543
468 574
469 481
470 473
471 479
475 479
478 556
480 566
481 566
483 580
485 507
486 488
488 568
489 495
489 500
489 502
489 503
489 579
489 581
490 491
490 492
490 501
490 514
491 492
492 501
493 494
493 496
493 511
493 513
493 532
493 542
493 554
493 564
494 496
494 499
494 514
494 578
495 496
495 499
495 503
495 507
495 519
495 520
495 532
495 533
495 540
496 519
496 532
496 533
496 554
497 584
499 501
499 503
499 507
500 503
500 579
500 580
500 586
501 503
501 506
501 507
501 519
501 524
502 505
502 516
503 507
503 519
503 533
507 508
507 533
510 512
510 513
510 518
510 528
510 564
510 574
510 591
510 600
511 518
511 521
511 527
511 532
511 541
511 542
511 554
511 562
512 513
512 517
512 518
512 528
512 538
512 541
512 542
512 571
512 573
512 574
512 591
512 600
513 517
513 518
513 541
513 564
513 573
513 574
513 600
514 578
517 518
517 521
517 527
517 528
517 541
517 542
517 564
517 572
517 573
517 574
517 600
518 520
518 521
518 532
518 541
519 520
519 533
519 540
520 532
520 533
521 527
521 532
521 539
521 541
521 542
521 545
521 554
521 555
521 562
521 571
521 573
521 588
522 528
522 576
522 578
523 526
525 527
526 559
526 571
527 541
527 542
527 544
527 562
527 573
528 564
528 574
529 530
530 535
530 579
531 555
532 533
532 540
532 541
532 542
532 548
532 554
532 555
533 540
533 581
534 579
534 580
534 581
538 556
538 573
539 540
539 555
540 548
540 553
540 555
540 581
541 542
541 554
541 564
541 568
541 573
541 600
542 544
542 547
542 548
542 549
542 554
542 562
542 573
543 560
543 571
543 573
544 571
544 573
547 549
547 568
548 550
548 554
548 562
549 553
549 554
550 554
551 555
553 583
554 564
560 561
560 570
562 571
562 573
562 588
564 574
564 600
565 575
565 590
565 592
566 593
569 572
570 574
570 591
571 573
572 573
573 574
574 600
575 576
576 577
576 578
579 580
580 584
580 586
583 584
594 595
596 597
