600 1799

1 186
1 284
1 302
1 322
2 4
2 5
2 19
2 20
2 29
2 30
2 37
2 304
2 326
3 60
3 351
4 5
4 19
4 20
4 22
4 23
4 24
4 30
4 33
4 35
4 36
4 37
4 38
4 107
4 108
4 111
4 220
4 221
4 304
4 305
4 319
4 320
4 322
4 323
4 324
4 326
4 328
4 329
4 332
4 333
4 334
4 335
4 393
4 398
5 19
5 20
5 24
5 107
5 304
5 305
5 319
6 82
7 306
8 166
9 340
10 83
11 19
12 90
13 543
14 83
14 133
14 312
14 313
14 318
15 19
16 19
16 29
16 312
16 318
17 526
18 73
19 20
19 24
19 29
19 30
19 37
19 303
19 304
19 312
19 318
19 319
19 326
19 331
20 29
20 37
20 107
20 108
20 304
20 305
20 317
20 318
20 319
20 326
20 393
20 398
21 24
21 37
21 103
21 110
21 221
21 321
21 326
21 394
21 395
21 398
21 530
22 23
22 26
22 28
22 30
22 32
22 33
22 34
22 35
22 37
22 38
22 107
22 220
22 221
22 305
22 320
22 322
22 323
22 328
22 329
22 332
22 333
22 334
22 335
23 26
23 28
23 30
23 32
23 33
23 35
23 36
23 37
23 38
23 107
23 220
23 221
23 304
23 305
23 320
23 322
23 323
23 324
23 326
23 328
23 329
23 332
23 333
23 334
23 335
24 304
24 326
25 334
26 28
26 32
26 33
26 35
26 38
26 323
26 327
26 328
26 329
26 332
26 333
26 334
27 30
27 35
27 324
27 332
27 333
28 32
28 33
28 35
28 36
28 37
28 38
28 286
28 320
28 323
28 325
28 327
28 328
28 329
28 332
28 333
28 334
28 335
29 312
29 318
29 326
29 331
30 32
30 33
30 35
30 36
30 37
30 38
30 107
30 220
30 221
30 304
30 305
30 320
30 322
30 323
30 324
30 326
30 328
30 329
30 332
30 333
30 334
30 335
30 382
30 398
30 411
31 330
32 33
32 35
32 36
32 37
32 38
32 320
32 323
32 328
32 329
32 331
32 332
32 333
33 34
33 35
33 36
33 38
33 220
33 286
33 320
33 323
33 325
33 327
33 328
33 329
33 332
33 333
33 334
33 335
33 398
33 533
34 38
34 286
34 325
34 327
34 332
35 36
35 37
35 38
35 220
35 221
35 305
35 320
35 322
35 323
35 324
35 328
35 329
35 332
35 333
35 334
35 335
36 38
36 107
36 145
36 220
36 221
36 286
36 302
36 320
36 322
36 329
36 332
36 333
36 335
37 38
37 107
37 221
37 319
37 320
37 324
37 326
37 329
37 332
37 333
37 334
37 411
38 107
38 145
38 220
38 221
38 286
38 287
38 305
38 320
38 322
38 323
38 324
38 325
38 326
38 327
38 328
38 329
38 332
38 333
38 334
38 335
38 398
38 530
38 533
39 42
40 144
40 369
40 428
40 439
40 441
41 61
41 382
42 115
42 492
43 63
43 149
44 55
44 60
44 64
44 149
44 341
44 348
44 351
44 353
44 354
44 356
44 357
44 358
44 362
44 422
44 424
44 430
44 434
44 444
45 48
45 409
46 407
47 54
47 410
48 54
48 58
48 60
48 120
48 343
48 344
48 348
48 349
48 353
48 356
48 357
48 410
48 413
49 448
50 51
50 143
50 445
51 55
51 60
51 147
51 341
51 345
51 348
51 353
51 354
51 355
51 359
51 362
51 363
52 105
52 191
52 198
53 139
53 348
54 56
54 341
54 344
54 346
54 348
54 353
54 410
54 434
55 56
55 58
55 60
55 61
55 64
55 120
55 129
55 341
55 348
55 353
55 354
55 356
55 357
55 358
55 359
55 362
55 363
55 412
55 413
55 421
55 423
55 445
56 348
56 353
57 65
58 60
58 61
58 120
58 348
58 353
58 356
58 357
58 413
59 121
60 61
60 63
60 64
60 66
60 120
60 312
60 341
60 345
60 348
60 353
60 354
60 356
60 358
60 359
60 362
60 363
60 413
60 421
60 445
61 64
61 143
61 341
61 348
61 353
61 354
61 356
61 358
61 359
61 362
61 363
61 413
61 421
61 445
61 583
62 352
62 360
63 67
64 120
64 121
64 341
64 348
64 353
64 354
64 356
64 357
64 358
64 359
64 362
64 363
64 413
64 414
64 423
65 121
65 149
65 358
66 289
67 87
68 140
69 131
70 375
71 331
72 445
73 80
73 597
74 82
74 375
74 421
75 82
75 585
76 297
76 593
77 185
77 470
78 82
79 434
81 340
82 372
82 374
82 375
82 421
82 447
84 482
85 283
86 352
86 484
88 91
88 337
88 338
88 381
89 91
89 381
90 591
91 337
91 382
92 112
93 384
94 102
95 103
95 490
96 135
96 372
97 282
98 205
98 282
98 487
99 298
100 189
100 498
100 562
101 172
102 282
103 109
103 395
103 397
104 192
104 193
104 200
104 215
105 109
105 394
106 395
107 108
107 111
107 221
107 304
107 305
107 321
107 322
107 326
107 329
107 332
107 335
107 384
107 393
107 394
107 396
107 398
107 411
107 530
108 111
108 303
108 304
108 393
108 398
109 117
109 394
109 395
109 396
109 530
110 111
110 321
110 385
110 394
110 395
110 396
110 398
110 400
110 401
111 118
111 221
111 301
111 393
111 396
111 398
111 411
112 130
112 131
112 419
112 501
113 491
114 194
115 396
115 492
116 396
116 408
116 491
116 492
117 396
117 400
118 348
119 120
119 121
119 221
119 223
119 357
119 412
119 413
119 451
120 121
120 129
120 221
120 348
120 353
120 354
120 356
120 357
120 401
120 412
120 413
120 423
121 221
121 412
121 413
121 414
122 261
123 192
123 202
123 211
123 214
124 209
124 212
124 537
125 209
126 482
127 421
128 208
129 131
129 225
129 357
129 407
129 413
129 421
129 451
129 501
130 131
130 407
130 491
131 357
131 407
131 451
131 490
131 491
132 347
133 426
134 149
134 430
135 599
136 156
136 458
137 407
138 276
140 373
140 407
140 446
140 504
141 200
142 428
143 220
143 225
143 354
143 443
143 445
145 220
145 221
145 286
145 287
145 302
145 322
145 323
145 329
145 332
145 335
145 445
146 186
146 358
146 362
148 437
149 430
149 437
149 458
150 267
151 166
151 199
152 157
152 261
152 270
152 277
153 219
153 228
153 232
153 254
153 255
153 256
153 259
153 263
153 264
153 265
153 269
153 270
153 271
153 273
153 274
154 164
154 197
154 198
154 209
154 210
154 211
154 212
154 216
154 231
154 512
154 513
154 515
155 202
155 214
155 215
155 218
157 269
157 270
157 273
157 274
157 277
157 300
158 369
159 160
160 590
161 199
162 462
162 599
163 463
164 196
164 209
164 211
164 212
164 219
164 272
164 279
164 280
165 426
167 276
168 170
168 475
169 274
170 247
170 258
170 268
170 271
171 368
172 248
172 478
173 251
173 306
174 270
174 275
175 178
176 182
177 179
177 480
178 183
178 247
178 255
178 271
179 483
180 291
180 367
181 483
182 206
182 209
182 212
182 231
182 256
184 301
186 257
186 294
186 302
186 598
187 198
188 399
188 534
189 230
189 234
189 521
189 562
190 514
191 514
192 193
192 200
192 202
192 211
192 214
192 215
193 198
193 200
193 203
193 204
193 215
194 394
195 196
195 217
195 231
196 206
196 211
196 216
196 234
196 266
196 271
197 198
197 215
197 218
197 279
197 280
198 199
198 200
198 201
198 202
198 203
198 204
199 298
200 202
200 203
200 204
200 215
200 276
200 505
200 599
201 202
201 204
202 204
202 214
202 215
203 204
204 215
204 290
206 207
206 216
206 217
206 229
206 231
206 256
206 265
206 271
208 209
208 210
208 295
208 435
208 459
208 494
208 510
208 512
208 513
209 210
209 211
209 212
209 231
209 383
209 512
211 212
211 214
211 216
211 231
211 512
211 513
212 512
212 513
213 232
214 267
215 279
216 217
216 231
216 509
217 219
217 231
217 256
217 265
217 271
219 231
219 254
219 263
219 265
219 269
219 271
219 272
219 273
219 274
219 278
219 279
220 221
220 222
220 225
220 286
220 287
220 320
220 322
220 323
220 325
220 327
220 328
220 329
220 332
220 333
220 334
220 335
220 397
220 443
220 445
220 529
220 533
221 223
221 287
221 305
221 321
221 322
221 323
221 324
221 326
221 328
221 329
221 332
221 333
221 334
221 335
221 397
221 398
221 411
221 413
221 445
222 224
222 225
222 240
222 287
222 372
222 421
222 445
222 447
222 529
222 532
222 533
222 536
222 553
223 397
223 533
225 287
225 443
225 445
225 529
226 227
226 240
226 345
226 535
226 553
227 240
227 535
227 536
227 553
228 229
228 245
228 254
228 255
228 256
228 259
228 261
228 264
228 265
228 268
228 269
228 271
228 574
229 230
229 259
229 265
229 271
229 511
229 542
229 581
230 234
230 282
230 468
230 489
230 511
230 527
230 540
230 542
230 557
230 562
230 580
230 581
231 254
231 256
231 265
231 273
231 274
231 512
232 250
232 252
232 254
232 256
232 265
232 268
232 269
232 273
233 458
234 266
234 511
234 581
235 478
235 546
236 547
237 240
237 535
237 553
237 558
238 239
238 547
238 549
238 573
239 548
239 554
240 532
240 535
240 536
240 552
240 553
241 244
241 552
242 552
243 246
244 478
244 521
244 551
246 535
247 252
247 255
247 268
247 271
247 274
248 478
248 556
249 252
250 252
250 254
250 268
250 563
250 574
251 316
252 255
252 268
252 269
252 270
252 272
252 273
252 274
252 277
253 563
254 256
254 263
254 265
254 268
254 269
254 272
254 273
254 274
255 256
255 263
255 268
255 269
255 270
255 274
255 300
256 259
256 263
256 265
256 268
256 269
256 271
256 273
256 274
257 281
259 265
259 271
260 299
260 589
260 590
261 262
261 263
261 270
261 274
261 277
261 296
261 300
262 263
262 268
262 269
262 270
262 272
262 274
262 278
263 264
263 265
263 269
263 270
263 273
263 274
263 300
264 274
265 269
265 271
265 273
265 274
268 269
268 270
268 271
268 272
268 273
268 274
268 277
268 574
269 270
269 271
269 272
269 273
269 274
270 274
270 277
270 300
271 274
272 273
272 274
272 278
273 274
274 277
274 278
277 278
278 279
278 280
279 280
283 371
283 506
283 562
285 286
285 582
285 584
286 287
286 322
286 323
286 325
286 327
286 332
287 323
287 328
287 329
287 335
287 397
287 445
287 529
287 533
288 585
289 587
292 367
293 591
302 304
302 322
303 304
303 308
303 322
304 305
304 308
304 319
304 322
304 324
304 335
304 393
304 398
305 320
305 322
305 323
305 324
305 329
305 332
305 333
305 335
305 393
305 398
306 313
307 471
308 386
309 579
310 399
311 359
312 318
312 339
313 318
314 379
315 319
317 319
317 388
318 319
318 331
319 326
319 389
319 393
319 398
320 322
320 323
320 324
320 328
320 329
320 332
320 333
320 334
320 335
321 398
321 401
322 323
322 329
322 332
322 333
322 335
322 398
323 325
323 327
323 328
323 329
323 332
323 333
323 334
323 335
323 533
324 326
324 329
324 332
324 333
324 334
324 335
325 327
325 328
325 332
325 443
326 329
326 393
326 398
327 328
327 329
327 330
327 332
327 334
327 335
328 329
328 330
328 332
328 333
328 334
328 335
328 533
329 331
329 332
329 333
329 334
329 335
329 411
329 533
330 332
330 333
330 334
330 412
332 333
332 334
332 335
332 398
333 334
333 335
333 533
334 335
334 336
334 533
335 398
335 533
337 380
337 406
338 373
338 405
338 434
339 448
340 343
341 344
341 345
341 348
341 353
341 354
341 356
341 357
341 358
341 359
341 362
341 363
341 421
341 422
341 434
341 440
341 444
342 343
343 406
343 491
344 346
344 348
344 349
344 353
344 373
344 410
344 434
345 354
345 421
345 444
345 447
346 349
346 353
346 410
347 356
347 413
347 434
348 351
348 353
348 354
348 356
348 357
348 358
348 359
348 362
348 413
348 421
348 423
348 444
348 451
349 407
349 410
350 401
350 416
351 353
353 354
353 356
353 357
353 358
353 359
353 362
353 363
353 413
353 414
353 421
353 423
354 356
354 357
354 358
354 359
354 362
354 363
354 413
354 421
354 423
354 445
356 357
356 358
356 359
356 362
356 363
356 413
356 414
356 451
357 358
357 401
357 412
357 413
357 423
357 445
357 451
358 359
358 362
358 363
358 413
358 421
358 444
358 445
358 447
359 362
359 363
359 413
359 414
359 421
359 445
361 386
362 363
362 413
362 421
362 444
362 447
363 413
364 591
364 593
365 532
366 372
367 369
367 450
368 453
368 545
370 428
372 421
373 434
373 438
374 375
374 421
374 447
375 421
375 422
376 434
377 403
377 406
378 380
379 403
380 406
387 579
387 592
390 391
390 467
390 489
390 521
390 551
391 489
391 521
392 397
393 394
393 395
393 396
393 398
393 411
393 530
394 395
394 396
394 398
394 400
394 408
394 530
395 396
395 530
396 398
396 400
396 408
396 411
396 492
396 530
397 529
397 533
398 400
398 411
398 530
399 514
399 534
400 530
401 412
402 511
404 534
406 419
406 491
407 420
407 433
407 436
407 491
407 501
407 504
408 492
411 413
412 413
412 423
412 443
412 445
412 451
413 414
413 423
413 445
413 451
415 539
415 596
417 496
417 513
417 514
417 515
418 545
418 600
419 491
421 423
421 444
421 445
421 447
421 451
421 553
422 423
422 424
422 430
422 434
423 451
425 505
425 516
426 429
426 455
426 469
426 538
427 488
427 502
428 438
430 432
430 434
431 440
432 434
432 458
432 518
434 461
435 450
435 459
435 460
435 494
435 496
435 501
435 510
435 514
435 515
437 458
442 467
442 498
442 503
442 515
442 517
443 445
444 447
445 447
449 520
450 510
450 599
451 490
452 465
452 489
452 499
452 517
452 527
453 520
453 545
453 562
454 485
454 489
454 493
454 497
454 498
454 503
454 511
454 512
454 513
454 515
454 519
454 524
454 527
454 542
454 562
454 564
454 571
454 581
456 458
457 599
458 518
459 494
459 500
459 501
459 510
459 514
460 501
463 561
464 562
465 517
465 519
465 527
465 540
466 570
467 489
467 493
467 495
467 498
467 503
467 519
467 521
467 562
470 471
471 475
472 475
473 556
474 501
476 477
476 566
478 551
478 556
479 573
481 484
481 522
482 483
483 485
484 486
485 493
485 507
485 511
485 512
485 513
485 515
485 542
485 562
485 567
485 594
486 488
487 586
488 588
489 493
489 495
489 498
489 511
489 519
489 521
489 522
489 527
489 540
489 542
489 551
489 562
489 564
489 581
489 594
490 491
491 492
493 495
493 507
493 511
493 512
493 513
493 515
493 519
493 542
493 564
494 496
494 501
494 510
494 512
494 513
494 514
494 515
495 521
496 510
496 514
496 515
497 542
498 503
498 515
498 562
498 594
499 517
501 504
501 510
501 514
503 515
503 517
503 519
504 505
505 516
507 508
507 511
507 512
507 513
507 542
508 511
508 581
510 514
511 521
511 527
511 540
511 542
511 562
511 564
511 565
511 581
511 594
512 513
512 515
512 541
512 542
512 571
513 515
513 542
513 571
515 524
515 571
517 519
517 524
519 522
519 524
519 527
519 540
519 564
519 581
520 543
520 545
520 561
521 527
521 551
521 562
521 564
523 526
525 526
525 564
527 540
527 557
527 559
527 562
527 564
527 565
527 581
528 575
529 532
529 533
529 536
529 553
531 534
532 533
532 536
532 553
533 553
535 536
535 553
536 553
538 590
539 595
539 596
539 600
540 542
540 557
540 564
540 565
540 581
540 592
541 544
542 562
542 564
542 581
542 594
547 550
547 560
547 573
548 550
548 556
551 562
555 584
556 557
557 581
560 573
562 581
562 594
564 581
565 581
566 568
566 574
566 576
569 574
570 572
570 575
570 576
576 577
578 597
582 584
583 584
589 590
589 591
595 596
596 597
