600 1797

1 2
1 289
1 291
1 586
1 587
2 301
3 5
3 6
3 18
3 20
3 21
3 98
3 102
3 303
3 304
3 317
4 5
4 20
4 21
4 22
4 32
4 36
4 38
4 103
4 105
4 106
4 144
4 146
4 221
4 302
4 304
4 305
4 323
4 324
4 328
4 329
4 333
4 335
4 388
4 389
4 432
4 530
4 600
5 18
5 20
5 21
5 105
5 304
5 305
5 323
5 335
6 18
7 14
7 16
7 29
7 308
7 309
8 11
8 18
8 98
8 303
8 320
8 336
9 269
10 29
11 18
11 20
11 21
11 103
11 105
11 303
11 320
11 336
12 16
12 18
12 303
12 315
12 319
13 479
15 316
15 511
16 319
17 19
18 20
18 21
18 98
18 103
18 301
18 303
18 304
18 317
18 319
18 336
19 318
20 21
20 103
20 105
20 301
20 303
20 304
20 305
20 317
20 319
20 320
21 27
21 30
21 32
21 35
21 36
21 37
21 38
21 98
21 102
21 103
21 105
21 106
21 221
21 304
21 305
21 320
21 323
21 324
21 326
21 329
21 333
21 334
21 335
21 388
21 389
22 146
22 221
22 322
22 323
22 325
22 328
22 332
22 335
23 24
23 25
23 27
23 28
23 30
23 31
23 32
23 34
23 36
23 38
23 323
23 324
23 327
23 329
23 331
23 333
24 27
24 326
25 327
26 36
26 221
27 30
27 31
27 32
27 35
27 36
27 37
27 38
27 221
27 323
27 324
27 326
27 329
27 331
27 333
27 334
28 30
28 31
28 32
28 34
28 35
28 36
28 38
28 143
28 221
28 323
28 324
28 327
28 328
28 329
28 331
28 333
30 31
30 32
30 33
30 34
30 35
30 36
30 37
30 38
30 105
30 221
30 305
30 323
30 324
30 326
30 327
30 328
30 329
30 331
30 333
30 335
31 32
31 33
31 34
31 35
31 36
31 38
31 221
31 323
31 324
31 326
31 328
31 329
31 330
31 331
31 333
32 33
32 34
32 35
32 36
32 37
32 38
32 105
32 221
32 323
32 324
32 326
32 327
32 328
32 329
32 331
32 333
32 334
32 335
33 35
33 36
33 37
33 38
33 221
33 323
33 324
33 326
33 328
33 329
33 331
33 333
33 334
34 36
34 284
34 323
34 327
34 329
34 332
35 36
35 37
35 38
35 221
35 323
35 324
35 326
35 328
35 329
35 330
35 331
35 333
35 334
35 335
36 37
36 38
36 103
36 105
36 106
36 123
36 221
36 305
36 323
36 324
36 326
36 328
36 329
36 331
36 333
36 334
36 335
36 388
37 38
37 106
37 221
37 323
37 324
37 326
37 329
37 331
37 333
37 334
37 335
38 103
38 105
38 106
38 123
38 221
38 305
38 323
38 324
38 326
38 328
38 329
38 330
38 331
38 333
38 334
38 335
39 42
39 89
39 343
40 49
40 58
40 150
40 440
41 42
41 43
41 45
41 46
41 48
41 342
41 343
41 346
42 45
42 46
42 340
42 342
42 343
42 347
43 48
43 91
44 58
44 371
45 46
45 48
45 52
45 54
45 342
45 343
45 346
45 349
46 48
46 52
46 54
46 342
46 343
46 344
46 346
47 115
47 407
48 52
48 54
48 343
48 346
48 349
49 152
50 146
50 147
50 156
50 165
50 445
50 530
51 63
51 345
52 54
53 118
54 344
54 346
54 349
55 95
55 96
55 113
55 116
55 120
56 60
56 64
56 348
56 413
57 61
57 124
57 341
58 61
58 82
58 341
58 353
58 354
58 356
58 372
59 67
59 412
59 414
59 447
59 497
60 64
60 410
61 125
61 353
61 359
61 413
61 414
61 418
61 421
61 440
62 66
64 410
64 413
65 357
66 67
67 351
67 359
67 414
68 77
68 134
68 138
68 140
68 380
68 448
69 70
69 72
69 135
69 366
70 72
70 77
70 135
70 297
70 366
70 368
71 596
72 135
72 293
73 79
74 76
74 77
74 369
74 370
74 372
74 421
75 91
76 77
76 297
76 370
76 596
76 598
77 136
77 140
77 368
78 441
79 88
79 137
80 84
80 86
80 87
80 373
80 377
81 85
82 127
82 341
82 353
82 372
82 440
83 88
83 130
83 377
83 403
84 85
84 86
84 87
84 376
84 377
84 378
85 86
85 88
85 376
85 377
85 378
86 87
86 88
86 376
86 377
86 378
86 381
87 88
87 374
87 376
87 377
87 381
88 376
88 377
88 378
88 381
90 296
91 338
92 93
92 95
92 115
93 117
94 118
94 411
95 96
95 113
95 115
95 116
95 118
95 120
95 194
96 112
96 113
96 114
96 130
96 385
97 99
98 303
98 317
98 336
99 282
99 595
100 101
100 106
100 110
100 119
100 120
100 283
100 321
100 530
101 120
102 106
102 303
102 320
102 336
103 105
103 144
103 301
104 391
105 106
105 123
105 144
105 221
105 301
105 304
105 305
105 317
105 320
105 321
105 323
105 324
105 326
105 329
105 333
105 335
105 388
105 389
105 530
106 146
106 221
106 320
106 333
106 334
106 335
106 388
106 392
106 530
107 397
107 489
107 520
108 111
108 192
108 198
108 211
108 231
109 209
109 212
109 493
109 542
110 283
110 530
111 192
111 211
111 231
111 511
112 114
112 129
112 130
112 131
112 132
112 141
112 181
112 403
112 423
112 429
112 459
113 115
113 116
113 120
114 131
114 132
114 141
114 188
114 190
114 280
114 429
114 457
114 459
114 491
115 116
116 118
116 408
116 436
119 120
119 121
119 147
119 156
119 196
119 283
119 286
119 399
119 497
119 534
119 584
120 121
120 196
120 395
120 400
122 125
122 150
122 357
122 418
122 446
123 324
123 329
123 417
125 150
125 359
125 418
125 421
125 440
125 446
126 130
127 353
127 440
127 599
128 262
128 264
128 267
128 281
128 299
128 300
129 134
129 149
129 406
129 420
129 421
129 422
129 423
129 429
129 430
130 132
130 374
130 403
130 423
130 459
130 462
131 141
131 190
131 457
131 458
131 490
131 595
132 370
132 374
132 403
132 423
132 429
132 430
132 459
132 462
132 482
133 462
133 469
134 136
134 422
134 429
134 430
135 366
136 159
136 428
136 429
136 432
136 456
136 458
139 173
140 141
140 380
141 158
141 159
141 190
141 199
141 364
141 428
141 458
141 459
141 462
141 490
141 491
142 596
142 600
144 335
145 147
146 156
146 221
146 335
146 445
146 530
147 156
147 196
147 286
147 529
147 584
148 158
148 159
148 163
149 420
149 421
149 422
149 430
149 451
150 357
150 418
150 440
150 446
151 446
153 272
154 218
155 452
156 157
156 167
156 196
156 497
156 515
157 167
157 467
157 515
158 159
158 164
158 254
158 428
158 455
158 464
159 162
159 428
159 455
159 456
160 162
161 458
162 462
163 575
164 464
166 167
166 172
166 470
166 471
167 197
167 459
167 462
167 467
167 515
168 475
169 249
169 472
169 477
170 243
170 247
170 256
170 258
170 476
170 567
171 523
172 251
172 286
172 584
173 174
173 479
175 177
175 484
176 206
177 179
177 482
177 484
178 183
178 206
178 208
178 242
178 255
178 259
178 263
178 266
178 267
178 269
178 270
178 278
178 281
178 296
178 508
178 541
178 566
178 571
180 423
182 211
182 231
182 265
183 242
183 255
183 266
183 566
184 289
184 487
184 586
185 284
186 292
186 426
186 427
187 244
189 211
190 457
190 490
190 510
190 600
191 514
192 198
192 211
192 231
192 241
192 244
192 246
192 265
192 511
193 201
194 200
194 201
195 196
196 497
197 218
197 233
198 202
198 211
199 280
199 459
200 201
200 202
201 202
203 215
203 278
203 281
203 295
203 296
203 299
204 309
205 506
206 207
206 208
206 214
206 259
206 270
206 509
207 507
208 209
208 214
208 255
208 256
208 259
208 263
208 264
208 265
208 266
208 267
208 268
208 269
208 270
208 273
208 508
208 509
208 512
208 513
208 541
208 572
209 210
209 231
209 265
209 271
209 512
209 513
209 542
210 513
211 231
211 241
211 244
211 265
211 511
213 234
213 471
213 545
213 581
214 259
214 263
214 267
214 268
214 270
214 273
215 258
215 262
215 263
215 266
215 269
215 270
215 281
216 273
217 525
219 272
219 306
220 232
220 237
220 238
220 283
220 285
220 286
220 287
220 291
220 529
220 583
220 584
221 305
221 320
221 323
221 324
221 326
221 328
221 329
221 330
221 331
221 333
221 334
221 335
221 388
221 389
221 530
222 223
222 224
222 239
222 245
222 532
222 533
222 553
223 224
223 397
223 531
223 533
224 239
224 245
224 532
225 533
226 253
226 535
227 514
227 536
227 537
227 587
228 262
229 232
229 238
229 246
229 274
229 549
229 581
230 232
231 241
231 265
231 511
231 513
232 237
232 238
232 248
232 291
232 584
233 234
235 455
236 286
236 547
237 285
237 286
237 287
237 529
237 583
237 584
238 246
240 243
240 245
240 246
240 256
240 265
240 273
241 244
241 265
241 551
241 555
242 262
242 263
242 266
242 269
242 300
242 438
242 508
242 541
242 552
242 566
242 572
242 573
242 574
243 244
243 245
243 246
243 256
243 265
243 273
243 551
243 554
243 567
244 551
245 246
245 256
245 265
245 273
245 532
245 553
245 554
245 567
246 256
246 265
246 553
247 556
247 560
248 478
248 556
248 558
250 252
252 508
252 579
253 254
253 462
253 563
254 463
254 464
255 258
255 259
255 262
255 263
255 266
255 267
255 269
255 270
255 281
255 566
256 258
256 259
256 263
256 265
256 268
256 269
256 270
256 273
256 567
257 260
258 259
258 262
258 263
258 266
258 269
258 270
258 295
258 296
259 263
259 265
259 266
259 268
259 269
259 270
259 278
259 295
259 296
259 512
259 513
260 261
260 299
262 263
262 269
262 270
262 299
262 300
262 566
263 264
263 265
263 266
263 268
263 269
263 270
263 281
263 566
265 269
265 273
265 513
265 542
265 552
265 567
266 267
266 269
266 270
266 278
266 281
266 295
266 296
266 566
267 268
267 270
267 281
267 566
268 269
268 270
268 508
268 541
269 270
269 281
269 296
270 276
270 278
270 281
270 508
275 575
277 576
278 279
278 281
278 295
278 296
278 577
280 457
280 459
281 295
281 296
281 299
283 584
284 582
285 286
285 287
285 328
285 332
285 583
285 584
286 583
286 584
287 529
287 583
287 584
288 289
288 585
288 586
289 291
289 585
289 586
290 587
291 586
294 368
295 296
295 299
295 512
295 577
296 299
297 368
297 596
297 598
298 299
298 300
299 300
299 589
300 594
300 597
301 304
302 322
302 335
302 388
303 304
303 317
303 319
303 320
303 336
304 305
304 308
304 317
304 319
304 320
304 336
305 320
305 323
305 324
305 326
305 329
305 333
305 335
305 388
305 389
306 309
306 315
307 315
308 309
308 312
310 311
310 314
311 317
313 316
313 318
315 319
317 319
317 320
317 336
317 388
317 389
319 320
319 336
320 334
320 335
320 336
320 388
320 389
321 388
321 389
321 391
322 328
322 332
322 335
322 530
323 324
323 326
323 327
323 328
323 329
323 331
323 332
323 333
323 334
323 335
323 389
324 326
324 328
324 329
324 331
324 333
324 334
324 335
324 389
324 417
326 328
326 329
326 331
326 333
326 334
326 335
327 329
328 329
328 330
328 331
328 332
328 333
328 335
328 530
329 330
329 331
329 333
329 334
329 335
330 331
330 333
331 333
331 334
332 335
332 388
332 530
332 583
333 334
333 335
333 388
333 530
334 335
335 388
335 389
335 530
337 340
337 342
337 343
337 344
337 347
339 341
340 342
340 343
340 347
341 344
341 346
341 348
341 349
341 353
342 343
342 344
342 346
342 347
342 349
343 344
343 346
343 347
343 349
344 346
344 347
344 348
344 349
344 353
344 409
345 352
345 358
345 362
346 347
346 349
347 375
348 353
348 359
348 409
348 410
348 413
350 357
351 363
351 414
351 420
351 450
352 358
352 360
352 361
352 362
353 354
353 359
353 413
353 440
354 355
354 356
355 356
355 382
357 418
358 360
358 361
358 362
359 413
359 414
359 418
359 421
359 440
360 361
360 362
361 362
361 363
364 370
364 428
364 437
364 442
364 458
365 368
365 380
365 426
367 374
368 370
368 596
368 598
369 372
369 421
370 374
370 420
370 422
370 429
370 430
370 458
370 598
372 421
372 440
374 377
374 403
374 422
374 430
376 377
376 378
377 378
377 483
379 599
380 381
380 448
380 588
383 487
384 495
384 562
386 398
387 595
388 389
388 530
389 530
389 580
390 394
390 395
390 408
393 395
393 498
393 515
393 520
394 492
394 493
394 495
394 496
394 501
394 519
394 521
395 397
395 399
395 400
395 401
395 515
396 398
396 407
396 408
397 399
397 401
397 489
397 515
397 533
397 534
397 546
398 411
399 530
399 534
400 401
400 497
402 453
402 490
402 510
402 594
403 404
403 405
403 406
403 422
403 423
403 424
403 429
403 430
403 462
404 406
404 423
404 424
406 422
406 423
406 424
407 408
408 436
409 410
409 411
412 417
412 444
412 447
412 497
412 580
415 416
416 417
418 421
418 440
418 446
418 450
419 595
420 421
420 422
420 434
420 444
420 450
420 451
420 599
421 422
421 424
421 433
421 440
422 424
422 429
422 430
422 431
423 424
423 429
423 430
424 451
425 449
425 466
425 468
425 488
425 578
425 594
427 588
428 437
428 442
428 456
428 458
428 459
428 462
429 430
432 456
432 458
432 600
434 458
435 494
435 512
435 517
436 492
436 501
437 442
437 458
437 595
439 547
440 441
440 446
440 450
441 450
442 458
443 487
444 447
444 451
444 599
447 451
449 578
449 600
450 451
450 599
452 497
453 510
453 594
454 467
454 516
455 464
455 465
455 529
456 458
457 459
458 596
458 599
459 462
459 491
460 474
460 501
460 503
460 523
460 524
460 525
460 527
461 468
461 488
461 517
461 539
461 541
461 565
461 571
461 574
461 576
461 577
461 594
461 597
463 464
463 526
464 467
464 515
467 515
468 488
468 517
468 594
468 597
471 475
472 485
473 474
474 503
474 504
479 562
480 483
481 566
485 509
486 562
487 586
488 539
488 566
488 574
488 594
488 597
489 520
489 533
489 545
489 581
490 510
490 514
490 600
492 494
492 496
492 501
493 495
493 500
493 502
493 509
493 511
493 512
493 513
493 519
493 521
493 532
493 542
493 552
494 496
494 499
495 502
495 511
495 521
495 542
495 544
497 580
498 515
498 520
498 545
500 512
500 513
500 517
500 539
500 540
500 541
500 569
500 571
500 573
500 577
501 503
501 521
502 503
502 511
502 519
502 521
503 519
503 521
505 517
506 586
508 541
509 512
509 513
509 542
509 567
509 569
509 573
510 600
511 521
511 522
511 542
511 555
512 513
512 542
512 552
512 571
512 573
513 541
513 542
513 552
513 554
513 573
515 520
517 528
517 577
518 543
519 521
519 542
520 545
520 581
521 527
521 542
521 555
523 525
524 527
525 527
525 543
529 530
529 583
529 584
531 532
531 555
532 533
532 540
532 542
532 548
532 552
532 553
532 554
533 549
536 537
537 565
538 557
539 540
539 541
539 566
539 571
539 574
539 597
540 541
540 542
540 552
540 553
540 569
540 573
541 552
541 566
541 569
541 570
541 571
541 572
541 573
541 574
541 576
541 577
542 543
542 544
542 552
542 553
542 554
542 555
542 559
542 560
542 569
542 573
543 544
543 557
544 557
544 560
545 581
549 553
549 581
550 587
551 554
551 555
552 554
552 573
553 567
554 555
554 567
556 560
557 560
557 561
560 567
564 571
565 592
565 597
565 600
566 571
566 573
566 574
566 576
568 571
569 571
569 573
570 573
570 574
571 573
571 577
571 594
572 573
573 574
573 577
574 576
574 597
576 577
582 584
583 584
585 586
588 596
590 592
591 593
592 593
592 596
593 598
594 597
596 598
596 600
597 600
598 599
