600 1797

1 4
1 20
1 21
1 22
1 23
1 27
1 30
1 31
1 33
1 38
1 287
1 302
1 320
1 322
1 323
1 328
1 329
1 333
2 108
3 6
3 304
3 593
4 5
4 19
4 20
4 21
4 22
4 23
4 24
4 27
4 28
4 30
4 31
4 33
4 38
4 302
4 304
4 305
4 319
4 320
4 322
4 323
4 324
4 329
5 19
5 20
5 21
5 24
5 304
5 305
5 308
5 319
5 323
5 324
7 9
7 10
8 472
10 477
11 462
12 94
12 319
13 309
14 29
14 312
15 16
15 309
15 315
16 304
16 315
17 19
17 29
17 316
18 20
18 319
19 21
19 24
19 37
19 305
19 323
19 324
19 329
20 21
20 98
20 101
20 302
20 304
20 305
20 319
21 22
21 23
21 27
21 28
21 30
21 31
21 33
21 34
21 35
21 36
21 37
21 38
21 302
21 320
21 323
21 324
21 327
21 328
21 329
21 332
21 333
21 334
21 335
21 336
22 23
22 27
22 28
22 30
22 31
22 33
22 34
22 36
22 38
22 302
22 320
22 322
22 323
22 324
22 327
22 329
22 332
22 333
23 27
23 28
23 30
23 31
23 32
23 33
23 35
23 36
23 37
23 38
23 320
23 323
23 324
23 327
23 328
23 329
23 332
23 333
23 334
23 335
24 304
24 305
24 324
24 326
25 30
25 284
26 28
26 32
26 35
26 43
26 73
26 80
26 138
26 318
26 331
26 359
26 431
27 28
27 30
27 31
27 32
27 33
27 34
27 35
27 36
27 37
27 38
27 320
27 323
27 324
27 327
27 328
27 329
27 332
27 333
27 335
28 30
28 31
28 33
28 34
28 35
28 36
28 37
28 38
28 320
28 322
28 323
28 324
28 327
28 329
28 332
28 333
29 312
30 31
30 32
30 33
30 34
30 35
30 36
30 37
30 38
30 320
30 323
30 324
30 327
30 328
30 329
30 331
30 332
30 333
30 334
30 335
30 336
31 32
31 33
31 34
31 35
31 36
31 37
31 38
31 320
31 323
31 324
31 327
31 328
31 329
31 332
31 333
31 334
31 335
32 35
32 37
32 38
32 80
32 318
32 328
32 329
32 331
32 332
32 333
33 34
33 35
33 36
33 37
33 38
33 320
33 323
33 324
33 327
33 328
33 329
33 332
33 333
33 334
33 335
34 36
34 38
34 327
34 329
34 332
34 333
35 36
35 37
35 38
35 318
35 320
35 323
35 328
35 329
35 331
35 332
35 333
36 37
36 38
36 320
36 323
36 324
36 327
36 328
36 329
36 332
36 333
36 334
36 335
37 38
37 318
37 320
37 323
37 324
37 327
37 328
37 329
37 332
37 333
37 334
37 335
37 336
38 320
38 323
38 324
38 327
38 328
38 329
38 332
38 333
38 334
38 335
38 336
39 88
39 90
39 114
39 115
39 191
39 194
39 350
39 393
40 142
40 144
40 441
41 43
41 45
41 73
41 84
41 86
41 87
41 89
41 91
41 126
41 338
41 377
41 378
41 380
41 381
41 382
41 429
41 434
42 46
42 48
42 54
42 347
43 45
43 73
43 80
43 87
43 91
43 126
43 138
43 141
43 339
43 342
43 343
43 374
43 377
43 382
43 434
43 436
44 55
44 60
44 63
44 64
44 149
44 341
44 414
45 86
45 87
45 91
45 338
45 377
45 378
45 382
45 434
46 47
46 48
46 54
46 56
46 346
46 347
47 53
47 54
47 55
47 56
47 60
47 348
48 53
48 54
48 56
48 347
49 149
50 59
51 61
51 144
51 345
52 57
52 123
53 54
53 60
53 351
53 487
54 56
55 60
55 64
55 118
55 120
55 146
55 149
55 413
56 60
57 65
57 117
57 357
58 60
58 61
58 353
58 359
59 62
60 61
60 64
60 149
60 348
60 353
61 73
61 149
61 345
61 353
61 354
61 355
61 359
62 352
62 360
63 412
64 75
64 78
64 82
64 120
64 129
64 138
64 149
64 414
64 421
65 357
66 67
66 363
67 351
67 363
68 81
68 420
68 422
69 79
69 366
69 370
70 77
70 372
71 72
71 77
71 297
72 77
73 80
73 84
73 86
73 87
73 89
73 91
73 126
73 137
73 138
73 140
73 359
73 373
73 374
73 382
73 431
74 78
75 438
76 300
76 426
77 368
78 82
79 81
80 81
80 82
80 84
80 133
80 137
80 138
80 140
80 318
80 373
80 374
80 376
80 421
80 430
80 431
80 436
81 83
81 84
81 376
81 420
82 129
82 342
82 343
82 421
82 430
83 447
84 86
84 87
84 89
84 91
84 373
84 374
84 376
84 377
84 380
84 381
84 382
85 88
85 130
85 337
85 379
86 87
86 89
86 91
86 126
86 377
86 378
86 380
86 381
86 382
87 88
87 89
87 91
87 126
87 377
87 378
87 380
87 381
87 382
88 89
88 90
88 126
88 130
88 337
88 380
88 405
89 90
89 91
89 130
89 337
89 377
89 380
89 381
89 382
90 126
90 130
90 337
90 380
90 405
91 377
91 378
91 380
91 381
91 382
92 115
93 187
95 386
96 97
96 99
96 296
99 298
100 106
100 283
100 321
100 389
100 391
100 392
100 397
101 103
101 107
102 104
103 104
103 108
103 189
103 192
104 106
104 108
104 110
104 114
104 124
104 189
104 191
104 192
104 194
104 393
104 395
105 106
105 108
105 110
105 397
106 108
106 110
106 111
106 115
106 119
106 124
106 179
106 189
106 191
106 194
106 283
106 321
106 395
106 397
107 108
108 110
108 111
108 124
108 189
108 191
108 192
108 194
108 395
108 400
109 193
110 111
110 115
110 119
110 124
110 191
110 194
110 395
110 397
110 401
111 121
111 194
112 113
112 130
113 114
113 131
113 150
113 424
114 115
114 116
114 124
114 191
114 194
114 393
115 397
115 401
115 406
116 191
116 350
116 404
116 407
116 409
117 118
119 121
119 399
119 412
119 534
120 412
120 413
122 161
123 124
124 189
124 191
124 192
124 194
124 204
124 215
124 350
124 395
125 196
125 210
125 211
125 213
125 214
126 130
126 339
126 374
126 377
126 378
126 380
126 434
126 436
127 297
127 375
127 422
128 161
128 199
128 279
129 430
129 446
131 446
131 450
131 490
132 135
132 427
134 136
134 150
134 428
134 446
134 456
135 140
136 159
136 160
136 428
137 430
138 140
138 342
138 373
138 421
138 431
138 434
139 433
140 421
140 434
140 451
141 431
141 436
143 145
144 342
144 343
144 345
144 413
144 421
144 431
145 534
147 412
148 155
148 156
148 163
148 185
148 462
149 358
149 446
150 341
150 428
150 446
150 506
151 446
152 199
152 386
153 272
154 198
154 209
154 211
154 212
154 213
154 214
154 217
154 218
154 219
154 231
154 234
154 244
154 251
154 273
154 274
155 156
155 454
155 466
156 157
158 455
161 279
162 576
163 250
163 254
163 267
163 463
164 190
164 210
165 278
166 251
167 198
167 473
168 170
168 198
168 475
169 249
169 472
170 252
171 442
172 558
173 174
173 314
173 479
174 217
174 251
174 314
174 525
174 559
175 180
175 480
175 585
175 586
176 182
177 181
178 183
178 255
181 484
182 209
182 217
182 266
184 451
186 300
187 189
188 194
189 191
189 192
189 194
189 204
189 215
190 210
191 192
191 194
191 204
191 215
191 350
191 393
191 396
191 400
191 407
192 193
192 194
192 210
192 211
194 204
194 350
194 393
194 395
195 234
196 211
196 213
196 214
196 216
196 233
196 234
196 271
197 203
197 210
197 214
197 216
198 270
198 274
198 276
198 475
199 200
199 280
200 278
201 504
202 203
202 214
202 215
203 204
203 214
203 215
204 215
204 419
204 504
205 506
206 209
206 231
206 256
206 265
206 271
206 273
206 520
207 229
207 540
207 553
208 209
208 233
208 265
208 273
209 211
209 212
209 213
209 217
209 218
209 219
209 231
209 244
209 256
209 265
209 266
209 271
209 273
209 467
209 493
211 212
211 213
211 214
211 216
211 217
211 230
211 234
211 244
211 273
211 274
211 489
212 217
212 218
212 219
212 244
212 273
212 274
213 214
213 216
213 217
213 218
213 229
213 230
213 234
213 244
213 256
213 271
213 273
213 274
213 467
213 489
213 511
213 520
214 215
214 216
214 219
214 274
215 425
216 524
217 218
217 231
217 244
217 251
217 256
217 265
217 266
217 271
217 273
217 467
217 493
217 525
218 219
218 251
218 273
219 231
219 244
219 246
219 273
219 274
220 221
220 287
220 335
220 530
221 226
221 530
222 223
222 224
222 228
222 229
222 236
222 237
222 238
222 239
222 240
222 243
222 245
222 246
222 532
222 540
222 547
222 548
222 549
222 550
222 553
222 554
223 224
223 225
223 237
223 245
223 533
223 553
224 225
224 245
225 282
226 535
227 241
227 536
227 537
228 229
228 234
228 236
228 237
228 238
228 239
228 240
228 245
228 262
228 282
228 285
228 291
228 521
228 549
228 553
228 581
228 583
229 230
229 231
229 233
229 234
229 238
229 239
229 240
229 244
229 246
229 265
229 498
229 511
229 520
229 521
229 581
230 234
230 285
230 586
231 234
231 239
231 244
231 251
231 265
231 266
231 271
231 273
231 274
231 465
231 467
231 493
231 498
231 511
231 513
231 516
231 544
231 551
232 268
233 234
234 238
234 239
234 244
234 265
234 271
234 274
234 289
234 291
234 520
234 581
235 236
235 285
235 546
235 583
235 584
236 237
236 238
236 239
236 240
236 245
236 285
236 286
236 291
236 540
236 547
236 548
236 549
236 550
236 553
236 583
236 584
237 238
237 240
237 282
237 284
237 285
237 286
237 287
237 289
237 291
237 529
237 532
237 533
237 540
237 547
237 549
237 553
237 583
237 584
237 586
238 239
238 240
238 245
238 285
238 291
238 547
238 548
238 549
238 550
238 553
238 583
239 240
239 243
239 244
239 245
239 246
239 542
239 548
239 549
239 550
239 553
239 583
240 243
240 245
240 246
240 285
240 291
240 529
240 532
240 540
240 546
240 547
240 548
240 549
240 550
240 553
240 554
240 583
241 551
242 325
242 552
243 246
243 548
243 550
243 552
243 553
243 554
244 246
244 251
244 274
244 548
244 551
245 246
245 298
245 532
245 540
245 547
245 549
245 550
245 553
245 554
246 285
246 529
246 532
246 548
246 553
246 554
246 583
247 255
247 258
248 581
250 252
250 253
250 254
250 463
250 558
250 561
251 266
252 256
252 266
252 268
252 269
252 270
252 271
254 271
254 463
254 558
256 265
256 266
256 270
256 271
256 273
256 493
257 568
257 588
258 263
258 270
259 554
260 261
260 294
261 294
262 298
262 553
264 463
265 266
265 271
265 273
265 467
265 513
265 521
266 267
266 271
266 273
268 269
268 570
269 270
269 275
270 274
271 273
271 274
272 279
273 274
275 563
277 279
280 281
280 459
282 285
282 289
282 291
282 321
282 531
283 391
284 582
284 583
285 286
285 289
285 291
285 529
285 532
285 540
285 547
285 548
285 549
285 582
285 583
285 584
285 586
286 287
286 289
286 291
286 529
286 540
286 547
286 549
286 582
286 583
286 584
286 586
287 529
288 587
289 291
289 583
289 584
289 586
290 579
291 529
291 540
291 547
291 549
291 581
291 582
291 583
291 584
291 586
292 478
293 294
293 598
295 300
295 458
297 571
298 299
301 491
302 305
302 320
302 322
302 323
303 310
303 315
303 317
304 305
304 308
304 315
304 319
305 320
305 323
305 324
306 309
307 336
311 319
313 316
315 319
318 329
318 331
319 388
320 322
320 323
320 324
320 328
320 329
320 330
320 333
320 334
320 335
321 389
321 390
321 395
321 397
321 399
322 324
322 389
323 324
323 327
323 328
323 329
323 332
323 333
323 334
323 335
323 336
324 329
327 328
327 329
327 332
327 333
327 335
328 329
328 330
328 332
328 333
328 334
328 335
328 336
329 331
329 332
329 333
329 334
329 335
329 336
331 333
332 333
332 334
332 335
332 336
333 334
333 335
333 336
334 335
334 336
335 336
335 530
336 580
337 338
337 405
338 378
339 415
340 344
340 346
340 349
341 446
342 343
342 346
344 346
344 349
345 359
346 347
346 349
347 349
350 396
350 398
350 400
350 401
350 405
350 406
350 407
350 409
350 411
350 425
351 352
352 360
353 354
354 363
356 481
357 416
358 416
359 372
359 413
359 431
361 363
362 363
364 434
365 376
367 431
369 372
371 423
372 375
372 421
372 422
373 436
374 376
374 377
374 422
374 434
375 376
375 422
376 422
377 378
377 380
377 381
377 382
377 434
378 379
378 380
378 381
378 434
379 380
380 381
380 382
381 382
383 415
384 408
385 393
385 444
387 539
387 579
387 595
389 390
389 392
389 531
391 417
391 489
392 395
392 397
393 394
393 395
393 396
393 400
393 406
393 407
393 408
393 495
394 396
394 408
394 417
394 492
394 495
395 396
395 397
395 400
396 398
396 400
396 401
396 406
396 407
396 408
397 399
398 400
398 401
398 406
398 411
399 401
399 412
399 534
400 406
400 407
400 409
400 411
401 406
401 411
401 412
401 413
402 419
403 405
403 406
403 407
403 419
404 406
404 407
404 409
405 406
406 407
406 409
406 411
407 409
407 419
408 417
408 491
408 492
408 495
410 411
412 413
412 534
413 420
413 421
413 423
413 433
413 445
415 450
415 599
415 600
416 424
416 534
417 489
417 492
417 495
417 496
417 497
417 501
417 518
418 424
418 449
419 459
419 504
421 422
421 433
422 429
423 424
423 450
423 451
423 491
424 451
424 491
428 456
429 446
430 431
431 440
432 451
432 458
432 490
435 490
437 456
439 443
440 451
442 452
442 467
442 471
442 472
442 474
442 493
442 496
442 501
442 525
443 445
445 451
445 510
445 534
446 451
446 456
448 466
450 451
450 461
450 490
450 510
450 600
451 454
451 490
451 491
451 510
452 453
452 467
452 496
453 465
453 467
453 498
453 513
453 516
453 527
453 544
454 490
454 510
454 515
454 545
455 465
457 577
457 578
458 490
459 469
459 504
460 501
461 466
461 578
463 464
463 558
463 561
465 467
465 498
465 511
465 516
465 528
466 500
467 474
467 493
467 494
467 496
467 498
467 501
467 511
467 513
467 516
467 520
467 527
467 544
468 574
470 477
474 489
474 493
474 496
474 501
474 509
474 511
476 562
477 523
478 556
480 481
480 483
482 483
484 566
485 495
485 496
486 550
488 592
489 495
489 498
489 501
489 511
489 520
489 531
490 491
490 510
491 492
492 495
492 504
493 496
493 498
493 509
493 511
493 513
493 516
493 520
493 525
493 527
494 496
494 501
494 514
494 523
496 501
496 509
496 525
498 503
498 511
498 516
498 520
498 551
498 581
499 588
500 591
502 517
503 505
503 522
503 540
503 548
505 540
505 594
505 595
506 543
507 567
508 541
509 511
509 517
511 513
511 516
511 520
511 527
511 551
511 581
512 516
513 516
513 525
513 527
513 544
515 518
515 519
516 527
518 520
518 523
519 569
520 527
520 544
521 542
521 544
522 540
522 548
522 583
523 526
525 559
527 544
529 532
529 546
529 547
529 548
529 549
529 583
529 584
531 533
531 555
532 533
532 540
532 547
532 548
532 549
532 553
532 554
533 553
533 555
533 581
538 566
539 541
539 595
540 547
540 548
540 549
540 550
540 553
540 554
540 565
540 566
540 583
542 548
542 550
542 553
542 554
542 562
542 572
542 573
546 547
546 548
546 554
546 583
546 584
547 548
547 549
547 550
547 553
547 554
547 583
547 584
548 549
548 550
548 553
548 554
548 562
548 581
548 583
549 550
549 553
549 554
549 583
549 584
550 553
550 554
550 583
551 555
551 581
553 554
556 572
557 559
560 561
562 567
564 576
565 594
565 598
570 574
574 575
574 576
578 590
581 583
581 587
582 583
583 584
583 586
584 586
588 592
589 592
590 592
594 595
596 600
597 600
