600 1797

1 27
1 186
1 290
1 325
1 328
1 439
2 92
2 98
2 110
2 303
3 62
4 22
4 321
5 21
5 24
5 32
5 35
5 36
5 77
5 111
5 304
5 305
5 324
5 329
5 333
5 411
6 598
7 251
8 311
9 315
10 11
10 165
11 16
11 19
11 35
11 37
11 38
11 70
11 98
11 111
11 221
11 319
11 328
11 330
12 15
12 315
13 79
14 186
15 16
17 37
18 100
19 37
19 38
19 319
20 29
20 106
20 107
20 109
20 126
21 98
21 107
21 221
21 305
21 321
21 579
22 322
23 323
24 26
24 29
24 112
24 304
24 305
24 323
24 324
24 326
24 329
24 376
24 404
25 330
26 27
26 29
26 323
26 324
27 28
27 29
27 30
27 312
27 328
28 312
29 30
29 31
29 32
29 35
29 107
29 120
29 125
29 126
29 301
29 304
29 312
29 324
29 328
29 329
29 333
29 398
29 417
29 426
30 31
30 32
30 35
30 71
30 120
30 125
30 147
30 312
30 328
30 329
30 330
30 333
30 376
30 398
30 411
30 417
30 423
30 484
30 583
31 32
31 35
31 36
31 70
31 71
31 77
31 120
31 125
31 133
31 137
31 144
31 147
31 328
31 329
31 330
31 333
31 376
31 398
31 411
31 418
31 419
31 484
31 583
32 35
32 71
32 112
32 120
32 301
32 304
32 324
32 329
32 331
32 333
32 369
32 398
32 411
32 423
32 424
32 500
33 519
34 537
35 38
35 70
35 71
35 98
35 111
35 120
35 221
35 303
35 304
35 312
35 328
35 330
35 333
35 369
35 375
35 398
35 423
35 434
36 305
36 403
36 419
36 428
37 38
37 317
37 319
37 320
38 111
38 221
38 244
38 319
39 41
39 70
40 369
42 45
42 46
42 47
42 48
42 54
42 116
42 338
42 342
42 346
42 347
43 333
44 146
44 341
44 345
44 445
44 447
45 46
45 47
45 48
45 54
45 347
45 352
46 47
46 48
46 54
46 338
46 342
46 346
46 347
47 48
47 52
47 54
47 56
47 59
47 62
47 116
47 117
47 118
47 340
47 344
47 346
47 347
47 349
47 350
47 351
47 352
47 357
47 358
47 360
47 379
47 381
48 54
48 56
48 116
48 117
48 118
48 347
49 359
49 421
49 440
50 51
50 53
50 124
50 349
51 52
51 62
51 63
51 66
51 67
51 124
51 345
51 349
52 113
52 349
53 57
53 118
53 345
53 353
53 357
54 56
54 66
54 67
54 118
54 124
54 345
54 346
54 347
54 349
54 350
54 351
54 352
54 356
54 357
54 358
54 361
55 57
55 71
55 111
55 118
55 120
55 125
55 328
55 348
55 353
55 413
55 418
55 423
56 57
56 116
56 118
56 349
56 352
56 356
56 357
56 416
57 65
57 116
57 118
57 124
57 340
57 346
57 348
57 350
57 357
57 416
58 61
59 62
59 66
59 67
59 121
59 139
59 351
59 352
59 358
59 360
59 361
60 61
60 64
60 353
60 354
60 359
60 413
61 354
62 66
62 67
62 251
62 352
62 358
62 360
62 361
63 66
63 67
64 66
64 71
64 121
64 147
64 351
64 353
64 354
64 359
64 367
64 413
64 414
64 440
65 118
65 152
65 357
65 416
65 433
66 67
66 118
66 121
66 351
66 352
66 354
66 358
66 361
66 362
66 363
67 361
68 132
68 148
68 160
69 70
69 71
69 72
69 137
69 368
69 418
70 71
70 111
70 125
70 133
70 325
70 327
70 328
70 330
70 368
71 72
71 74
71 77
71 80
71 97
71 111
71 119
71 120
71 135
71 137
71 142
71 147
71 149
71 157
71 303
71 348
71 353
71 367
71 368
71 369
71 375
71 376
71 378
71 415
71 418
71 423
71 434
71 440
71 450
71 484
72 119
72 137
73 79
73 405
74 77
74 120
74 367
74 373
74 484
75 79
75 365
75 369
76 558
77 97
77 120
77 135
77 137
77 147
77 329
77 367
77 369
77 373
77 413
77 484
78 82
80 546
81 86
82 139
83 130
83 162
84 89
85 130
86 89
86 91
86 380
87 89
88 89
89 91
89 380
89 381
90 199
91 374
92 93
92 105
92 108
92 110
92 184
92 193
92 212
92 393
92 407
92 410
92 460
93 95
93 110
93 192
93 193
93 195
93 212
93 384
93 501
94 98
95 100
95 126
95 195
95 198
95 212
95 586
96 99
97 99
97 157
97 305
97 364
97 376
97 415
97 450
98 110
98 111
98 398
98 401
98 579
99 145
100 224
100 283
101 103
102 391
103 104
103 122
103 189
103 192
103 193
103 195
103 200
103 204
103 384
103 390
103 393
103 394
103 492
103 495
103 496
103 501
103 503
103 517
104 105
104 108
104 192
104 193
104 204
104 222
104 393
104 495
105 108
105 109
105 114
105 154
105 191
105 192
105 193
105 195
105 212
105 393
105 406
105 407
105 410
105 435
105 460
105 491
106 107
106 108
106 110
106 192
106 195
106 223
106 384
106 395
107 108
107 109
107 126
107 221
107 324
107 395
107 396
107 398
107 406
108 109
108 110
108 192
108 195
108 384
108 393
109 114
109 126
109 191
109 195
109 210
109 406
109 407
109 435
110 119
110 223
110 306
110 400
110 401
111 120
111 137
111 221
111 303
111 305
111 319
111 411
112 114
112 191
112 194
112 323
112 326
112 329
112 333
112 376
112 396
112 398
112 404
112 406
112 407
112 409
112 410
112 424
112 451
112 491
114 131
114 154
114 191
114 194
114 393
114 396
114 404
114 406
114 407
114 410
114 435
115 116
115 347
116 117
116 118
116 347
116 350
116 357
116 405
116 416
117 118
118 120
118 344
118 346
118 347
118 348
118 350
118 353
118 357
118 358
118 367
119 120
119 135
119 401
119 412
120 125
120 135
120 137
120 147
120 333
120 344
120 348
120 352
120 367
120 386
120 413
120 484
121 361
122 200
122 236
122 260
122 436
123 171
123 195
123 196
124 349
124 351
125 348
125 378
125 406
125 417
125 418
125 434
126 191
126 194
126 195
126 201
126 284
126 323
126 396
126 435
126 472
126 579
127 421
128 264
128 282
129 157
129 294
129 376
129 422
130 151
130 159
130 403
131 154
131 157
131 190
131 427
132 158
132 484
133 428
134 422
136 190
137 147
137 367
137 418
137 419
137 428
137 431
137 450
137 484
137 587
138 139
139 367
140 160
141 199
141 598
143 579
145 225
147 353
147 367
147 418
147 438
147 440
150 298
150 418
153 272
153 578
154 167
154 171
154 191
154 192
154 193
154 195
154 196
154 198
154 201
154 202
154 212
154 215
154 241
154 393
154 454
154 460
155 190
155 193
155 196
155 214
155 273
156 419
156 428
156 464
158 180
158 403
158 428
158 455
159 161
159 174
162 205
163 164
163 254
164 332
166 230
168 172
169 200
169 202
169 274
169 517
170 256
170 540
171 192
171 193
171 195
171 196
171 209
171 211
171 212
171 214
171 215
171 384
171 393
171 394
171 496
171 501
172 186
173 568
175 480
176 179
176 231
176 487
177 588
178 566
180 437
181 567
182 577
183 255
183 269
183 277
185 441
186 325
186 432
187 197
187 202
187 209
187 211
187 212
187 216
187 289
187 501
187 517
188 231
188 262
188 274
188 278
188 295
189 192
189 197
189 200
189 202
189 204
189 209
189 211
189 212
189 213
189 215
189 216
189 234
189 394
189 473
189 489
189 493
189 495
189 496
189 501
189 503
189 517
189 527
190 196
190 490
191 193
191 194
191 195
191 198
191 210
191 212
191 393
191 396
191 407
191 408
191 410
191 435
191 454
191 460
192 193
192 195
192 197
192 200
192 201
192 202
192 203
192 204
192 211
192 212
192 213
192 215
192 384
192 390
192 393
192 394
192 454
192 474
192 495
192 496
192 501
192 503
192 517
193 194
193 195
193 196
193 200
193 201
193 202
193 204
193 211
193 212
193 384
193 390
193 393
193 394
193 396
193 407
193 408
193 410
193 435
193 454
193 460
193 492
193 495
193 496
193 501
193 503
193 517
194 212
194 396
194 461
195 196
195 200
195 201
195 202
195 203
195 204
195 212
195 215
195 384
195 393
195 394
195 396
195 435
195 454
195 496
195 503
195 584
196 201
196 212
196 213
196 233
196 384
196 393
196 454
196 467
196 496
197 200
197 202
197 204
197 211
197 213
197 215
197 493
197 495
197 501
197 503
197 517
197 527
199 259
199 297
199 299
200 201
200 202
200 204
200 211
200 212
200 213
200 215
200 262
200 274
200 384
200 394
200 473
200 495
200 496
200 501
200 503
200 517
201 202
201 203
201 204
201 212
201 215
202 204
202 211
202 212
202 213
202 215
202 274
202 394
202 454
202 494
202 495
202 496
202 501
202 503
202 517
203 204
203 502
203 503
203 519
203 529
203 584
204 211
204 213
204 215
204 384
204 393
204 394
204 495
204 496
204 503
204 517
205 536
206 587
207 211
208 265
208 267
209 211
209 212
209 213
209 214
209 216
209 231
209 276
210 212
211 212
211 213
211 214
211 215
211 216
211 231
211 274
211 276
211 384
211 394
211 489
211 493
211 495
211 501
211 517
212 213
212 215
212 216
212 224
212 384
212 390
212 393
212 394
212 410
212 454
212 460
212 492
212 495
212 496
212 501
212 514
212 517
213 234
213 240
213 276
213 384
213 501
214 216
215 219
215 274
215 503
216 276
216 493
216 501
216 513
217 232
218 230
220 529
221 398
223 301
224 245
224 471
224 514
225 253
226 236
227 536
228 229
228 262
228 263
229 231
229 265
229 270
230 283
230 316
230 511
231 276
231 485
231 507
232 247
235 323
237 286
237 287
237 330
237 396
237 401
237 579
237 583
237 584
238 240
238 249
239 243
239 248
242 250
242 552
246 330
246 368
246 412
246 545
247 248
247 252
247 556
248 478
248 587
250 252
250 558
251 526
252 256
252 268
252 269
256 567
257 576
257 577
257 597
258 597
261 457
261 578
261 592
262 274
264 450
264 510
265 267
266 271
268 269
269 271
270 550
272 466
274 278
274 503
274 516
275 544
276 493
276 501
276 513
278 493
278 503
278 516
278 527
278 576
279 281
279 457
280 527
281 295
281 296
281 499
283 511
283 580
285 330
286 287
286 584
287 312
287 579
287 584
288 372
288 432
291 325
292 498
293 337
295 297
295 480
296 297
300 307
300 600
301 304
301 312
301 396
301 579
302 531
303 304
304 305
304 308
304 312
304 324
304 333
304 376
304 378
304 398
305 320
305 324
305 376
305 386
305 411
308 312
308 324
309 458
310 484
311 507
312 328
312 579
313 314
314 518
317 319
317 320
317 336
318 319
319 320
319 386
320 336
320 386
320 392
320 411
321 389
321 391
323 324
324 326
324 333
324 376
324 404
325 327
325 328
325 439
325 531
326 396
326 404
326 477
327 328
327 330
328 330
328 368
329 331
329 333
329 376
329 405
329 500
329 529
330 559
330 583
331 333
332 377
332 405
332 497
333 398
333 406
333 423
333 424
333 500
334 392
335 359
336 392
337 340
338 339
338 340
338 342
338 346
338 347
338 360
339 342
339 382
339 441
340 342
340 344
340 346
340 347
340 350
340 357
340 360
341 345
341 348
341 353
341 354
341 359
341 368
341 413
341 419
341 440
341 444
341 445
342 343
342 346
342 347
342 360
343 346
344 347
344 352
344 357
344 358
345 349
346 347
346 349
346 350
346 351
346 352
346 358
346 360
347 350
347 352
347 357
347 358
347 360
348 350
348 353
348 354
348 357
348 358
348 359
348 367
348 376
348 398
348 411
348 413
348 414
348 418
348 423
348 440
349 366
349 368
350 352
350 357
350 358
350 360
351 352
351 358
351 360
351 361
352 357
352 358
352 360
352 361
353 354
353 357
353 359
353 367
353 413
353 418
353 440
354 359
354 363
354 367
354 413
355 438
356 357
357 358
357 360
357 416
358 360
358 361
358 386
358 413
358 433
359 413
359 414
359 418
359 440
359 446
360 361
361 414
362 363
364 376
364 422
364 459
365 429
367 369
367 373
367 413
367 433
367 440
367 484
368 418
370 373
371 373
373 413
375 434
375 446
376 378
376 403
376 417
376 418
376 422
376 423
376 430
376 442
376 450
377 405
378 403
378 417
380 381
383 494
384 388
384 390
384 391
384 393
384 394
384 395
384 396
384 400
384 410
384 435
384 454
384 489
384 492
384 495
384 496
384 501
384 517
385 398
385 423
385 424
386 411
386 413
387 498
388 394
388 489
388 501
388 580
389 391
390 393
390 394
390 396
390 402
390 408
390 410
390 435
390 454
390 474
390 489
390 492
390 493
390 494
390 495
390 496
390 501
390 514
390 517
391 394
391 395
391 400
393 394
393 395
393 396
393 407
393 408
393 410
393 435
393 454
393 489
393 492
393 494
393 495
393 496
393 501
393 517
394 396
394 454
394 474
394 489
394 492
394 493
394 495
394 496
394 501
394 503
394 514
394 515
394 517
394 519
394 527
395 396
395 398
395 400
395 406
395 407
395 410
395 423
395 435
396 397
396 398
396 406
396 407
396 408
396 410
396 417
396 435
396 454
396 460
396 496
396 584
397 408
397 417
397 435
397 467
397 530
397 533
398 406
398 407
398 410
398 423
398 424
399 412
399 439
399 443
399 531
399 534
399 583
400 401
401 412
402 435
402 492
404 406
404 424
404 451
405 406
406 407
406 409
406 417
406 423
406 435
406 500
407 408
407 409
407 410
407 435
407 454
407 460
408 410
408 435
408 454
408 467
408 492
408 494
408 496
408 501
409 410
410 435
410 454
410 492
411 413
413 414
413 440
417 434
417 435
417 467
417 497
417 504
417 534
418 431
418 440
419 428
419 450
420 429
422 599
423 424
423 434
423 451
424 451
425 596
431 440
435 454
435 460
435 467
435 492
435 496
435 497
437 462
439 531
439 534
439 555
443 531
444 535
445 543
448 449
448 545
452 498
452 506
452 520
452 521
452 527
452 532
453 543
453 561
454 460
454 467
454 474
454 489
454 492
454 494
454 495
454 496
454 501
454 514
454 517
456 496
457 578
458 575
460 491
460 492
460 501
463 563
465 515
467 492
467 496
467 497
467 532
468 518
468 569
469 487
470 474
472 476
473 496
473 503
474 492
474 493
474 494
474 495
474 496
474 501
474 503
474 514
474 517
475 478
479 502
479 503
480 554
481 585
482 483
482 486
483 528
484 549
484 582
484 585
488 596
489 492
489 493
489 495
489 496
489 501
489 503
489 509
489 511
489 513
489 517
489 527
489 580
490 524
492 494
492 495
492 496
492 501
492 514
492 517
493 495
493 496
493 501
493 503
493 509
493 511
493 513
493 514
493 515
493 517
493 522
493 527
493 528
494 496
494 498
494 501
494 514
494 517
495 496
495 501
495 503
495 517
496 498
496 501
496 503
496 514
496 515
496 517
498 503
498 520
498 532
500 588
501 503
501 509
501 513
501 514
501 517
501 527
501 580
502 503
502 584
503 514
503 515
503 517
503 519
503 527
503 584
505 516
505 539
505 572
508 512
508 541
509 513
510 544
511 527
511 580
512 520
512 541
512 573
513 514
513 517
513 522
513 527
514 517
516 528
516 539
516 565
516 572
516 576
517 527
518 523
518 542
518 565
518 569
520 521
520 532
521 525
521 532
521 581
522 528
527 528
528 542
528 553
528 565
531 534
531 579
531 600
536 537
538 596
539 572
539 576
539 577
539 590
539 595
539 597
540 541
540 542
540 581
541 542
541 562
541 565
541 570
541 572
541 573
541 574
541 575
541 577
542 557
542 562
542 565
542 581
547 551
547 584
548 550
549 583
556 563
560 570
564 590
565 569
565 572
565 574
566 577
566 596
566 597
568 588
569 572
570 573
571 574
571 578
571 592
572 573
572 574
572 576
572 577
572 592
572 594
572 597
574 577
574 578
574 592
576 577
576 595
576 597
577 578
577 589
577 592
577 597
578 592
591 597
592 597
593 597
595 597
