600 1797

1 4
2 3
2 4
2 8
2 11
2 16
2 18
2 19
2 20
2 21
2 94
2 100
2 101
2 104
2 301
2 303
2 317
2 320
2 321
2 389
2 391
3 5
3 11
3 12
3 16
3 19
3 20
3 21
3 303
3 304
3 319
3 320
3 321
4 11
4 20
4 21
4 22
4 23
4 36
4 37
4 94
4 100
4 301
4 302
4 305
4 320
4 321
4 322
4 386
4 389
4 392
5 12
5 15
5 16
5 17
5 19
5 24
5 29
5 302
5 303
5 304
5 305
5 308
5 319
5 320
5 326
6 18
6 317
6 389
6 391
7 29
7 306
7 308
8 12
8 16
8 18
8 19
8 20
8 94
8 100
8 317
8 321
9 310
9 314
10 307
11 12
11 16
11 18
11 19
11 20
11 21
11 94
11 301
11 303
11 317
11 319
11 320
11 321
11 386
11 389
11 391
11 393
12 14
12 15
12 16
12 17
12 18
12 19
12 20
12 29
12 303
12 304
12 311
12 315
12 319
13 313
13 316
14 15
14 16
14 17
14 19
14 29
14 304
14 308
14 312
14 315
14 318
14 319
15 16
15 17
15 19
15 29
15 303
15 304
15 308
15 311
15 315
15 318
15 319
16 17
16 18
16 19
16 20
16 21
16 29
16 94
16 301
16 303
16 304
16 311
16 315
16 317
16 318
16 319
16 320
16 321
16 392
17 19
17 29
17 304
17 312
17 315
17 318
17 319
17 320
18 19
18 20
18 21
18 94
18 100
18 104
18 301
18 317
18 319
18 320
18 321
18 389
18 391
18 393
18 495
19 20
19 21
19 29
19 301
19 303
19 304
19 312
19 315
19 317
19 318
19 319
19 320
19 321
19 392
20 21
20 94
20 100
20 104
20 105
20 301
20 303
20 317
20 319
20 320
20 321
20 389
20 391
20 393
20 495
21 37
21 94
21 100
21 103
21 104
21 105
21 301
21 320
21 321
21 391
21 393
21 495
22 23
22 25
22 28
22 287
22 302
22 322
22 584
23 25
23 28
23 36
23 287
23 302
23 323
23 332
24 29
24 304
24 308
24 324
24 326
25 28
25 142
25 323
25 325
26 30
26 31
26 36
26 226
26 327
26 328
26 330
27 441
28 287
28 584
29 285
29 303
29 304
29 306
29 308
29 315
29 319
29 326
30 31
30 36
30 237
30 327
30 328
30 329
30 330
30 332
31 36
31 38
31 220
31 221
31 237
31 287
31 327
31 328
31 329
31 330
31 332
31 335
31 529
31 530
32 33
32 35
32 36
32 221
32 329
32 331
32 332
32 333
32 335
33 34
33 35
33 36
33 38
33 142
33 220
33 221
33 237
33 287
33 323
33 329
33 331
33 332
33 333
33 335
33 529
33 530
34 220
34 287
34 529
34 530
34 584
35 36
35 237
35 323
35 329
35 331
35 332
35 333
35 335
36 38
36 220
36 221
36 237
36 287
36 323
36 327
36 329
36 330
36 332
36 333
36 335
36 530
37 38
37 221
37 302
37 320
37 321
37 334
37 335
37 336
38 220
38 221
38 237
38 287
38 332
38 333
38 334
38 335
38 336
38 529
38 530
38 549
39 42
39 115
40 352
40 355
40 440
40 441
41 43
41 45
41 48
41 87
41 89
41 338
41 380
41 381
41 382
42 113
42 115
42 347
43 87
43 90
43 338
43 339
43 382
44 341
44 356
45 48
46 47
46 48
47 56
47 116
49 151
49 425
49 448
50 131
50 142
50 361
51 345
51 352
52 91
53 55
53 96
53 398
54 349
55 96
55 120
55 398
55 417
57 60
57 65
57 82
57 138
57 152
57 353
57 359
57 448
58 61
58 349
58 356
59 60
59 64
59 359
60 64
60 353
60 359
61 354
61 356
61 448
62 63
62 65
62 67
62 351
62 352
62 358
63 65
63 66
63 358
63 362
63 363
64 348
64 359
64 413
65 66
65 152
65 358
65 359
65 362
66 67
66 352
66 358
66 362
66 363
67 358
67 362
67 363
68 76
68 152
68 364
68 373
68 376
69 140
69 162
69 365
69 374
69 426
69 430
69 432
69 434
70 185
70 242
70 438
70 462
71 72
71 76
71 97
71 132
71 133
71 226
71 366
71 370
71 531
71 535
71 598
72 133
72 226
72 296
72 443
72 531
72 535
72 598
73 405
74 345
75 371
76 158
76 300
76 373
76 428
76 598
77 135
78 144
79 80
79 87
79 130
79 139
79 140
79 338
79 339
79 374
79 376
79 379
79 381
79 382
79 431
79 436
81 86
81 87
81 89
81 380
83 87
83 126
84 89
84 380
84 381
85 86
85 88
85 130
85 377
85 381
86 87
86 89
86 91
86 338
86 377
86 380
86 381
86 466
87 88
87 89
87 91
87 126
87 338
87 339
87 377
87 379
87 380
87 381
87 382
87 436
88 89
88 91
88 130
88 377
88 379
88 381
88 405
89 91
89 338
89 377
89 380
89 381
90 339
91 380
91 381
91 382
91 446
92 107
92 187
92 192
92 198
92 201
92 384
93 388
94 95
94 98
94 100
94 101
94 104
94 105
94 301
94 317
94 321
94 385
94 386
94 389
94 390
94 391
94 393
94 395
94 398
94 495
95 101
95 110
95 120
95 390
95 398
98 100
98 101
98 106
98 317
98 395
99 298
99 300
99 595
100 101
100 103
100 104
100 105
100 301
100 317
100 321
100 389
100 391
100 393
100 395
100 487
100 495
101 103
101 104
101 105
101 110
101 120
101 301
101 389
101 390
101 391
101 395
101 401
102 334
102 336
103 105
103 184
103 301
103 391
103 393
103 495
104 105
104 301
104 317
104 383
104 389
104 391
104 395
104 495
105 301
105 321
105 391
105 393
105 395
105 495
106 189
106 526
107 108
107 111
107 191
107 192
107 195
107 201
107 388
107 394
107 399
107 402
107 489
108 110
108 111
108 120
108 123
108 398
108 399
108 401
108 417
109 192
109 203
109 397
110 120
110 123
110 398
110 399
110 401
110 417
110 480
111 394
112 114
112 403
112 422
113 115
113 116
113 406
113 409
114 119
114 147
114 154
114 157
114 188
114 295
114 298
114 299
114 404
114 412
114 423
114 451
114 501
114 579
115 116
116 123
116 196
116 402
116 404
116 407
116 409
116 417
117 119
117 154
117 191
117 194
117 196
117 223
117 290
117 299
117 412
117 423
117 515
117 534
118 391
119 121
119 154
119 157
119 188
119 191
119 192
119 196
119 201
119 224
119 299
119 402
119 404
119 412
119 423
119 467
119 489
119 515
119 534
119 579
119 580
120 123
120 390
120 391
120 393
120 398
120 399
120 401
120 417
120 489
121 412
122 125
122 141
122 415
122 418
122 422
123 204
123 401
123 416
123 417
123 489
124 144
124 440
125 418
125 422
127 144
127 426
128 131
128 258
128 262
128 264
128 273
128 510
128 600
129 375
129 376
129 422
129 434
130 379
131 190
131 262
131 267
131 273
131 282
131 298
131 299
131 451
131 510
131 516
131 597
132 133
133 135
133 226
133 535
133 598
134 161
135 535
136 442
136 461
136 464
137 296
140 365
140 374
140 382
140 426
140 430
140 434
142 143
142 242
142 323
142 325
142 333
142 438
143 144
143 323
143 332
143 333
144 147
144 327
144 372
144 421
144 426
144 440
144 441
145 300
145 543
146 351
148 150
148 164
148 442
149 359
149 437
150 341
150 442
150 446
153 468
154 157
154 188
154 191
154 192
154 402
154 412
154 423
154 467
154 501
154 515
154 580
155 157
155 163
155 454
155 543
156 157
156 543
157 196
157 412
157 515
158 160
158 226
158 253
158 428
159 161
159 195
159 204
159 294
159 455
159 545
159 586
160 469
161 279
164 449
165 577
166 241
167 175
167 470
167 474
168 185
168 475
169 476
170 247
170 479
171 279
172 239
173 472
174 209
175 176
175 388
175 480
176 178
176 480
177 288
177 482
179 485
180 183
181 186
182 477
183 255
186 293
186 365
186 426
187 266
187 384
187 388
188 191
188 192
188 195
188 196
188 198
188 201
188 283
188 290
188 402
188 412
188 489
188 497
188 515
188 579
188 580
189 223
189 289
189 489
190 215
190 218
190 273
190 451
190 510
190 516
191 192
191 195
191 196
191 201
191 283
191 388
191 402
191 467
191 489
191 491
191 515
191 580
192 195
192 198
192 201
192 214
192 283
192 396
192 402
192 467
192 489
192 496
192 498
192 499
192 501
192 504
192 505
192 580
193 194
195 196
195 201
195 283
195 388
195 402
195 467
195 489
195 497
195 515
195 580
196 201
196 283
196 290
196 402
196 412
196 467
196 489
196 497
196 515
196 580
197 215
197 521
198 200
198 214
198 499
199 402
200 202
201 202
201 388
201 402
201 417
201 467
201 489
201 497
201 504
201 515
201 580
202 467
202 489
204 292
204 409
205 214
205 506
206 231
206 263
206 268
206 512
206 541
207 208
207 210
207 230
207 266
207 509
207 581
208 210
208 228
208 232
208 252
208 262
208 263
208 268
208 273
208 512
208 541
209 210
209 211
209 212
209 213
209 217
209 234
209 249
209 256
209 265
209 266
210 211
210 212
210 213
210 231
210 265
210 271
210 509
210 512
210 513
210 521
210 573
211 212
211 213
211 231
211 513
212 213
212 251
213 229
213 231
213 234
213 265
213 513
215 273
216 271
219 517
220 221
220 237
220 287
220 327
220 329
220 330
220 332
220 335
220 529
220 530
220 533
220 549
220 584
221 237
221 287
221 327
221 329
221 330
221 332
221 333
221 335
221 336
221 529
221 530
221 533
221 549
221 584
222 240
222 246
222 529
222 530
222 532
222 533
222 553
223 397
223 534
224 402
224 412
224 534
225 299
226 443
226 535
227 292
227 368
227 486
227 536
227 537
227 583
228 231
228 243
228 244
228 263
228 268
228 269
228 270
228 273
228 541
229 231
229 234
229 236
229 243
229 265
229 268
229 513
229 542
231 243
231 247
231 263
231 265
231 268
231 269
231 270
231 512
231 513
231 541
231 542
231 567
232 233
232 250
232 252
232 254
232 268
232 518
232 560
232 570
233 570
234 265
234 542
235 325
235 551
236 238
236 239
236 243
236 542
236 551
236 554
237 287
237 327
237 329
237 330
237 332
237 333
237 335
237 529
237 530
237 549
237 584
238 239
238 240
238 243
238 285
238 550
238 554
238 555
238 582
239 243
239 548
240 245
240 285
240 286
240 550
240 553
240 554
240 583
241 551
241 552
242 325
242 438
242 468
243 244
243 252
243 263
243 265
243 268
243 269
243 270
243 541
243 555
243 570
244 246
244 252
244 263
244 268
244 269
244 541
244 551
244 555
244 570
245 291
246 263
246 555
247 265
247 268
247 479
247 512
247 541
248 478
248 557
248 558
249 265
249 479
249 542
249 559
250 252
250 254
250 558
250 560
250 561
250 570
252 254
252 263
252 268
252 541
252 560
252 561
252 570
253 563
254 558
255 538
257 364
258 264
258 293
258 600
259 262
260 387
261 281
262 263
262 264
262 273
262 282
262 298
262 299
262 518
262 539
262 597
263 264
263 268
263 269
263 270
263 273
263 490
263 512
263 541
263 570
264 508
264 539
265 268
265 479
265 512
265 513
265 541
265 542
266 573
267 273
267 451
267 453
267 490
267 518
268 269
268 270
268 512
268 541
268 570
269 270
269 541
269 570
270 271
270 541
271 521
271 573
272 274
273 451
273 453
273 490
273 516
273 518
274 278
274 281
275 575
276 524
277 278
277 577
279 280
282 290
282 298
282 299
282 451
282 579
282 580
282 581
282 597
283 402
283 580
283 581
284 285
284 582
285 286
285 550
285 582
285 583
286 553
286 583
286 584
287 327
287 329
287 330
287 332
287 333
287 335
287 529
287 530
287 549
287 584
290 412
292 368
292 486
292 537
292 587
295 298
295 299
295 423
295 594
297 421
298 299
298 423
298 451
298 594
298 595
298 597
299 404
299 412
299 423
299 579
299 580
299 597
300 420
300 423
300 592
300 595
300 598
301 317
301 320
301 321
301 385
301 386
301 389
301 390
301 391
301 393
301 395
301 398
301 495
302 303
302 305
302 320
302 321
302 322
302 330
302 389
303 304
303 319
303 320
303 321
304 308
304 315
304 319
304 324
304 326
305 322
306 308
307 314
308 315
308 324
308 326
309 562
311 315
311 319
312 318
312 320
312 392
313 314
313 316
314 316
315 316
315 319
317 318
317 319
317 320
317 321
317 385
317 389
317 391
317 393
317 398
317 495
318 319
318 320
318 392
319 320
319 392
320 321
320 336
320 386
320 389
320 392
321 389
321 391
321 392
321 393
321 395
322 389
323 325
323 332
323 333
324 326
327 329
327 330
327 332
327 335
327 529
327 530
327 584
328 330
329 330
329 331
329 332
329 333
329 335
329 529
329 530
330 332
330 529
330 530
330 549
331 333
332 333
332 335
332 441
332 529
332 530
332 584
333 335
333 529
333 530
335 336
335 529
335 530
335 549
335 584
337 369
337 405
337 406
338 339
338 380
338 381
338 382
339 382
340 342
341 431
342 346
342 347
343 347
344 346
346 350
348 353
348 375
348 418
353 354
353 359
357 373
358 362
358 363
360 361
361 414
362 363
364 434
365 421
365 426
365 430
365 434
365 441
365 460
366 373
367 371
367 433
368 486
368 537
371 430
371 433
371 434
372 375
372 376
372 421
372 430
373 431
373 444
374 376
374 434
375 376
375 422
375 433
376 379
376 422
376 430
376 433
376 434
377 378
377 379
377 380
377 381
377 436
378 430
378 436
379 381
379 405
379 436
380 381
381 405
381 436
384 459
384 489
384 580
385 386
385 391
387 597
388 489
389 390
389 391
389 395
389 398
390 391
390 393
390 394
390 395
390 398
390 399
390 401
391 392
391 393
391 395
391 398
391 495
392 395
393 395
393 398
393 400
393 401
393 495
394 491
394 493
394 495
394 496
394 504
395 398
395 401
395 495
396 410
396 493
396 499
396 501
396 503
396 504
396 505
397 532
398 401
398 416
399 401
399 407
399 417
399 489
399 534
400 538
401 417
402 404
402 407
402 467
402 489
402 580
403 406
404 423
404 451
404 516
405 433
405 436
406 409
407 417
407 467
407 489
407 504
408 502
409 416
409 419
409 497
411 497
412 423
412 445
412 515
412 534
415 421
415 422
415 431
416 417
417 489
418 431
420 421
420 422
420 423
420 434
420 460
420 543
420 595
420 599
421 434
421 460
422 429
423 445
423 501
423 579
423 595
423 597
424 450
424 565
427 588
427 589
428 536
428 588
430 434
432 456
432 458
434 441
434 460
435 501
435 592
435 598
439 443
440 441
443 535
445 518
445 597
447 581
449 543
450 565
450 600
451 510
451 516
451 524
451 565
451 571
451 579
451 581
451 597
452 454
453 490
453 516
453 517
453 518
453 525
454 515
454 543
457 578
457 590
458 465
459 473
459 578
463 561
467 489
467 497
467 504
467 515
467 580
470 471
472 477
472 537
474 523
475 507
476 479
480 483
481 484
481 556
482 483
482 485
483 485
486 537
486 587
488 569
489 497
489 504
489 534
489 580
490 512
490 518
491 544
492 514
492 521
492 527
493 496
493 498
494 496
494 514
496 498
496 502
496 503
497 499
497 500
497 504
497 505
498 511
499 500
499 501
499 503
499 505
500 503
501 505
503 504
504 505
510 571
510 600
511 585
512 513
512 541
512 542
512 573
513 520
513 542
513 573
514 521
516 518
519 578
519 596
520 521
521 573
522 573
528 575
528 600
529 530
529 533
529 549
529 584
530 533
530 549
530 584
531 598
532 533
540 542
541 570
542 554
546 551
547 582
549 553
549 584
550 553
550 554
550 583
551 552
551 555
553 554
553 583
556 562
558 561
559 562
560 561
560 570
564 572
565 579
565 594
565 597
566 600
568 600
569 572
571 574
572 593
576 577
577 578
579 580
579 581
579 595
579 597
580 581
588 589
589 592
589 598
590 591
590 593
592 598
594 595
595 597
