600 1797

1 4
1 100
1 286
1 291
1 292
2 4
2 5
2 18
2 20
2 98
2 100
2 108
2 285
2 301
2 302
2 305
2 583
3 7
3 25
3 303
4 5
4 20
4 24
4 70
4 305
4 322
4 325
4 546
4 547
4 593
5 20
5 21
5 24
5 98
5 294
5 302
5 304
5 305
5 317
5 320
5 321
5 322
5 324
5 332
5 389
5 579
5 583
6 9
6 158
6 500
8 18
9 12
10 218
10 306
10 477
11 317
12 16
12 315
13 218
14 22
15 16
17 19
17 32
17 318
17 331
17 333
18 20
18 21
18 98
18 100
18 108
18 389
19 21
19 29
19 30
19 312
19 318
19 319
19 324
19 329
19 333
20 21
20 94
20 98
20 100
20 107
20 108
20 389
20 530
21 38
21 97
21 98
21 107
21 317
21 321
21 329
21 332
21 335
22 29
22 221
23 28
24 33
24 302
24 322
24 325
25 235
25 295
26 312
26 320
26 326
26 328
26 329
26 486
27 257
28 35
29 221
30 31
30 32
30 35
30 36
30 324
30 328
30 329
30 330
30 333
31 285
31 328
31 329
32 35
32 318
32 324
32 329
32 330
32 331
32 333
32 334
33 335
34 36
34 287
34 336
35 37
35 324
35 331
35 333
35 334
36 38
37 38
38 102
38 335
39 41
39 42
39 44
39 46
39 47
39 48
39 49
39 88
39 115
39 116
39 117
39 340
40 142
41 42
41 43
41 45
41 46
41 48
41 88
41 89
41 337
41 340
42 44
42 45
42 46
42 47
42 48
42 88
42 115
42 117
42 340
43 44
43 46
43 48
43 49
43 52
43 57
43 65
43 126
43 337
43 341
43 342
43 344
43 347
43 348
43 406
43 409
43 410
43 446
44 46
44 47
44 48
44 49
44 54
44 55
44 57
44 65
44 88
44 113
44 115
44 116
44 117
44 118
44 144
44 340
44 341
44 342
44 344
44 346
44 348
44 349
44 354
44 396
44 406
44 409
44 410
44 411
44 491
45 46
45 47
45 48
45 88
45 115
45 410
46 47
46 48
46 49
46 52
46 54
46 55
46 65
46 88
46 113
46 115
46 116
46 117
46 118
46 337
46 340
46 341
46 342
46 344
46 346
46 349
46 396
46 410
46 411
47 48
47 49
47 53
47 54
47 55
47 57
47 72
47 88
47 113
47 115
47 116
47 117
47 118
47 144
47 340
47 344
47 348
47 349
47 396
47 409
47 410
47 491
48 49
48 52
48 54
48 55
48 88
48 113
48 115
48 116
48 117
48 118
48 337
48 340
48 341
48 342
48 344
48 346
48 349
48 409
48 410
48 411
49 57
49 65
49 113
49 116
49 117
49 126
49 130
49 343
49 347
49 348
49 350
49 379
49 406
49 418
49 420
49 434
49 446
50 412
51 59
51 60
51 62
51 63
51 64
51 66
51 345
51 351
51 352
51 358
51 359
51 360
51 361
51 363
51 414
51 440
51 447
52 55
52 111
52 113
52 116
52 117
52 120
52 124
52 337
52 341
52 344
52 349
52 350
52 396
52 398
52 408
52 410
52 418
52 441
53 54
53 56
53 82
53 344
53 348
53 354
53 356
54 56
54 116
54 117
54 118
54 337
54 340
54 342
54 344
54 346
54 348
54 349
54 354
54 409
54 410
55 57
55 63
55 64
55 65
55 113
55 115
55 116
55 117
55 118
55 120
55 124
55 341
55 342
55 348
55 350
55 357
55 396
55 398
55 406
55 409
55 411
55 413
56 60
56 61
56 82
56 353
56 354
57 63
57 65
57 116
57 117
57 118
57 126
57 144
57 147
57 341
57 342
57 344
57 348
57 350
57 354
57 356
57 357
57 396
57 406
57 409
57 411
57 413
57 440
57 444
57 446
58 61
58 80
58 140
58 354
58 355
58 356
59 62
59 64
59 67
59 345
59 351
59 352
59 358
59 359
59 360
59 361
59 363
60 61
60 76
60 146
60 150
60 353
60 354
60 447
61 76
61 353
61 355
61 356
61 364
61 437
62 64
62 66
62 67
62 351
62 352
62 359
62 360
62 361
62 363
62 414
63 64
63 65
63 147
63 150
63 345
63 350
63 351
63 352
63 357
63 358
63 359
63 361
63 362
63 363
63 411
63 412
63 413
63 414
63 440
63 446
64 67
64 345
64 351
64 352
64 357
64 358
64 359
64 360
64 361
64 362
64 363
64 413
64 414
64 440
65 117
65 124
65 147
65 150
65 341
65 342
65 344
65 347
65 348
65 350
65 357
65 409
65 411
65 413
65 418
65 440
65 446
66 351
66 358
66 359
66 362
66 440
67 351
67 352
67 358
67 359
67 360
67 361
67 363
67 414
68 76
68 134
68 148
68 161
68 364
68 365
68 434
68 464
69 370
69 373
71 74
71 135
71 356
71 364
71 429
71 433
71 437
71 462
72 82
72 83
72 124
72 348
72 368
72 396
72 408
72 410
73 382
74 78
74 429
74 432
75 371
76 77
76 129
76 134
76 146
76 148
76 161
76 364
76 365
76 434
76 464
76 588
76 598
77 80
77 146
77 343
77 365
77 434
77 586
79 82
80 139
80 364
81 85
81 374
81 377
82 83
82 126
82 129
82 142
82 144
82 348
82 354
82 356
82 422
82 459
82 599
83 130
83 375
84 86
84 377
86 87
86 377
87 377
87 380
87 381
87 405
88 113
88 115
88 116
88 117
88 337
88 340
88 410
89 91
90 152
90 338
92 187
92 384
93 123
93 193
93 194
93 195
93 390
94 388
94 389
95 112
95 114
95 116
95 129
95 385
96 99
97 98
97 107
98 302
98 305
98 317
98 322
98 335
98 583
99 282
99 504
100 101
100 103
100 107
100 108
100 188
100 223
100 470
101 103
101 108
101 119
103 104
103 105
103 119
103 187
103 188
103 189
103 192
103 194
103 390
103 391
103 494
103 496
104 105
104 187
104 188
104 192
104 193
104 198
104 200
104 201
104 202
104 203
104 384
104 390
104 393
104 494
104 495
104 496
104 497
104 499
104 502
104 503
105 110
105 114
105 119
105 187
105 191
105 192
105 194
105 201
105 384
105 393
105 395
105 419
105 494
106 107
106 108
106 110
106 189
106 551
106 553
107 108
107 391
108 110
108 184
108 391
108 392
109 111
109 120
110 111
110 119
111 120
111 400
112 114
112 129
112 131
112 194
112 420
112 424
113 115
113 116
113 117
113 118
113 130
113 350
113 396
113 406
113 411
114 187
114 191
114 194
114 201
114 385
115 116
115 117
115 118
115 340
115 349
115 396
115 407
115 409
115 410
115 491
116 117
116 118
116 120
116 144
116 341
116 344
116 348
116 349
116 396
116 398
116 406
116 408
116 409
116 410
116 411
117 118
117 120
117 130
117 144
117 340
117 341
117 342
117 344
117 347
117 348
117 349
117 396
117 398
117 406
117 409
117 410
117 411
117 420
118 120
118 348
118 349
118 396
118 398
118 406
118 407
118 409
118 410
118 411
118 491
119 223
120 121
120 396
120 398
121 350
121 412
122 125
122 417
123 194
123 195
123 504
124 341
124 348
124 350
124 357
124 396
124 398
124 406
124 413
124 418
125 129
125 418
126 130
126 343
126 347
126 433
126 446
127 336
128 155
129 131
129 149
129 353
129 354
129 420
129 422
129 424
130 348
130 379
130 404
130 405
130 406
130 446
131 154
131 155
131 188
131 424
131 450
132 226
132 227
132 426
132 432
133 426
134 330
134 365
134 366
134 382
134 427
134 434
136 163
137 144
137 356
138 434
140 364
141 261
143 144
143 297
143 353
143 356
143 443
144 348
144 353
144 354
144 356
144 396
144 409
145 146
145 345
145 447
146 148
146 447
147 351
147 357
147 362
147 412
147 440
147 444
147 446
147 447
148 161
148 162
148 464
149 438
151 153
151 204
151 272
151 466
153 164
153 272
153 466
154 155
154 157
154 188
154 196
154 198
154 393
154 452
154 454
154 467
154 501
155 452
155 467
155 501
156 157
157 196
157 454
157 467
158 177
158 254
158 297
158 327
158 462
159 254
159 300
160 261
160 296
161 432
161 464
163 452
165 302
165 455
166 436
167 428
167 459
168 475
169 273
170 230
170 238
170 239
170 563
171 523
172 535
173 183
174 372
175 482
176 217
177 179
177 181
177 293
177 297
177 482
178 569
179 487
180 276
181 469
182 231
183 217
183 479
183 488
185 308
186 325
186 587
187 188
187 191
187 192
187 194
187 198
187 200
187 201
187 384
187 390
187 393
187 494
187 497
187 499
188 192
188 194
188 198
188 201
188 384
188 390
188 393
188 395
188 494
189 211
189 230
189 249
189 283
189 391
189 489
190 191
190 210
190 234
191 194
191 198
191 201
191 202
191 210
191 280
191 451
191 490
191 514
192 193
192 198
192 201
192 202
192 223
192 384
192 390
192 393
192 399
192 494
192 495
192 496
192 502
192 503
193 194
193 197
193 198
193 200
193 202
193 203
193 222
193 390
193 494
193 496
193 503
194 198
194 200
194 201
194 202
194 390
194 395
194 402
194 419
194 459
194 499
195 196
196 202
196 454
196 467
196 501
196 515
196 520
197 198
197 203
197 212
197 215
198 200
198 201
198 202
198 203
198 384
198 390
198 393
198 395
198 419
198 459
198 494
198 499
198 502
199 200
199 504
200 201
200 202
200 203
200 419
200 435
200 499
200 502
200 504
201 202
201 203
201 384
201 390
201 393
201 395
201 419
201 459
201 494
201 499
201 504
202 203
202 419
202 490
202 497
202 502
202 503
202 505
203 214
203 290
203 460
203 496
203 502
203 503
203 505
203 522
204 456
205 290
206 217
206 229
206 231
206 256
206 265
206 269
207 211
208 209
209 212
210 280
211 213
211 231
211 383
212 220
212 222
212 240
213 234
213 273
213 542
213 581
216 232
218 454
219 465
220 221
220 222
220 223
220 240
220 496
220 529
220 533
220 553
221 222
221 226
221 529
221 530
221 533
221 535
221 536
222 223
222 224
222 245
222 397
222 529
222 533
222 553
223 224
223 397
223 399
223 533
224 225
224 397
224 533
225 534
226 227
226 529
226 535
226 536
227 535
227 536
228 244
228 250
229 230
229 231
229 238
229 239
229 265
230 231
230 233
230 237
230 239
230 511
230 581
231 238
231 239
231 265
232 265
232 269
233 234
234 509
235 276
235 436
235 484
235 546
236 237
236 247
236 286
236 289
236 547
237 247
237 567
238 239
238 240
239 243
239 472
239 581
240 549
240 553
241 471
241 551
241 552
242 552
245 532
246 531
247 250
247 289
247 556
248 278
249 251
249 489
252 266
252 269
253 254
255 262
255 264
255 570
256 269
257 294
258 259
258 260
258 296
259 261
259 296
259 299
260 294
260 538
261 386
261 592
262 263
262 264
262 266
262 269
262 271
262 566
263 570
264 271
264 272
264 571
265 273
266 269
267 270
268 269
270 277
270 560
270 570
271 272
271 571
272 466
272 571
274 283
275 277
276 279
277 278
281 298
281 568
284 427
285 583
285 585
286 481
287 584
288 586
289 556
296 594
297 327
298 596
300 600
302 305
302 317
302 322
302 325
302 583
304 305
304 308
304 319
304 321
304 322
304 324
305 317
305 319
305 320
305 321
305 322
305 324
305 583
306 309
306 310
307 310
308 324
308 326
308 331
311 317
312 318
312 319
312 320
312 324
312 326
312 328
312 329
312 333
313 525
314 315
316 319
317 321
317 322
317 389
317 583
318 319
318 320
318 324
318 329
318 331
318 333
319 320
319 324
319 329
320 323
320 324
320 328
320 329
320 332
320 333
321 389
322 323
322 325
322 583
323 329
324 326
324 328
324 329
324 331
324 332
324 333
324 334
324 582
325 546
326 328
326 329
326 339
328 329
328 333
328 334
329 332
329 333
330 365
330 427
331 333
332 333
332 334
332 335
333 334
337 341
337 342
337 344
337 346
337 406
337 410
338 380
340 342
340 344
340 346
340 409
340 410
340 491
341 342
341 344
341 346
341 348
341 349
341 350
341 357
341 396
341 410
341 411
342 344
342 346
342 348
342 349
342 409
342 410
342 411
343 347
343 433
343 434
343 446
344 346
344 347
344 348
344 349
344 354
344 409
344 410
345 351
345 352
345 357
345 358
345 359
345 360
345 361
345 362
345 363
345 413
345 414
345 440
345 447
346 348
346 349
346 354
346 409
346 410
346 411
347 348
347 446
348 349
348 353
348 354
348 356
348 379
348 396
348 406
348 408
348 409
348 410
348 420
349 354
349 396
349 409
349 410
350 357
350 379
350 398
350 406
350 412
350 413
350 418
350 440
350 446
351 352
351 357
351 358
351 359
351 360
351 361
351 362
351 363
351 412
351 413
351 414
351 440
352 358
352 359
352 360
352 361
352 362
352 363
352 414
352 440
353 354
353 356
353 404
353 409
353 422
353 437
353 443
354 356
354 409
356 409
356 443
356 444
357 358
357 362
357 398
357 412
357 413
357 414
357 418
357 440
357 446
358 359
358 360
358 361
358 362
358 363
358 412
358 413
358 414
358 440
359 360
359 361
359 362
359 363
359 413
359 414
359 440
359 447
360 361
360 362
360 363
360 414
361 362
361 363
361 412
361 413
361 414
362 363
362 412
362 413
362 414
362 440
363 414
363 440
364 434
364 598
364 599
365 372
365 427
365 434
367 371
367 405
367 485
368 370
369 440
370 598
375 404
375 405
375 406
375 420
375 422
375 430
375 434
376 405
377 380
377 381
378 405
378 420
379 406
379 446
380 381
384 385
384 390
384 393
384 494
384 495
387 539
387 569
387 589
388 389
388 580
390 391
390 393
390 494
390 496
390 497
390 499
390 514
391 399
391 489
391 494
391 496
391 497
393 394
393 395
393 419
393 454
393 494
393 495
394 454
395 417
396 398
396 407
396 408
396 409
396 410
397 399
397 533
398 400
398 401
398 408
398 413
399 454
399 496
399 532
399 533
399 534
399 561
400 401
401 412
401 416
403 404
403 406
403 422
404 405
404 406
404 420
404 422
405 406
406 409
406 420
406 446
407 408
407 491
408 491
409 410
409 411
411 413
412 413
412 414
412 416
412 418
412 440
412 443
413 414
413 440
414 440
415 519
416 418
418 440
418 446
419 451
419 499
419 502
419 504
420 422
421 459
422 424
423 424
424 450
424 451
425 448
427 558
428 537
431 433
433 446
436 578
438 506
439 443
439 552
440 446
440 447
442 464
445 447
448 449
448 466
449 461
450 459
451 490
451 492
451 514
452 467
453 574
454 501
454 503
454 527
454 543
457 552
458 538
458 575
459 473
460 490
460 494
460 496
460 501
460 503
460 513
460 516
460 520
460 528
463 560
465 501
465 502
465 503
465 515
465 520
465 528
465 543
466 468
467 543
468 521
468 571
468 574
472 476
474 490
474 503
474 514
474 528
475 479
478 549
480 483
482 483
484 546
489 511
489 519
490 492
490 494
490 497
490 503
490 505
490 510
490 512
490 513
490 514
490 520
490 528
493 496
493 497
493 513
493 514
493 516
493 520
493 532
494 496
494 497
494 499
494 503
494 514
495 496
496 497
496 502
496 503
496 505
496 514
496 516
496 529
496 532
497 503
497 514
498 515
498 520
498 527
499 504
501 503
501 515
501 543
502 503
502 504
503 505
503 513
503 514
503 516
503 520
503 528
505 514
505 516
505 520
505 532
507 572
508 572
510 512
510 514
511 549
512 513
512 516
512 524
513 516
513 524
513 525
513 528
514 516
514 524
515 520
515 525
515 543
516 517
516 524
516 528
518 542
519 520
519 527
519 532
520 525
520 527
520 528
520 543
520 545
520 557
521 541
521 544
523 525
524 526
525 526
525 527
525 559
529 533
529 535
529 536
531 553
535 536
540 562
540 567
541 544
541 554
541 573
544 554
544 573
548 551
550 554
553 555
560 570
560 574
564 565
565 597
566 569
566 571
569 571
570 572
570 574
571 574
571 577
576 577
588 591
590 600
594 595
594 597
595 597
596 597
598 599
