600 1797

1 4
1 105
1 302
1 395
2 3
2 4
2 11
2 93
2 94
2 95
2 98
2 100
2 101
2 106
2 110
2 184
2 189
2 282
2 283
2 301
2 302
2 303
2 384
2 385
2 389
2 393
2 394
2 396
2 487
2 489
2 493
2 495
3 11
3 20
3 94
3 98
3 100
3 283
3 389
3 394
3 398
3 489
4 5
4 23
4 106
4 220
4 282
4 301
4 302
4 304
4 305
4 336
4 390
4 391
4 395
4 469
4 489
5 20
5 21
5 24
5 30
5 37
5 100
5 106
5 304
5 320
5 321
5 324
5 329
5 335
5 336
5 389
5 390
5 489
6 7
6 18
6 37
6 94
6 100
6 310
6 312
6 319
7 21
7 37
7 100
7 308
7 312
7 326
7 331
8 283
8 309
9 94
9 100
10 326
11 18
11 20
11 21
11 37
11 93
11 94
11 95
11 98
11 100
11 101
11 103
11 106
11 304
11 317
11 321
11 384
11 385
11 388
11 389
11 394
11 398
11 489
11 495
12 14
12 15
12 16
12 18
12 19
12 315
12 317
12 318
12 319
13 272
14 315
15 16
15 313
15 315
15 316
16 18
16 19
16 314
16 315
16 316
16 318
16 319
17 470
17 580
18 19
18 94
18 100
18 315
18 317
18 318
18 319
18 389
18 526
19 312
19 315
19 318
19 319
20 21
20 29
20 37
20 94
20 98
20 100
20 103
20 106
20 303
20 304
20 317
20 320
20 321
20 324
20 329
20 331
20 336
20 388
20 389
20 390
20 489
20 495
21 24
21 29
21 37
21 100
21 106
21 303
21 304
21 308
21 320
21 321
21 324
21 326
21 329
21 331
21 336
21 388
21 389
21 390
21 489
22 26
22 28
22 30
22 31
22 391
23 24
23 30
23 220
23 328
23 329
23 336
23 391
23 397
24 26
24 27
24 29
24 30
24 304
24 326
24 329
24 331
24 333
24 336
25 28
25 583
26 27
26 30
26 328
26 329
26 332
26 391
27 30
27 328
27 329
28 31
28 327
29 37
29 312
29 317
29 321
29 326
29 331
29 389
30 32
30 36
30 220
30 221
30 328
30 329
30 332
30 336
30 391
30 392
31 237
31 322
31 323
31 328
31 330
31 332
31 391
31 529
32 35
32 333
32 334
32 335
32 336
33 35
33 38
33 220
33 221
33 237
33 391
33 392
33 530
33 533
33 553
34 223
35 38
35 323
35 324
35 327
35 333
35 335
35 336
35 391
35 392
35 530
35 533
36 38
36 220
36 221
36 391
36 392
36 530
37 100
37 303
37 304
37 308
37 312
37 320
37 321
37 326
37 329
37 331
37 388
37 389
37 489
38 102
38 220
38 221
38 336
38 391
38 392
38 397
38 530
38 533
38 553
39 42
39 88
39 89
39 107
39 115
39 116
40 63
40 74
40 75
40 355
40 440
41 42
41 43
41 45
41 46
41 47
41 48
41 89
41 342
41 346
41 347
42 48
42 88
42 89
42 115
42 116
43 48
43 140
43 141
44 47
44 48
44 50
44 51
44 54
44 58
44 60
44 61
44 80
44 86
44 87
44 140
44 341
44 353
44 354
44 355
44 356
44 357
44 373
45 46
46 48
47 48
47 53
47 54
47 89
47 91
47 346
47 347
47 357
47 373
47 380
48 51
48 54
48 89
48 342
48 346
48 347
49 425
50 51
50 58
50 61
50 62
50 63
50 345
50 354
50 355
50 356
50 358
50 362
51 54
51 56
51 58
51 60
51 61
51 62
51 341
51 345
51 354
51 355
51 356
51 357
51 358
51 362
52 88
52 116
52 124
53 56
53 144
53 348
53 353
54 56
54 60
54 61
54 349
54 353
54 354
54 356
55 348
55 359
55 413
56 58
56 60
56 341
56 353
56 354
56 356
56 357
57 65
57 68
57 69
57 70
57 125
57 292
57 366
57 368
58 61
58 63
58 80
58 81
58 86
58 87
58 341
58 345
58 354
58 355
58 356
58 357
58 358
58 362
59 62
59 67
60 61
60 127
60 341
60 349
60 353
60 354
60 356
60 438
61 62
61 63
61 80
61 140
61 341
61 354
61 355
61 356
61 358
61 362
62 66
62 67
62 352
62 358
62 362
62 363
63 64
63 78
63 80
63 354
63 355
63 356
65 68
65 135
66 67
68 69
68 70
68 72
68 76
68 80
68 82
68 126
68 129
68 135
68 140
68 185
68 364
68 365
68 368
68 429
69 70
69 71
69 76
69 135
69 364
69 365
69 368
70 72
70 76
70 78
70 82
70 135
70 140
70 364
70 365
70 368
71 296
71 297
72 135
72 368
73 436
74 368
74 369
75 78
75 80
75 82
75 86
75 87
75 126
75 135
75 140
75 354
75 355
75 372
75 373
75 374
75 377
75 378
75 380
75 425
76 82
76 129
76 135
76 300
76 357
76 364
76 365
76 370
76 429
76 439
76 596
77 78
77 82
77 126
77 140
77 370
77 373
77 429
78 80
78 82
78 135
78 140
78 144
78 355
78 357
78 364
78 365
78 368
78 369
78 370
78 372
78 373
78 429
79 130
80 81
80 82
80 87
80 126
80 135
80 140
80 347
80 357
80 365
80 367
80 370
80 373
80 374
80 377
80 380
80 429
80 537
81 347
81 373
81 374
81 376
81 377
81 380
82 126
82 129
82 134
82 135
82 140
82 144
82 355
82 357
82 364
82 365
82 368
82 369
82 370
82 372
82 373
82 376
82 429
82 441
83 201
84 86
84 87
84 374
84 377
84 380
85 86
85 377
85 380
86 87
86 347
86 373
86 377
86 380
86 381
87 347
87 367
87 373
87 374
87 377
87 380
87 425
88 89
88 115
88 116
88 126
88 130
89 115
89 116
90 434
91 140
91 369
91 372
92 184
92 187
92 225
92 286
92 559
93 94
93 95
93 187
93 189
93 191
93 384
93 385
94 95
94 98
94 100
94 101
94 106
94 184
94 189
94 283
94 317
94 384
94 389
94 489
95 101
95 104
95 107
95 110
95 117
95 184
95 187
95 189
95 191
95 283
95 384
95 385
95 409
95 487
95 493
95 504
96 411
97 99
97 387
98 100
98 103
98 106
98 283
98 388
98 389
98 390
98 398
98 489
99 403
100 103
100 106
100 283
100 303
100 304
100 317
100 321
100 331
100 384
100 388
100 389
100 390
100 398
100 411
100 489
100 495
101 184
101 189
101 191
101 194
101 384
101 394
101 489
102 221
102 336
102 391
102 392
103 106
103 388
103 389
103 390
103 395
103 398
103 411
103 489
103 495
104 107
104 108
104 110
104 189
104 191
104 192
104 194
104 393
105 195
105 225
105 282
105 302
105 393
105 395
105 401
105 417
105 445
105 579
106 282
106 283
106 301
106 302
106 303
106 304
106 321
106 384
106 388
106 389
106 390
106 393
106 395
106 396
106 398
106 411
106 489
106 495
107 108
107 110
107 111
107 115
107 189
107 191
107 204
107 393
108 110
108 111
108 114
108 119
108 189
108 191
108 192
108 196
109 191
109 192
109 194
109 494
110 111
110 189
110 223
110 283
110 393
110 400
110 401
111 115
111 191
112 130
113 114
113 130
113 201
113 213
114 201
114 213
115 116
115 137
115 204
116 337
117 118
117 401
118 120
118 410
118 411
119 196
119 223
119 225
119 291
119 401
119 412
119 417
119 445
120 348
120 413
121 145
121 147
122 151
122 164
123 124
123 416
125 196
125 225
125 290
125 417
125 445
126 140
126 347
126 364
126 365
126 373
126 429
128 242
128 450
129 135
129 142
129 147
129 150
129 364
129 422
129 429
129 439
129 441
129 548
130 201
131 190
131 208
131 231
131 259
131 263
131 265
131 268
131 510
131 512
132 133
133 134
133 138
133 185
133 429
134 429
134 430
135 140
135 357
135 364
135 365
135 368
135 370
135 429
136 160
136 506
139 141
140 141
140 355
140 356
140 365
140 370
140 373
140 374
140 429
141 199
142 441
143 439
144 364
144 368
144 439
145 146
145 147
145 412
145 445
147 150
148 163
148 442
149 422
149 437
150 437
151 199
152 169
153 155
153 272
154 218
154 276
155 156
155 157
155 267
156 157
156 268
158 462
159 160
159 196
160 167
160 235
161 199
162 415
163 253
163 464
165 415
166 436
166 471
168 598
169 171
170 457
170 572
170 588
171 216
171 250
171 557
172 560
173 597
174 283
174 480
175 213
176 255
177 179
178 183
178 255
178 258
179 290
180 203
181 291
182 509
184 189
184 194
184 282
184 283
184 301
184 384
184 487
184 503
185 364
185 429
185 439
185 443
186 364
187 189
187 191
187 207
188 190
188 210
188 229
188 230
189 191
189 192
189 194
189 204
189 283
189 384
189 393
189 409
189 493
189 504
190 208
190 209
190 210
190 229
191 192
191 194
191 202
191 204
191 504
192 193
192 194
192 202
193 194
194 202
194 394
194 496
194 505
195 196
195 225
195 417
196 213
196 225
197 198
197 203
198 201
198 202
198 203
198 213
200 279
200 281
202 203
202 211
202 213
202 214
202 215
202 234
203 204
203 213
204 504
205 325
205 597
206 207
206 256
208 259
208 451
208 490
208 510
208 512
208 513
208 514
208 564
208 570
208 574
209 210
209 211
210 269
211 215
211 231
211 232
211 234
211 244
211 542
212 494
213 234
213 276
216 217
216 280
219 254
220 221
220 391
220 392
220 397
220 530
220 533
221 391
221 392
221 397
221 530
221 533
221 553
222 240
222 245
223 399
224 241
225 290
225 417
225 445
226 464
226 535
226 536
227 535
227 536
228 262
229 230
229 231
229 244
229 265
230 231
230 233
230 244
230 511
230 520
230 542
230 581
231 244
231 265
231 266
231 541
231 565
232 234
232 241
232 269
233 234
234 244
234 276
236 244
236 547
238 240
239 246
240 532
241 244
242 552
243 294
244 542
246 262
246 531
246 600
247 252
248 250
249 251
249 580
250 252
250 558
250 560
250 561
252 268
252 459
252 560
253 462
253 463
254 268
255 258
257 261
257 293
257 294
257 299
258 259
258 263
258 265
258 295
258 510
259 263
259 265
260 261
260 263
260 281
260 294
260 298
260 299
260 590
260 592
261 263
261 281
261 293
261 294
261 299
261 588
261 592
262 263
262 468
263 265
263 266
263 279
263 510
263 565
263 566
264 300
265 266
265 279
265 295
265 541
265 565
266 279
267 275
267 453
267 578
268 273
268 279
269 276
269 569
270 451
271 274
274 279
274 519
277 278
278 279
279 565
280 472
282 301
282 302
282 304
282 390
282 393
282 394
282 395
282 489
282 495
283 301
283 384
283 385
283 393
283 489
283 493
283 580
284 586
285 286
285 583
286 287
286 289
286 511
286 542
286 581
286 584
286 585
288 586
289 586
293 294
294 295
294 299
294 588
294 590
295 296
295 297
295 299
295 300
295 541
295 565
295 588
295 590
295 597
295 600
296 297
298 299
298 300
298 546
298 590
298 595
298 597
298 600
299 300
299 539
299 588
299 590
299 597
300 538
300 589
300 590
300 597
300 600
301 302
301 384
301 385
301 390
301 487
301 489
302 304
302 385
302 390
302 395
302 487
302 489
302 495
303 304
303 308
303 321
303 388
303 389
303 489
304 305
304 308
304 320
304 321
304 324
304 329
304 335
304 336
304 389
304 390
304 489
305 327
305 335
305 336
306 309
307 309
311 316
312 319
312 326
312 331
315 316
315 317
315 318
315 319
317 319
317 320
317 321
317 389
318 319
320 321
320 329
320 389
321 329
321 331
321 336
321 388
321 389
321 390
321 489
321 495
322 330
322 391
322 529
323 327
323 328
323 332
323 533
324 328
324 329
324 335
324 336
326 329
326 331
328 329
328 332
328 391
328 484
328 549
329 331
329 333
329 335
329 336
330 332
330 529
332 391
332 462
332 529
332 549
333 335
333 336
334 433
335 336
335 533
336 390
336 391
336 392
336 533
337 340
337 344
338 342
338 346
339 347
339 373
339 380
339 381
339 382
341 345
341 353
341 354
341 356
341 357
341 358
342 343
342 346
342 347
343 346
343 347
344 348
345 354
345 356
345 358
345 362
345 363
346 347
346 446
347 357
347 373
347 377
347 380
347 434
348 368
348 369
348 375
348 413
349 353
349 354
349 363
350 446
351 352
351 358
351 362
352 358
352 360
352 362
352 363
353 354
353 356
353 357
353 359
354 355
354 356
354 357
354 358
354 363
355 356
355 358
356 357
356 358
356 362
356 363
357 359
357 364
357 367
357 370
357 371
357 372
357 373
357 376
357 377
357 429
358 362
358 363
359 369
359 371
360 361
360 362
360 363
361 363
362 363
364 365
364 368
364 369
364 370
364 371
364 372
364 373
364 376
364 429
364 434
364 444
364 598
365 368
365 370
365 372
365 373
365 376
365 377
365 429
366 473
367 371
367 373
367 376
367 377
367 380
367 429
368 369
368 370
368 372
368 429
369 371
369 372
369 375
370 371
370 372
370 373
370 376
370 429
370 598
371 372
371 373
371 376
371 377
371 380
371 429
372 373
372 375
372 376
372 377
372 429
372 430
373 374
373 376
373 377
373 380
373 429
373 434
374 377
374 380
374 425
375 376
375 381
376 377
376 428
376 429
376 430
376 434
376 598
377 380
377 434
378 381
378 414
378 419
379 380
380 381
380 382
380 425
380 434
381 405
383 487
384 385
384 389
384 393
384 394
384 409
384 487
384 489
384 493
384 503
384 504
385 388
385 409
385 495
386 387
388 389
388 398
388 411
388 489
388 495
389 390
389 398
389 489
389 495
390 391
390 395
390 396
390 489
390 495
391 392
391 397
391 530
391 533
392 397
392 530
392 533
392 553
393 394
393 395
393 396
393 398
393 399
393 401
393 409
393 489
393 493
393 495
394 396
394 398
394 407
394 489
394 493
394 495
394 496
395 396
395 397
395 398
395 401
395 411
395 417
395 445
395 489
395 495
395 579
396 411
396 489
397 533
398 409
398 411
398 489
398 495
399 467
399 511
399 534
401 417
401 445
401 467
401 495
402 594
403 404
403 422
403 461
406 435
407 408
407 492
407 493
407 496
407 504
407 505
408 492
408 494
408 496
408 505
409 493
409 504
410 411
411 489
411 495
412 418
412 445
415 466
417 445
417 467
417 579
418 449
420 589
420 599
421 422
422 435
422 437
422 461
423 424
423 449
425 436
426 434
427 591
428 434
429 434
429 598
430 431
432 434
435 461
438 447
445 579
448 449
448 461
450 510
450 600
451 490
451 512
451 514
451 515
451 528
451 574
452 453
452 458
453 454
454 556
455 456
456 502
456 503
460 501
460 524
460 527
462 529
463 563
465 466
465 515
467 534
470 481
470 482
474 524
475 476
476 588
477 526
478 558
478 587
479 502
483 488
484 486
485 511
487 586
488 568
489 495
490 508
490 512
490 513
490 514
490 521
490 528
490 544
490 561
490 564
490 570
490 573
490 574
491 492
491 573
492 521
493 496
493 503
493 504
493 505
493 511
494 496
494 513
494 516
496 505
497 520
498 520
499 500
499 568
502 503
502 504
502 505
502 517
502 576
503 504
505 516
507 509
508 512
508 513
508 514
508 527
508 544
508 564
509 522
509 542
509 577
510 512
510 513
510 514
510 538
510 541
510 564
510 570
511 520
511 540
511 542
511 580
511 581
512 513
512 514
512 518
512 564
512 567
512 570
513 514
513 521
513 528
513 542
513 544
513 564
514 544
514 564
514 567
514 570
520 542
520 581
521 544
523 526
523 562
524 527
525 526
528 573
530 533
530 549
530 553
532 600
533 553
535 536
538 564
538 565
538 570
538 588
538 589
538 593
539 597
541 545
541 554
541 594
541 600
542 545
542 581
543 544
549 553
550 563
550 575
551 552
551 555
554 600
558 560
560 561
560 570
564 570
564 593
568 597
571 574
580 581
582 583
588 590
588 591
588 592
588 593
588 600
589 593
590 593
590 596
590 597
590 600
591 593
591 600
593 597
593 600
595 596
595 597
596 597
599 600
