600 1797

1 305
2 4
2 5
2 20
2 22
2 93
2 94
2 95
2 98
2 100
2 101
2 104
2 105
2 106
2 110
2 184
2 282
2 301
2 302
2 303
2 304
2 305
2 308
2 317
2 321
2 322
2 323
2 324
2 389
2 390
2 391
2 398
2 400
2 401
2 487
3 6
3 11
4 20
4 21
4 22
4 25
4 98
4 100
4 101
4 302
4 304
4 305
4 321
4 322
4 323
4 324
4 325
4 389
4 390
4 391
4 400
5 11
5 12
5 18
5 20
5 94
5 98
5 301
5 303
5 304
5 305
5 308
5 317
5 319
5 321
5 390
5 400
7 217
8 568
9 295
10 13
11 12
11 18
11 20
11 94
11 96
11 97
11 98
11 99
11 311
11 317
11 319
12 16
12 18
12 315
12 317
12 319
13 62
14 318
15 16
15 313
16 18
16 306
16 312
16 315
16 316
16 319
17 166
18 20
18 98
18 315
18 317
18 319
19 20
19 318
19 319
19 320
20 94
20 98
20 100
20 120
20 302
20 303
20 304
20 305
20 308
20 317
20 319
20 320
20 321
20 323
20 390
20 398
20 400
21 26
21 37
21 38
21 100
21 101
21 120
21 320
21 324
21 334
21 336
22 25
22 85
22 100
22 302
22 304
22 305
22 321
22 322
22 323
22 324
22 390
22 391
23 26
23 28
24 29
25 173
25 284
25 322
25 323
25 324
25 325
26 28
26 329
27 30
28 328
28 329
28 332
29 308
29 312
29 326
30 32
30 324
31 34
31 36
31 328
31 329
31 582
32 35
32 331
33 329
34 38
34 328
34 329
34 330
34 332
34 335
35 333
36 38
36 328
36 329
36 332
36 335
37 102
37 320
37 334
38 329
38 330
38 332
38 333
38 334
38 335
38 336
39 42
39 83
39 112
39 113
39 114
39 129
39 372
39 404
39 406
39 419
39 420
39 421
39 422
39 433
40 352
40 427
41 45
41 48
42 47
42 56
42 112
42 113
42 114
42 115
42 340
42 404
42 406
42 419
42 425
43 339
44 58
44 61
44 65
44 139
44 341
44 354
44 355
44 357
44 358
44 362
44 421
44 424
44 450
45 46
47 56
47 112
47 114
47 344
48 52
48 346
49 65
49 139
49 140
49 150
49 151
49 152
49 339
49 448
50 60
50 64
50 145
50 348
50 351
50 412
50 414
50 418
50 439
50 447
51 59
51 63
51 66
51 341
51 345
51 358
53 56
53 60
53 61
53 63
53 64
53 65
53 79
53 112
53 129
53 341
53 348
53 353
53 357
53 358
53 410
53 421
53 423
53 424
53 444
54 58
55 413
55 416
56 60
56 61
56 63
56 64
56 65
56 83
56 112
56 129
56 341
56 348
56 353
56 358
56 403
56 410
56 418
56 421
56 422
56 423
56 424
56 444
57 62
57 65
57 357
58 61
58 341
58 355
58 356
58 357
58 358
58 362
59 60
59 361
60 61
60 63
60 64
60 66
60 112
60 348
60 351
60 353
60 358
60 359
60 363
60 418
60 421
60 423
60 424
61 63
61 65
61 66
61 341
61 348
61 353
61 354
61 355
61 357
61 358
61 362
61 363
61 440
63 65
63 66
63 152
63 341
63 355
63 358
64 112
64 348
64 358
64 359
64 410
64 418
64 423
64 424
64 441
64 444
65 66
65 129
65 139
65 140
65 152
65 353
65 354
65 355
65 357
65 358
65 362
65 421
65 424
65 431
65 450
66 341
66 353
66 355
66 358
66 362
66 363
67 363
68 429
69 72
69 79
69 137
70 72
71 81
71 426
72 368
72 370
73 75
73 375
74 75
75 369
76 298
76 299
77 82
78 372
78 420
79 80
79 81
79 83
79 112
79 129
79 130
79 137
79 138
79 139
79 140
79 358
79 372
79 373
79 375
79 403
79 421
79 422
79 423
79 431
79 433
80 138
80 140
80 358
80 431
81 140
81 149
81 374
81 422
81 433
82 83
82 91
82 129
82 139
83 126
83 129
83 130
83 137
83 139
83 371
83 372
83 375
83 403
83 421
83 422
83 433
83 440
84 87
84 89
84 91
84 377
84 380
84 381
84 382
86 87
86 89
86 378
86 380
86 381
87 89
87 90
87 91
87 380
87 381
88 405
89 91
89 380
89 381
89 405
91 338
91 360
91 377
91 380
91 382
92 93
92 95
92 184
92 187
92 189
92 224
92 283
92 384
92 487
92 586
93 94
93 95
93 101
93 104
93 110
93 184
93 303
93 304
93 314
93 389
93 390
93 391
93 487
94 95
94 98
94 99
94 100
94 282
94 301
94 302
94 303
94 304
94 305
94 308
94 317
94 321
94 389
94 390
94 391
94 398
94 400
95 100
95 101
95 104
95 105
95 110
95 119
95 184
95 321
95 384
95 389
95 390
95 391
95 395
95 398
95 400
95 401
95 487
96 99
96 386
97 99
97 386
98 100
98 120
98 302
98 303
98 304
98 305
98 308
98 317
98 319
98 320
98 321
98 322
98 323
98 389
98 390
98 391
98 398
98 400
99 262
99 301
99 317
99 386
99 502
99 579
100 101
100 105
100 110
100 120
100 303
100 304
100 305
100 317
100 319
100 320
100 321
100 322
100 323
100 334
100 336
100 389
100 390
100 391
100 398
100 400
100 401
101 104
101 105
101 106
101 110
101 119
101 120
101 121
101 305
101 321
101 322
101 389
101 390
101 391
101 395
101 398
101 400
101 401
103 120
104 105
104 106
104 107
104 110
104 111
104 119
104 187
104 189
104 196
104 203
104 204
104 384
104 389
104 390
104 391
104 395
104 398
104 401
105 106
105 110
105 119
105 120
105 121
105 189
105 321
105 389
105 390
105 391
105 395
105 398
105 400
105 401
106 110
106 119
106 189
106 223
106 282
106 390
106 391
106 392
106 395
106 397
106 398
106 399
106 401
107 108
107 109
107 117
107 171
107 192
107 196
107 202
107 214
107 223
107 393
107 394
108 109
108 171
108 192
108 202
108 207
108 211
108 214
108 218
108 274
109 117
109 176
109 191
109 192
109 194
109 196
109 202
109 212
109 214
109 223
109 274
109 393
109 394
110 111
110 119
110 184
110 189
110 223
110 389
110 390
110 391
110 392
110 395
110 398
110 400
110 401
111 395
111 537
112 114
112 129
112 131
112 137
112 140
112 298
112 353
112 403
112 421
112 422
112 423
112 424
113 114
113 115
113 404
113 406
113 491
114 115
114 404
114 406
114 424
114 451
114 491
115 123
115 404
115 406
115 491
116 188
116 204
116 396
116 408
117 118
117 171
117 191
117 192
117 194
117 202
117 215
117 274
117 394
117 495
117 516
118 147
119 121
119 189
119 196
119 223
119 224
119 389
119 390
119 391
119 395
119 398
119 399
119 401
120 121
120 305
120 321
120 389
120 390
120 398
120 400
120 401
121 401
122 204
123 125
123 416
124 409
126 139
126 339
127 372
127 375
128 541
129 137
129 139
129 140
129 358
129 371
129 372
129 375
129 420
129 421
129 422
129 423
129 440
130 137
130 139
130 140
130 403
130 419
130 422
131 435
131 451
132 137
132 403
133 428
134 162
134 428
135 205
135 291
135 365
136 198
137 138
137 403
137 422
138 139
138 140
138 354
138 431
138 440
139 140
139 152
139 339
139 354
139 355
139 358
139 421
139 422
139 423
139 431
139 433
139 444
139 446
140 141
140 150
140 152
140 339
140 354
140 374
140 379
140 422
140 430
140 431
140 433
140 434
140 440
140 444
140 446
140 448
141 150
141 152
141 199
141 339
141 448
142 435
143 225
144 341
144 358
144 444
146 447
148 432
148 437
149 440
150 152
150 339
150 430
150 446
150 448
152 339
152 379
152 446
152 448
153 552
154 157
154 190
155 161
155 452
155 454
155 464
155 560
156 543
157 191
158 159
159 473
160 203
160 456
163 277
163 563
164 219
165 278
166 249
166 472
167 171
167 276
167 471
167 483
168 269
169 476
170 258
170 260
170 293
170 476
170 566
170 568
171 192
172 183
172 248
172 252
172 269
172 475
174 249
174 477
174 526
175 177
175 480
175 483
177 482
178 255
178 590
179 483
180 185
180 380
181 485
182 215
183 252
183 255
183 260
184 189
184 487
184 586
186 257
186 275
187 188
187 203
187 384
188 295
188 393
188 402
189 196
189 223
189 224
189 225
189 282
189 283
189 289
189 390
189 391
189 395
189 399
189 401
189 487
189 489
189 586
191 194
192 196
192 202
192 207
192 211
192 212
192 214
192 274
192 495
193 212
194 196
194 394
195 196
195 200
195 224
195 497
196 202
196 214
196 224
196 399
196 489
196 498
197 212
198 383
198 501
201 203
201 204
201 506
202 214
202 274
202 394
206 207
206 211
206 231
206 259
207 211
208 209
208 264
208 265
208 271
208 281
209 216
209 231
209 243
209 256
209 265
209 273
209 513
209 518
209 542
209 564
210 494
211 212
211 214
211 215
211 216
211 217
211 218
211 222
211 231
211 267
211 274
211 495
211 508
212 214
212 215
212 216
212 218
212 222
212 274
213 231
213 243
213 256
213 258
213 265
213 266
213 267
213 271
213 273
213 278
214 274
215 274
215 493
215 495
215 516
216 231
216 267
216 273
217 218
217 231
218 222
218 274
219 273
220 287
221 222
221 223
221 397
221 530
221 533
221 536
221 553
222 223
222 533
222 553
223 224
223 392
223 393
223 394
223 395
223 397
223 399
223 533
224 225
224 244
224 245
224 391
224 399
224 489
224 529
224 584
225 399
225 445
225 489
225 497
225 529
225 534
225 584
226 529
227 536
228 245
228 263
228 282
228 283
228 387
228 547
228 579
228 581
228 583
228 584
229 230
229 234
229 240
229 511
229 581
230 234
230 240
230 244
230 245
230 489
230 511
230 540
230 549
230 581
231 256
231 259
231 265
231 267
231 273
231 493
231 517
231 542
231 564
232 233
232 239
233 548
233 561
234 581
235 251
236 238
236 239
236 240
236 247
236 478
236 540
236 547
236 556
236 573
236 583
236 588
237 583
238 239
238 240
238 247
238 540
238 548
238 556
239 240
239 241
239 243
239 247
239 269
240 245
240 540
240 549
240 553
241 291
241 551
242 307
242 590
243 258
243 265
243 266
243 273
243 593
244 245
244 286
244 489
244 540
244 549
244 581
244 583
244 584
245 263
245 489
245 540
245 547
245 549
245 581
245 583
245 584
246 263
247 478
247 556
247 588
248 250
248 269
248 478
248 558
248 561
249 251
249 303
250 252
250 253
250 254
250 268
250 277
250 558
250 561
252 254
252 260
252 268
252 269
252 270
252 561
254 268
254 270
254 561
255 258
255 265
255 266
255 270
255 271
256 265
256 267
256 567
258 260
258 265
258 266
258 269
258 270
258 271
258 278
259 267
260 268
260 270
260 271
260 278
261 592
261 593
262 497
262 502
262 504
263 540
263 547
264 278
264 574
265 266
265 267
265 270
265 271
265 273
265 278
265 281
265 564
265 574
266 267
266 269
266 270
266 271
266 278
267 273
268 270
268 277
268 278
268 570
268 576
269 271
270 271
270 278
271 278
272 277
273 281
275 575
277 570
277 576
278 281
278 574
278 577
279 280
280 578
282 283
282 290
282 390
282 391
282 487
282 497
282 579
283 290
283 489
283 584
283 586
285 286
285 291
285 583
286 287
286 291
286 489
286 529
286 547
286 581
286 583
286 584
287 332
288 289
288 585
290 292
290 390
290 391
290 445
290 497
290 584
293 294
296 300
297 300
298 300
299 300
299 600
300 596
300 598
301 308
301 312
302 304
302 305
302 308
302 321
302 322
302 323
302 324
302 390
302 400
303 304
303 305
303 308
303 319
303 321
303 323
304 305
304 308
304 319
304 321
304 322
304 323
304 324
304 326
304 389
304 390
304 398
304 400
305 308
305 317
305 320
305 321
305 322
305 323
305 324
305 327
305 389
305 390
305 398
305 400
306 309
306 310
306 312
308 312
308 317
308 319
308 321
308 326
308 400
311 557
315 317
315 319
317 319
317 321
317 390
317 400
318 319
318 331
319 320
319 321
319 400
320 321
320 334
320 336
320 400
321 322
321 323
321 324
321 389
321 390
321 391
321 398
321 400
321 401
322 323
322 324
322 325
322 390
322 391
322 400
323 324
323 325
323 334
323 400
324 326
324 334
328 329
328 330
328 332
329 330
329 332
329 333
329 582
330 332
330 333
330 335
332 333
332 335
334 336
337 405
338 339
338 382
339 446
339 448
340 342
341 348
341 355
341 357
341 358
341 362
341 363
341 421
341 423
341 424
341 440
341 444
342 343
343 346
343 347
343 349
344 410
346 349
348 353
348 357
348 358
348 359
348 410
348 418
348 421
348 423
348 424
348 444
350 409
351 412
351 414
351 418
351 447
352 360
353 354
353 358
353 421
353 423
354 355
354 362
354 419
354 440
355 356
355 358
355 362
355 421
355 440
356 362
357 358
357 423
358 362
358 363
358 421
358 422
358 423
358 424
358 440
358 444
359 361
359 363
361 363
362 363
364 576
366 429
367 373
371 375
372 375
372 420
372 421
372 422
372 433
373 376
374 434
375 420
375 421
375 430
375 431
375 433
375 440
377 378
377 380
377 381
378 380
378 381
379 419
379 430
379 431
379 446
379 448
380 381
380 405
381 405
384 389
384 395
384 398
384 474
385 406
386 579
387 539
387 547
387 579
387 588
387 595
387 597
388 389
389 390
389 391
389 395
389 398
389 400
389 401
389 487
390 391
390 395
390 398
390 400
390 401
390 445
391 395
391 398
391 399
391 401
391 445
391 487
391 584
392 395
392 397
393 394
393 395
393 495
393 505
393 516
394 397
394 495
394 505
394 516
395 398
395 399
395 401
396 408
396 492
397 399
397 411
397 530
397 533
398 400
398 401
399 401
399 489
399 529
403 422
404 406
404 420
404 424
406 407
406 419
406 420
406 491
408 425
408 492
409 410
410 423
410 424
412 414
412 418
412 443
412 447
414 418
415 416
417 497
417 580
418 444
419 420
419 425
419 430
419 431
419 446
420 421
420 424
420 450
420 599
421 422
421 423
421 424
421 431
421 433
421 440
421 444
422 423
422 431
422 433
422 444
423 424
423 440
423 444
424 444
424 450
424 451
425 491
425 492
425 501
428 429
428 432
430 431
430 433
430 434
430 435
430 446
431 433
431 434
431 440
431 446
433 434
433 446
434 437
434 446
434 461
435 450
435 451
435 459
435 490
435 510
436 446
437 462
438 441
442 455
442 515
445 497
445 584
446 448
449 541
449 596
450 451
451 490
451 491
452 454
452 560
453 511
453 540
453 549
454 464
455 575
457 481
457 500
457 569
457 578
458 465
458 499
458 519
460 514
461 466
461 545
463 558
467 489
467 498
467 519
467 521
467 532
467 534
468 545
469 575
470 471
473 523
474 523
474 587
478 556
478 558
478 561
478 588
479 559
482 484
484 486
485 567
487 586
488 569
489 498
489 529
489 532
489 540
489 549
489 581
489 584
490 494
490 514
491 492
493 495
493 513
493 517
493 542
494 496
494 514
495 505
495 509
495 516
497 504
497 529
498 520
498 532
498 594
502 504
503 516
505 516
507 508
511 520
511 542
511 551
511 564
511 571
512 514
513 517
513 518
513 542
514 515
518 525
518 542
520 521
520 540
520 542
520 571
520 573
521 540
521 544
521 581
522 562
524 525
525 527
525 565
526 559
528 578
529 546
529 547
529 549
529 583
529 584
530 533
531 541
532 533
532 549
532 553
533 553
535 536
538 571
538 574
539 595
540 547
540 549
540 556
540 573
540 581
540 583
540 584
540 588
542 564
542 571
543 545
546 549
546 584
547 549
547 556
547 573
547 581
547 583
547 584
547 588
548 550
548 556
548 558
548 561
548 588
548 589
549 562
549 581
549 584
550 552
550 554
551 555
556 571
556 573
556 588
558 561
560 570
564 571
566 568
569 570
570 576
571 572
571 573
573 581
573 588
576 577
581 583
581 584
583 584
588 591
589 591
595 597
