600 1799

1 290
2 322
3 7
3 308
4 11
4 22
5 24
5 29
5 324
6 264
7 15
7 249
7 485
8 486
9 15
10 266
11 19
11 21
11 94
11 319
11 320
12 14
12 15
12 16
12 309
12 313
13 313
14 15
14 16
14 17
14 315
14 316
14 318
15 17
15 313
15 315
15 316
16 17
16 318
16 319
17 19
17 37
17 316
17 318
18 98
18 100
18 103
18 319
18 389
18 391
19 23
19 37
19 237
19 320
19 333
19 334
19 336
20 21
20 95
20 98
20 100
20 101
20 103
20 319
20 321
20 322
20 390
21 30
21 33
21 36
21 100
21 101
21 220
21 237
21 287
21 319
21 320
21 321
21 323
21 324
21 329
21 332
21 335
21 336
21 530
22 31
23 303
24 326
25 230
26 31
26 34
26 36
26 237
26 286
26 287
26 328
27 32
28 31
28 327
29 32
29 312
29 331
30 33
30 36
30 220
30 237
30 323
30 324
30 328
30 329
30 332
30 335
31 34
31 36
31 287
31 327
31 328
32 312
33 35
33 36
33 38
33 101
33 220
33 221
33 237
33 287
33 320
33 321
33 323
33 328
33 329
33 332
33 333
33 334
33 335
33 336
33 530
34 36
34 99
34 220
34 287
34 327
34 328
34 332
34 335
34 529
34 530
34 553
34 584
35 37
35 38
35 221
35 333
35 334
36 38
36 220
36 221
36 237
36 287
36 328
36 332
36 333
36 334
36 335
36 529
36 530
37 38
37 221
37 334
37 336
37 392
38 220
38 221
38 237
38 333
38 334
38 335
38 336
38 392
38 530
39 42
39 47
39 115
39 116
40 44
40 49
40 54
40 58
40 82
40 142
40 355
40 418
41 42
41 43
41 45
41 46
41 48
41 54
41 58
41 89
41 337
41 342
41 349
41 411
42 43
42 45
42 46
42 48
42 54
42 58
42 88
42 89
42 115
42 337
42 340
42 342
42 349
43 45
43 48
43 54
43 89
43 338
43 343
43 347
43 349
43 356
44 49
44 58
44 61
44 63
44 75
44 82
44 134
44 138
44 161
44 341
44 353
44 355
44 356
44 357
44 359
44 372
45 46
45 48
45 54
45 58
45 89
45 337
45 342
45 343
45 346
45 349
46 48
46 54
46 89
46 337
46 342
46 343
46 346
46 347
46 349
46 409
47 116
47 340
47 406
48 52
48 54
48 89
48 337
48 338
48 342
48 343
48 346
48 347
49 58
49 61
49 63
49 75
49 79
49 82
49 134
49 141
49 150
49 341
49 353
49 355
49 357
49 359
49 418
49 440
49 448
50 51
50 59
50 63
51 124
51 345
52 343
52 345
52 352
52 416
53 54
53 60
53 61
53 348
54 58
54 61
54 89
54 142
54 337
54 338
54 340
54 342
54 343
54 344
54 346
54 347
54 348
54 349
54 350
54 353
54 356
54 409
54 418
55 59
55 60
55 64
56 60
56 413
57 64
57 358
58 61
58 63
58 124
58 138
58 344
58 349
58 350
58 353
58 355
58 356
58 357
58 409
58 418
59 64
59 311
59 351
60 61
60 64
60 66
60 348
60 353
60 354
60 356
60 357
60 359
60 363
60 413
61 63
61 75
61 82
61 339
61 341
61 344
61 348
61 349
61 353
61 355
61 356
61 357
61 359
61 363
61 415
61 418
61 444
61 448
62 345
62 351
62 352
62 358
63 65
63 75
63 82
63 355
64 152
66 354
66 363
67 351
67 414
68 355
68 383
69 70
69 71
69 365
69 367
69 368
69 370
69 373
69 592
71 129
71 364
71 370
71 592
71 593
72 77
73 75
74 368
74 369
74 372
75 79
75 82
75 355
76 145
76 148
76 293
76 427
76 428
77 175
78 82
79 81
79 83
79 90
79 126
79 140
79 341
79 359
79 368
79 430
80 546
81 90
81 122
81 126
81 140
81 339
81 341
81 364
81 380
82 126
82 134
82 138
82 141
82 150
82 161
82 355
82 372
82 430
83 129
83 140
83 141
83 370
83 421
83 422
83 430
84 86
84 87
85 442
86 87
86 377
86 380
87 377
87 380
88 89
88 95
88 115
88 116
88 130
88 138
88 204
88 376
88 405
89 115
89 337
89 342
89 349
89 409
89 411
90 126
91 354
91 381
92 487
93 98
94 101
94 103
95 101
95 109
95 117
95 118
95 390
95 396
96 144
97 99
97 104
97 262
97 386
97 439
97 529
97 530
98 100
98 101
98 103
98 104
98 105
98 321
98 389
98 391
98 530
99 203
99 262
99 529
100 101
100 103
100 104
100 319
100 320
100 321
100 336
100 389
100 390
100 391
100 392
100 530
101 103
101 104
101 105
101 319
101 321
101 386
101 390
101 391
101 395
101 530
102 336
103 104
103 105
103 317
103 319
103 321
103 386
103 390
103 391
103 397
103 530
104 105
104 109
104 117
104 321
104 386
104 388
104 390
104 391
104 395
104 397
104 398
104 530
105 106
105 389
105 390
105 391
105 395
105 397
105 399
105 533
106 110
106 223
106 392
106 395
106 397
107 109
107 113
107 114
107 115
107 116
107 154
107 191
107 194
107 197
107 199
107 295
107 403
108 189
108 192
109 116
109 117
109 118
109 396
109 398
109 410
110 111
110 223
110 283
112 130
112 197
112 199
112 404
112 423
112 424
113 114
113 115
113 116
113 130
113 199
113 403
114 190
114 191
114 194
114 199
114 271
115 116
115 204
115 406
115 407
115 409
116 204
116 340
116 402
116 406
116 407
116 409
116 410
116 435
117 118
117 299
117 396
117 398
118 396
118 398
119 534
120 401
121 360
122 126
122 141
122 339
123 416
124 350
125 156
125 157
125 418
126 141
126 150
127 278
127 537
128 131
128 264
128 273
128 450
128 539
129 141
129 148
129 341
129 370
129 420
129 421
129 422
129 434
129 440
129 448
129 592
130 138
131 539
132 426
133 134
133 135
133 227
133 371
133 372
133 429
133 430
133 432
133 437
133 536
134 138
134 161
134 162
134 227
134 372
134 430
134 432
134 437
135 186
135 370
135 429
135 458
136 148
136 158
136 159
136 194
136 201
136 203
136 431
136 440
136 446
136 456
137 138
138 161
138 430
138 432
139 430
140 368
140 370
140 430
140 434
141 341
141 422
141 440
141 577
142 144
142 344
142 409
142 418
142 441
143 415
143 439
143 596
145 147
145 429
145 437
145 448
145 458
146 175
146 568
148 158
148 159
148 160
148 163
148 203
148 219
148 415
148 418
148 428
148 437
148 440
148 448
148 456
148 458
149 461
150 442
150 466
151 272
153 155
153 157
153 196
153 224
153 233
153 272
153 449
153 467
153 515
154 158
154 163
154 191
154 194
154 197
154 203
155 156
155 157
155 454
155 543
156 157
156 225
156 454
156 543
156 545
157 225
157 418
157 439
157 454
157 534
157 543
157 545
158 159
158 163
158 275
158 428
158 455
158 456
158 464
158 577
159 160
159 163
159 203
159 415
159 428
159 437
159 440
159 446
159 455
159 456
159 458
159 577
160 415
160 421
160 422
160 428
160 440
160 448
160 456
161 372
161 430
161 432
161 458
162 165
162 254
163 254
163 418
163 437
163 454
163 455
163 456
163 458
163 464
163 515
163 543
164 272
165 379
165 458
165 469
166 168
166 471
167 197
168 507
169 559
170 538
170 542
171 524
172 478
172 560
173 479
174 461
175 176
175 177
175 178
175 179
175 182
175 183
175 255
175 480
175 481
175 482
175 483
175 484
175 486
176 177
176 178
176 179
176 181
176 255
176 288
176 293
176 427
176 480
176 481
176 482
176 483
176 566
176 585
177 178
177 179
177 181
177 182
177 183
177 255
177 288
177 427
177 480
177 481
177 482
177 483
177 484
177 485
177 486
177 566
177 585
178 179
178 183
178 255
178 480
178 481
178 482
178 483
178 484
178 486
178 566
179 181
179 182
179 184
179 255
179 288
179 293
179 427
179 480
179 481
179 482
179 483
179 484
179 485
179 566
179 585
180 185
180 294
180 484
180 563
181 480
181 483
182 255
182 480
182 481
183 255
183 269
183 480
183 484
183 488
183 566
183 585
187 283
188 295
190 208
190 209
191 192
191 193
191 194
191 210
192 193
192 194
192 212
193 212
194 201
194 203
194 262
195 202
196 202
196 213
196 224
196 233
196 251
196 467
197 199
197 217
197 403
197 423
198 200
198 203
198 502
198 504
199 201
199 203
199 281
199 403
199 404
199 423
199 435
199 500
199 504
199 524
200 201
200 203
200 215
200 281
200 502
200 504
201 203
201 281
201 408
201 419
201 435
202 214
203 339
203 370
203 415
203 419
203 423
203 425
203 439
203 440
203 443
203 448
203 458
203 502
203 504
204 409
204 435
205 434
206 567
207 581
208 209
209 212
211 212
211 231
211 581
214 218
216 280
218 267
220 221
220 237
220 287
220 328
220 332
220 333
220 334
220 335
220 336
220 529
220 530
220 553
221 223
221 320
221 334
221 336
221 392
222 223
222 240
222 333
222 532
222 533
224 245
224 531
225 244
225 246
225 439
225 534
226 236
226 238
226 239
226 243
226 548
227 426
227 437
227 536
227 537
228 263
228 282
229 230
229 231
229 511
229 520
229 540
229 542
229 551
229 581
230 495
230 511
230 520
230 581
231 265
231 511
231 542
231 551
231 581
232 270
232 544
233 234
233 520
235 265
236 265
236 284
236 547
237 286
237 287
237 328
237 329
237 332
237 333
237 334
237 335
237 530
237 584
238 239
238 243
238 547
238 548
238 550
239 247
239 252
239 540
239 548
240 244
240 549
240 554
241 551
242 341
242 370
242 429
242 438
242 439
242 440
242 448
244 246
244 534
244 549
245 531
246 387
246 534
247 252
247 560
248 250
248 556
250 561
252 548
252 560
253 254
253 558
254 463
254 464
254 558
254 561
255 256
255 257
255 258
255 269
255 288
255 480
255 481
255 482
255 483
255 486
255 538
255 566
255 567
255 585
256 258
256 310
256 512
256 538
256 572
258 538
258 567
258 588
259 261
260 293
261 294
261 297
262 298
262 529
265 542
266 479
267 274
268 528
268 570
270 279
272 467
272 468
275 455
276 434
277 576
277 577
280 281
282 417
282 439
282 443
283 389
283 580
284 285
284 547
285 547
285 582
286 287
286 327
286 328
286 584
287 327
287 328
287 332
287 335
287 529
287 530
287 553
287 584
288 480
288 481
288 482
288 483
288 486
288 585
289 290
289 487
289 547
289 586
290 484
291 540
291 547
291 587
292 322
293 427
294 591
296 421
296 422
296 430
300 595
300 597
301 322
302 305
302 322
302 390
302 447
304 307
304 324
305 322
306 309
309 313
312 331
314 485
315 316
318 319
319 320
319 336
319 392
320 321
320 324
320 329
320 334
320 335
320 336
320 392
321 322
321 335
321 336
321 390
321 391
321 392
321 530
323 324
323 325
323 329
324 326
324 329
324 336
327 328
327 332
327 584
328 332
328 333
328 335
328 584
330 332
332 333
332 334
332 335
332 529
332 530
332 553
332 584
333 334
333 335
333 336
333 530
334 335
334 336
334 530
335 445
335 529
335 530
336 391
336 392
337 338
337 340
337 342
337 343
337 344
337 346
337 347
337 349
337 350
337 406
337 407
337 409
337 411
337 416
338 339
338 340
338 342
338 343
338 344
338 346
338 347
338 349
338 381
338 382
339 341
339 344
339 347
339 353
339 356
339 357
339 359
339 364
339 380
339 381
339 382
339 415
339 421
339 425
339 440
339 445
339 448
339 529
339 592
340 342
340 343
340 344
340 346
340 347
340 349
340 396
340 405
340 406
340 407
340 409
340 410
340 416
341 353
341 355
341 356
341 357
341 359
341 364
341 415
341 421
341 434
341 440
341 445
341 448
341 592
342 343
342 344
342 346
342 347
342 349
342 350
342 409
342 411
343 344
343 346
343 347
343 349
343 382
343 396
343 409
344 346
344 348
344 349
344 350
344 353
344 356
344 359
344 396
344 398
344 405
344 406
344 409
344 410
344 441
345 351
345 352
345 362
345 441
346 347
346 349
346 350
346 409
347 349
347 356
347 381
348 353
348 359
349 350
349 353
349 356
349 406
349 409
349 418
351 352
351 358
351 362
351 447
352 390
353 354
353 355
353 356
353 357
353 359
353 363
353 415
353 418
353 437
353 444
353 445
353 448
354 356
354 359
354 363
355 356
355 357
355 359
355 418
356 357
356 359
356 363
356 409
356 418
356 444
357 359
357 418
357 440
357 444
357 448
358 360
359 363
359 418
359 448
361 412
361 414
364 370
364 420
364 421
364 434
364 439
364 445
364 592
365 368
365 370
365 429
366 368
367 368
367 370
367 425
368 370
368 372
369 429
370 420
370 421
370 429
370 434
370 440
370 592
370 596
372 430
372 432
374 377
374 380
375 376
375 430
377 380
377 381
378 405
380 381
384 395
385 401
386 390
386 530
387 459
389 391
389 397
389 533
389 579
390 395
390 396
390 405
391 397
391 530
393 394
393 395
393 408
394 408
394 502
395 396
395 397
395 398
395 416
396 398
396 405
396 406
396 409
396 410
396 416
396 419
397 399
397 533
398 400
398 405
398 409
398 410
398 411
398 416
399 401
399 412
399 533
401 412
403 406
403 423
404 423
405 406
406 407
406 408
406 409
406 410
406 435
406 461
406 500
407 408
407 409
407 506
408 435
408 492
408 494
409 410
409 411
410 419
412 445
412 594
415 420
415 421
415 425
415 429
415 437
415 439
415 440
415 443
415 448
415 454
415 456
416 417
417 489
417 497
418 426
418 437
418 444
418 448
418 454
418 456
418 462
418 543
419 425
419 435
419 502
419 504
420 421
420 439
420 592
420 596
420 599
421 422
421 428
421 429
421 430
421 434
421 440
421 448
422 430
423 425
423 429
423 439
423 458
423 504
425 440
425 446
425 448
425 458
425 504
426 456
426 457
427 457
427 480
427 481
427 483
427 484
427 598
428 440
428 455
428 456
429 430
429 437
429 458
430 432
430 437
430 458
432 461
433 586
434 440
434 592
434 596
435 461
435 500
435 504
436 488
437 448
437 454
437 456
437 464
437 543
438 440
438 448
439 440
439 441
439 443
439 445
439 448
439 504
439 529
439 530
439 534
439 553
440 446
440 448
442 455
443 448
443 592
444 537
445 529
445 530
445 592
445 594
448 456
448 543
448 590
448 592
450 510
451 490
451 491
451 494
451 501
451 510
451 512
451 513
451 514
452 453
452 525
452 545
452 552
453 463
453 527
453 545
454 456
454 462
454 464
454 515
454 543
454 545
455 456
455 464
455 576
455 577
456 458
456 464
456 543
456 577
457 481
460 469
460 557
462 515
462 537
463 464
463 465
463 558
463 561
463 576
464 515
464 543
464 577
465 576
465 577
468 515
470 509
472 523
473 488
474 501
475 478
475 556
476 556
476 570
477 500
479 562
480 481
480 482
480 483
480 484
480 486
480 566
480 585
481 482
481 483
481 484
481 486
481 566
482 483
482 484
482 486
482 585
483 484
483 486
483 585
484 585
489 532
490 501
490 510
490 512
490 513
491 514
492 494
492 496
493 494
493 495
493 496
493 503
493 507
493 511
493 512
493 513
493 521
494 495
494 496
494 501
494 503
494 509
494 513
494 514
495 496
495 503
495 511
495 513
495 514
496 503
496 514
498 520
498 521
499 505
501 503
502 504
503 513
503 514
503 516
505 517
505 578
505 600
507 513
507 564
508 510
508 512
510 512
510 513
511 581
512 513
513 521
513 523
514 518
515 543
517 519
518 519
519 520
519 521
520 521
521 542
522 528
526 559
528 570
529 530
529 549
529 553
530 553
530 594
532 533
535 570
536 537
538 541
538 542
538 567
538 588
540 542
540 547
540 548
541 542
541 566
542 560
543 545
544 570
544 571
546 581
547 551
547 582
548 550
549 553
550 562
551 555
553 584
558 561
559 562
560 570
560 573
565 574
565 589
567 585
567 588
569 573
575 576
576 577
576 578
582 583
589 592
592 593
592 596
594 595
599 600
