600 1798

1 582
2 4
2 93
2 94
3 6
3 21
4 5
4 22
4 23
4 290
5 20
5 22
5 23
5 25
5 29
5 304
5 308
5 312
5 326
5 359
7 308
8 12
8 178
9 13
9 15
10 392
11 21
11 94
11 100
11 191
11 223
11 320
11 395
11 397
11 400
11 401
11 530
12 13
12 15
12 16
12 17
12 18
12 19
12 37
12 110
12 313
12 315
12 316
12 317
12 318
12 319
12 336
13 15
13 18
13 37
13 102
13 110
13 311
13 313
13 316
13 388
13 562
14 16
14 17
14 19
15 17
15 18
15 37
15 102
15 110
15 251
15 283
15 309
15 313
15 315
15 316
15 388
15 479
15 559
15 562
15 580
16 17
16 19
16 20
16 38
16 94
16 98
16 221
16 315
16 318
16 319
16 393
17 18
17 19
17 37
17 309
17 313
17 315
17 318
17 319
17 479
17 580
18 37
18 98
18 100
18 102
18 110
18 283
18 315
18 316
18 317
18 318
18 319
18 320
18 334
18 385
18 388
18 389
18 400
18 477
18 479
18 557
18 562
18 580
19 20
19 22
19 35
19 38
19 94
19 98
19 143
19 221
19 315
19 318
19 319
19 322
19 393
20 21
20 22
20 23
20 35
20 38
20 221
20 286
20 321
20 322
20 323
20 393
20 395
20 582
20 583
21 38
21 94
21 221
21 223
21 224
21 307
21 321
21 393
21 395
21 496
21 530
22 23
22 25
22 26
22 28
22 31
22 35
22 36
22 38
22 221
22 285
22 286
22 287
22 305
22 321
22 322
22 323
22 332
22 393
22 582
22 583
22 584
23 25
23 26
23 28
23 30
23 31
23 35
23 221
23 284
23 285
23 286
23 305
23 323
23 324
23 327
23 329
23 332
23 333
23 582
23 583
24 30
24 32
24 324
24 326
24 329
24 331
24 333
25 238
25 242
25 289
25 291
25 305
25 323
25 325
25 551
26 28
26 35
26 285
26 286
26 323
26 332
27 30
27 329
27 333
28 31
28 284
28 285
28 286
28 323
28 327
28 330
28 332
28 445
29 32
29 304
29 308
29 312
29 326
29 331
30 31
30 32
30 35
30 324
30 329
30 333
31 35
31 284
31 285
31 286
31 323
31 328
31 330
31 332
32 35
32 286
32 324
32 326
32 329
32 331
32 333
33 34
34 35
34 286
34 323
35 36
35 38
35 221
35 285
35 286
35 320
35 322
35 323
35 327
35 329
35 332
35 333
35 335
35 583
36 38
36 320
36 323
36 332
37 38
37 98
37 100
37 102
37 110
37 111
37 283
37 313
37 315
37 316
37 317
37 318
37 319
37 320
37 334
37 336
37 385
37 388
37 389
37 400
37 477
37 479
37 557
37 562
37 580
38 53
38 94
38 98
38 120
38 221
38 285
38 286
38 317
38 319
38 320
38 321
38 322
38 323
38 327
38 334
38 335
38 386
38 389
38 393
38 395
38 398
38 530
38 582
38 583
39 42
39 67
39 164
39 272
40 358
41 42
41 46
41 48
42 48
43 44
43 48
43 57
43 89
43 91
44 57
44 58
44 152
44 341
44 357
45 48
45 144
45 166
45 294
47 60
47 68
47 114
47 115
47 116
47 352
47 418
47 446
48 90
48 91
48 261
48 281
49 151
49 353
50 121
50 147
50 534
51 63
51 345
52 152
53 119
53 120
53 123
53 285
53 530
54 91
55 496
56 60
57 65
57 374
57 446
58 355
58 356
59 562
60 64
60 205
61 348
62 352
63 276
63 363
64 114
64 121
64 351
64 408
64 413
64 494
64 534
65 122
65 153
66 353
66 362
67 169
67 272
68 129
68 134
68 140
68 149
68 150
68 190
68 364
68 374
68 422
68 423
68 425
68 428
68 430
68 434
68 437
68 446
68 450
68 510
69 70
69 71
69 129
70 72
71 262
71 365
73 403
74 508
75 174
76 77
76 128
78 372
79 80
79 135
79 140
80 126
80 134
80 140
80 141
80 373
80 403
80 425
80 429
80 434
80 437
81 90
81 139
82 129
83 85
83 86
83 87
83 365
83 376
83 377
84 86
84 87
84 376
84 380
85 86
85 87
85 377
85 380
86 87
86 130
86 376
86 377
86 378
86 379
86 380
86 381
87 88
87 130
87 376
87 377
87 378
87 379
87 380
87 381
88 89
88 377
88 381
89 91
89 130
90 91
90 125
90 415
90 419
90 425
92 96
93 95
94 107
94 221
94 223
94 286
94 530
95 103
96 128
96 408
96 494
96 496
97 120
97 386
97 494
98 100
98 315
98 317
98 320
98 322
98 401
99 595
100 283
100 320
100 336
100 389
101 554
102 110
102 207
102 230
102 266
102 283
102 315
102 316
102 318
102 336
102 391
102 392
102 400
102 511
102 562
102 580
103 104
103 106
103 118
103 192
103 384
104 117
104 192
104 384
105 192
105 224
106 118
106 187
106 188
106 189
106 192
106 195
106 200
106 201
106 202
106 207
106 211
106 230
106 392
106 495
107 221
107 393
107 395
107 530
108 384
108 393
108 395
108 436
108 530
109 118
109 192
109 394
110 111
110 313
110 315
110 316
110 317
110 319
110 385
110 388
110 396
110 400
110 496
110 504
110 562
110 580
111 303
111 385
111 393
111 396
111 398
111 400
111 411
111 496
111 504
111 530
112 129
113 115
114 116
114 117
114 126
114 190
114 204
114 404
114 446
115 116
116 117
116 408
116 416
116 446
116 514
117 126
117 151
117 187
117 191
117 196
117 416
117 435
117 446
117 490
118 192
118 195
118 201
118 202
118 211
118 394
119 120
119 147
119 223
119 395
119 397
119 399
119 401
119 467
119 494
119 530
119 533
120 386
120 395
120 398
120 401
120 408
120 467
120 494
120 496
120 503
120 504
120 530
121 147
121 397
121 401
121 413
121 443
121 494
121 534
122 141
122 153
122 155
122 164
122 261
122 264
122 272
122 274
122 281
122 298
122 419
122 466
123 152
123 413
123 451
124 187
125 152
125 196
125 415
125 417
125 419
125 436
125 492
125 519
126 141
126 374
126 435
126 446
126 448
127 128
127 129
128 131
128 599
129 296
129 364
130 376
130 377
130 378
130 380
130 381
131 190
131 423
131 510
132 160
132 428
133 428
134 140
134 149
134 151
134 161
134 190
134 204
134 425
134 428
134 430
134 434
134 437
134 446
134 510
134 512
136 458
137 138
137 150
140 141
140 149
140 151
140 204
140 425
140 434
140 437
140 446
141 153
141 155
141 164
141 261
141 272
141 298
141 374
141 416
141 422
141 425
141 434
141 446
141 448
141 461
141 466
141 594
142 144
142 242
142 375
142 438
142 529
142 550
142 551
144 331
144 439
145 147
145 246
146 322
146 443
146 447
147 399
147 534
148 164
148 272
149 162
149 204
149 425
149 428
149 437
149 446
150 151
150 416
150 422
150 434
150 437
150 440
150 446
150 448
150 450
150 594
151 416
151 417
151 423
151 425
151 430
151 434
151 435
151 446
151 448
151 450
151 458
151 503
151 504
152 196
152 204
152 413
152 446
152 451
153 155
153 159
153 164
153 261
153 272
153 274
153 298
153 416
153 449
153 454
153 461
153 466
154 159
154 197
154 199
154 231
154 280
155 164
155 208
155 217
155 264
155 272
155 298
155 300
155 453
155 454
155 456
155 466
156 157
156 544
157 209
157 545
158 177
158 455
159 164
159 442
161 279
161 512
162 462
163 232
163 254
163 463
163 527
164 199
164 261
164 272
164 274
164 296
164 466
164 592
165 281
167 174
168 172
168 475
170 282
170 570
171 197
172 252
173 316
173 477
174 316
174 526
174 559
175 251
176 559
177 179
177 181
178 314
179 251
179 354
180 354
181 288
182 342
183 258
183 566
184 421
185 314
186 428
187 435
187 490
188 192
188 200
188 201
188 203
188 207
188 211
188 230
188 295
189 197
189 200
189 207
189 211
189 230
189 231
189 245
189 273
190 423
190 424
190 446
190 510
191 194
192 193
192 195
192 200
192 201
192 202
192 211
192 213
192 394
192 435
195 196
195 201
195 202
195 211
195 213
195 435
195 442
195 492
196 233
196 417
196 435
196 436
196 492
197 211
197 216
197 230
197 231
197 273
198 210
198 512
199 203
199 214
199 215
199 219
200 201
200 202
200 207
200 211
200 460
200 495
201 202
201 203
201 211
201 213
201 394
201 435
201 490
201 495
202 211
202 213
202 234
202 273
202 495
202 515
203 211
204 404
204 425
204 430
204 446
204 459
206 230
206 231
207 211
207 230
208 260
208 264
208 298
208 425
208 428
208 434
208 449
208 450
208 454
208 510
208 543
208 594
208 597
209 212
211 213
211 215
211 230
211 231
211 234
211 273
211 495
213 234
213 273
215 219
216 267
216 474
217 453
218 232
218 527
219 268
219 280
219 465
220 240
220 287
220 291
220 529
220 547
220 548
220 549
220 551
220 552
220 553
220 554
220 584
221 285
221 286
221 287
221 319
221 320
221 321
221 322
221 323
221 393
221 395
221 530
221 582
222 240
222 244
222 532
222 553
223 395
223 397
223 399
223 530
223 533
225 531
226 228
226 235
226 236
226 239
226 243
226 387
226 535
226 546
226 547
226 548
226 551
226 579
227 236
227 243
228 229
228 236
228 239
228 290
228 387
228 535
228 538
228 547
228 548
228 579
229 236
229 239
229 265
229 387
229 540
229 542
229 548
230 231
230 266
230 511
232 243
232 254
232 265
232 463
232 508
232 518
232 542
234 273
235 248
235 463
235 575
236 238
236 239
236 242
236 243
236 493
236 516
236 535
236 547
236 548
236 549
236 551
236 579
237 286
237 287
238 239
238 240
238 287
238 547
238 548
238 549
238 551
238 579
239 242
239 243
239 387
239 535
239 546
239 547
239 548
239 549
239 550
239 551
239 555
239 579
240 241
240 243
240 291
240 549
240 552
240 553
240 554
242 535
242 548
242 551
242 552
243 265
243 387
243 463
243 535
243 540
243 546
243 547
243 548
243 549
243 551
243 552
243 554
244 553
245 273
247 252
247 283
248 478
248 537
248 556
249 559
250 254
250 558
251 388
252 283
252 560
252 567
252 580
252 581
253 463
253 558
253 561
253 572
254 269
254 271
254 463
255 256
255 278
257 278
257 293
259 565
261 264
261 272
261 274
261 279
261 281
261 296
261 298
261 466
261 592
263 577
264 272
264 281
264 296
264 298
264 300
264 466
264 597
265 508
265 518
265 540
266 336
268 269
269 270
270 573
271 310
271 464
272 274
272 281
272 296
272 442
272 466
275 277
277 280
277 455
277 576
277 578
278 279
279 281
279 565
279 577
281 296
281 466
283 316
283 511
283 559
283 562
283 580
284 285
284 286
284 323
284 324
285 286
285 287
285 322
285 323
285 327
285 582
285 583
286 287
286 322
286 323
286 332
286 333
286 582
286 583
287 555
287 583
287 584
290 383
290 547
290 579
290 591
291 292
291 587
296 297
296 364
296 374
296 590
296 592
298 299
298 300
298 416
298 434
298 448
298 466
298 594
298 597
299 300
299 597
300 466
300 597
301 302
301 444
302 304
302 498
303 313
303 385
303 393
304 308
304 312
304 326
305 323
306 309
308 312
309 313
312 326
313 316
313 580
315 316
315 317
315 318
315 319
315 334
315 385
315 388
315 477
315 479
315 580
316 318
316 319
316 360
316 388
316 477
316 511
316 562
316 580
317 318
317 319
317 320
317 334
317 385
317 388
317 389
317 396
317 580
318 319
318 320
318 334
318 388
318 477
318 479
318 557
318 562
318 580
319 320
319 322
319 334
319 385
319 388
319 389
320 322
320 327
320 334
320 335
320 389
320 395
320 530
321 322
321 386
321 389
321 395
321 582
321 583
321 584
322 323
322 325
322 327
322 386
322 389
322 445
322 582
322 583
322 584
322 586
323 324
323 327
323 332
323 582
323 583
324 326
324 329
324 333
326 329
326 331
326 333
327 332
327 335
327 426
328 330
329 333
330 335
331 333
332 333
332 335
332 583
332 584
334 335
334 400
335 395
335 398
335 530
336 391
336 400
336 562
337 338
337 340
337 342
337 343
337 344
337 347
338 340
338 342
338 343
338 347
339 382
339 406
340 342
340 343
340 347
342 343
342 344
342 346
343 344
343 347
343 382
345 438
348 505
349 366
350 406
353 354
358 438
358 440
358 446
359 470
361 414
364 365
364 374
365 376
365 377
366 428
367 373
367 433
368 598
369 372
370 598
371 541
372 432
374 416
374 422
374 446
374 448
376 377
376 378
376 379
376 380
376 381
376 422
377 378
377 379
377 380
377 381
378 380
378 381
378 405
379 380
380 381
381 405
384 490
384 496
385 396
385 402
385 496
386 389
386 395
386 398
386 447
386 487
386 494
386 496
386 530
387 478
387 516
387 517
387 528
387 535
387 540
387 548
387 550
387 574
387 575
388 389
388 480
388 562
388 580
389 487
389 586
390 489
391 489
391 532
393 395
393 398
393 519
393 530
394 489
394 490
394 495
395 397
395 398
395 399
395 401
395 467
395 496
395 504
395 519
395 530
396 400
396 496
396 530
397 399
397 401
397 467
397 530
397 533
398 411
398 504
398 519
399 467
399 530
399 533
400 401
400 530
401 494
401 530
404 423
404 425
406 407
406 449
408 410
408 416
408 425
408 494
408 496
408 510
408 512
408 514
409 410
411 504
411 519
412 414
412 534
416 425
416 434
416 437
416 440
416 446
416 448
416 450
416 594
417 419
417 436
417 467
417 503
417 504
417 519
419 425
419 454
419 466
419 519
420 599
421 600
422 434
422 592
422 594
423 424
423 425
423 440
423 448
423 510
423 600
424 440
425 428
425 430
425 434
425 437
425 450
425 454
425 510
427 430
427 568
428 434
428 437
428 450
428 456
428 510
428 594
430 504
431 432
432 458
434 437
434 446
434 450
434 458
434 461
434 466
434 594
434 597
435 446
435 490
435 492
435 503
436 491
436 492
436 503
437 446
437 449
437 450
437 456
437 510
437 544
437 600
438 441
438 443
438 447
440 446
440 448
440 450
442 497
443 447
443 494
443 534
446 448
446 450
449 466
450 510
450 594
451 490
452 571
453 454
453 512
455 542
457 578
458 461
461 466
461 506
463 528
463 570
463 571
463 572
463 574
463 575
465 500
466 594
466 597
467 494
467 514
467 530
468 528
468 541
468 574
469 557
471 475
472 566
473 538
474 476
477 479
477 557
477 562
477 580
479 562
479 580
480 483
480 485
481 484
481 486
481 585
482 483
482 585
487 586
488 556
490 492
492 514
493 542
494 496
494 499
494 501
494 504
494 512
494 514
496 504
496 513
496 519
496 530
502 505
503 504
504 519
504 530
505 545
507 508
507 542
508 518
508 540
508 542
508 574
508 593
509 542
510 512
511 562
511 580
512 524
515 520
516 517
516 518
516 528
516 540
516 542
516 548
516 571
516 574
516 575
517 523
517 528
517 540
517 548
517 550
517 574
517 579
518 528
518 542
521 573
522 556
525 527
526 559
528 540
528 548
528 550
528 570
528 571
528 574
528 575
529 552
529 584
531 534
531 555
533 534
535 540
535 546
535 547
535 548
535 549
535 550
535 551
535 552
535 554
535 579
535 584
536 554
538 588
538 589
539 564
540 542
540 548
540 550
540 552
540 564
540 571
540 574
540 575
540 579
541 565
542 571
542 581
544 545
546 547
546 548
546 551
547 548
547 549
547 550
547 551
547 553
547 554
547 555
547 579
547 584
548 549
548 550
548 551
548 552
548 554
548 555
548 579
548 584
549 551
549 553
549 554
549 579
549 584
550 551
550 552
550 574
550 575
550 579
551 552
551 554
551 579
551 584
552 554
553 554
555 579
555 584
557 562
557 569
557 580
560 570
561 563
561 572
561 575
561 581
562 580
566 579
567 569
567 581
569 581
570 571
570 573
570 574
570 575
571 574
571 575
572 574
572 575
574 575
575 577
579 584
580 581
582 583
583 584
592 594
594 597
595 597
596 598
596 599
599 600
