600 1797

1 2
1 290
2 3
2 4
2 5
2 20
2 21
2 102
2 103
2 301
2 302
2 304
2 305
2 321
2 322
2 323
2 336
2 389
3 4
3 5
3 6
3 90
3 102
3 103
3 302
3 304
3 305
3 321
3 322
3 323
3 325
4 5
4 22
4 103
4 302
4 304
4 305
4 317
4 321
4 322
4 323
4 325
5 90
5 103
5 302
5 304
5 305
5 321
5 322
5 323
5 325
7 19
7 29
7 306
8 37
9 13
9 310
10 14
11 12
11 20
11 21
11 94
11 117
11 120
11 303
12 18
12 303
12 360
14 306
15 314
16 19
16 103
16 315
16 319
16 389
17 320
19 319
19 320
20 21
20 36
20 38
20 102
20 103
20 118
20 303
20 317
20 321
20 389
21 36
21 37
21 38
21 102
21 103
21 302
21 303
21 317
21 321
21 336
21 386
21 389
22 305
22 321
22 322
22 325
23 26
23 28
23 31
23 165
23 327
23 330
24 324
24 329
25 28
25 31
25 284
25 582
25 583
26 28
26 30
26 31
26 330
27 329
28 30
28 31
28 50
28 327
28 330
28 529
28 582
30 31
30 33
30 323
30 327
30 330
30 332
30 335
31 33
31 50
31 327
31 330
31 529
31 582
32 35
32 329
32 331
32 333
32 334
33 327
33 330
34 529
35 329
35 331
35 333
35 334
35 335
36 37
36 38
36 102
36 303
36 317
36 335
36 336
37 38
37 102
37 103
37 317
37 319
37 320
37 321
37 334
37 336
38 102
38 103
38 317
38 321
38 335
38 336
38 386
39 42
39 87
40 44
41 45
41 46
41 48
43 48
43 54
43 90
43 352
43 425
44 61
44 65
44 341
44 345
47 117
48 54
48 58
48 345
48 362
48 363
49 61
49 341
49 357
49 368
49 446
49 448
50 146
50 159
50 160
50 351
51 345
52 411
53 118
54 61
54 369
54 441
55 105
55 117
55 118
55 120
55 196
55 413
55 449
56 353
57 65
58 61
58 345
58 349
58 355
58 356
58 357
59 64
59 98
59 121
59 147
59 361
59 414
60 64
60 71
60 125
60 136
60 359
60 414
61 65
61 66
61 341
61 349
61 354
61 356
61 357
62 352
63 345
63 358
63 362
64 196
64 414
65 341
65 345
65 357
66 67
66 356
66 357
68 69
68 71
68 134
68 140
68 149
68 152
68 353
68 364
68 430
69 71
69 72
69 293
70 77
71 72
71 82
71 122
71 127
71 149
71 152
71 430
73 134
74 372
75 79
75 369
76 77
76 127
76 142
76 299
76 597
77 366
77 370
78 372
78 596
80 84
81 376
82 127
82 149
82 375
83 86
83 87
83 377
84 86
84 374
85 86
86 89
86 205
86 377
88 89
89 91
89 377
89 380
89 381
90 425
90 447
91 380
92 108
92 109
92 184
92 187
92 198
92 202
93 94
93 301
94 111
94 117
94 120
94 385
95 107
95 113
95 116
95 407
95 491
96 113
97 274
97 299
99 183
99 246
99 296
99 298
99 300
100 101
101 390
102 103
102 302
102 303
102 304
102 317
102 319
102 320
102 321
102 335
102 336
102 389
103 301
103 302
103 304
103 317
103 319
103 321
103 322
103 389
104 108
104 109
104 500
106 221
107 110
107 116
107 126
107 194
107 395
108 126
108 141
108 192
109 202
109 204
109 500
110 121
111 120
112 113
112 114
112 130
112 133
112 199
112 402
112 404
112 406
112 407
112 408
112 435
112 461
112 491
112 492
113 114
113 115
113 116
113 130
113 195
113 404
113 406
113 407
114 126
114 130
114 154
114 191
114 194
114 199
114 213
114 402
114 404
114 406
114 407
114 408
114 435
114 461
114 491
114 492
115 116
115 123
116 407
116 409
117 118
117 120
117 413
118 120
118 344
119 121
119 223
119 224
119 397
119 399
119 412
120 401
120 413
122 129
122 140
122 149
122 152
122 415
123 124
126 141
126 154
126 188
126 191
126 192
126 198
126 199
126 201
126 213
126 435
126 506
127 132
127 218
127 225
127 299
127 421
128 281
129 140
129 149
129 151
129 403
130 404
131 190
131 227
131 420
131 423
131 527
132 426
134 140
134 149
134 161
134 364
134 428
134 430
134 437
135 293
137 138
137 149
139 486
140 149
140 152
141 199
142 144
143 156
145 164
147 153
147 195
147 196
147 225
147 412
147 443
148 153
148 158
148 161
148 162
148 428
148 437
149 152
149 364
150 152
154 188
154 190
154 191
154 192
154 201
154 210
154 460
155 404
155 423
155 424
155 434
155 458
156 234
157 190
157 209
157 210
157 211
157 231
157 273
157 509
158 275
158 445
161 364
161 428
161 437
163 253
163 254
163 271
163 464
164 274
164 279
164 281
164 442
166 169
166 480
166 485
167 169
167 472
168 170
168 229
168 236
168 238
168 239
168 247
168 255
168 282
168 475
168 507
168 548
168 551
168 581
169 171
169 173
169 472
169 476
169 477
169 523
169 559
170 229
170 236
170 239
170 240
170 247
170 255
170 256
170 473
170 548
170 567
170 581
171 472
171 477
172 560
172 561
174 249
174 477
174 559
175 480
176 179
176 182
176 295
177 480
178 206
178 228
178 229
178 252
178 255
178 256
178 258
178 264
178 269
178 481
178 507
178 508
178 531
178 538
178 540
178 542
178 565
178 566
178 567
178 570
178 571
179 480
179 485
180 183
181 469
182 206
182 282
182 289
185 227
185 486
185 536
186 253
187 207
188 190
188 191
188 192
188 213
189 207
189 211
189 276
190 210
190 451
190 460
190 490
190 492
191 192
191 193
191 194
191 199
191 201
191 213
191 408
191 435
191 460
191 492
191 504
192 198
192 199
192 201
192 213
194 199
194 213
195 196
195 199
197 460
198 200
198 201
199 213
200 202
200 276
200 280
201 212
201 460
201 501
202 216
202 276
203 215
203 219
206 229
206 230
206 231
206 235
206 238
206 240
206 247
206 255
206 256
206 493
206 507
206 508
206 511
206 513
206 531
206 538
206 542
206 548
206 551
206 555
206 564
206 565
206 566
206 567
206 571
206 572
206 581
207 211
207 273
207 276
207 383
208 209
208 261
208 265
209 210
209 231
209 295
209 480
209 509
211 231
211 233
211 273
211 276
211 282
211 295
212 501
213 492
213 498
214 276
215 274
215 281
216 276
217 249
220 221
220 251
220 287
220 530
221 530
222 244
222 469
222 533
223 234
223 283
223 399
224 399
224 412
225 423
226 244
228 229
228 232
228 239
228 250
228 252
228 255
228 256
228 258
228 263
228 265
228 269
228 270
228 387
228 512
228 531
228 538
228 540
228 541
228 552
228 554
228 560
228 561
228 564
228 565
228 566
228 567
228 570
229 230
229 231
229 232
229 235
229 236
229 238
229 239
229 240
229 243
229 247
229 252
229 255
229 256
229 258
229 265
229 268
229 269
229 282
229 507
229 508
229 511
229 512
229 531
229 538
229 540
229 541
229 542
229 547
229 548
229 552
229 554
229 560
229 561
229 564
229 565
229 566
229 567
229 570
229 571
229 572
229 581
230 231
230 235
230 236
230 238
230 240
230 247
230 255
230 256
230 282
230 295
230 493
230 503
230 507
230 508
230 511
230 513
230 531
230 538
230 542
230 548
230 551
230 564
230 565
230 566
230 567
230 571
230 572
230 581
231 233
231 265
231 268
231 273
231 282
231 295
231 493
231 507
231 513
231 544
231 551
232 239
232 250
232 252
232 258
232 269
232 270
232 538
232 543
232 552
232 554
232 560
232 561
232 570
233 241
233 273
233 282
233 544
235 236
235 238
235 239
235 240
235 244
235 247
235 252
235 255
235 282
235 291
235 511
235 542
235 548
235 551
235 554
235 581
236 238
236 239
236 240
236 247
236 252
236 255
236 511
236 548
236 551
236 554
237 549
238 239
238 240
238 244
238 247
238 252
238 255
238 511
238 531
238 542
238 548
238 550
238 551
238 552
238 554
238 567
238 581
239 240
239 243
239 247
239 250
239 252
239 255
239 256
239 258
239 265
239 269
239 531
239 538
239 546
239 547
239 548
239 552
239 554
239 560
239 561
239 566
239 567
239 570
239 581
240 244
240 247
240 252
240 255
240 256
240 282
240 508
240 511
240 531
240 538
240 540
240 542
240 547
240 548
240 551
240 554
240 555
240 567
240 581
242 266
243 252
243 531
243 547
243 554
243 560
244 535
244 550
244 555
245 532
245 553
246 260
246 300
247 252
247 255
247 256
247 282
247 538
247 542
247 547
247 548
247 551
247 554
247 566
247 567
247 581
247 585
248 250
248 252
248 557
248 558
248 561
250 252
250 266
250 269
250 270
250 463
250 552
250 558
250 560
250 561
252 255
252 256
252 258
252 265
252 268
252 269
252 270
252 531
252 548
252 552
252 554
252 560
252 561
252 566
252 567
252 570
253 254
253 267
254 463
254 464
254 562
254 563
255 256
255 258
255 269
255 282
255 508
255 531
255 538
255 540
255 542
255 548
255 552
255 554
255 566
255 567
255 570
255 571
255 572
255 581
256 258
256 269
256 282
256 507
256 508
256 531
256 538
256 540
256 542
256 547
256 548
256 554
256 566
256 567
256 581
257 364
258 259
258 264
258 269
258 531
258 538
258 540
258 554
258 566
258 567
258 570
259 295
259 300
259 508
259 564
259 588
261 264
261 278
262 263
264 278
264 538
264 577
264 590
264 593
265 268
265 269
265 510
265 512
265 552
265 561
265 565
266 558
266 562
268 269
268 270
268 295
268 478
269 270
269 538
269 552
269 560
269 561
269 566
269 567
269 570
270 278
270 570
272 279
272 281
273 276
273 295
273 502
274 279
274 281
274 299
276 282
277 575
279 281
279 296
280 459
281 296
283 580
284 285
284 582
284 583
285 286
286 287
286 582
286 583
286 584
287 529
288 586
292 487
293 427
294 370
295 507
295 508
295 544
295 565
295 572
296 298
296 300
297 370
298 300
301 302
301 321
301 389
301 398
301 487
302 304
302 305
302 317
302 319
302 321
302 322
302 323
302 325
302 336
302 389
303 311
303 319
303 389
304 305
304 319
304 321
304 322
304 323
305 321
305 322
305 323
305 325
306 309
306 318
307 311
308 326
310 314
312 318
313 316
314 315
315 316
317 321
317 336
317 386
319 320
319 321
319 389
320 321
321 322
321 325
321 336
321 389
322 325
323 325
323 327
323 328
323 329
323 332
324 326
325 425
327 330
327 332
328 329
328 332
329 332
329 333
330 332
330 335
331 333
331 334
332 335
333 334
337 340
337 413
338 342
339 346
339 347
339 357
341 345
341 346
341 349
341 356
341 357
341 446
342 343
343 347
344 348
344 413
344 418
345 356
345 357
345 358
345 362
346 347
346 349
346 356
346 357
347 357
348 413
348 418
349 350
349 356
349 357
349 371
350 416
353 359
353 372
353 430
353 444
354 356
356 357
356 362
357 362
358 362
360 392
361 414
364 428
364 437
364 448
365 373
365 376
365 430
367 598
370 372
372 446
376 377
376 378
376 436
377 378
377 380
379 436
380 381
382 447
384 393
385 388
387 528
387 540
387 541
387 565
387 570
387 600
388 401
389 391
390 395
393 396
393 504
394 495
394 501
394 505
397 399
397 412
398 400
399 412
399 520
402 408
402 435
402 492
404 406
404 407
404 423
404 424
404 461
404 491
405 440
406 407
406 461
406 491
407 409
407 461
407 491
408 435
408 490
408 491
408 492
408 494
408 504
408 514
410 411
410 417
410 419
412 467
412 520
413 417
416 440
417 497
418 422
420 421
420 423
420 438
423 424
425 447
429 430
430 437
431 433
431 453
432 452
435 460
435 461
435 492
435 504
435 514
437 453
439 464
446 448
449 519
450 451
450 490
450 510
450 514
450 594
451 490
451 492
451 494
451 510
451 514
451 521
451 594
452 454
452 527
453 462
455 456
456 467
457 466
457 577
457 578
457 592
459 499
459 524
459 578
461 491
464 599
465 498
466 468
466 517
466 578
468 517
468 574
470 472
471 586
472 476
474 523
477 479
477 482
477 559
480 484
480 485
481 485
481 507
481 513
481 566
481 567
482 483
484 485
485 507
487 586
487 587
488 592
489 518
489 545
489 579
490 492
490 494
490 514
490 521
490 537
491 492
492 494
492 504
492 514
493 503
493 505
493 507
493 511
493 512
493 513
493 516
493 542
493 544
493 545
493 548
493 551
493 555
493 565
493 571
493 572
493 573
493 581
494 496
494 514
494 521
496 501
496 505
498 520
499 524
503 505
503 511
503 516
503 524
503 542
503 545
503 581
505 513
505 516
507 508
507 511
507 512
507 513
507 525
507 531
507 538
507 542
507 544
507 548
507 551
507 564
507 565
507 566
507 567
507 571
507 572
507 573
507 581
508 531
508 538
508 542
508 548
508 564
508 565
508 566
508 567
508 581
510 512
510 513
510 515
510 521
510 541
510 552
510 573
510 594
511 512
511 513
511 516
511 531
511 538
511 540
511 542
511 544
511 545
511 548
511 551
511 552
511 554
511 555
511 564
511 565
511 567
511 570
511 571
511 572
511 573
511 581
512 513
512 515
512 516
512 521
512 525
512 531
512 540
512 541
512 542
512 543
512 544
512 552
512 564
512 565
512 570
512 571
512 572
512 573
512 589
512 594
512 600
513 516
513 525
513 531
513 540
513 541
513 542
513 544
513 545
513 551
513 555
513 564
513 565
513 571
513 572
513 573
513 581
514 537
515 518
515 525
515 540
515 541
515 543
515 570
515 573
516 517
516 522
516 524
516 525
516 540
516 541
516 542
516 545
516 564
516 565
516 571
516 572
516 574
516 592
516 600
517 524
517 574
517 577
517 578
517 592
518 521
518 532
518 545
518 579
521 573
522 538
522 541
522 542
522 564
522 566
522 567
522 577
522 581
522 600
523 526
524 578
524 592
525 531
525 542
525 564
525 565
528 569
528 570
528 571
528 574
528 592
528 600
529 530
529 583
531 532
531 538
531 540
531 541
531 542
531 543
531 545
531 547
531 548
531 550
531 552
531 554
531 555
531 560
531 561
531 564
531 565
531 566
531 567
531 570
531 571
531 572
531 573
531 581
531 600
532 540
532 541
532 542
532 545
532 546
532 547
532 550
532 554
532 555
532 560
532 570
534 541
534 600
538 540
538 541
538 542
538 547
538 548
538 552
538 554
538 564
538 565
538 566
538 567
538 570
538 571
538 572
538 581
538 600
539 597
540 541
540 542
540 543
540 545
540 547
540 552
540 554
540 564
540 565
540 566
540 567
540 570
540 571
540 572
540 573
540 581
540 600
541 542
541 543
541 552
541 554
541 560
541 564
541 565
541 566
541 567
541 569
541 570
541 571
541 572
541 573
541 589
541 590
541 600
542 545
542 547
542 548
542 551
542 552
542 554
542 555
542 564
542 565
542 566
542 567
542 570
542 571
542 572
542 573
542 581
543 552
543 561
543 570
543 571
543 573
544 545
544 551
544 572
544 573
545 555
545 573
545 581
546 547
546 554
547 548
547 550
547 554
547 581
548 551
548 552
548 554
548 555
548 566
548 567
548 571
548 572
548 581
549 584
550 554
550 555
551 555
551 556
551 572
551 573
551 581
552 554
552 560
552 561
552 564
552 565
552 570
552 571
552 572
552 573
554 555
554 560
554 567
554 570
554 571
554 581
558 561
560 561
560 570
561 570
563 575
564 565
564 566
564 567
564 569
564 570
564 571
564 572
564 581
564 589
564 590
564 592
564 593
564 600
565 566
565 567
565 570
565 571
565 572
565 573
565 581
565 589
565 592
565 594
565 600
566 567
566 570
566 571
566 572
566 581
567 570
567 571
567 572
567 581
568 596
569 570
569 571
569 574
570 571
570 572
570 581
570 600
571 572
571 573
571 574
571 581
571 600
572 573
572 581
574 592
576 577
577 578
577 590
577 592
577 600
578 592
579 580
582 583
582 584
583 584
589 590
589 592
589 593
589 598
589 600
590 592
590 593
590 600
591 596
592 593
592 600
595 597
