600 1797

1 2
1 93
2 301
3 7
3 20
4 22
5 22
5 324
5 327
5 333
5 335
6 17
8 12
9 218
10 495
11 94
11 98
11 100
11 385
11 389
12 16
13 15
13 174
13 314
14 76
15 17
16 20
16 315
17 19
17 316
17 318
18 120
19 319
19 361
20 100
20 104
21 97
21 100
21 101
21 103
21 321
21 390
21 391
22 25
22 322
22 323
23 38
24 29
24 32
24 35
24 324
24 333
24 335
25 28
25 291
25 322
25 323
25 325
25 462
26 529
27 335
28 31
28 284
28 323
28 327
29 30
29 32
29 35
29 320
29 333
29 335
30 31
30 32
30 33
30 35
30 38
30 329
30 332
30 333
30 335
31 34
31 327
31 332
32 35
32 38
32 320
32 324
32 329
32 330
32 331
32 332
32 333
32 335
35 37
35 38
35 308
35 324
35 329
35 333
35 334
35 335
36 103
38 324
38 333
38 335
39 42
39 95
39 116
39 117
39 338
40 78
41 346
42 47
42 95
42 338
43 49
43 58
43 84
43 87
43 140
43 150
43 339
43 354
43 355
43 356
43 374
43 415
43 433
43 434
43 436
43 437
43 440
43 446
44 58
44 60
44 75
44 84
44 126
44 150
44 341
44 345
44 353
44 354
44 355
44 356
44 357
44 362
44 374
44 437
44 440
44 448
45 47
46 54
47 338
47 411
48 52
48 339
48 347
49 58
49 68
49 79
49 83
49 84
49 85
49 87
49 126
49 136
49 140
49 150
49 151
49 341
49 354
49 355
49 374
49 420
49 422
49 423
49 425
49 428
49 432
49 434
49 436
49 437
49 440
49 446
49 448
49 458
50 127
51 62
51 63
53 55
53 469
54 56
54 349
55 64
55 124
55 385
57 65
58 61
58 84
58 353
58 354
58 355
58 356
58 362
59 64
59 414
60 359
62 352
62 360
63 65
65 357
66 67
66 362
67 351
68 84
68 126
68 131
68 136
68 140
68 150
68 151
68 161
68 341
68 364
68 374
68 423
68 424
68 425
68 428
68 430
68 432
68 434
68 437
68 446
68 448
68 458
69 71
70 366
71 72
71 76
72 78
72 365
72 366
72 368
72 370
72 530
73 79
73 83
73 367
73 433
74 366
74 441
75 341
75 437
75 440
76 77
76 293
78 366
78 372
79 80
79 140
79 373
79 374
79 376
79 422
79 423
79 428
79 430
79 432
79 434
79 436
79 446
79 461
80 136
80 140
80 421
80 434
81 140
82 387
83 87
83 88
83 126
83 130
83 131
83 140
83 141
83 150
83 204
83 379
83 403
83 422
83 423
83 424
84 87
84 126
84 136
84 140
84 150
84 341
84 354
84 355
84 374
84 415
84 432
84 433
84 434
84 436
84 437
84 440
84 446
84 448
85 86
85 87
85 89
85 90
85 91
85 377
85 379
85 380
86 87
86 89
86 90
86 91
86 139
86 377
86 378
86 379
86 380
87 89
87 90
87 91
87 139
87 150
87 377
87 379
87 380
88 89
88 130
88 381
88 403
89 91
89 377
89 379
89 380
89 381
90 380
91 377
91 379
91 380
92 108
92 120
92 384
93 95
93 120
94 95
94 98
94 100
95 98
95 116
95 120
95 385
96 99
96 298
96 595
97 101
97 390
97 391
98 120
98 385
98 410
98 579
98 580
99 579
100 101
100 102
100 103
100 104
100 389
100 390
100 391
100 489
100 580
101 103
101 106
101 321
101 389
101 390
101 391
101 395
101 489
103 104
103 105
103 106
103 348
103 390
103 391
103 395
103 499
104 105
104 110
104 202
104 499
105 108
105 110
105 202
105 390
105 410
105 419
105 474
105 499
105 504
106 391
106 395
106 489
107 113
107 114
108 110
108 111
108 187
108 198
108 199
108 202
108 419
108 504
109 111
109 141
109 187
109 191
109 194
109 195
109 212
109 404
109 407
109 408
109 409
109 451
109 490
109 491
109 492
109 496
110 111
110 116
110 120
110 187
110 202
110 283
110 384
110 409
110 504
111 114
111 187
111 191
111 194
111 199
111 206
111 407
111 408
111 460
111 492
111 496
112 113
112 114
112 116
112 130
112 141
112 187
112 199
112 337
112 403
112 404
112 405
112 406
112 407
112 409
113 114
113 115
113 116
113 120
113 187
113 337
113 405
114 115
114 116
114 141
114 187
114 191
114 192
114 194
114 199
114 337
114 405
114 416
115 116
115 117
115 337
115 340
115 405
116 117
116 120
116 130
116 187
116 337
116 340
116 403
116 406
116 407
116 409
117 120
117 340
118 202
119 121
119 157
119 196
119 223
120 337
120 384
120 504
120 580
121 131
122 200
123 290
125 449
126 131
126 140
126 150
126 341
126 374
126 423
126 432
126 434
126 436
126 440
126 446
126 448
127 421
128 161
129 131
129 140
129 204
129 375
129 409
129 420
129 421
129 422
129 423
129 430
129 432
129 434
129 446
129 461
130 131
130 141
130 403
130 405
130 406
130 407
130 409
130 435
131 140
131 141
131 150
131 204
131 403
131 409
131 423
131 424
131 428
131 432
131 451
131 501
132 429
133 134
133 135
133 185
133 428
134 149
134 424
134 428
134 429
134 430
134 432
134 434
135 341
135 428
135 429
135 430
136 140
136 150
136 423
136 428
136 432
136 434
136 437
136 440
136 446
136 456
136 458
136 461
137 138
137 374
137 422
137 429
137 430
137 431
137 433
137 434
137 437
138 140
138 150
138 431
138 434
139 377
139 380
140 141
140 150
140 151
140 204
140 341
140 374
140 375
140 415
140 420
140 422
140 423
140 424
140 425
140 428
140 430
140 432
140 434
140 435
140 436
140 437
140 440
140 446
140 448
140 456
140 458
140 461
141 187
141 191
141 194
141 199
141 403
141 404
141 405
141 406
141 407
141 409
141 422
141 423
141 435
141 446
141 461
141 491
141 501
142 223
142 445
143 146
143 229
143 236
143 541
144 437
144 447
145 152
147 160
148 161
149 438
149 440
150 151
150 341
150 374
150 415
150 423
150 425
150 428
150 432
150 434
150 436
150 437
150 440
150 446
150 448
150 458
151 152
151 160
151 161
151 432
151 448
153 156
153 271
154 155
154 164
154 190
154 217
154 424
154 451
154 454
154 515
155 217
155 219
155 281
156 252
156 254
156 269
156 573
157 196
157 545
158 275
159 455
159 456
161 432
162 275
163 254
165 200
166 266
167 201
167 276
167 471
167 473
168 266
168 475
169 270
170 247
170 248
170 252
170 258
170 476
170 548
170 555
170 556
170 557
170 560
170 570
170 573
170 588
171 216
171 523
172 248
172 250
172 251
172 493
172 521
172 555
172 556
172 557
172 558
172 560
173 476
173 477
175 177
175 482
175 483
175 487
175 586
176 182
176 256
177 179
177 180
177 205
177 482
177 483
177 585
178 183
178 269
179 181
179 427
179 482
179 483
181 482
183 255
183 259
183 270
183 566
184 289
186 253
186 257
187 194
187 199
187 403
187 404
187 405
187 406
187 407
187 409
187 435
188 384
188 387
188 402
189 230
190 208
190 451
190 490
191 192
191 194
191 199
191 212
191 216
191 491
191 492
191 496
191 578
193 496
194 195
194 404
194 407
194 408
194 409
194 451
194 467
194 491
194 492
194 496
197 212
198 199
198 201
198 202
198 280
199 202
199 404
199 460
199 504
200 202
200 203
200 279
200 280
201 202
201 419
202 280
202 499
203 299
204 403
204 409
204 420
204 422
204 423
204 424
204 425
204 428
204 432
204 434
204 446
204 448
204 461
204 501
206 210
207 211
207 383
207 507
207 509
208 209
208 210
208 256
208 273
208 485
208 545
209 265
209 273
209 514
210 216
210 490
212 214
212 273
213 234
215 279
216 311
216 460
216 524
218 234
219 281
220 305
220 529
220 546
221 222
221 226
221 227
221 439
221 447
221 530
221 535
221 536
221 553
222 226
222 227
222 532
222 533
222 535
222 536
222 553
223 399
224 225
224 229
225 534
226 227
226 439
226 533
226 535
226 536
226 553
227 242
227 439
227 532
227 533
227 535
227 536
227 537
227 553
228 282
228 540
229 230
229 233
229 234
229 239
229 244
229 245
229 248
229 250
229 258
229 265
229 493
229 521
229 531
229 542
229 547
229 548
229 555
229 557
229 560
230 233
230 234
230 266
231 245
231 259
231 265
231 267
231 512
231 513
232 245
232 265
232 268
233 234
233 239
233 241
233 244
233 245
233 265
233 267
233 521
233 531
233 542
233 555
233 557
233 560
234 241
234 245
235 536
236 237
236 238
236 285
236 286
236 547
237 238
237 285
237 286
237 287
237 541
237 547
237 583
237 584
238 239
238 240
238 286
238 529
238 547
238 554
238 555
239 240
239 241
239 243
239 244
239 245
239 246
239 531
239 547
239 548
239 554
239 555
240 243
240 244
240 531
240 532
240 547
240 548
240 549
240 550
240 554
240 555
241 542
241 551
242 256
242 552
243 244
243 245
243 246
243 548
243 554
244 245
244 246
244 252
244 531
244 547
244 548
244 550
244 554
244 555
244 557
244 559
244 560
245 246
245 252
245 265
245 548
245 555
246 531
246 548
247 248
247 250
247 252
247 258
247 531
247 547
247 548
247 550
247 554
247 555
247 556
247 557
247 558
247 560
247 570
247 588
247 589
248 250
248 252
248 253
248 254
248 258
248 493
248 521
248 547
248 548
248 550
248 555
248 556
248 557
248 558
248 560
248 561
248 570
248 573
249 251
250 252
250 253
250 254
250 258
250 463
250 521
250 531
250 547
250 548
250 550
250 555
250 556
250 557
250 558
250 560
250 561
250 570
250 573
252 254
252 268
252 269
252 531
252 548
252 550
252 555
252 557
252 558
252 560
252 570
252 573
253 254
253 258
253 558
254 463
254 547
254 550
254 555
254 557
254 558
254 560
254 570
255 260
255 295
255 566
256 265
256 567
258 294
258 521
258 538
258 550
258 555
258 556
258 557
258 558
258 573
258 588
259 263
259 270
259 274
259 295
259 591
260 261
262 579
264 517
265 267
265 512
265 513
265 567
265 573
267 269
267 270
267 512
268 269
268 270
269 270
269 573
270 566
270 573
271 273
271 472
272 274
272 278
272 279
273 485
274 278
274 279
275 277
275 457
275 576
277 279
278 279
278 457
278 572
281 578
282 540
285 286
285 287
285 582
285 583
285 584
286 287
286 547
286 583
286 584
287 584
288 541
289 484
289 586
290 291
290 511
290 586
291 292
291 511
291 586
291 587
292 586
296 299
297 550
298 300
298 386
298 595
302 322
303 385
303 396
303 402
304 321
305 322
305 323
305 329
306 309
306 334
307 378
309 313
310 523
312 326
312 331
317 386
320 326
320 328
320 331
321 389
321 390
321 391
321 395
322 323
322 325
323 325
323 443
324 329
324 333
324 335
326 331
327 329
327 332
329 331
329 332
329 333
329 335
331 333
333 335
335 336
337 340
337 405
337 406
339 356
339 357
339 363
339 382
340 396
340 406
340 407
341 354
341 355
341 356
341 362
341 374
341 429
341 430
341 431
341 432
341 434
341 437
341 440
341 448
342 343
342 346
342 347
342 349
342 361
343 347
343 349
343 358
344 402
344 410
345 357
345 362
346 349
347 350
348 390
353 354
353 355
353 356
353 359
353 362
354 355
354 356
354 374
355 356
355 362
355 374
356 362
364 434
365 366
365 368
365 370
366 368
366 372
367 433
369 371
369 372
370 598
373 376
373 434
374 422
374 423
374 425
374 428
374 429
374 430
374 431
374 432
374 433
374 434
374 436
374 437
374 440
374 446
374 448
375 421
375 422
375 423
375 428
375 429
375 430
375 434
375 446
375 456
375 461
376 422
376 434
377 378
377 379
377 380
378 380
379 380
380 381
384 385
384 396
384 398
384 402
384 580
385 386
385 402
385 410
385 579
385 580
385 595
386 387
386 402
386 410
386 595
387 390
387 402
387 579
387 595
388 389
389 390
389 391
389 395
389 489
390 391
390 395
390 489
390 595
391 395
391 489
392 519
393 394
393 395
393 398
393 495
394 396
394 398
394 400
395 397
395 489
396 402
396 406
396 407
396 408
396 409
396 491
396 492
396 496
397 399
397 533
398 410
399 401
399 533
399 534
399 535
400 401
400 496
402 410
402 579
402 580
402 595
403 404
403 405
403 406
403 407
403 409
403 420
403 422
403 423
403 435
403 501
404 406
404 407
404 409
404 422
404 423
404 424
404 435
404 451
404 460
404 461
404 491
404 492
404 501
405 406
405 407
406 407
406 409
406 435
407 408
407 409
407 435
407 491
407 492
407 496
407 501
408 409
408 451
408 490
408 491
408 492
408 496
408 500
408 501
408 503
408 519
409 420
409 423
409 435
409 451
409 461
409 491
409 492
409 501
411 413
412 418
415 437
415 446
415 448
417 467
418 515
419 499
419 504
420 422
420 423
420 425
420 428
420 432
420 434
420 435
420 446
420 448
420 461
420 501
420 599
421 422
421 430
422 423
422 424
422 426
422 428
422 430
422 432
422 434
422 435
422 446
422 461
422 501
423 424
423 425
423 428
423 430
423 432
423 434
423 435
423 446
423 448
423 451
423 456
423 458
423 461
423 501
424 428
424 432
424 434
424 451
424 458
424 461
424 490
424 501
425 432
425 434
425 436
425 446
425 448
428 430
428 432
428 434
428 437
428 446
428 448
428 456
428 458
428 461
428 501
429 430
429 431
429 434
429 441
430 431
430 432
430 434
430 437
430 441
430 446
431 432
431 434
431 437
432 434
432 436
432 437
432 446
432 448
432 458
432 461
432 501
433 434
434 435
434 436
434 437
434 440
434 446
434 448
434 456
434 458
434 461
435 436
435 446
435 451
435 461
435 491
435 501
436 446
436 448
436 461
437 438
437 440
437 446
437 448
437 458
438 440
439 444
439 535
440 446
440 448
440 458
442 465
446 448
446 456
446 458
446 461
446 501
449 454
450 505
451 460
451 461
451 490
451 491
451 492
451 501
452 515
452 518
452 525
452 527
453 528
453 543
453 570
453 571
454 515
456 458
456 461
457 505
457 574
457 576
457 577
457 592
458 461
459 502
460 490
460 491
460 492
460 500
460 501
460 507
460 524
461 491
461 492
461 501
461 578
462 464
463 561
463 570
465 492
466 592
467 545
468 545
470 483
476 573
478 521
479 600
480 486
480 566
481 522
481 576
482 483
482 585
482 586
484 506
484 586
485 507
485 508
488 566
488 592
490 491
490 492
490 496
490 507
490 514
490 515
490 525
490 578
491 492
491 496
491 500
491 501
492 496
492 500
492 501
492 524
493 521
493 531
493 541
493 547
493 550
493 555
493 556
493 557
494 496
494 514
494 533
496 503
496 514
497 519
498 521
499 502
499 504
500 503
500 504
500 519
500 524
503 516
503 519
503 525
505 574
507 508
507 518
508 518
508 564
510 565
510 590
511 586
512 513
512 521
512 531
512 538
512 567
512 573
513 544
513 564
514 518
514 525
515 516
515 519
515 525
516 517
518 520
518 525
518 545
521 531
521 541
521 544
521 547
521 550
521 555
521 557
521 558
521 560
521 561
521 569
525 526
527 562
528 570
528 573
528 575
529 530
529 549
531 541
531 547
531 548
531 550
531 554
531 555
531 560
531 569
531 570
532 533
532 536
532 549
532 553
532 554
533 535
533 553
535 536
535 553
536 553
538 567
538 588
538 589
539 541
540 581
541 569
541 600
543 544
547 548
547 549
547 550
547 554
547 555
547 556
547 557
547 560
547 570
548 550
548 554
548 555
548 556
548 557
548 560
548 570
549 550
549 554
550 554
550 555
550 557
550 560
550 570
550 573
554 555
555 556
555 557
555 558
555 560
555 569
555 570
556 557
556 558
556 560
557 558
557 560
557 569
558 560
558 570
560 561
560 569
560 570
560 573
561 563
565 566
565 590
565 597
566 568
566 573
566 597
566 600
568 597
569 570
570 573
571 573
576 592
579 595
580 581
582 583
583 584
585 586
592 596
593 598
594 597
594 600
597 600
