600 1800

1 2
1 4
1 93
1 98
1 101
1 189
1 302
1 389
2 93
2 184
2 301
3 18
4 5
4 11
4 93
4 95
4 98
4 101
4 104
4 105
4 305
4 321
4 389
4 390
4 391
5 23
5 100
5 304
5 305
5 321
5 323
5 324
6 265
7 308
8 328
9 13
10 447
11 94
11 95
11 98
11 100
11 321
11 386
11 389
11 391
12 16
13 314
14 17
14 229
15 349
16 19
16 306
16 319
18 389
19 319
20 21
20 23
20 30
20 100
20 102
20 305
20 321
20 324
20 335
20 336
21 23
21 30
21 32
21 100
21 102
21 305
21 320
21 321
21 324
21 336
22 107
22 109
22 189
22 323
22 393
23 26
23 27
23 28
23 30
23 31
23 33
23 34
23 36
23 100
23 102
23 103
23 305
23 323
23 324
23 327
23 328
23 329
23 330
23 332
23 335
23 336
24 324
24 326
25 28
26 27
26 30
26 31
26 33
26 36
26 103
26 287
26 328
26 329
26 330
27 30
27 31
27 33
27 36
27 100
27 323
27 324
27 328
27 329
27 330
27 332
28 30
28 31
28 33
28 34
28 103
28 323
28 324
28 327
28 328
28 329
28 330
28 332
28 582
29 308
29 312
30 31
30 32
30 33
30 34
30 36
30 100
30 102
30 103
30 305
30 323
30 324
30 327
30 328
30 329
30 330
30 332
30 335
30 336
31 33
31 34
31 36
31 103
31 323
31 324
31 328
31 329
31 330
31 332
31 335
32 33
32 36
32 103
32 324
32 329
32 332
32 582
33 34
33 36
33 103
33 237
33 323
33 324
33 327
33 328
33 329
33 330
33 332
33 335
34 36
34 237
34 323
34 327
34 329
34 330
34 332
34 406
35 38
35 221
35 331
35 333
36 38
36 103
36 106
36 220
36 221
36 237
36 287
36 329
36 330
36 332
36 333
36 335
36 529
36 530
36 549
36 582
37 334
38 106
38 221
38 329
38 331
38 333
38 335
39 47
40 60
40 341
40 358
40 431
41 84
41 340
41 346
42 45
42 47
42 115
43 90
44 61
46 342
46 346
47 56
47 115
47 116
47 407
48 346
48 347
48 349
49 140
49 142
49 151
49 161
49 430
49 432
49 434
49 448
50 78
51 62
52 57
52 124
52 148
52 154
52 199
52 211
52 350
52 357
52 396
52 400
52 401
52 408
52 416
53 344
53 484
54 346
55 57
55 60
55 63
55 64
55 65
55 113
55 120
55 124
55 125
55 137
55 348
55 401
55 412
55 413
56 60
56 344
56 348
57 63
57 65
57 113
57 117
57 120
57 124
57 125
57 141
57 152
57 155
57 157
57 357
57 401
57 413
57 446
58 65
58 182
59 60
59 64
59 67
59 145
59 341
59 351
59 359
59 412
59 414
59 447
60 64
60 65
60 112
60 120
60 143
60 341
60 348
60 353
60 358
60 375
60 413
60 414
61 345
61 353
61 354
61 359
62 352
63 65
63 66
63 124
63 139
63 341
64 67
64 120
64 121
64 143
64 341
64 348
64 358
64 375
64 412
64 413
64 414
65 113
65 120
65 124
65 125
65 157
65 357
65 413
66 362
67 341
67 359
67 414
68 338
69 72
69 368
69 372
70 72
71 74
72 77
72 135
72 368
73 137
74 77
75 341
76 297
78 82
79 84
80 81
80 374
81 84
81 337
81 374
81 382
81 448
82 135
82 364
82 375
82 421
83 129
83 130
83 132
83 134
83 137
83 138
83 140
83 141
83 143
83 341
83 358
83 364
83 365
83 375
83 376
83 422
84 89
84 91
84 337
84 374
84 381
85 517
86 87
86 377
87 89
87 91
87 377
87 380
87 381
87 483
88 405
89 91
89 377
89 380
89 381
90 382
91 337
91 377
91 380
91 381
92 111
92 187
92 191
92 192
92 193
92 194
92 201
92 211
92 310
92 396
93 95
93 101
93 104
93 107
93 109
93 118
93 189
93 384
93 390
93 393
94 95
94 389
95 101
95 104
95 188
95 305
95 390
96 99
96 188
97 107
98 321
98 386
98 389
98 391
99 118
100 102
100 305
100 321
100 324
100 335
100 336
100 391
101 104
101 105
101 109
101 118
101 189
101 302
101 305
101 321
101 390
101 393
101 504
102 305
102 321
102 324
102 334
102 336
103 220
103 287
103 328
103 329
103 330
103 332
103 335
103 529
103 530
104 105
104 118
104 302
105 109
105 118
105 189
105 282
105 302
105 390
106 109
106 110
106 189
106 193
106 220
106 221
106 223
106 226
106 287
106 329
106 395
106 397
106 529
106 530
106 582
107 108
107 109
107 117
107 118
107 393
107 394
107 396
107 398
108 114
108 117
108 191
108 211
108 393
108 396
108 398
108 400
109 110
109 118
109 189
109 191
109 192
109 194
109 201
109 211
109 384
109 390
109 393
109 395
109 396
109 398
109 504
110 117
110 119
110 120
110 121
110 125
110 141
110 148
110 155
110 159
110 189
110 201
110 207
110 282
110 384
110 395
110 399
110 401
111 114
111 120
111 121
111 191
111 193
111 194
111 207
111 210
111 211
111 212
112 113
112 114
112 117
112 119
112 120
112 121
112 129
112 130
112 131
112 133
112 135
112 141
112 143
112 145
112 157
112 207
112 364
112 375
112 412
112 413
112 422
113 114
113 117
113 120
113 124
113 404
113 423
114 117
114 120
114 125
114 141
114 191
114 199
114 201
114 211
114 394
114 401
114 404
115 116
115 407
116 404
116 407
116 408
116 410
117 118
117 120
117 121
117 125
117 141
117 180
117 201
117 394
117 396
117 398
117 400
117 401
118 126
118 386
118 398
119 120
119 121
119 125
119 131
119 143
119 145
119 148
119 155
119 157
119 161
119 207
119 225
119 267
119 399
120 121
120 124
120 125
120 129
120 141
120 143
120 145
120 157
120 207
120 348
120 357
120 401
120 412
120 413
121 129
121 131
121 145
121 207
121 399
121 412
121 413
122 129
122 141
123 125
124 125
124 137
124 150
124 357
124 407
124 410
125 141
125 148
125 149
125 150
125 152
125 154
125 155
125 157
125 196
125 199
125 201
125 207
125 225
125 282
125 357
125 399
125 401
125 446
125 515
127 370
128 183
129 131
129 132
129 134
129 140
129 141
129 143
129 157
129 161
129 197
129 198
129 296
129 364
129 365
129 375
129 413
129 421
129 422
129 424
129 428
129 434
129 451
130 375
131 141
131 154
131 155
131 157
131 161
131 199
131 207
131 399
131 412
131 445
131 451
131 454
132 133
132 134
132 141
132 364
132 365
132 428
133 135
133 141
133 207
133 364
134 141
134 143
134 148
134 149
134 150
134 152
134 154
134 155
134 161
134 198
134 364
134 365
134 422
134 430
134 434
134 437
134 446
135 429
136 141
136 148
136 150
136 155
136 159
136 400
136 437
136 458
136 515
137 141
137 367
137 407
137 434
138 431
140 161
140 374
140 430
140 432
140 434
141 148
141 150
141 154
141 155
141 157
141 199
141 201
141 207
141 401
141 422
141 434
142 144
142 439
143 145
143 149
143 152
143 157
143 161
143 207
143 358
143 364
143 413
143 441
145 146
145 153
145 157
145 207
145 225
145 412
145 443
145 445
147 412
147 443
147 445
147 534
148 150
148 152
148 153
148 154
148 155
148 157
148 158
148 159
148 161
148 163
148 199
148 201
148 267
148 395
148 399
148 401
148 408
148 437
148 440
148 446
148 515
149 150
149 152
149 157
149 161
149 437
149 438
149 446
149 534
150 152
150 155
150 157
150 161
150 201
150 437
150 446
150 515
151 430
151 432
151 448
152 155
152 157
152 161
152 162
152 228
152 437
152 446
153 155
153 157
153 163
153 233
153 267
153 418
153 437
154 155
154 193
154 197
154 198
154 199
154 200
154 201
154 207
154 211
154 223
154 357
154 430
154 434
154 491
154 492
154 535
155 156
155 157
155 161
155 207
155 267
155 357
155 395
155 399
155 401
155 437
155 446
155 454
155 515
156 161
156 437
156 545
157 161
157 207
157 267
157 357
157 399
157 437
157 446
157 515
159 201
159 395
159 399
159 437
159 442
159 456
160 224
161 267
161 430
161 431
161 432
161 434
161 437
161 446
161 454
162 437
162 462
163 174
164 279
165 535
166 542
167 276
167 473
168 172
168 475
168 478
168 556
168 557
168 560
169 479
170 229
170 236
170 238
170 243
170 247
170 248
170 252
170 258
170 263
170 268
170 542
170 570
171 212
172 229
172 236
172 239
172 248
172 250
172 252
172 265
172 542
172 557
173 477
173 479
174 249
175 176
175 261
177 179
177 486
178 255
178 258
178 566
181 255
183 300
184 189
184 291
185 469
186 297
186 426
186 427
187 301
187 311
187 384
188 390
188 402
189 192
189 194
189 384
189 390
189 393
189 395
189 396
189 415
189 504
190 210
191 192
191 193
191 194
191 201
191 211
191 212
191 396
192 193
192 194
192 200
192 201
192 211
192 395
192 396
192 415
192 456
192 501
192 504
193 194
193 199
193 200
193 201
193 211
193 212
193 223
193 396
193 408
193 492
194 200
194 201
194 211
194 212
194 384
194 396
194 408
195 215
195 260
196 199
196 201
196 225
196 399
196 401
196 417
197 198
197 281
197 431
197 460
198 200
198 281
198 296
198 422
199 201
199 207
199 211
199 212
199 223
199 357
199 401
199 404
199 423
199 492
200 202
200 211
200 212
200 223
201 207
201 211
201 394
201 396
201 401
201 408
201 423
201 492
201 504
202 214
202 219
202 223
203 204
203 456
205 534
206 490
207 211
207 212
207 399
208 209
208 231
208 255
209 231
209 265
209 271
209 273
211 212
211 384
211 394
211 395
211 396
211 401
211 408
211 410
211 492
212 223
212 224
212 408
213 230
213 234
214 218
215 260
215 272
215 274
216 219
217 251
217 271
220 221
220 222
220 226
220 237
220 287
220 529
220 530
220 553
221 237
221 287
221 333
221 529
221 530
222 226
222 240
222 533
222 535
222 553
223 224
223 226
223 535
223 580
224 225
225 246
226 287
226 397
226 530
226 533
226 535
227 551
229 231
229 236
229 238
229 239
229 248
229 252
229 265
229 542
230 266
231 255
231 256
231 265
231 273
231 542
232 267
233 267
234 235
234 236
234 252
234 547
236 238
236 239
236 248
236 252
236 265
236 542
237 287
237 329
237 330
237 332
237 333
237 549
237 584
238 239
238 243
238 247
238 252
238 258
238 263
238 265
238 268
238 542
238 550
239 241
239 248
239 252
239 265
239 542
239 547
240 553
242 432
243 247
243 248
243 252
243 268
244 266
245 547
247 248
247 252
247 268
247 479
247 481
248 250
248 252
248 265
248 557
250 252
250 254
250 557
250 560
252 258
252 265
252 268
252 542
252 548
252 556
252 567
252 570
253 254
254 463
255 256
255 258
255 263
255 270
255 274
255 566
255 567
256 265
257 260
257 293
258 263
258 265
258 268
258 538
258 542
258 548
258 566
258 567
259 280
260 278
260 300
261 296
262 294
263 265
263 270
263 274
263 542
264 512
265 542
267 437
268 269
268 270
268 570
269 270
269 274
270 274
270 566
273 274
275 543
275 575
276 288
277 279
277 281
278 279
279 280
282 399
283 489
284 285
284 286
284 584
285 286
285 549
285 582
285 583
285 584
286 549
286 584
287 329
287 330
287 332
287 397
287 529
287 530
287 535
289 291
290 302
291 586
292 587
293 294
294 300
295 594
295 595
296 297
296 592
296 594
297 299
297 426
297 565
297 592
297 594
297 598
298 595
300 588
300 589
301 384
301 390
301 411
301 469
302 322
302 390
303 304
304 305
305 321
305 322
305 324
305 336
307 599
309 517
312 334
313 561
314 411
315 319
316 592
317 385
317 388
317 400
318 334
319 320
320 324
320 336
321 322
321 336
321 339
321 386
321 389
321 391
323 324
323 327
323 329
323 330
323 332
323 335
324 327
324 328
324 329
324 336
325 327
327 329
327 582
328 329
328 330
328 332
329 330
329 332
329 333
329 335
329 549
329 582
330 332
331 333
332 333
332 335
332 549
333 335
335 336
335 391
337 374
338 374
339 391
341 358
341 414
341 441
342 343
343 587
344 348
345 353
345 354
345 359
348 375
348 413
350 357
350 393
350 396
350 398
350 400
350 401
350 407
350 416
351 352
351 361
351 414
352 360
352 363
353 354
353 355
353 358
353 359
354 359
356 411
357 400
357 401
357 407
357 410
357 416
357 515
358 364
358 375
358 413
358 414
358 422
358 441
359 414
359 441
364 365
364 375
364 376
364 421
364 422
364 428
364 434
364 451
365 370
365 376
365 422
365 434
365 451
366 598
368 369
368 370
368 372
369 433
370 372
370 373
370 593
371 374
374 381
374 382
375 413
375 422
376 422
377 380
377 381
378 379
378 403
380 381
380 405
383 433
384 396
384 408
386 391
386 398
387 480
387 595
389 391
390 415
390 504
392 397
393 394
393 396
393 398
393 400
393 495
394 396
394 398
394 400
394 401
394 402
394 408
394 410
394 416
395 396
395 397
395 399
395 442
395 456
395 504
395 535
396 398
396 400
396 401
396 408
396 410
396 416
396 492
397 530
397 533
397 535
397 582
398 400
398 401
398 410
399 401
399 515
399 534
400 401
400 410
400 416
400 495
401 408
401 413
401 515
403 410
403 436
404 407
404 410
404 423
407 410
407 492
408 410
408 416
408 419
408 423
408 492
409 410
412 413
412 414
412 443
412 445
413 414
413 422
414 441
415 504
417 418
417 442
418 446
418 515
420 599
421 422
422 425
422 429
422 434
422 491
424 451
430 431
430 432
430 434
430 437
431 434
432 434
432 437
432 448
434 448
434 460
435 454
435 461
435 491
435 501
435 504
437 446
437 454
437 466
439 444
442 464
442 515
443 445
449 466
450 510
451 461
451 490
451 491
452 465
452 516
452 527
453 526
454 461
454 515
454 526
455 456
455 464
455 576
456 501
456 504
456 578
457 502
457 577
458 464
458 515
459 499
459 500
461 490
463 563
465 467
465 497
465 516
465 518
465 552
465 555
465 600
467 498
467 518
467 555
468 539
468 574
470 552
471 473
472 473
473 499
474 501
476 488
478 486
478 548
478 556
478 569
478 570
478 573
482 528
485 542
487 586
488 538
488 539
488 566
489 496
490 491
490 514
491 492
493 494
494 496
494 509
494 514
496 509
496 514
496 579
497 503
497 510
497 513
497 516
497 519
497 527
497 528
497 551
497 600
498 521
499 500
499 502
499 503
500 578
500 596
501 504
501 535
502 503
502 505
502 539
502 554
503 505
503 510
503 516
503 528
503 578
503 600
505 510
505 516
505 528
505 599
505 600
506 534
507 513
507 517
507 562
508 513
509 514
510 512
510 513
510 514
510 516
510 527
510 528
511 512
511 513
511 520
511 542
511 581
512 513
512 520
512 541
512 542
512 564
512 572
512 574
513 517
513 519
513 520
513 521
513 528
513 542
513 551
513 562
513 569
513 572
513 585
514 524
516 520
516 527
516 528
516 551
517 518
517 519
517 562
517 571
517 572
518 519
519 520
519 523
519 528
519 537
519 551
519 561
519 562
520 521
520 542
520 551
520 555
520 562
521 540
521 541
521 542
521 551
521 562
521 569
521 572
521 573
521 574
522 528
525 526
529 530
530 553
531 600
532 554
533 546
533 553
536 552
538 539
538 540
538 548
538 556
538 566
538 570
539 540
539 541
539 554
539 574
540 541
540 542
540 548
540 556
540 567
540 569
540 570
540 573
540 574
541 542
541 564
541 566
541 567
541 569
541 574
542 548
542 556
542 557
542 560
542 567
542 569
543 544
543 559
544 552
548 556
548 567
548 569
548 570
548 573
549 584
551 555
551 557
551 561
556 569
556 570
557 560
557 569
558 561
560 561
560 569
562 572
565 592
565 594
566 567
566 574
567 569
567 573
568 588
569 570
569 572
569 573
569 574
570 573
571 572
572 573
573 574
576 578
578 599
588 590
591 592
592 594
594 596
595 597
596 599
599 600
