600 1797

1 2
1 5
1 18
1 20
1 94
1 290
1 301
1 302
1 389
2 3
2 14
2 17
2 18
2 19
2 20
2 21
2 26
2 29
2 37
2 94
2 98
2 184
2 301
2 302
2 312
2 317
2 318
2 320
2 321
2 389
2 398
3 4
3 5
3 14
3 16
3 17
3 18
3 19
3 20
3 26
3 29
3 94
3 301
3 303
3 304
3 312
3 317
3 318
3 319
3 320
3 336
3 389
4 5
4 18
4 22
4 23
4 301
4 304
5 12
5 14
5 16
5 17
5 18
5 19
5 20
5 21
5 24
5 29
5 36
5 37
5 38
5 94
5 303
5 304
5 305
5 308
5 312
5 317
5 318
5 319
5 320
5 321
5 323
5 324
5 336
5 389
6 309
7 308
8 108
9 14
10 527
11 21
11 94
11 321
11 386
12 14
12 16
12 18
12 19
12 20
12 29
12 94
12 107
12 303
12 304
12 311
12 312
12 315
12 316
12 317
12 319
12 321
12 389
13 264
14 16
14 17
14 18
14 19
14 20
14 29
14 94
14 107
14 304
14 312
14 317
14 318
14 319
14 320
14 321
14 323
14 328
14 389
15 315
15 316
16 18
16 19
16 20
16 29
16 94
16 107
16 303
16 304
16 312
16 315
16 317
16 318
16 319
16 389
17 18
17 19
17 20
17 21
17 29
17 36
17 37
17 94
17 301
17 304
17 312
17 317
17 318
17 319
17 320
17 321
17 323
17 328
17 330
17 389
18 19
18 20
18 21
18 29
18 37
18 94
18 98
18 301
18 302
18 303
18 304
18 311
18 317
18 318
18 319
18 320
18 321
18 336
18 369
18 389
19 20
19 21
19 29
19 94
19 107
19 301
19 303
19 304
19 312
19 315
19 317
19 318
19 319
19 320
19 321
19 389
20 21
20 29
20 37
20 94
20 98
20 107
20 301
20 303
20 304
20 312
20 317
20 318
20 319
20 320
20 321
20 389
20 391
21 29
21 37
21 94
21 98
21 111
21 301
21 312
21 317
21 321
21 386
21 389
21 394
21 398
23 30
23 36
24 308
24 326
25 322
26 29
26 103
26 318
26 328
27 514
28 327
29 37
29 94
29 107
29 304
29 312
29 317
29 318
29 319
29 320
29 321
29 323
29 324
29 328
29 330
29 389
30 36
30 38
30 323
30 330
30 443
31 36
32 33
32 35
32 329
32 333
32 334
34 322
34 444
34 447
34 584
35 333
36 37
36 38
36 312
36 320
36 323
36 330
36 336
36 415
37 38
37 98
37 301
37 302
37 320
37 321
37 324
37 336
37 389
38 312
38 320
38 323
38 324
38 328
38 329
38 330
38 332
38 335
38 336
39 79
40 337
41 43
41 338
41 378
42 47
42 56
42 340
42 347
43 80
44 341
44 357
45 48
45 353
46 48
46 54
46 67
46 342
46 343
46 345
46 346
47 52
47 115
47 116
47 118
48 54
48 66
48 342
48 347
48 352
48 362
48 363
49 83
49 140
49 403
49 422
49 446
50 352
51 62
51 66
51 345
51 352
51 362
51 363
52 53
52 116
52 118
52 124
53 57
54 362
55 118
57 65
57 433
58 61
58 341
58 358
59 335
60 348
60 413
61 354
61 363
62 66
62 352
62 360
62 362
62 363
63 64
63 152
63 357
64 413
66 345
66 352
66 360
66 362
66 363
67 342
67 343
67 345
67 346
67 352
67 360
67 362
67 363
68 140
68 148
68 159
68 197
68 364
68 420
68 422
68 428
68 430
68 437
68 446
69 71
70 135
70 365
70 370
70 593
71 76
71 77
72 77
73 75
73 135
74 75
75 81
76 90
76 122
76 151
76 294
76 297
76 363
78 103
79 82
79 83
79 88
79 126
79 129
79 130
79 137
79 141
79 348
79 375
80 186
82 83
82 126
82 127
82 129
82 141
82 150
82 375
83 88
83 126
83 127
83 129
83 130
83 191
83 421
83 422
84 86
84 377
85 149
86 87
86 377
87 89
87 377
87 381
88 113
88 115
88 116
88 130
89 91
89 337
89 381
90 122
90 151
92 108
92 109
93 94
93 317
93 384
94 98
94 107
94 301
94 303
94 304
94 311
94 312
94 317
94 318
94 319
94 320
94 321
94 384
94 385
94 389
95 96
95 151
97 488
98 301
98 302
98 317
98 321
98 324
98 386
98 389
98 398
99 298
100 101
100 108
100 187
100 384
102 321
104 105
104 106
104 189
104 192
104 212
105 106
105 192
105 390
106 223
107 108
107 304
107 312
107 317
107 318
107 319
107 389
107 396
107 411
108 109
108 110
108 175
109 201
109 397
109 416
110 120
110 198
111 398
111 400
112 113
112 114
112 141
112 199
112 281
112 404
112 451
113 114
113 115
113 117
113 126
113 187
113 199
113 407
113 451
114 115
114 126
114 154
114 191
114 199
114 451
114 490
115 116
115 117
115 130
116 117
116 118
116 194
117 118
117 120
117 194
119 225
120 196
121 210
122 151
122 164
122 272
122 274
122 280
123 289
123 416
125 153
126 130
126 150
126 191
127 129
127 130
128 190
128 264
129 281
129 374
130 191
131 155
132 133
132 451
133 309
134 161
134 430
135 365
135 368
135 370
135 593
136 148
136 163
136 430
136 437
136 446
136 454
136 462
136 464
137 139
138 149
140 141
140 148
140 364
140 420
140 422
140 428
140 430
140 434
140 437
140 446
140 448
141 422
141 434
142 457
143 225
143 418
143 439
143 443
144 347
145 305
146 421
147 440
148 159
148 162
148 163
148 197
148 420
148 437
148 446
148 448
149 412
149 418
149 421
149 423
149 445
150 160
150 337
151 164
151 272
153 155
153 163
154 197
154 451
154 501
155 163
155 449
156 233
157 159
158 159
159 197
159 446
161 458
163 253
163 277
164 272
164 280
165 249
166 167
167 251
167 522
168 170
168 226
168 236
168 239
168 288
168 307
168 475
168 556
168 585
169 173
169 185
169 472
169 586
170 177
170 226
170 232
170 236
170 239
170 247
170 251
170 269
170 313
170 314
170 547
170 554
170 556
171 202
172 556
173 174
174 217
176 524
178 267
178 280
178 566
179 578
180 303
181 370
182 206
182 207
182 256
182 509
183 243
183 250
183 252
183 255
183 258
183 261
183 266
183 268
183 269
183 476
183 566
183 570
183 572
187 198
187 201
188 295
189 207
189 211
189 226
189 230
189 231
189 235
189 239
189 536
191 204
191 212
192 193
192 202
192 212
192 215
193 201
193 202
193 203
193 212
194 506
195 196
196 417
198 200
198 202
199 281
200 201
200 202
201 202
201 203
201 212
202 203
202 212
203 212
203 214
203 219
205 506
206 209
206 216
206 234
206 256
206 265
207 230
207 234
207 239
207 256
207 269
208 245
208 263
208 264
209 234
209 265
210 211
211 231
212 214
213 228
213 229
213 262
213 273
218 273
220 221
220 238
220 240
220 244
220 286
220 287
220 529
220 530
220 584
221 287
221 529
221 530
221 584
222 223
222 238
222 240
222 292
222 549
222 553
223 587
224 229
224 245
224 262
224 263
224 265
225 534
226 227
226 235
226 236
226 238
226 239
226 247
226 535
226 536
226 547
226 551
226 554
226 556
226 557
227 235
227 236
227 535
227 536
228 229
228 262
228 263
228 541
228 581
229 230
229 243
229 255
229 256
229 258
229 262
229 263
229 265
229 268
229 283
229 541
229 542
230 231
230 232
230 239
230 243
230 247
230 265
230 269
231 243
231 245
231 259
231 265
232 233
232 236
232 239
232 247
232 250
232 252
232 265
232 268
232 269
232 556
232 563
233 234
233 248
234 256
234 265
234 269
234 271
235 236
235 238
235 239
235 240
235 248
235 285
235 536
235 546
235 547
235 556
236 238
236 239
236 240
236 247
236 269
236 285
236 286
236 536
236 547
236 548
236 556
236 557
237 286
238 239
238 240
238 241
238 244
238 245
238 247
238 284
238 285
238 286
238 536
238 547
238 548
238 549
238 550
238 554
238 556
238 557
239 243
239 247
239 256
239 269
239 547
239 548
239 550
239 551
239 554
239 556
239 557
240 241
240 244
240 245
240 247
240 286
240 535
240 536
240 547
240 549
240 550
240 553
240 554
240 556
240 584
241 243
241 244
241 245
241 247
241 478
241 550
241 552
241 554
242 552
243 245
243 247
243 250
243 252
243 255
243 256
243 258
243 259
243 262
243 263
243 265
243 266
243 268
243 269
243 270
243 550
243 554
243 560
243 572
244 245
245 247
246 594
247 250
247 252
247 258
247 266
247 268
247 269
247 547
247 548
247 550
247 554
247 556
248 249
248 250
248 254
248 556
250 252
250 254
250 268
250 543
250 558
250 560
250 561
250 575
251 276
252 255
252 258
252 263
252 266
252 268
252 269
252 564
252 566
252 569
252 570
252 572
252 600
254 275
255 256
255 258
255 259
255 261
255 262
255 263
255 264
255 265
255 266
255 267
255 268
255 269
255 270
255 476
255 538
255 560
255 566
255 570
255 572
256 258
256 262
256 263
256 265
256 269
256 541
256 542
256 544
256 567
256 573
257 588
258 259
258 261
258 262
258 263
258 264
258 265
258 266
258 267
258 268
258 269
258 270
258 476
258 538
258 550
258 554
258 560
258 561
258 572
259 268
259 293
260 261
261 270
261 274
261 280
261 476
262 263
262 265
262 266
262 268
262 269
262 270
262 541
262 548
262 550
263 264
263 265
263 267
263 268
263 270
263 271
263 518
263 541
263 542
263 560
264 267
264 270
264 453
264 528
264 560
264 566
265 269
265 271
266 268
266 550
266 554
267 268
267 270
267 274
267 280
267 566
268 269
268 270
268 528
268 550
268 560
268 570
268 572
269 548
269 556
269 572
270 274
270 278
270 280
271 544
272 274
272 280
274 280
279 281
282 395
284 285
284 286
285 286
285 547
285 549
285 556
285 557
285 583
286 529
286 547
286 549
286 553
286 584
287 445
287 529
290 482
291 561
293 588
295 298
296 298
298 300
299 300
300 594
301 302
301 303
301 304
301 317
301 320
301 321
301 389
302 321
302 389
303 304
303 317
303 318
303 319
303 320
303 336
303 389
304 312
304 315
304 317
304 318
304 319
304 320
304 321
304 336
304 384
304 389
304 391
305 321
305 324
306 373
308 324
310 383
311 317
311 385
311 389
312 318
312 319
312 320
312 321
312 323
312 328
312 330
312 336
312 389
315 316
315 317
315 319
317 318
317 319
317 320
317 321
317 384
317 385
317 388
317 389
317 487
318 319
318 320
318 328
318 336
318 389
319 320
319 336
319 389
320 321
320 328
320 336
320 389
321 324
321 336
321 386
321 389
321 398
322 325
323 324
323 327
323 328
323 329
323 330
323 332
323 336
324 329
324 336
328 329
328 330
328 332
329 330
329 332
329 335
330 332
330 335
331 333
332 335
332 336
333 334
335 336
336 389
337 406
337 469
338 380
339 437
339 446
339 448
340 344
340 350
341 348
341 357
342 343
342 346
342 347
343 346
343 347
344 347
345 349
345 352
345 360
345 362
345 363
346 347
348 375
348 409
348 413
351 352
351 360
351 361
351 363
352 360
352 362
352 363
353 359
353 441
354 356
355 448
357 418
360 362
360 363
361 414
362 363
364 403
364 404
364 420
364 421
364 422
364 428
364 430
364 432
364 434
364 435
364 446
364 456
364 460
364 461
365 366
365 370
365 429
365 593
367 376
370 429
370 593
371 372
372 375
373 376
375 413
375 421
376 403
376 422
376 430
376 435
376 436
379 436
380 381
381 382
381 405
383 399
384 389
384 391
384 411
385 386
385 389
385 402
386 398
387 399
387 520
387 540
387 579
387 581
390 391
390 392
390 397
390 530
392 397
393 395
393 408
393 489
393 490
393 492
393 494
393 495
393 496
393 497
393 514
394 398
394 504
395 397
395 399
395 401
395 408
395 417
395 451
395 485
395 490
395 492
395 497
395 579
396 397
396 407
396 408
396 409
396 410
396 411
396 416
396 419
396 492
396 494
397 399
397 407
397 408
397 416
397 417
397 492
397 579
398 400
399 401
399 417
399 492
399 579
403 404
403 420
403 421
403 422
403 423
403 428
403 430
403 434
403 435
403 436
403 491
404 410
404 423
404 435
404 451
404 460
404 461
404 484
404 491
406 407
406 491
406 526
407 408
407 409
407 410
407 416
407 491
407 492
408 409
408 410
408 411
408 416
408 419
408 490
408 491
408 492
408 494
408 497
408 514
409 410
409 411
410 411
410 416
410 419
410 423
410 491
412 418
412 421
412 423
412 443
412 445
412 534
416 417
416 418
416 419
417 418
417 423
417 451
417 490
417 492
418 423
418 424
418 428
418 439
418 440
418 454
419 435
419 442
419 490
419 492
420 421
420 422
420 428
420 430
420 437
420 446
420 448
420 459
421 422
421 423
421 428
421 430
421 434
421 461
422 423
422 428
422 430
422 431
422 432
422 434
422 435
422 437
422 446
422 448
422 459
423 424
423 428
423 430
423 432
423 434
423 435
423 439
423 443
423 451
423 460
423 461
423 491
424 439
424 440
424 451
425 448
425 459
425 466
425 500
425 599
426 460
427 588
427 591
428 430
428 431
428 432
428 434
428 435
428 437
428 446
428 448
428 454
428 460
428 461
430 431
430 432
430 434
430 435
430 437
430 446
430 456
430 461
430 501
431 432
431 434
431 435
431 436
431 446
432 435
432 443
432 446
432 456
432 461
434 435
434 446
434 460
434 461
435 436
435 461
435 491
435 492
435 501
437 446
437 448
437 454
438 443
439 443
439 445
439 454
439 460
439 534
443 445
443 534
445 534
446 448
446 454
446 456
448 454
448 466
449 450
449 454
449 468
449 480
449 599
450 599
451 461
451 490
451 492
452 454
453 516
453 560
455 456
455 576
457 466
457 483
457 564
457 565
457 569
457 574
457 578
457 598
457 600
459 500
459 591
460 501
461 491
463 558
465 576
466 565
466 574
466 578
466 598
466 599
467 510
467 545
468 543
468 574
470 498
471 475
472 477
472 580
473 499
473 537
474 496
474 503
474 523
475 556
475 557
476 560
476 572
479 554
481 586
486 488
488 571
489 495
489 581
490 491
490 492
490 494
490 496
490 497
490 514
491 492
492 494
492 497
492 514
493 495
493 496
493 503
493 507
493 509
493 511
493 513
493 518
493 520
493 521
493 542
494 495
494 496
494 497
494 514
495 496
495 503
495 513
495 520
496 503
496 513
496 514
496 515
496 523
497 510
497 514
498 520
499 579
502 505
503 511
503 520
505 516
505 517
505 577
507 511
507 513
507 542
508 531
509 520
511 513
511 521
511 542
512 527
513 518
513 521
513 541
513 542
516 517
516 518
516 528
516 541
517 519
517 541
518 520
518 521
518 541
518 542
518 567
518 573
519 525
520 521
520 524
520 533
520 540
520 541
520 579
520 581
521 541
521 542
521 544
521 567
521 573
525 527
526 559
528 538
528 560
528 570
529 530
529 584
530 584
531 532
532 597
532 600
533 540
533 581
535 536
535 549
535 553
538 554
538 564
538 566
538 570
538 572
539 547
540 541
540 555
540 579
540 581
541 542
541 544
541 567
541 573
541 581
542 567
542 573
544 571
544 572
544 573
546 547
546 549
546 553
546 556
547 548
547 549
547 554
547 556
547 557
547 584
548 549
548 550
548 551
548 553
548 554
548 556
548 557
548 562
549 550
549 553
549 554
549 556
549 557
549 583
549 584
550 553
550 554
551 557
553 584
554 556
554 572
556 557
558 560
558 561
560 566
564 565
564 566
564 569
564 570
564 571
564 574
564 600
565 574
565 578
565 592
565 594
565 596
565 597
565 598
565 599
565 600
566 569
566 570
566 572
566 574
566 600
567 573
568 570
569 570
569 571
569 572
569 578
569 600
570 571
570 572
570 600
574 578
574 600
578 599
579 580
579 581
580 581
582 583
589 591
590 592
591 592
591 593
592 594
592 596
592 598
594 596
594 597
595 597
596 597
596 598
597 598
597 600
598 599
