600 1798

1 4
1 5
1 18
1 19
1 20
1 22
1 98
1 322
1 323
2 4
2 5
2 29
2 301
2 312
2 317
2 319
3 12
3 14
3 15
3 16
3 304
4 5
4 11
4 18
4 19
4 20
4 21
4 22
4 29
4 94
4 98
4 302
4 320
4 321
4 322
4 323
4 385
4 386
4 388
4 389
4 390
5 11
5 12
5 16
5 19
5 20
5 22
5 24
5 29
5 98
5 320
5 321
5 322
5 323
5 324
5 388
5 389
6 301
7 15
7 315
8 12
8 16
8 17
8 318
9 13
9 314
10 306
10 384
11 18
11 20
11 21
11 22
11 94
11 98
11 101
11 102
11 105
11 111
11 120
11 301
11 302
11 305
11 320
11 321
11 322
11 323
11 324
11 385
11 386
11 388
11 389
11 390
11 391
11 398
12 16
12 19
12 304
12 312
12 317
12 318
12 319
13 15
13 313
13 314
14 15
14 16
14 17
14 312
14 313
14 316
14 318
15 313
15 315
15 316
16 17
16 19
16 29
16 304
16 312
16 318
16 319
16 331
17 19
17 318
17 331
18 20
18 94
18 98
18 320
18 388
18 389
18 391
19 29
19 318
19 331
20 21
20 22
20 23
20 24
20 30
20 31
20 32
20 36
20 37
20 94
20 98
20 101
20 102
20 103
20 105
20 107
20 111
20 120
20 287
20 301
20 302
20 305
20 320
20 321
20 322
20 323
20 324
20 325
20 328
20 329
20 330
20 339
20 385
20 386
20 388
20 389
20 390
20 391
20 398
20 584
21 22
21 23
21 27
21 28
21 30
21 31
21 32
21 33
21 35
21 36
21 37
21 38
21 94
21 97
21 98
21 101
21 102
21 103
21 105
21 106
21 107
21 111
21 120
21 220
21 284
21 285
21 286
21 287
21 301
21 302
21 305
21 320
21 321
21 322
21 323
21 324
21 327
21 328
21 329
21 330
21 332
21 333
21 335
21 339
21 385
21 386
21 388
21 389
21 390
21 391
21 395
21 398
21 489
21 529
21 579
21 582
21 583
21 584
22 23
22 24
22 28
22 30
22 31
22 32
22 36
22 37
22 98
22 101
22 102
22 111
22 285
22 287
22 290
22 302
22 305
22 320
22 321
22 322
22 323
22 324
22 329
22 330
22 385
22 386
22 388
22 389
22 390
22 391
22 582
22 583
22 584
23 26
23 27
23 28
23 30
23 31
23 32
23 35
23 36
23 38
23 305
23 320
23 323
23 328
23 329
23 330
23 332
24 29
24 32
24 323
24 324
24 326
24 329
25 323
25 325
26 27
26 28
26 30
26 31
26 32
26 36
26 38
26 285
26 287
26 328
26 329
26 330
26 583
27 28
27 30
27 31
27 32
27 33
27 34
27 35
27 36
27 38
27 220
27 285
27 286
27 287
27 328
27 329
27 330
27 332
27 333
27 335
27 529
27 582
27 583
27 584
28 30
28 31
28 34
28 35
28 36
28 38
28 101
28 107
28 284
28 323
28 327
28 328
28 329
28 330
28 332
28 335
28 529
29 312
29 331
30 31
30 32
30 33
30 34
30 35
30 36
30 38
30 220
30 285
30 286
30 287
30 305
30 320
30 321
30 323
30 328
30 329
30 330
30 332
30 333
30 335
30 390
30 412
30 529
30 583
30 584
31 32
31 33
31 34
31 35
31 36
31 37
31 38
31 101
31 119
31 220
31 284
31 285
31 286
31 287
31 305
31 320
31 321
31 323
31 328
31 329
31 330
31 332
31 333
31 335
31 412
31 529
31 582
31 583
31 584
32 36
32 285
32 287
32 305
32 320
32 321
32 323
32 324
32 326
32 328
32 329
32 330
32 332
32 390
32 398
33 34
33 35
33 36
33 37
33 38
33 220
33 286
33 287
33 328
33 329
33 330
33 332
33 333
33 335
33 529
33 584
34 35
34 36
34 37
34 38
34 287
34 330
34 332
34 335
34 529
34 584
35 36
35 37
35 38
35 101
35 143
35 220
35 287
35 305
35 320
35 321
35 328
35 329
35 330
35 332
35 333
35 335
35 529
35 584
36 37
36 38
36 220
36 287
36 305
36 320
36 321
36 323
36 328
36 329
36 330
36 332
36 333
36 335
36 529
36 584
37 38
37 287
37 305
37 320
37 321
37 323
37 330
37 332
37 336
37 389
37 391
37 584
38 220
38 287
38 329
38 330
38 332
38 335
38 336
38 529
38 530
39 87
39 88
40 351
41 378
42 47
42 117
43 140
44 61
44 65
44 341
44 354
45 47
45 48
46 48
47 349
47 369
48 54
49 58
49 61
49 65
49 139
49 150
49 350
49 354
49 379
49 440
50 125
50 146
50 157
51 62
51 63
51 66
51 67
52 124
53 61
55 116
56 345
57 60
57 65
58 61
58 65
58 354
58 355
59 64
60 65
60 348
61 65
61 341
61 345
61 353
61 354
61 355
61 431
62 63
62 66
63 65
63 66
64 348
64 414
65 341
65 354
65 440
68 69
68 81
68 293
69 70
71 72
71 77
71 297
71 364
71 365
71 368
73 376
74 77
74 82
75 367
76 199
77 365
77 375
78 117
79 428
80 84
80 140
81 361
83 85
83 130
83 367
83 374
83 376
83 377
83 403
86 87
86 89
86 377
86 380
86 381
87 380
87 381
87 405
89 91
90 126
92 96
92 114
92 181
92 402
92 491
93 94
93 301
93 393
93 411
94 98
94 101
94 104
94 105
94 110
94 120
94 301
94 384
94 385
94 386
94 388
94 390
94 393
94 396
94 398
94 411
94 419
94 487
94 579
95 96
95 100
95 104
95 108
95 109
95 184
95 387
95 393
95 394
95 396
95 410
95 411
95 419
95 487
95 579
95 586
96 99
96 114
96 188
96 402
96 491
96 595
98 101
98 105
98 107
98 111
98 120
98 301
98 302
98 305
98 320
98 321
98 322
98 323
98 324
98 329
98 385
98 386
98 388
98 389
98 390
98 391
98 398
98 579
99 201
99 595
100 108
100 119
100 184
100 188
100 282
100 286
100 487
100 529
100 580
100 581
100 583
100 584
100 586
101 102
101 103
101 104
101 105
101 106
101 107
101 111
101 119
101 120
101 184
101 220
101 286
101 287
101 301
101 302
101 305
101 320
101 321
101 322
101 323
101 329
101 330
101 388
101 389
101 390
101 391
101 395
101 398
101 413
101 489
101 529
101 579
101 583
101 584
102 103
102 106
102 111
102 302
102 305
102 320
102 321
102 322
102 388
102 389
102 390
102 391
103 105
103 106
103 111
103 305
103 321
103 322
103 388
103 389
103 390
103 391
103 398
103 489
104 105
104 108
104 109
104 120
104 184
104 194
104 384
104 387
104 393
104 394
104 396
104 398
104 410
104 411
104 419
104 487
104 489
104 579
105 107
105 108
105 111
105 120
105 301
105 321
105 322
105 327
105 384
105 388
105 389
105 390
105 391
105 393
105 395
105 398
105 413
105 489
105 495
105 579
106 220
106 237
106 284
106 285
106 286
106 305
106 321
106 322
106 384
106 389
106 390
106 395
106 489
106 495
106 583
107 108
107 111
107 120
107 328
107 330
107 339
107 388
107 390
107 391
107 398
107 413
107 579
107 584
108 119
108 120
108 184
109 187
109 194
109 394
110 120
110 400
111 120
111 302
111 305
111 320
111 321
111 322
111 323
111 324
111 339
111 385
111 386
111 388
111 389
111 390
111 391
111 398
111 413
112 114
112 129
112 402
112 404
112 438
112 451
112 491
112 503
113 114
113 115
114 115
114 188
114 210
114 402
114 491
115 116
115 194
115 410
116 408
117 344
118 348
119 121
119 184
119 220
119 223
119 225
119 285
119 286
119 401
119 412
119 443
119 529
119 583
119 584
120 301
120 321
120 323
120 324
120 390
120 391
120 398
120 413
120 579
121 147
121 400
121 401
121 412
122 195
123 124
124 125
126 492
127 140
128 255
128 260
129 421
129 440
131 157
131 190
132 423
133 134
134 422
134 426
134 430
134 432
134 437
135 421
136 159
136 458
137 440
138 139
140 141
140 430
141 199
142 543
144 260
145 445
147 412
148 437
149 440
150 440
151 272
152 160
153 232
154 490
155 233
155 454
156 437
156 545
158 441
158 524
160 199
161 432
162 257
162 462
163 254
164 523
165 180
165 183
165 476
165 477
165 566
166 566
167 171
168 478
169 577
170 256
170 478
171 522
172 479
173 180
173 183
173 477
173 479
174 217
175 177
175 481
175 482
175 483
175 484
176 178
176 180
176 481
176 566
177 178
177 481
177 482
177 585
178 480
178 481
178 484
179 482
180 183
180 476
180 477
180 479
180 481
180 566
182 206
183 252
183 258
183 477
183 479
183 481
183 486
183 488
183 566
184 286
184 289
184 487
184 529
184 584
184 586
185 426
186 275
187 191
187 204
188 198
188 204
188 581
189 192
189 202
189 207
189 211
189 213
189 222
189 228
189 229
189 230
189 266
190 210
191 194
191 204
191 210
191 408
191 425
191 498
192 193
192 200
192 202
192 211
193 202
193 496
193 533
194 204
194 394
195 196
196 224
197 212
197 527
198 509
200 203
202 222
203 249
205 279
206 231
208 211
208 234
208 265
209 212
209 216
209 231
209 512
209 525
211 212
211 214
211 230
211 274
212 274
213 229
213 234
213 244
213 266
214 218
214 255
214 259
214 263
214 265
214 266
214 270
214 273
214 274
214 281
215 270
215 273
217 251
217 276
217 522
218 255
218 259
218 266
218 270
219 267
220 221
220 223
220 225
220 237
220 284
220 285
220 286
220 287
220 329
220 330
220 332
220 333
220 335
220 395
220 399
220 489
220 529
220 530
220 534
220 549
220 583
220 584
221 223
221 239
221 397
221 399
221 530
221 548
222 229
222 240
222 244
222 245
222 295
222 532
222 533
222 542
222 547
222 553
222 554
223 286
223 395
223 399
223 530
224 237
224 245
224 547
225 286
225 534
226 236
226 444
226 535
226 537
227 261
227 427
227 536
229 230
229 231
229 244
229 266
229 271
229 541
230 231
230 265
230 266
230 512
231 265
231 512
232 267
235 472
236 237
237 282
237 284
237 285
237 286
237 287
237 489
237 547
237 583
238 291
238 550
239 242
239 548
240 245
240 531
240 532
240 547
240 549
240 553
240 554
240 555
241 244
242 552
243 256
245 246
245 531
245 532
245 547
245 553
245 554
246 263
246 273
247 252
248 557
250 252
250 556
250 560
250 561
251 577
252 268
252 570
253 463
254 463
255 259
255 268
255 270
255 273
256 567
257 568
257 592
259 263
259 266
259 268
259 270
259 273
260 294
261 300
262 529
263 273
264 265
265 273
266 271
266 273
267 268
268 269
268 270
268 273
269 270
269 272
269 279
270 273
272 277
273 274
273 279
273 281
274 281
275 455
275 575
276 280
276 310
276 314
276 522
278 577
279 281
282 284
283 307
283 511
284 285
284 286
284 287
284 330
284 582
284 583
285 286
285 287
285 329
285 330
285 529
285 582
285 583
285 584
286 287
286 291
286 329
286 330
286 332
286 335
286 395
286 489
286 529
286 582
286 583
286 584
287 305
287 320
287 321
287 328
287 329
287 330
287 332
287 333
287 335
287 336
287 391
287 529
287 582
287 583
287 584
288 585
292 336
296 299
296 370
297 592
298 299
301 302
301 321
301 384
301 385
301 388
301 389
301 390
301 398
301 489
301 495
302 305
302 320
302 321
302 322
302 323
302 325
302 339
302 385
302 386
302 388
302 389
302 390
302 391
302 398
303 317
303 319
304 308
304 312
304 317
304 319
305 320
305 321
305 322
305 323
305 324
305 326
305 329
305 330
305 333
305 334
305 386
305 388
305 389
305 390
305 391
305 398
306 309
308 312
311 313
311 316
312 318
312 319
312 331
313 316
315 316
317 319
317 385
318 319
318 331
320 321
320 322
320 323
320 324
320 329
320 336
320 385
320 386
320 388
320 389
320 390
320 391
320 582
321 322
321 323
321 324
321 329
321 330
321 339
321 385
321 386
321 388
321 389
321 390
321 391
321 398
322 323
322 324
322 325
322 329
322 385
322 386
322 388
322 389
322 390
322 391
322 398
323 324
323 325
323 328
323 329
323 330
323 332
323 389
323 390
323 391
323 529
323 584
324 326
324 329
324 385
324 389
324 390
324 398
326 329
326 398
327 330
328 329
328 330
328 332
328 335
328 412
328 529
328 583
328 584
329 330
329 332
329 335
329 390
329 398
329 529
329 583
329 584
330 332
330 333
330 335
330 395
330 398
330 412
330 529
330 583
330 584
332 333
332 335
332 412
332 529
332 584
333 335
333 529
333 549
335 529
335 549
335 584
336 391
336 392
337 338
337 340
339 347
339 390
339 391
340 344
340 409
341 351
341 352
341 354
341 357
341 358
341 359
342 346
343 346
343 389
344 396
344 409
344 410
345 352
345 354
349 474
350 416
351 353
351 359
352 358
352 359
353 354
353 359
353 372
354 355
354 356
354 431
357 358
358 360
360 361
360 362
360 363
365 368
365 593
366 564
367 371
368 593
370 458
370 592
373 431
374 376
374 431
374 433
374 436
374 440
376 428
376 436
377 378
377 381
377 382
380 381
380 405
383 580
384 385
384 390
384 393
384 395
384 398
384 411
384 419
384 489
384 495
384 579
385 386
385 388
385 389
385 390
385 391
386 388
386 389
386 390
386 391
387 393
387 395
387 396
387 398
387 410
387 411
387 579
388 389
388 390
388 391
388 398
389 390
389 391
389 398
390 391
390 395
390 398
390 489
390 579
391 398
391 584
393 394
393 395
393 396
393 398
393 400
393 410
393 411
393 419
393 487
393 489
393 495
393 579
394 396
394 408
394 411
394 419
394 425
394 499
395 396
395 398
395 399
395 401
395 411
395 412
395 413
395 489
395 505
395 529
395 530
395 579
395 583
396 398
396 400
396 401
396 402
396 406
396 410
396 411
396 412
396 413
396 419
396 487
396 579
397 530
397 551
398 411
398 413
398 419
398 489
398 579
399 401
399 412
399 520
399 529
399 530
399 534
400 401
400 402
400 411
400 412
400 580
401 411
401 412
401 445
402 451
402 491
402 503
404 406
404 459
407 418
408 425
408 492
408 494
408 501
410 419
410 579
411 412
411 413
411 419
411 579
412 417
412 529
412 584
415 504
415 505
418 491
419 487
419 505
419 579
420 439
420 598
421 422
421 430
421 440
422 428
422 430
422 432
422 435
422 436
422 440
422 448
423 424
423 435
424 470
424 591
425 494
425 499
425 501
425 503
426 432
428 432
428 434
428 440
429 535
430 440
432 435
432 473
433 436
434 435
434 448
435 448
435 457
436 440
436 446
439 572
442 455
442 460
442 464
445 467
447 491
449 454
449 515
450 510
451 491
451 503
452 453
452 514
452 521
452 528
452 544
454 468
454 515
454 518
454 543
456 458
456 515
457 594
458 592
461 466
463 464
463 563
464 515
464 523
465 517
466 500
468 510
468 521
469 559
471 475
472 477
475 479
476 479
476 566
477 479
477 481
479 559
480 481
480 484
481 482
481 566
482 483
482 484
483 484
485 512
487 580
487 586
489 495
489 547
489 579
490 514
491 503
493 494
493 496
493 501
493 516
493 519
494 496
494 498
494 501
494 516
496 501
497 503
498 516
500 502
501 516
502 565
506 585
507 508
507 513
510 521
511 512
511 532
511 542
512 513
512 525
512 542
513 514
513 517
513 525
513 526
514 521
520 521
520 534
520 540
520 581
522 524
529 534
529 549
529 583
529 584
530 548
531 532
531 534
531 553
531 554
531 555
531 573
532 533
532 541
532 542
532 547
532 553
532 554
532 555
532 573
533 553
534 599
536 548
538 554
538 562
538 588
539 553
539 554
540 581
541 542
541 553
541 554
542 553
542 573
546 585
547 553
547 554
553 554
553 555
554 555
554 567
554 573
555 573
556 558
557 560
561 569
564 589
565 592
570 571
571 574
576 578
577 578
580 586
582 583
583 584
583 587
589 598
590 592
592 598
596 597
596 598
599 600
