600 1797

1 194
2 5
3 15
4 5
5 24
6 176
7 10
7 15
8 12
8 15
8 17
8 249
8 311
8 315
8 318
9 15
10 13
10 310
11 12
11 16
11 100
11 386
12 15
12 16
12 17
12 18
12 315
12 316
12 318
12 388
14 289
15 16
15 17
15 314
15 315
15 316
15 318
16 19
16 316
16 317
16 319
17 311
17 315
17 316
17 318
18 37
18 100
18 334
18 388
19 319
19 320
20 21
20 35
20 37
20 38
20 100
20 321
20 335
20 336
21 37
21 38
21 335
22 304
23 461
24 26
24 323
24 324
25 320
27 32
28 33
29 326
30 32
30 33
30 35
30 329
30 333
31 33
31 35
31 36
31 329
31 332
31 333
32 33
32 35
32 324
32 329
32 331
32 333
33 36
33 329
33 332
34 287
34 332
35 320
35 329
35 331
35 333
35 334
35 335
35 336
36 332
36 333
37 38
37 100
37 102
37 185
37 334
37 336
38 102
38 335
38 336
39 560
40 44
40 49
40 61
40 148
40 149
40 432
40 437
41 43
42 328
43 339
44 48
44 58
45 46
46 54
47 117
47 593
48 54
49 68
49 77
49 140
49 149
49 372
49 434
49 437
49 446
49 448
49 462
50 351
51 62
51 67
51 345
51 352
51 354
51 356
52 55
52 350
53 55
53 57
55 413
56 60
56 74
57 125
57 152
58 61
58 144
58 341
58 357
59 360
59 363
61 63
61 341
61 345
61 354
61 355
61 356
61 357
61 434
62 67
62 352
63 64
63 65
63 148
63 149
63 351
63 354
63 356
63 358
63 434
63 437
63 440
64 121
64 143
65 127
65 136
65 142
65 143
65 146
65 147
65 148
65 149
65 415
65 418
65 434
65 435
65 437
66 362
67 352
67 354
67 363
68 77
68 140
68 149
68 161
68 364
68 365
68 428
68 432
68 434
68 437
68 441
68 446
68 448
68 461
68 462
69 70
69 137
69 171
70 158
70 293
71 77
72 79
73 87
74 77
74 135
74 149
74 437
75 381
76 297
77 78
77 149
77 372
77 375
77 434
77 441
77 448
79 130
79 141
79 376
79 436
80 81
80 83
80 84
80 132
80 140
80 431
80 434
80 446
81 83
81 84
81 85
81 86
81 87
81 88
81 89
81 91
81 132
81 140
81 364
81 367
81 374
81 376
81 377
81 380
81 381
81 434
81 446
82 83
83 140
83 365
83 434
83 446
84 85
84 86
84 87
84 89
84 91
84 371
84 374
84 377
84 380
85 86
85 87
85 88
85 89
85 91
85 374
85 377
85 380
85 446
86 87
86 88
86 89
86 91
86 374
86 377
86 380
86 381
87 88
87 89
87 91
87 377
87 380
87 381
87 452
88 89
88 91
88 377
88 380
89 91
89 374
89 377
89 380
89 381
90 200
90 259
91 374
91 377
91 380
91 381
92 184
93 95
93 107
93 108
93 109
93 154
93 187
93 188
93 191
93 192
93 193
93 194
93 198
93 212
93 215
93 218
93 219
93 280
93 282
93 288
93 503
94 101
95 105
95 108
95 110
95 113
95 114
95 116
95 117
95 118
95 154
95 187
95 188
95 191
95 303
95 308
95 408
96 97
96 387
98 389
98 586
99 104
99 107
99 109
99 262
99 282
100 321
100 334
100 388
101 489
103 530
104 105
104 106
104 107
104 108
104 109
104 110
104 122
104 154
104 187
104 189
104 191
104 192
104 193
104 194
104 196
104 197
104 212
104 215
104 218
104 223
104 273
104 282
104 384
104 393
104 394
104 395
104 408
104 467
104 489
104 493
104 495
104 498
104 503
104 505
105 106
105 107
105 108
105 109
105 110
105 122
105 154
105 187
105 191
105 196
105 212
105 282
105 308
105 384
105 393
105 394
105 395
105 408
105 467
105 489
105 495
105 497
105 498
106 223
106 393
106 394
106 395
106 408
107 108
107 109
107 187
107 193
107 196
107 282
107 489
107 586
108 109
108 110
108 154
108 187
108 191
108 192
108 193
108 194
108 196
108 197
108 198
108 210
108 211
108 212
108 215
108 218
108 219
108 223
108 273
108 274
108 282
108 308
108 394
108 503
108 516
108 524
108 527
109 110
109 154
109 187
109 189
109 191
109 192
109 193
109 194
109 196
109 212
109 218
109 273
109 282
109 384
109 393
109 394
109 395
109 408
109 489
109 495
109 497
109 580
110 117
110 119
110 154
110 187
110 188
110 189
110 191
110 196
110 197
110 218
110 223
110 282
110 306
110 308
110 393
110 394
110 395
110 399
110 408
110 467
110 489
110 492
110 495
110 497
110 580
111 123
112 114
113 114
113 115
113 118
113 125
113 173
113 378
113 406
113 491
113 497
114 117
115 407
116 117
116 126
116 154
116 194
116 215
117 118
117 154
117 187
117 188
117 191
117 194
117 408
118 119
118 125
118 130
118 408
118 417
118 492
118 497
119 125
119 308
119 393
119 417
119 467
119 489
119 495
119 497
120 417
121 383
122 195
122 398
122 408
122 409
122 497
123 195
123 416
123 417
123 497
124 125
125 233
125 406
125 417
125 467
125 491
125 497
125 498
126 154
126 191
126 194
126 201
126 506
127 129
127 142
127 145
127 147
127 351
127 375
127 412
127 421
127 422
127 423
127 432
127 435
127 437
127 445
127 447
127 462
128 298
129 148
129 344
129 364
129 365
129 375
129 412
129 418
129 421
129 422
129 423
129 430
129 434
129 437
129 447
129 462
129 515
129 591
130 436
131 296
132 134
132 140
132 364
133 323
134 136
134 140
134 364
134 434
134 437
134 446
136 156
136 435
136 437
136 442
137 366
137 408
137 456
137 492
138 149
139 436
140 148
140 149
140 161
140 341
140 345
140 364
140 365
140 428
140 432
140 434
140 437
140 446
140 461
140 462
142 143
142 146
142 148
142 149
142 372
142 375
142 412
142 421
142 422
142 423
142 432
142 435
142 437
142 445
142 462
143 145
143 146
143 148
143 149
143 410
143 437
145 146
145 147
145 410
145 412
145 415
145 421
145 423
145 445
146 147
146 148
146 149
146 162
146 410
146 412
146 423
146 437
146 443
146 447
146 448
146 461
146 462
146 464
147 165
147 412
147 421
147 423
147 445
147 530
148 149
148 162
148 339
148 341
148 364
148 375
148 430
148 432
148 434
148 437
148 446
148 447
148 461
148 462
148 464
148 515
149 161
149 356
149 364
149 372
149 418
149 428
149 432
149 434
149 437
149 440
149 446
149 462
149 515
150 374
151 200
153 155
154 167
154 187
154 189
154 191
154 192
154 193
154 194
154 196
154 197
154 203
154 210
154 212
154 215
154 218
154 219
154 223
154 273
154 282
154 394
154 408
154 419
154 498
154 503
154 516
154 517
154 524
155 156
156 449
157 515
159 167
159 191
159 198
159 203
159 215
159 219
159 280
159 503
160 456
161 434
161 446
161 448
162 437
162 462
163 466
163 468
164 198
164 202
164 214
164 274
164 281
166 478
167 198
167 203
167 215
167 218
167 219
167 280
167 503
167 517
167 524
168 556
169 499
170 560
171 490
172 556
174 182
174 188
174 504
175 177
175 311
175 480
175 482
175 483
176 311
177 179
177 480
177 482
177 484
178 183
178 255
178 277
178 278
179 311
179 482
180 257
181 307
181 311
184 193
186 492
187 188
187 191
187 192
187 193
187 194
187 196
187 197
187 198
187 210
187 212
187 214
187 215
187 218
187 219
187 223
187 273
187 280
187 282
187 394
187 503
187 514
187 524
188 191
188 194
188 289
188 295
188 580
189 213
189 218
189 223
189 234
189 251
189 282
189 283
189 286
189 394
189 493
189 496
189 505
189 511
190 208
191 192
191 193
191 194
191 196
191 197
191 198
191 201
191 210
191 212
191 215
191 218
191 219
191 223
191 273
191 282
191 289
191 394
191 408
191 503
191 514
192 193
192 194
192 198
192 201
192 202
192 207
192 211
192 212
192 214
192 215
192 219
192 223
192 259
192 273
192 274
192 280
192 394
192 503
193 194
193 196
193 198
193 202
193 212
193 214
193 215
193 218
193 219
193 223
193 273
193 274
193 280
193 282
193 394
193 503
194 195
194 196
194 198
194 199
194 201
194 202
194 212
194 214
194 215
194 218
194 219
194 273
194 280
194 394
194 503
195 196
195 282
195 286
195 505
196 212
196 215
196 218
196 223
196 234
196 282
196 394
196 467
196 497
196 498
196 505
197 210
197 211
197 212
197 215
197 216
197 217
197 218
197 223
197 273
197 394
197 493
197 503
197 516
197 517
197 524
197 527
198 199
198 201
198 202
198 203
198 211
198 212
198 214
198 215
198 219
198 259
198 273
198 274
198 280
198 503
198 517
198 524
199 201
199 280
200 202
200 214
200 259
200 274
200 281
200 299
200 502
201 202
201 212
201 214
201 219
201 259
201 274
201 280
202 212
202 214
202 215
202 219
202 259
202 273
202 274
202 280
202 503
202 585
203 212
203 214
203 215
203 218
203 234
203 273
203 280
203 394
203 503
203 505
203 516
203 517
204 416
204 425
204 497
204 586
205 433
205 506
206 208
207 211
207 212
207 259
207 271
207 273
207 295
208 209
208 271
208 512
209 210
209 217
209 219
210 212
210 217
210 218
210 223
210 273
210 394
210 474
210 493
210 503
210 516
210 524
211 212
211 214
211 216
211 219
211 259
211 273
211 274
211 394
211 503
211 516
211 519
211 524
212 214
212 215
212 218
212 219
212 223
212 234
212 273
212 274
212 280
212 394
212 503
212 516
212 517
212 519
212 524
213 234
213 244
213 251
213 262
213 273
213 411
213 493
213 511
213 519
213 520
214 215
214 219
214 259
214 273
214 274
214 280
214 503
215 218
215 219
215 223
215 273
215 274
215 280
215 282
215 394
215 503
215 516
215 517
216 217
216 273
216 295
216 524
216 525
218 219
218 223
218 234
218 273
218 282
218 394
218 503
218 516
218 517
218 524
218 527
219 259
219 273
219 274
219 280
219 394
219 503
219 516
219 517
219 519
219 524
220 287
221 530
222 261
222 536
223 273
223 282
223 394
223 493
223 503
223 516
223 524
224 245
224 520
225 445
225 534
226 535
227 254
228 243
228 258
228 266
229 230
229 231
229 243
229 244
229 265
229 542
229 600
230 234
230 241
230 511
230 521
231 265
231 512
232 265
233 545
234 244
234 251
234 273
234 493
234 503
234 511
234 516
234 519
235 286
236 238
236 240
236 247
236 285
236 286
237 287
238 240
239 244
239 259
242 253
242 438
242 447
244 259
244 262
244 273
244 299
244 519
245 531
246 260
246 262
246 296
246 299
246 300
248 250
248 253
248 556
248 558
248 560
248 561
250 252
250 253
250 254
250 558
250 560
250 561
250 570
251 291
251 411
251 511
252 254
252 560
252 565
252 569
252 570
252 592
253 254
253 432
253 461
253 462
253 463
253 543
253 560
253 561
254 463
254 558
255 269
255 270
256 573
257 448
259 261
259 273
259 274
259 280
259 295
259 297
260 261
260 262
260 299
261 274
261 281
261 299
262 273
262 299
263 265
263 269
263 270
263 597
263 600
264 565
265 267
265 270
265 512
265 541
265 600
267 600
268 269
268 270
268 565
268 592
269 270
269 296
269 574
271 295
272 296
273 274
273 280
273 295
273 299
273 394
273 493
273 496
273 503
273 516
273 517
273 519
273 524
273 527
274 280
274 281
274 299
274 503
275 277
275 473
275 575
276 455
279 281
279 296
280 503
280 517
280 519
280 524
282 283
282 286
282 290
282 384
282 394
282 411
282 487
282 489
282 497
282 498
282 505
283 489
283 580
284 291
285 286
285 505
285 583
286 290
286 505
286 583
292 313
292 582
294 298
294 338
295 509
296 298
296 299
296 300
298 299
298 300
299 300
301 304
302 321
304 329
305 324
306 308
306 309
308 384
308 393
312 331
314 316
314 318
315 316
316 318
317 319
317 320
317 336
317 386
317 388
318 320
319 320
319 336
319 386
320 334
320 336
320 386
321 322
321 336
321 388
321 391
321 579
323 327
324 326
325 582
328 329
329 331
329 332
329 333
330 332
331 333
333 335
334 336
336 391
337 340
337 405
337 406
337 491
339 437
341 345
341 354
341 355
341 356
341 434
341 444
342 343
342 346
342 347
344 351
344 353
345 352
345 354
345 355
345 356
345 434
347 352
348 413
349 354
351 353
351 359
351 412
351 421
351 430
351 440
351 447
353 354
353 359
353 414
354 355
354 356
354 357
354 440
355 356
355 357
356 357
356 434
356 437
358 360
358 362
358 363
358 414
358 440
359 414
360 361
360 363
361 363
362 363
364 365
364 376
364 382
364 428
364 432
364 434
364 437
364 441
364 446
364 461
364 462
365 375
365 376
365 434
365 437
365 446
367 381
368 370
369 440
370 432
372 375
372 422
372 432
372 437
372 440
372 441
372 448
372 462
373 430
374 377
374 380
375 421
375 422
375 423
375 430
375 432
375 434
375 437
375 447
375 461
375 462
376 381
376 446
377 380
377 381
377 436
379 436
380 381
382 434
382 446
384 385
384 393
384 395
384 408
384 489
384 495
384 497
385 398
387 579
388 389
389 580
390 393
390 396
390 489
390 495
390 497
392 530
393 394
393 395
393 397
393 400
393 401
393 408
393 467
393 489
393 492
393 495
393 497
393 498
394 395
394 397
394 408
394 474
394 493
394 498
394 503
394 514
394 516
394 524
395 397
395 399
395 400
395 401
395 408
395 467
395 489
395 492
395 495
395 497
395 546
396 398
396 489
396 497
397 399
397 408
397 492
397 493
397 533
398 408
398 416
398 489
398 497
399 532
400 401
401 495
402 595
403 404
403 406
405 406
405 407
406 491
406 492
407 491
408 467
408 489
408 492
408 495
408 497
408 580
410 415
410 445
412 421
412 423
412 437
412 445
412 447
412 530
412 534
415 445
415 535
417 467
417 489
417 497
418 437
418 515
420 424
420 457
420 569
421 422
421 423
421 430
421 432
421 435
421 437
421 445
421 447
421 462
422 423
422 428
422 432
422 447
422 461
422 462
423 432
423 435
423 437
423 445
423 447
423 462
424 457
424 569
426 427
426 430
426 447
426 462
428 432
428 434
428 437
428 441
428 446
428 461
428 462
429 430
430 434
430 462
432 434
432 435
432 437
432 447
432 448
432 461
432 462
434 437
434 440
434 441
434 446
434 448
434 461
434 462
434 515
435 437
435 458
437 440
437 446
437 448
437 461
437 462
437 515
437 530
438 447
438 461
438 462
439 447
441 448
441 461
446 454
446 461
446 462
446 515
447 461
447 462
448 461
448 462
448 464
448 466
450 565
450 571
450 576
450 577
451 490
452 453
453 471
455 501
457 569
459 569
460 501
461 462
461 464
462 464
463 469
465 494
467 489
467 495
467 497
467 498
470 482
472 528
473 522
474 503
474 524
475 521
476 499
476 547
476 562
477 562
478 561
479 538
481 486
483 485
484 486
487 505
488 566
488 569
489 495
489 497
489 580
491 492
493 496
493 503
493 511
493 516
493 527
494 496
494 501
494 503
494 514
494 517
495 497
495 498
495 580
496 503
496 511
496 517
496 519
500 575
503 514
503 516
503 517
503 519
503 524
503 527
507 508
507 509
508 564
510 518
510 523
510 541
510 597
511 520
511 542
511 581
513 516
513 519
513 527
513 528
514 517
516 517
516 519
516 524
516 527
517 519
517 524
517 527
518 539
518 541
518 597
519 524
519 527
519 528
524 527
526 562
529 530
529 584
531 540
531 549
531 554
531 555
537 559
538 562
538 588
539 541
539 595
539 597
539 600
540 547
540 549
541 567
544 561
547 549
548 550
548 551
549 553
550 554
552 571
554 555
557 561
558 560
558 561
558 570
559 573
560 561
560 563
560 570
561 573
565 566
565 569
565 571
565 574
565 592
565 594
566 594
567 572
567 573
568 594
569 574
570 592
571 594
574 592
577 578
582 583
586 587
589 598
590 592
592 594
592 596
594 595
595 597
596 598
597 600
598 599
