600 1797

1 2
1 305
2 3
2 5
2 16
2 93
2 94
2 301
2 304
2 395
3 6
3 16
4 5
4 22
4 23
4 35
4 37
5 16
5 21
5 23
5 24
5 93
5 94
5 95
7 306
8 9
8 11
10 309
11 12
12 310
12 317
13 313
14 29
14 312
15 17
16 94
17 19
18 98
18 317
18 388
18 389
19 37
19 320
20 93
20 98
20 101
20 106
20 110
20 290
20 321
20 391
21 94
21 95
21 103
21 335
21 336
21 391
22 23
22 28
22 31
23 24
23 27
23 30
23 31
23 32
23 35
23 37
23 333
23 335
24 27
24 30
25 285
25 286
25 583
26 328
27 30
28 30
28 31
28 32
28 33
28 35
28 36
28 327
28 329
28 330
28 333
29 312
29 326
29 329
29 331
30 31
30 32
30 35
30 329
30 333
31 32
31 33
31 35
31 36
31 327
31 329
31 330
31 332
31 333
31 335
32 35
32 37
32 328
32 329
32 333
32 334
33 35
33 36
33 37
33 327
33 332
33 335
34 330
34 332
34 586
35 36
35 37
35 333
35 334
35 335
36 38
36 332
36 335
37 333
38 530
39 41
39 42
39 43
39 45
39 46
39 47
39 48
39 54
39 56
39 79
39 88
39 89
39 91
39 113
39 115
39 117
39 118
39 337
39 338
39 340
39 342
39 344
39 346
39 348
39 373
39 382
39 405
39 406
39 407
39 409
39 410
40 44
40 341
40 440
41 42
41 43
41 45
41 46
41 47
41 48
41 54
41 56
41 79
41 88
41 89
41 91
41 115
41 117
41 118
41 142
41 337
41 338
41 340
41 342
41 343
41 344
41 346
41 348
41 373
41 380
41 382
41 396
41 405
41 406
41 407
41 409
41 410
42 45
42 46
42 47
42 48
42 54
42 56
42 78
42 115
42 116
42 117
42 337
42 340
42 344
42 407
42 409
43 48
43 91
43 117
43 142
43 338
43 342
43 343
43 380
43 382
43 396
43 439
44 50
44 51
44 58
44 80
44 82
44 83
44 130
44 134
44 144
44 149
44 341
44 355
44 372
44 375
44 396
44 422
44 438
44 439
44 440
45 46
45 47
45 48
45 54
45 56
45 115
45 116
45 117
45 337
45 340
45 344
45 407
45 409
46 47
46 48
46 54
46 115
46 116
46 117
46 175
46 337
46 340
46 342
46 343
46 344
46 346
46 406
46 407
46 409
46 410
47 48
47 54
47 56
47 113
47 115
47 116
47 117
47 118
47 337
47 338
47 340
47 342
47 343
47 344
47 346
47 348
47 349
47 353
47 373
47 396
47 405
47 406
47 407
47 409
47 410
48 53
48 54
48 56
48 88
48 89
48 91
48 113
48 115
48 116
48 117
48 118
48 142
48 337
48 338
48 340
48 342
48 343
48 344
48 346
48 347
48 348
48 353
48 373
48 382
48 396
48 405
48 406
48 407
48 409
48 410
49 90
49 127
49 151
49 161
49 440
50 51
50 58
50 59
50 61
50 62
50 64
50 66
50 67
50 341
50 345
51 58
51 59
51 61
51 62
51 64
51 66
51 67
51 147
51 341
51 345
52 111
52 123
52 194
53 60
53 72
53 77
53 82
53 117
53 118
53 348
53 356
53 372
53 409
54 56
54 89
54 91
54 115
54 117
54 118
54 337
54 338
54 340
54 342
54 344
54 346
54 353
54 382
54 405
54 407
54 409
54 410
55 117
55 118
55 348
55 372
55 375
55 396
55 398
55 410
55 411
55 413
56 60
56 88
56 117
56 118
56 337
56 340
56 344
56 346
56 348
56 353
56 407
56 409
56 410
57 65
57 124
58 130
58 341
58 439
59 62
59 64
59 66
59 67
59 147
60 61
60 64
60 80
60 83
60 348
60 372
60 375
60 413
61 66
62 66
62 67
62 147
63 145
63 149
63 358
63 445
64 145
64 147
66 67
66 146
66 147
68 71
68 130
68 140
68 373
68 380
68 382
68 434
68 491
69 365
70 80
71 364
72 77
72 82
73 338
73 340
73 373
73 380
73 382
74 439
75 142
76 127
77 82
77 297
77 372
77 438
77 439
79 80
79 83
79 84
79 91
79 374
79 380
79 382
80 83
80 84
80 87
80 130
80 137
80 140
80 205
80 341
80 422
80 430
80 434
81 85
81 374
82 83
82 145
82 372
82 375
82 438
82 439
83 87
83 130
83 140
83 149
83 372
83 375
83 422
83 430
83 434
83 438
83 439
83 440
84 85
84 87
84 140
84 366
84 484
85 86
85 88
85 89
85 374
85 381
85 434
86 88
86 89
86 373
86 374
86 377
86 381
87 130
87 380
88 89
88 91
88 117
88 118
88 337
88 340
88 344
88 346
88 348
88 353
88 368
88 373
88 374
88 377
88 381
88 382
88 405
88 406
88 407
88 409
88 410
89 91
89 118
89 337
89 340
89 342
89 344
89 346
89 348
89 353
89 373
89 374
89 381
89 405
89 406
89 407
89 409
89 410
91 117
91 118
91 337
91 338
91 340
91 342
91 344
91 373
91 380
91 381
91 382
91 405
91 409
91 410
92 187
93 94
93 101
93 110
93 301
93 317
93 386
93 391
93 392
93 395
94 95
96 597
97 98
97 290
98 100
98 184
98 317
98 388
98 580
98 583
99 170
99 213
99 226
99 228
99 229
99 234
99 235
99 236
99 238
99 239
99 255
99 262
99 270
99 282
99 387
99 476
100 106
100 188
100 388
100 389
100 391
100 489
100 580
101 103
101 104
101 105
101 106
101 187
101 189
101 308
101 321
101 390
101 391
101 395
102 223
102 283
103 106
103 391
103 395
104 105
104 106
104 189
104 390
105 106
105 112
105 123
105 189
105 191
105 193
105 194
105 390
105 397
105 489
106 110
106 188
106 189
106 221
106 223
106 389
106 390
106 392
106 397
106 489
106 580
107 108
107 110
107 395
107 481
108 110
108 335
108 393
108 395
109 212
110 395
110 397
112 114
112 126
112 191
112 199
112 419
112 500
113 115
113 116
113 117
113 118
113 337
113 340
113 349
113 353
113 405
113 406
113 407
113 408
113 409
113 410
114 126
114 191
114 199
114 417
114 419
114 585
115 116
115 117
115 118
115 337
115 338
115 340
115 342
115 344
115 346
115 348
115 396
115 405
115 406
115 407
115 408
115 409
115 410
116 117
116 118
116 337
116 396
116 406
116 407
116 408
116 409
116 410
117 118
117 337
117 338
117 340
117 342
117 343
117 344
117 346
117 348
117 349
117 353
117 373
117 382
117 396
117 405
117 406
117 407
117 408
117 409
117 410
118 337
118 338
118 340
118 342
118 344
118 346
118 348
118 353
118 373
118 374
118 375
118 382
118 396
118 405
118 406
118 407
118 408
118 409
118 410
119 399
120 534
121 147
121 225
121 399
121 534
122 150
123 194
124 233
125 153
125 196
125 218
125 232
126 129
126 141
126 194
126 199
126 379
128 136
128 160
128 161
129 134
129 141
130 134
130 140
130 341
130 367
130 375
130 396
130 422
130 430
130 436
130 439
130 440
131 281
131 404
131 500
132 135
133 552
134 140
134 141
134 149
134 162
134 341
134 350
134 357
134 421
134 422
134 430
134 435
134 436
134 440
134 515
135 370
136 161
136 162
136 448
136 462
138 430
139 598
140 341
140 380
140 396
140 403
140 421
140 422
140 423
140 430
140 434
140 435
140 491
141 157
141 199
141 350
142 343
142 382
142 439
143 225
143 244
145 147
145 225
147 225
148 150
148 163
149 162
149 341
149 357
149 440
151 161
152 160
153 181
153 196
153 232
154 209
154 214
154 215
155 164
155 268
156 163
156 233
156 462
156 515
156 543
157 251
158 428
159 279
160 161
160 277
162 437
162 462
163 253
165 180
166 256
166 288
167 594
168 170
168 255
168 270
169 216
170 228
170 247
170 255
170 270
170 387
170 476
170 556
171 198
171 280
172 568
172 583
173 278
174 534
176 311
176 486
177 325
178 256
179 249
179 384
180 566
180 588
182 567
183 257
183 258
183 488
184 289
184 487
185 510
186 293
187 325
188 221
188 389
188 489
188 580
189 191
189 201
189 202
189 390
190 210
191 194
191 199
191 201
191 202
191 207
191 390
191 417
191 419
191 489
191 490
191 504
191 514
192 495
193 194
194 397
195 207
195 214
196 232
196 269
197 202
197 207
197 211
197 212
197 214
197 216
197 459
198 280
199 419
199 500
200 204
201 202
201 207
201 280
201 459
201 504
202 204
202 207
202 212
202 214
202 280
203 209
203 215
203 219
203 231
206 501
207 210
207 212
207 214
207 215
208 219
208 265
208 273
208 564
209 210
209 212
209 214
209 215
209 216
209 217
209 219
209 230
209 231
209 265
209 295
209 512
210 212
210 215
210 216
210 499
210 509
210 512
210 513
212 214
212 215
213 228
213 234
213 282
213 283
214 215
214 216
214 230
214 241
214 501
215 216
215 230
216 230
216 501
216 509
216 525
219 230
219 231
219 259
219 265
219 271
219 298
220 287
220 529
220 530
220 584
221 222
221 223
221 392
221 397
221 526
222 223
222 553
224 245
225 531
225 534
226 228
226 234
226 236
226 238
226 262
226 535
227 573
228 229
228 234
228 235
228 236
228 238
228 239
228 240
228 255
228 262
228 263
228 270
228 282
228 387
229 235
229 239
229 240
229 263
229 282
229 472
230 231
230 269
230 270
230 271
230 509
230 573
231 259
231 265
231 509
231 542
233 563
234 247
234 262
234 282
235 236
235 238
235 240
235 282
235 547
236 238
236 247
236 252
236 475
236 546
236 547
236 588
237 240
237 549
238 240
238 547
239 263
239 264
239 282
240 282
242 552
243 245
243 300
246 554
247 547
247 560
248 250
248 558
248 561
250 254
250 275
250 538
250 561
250 575
251 267
255 256
255 262
255 270
255 387
255 476
255 567
255 572
255 573
256 314
258 264
260 261
261 277
262 263
263 264
263 274
264 300
266 285
268 272
268 298
270 387
270 572
270 573
271 573
272 276
272 278
274 298
276 298
277 296
278 279
278 477
280 504
282 283
282 285
282 579
282 581
283 579
283 581
284 285
285 286
285 582
285 583
286 582
286 583
287 584
291 583
292 587
293 294
293 591
297 598
299 300
301 303
301 324
302 391
305 587
306 307
306 309
308 326
309 313
312 326
312 331
313 579
315 317
316 518
317 388
317 391
318 319
319 320
320 334
321 322
322 323
326 331
327 329
327 330
327 335
328 329
328 330
328 332
328 333
329 333
329 335
329 339
330 332
332 333
332 335
333 335
335 336
335 339
335 395
337 338
337 340
337 342
337 344
337 346
337 348
337 353
337 373
337 381
337 382
337 396
337 405
337 406
337 407
337 408
337 409
337 410
338 340
338 342
338 344
338 346
338 348
338 371
338 373
338 374
338 380
338 382
338 405
338 406
338 407
338 409
338 410
339 350
339 357
339 420
339 446
339 461
340 342
340 344
340 346
340 348
340 353
340 373
340 374
340 381
340 382
340 396
340 405
340 406
340 407
340 409
340 410
341 345
341 350
341 357
341 421
341 422
341 430
341 434
341 439
341 440
342 343
342 344
342 346
342 353
342 373
342 380
342 382
342 405
342 406
342 407
342 409
342 410
343 347
343 382
343 406
343 407
343 409
343 410
344 346
344 348
344 349
344 353
344 373
344 374
344 382
344 396
344 405
344 406
344 407
344 408
344 409
344 410
344 469
344 486
345 351
345 352
345 412
346 348
346 349
346 353
346 373
346 405
346 406
346 407
346 409
346 410
347 349
347 354
348 349
348 353
348 354
348 356
348 368
348 371
348 372
348 373
348 374
348 375
348 382
348 396
348 398
348 405
348 406
348 407
348 408
348 409
348 410
348 413
348 434
349 353
349 354
349 356
349 407
349 408
349 410
350 357
350 416
350 421
350 422
350 435
350 436
350 440
350 446
350 461
350 515
351 352
351 360
351 361
351 363
351 412
351 414
351 447
352 360
352 361
352 362
352 363
352 412
352 414
353 354
353 356
353 373
353 374
353 405
353 406
353 407
353 408
353 409
353 410
353 444
354 356
354 444
356 396
356 444
357 418
357 420
357 421
357 422
357 423
357 424
357 435
357 436
357 439
357 440
357 443
357 446
357 461
357 515
358 420
358 445
359 361
359 414
360 361
360 363
360 412
360 414
361 363
361 412
361 414
362 363
363 414
365 368
368 372
368 373
368 374
368 413
368 438
369 372
370 376
370 434
370 461
370 598
371 373
371 374
371 396
372 375
372 376
372 396
372 413
372 434
372 438
373 374
373 381
373 382
373 396
373 405
373 407
373 409
373 410
373 434
374 376
374 377
374 378
374 380
374 381
374 382
374 405
374 434
375 396
375 398
375 413
375 438
376 434
377 381
377 405
379 403
379 436
379 492
380 382
380 434
381 405
382 405
382 409
382 410
382 434
382 491
383 496
384 385
384 483
385 386
387 476
387 539
387 540
388 389
388 580
389 390
389 397
389 489
389 580
390 397
390 419
390 489
390 580
391 392
392 395
393 395
393 495
394 403
395 397
396 398
396 405
396 406
396 407
396 408
396 409
396 410
396 413
396 422
396 434
396 438
396 439
397 489
397 532
397 533
397 580
398 401
398 413
399 534
400 401
401 413
401 445
401 534
402 490
403 404
403 422
403 423
403 435
403 436
403 491
403 492
403 494
404 423
404 451
404 491
404 500
405 406
405 407
405 409
405 410
406 407
406 408
406 409
406 410
406 491
406 492
407 408
407 409
407 410
408 409
408 410
408 492
409 410
410 444
412 414
413 441
413 445
415 442
415 516
417 490
417 494
417 503
417 514
417 533
418 435
418 437
418 448
418 454
418 462
418 515
418 545
418 552
419 490
419 500
419 504
420 421
420 424
420 432
420 446
420 448
420 461
420 515
420 598
420 599
421 422
421 434
421 435
421 461
422 423
422 430
422 434
422 435
422 436
422 439
422 440
422 461
423 435
423 491
424 432
424 435
424 448
424 461
424 506
424 552
425 510
426 428
427 550
428 432
428 433
428 450
428 544
429 434
430 431
430 434
430 435
430 440
431 434
431 435
432 448
432 450
432 461
432 462
432 466
432 552
432 578
432 598
432 599
434 438
435 436
435 461
435 515
435 552
437 454
437 462
437 515
437 545
439 445
439 534
443 446
445 534
446 448
446 461
446 515
448 462
448 466
448 515
449 463
449 464
449 544
450 510
450 544
450 565
451 453
452 518
453 510
453 545
454 515
454 518
455 456
456 458
456 465
456 466
456 577
456 578
456 599
457 578
458 465
458 466
458 576
458 577
458 578
458 594
459 502
459 504
460 493
460 501
460 509
460 542
460 573
461 598
462 515
462 552
465 517
465 576
465 577
465 594
466 578
466 599
466 600
467 474
467 503
467 512
467 513
467 514
467 521
467 571
468 510
468 512
468 517
468 519
468 541
468 571
468 574
470 514
471 475
473 535
474 490
474 499
474 503
474 513
474 514
475 546
475 547
476 479
476 528
478 560
479 547
479 559
480 490
480 591
482 483
485 524
489 490
489 497
489 533
489 580
490 497
490 503
490 504
490 513
490 514
491 492
493 501
493 509
493 516
493 525
494 496
494 514
496 530
497 520
498 573
499 505
499 512
499 513
499 516
499 524
500 504
501 509
501 516
501 525
502 504
503 513
503 514
505 512
505 517
505 519
505 522
505 542
507 509
508 564
509 525
510 517
510 536
510 544
510 577
510 578
511 521
512 513
512 519
512 527
512 541
512 542
512 571
513 514
513 516
513 521
513 524
513 527
513 571
516 525
517 519
517 576
517 577
519 541
519 571
519 574
522 576
523 577
527 541
528 539
528 548
528 569
528 570
529 530
529 584
531 534
532 533
532 555
533 580
537 542
538 597
541 542
541 571
546 547
547 569
548 551
550 600
554 555
556 557
557 573
558 561
560 561
562 600
569 570
571 574
572 573
576 577
576 578
576 594
577 578
579 581
582 583
589 598
590 592
591 593
592 596
595 597
596 600
598 599
599 600
