600 1797

1 4
1 20
1 290
1 321
1 391
2 93
2 94
2 95
2 96
3 6
3 7
3 303
3 360
4 22
4 23
4 30
4 31
4 36
4 323
4 325
4 332
5 305
7 10
8 316
9 310
9 311
9 315
10 471
11 94
12 16
12 316
13 15
14 29
14 312
14 331
15 16
15 313
15 315
16 312
16 318
16 557
17 19
17 29
17 37
17 318
17 320
17 331
17 334
17 336
18 98
18 100
18 102
19 37
19 318
19 320
19 336
20 21
20 98
20 102
20 319
20 320
20 321
20 391
21 37
21 94
21 319
21 320
21 321
21 334
21 336
21 391
22 23
22 26
22 30
22 31
22 36
22 292
22 323
22 325
22 328
22 329
22 332
23 26
23 27
23 28
23 30
23 31
23 32
23 35
23 36
23 323
23 324
23 325
23 327
23 328
23 329
23 332
23 333
23 335
24 324
24 326
25 31
25 325
26 27
26 28
26 30
26 31
26 32
26 35
26 36
26 38
26 323
26 324
26 325
26 327
26 328
26 329
26 332
26 333
26 335
27 30
27 31
27 32
27 35
27 36
27 38
27 323
27 324
27 325
27 328
27 329
27 332
27 333
27 334
27 335
28 31
28 285
28 325
28 327
28 332
28 582
29 312
29 318
29 331
30 31
30 32
30 35
30 36
30 38
30 323
30 324
30 325
30 327
30 328
30 329
30 332
30 333
30 334
30 335
31 36
31 323
31 325
31 328
31 329
31 332
32 35
32 36
32 38
32 323
32 329
32 331
32 332
32 333
32 334
32 335
33 34
33 36
33 220
33 226
33 287
33 332
33 529
33 549
33 584
34 240
34 286
34 584
35 36
35 38
35 320
35 329
35 332
35 333
35 334
35 335
35 336
36 38
36 323
36 324
36 328
36 329
36 332
36 333
36 335
37 318
37 320
37 334
37 336
38 320
38 333
38 334
38 335
38 336
38 391
39 42
39 88
39 89
39 126
39 337
40 44
40 353
41 43
41 45
41 46
41 48
41 54
41 80
41 338
41 342
41 343
41 346
41 347
41 349
42 44
42 47
42 56
42 60
42 68
42 82
42 83
42 89
42 126
42 130
42 139
42 140
42 337
42 344
42 348
42 369
42 372
42 373
42 374
42 375
42 376
42 422
43 46
43 48
43 91
43 338
43 339
43 343
43 347
43 382
44 51
44 58
44 60
44 63
44 65
44 75
44 78
44 82
44 138
44 139
44 140
44 146
44 150
44 341
44 345
44 348
44 353
44 357
44 358
44 359
44 368
44 369
44 371
44 372
44 375
44 376
44 421
44 422
44 430
44 434
44 440
44 444
44 447
45 48
45 54
46 48
46 53
46 54
46 343
46 349
47 56
47 340
47 441
48 54
48 56
48 80
48 338
48 339
48 343
48 346
48 347
48 349
48 382
48 475
49 150
49 343
49 446
49 448
50 59
50 147
50 412
51 59
51 62
51 63
51 147
51 341
51 345
51 348
51 351
51 352
51 358
51 361
51 369
51 436
52 119
52 123
52 124
52 145
52 350
52 416
52 417
54 61
54 346
54 349
55 60
55 64
55 82
55 118
55 120
55 121
55 146
55 147
55 357
55 359
55 412
55 413
55 414
55 421
55 447
56 60
56 82
56 374
57 63
57 65
57 123
57 124
57 149
57 150
57 341
57 350
57 412
57 440
58 61
58 78
58 353
58 354
58 355
58 356
59 62
59 67
59 147
59 351
59 352
59 358
59 361
59 362
60 61
60 64
60 82
60 147
60 341
60 348
60 357
60 359
60 375
60 413
60 421
60 440
60 447
61 353
61 354
61 355
61 356
62 63
62 67
62 351
62 352
62 358
62 361
62 369
63 65
63 147
63 341
63 345
63 348
63 351
63 357
63 358
63 359
63 369
63 412
63 414
63 440
64 147
64 357
64 359
64 413
64 414
65 150
65 341
65 358
65 430
65 434
65 440
66 67
66 352
66 362
66 363
67 330
67 352
67 360
67 362
67 363
68 83
68 130
68 140
68 365
68 376
68 430
69 71
69 79
69 83
69 370
69 376
69 473
70 72
70 366
70 368
70 370
70 376
70 421
70 439
71 72
71 79
71 370
72 366
73 133
74 77
74 82
74 369
74 372
74 469
75 78
75 82
75 135
75 138
75 139
75 140
75 149
75 150
75 341
75 345
75 359
75 365
75 367
75 371
75 372
75 373
75 375
75 376
75 421
75 422
75 430
75 431
75 434
75 440
75 447
75 478
76 127
76 370
78 82
78 134
78 146
78 341
78 345
78 357
78 368
78 372
78 375
78 430
78 440
79 81
79 83
79 294
79 365
79 370
79 376
79 422
80 84
80 343
80 346
80 347
80 374
80 382
80 427
81 86
81 87
81 89
81 380
81 381
82 83
82 139
82 140
82 146
82 147
82 337
82 341
82 345
82 348
82 359
82 369
82 372
82 373
82 375
82 376
82 413
82 421
82 422
82 440
82 447
83 130
83 139
83 140
83 337
83 365
83 367
83 372
83 373
83 375
83 376
83 421
83 422
83 430
84 86
84 87
84 377
84 381
85 88
86 87
86 89
86 91
86 377
86 380
86 381
87 89
87 377
87 380
87 381
88 89
88 126
88 378
88 405
89 380
90 137
90 291
90 380
91 167
91 381
91 382
92 165
92 198
92 279
92 585
93 94
93 95
93 96
93 386
94 95
94 319
95 96
96 97
97 98
98 319
98 321
98 389
99 262
100 283
100 389
101 189
101 523
103 390
103 396
104 105
104 106
104 114
104 193
104 194
104 390
104 393
104 394
104 396
104 397
104 492
104 495
104 504
105 106
105 110
105 188
105 194
105 390
105 393
105 394
105 395
105 396
105 397
105 408
105 417
105 451
105 495
105 504
106 110
106 393
106 394
106 395
106 396
106 397
106 408
106 417
106 451
107 111
108 391
108 395
109 191
110 119
110 124
110 388
110 393
110 395
110 398
110 400
110 401
110 408
110 417
110 418
111 120
112 114
112 393
112 404
112 419
112 423
112 451
112 491
112 495
112 504
113 115
113 117
113 123
113 133
113 337
113 340
113 403
113 406
113 407
113 409
113 410
113 419
114 191
114 193
114 194
114 199
114 201
114 396
114 419
114 492
114 495
114 504
115 116
115 117
115 337
115 340
115 403
115 406
115 407
115 409
115 410
115 419
116 117
116 194
116 396
116 407
117 350
117 404
117 406
117 407
117 408
117 409
117 410
117 411
117 419
117 491
118 120
118 147
118 412
118 413
118 414
118 447
119 121
119 124
119 125
119 145
119 350
119 399
119 401
119 417
119 418
119 534
120 121
120 145
120 147
120 398
120 401
120 412
120 413
120 445
121 401
121 412
121 413
121 414
122 158
123 124
123 204
123 350
123 408
123 417
124 129
124 145
124 350
124 398
124 401
124 412
124 417
125 164
125 196
125 224
125 467
125 534
125 545
126 130
126 139
126 337
126 367
127 366
128 161
128 259
128 261
128 272
128 277
128 296
128 297
129 145
129 149
129 401
129 420
129 421
129 422
129 423
130 139
130 140
130 141
130 337
130 367
130 376
130 403
130 422
130 430
131 136
131 159
131 204
131 264
131 279
131 281
131 424
131 450
132 137
132 275
132 428
134 136
134 341
135 137
136 204
136 420
136 430
136 458
137 158
137 506
137 591
138 139
138 345
138 365
138 367
138 375
138 376
138 420
138 421
138 422
138 425
138 430
138 431
139 140
139 337
139 345
139 365
139 367
139 375
139 376
139 409
139 410
139 421
139 422
139 430
140 341
140 345
140 359
140 375
140 376
140 422
142 144
143 149
144 441
145 398
145 401
145 412
145 445
146 149
146 341
146 357
146 359
146 368
146 412
146 413
146 414
146 421
146 438
146 440
146 443
146 447
147 341
147 351
147 357
147 358
147 359
147 369
147 412
147 413
147 414
148 149
148 156
148 437
149 150
149 341
149 344
149 348
149 357
149 359
149 365
149 368
149 412
149 420
149 421
149 422
149 430
149 434
149 437
149 440
149 441
149 447
150 341
150 359
150 430
150 431
150 434
150 437
150 440
150 446
151 466
152 296
153 246
154 155
154 171
154 190
154 195
154 196
154 197
154 210
157 498
159 195
159 199
159 207
159 281
159 442
160 277
161 204
161 426
162 462
163 462
164 203
166 472
168 172
169 472
170 247
172 556
173 174
173 249
174 249
174 526
174 580
175 179
175 180
175 183
176 177
176 180
176 480
177 482
178 183
179 184
179 487
181 586
182 271
182 307
183 257
183 484
185 426
186 257
186 293
186 426
187 191
187 198
187 207
187 280
187 384
188 289
189 195
190 208
190 209
190 210
190 219
190 461
191 193
191 195
191 198
191 199
191 200
191 201
191 212
192 193
192 195
192 211
192 212
192 222
193 194
193 195
193 199
193 201
193 212
193 496
194 393
194 394
194 396
194 397
194 408
194 419
194 451
194 492
194 495
194 504
195 196
195 199
195 200
195 201
195 203
195 207
195 212
195 224
196 207
196 212
196 224
196 467
196 498
197 218
198 201
198 212
199 200
199 201
199 207
199 212
199 505
200 201
200 212
201 212
201 504
201 505
202 214
203 214
203 215
204 279
204 281
204 296
204 433
205 506
206 541
207 212
207 279
207 281
208 209
209 210
209 216
209 219
210 271
212 505
213 234
215 274
217 231
219 465
220 226
220 287
220 529
221 223
221 530
221 533
223 224
223 533
224 245
225 244
225 534
226 239
226 287
226 584
227 536
228 238
228 263
229 230
229 256
229 265
229 269
229 511
229 540
229 567
229 573
229 581
230 237
230 239
230 240
231 265
232 234
233 234
234 521
235 236
235 238
235 239
235 286
236 238
236 286
236 547
236 548
237 238
237 240
238 239
238 240
238 547
238 548
239 240
239 241
239 286
239 536
239 548
239 551
240 243
240 286
240 547
240 548
240 553
240 554
240 584
241 551
242 552
242 574
243 554
244 555
246 263
247 556
248 557
249 266
250 252
250 556
250 557
250 558
250 560
250 561
250 570
251 562
252 268
252 270
252 560
252 570
253 558
254 558
255 258
255 537
256 544
256 573
257 258
257 293
259 260
259 261
260 592
261 277
261 297
262 298
265 273
267 273
269 270
272 466
276 277
276 279
277 278
277 279
277 281
279 281
279 296
279 402
279 424
281 299
282 579
284 547
285 583
286 547
287 529
287 549
287 584
288 377
292 535
295 296
295 297
295 298
296 297
300 594
301 385
301 386
302 322
304 305
305 323
306 315
308 326
309 315
310 315
312 318
312 331
314 316
317 388
317 389
318 331
318 567
319 320
319 321
320 334
320 336
320 391
321 322
321 389
321 390
321 391
323 324
323 325
323 328
323 329
323 332
323 333
323 335
324 326
324 328
324 329
324 332
324 335
325 327
325 328
325 332
327 332
328 329
328 332
328 335
329 331
329 332
329 333
329 334
329 335
331 334
331 335
332 333
332 335
333 334
333 335
334 335
334 336
335 336
336 391
337 348
337 367
337 372
337 374
337 375
337 376
337 379
337 405
337 410
337 421
337 422
338 339
338 342
338 343
338 346
338 347
338 349
338 382
339 343
339 346
339 382
340 410
341 344
341 345
341 348
341 353
341 357
341 358
341 359
341 369
341 372
341 375
341 412
341 414
341 421
341 430
341 434
341 440
341 444
341 447
342 343
342 346
342 347
342 520
343 346
343 347
343 349
343 382
344 348
344 353
344 376
344 434
344 440
345 353
345 358
345 359
345 371
345 375
345 421
345 430
345 434
345 440
346 347
346 349
346 382
347 349
347 354
347 374
347 382
348 351
348 353
348 359
348 369
348 372
348 375
348 421
348 440
348 447
350 417
350 418
350 441
351 352
351 358
351 361
351 362
351 363
352 358
352 361
352 362
352 363
352 369
353 354
353 356
353 357
353 434
353 440
354 355
357 359
357 412
357 413
357 414
357 440
357 447
358 361
358 369
359 413
359 414
359 421
359 422
359 440
359 447
360 361
361 362
361 363
362 363
364 434
365 367
365 368
365 370
365 373
365 375
365 376
365 420
365 421
365 422
365 429
365 430
365 431
365 434
365 437
365 440
367 371
367 372
367 375
367 421
367 422
367 430
367 431
367 440
368 421
368 430
368 437
368 440
369 372
369 375
369 421
370 376
370 420
370 546
370 596
371 429
371 430
372 375
372 421
372 422
372 430
372 431
372 440
373 375
373 376
373 421
373 422
373 440
375 376
375 421
375 422
375 430
375 440
375 447
376 379
376 421
376 422
376 430
376 440
377 380
377 381
379 422
380 381
380 382
381 382
383 509
384 459
387 539
387 579
388 580
389 580
390 391
390 392
390 394
390 395
390 396
390 504
391 392
392 395
393 394
393 395
393 396
393 397
393 398
393 401
393 404
393 408
393 417
393 418
393 419
393 451
393 491
393 495
393 504
394 395
394 396
394 397
394 399
394 408
394 417
394 451
394 495
394 504
395 396
395 397
395 408
396 407
396 408
396 492
396 495
396 504
397 399
397 408
397 417
397 418
397 451
397 467
397 492
397 495
397 533
398 401
398 445
399 401
399 417
399 418
399 467
399 533
399 534
401 408
401 417
401 418
401 423
401 441
401 451
402 424
402 450
402 594
403 404
403 406
403 407
403 408
403 409
403 410
403 419
404 406
404 407
404 408
404 419
404 451
404 491
406 407
406 409
406 410
406 419
407 408
407 409
407 410
407 419
408 418
408 419
408 451
408 495
409 410
409 419
410 419
412 413
412 414
412 440
412 441
412 445
412 447
413 414
413 447
414 447
415 416
415 425
417 418
417 451
417 467
417 534
418 449
418 451
418 534
419 423
419 451
419 491
419 504
420 421
420 422
420 425
420 430
420 431
420 434
420 594
420 599
421 422
421 425
421 430
421 431
421 440
421 444
421 447
422 425
422 430
422 431
422 440
422 441
422 447
423 424
423 441
423 451
423 491
424 450
424 451
425 430
425 431
425 434
425 437
425 594
425 599
430 431
430 434
430 437
430 440
430 441
431 434
431 437
431 440
431 446
431 599
432 456
434 437
434 440
434 446
435 490
435 492
437 440
437 441
437 445
437 447
437 598
440 441
440 446
440 447
445 447
451 490
451 491
451 495
451 504
452 525
453 571
454 458
454 524
455 456
456 465
457 501
460 490
460 501
461 578
462 598
463 464
463 525
463 558
463 561
463 563
466 517
466 590
467 490
467 498
467 545
468 507
468 516
468 521
468 542
468 544
470 472
471 476
471 477
472 476
474 493
479 538
481 593
483 485
484 486
485 507
485 509
488 566
489 496
490 492
490 495
491 495
492 495
492 496
492 504
493 496
493 502
493 503
494 513
495 504
496 505
497 527
497 531
498 545
499 505
500 578
503 515
504 505
507 574
508 564
508 571
508 574
510 512
511 518
511 521
511 540
511 542
511 567
511 573
511 581
512 513
512 514
512 516
512 541
513 514
513 516
517 519
517 577
517 590
517 592
518 540
518 542
518 544
518 554
518 567
518 570
518 573
518 581
519 528
519 571
519 574
519 577
520 521
520 532
521 542
521 544
521 573
521 581
522 572
522 574
525 527
528 571
528 574
530 533
532 550
532 554
534 545
538 557
538 566
538 569
538 570
539 554
539 570
539 581
540 542
540 544
540 547
540 552
540 554
540 567
540 573
540 581
541 542
542 544
542 567
542 573
542 581
543 598
544 560
544 567
544 570
544 573
544 581
547 548
547 549
547 550
547 554
548 549
548 550
548 554
549 550
549 554
549 584
550 554
550 584
552 567
552 573
553 584
554 581
556 557
557 560
557 570
558 561
558 563
559 560
559 581
560 562
560 567
560 569
560 570
560 573
560 581
561 563
561 570
564 571
565 571
565 572
565 576
565 590
565 592
566 569
566 571
567 570
567 573
567 581
568 588
569 570
569 571
570 573
570 581
571 572
571 574
571 577
572 574
572 576
572 577
572 590
573 574
573 581
574 577
575 576
576 577
576 590
579 581
585 586
586 587
588 589
588 592
590 592
592 593
594 596
594 597
595 597
596 597
597 600
