600 1797

1 4
2 3
2 4
2 11
2 18
2 20
2 21
2 100
2 120
2 283
2 389
2 580
3 4
3 5
3 6
3 21
4 6
4 100
4 322
5 7
5 21
5 389
6 13
8 9
8 12
8 15
10 559
11 18
11 20
11 100
12 16
12 306
12 315
12 316
14 29
15 313
16 19
17 19
17 307
18 20
18 100
19 29
20 21
20 100
20 120
20 305
20 321
20 389
20 392
20 580
21 100
21 120
21 321
21 322
21 336
21 389
21 392
21 530
21 533
22 322
22 325
23 26
23 34
23 332
24 324
25 325
26 28
26 30
26 473
27 30
27 582
28 284
29 318
30 33
30 36
30 329
30 330
30 332
30 335
31 33
32 331
32 333
33 35
33 332
34 332
35 333
35 334
36 332
36 335
37 334
38 114
38 119
38 121
38 335
38 410
38 412
38 467
39 41
39 42
39 45
39 46
39 48
39 69
39 81
39 83
39 88
39 89
40 45
41 42
41 43
41 45
41 46
41 48
41 69
41 81
41 88
41 89
42 45
42 46
42 47
42 48
42 69
42 88
42 113
42 115
42 136
42 140
42 141
42 199
42 428
42 430
43 339
43 448
44 57
45 46
45 48
46 48
46 69
46 81
47 48
47 56
47 57
47 65
47 113
47 115
47 116
48 52
48 57
48 69
48 79
48 81
48 88
48 89
48 347
49 54
49 57
49 68
49 90
49 446
49 448
50 60
50 185
51 62
51 63
51 66
53 56
53 60
53 65
55 57
55 64
55 96
55 112
55 113
55 114
55 115
55 116
55 125
55 131
55 153
55 194
55 344
55 403
55 406
55 407
55 409
55 413
55 467
56 58
56 60
56 65
56 357
57 65
57 124
57 125
58 60
58 61
58 65
59 351
60 61
60 65
60 353
61 355
61 356
64 112
64 114
64 121
64 125
64 147
64 403
64 409
64 412
64 423
64 441
66 67
66 358
68 69
68 79
68 80
68 81
68 90
68 91
68 126
68 130
68 134
68 135
68 140
68 148
68 152
68 161
68 338
68 364
68 374
68 425
68 428
68 434
68 436
68 437
68 448
69 79
69 80
69 81
69 88
69 130
69 140
69 364
69 365
69 374
69 376
69 422
69 430
70 365
71 72
71 76
71 77
71 127
71 128
71 129
71 294
71 297
71 368
72 76
72 77
72 297
72 368
72 447
73 84
74 78
74 375
75 367
76 77
76 127
76 128
76 260
76 264
76 297
76 298
76 300
76 596
76 598
76 599
77 127
77 297
77 368
79 80
79 81
79 126
79 130
79 140
79 374
79 376
80 81
80 126
80 130
80 134
80 137
80 140
80 160
80 161
80 338
80 364
80 374
80 376
80 422
80 428
80 430
80 434
80 436
80 437
81 83
81 87
81 88
81 89
81 90
81 126
81 130
81 140
81 338
81 374
81 376
81 382
81 436
82 422
83 87
83 88
83 89
83 380
84 89
84 91
84 374
84 382
84 434
85 86
85 87
85 89
85 377
85 380
86 87
86 89
86 377
86 380
87 89
87 377
87 380
88 89
88 130
88 376
88 378
88 381
89 377
89 380
89 381
89 382
90 126
90 130
90 134
90 140
90 151
90 161
90 364
90 425
90 434
90 437
91 374
91 382
91 434
92 93
92 95
92 96
92 99
92 103
92 112
92 113
92 114
92 115
92 116
92 118
92 131
92 194
92 204
92 262
92 404
92 423
93 204
94 103
94 221
94 386
94 397
94 401
95 96
95 103
95 105
95 106
95 107
95 110
95 114
95 116
95 117
95 118
95 119
95 154
95 194
95 196
95 201
95 204
95 214
95 215
95 228
95 404
96 99
96 107
96 114
96 115
96 116
96 118
96 119
96 121
96 131
96 136
96 147
96 153
96 190
96 191
96 194
96 201
96 204
96 214
96 225
96 228
96 262
96 410
96 412
96 424
97 98
97 186
97 386
97 387
99 201
99 204
99 214
99 228
99 262
99 387
99 425
100 120
100 283
100 321
100 389
100 392
100 580
101 102
101 106
101 189
101 291
102 106
102 234
102 290
103 204
103 391
104 106
105 106
105 108
105 110
105 154
105 187
105 196
105 203
105 215
106 110
106 187
106 189
106 196
106 234
106 271
106 289
107 108
107 110
107 114
107 116
107 118
107 119
107 123
107 191
107 192
107 194
107 204
107 214
107 223
107 224
107 225
108 110
108 192
109 157
109 191
109 196
109 233
109 244
109 271
110 123
110 154
110 187
110 196
110 204
110 214
110 215
110 223
111 243
112 113
112 114
112 115
112 131
112 160
112 194
112 403
112 404
112 405
112 423
112 424
112 428
113 114
113 115
113 116
113 134
113 137
113 140
113 194
113 403
113 404
113 405
113 409
113 423
113 424
113 430
114 115
114 116
114 118
114 119
114 121
114 125
114 131
114 136
114 147
114 191
114 194
114 201
114 204
114 214
114 225
114 228
114 403
114 404
114 409
114 410
114 412
114 423
114 424
114 467
115 116
115 118
115 134
115 136
115 137
115 140
115 194
115 204
115 344
115 403
115 404
115 405
115 406
115 407
115 409
115 413
115 422
115 423
115 428
115 430
116 117
116 118
116 119
116 153
116 191
116 194
116 196
116 201
116 204
116 214
116 228
116 344
116 404
116 406
116 407
116 409
117 118
117 154
117 191
117 194
117 196
117 201
117 228
117 271
118 119
118 191
118 194
118 204
118 410
118 424
119 121
119 123
119 125
119 147
119 153
119 194
119 204
119 214
119 223
119 224
119 225
119 228
119 397
119 399
119 401
119 408
119 410
119 412
119 417
119 424
119 467
119 534
120 389
120 415
120 580
121 125
121 147
121 153
121 194
121 225
121 408
121 410
121 412
121 417
121 424
121 467
122 123
122 282
122 415
122 435
122 505
123 204
123 214
123 417
123 497
124 125
125 147
125 153
125 409
125 413
125 417
125 467
126 130
126 137
126 140
126 161
126 419
126 436
126 437
126 448
127 128
127 264
127 293
127 370
127 596
127 598
127 599
128 264
128 420
128 502
128 503
128 596
128 597
128 598
128 599
128 600
129 131
129 133
129 135
129 149
129 365
129 421
129 422
129 429
130 132
130 134
130 136
130 137
130 140
130 160
130 161
130 338
130 364
130 374
130 376
130 378
130 419
130 422
130 425
130 428
130 430
130 436
130 456
131 190
131 225
131 423
131 450
132 134
132 136
132 159
132 160
132 428
132 436
132 456
132 506
133 135
133 403
133 429
134 135
134 136
134 137
134 140
134 149
134 160
134 161
134 364
134 405
134 422
134 425
134 428
134 429
134 430
134 456
135 136
135 137
135 140
135 160
135 374
135 422
135 429
136 137
136 140
136 142
136 159
136 160
136 161
136 190
136 199
136 425
136 428
136 430
136 450
136 456
136 458
136 578
137 138
137 139
137 140
137 149
137 403
137 405
137 419
137 422
137 429
137 430
140 148
140 149
140 160
140 161
140 364
140 374
140 422
140 425
140 428
140 430
140 432
140 434
140 436
140 437
140 456
141 199
141 438
142 144
142 456
143 351
145 225
145 246
146 341
146 361
146 372
147 225
147 228
147 412
147 417
148 155
148 156
148 160
148 161
148 428
148 432
148 437
148 442
148 456
148 458
148 464
149 337
149 406
149 422
150 152
150 437
150 446
150 448
150 449
152 434
152 437
152 446
152 448
153 155
153 156
153 157
153 225
153 467
154 171
154 196
154 201
154 203
154 214
154 228
155 156
155 157
155 160
155 161
155 190
155 225
155 408
155 432
155 435
155 437
155 442
155 444
155 453
155 454
155 458
155 464
155 465
155 543
155 571
156 157
156 163
156 217
156 432
156 442
156 453
156 458
156 464
156 465
156 543
157 191
157 225
157 543
158 159
158 455
159 160
159 428
159 456
160 161
160 190
160 428
160 430
160 432
160 436
160 437
160 456
160 458
160 464
161 428
161 430
161 432
161 436
161 437
161 442
161 456
161 458
162 462
163 543
164 195
165 457
166 384
167 276
168 172
168 585
169 471
169 575
170 172
170 230
170 231
170 247
170 248
170 256
170 258
170 266
170 269
170 509
170 548
170 556
170 573
171 181
172 236
172 247
172 248
172 249
172 256
172 258
172 511
172 548
172 556
172 559
173 268
174 217
174 477
175 180
176 562
177 482
178 569
179 398
180 503
182 314
182 483
183 268
184 540
185 309
187 234
187 271
188 207
188 213
188 216
188 229
188 230
188 231
188 256
188 266
188 509
189 213
189 230
189 234
189 236
189 511
190 202
190 225
190 432
190 450
190 454
190 465
190 510
193 492
194 196
194 201
194 204
194 214
194 215
194 225
194 228
194 344
194 403
194 404
194 407
194 409
194 410
194 423
194 424
195 196
195 228
195 233
196 201
196 214
196 215
196 228
196 233
196 271
197 266
198 459
200 274
200 280
201 203
201 204
201 214
201 215
201 228
203 205
203 214
203 215
203 503
204 214
204 215
204 228
204 348
204 407
204 417
206 518
206 521
207 211
207 213
207 216
207 230
207 231
207 239
207 247
207 248
207 252
207 256
207 258
207 265
207 266
207 270
207 493
207 509
207 513
207 567
207 570
208 255
208 259
209 255
209 265
209 295
209 528
210 267
211 230
211 231
211 239
211 493
211 509
211 542
212 232
212 273
213 230
213 231
213 234
213 266
213 509
213 542
214 215
214 228
214 262
214 503
216 252
216 265
216 270
218 251
219 273
219 274
220 287
220 328
220 369
221 401
222 226
222 240
222 532
222 536
222 554
223 224
223 225
223 397
223 399
223 401
223 534
224 225
224 245
224 399
224 534
225 228
225 399
225 410
225 412
225 445
225 534
226 535
227 536
228 262
229 265
229 266
229 270
230 231
230 247
230 256
230 258
230 266
230 269
230 479
230 509
230 511
230 573
231 239
231 247
231 256
231 493
231 495
231 509
231 511
231 513
231 542
231 567
231 573
233 234
233 244
233 271
234 271
235 236
236 238
236 240
236 511
236 542
236 547
236 548
236 551
236 560
237 287
238 239
238 240
238 243
238 493
238 542
238 547
238 548
238 550
238 556
238 560
238 570
239 240
239 243
239 247
239 493
239 509
239 548
239 570
240 243
240 542
240 547
240 548
240 549
240 551
240 554
241 244
242 552
243 561
247 248
247 249
247 252
247 256
247 258
247 265
247 266
247 269
247 276
247 509
247 538
247 548
247 556
247 567
247 570
248 249
248 250
248 252
248 256
248 258
248 265
248 268
248 269
248 276
248 478
248 548
248 556
248 567
248 570
250 252
250 254
250 268
250 561
251 273
252 254
252 265
252 268
252 270
252 561
252 567
252 570
253 558
253 563
254 265
254 268
254 270
254 561
254 570
255 295
256 258
256 266
256 269
256 509
256 573
257 260
258 266
258 269
258 511
258 522
261 499
262 387
262 503
262 540
263 274
263 280
264 297
264 300
264 459
264 594
264 596
264 598
264 599
265 268
265 270
265 567
265 570
266 269
266 270
266 509
267 279
267 571
268 270
268 561
268 570
268 577
269 270
271 402
272 274
274 281
275 277
277 278
278 279
281 465
283 581
283 588
285 286
285 292
285 583
286 547
286 549
286 583
288 585
296 297
297 298
297 592
298 300
299 387
299 600
301 317
301 389
302 580
303 304
303 306
304 305
304 308
304 312
305 389
306 310
308 326
311 313
313 314
316 319
317 388
320 321
320 336
320 469
321 322
321 389
321 392
321 530
322 392
323 327
323 329
323 335
324 329
325 546
327 328
327 329
327 330
327 332
328 330
329 330
329 332
329 335
330 332
330 335
332 335
333 334
336 530
336 533
337 338
337 340
337 344
337 347
337 350
337 405
337 406
337 422
338 340
338 342
338 343
338 344
338 347
338 350
338 364
338 379
338 405
338 406
338 422
340 342
340 343
340 344
340 346
340 347
340 375
340 405
340 406
340 407
340 409
340 422
342 343
342 344
342 346
342 347
343 346
343 347
344 346
344 375
344 403
344 404
344 406
344 407
344 409
344 413
344 422
345 356
346 486
347 350
347 379
347 422
348 386
348 407
348 409
348 410
348 413
348 416
348 417
349 353
351 353
351 412
352 354
352 358
352 362
353 354
353 359
353 414
354 356
357 418
358 360
358 362
358 363
361 363
362 363
364 365
364 374
364 430
364 434
364 437
364 448
365 367
365 374
365 429
365 433
366 370
367 374
368 370
370 593
370 599
371 382
373 374
374 382
374 434
374 436
375 422
376 436
377 380
378 405
383 384
383 387
384 385
384 387
384 395
385 390
385 395
385 401
386 387
386 539
386 540
386 579
387 503
387 540
387 600
389 392
389 580
390 586
391 395
391 397
391 399
391 401
391 412
391 540
392 530
392 533
393 394
393 398
393 400
393 495
394 398
394 400
394 452
394 496
394 518
394 527
394 536
395 397
395 399
395 401
395 487
396 408
396 410
396 515
396 519
397 399
397 401
397 412
397 497
397 530
397 533
397 534
397 540
398 400
398 518
399 401
399 410
399 412
399 497
399 534
399 540
400 495
400 518
400 521
401 412
401 417
403 404
403 405
403 422
403 423
403 424
403 429
403 430
404 405
404 406
404 407
404 423
404 424
405 406
405 409
405 422
405 430
405 431
406 407
406 409
406 416
406 422
406 430
407 409
407 416
407 430
408 410
408 435
408 439
408 453
408 454
408 467
408 492
408 515
409 410
409 413
409 416
409 422
409 425
409 430
409 467
410 412
410 424
410 435
410 451
410 467
411 552
412 413
412 417
412 424
412 445
412 467
412 534
413 417
417 467
417 497
419 425
419 430
420 450
420 600
422 429
422 430
423 424
424 467
425 435
425 437
425 595
426 584
427 568
428 430
428 432
428 437
428 456
428 458
429 430
429 484
430 431
430 456
432 437
432 453
432 454
432 458
432 464
434 437
434 448
435 437
435 451
435 456
435 504
436 437
437 448
437 449
437 456
437 458
439 453
439 454
439 465
440 446
442 444
442 453
442 454
442 456
442 458
442 464
442 465
442 467
443 453
444 454
445 534
446 448
447 450
448 449
452 518
452 521
452 527
452 545
452 574
453 454
453 458
453 464
453 465
453 467
453 543
454 458
454 461
454 464
454 465
454 467
454 468
454 492
454 510
454 543
454 571
456 458
457 577
458 462
458 464
458 465
460 474
460 501
460 518
461 465
461 468
461 492
461 510
462 526
463 494
463 552
463 558
463 572
464 465
464 467
465 468
465 510
466 468
468 510
468 571
470 562
472 485
475 509
476 509
478 556
478 561
479 511
479 573
480 481
480 526
482 523
485 507
485 523
488 564
489 547
490 500
490 514
490 527
491 515
493 495
493 496
493 509
493 511
493 513
493 518
493 538
493 542
493 548
493 551
493 560
493 567
493 570
493 573
494 514
495 496
495 509
495 511
495 513
495 521
495 542
495 551
495 554
495 560
495 573
496 513
496 518
496 521
496 551
498 543
499 524
499 568
499 571
500 516
500 527
500 574
502 503
502 504
502 505
502 600
503 504
505 600
507 518
508 561
509 511
509 513
509 542
509 548
509 565
509 567
509 570
509 573
509 589
510 512
510 525
510 571
511 513
511 542
511 547
511 560
511 573
511 589
513 538
513 542
513 548
513 551
513 560
513 565
513 567
513 570
513 573
514 527
514 572
515 519
516 565
516 574
517 519
518 521
518 527
518 545
518 574
520 521
520 544
520 545
520 555
521 542
521 545
521 551
521 555
521 573
521 574
522 587
527 562
527 574
528 572
529 584
530 533
531 532
531 534
531 535
531 553
532 535
532 554
532 555
534 553
537 552
538 548
538 564
538 567
538 570
538 589
541 592
542 547
542 548
542 551
542 560
542 565
542 570
542 573
542 589
543 544
545 555
547 548
547 549
547 551
547 560
547 589
548 550
548 556
548 560
548 567
548 570
548 589
551 554
551 555
551 560
554 555
557 558
557 560
557 561
558 561
558 563
560 561
560 570
561 570
561 576
564 590
566 572
566 575
567 570
569 572
583 584
588 591
593 599
596 598
596 599
596 600
598 599
599 600
