600 1799

1 290
1 291
1 302
2 4
2 5
2 93
2 308
3 5
3 29
3 94
3 306
3 308
4 5
4 20
4 21
4 24
4 30
4 104
4 302
4 322
4 324
5 20
5 24
5 93
5 94
5 304
5 305
5 308
6 12
7 306
8 9
8 15
8 175
8 179
8 311
8 316
8 480
8 482
8 483
9 13
9 15
9 307
9 310
9 311
9 313
10 309
11 303
12 315
13 15
13 307
13 311
13 313
13 314
13 315
13 316
14 16
15 17
15 311
15 313
15 314
15 315
15 316
15 559
16 19
16 29
16 312
18 98
18 174
18 283
19 20
19 23
19 35
19 37
19 318
19 320
19 334
20 21
20 24
20 98
20 100
20 104
20 308
20 319
20 320
20 324
21 22
21 23
21 25
21 28
21 30
21 32
21 35
21 36
21 100
21 104
21 320
21 322
21 323
21 324
21 326
21 327
21 329
21 333
23 25
23 30
23 35
23 36
23 104
23 323
23 324
23 334
24 27
24 301
24 308
24 324
25 28
25 30
25 36
25 323
25 327
26 284
26 285
28 30
28 34
28 36
28 108
28 323
28 324
28 326
28 327
29 308
29 312
30 31
30 32
30 35
30 36
30 38
30 104
30 323
30 324
30 326
30 327
30 329
30 333
31 36
31 237
31 327
31 329
31 330
31 332
32 35
32 36
32 323
32 324
32 326
32 329
32 331
32 333
33 34
33 285
34 332
35 36
35 37
35 320
35 323
35 324
35 329
35 331
35 333
35 334
36 38
36 104
36 323
36 324
36 327
36 329
36 333
37 318
37 320
37 334
39 41
39 88
39 89
39 113
40 440
41 43
41 86
41 89
41 91
41 130
42 337
43 86
43 130
43 171
43 343
44 48
44 51
44 57
44 60
44 61
44 122
44 123
44 145
44 146
44 148
44 150
44 154
44 164
44 198
44 203
44 254
44 341
44 342
44 343
44 345
44 349
44 350
44 360
44 402
44 409
44 415
44 416
44 465
44 509
44 565
44 593
45 47
46 48
46 60
46 86
46 436
47 48
47 54
47 56
47 117
47 409
48 52
48 54
48 60
48 122
48 123
48 150
48 341
48 342
48 343
48 346
48 347
48 350
48 402
48 465
48 565
49 51
49 63
49 125
49 150
49 151
49 201
49 341
49 350
49 357
49 358
49 416
49 418
49 437
49 440
49 448
49 497
50 62
50 67
50 447
51 60
51 61
51 62
51 64
51 67
51 122
51 123
51 136
51 139
51 141
51 148
51 150
51 161
51 198
51 199
51 203
51 204
51 277
51 341
51 342
51 345
51 349
51 350
51 352
51 353
51 354
51 357
51 358
51 360
51 415
51 416
51 422
51 436
51 437
51 439
51 445
51 446
51 447
51 448
51 465
51 466
51 565
51 593
52 65
52 122
52 123
52 124
52 148
52 153
52 164
52 203
52 347
52 350
52 402
52 415
52 442
52 565
53 55
53 60
53 64
53 89
53 91
53 118
53 296
53 343
53 351
53 398
53 565
54 56
55 109
55 118
55 119
55 143
55 191
55 398
56 58
56 117
57 65
57 122
57 150
59 60
59 61
59 62
59 64
59 67
59 121
59 147
59 352
59 445
60 61
60 64
60 67
60 84
60 122
60 150
60 277
60 341
60 343
60 345
60 348
60 349
60 350
60 351
60 352
60 353
60 354
60 357
60 358
60 360
60 398
60 409
60 413
60 416
60 436
60 445
60 565
60 593
60 594
61 62
61 64
61 67
61 150
61 341
61 345
61 350
61 352
61 353
61 354
61 358
61 413
61 445
62 67
62 345
62 352
62 358
62 359
63 66
63 151
63 350
63 357
63 358
63 362
63 416
63 421
63 436
63 437
63 440
63 451
63 454
63 464
63 466
63 490
63 504
64 86
64 91
64 145
64 351
64 398
64 413
64 445
64 593
64 594
65 122
65 148
65 160
65 163
65 272
65 357
65 416
65 437
65 451
65 462
66 67
66 358
66 359
66 363
67 341
67 345
67 352
67 358
67 359
67 363
67 413
67 445
68 261
69 71
69 72
69 281
70 72
70 447
71 72
71 80
71 128
71 131
71 135
72 127
72 128
72 131
73 133
74 75
74 77
74 424
76 82
77 78
78 113
79 129
81 258
82 113
82 129
83 249
84 112
84 130
84 204
84 565
84 594
85 131
86 91
86 130
86 382
86 535
87 380
89 91
89 130
89 381
90 126
90 380
91 130
91 338
91 381
92 207
92 402
93 94
94 308
94 546
95 96
95 99
97 105
98 100
98 104
98 319
98 320
99 241
100 104
100 189
100 320
101 103
101 104
101 187
101 189
101 192
101 335
101 384
102 283
103 104
103 105
103 189
103 192
103 193
103 194
104 105
104 189
104 192
104 324
105 106
105 109
105 189
105 192
105 194
106 189
106 223
107 194
109 117
109 118
109 119
109 120
109 145
109 191
109 192
109 193
109 194
109 211
109 212
109 221
109 224
109 246
109 395
109 398
109 399
109 402
110 400
111 120
112 113
112 131
112 204
112 259
112 565
113 114
113 115
113 116
113 130
113 131
113 265
115 116
116 117
116 118
116 194
117 118
117 131
117 191
117 194
118 119
118 191
118 194
118 296
118 398
119 120
119 121
119 147
119 191
119 194
119 212
119 221
119 224
119 225
119 398
119 399
119 412
119 534
120 194
120 224
120 395
120 399
121 147
121 225
121 412
122 123
122 148
122 150
122 160
122 164
122 198
122 199
122 203
122 341
122 343
122 347
122 350
122 402
122 415
122 416
122 417
122 418
122 436
122 446
122 449
122 465
122 497
122 509
122 565
123 124
123 145
123 146
123 148
123 164
123 190
123 196
123 203
123 204
123 225
123 341
123 343
123 350
123 402
123 415
123 416
123 509
123 565
123 593
124 150
124 350
124 415
124 509
125 148
125 153
125 417
125 418
125 497
127 128
127 130
127 131
127 190
128 130
128 131
128 190
128 191
128 199
128 210
130 131
131 145
131 190
131 191
131 204
131 210
131 212
131 565
131 575
132 133
132 137
134 430
136 154
136 155
136 157
136 161
136 203
136 254
136 416
136 436
136 456
136 505
137 158
137 367
137 428
138 139
138 152
138 199
138 446
139 152
139 161
139 199
139 357
139 358
139 436
139 446
140 448
141 190
141 199
141 207
142 261
143 144
145 146
145 191
145 204
145 214
145 224
145 225
145 343
145 398
145 402
145 534
145 565
145 593
145 594
146 343
146 565
147 398
148 149
148 150
148 153
148 154
148 163
148 164
148 203
148 204
148 253
148 254
148 272
148 341
148 350
148 357
148 370
148 415
148 416
148 418
148 422
148 437
148 442
148 446
148 448
148 463
148 464
148 465
148 565
148 593
149 343
149 462
149 576
149 594
150 341
150 342
150 345
150 346
150 350
150 357
150 415
150 416
150 437
150 446
150 448
150 465
150 565
150 593
151 357
151 358
151 416
151 417
151 418
151 437
151 440
151 446
151 497
152 199
152 436
152 437
152 446
153 164
153 196
153 205
154 155
154 156
154 157
154 196
154 209
154 210
154 212
154 214
154 239
154 253
154 254
154 274
154 422
154 515
155 156
155 157
155 197
155 250
155 254
155 267
156 157
156 159
156 195
156 213
156 214
156 219
156 233
156 234
156 250
156 254
156 267
156 268
156 463
156 465
156 515
156 543
156 545
156 570
157 159
157 197
157 250
157 254
157 267
157 454
157 463
157 515
158 428
159 161
159 199
159 219
159 254
159 463
159 465
160 198
160 199
160 203
160 254
160 272
160 277
160 358
160 416
160 442
161 199
161 455
162 462
163 253
163 254
163 272
163 440
163 451
163 454
163 462
163 463
163 464
163 490
163 563
164 196
164 203
164 415
164 442
164 465
164 565
165 473
166 470
166 471
167 168
168 475
168 569
169 170
169 173
169 477
169 479
169 523
169 557
170 247
170 476
170 477
170 479
170 556
170 557
172 521
173 247
173 477
173 479
174 217
174 479
175 176
175 177
175 179
175 182
175 185
175 186
175 311
175 480
175 481
175 482
175 483
175 485
175 486
176 177
176 179
176 182
176 255
176 379
176 480
176 482
176 483
176 485
176 486
177 179
177 182
177 311
177 316
177 379
177 480
177 482
177 483
177 485
177 486
178 183
179 182
179 311
179 316
179 379
179 480
179 481
179 482
179 483
179 485
179 486
180 482
181 183
181 316
182 255
182 379
182 480
182 482
182 483
182 485
184 276
188 497
189 192
190 191
190 193
190 194
190 201
190 204
190 207
190 209
190 210
190 212
191 193
191 194
191 204
191 207
191 209
191 210
191 211
191 212
191 221
192 193
192 194
192 211
193 194
193 211
194 221
194 224
195 196
195 203
195 204
195 214
195 234
195 254
195 295
196 203
196 204
196 214
197 250
197 254
197 267
198 203
198 272
198 280
198 416
198 465
198 474
199 210
199 357
199 358
199 436
199 446
200 441
201 203
202 520
203 204
203 214
203 295
203 350
203 402
203 415
203 442
203 465
203 498
204 210
204 214
204 254
204 402
204 565
204 594
206 298
207 212
207 509
208 263
208 264
208 265
208 294
209 210
209 212
210 212
211 246
212 221
212 222
212 533
213 234
213 271
213 521
214 219
214 274
214 465
214 593
215 462
216 217
218 250
219 254
219 268
219 274
219 463
219 465
219 516
220 239
221 222
221 533
222 530
222 532
222 533
224 225
224 245
224 246
224 397
224 399
224 531
224 534
225 343
225 397
225 399
225 534
226 358
226 536
226 537
227 260
228 229
228 238
229 230
229 238
229 258
231 265
232 233
232 271
232 521
232 528
232 569
232 570
233 234
233 267
233 268
233 271
233 516
233 521
233 528
233 545
233 570
234 248
234 271
234 273
234 521
234 558
235 439
236 547
238 240
239 241
239 253
239 254
239 552
240 243
240 554
241 242
241 552
242 551
242 552
242 554
243 265
243 300
243 554
244 246
244 273
244 554
246 531
247 476
247 477
247 479
247 556
247 557
249 251
249 316
249 480
249 483
249 485
249 562
250 252
250 254
250 268
250 453
250 478
250 521
250 558
250 560
250 561
250 570
250 571
252 560
252 570
253 254
253 415
253 462
253 463
253 464
253 545
253 563
253 565
253 570
254 272
254 415
254 416
254 451
254 462
254 463
254 464
254 465
254 515
254 516
254 545
254 563
254 565
254 570
255 483
255 485
256 299
257 293
258 293
259 261
259 280
259 296
260 296
261 276
261 296
261 488
262 263
262 299
263 265
264 566
266 400
266 478
267 268
267 273
268 270
268 463
268 516
268 528
268 570
268 571
269 270
272 358
272 437
272 442
272 463
272 464
272 465
272 466
273 274
275 441
277 278
277 341
278 279
282 287
282 298
283 388
285 286
285 328
285 583
286 584
287 332
287 584
288 482
289 586
291 426
292 303
295 402
296 297
302 305
302 322
303 304
303 308
304 305
304 308
305 321
305 322
305 324
307 310
307 311
307 315
307 316
308 324
309 313
310 311
311 313
311 315
311 316
311 480
311 482
311 483
313 314
313 315
313 316
314 316
316 480
316 483
317 386
318 320
318 334
319 320
319 321
320 321
320 324
320 334
321 332
321 335
321 386
321 389
321 579
322 324
322 327
322 329
323 324
323 327
323 329
323 334
324 326
324 329
325 495
327 329
327 332
327 333
328 332
329 331
329 333
331 333
332 587
335 494
336 391
337 407
338 339
338 380
338 381
338 382
338 413
338 414
339 357
339 358
339 382
339 416
339 445
340 342
340 344
340 346
340 347
340 409
341 342
341 345
341 347
341 349
341 350
341 352
341 353
341 354
341 357
341 358
341 360
341 370
341 413
341 415
341 416
341 418
341 422
341 436
341 437
341 440
341 445
341 446
341 448
341 464
341 465
341 497
341 593
342 343
342 346
342 347
342 349
342 350
342 357
342 415
342 416
342 448
342 465
343 345
343 350
343 351
343 352
343 402
343 593
344 346
344 348
344 349
344 409
344 410
345 348
345 350
345 352
345 353
345 354
345 357
345 358
345 359
345 413
345 444
345 445
345 447
346 347
346 348
346 349
346 409
347 350
347 415
347 497
348 353
348 354
348 409
348 413
349 350
349 360
350 357
350 358
350 360
350 402
350 413
350 415
350 416
350 418
350 422
350 437
350 440
350 448
350 509
350 565
350 593
351 352
351 361
351 396
351 398
351 412
351 413
352 413
352 445
353 354
353 356
353 357
353 358
353 359
353 413
353 447
354 358
354 447
355 431
356 357
357 358
357 370
357 413
357 415
357 416
357 418
357 420
357 422
357 436
357 437
357 440
357 445
357 446
357 448
357 464
357 466
357 593
358 359
358 416
358 420
358 436
358 437
358 438
358 440
358 445
358 446
358 447
358 448
358 464
358 465
358 466
358 593
359 363
359 372
359 445
360 413
360 422
360 492
361 413
362 501
362 504
364 434
365 373
365 375
366 403
366 429
367 369
368 370
368 375
368 491
370 375
370 413
370 414
370 416
370 422
370 593
370 594
371 421
373 374
373 380
373 419
374 376
374 377
374 378
374 434
374 578
375 380
375 414
375 421
375 422
375 451
375 599
376 377
377 378
379 457
379 459
379 480
379 482
379 483
380 381
381 405
383 487
384 391
384 494
385 386
386 579
386 582
387 554
387 555
387 595
389 580
389 585
390 408
390 489
390 494
390 496
391 489
392 487
393 395
393 396
393 398
393 495
394 396
394 408
394 413
394 492
395 396
395 397
395 495
396 408
396 413
397 399
397 412
397 534
398 399
398 412
398 413
398 565
399 401
399 412
399 534
401 412
402 415
402 509
402 565
402 593
402 594
404 406
405 550
406 407
407 409
407 411
407 565
408 492
409 410
412 413
413 414
413 422
413 445
413 593
413 594
414 422
414 445
415 416
415 418
415 440
415 442
415 448
415 464
415 465
415 498
415 505
415 565
415 593
416 418
416 420
416 422
416 436
416 437
416 440
416 446
416 448
416 464
416 465
416 466
416 490
416 497
416 593
417 418
417 440
417 467
417 497
417 520
418 428
418 437
418 440
418 446
418 448
418 497
420 445
420 593
421 430
421 435
421 600
422 437
422 450
422 451
422 490
422 492
422 565
422 593
423 461
425 468
425 571
427 588
429 434
430 432
430 433
431 440
434 598
435 500
436 437
436 446
436 448
437 440
437 446
437 448
437 464
437 466
438 441
438 464
438 549
438 551
438 569
438 594
439 443
440 448
440 497
440 504
440 506
441 551
442 464
442 465
442 498
447 466
448 464
448 466
448 505
450 510
451 454
451 460
451 464
451 490
451 510
451 590
452 453
452 454
452 490
452 515
452 543
452 561
452 563
453 516
453 542
453 560
453 561
453 570
453 571
454 460
454 464
454 515
454 519
454 561
458 466
460 461
463 464
463 465
463 516
463 521
463 545
463 563
463 570
463 571
463 573
464 465
464 466
464 505
464 519
464 543
464 563
464 570
465 466
465 516
466 505
467 520
467 527
467 545
468 572
469 473
471 475
472 473
473 487
476 479
476 556
476 557
477 479
477 523
477 557
478 561
479 557
479 559
480 481
480 482
480 483
480 485
480 486
480 487
481 482
481 483
481 484
481 486
482 483
482 484
482 485
482 486
483 485
483 486
484 486
485 567
489 493
489 494
490 492
490 494
490 504
490 510
490 512
490 514
490 563
492 524
493 513
493 514
494 497
494 510
494 514
494 520
497 520
498 520
499 589
499 592
501 503
501 504
502 505
504 505
504 512
507 567
508 564
509 565
509 593
510 514
511 513
511 581
512 513
512 563
515 545
516 519
516 528
516 542
516 570
516 571
517 539
518 519
520 563
521 545
521 549
521 561
521 570
522 577
522 600
525 526
526 559
528 570
528 571
528 574
529 585
538 588
539 540
539 541
539 574
540 541
540 542
540 574
541 542
541 574
544 570
544 574
547 579
548 552
549 563
552 554
552 591
553 554
556 557
560 561
560 571
561 571
564 593
565 593
565 594
568 588
570 571
570 573
571 573
585 586
586 588
590 592
590 596
593 594
597 600
599 600
