600 1797

1 2
1 4
1 19
1 22
1 302
1 322
1 389
1 586
2 4
2 19
2 20
2 21
2 22
2 28
2 35
2 36
2 37
2 38
2 108
2 110
2 184
2 292
2 302
2 305
2 320
2 321
2 322
2 323
2 327
2 329
2 333
2 334
2 335
2 389
3 5
3 12
3 16
3 303
3 304
3 305
3 324
4 5
4 18
4 19
4 20
4 22
4 28
4 35
4 36
4 292
4 301
4 302
4 305
4 322
4 323
4 332
4 387
4 389
4 487
4 532
4 553
4 586
5 19
5 24
5 29
5 302
5 304
5 305
5 322
5 324
6 303
7 16
7 304
7 308
8 204
8 389
9 13
9 314
10 216
10 217
10 309
10 313
11 93
11 94
11 470
11 500
12 16
12 19
12 303
12 317
13 15
13 313
13 314
13 315
13 316
14 16
14 312
15 313
15 314
15 315
15 316
16 304
16 315
16 319
17 318
18 37
18 98
18 302
18 322
18 387
18 388
18 389
18 580
19 21
19 37
19 38
19 108
19 302
19 305
19 319
19 322
19 327
19 389
19 586
20 21
20 22
20 32
20 35
20 36
20 37
20 38
20 98
20 100
20 108
20 221
20 320
20 321
20 322
20 329
20 330
20 331
20 332
20 333
20 334
20 335
20 389
20 530
20 553
21 35
21 36
21 37
21 38
21 100
21 108
21 110
21 221
21 320
21 321
21 334
21 335
21 388
21 389
21 395
22 23
22 28
22 36
22 292
22 322
22 323
22 327
22 389
22 553
23 28
23 36
23 323
23 327
23 328
23 329
23 330
24 26
24 27
24 28
24 30
24 32
24 35
24 38
24 320
24 326
24 328
24 329
24 332
24 333
24 334
24 335
25 529
26 27
26 28
26 30
26 32
26 35
26 284
26 328
26 329
26 330
26 331
26 332
26 333
26 334
26 335
27 28
27 30
27 32
27 35
27 323
27 328
27 329
27 330
27 331
27 332
27 333
28 30
28 32
28 35
28 36
28 305
28 322
28 323
28 327
28 328
28 329
28 330
28 332
28 333
28 582
29 324
30 31
30 32
30 35
30 36
30 320
30 323
30 327
30 328
30 329
30 330
30 331
30 332
30 333
30 335
30 553
31 328
31 330
31 332
31 582
31 583
31 584
32 35
32 36
32 320
32 327
32 328
32 329
32 331
32 332
32 333
32 334
32 335
32 553
33 237
33 286
33 547
33 549
33 584
34 286
34 299
35 36
35 37
35 38
35 100
35 221
35 320
35 321
35 322
35 327
35 328
35 329
35 330
35 331
35 332
35 333
35 334
35 335
35 387
35 389
35 530
35 553
36 38
36 100
36 108
36 110
36 221
36 320
36 321
36 322
36 323
36 328
36 329
36 330
36 331
36 332
36 333
36 334
36 335
36 389
36 529
36 530
36 553
37 38
37 98
37 100
37 108
37 110
37 302
37 320
37 321
37 333
37 334
37 335
37 388
37 389
38 98
38 100
38 108
38 110
38 221
38 320
38 321
38 322
38 329
38 332
38 333
38 334
38 335
38 388
38 389
38 530
39 68
39 79
39 83
39 87
39 88
39 89
39 337
39 338
39 376
39 380
39 403
39 405
39 430
39 446
40 149
41 73
41 81
41 338
41 339
42 44
42 48
42 56
42 117
42 150
42 446
43 296
44 47
44 48
44 54
44 55
44 58
44 75
44 116
44 117
44 139
44 150
44 341
44 357
44 446
44 448
45 46
45 47
45 54
46 48
46 54
46 56
47 48
47 54
47 55
47 60
47 117
48 54
48 56
48 57
48 58
48 116
48 117
48 150
48 357
48 446
49 84
49 380
50 345
50 351
51 352
52 57
52 109
52 116
52 124
52 141
52 350
53 375
54 56
55 60
55 63
55 64
55 117
55 118
55 453
57 65
57 116
57 117
57 124
57 140
57 150
57 350
57 357
57 418
57 446
57 448
58 61
58 466
59 62
59 360
60 69
60 145
60 373
61 354
61 356
62 352
62 360
62 361
63 357
63 440
64 145
64 358
64 412
64 413
64 414
64 510
65 140
65 150
65 155
65 267
65 350
65 357
65 446
66 67
66 293
67 361
67 363
68 69
68 79
68 112
68 129
68 132
68 134
68 137
68 140
68 371
68 373
68 428
68 430
68 434
69 70
69 71
69 79
69 81
69 112
69 129
69 137
69 373
70 71
70 79
70 129
70 135
70 137
70 369
70 371
70 375
70 422
70 428
70 430
71 72
71 133
71 364
71 366
71 420
72 77
74 78
74 79
74 371
76 77
76 297
76 420
76 598
76 599
77 128
77 420
79 83
79 129
79 137
79 373
79 430
80 377
81 374
81 593
82 129
83 86
83 87
83 88
83 89
83 337
83 338
83 377
83 378
83 381
83 405
85 140
86 87
86 88
86 89
86 91
86 337
86 338
86 377
86 378
86 380
86 381
86 382
86 405
87 88
87 115
87 126
87 130
87 337
87 378
87 380
87 381
87 405
87 446
88 89
88 337
88 338
88 378
88 380
88 381
88 403
88 405
89 91
89 337
89 338
89 342
89 377
89 378
89 380
89 381
89 382
89 405
90 191
91 338
91 342
91 377
91 378
91 381
91 382
91 405
92 93
93 94
93 187
93 204
93 500
94 104
94 192
94 395
95 105
95 106
95 223
95 392
96 97
96 209
97 99
98 321
98 389
99 599
100 108
100 110
100 221
100 320
100 321
100 322
100 335
100 389
100 553
101 103
102 103
102 189
103 104
103 105
103 106
103 189
103 223
103 224
104 105
104 106
104 189
104 192
104 214
104 395
105 106
105 154
105 223
105 224
105 393
105 533
106 189
106 223
107 246
108 110
108 184
108 321
108 322
108 335
108 389
109 111
109 120
109 190
109 191
109 194
109 210
109 394
109 396
109 398
109 399
109 408
109 416
109 417
109 514
110 221
110 320
110 321
110 335
110 388
110 389
111 400
112 114
112 126
112 129
112 130
112 404
113 114
113 115
113 126
113 130
114 115
114 126
114 130
114 131
114 191
114 396
114 408
114 451
114 490
115 117
115 126
115 357
115 432
115 446
115 456
116 117
116 137
116 150
116 191
116 341
116 350
116 357
116 407
116 409
116 442
116 446
116 453
117 118
117 129
117 150
117 341
117 357
117 409
117 410
117 446
118 410
119 225
119 246
119 399
119 416
119 534
120 121
120 131
120 190
120 350
120 396
120 398
120 399
120 401
120 410
120 411
120 413
121 401
121 412
121 413
122 192
122 196
122 200
122 215
122 274
123 125
123 154
123 224
123 416
123 417
124 357
124 446
124 448
125 157
125 196
125 212
125 224
125 520
126 129
126 130
126 137
126 357
126 425
126 432
126 446
126 456
127 128
127 421
127 600
128 129
128 262
128 450
129 131
129 422
129 450
130 406
131 137
131 190
131 373
131 396
131 399
131 401
131 411
131 413
131 422
131 430
131 436
131 440
131 442
131 451
131 454
131 490
131 510
131 514
132 186
133 364
134 137
134 140
134 428
134 430
136 159
136 456
137 138
137 139
137 140
137 367
137 373
137 428
137 430
137 431
137 432
137 434
137 435
137 436
137 440
137 442
137 453
137 454
138 139
138 371
138 373
138 428
138 430
138 431
138 436
138 440
138 442
139 371
139 431
140 150
140 155
140 357
140 446
141 350
141 383
142 225
143 452
144 441
145 375
145 445
145 447
145 534
146 600
147 571
148 152
148 232
148 250
148 253
148 464
149 341
149 344
150 155
150 357
150 437
150 446
151 198
151 272
153 233
154 196
154 197
154 199
154 212
154 224
154 417
154 497
154 503
155 350
155 357
155 446
156 440
157 161
157 164
157 467
158 428
158 430
158 455
160 277
162 462
163 254
163 281
165 166
165 168
165 171
165 475
165 478
166 167
166 168
166 475
166 476
166 478
166 556
168 475
168 478
169 300
170 247
170 476
172 248
172 252
172 556
173 321
174 470
175 177
175 178
175 180
175 484
176 178
176 183
177 179
177 180
177 181
177 288
177 289
177 484
178 183
178 484
178 566
179 182
179 289
180 484
183 486
183 566
184 389
184 487
185 568
187 188
187 207
189 192
189 196
189 213
189 215
189 223
189 230
189 273
190 210
190 396
190 398
190 399
190 401
190 408
190 413
190 417
190 451
190 490
190 510
190 514
191 194
191 210
192 193
192 196
192 211
192 212
192 215
192 222
192 245
192 274
193 212
195 196
195 213
195 273
195 498
196 197
196 212
196 213
196 214
196 215
196 222
196 223
196 224
196 273
196 520
197 211
197 215
197 219
197 273
197 274
198 203
198 219
199 212
200 202
200 219
200 274
200 281
201 277
204 214
205 537
206 564
207 239
208 394
208 399
208 417
208 494
208 496
208 510
208 512
208 513
208 514
209 212
209 496
209 513
210 394
210 396
210 399
210 408
210 416
210 417
210 490
210 494
210 510
210 512
210 514
211 212
211 215
211 222
211 230
211 231
211 265
211 273
211 274
211 493
211 495
212 222
212 503
212 519
213 234
213 273
214 273
215 219
215 273
215 274
216 217
216 276
216 278
216 522
216 524
216 525
217 251
217 525
217 526
218 545
219 273
219 274
219 281
220 221
220 287
220 328
220 329
220 330
220 529
221 225
221 320
221 328
221 329
221 330
221 333
221 334
221 335
221 397
221 529
221 530
221 553
222 223
222 224
222 245
222 273
222 532
222 533
223 224
223 245
223 273
223 533
224 245
224 520
225 246
225 348
225 534
226 287
227 346
228 531
229 231
229 259
229 265
229 542
229 565
230 273
230 489
230 495
230 511
231 265
232 250
232 253
232 544
233 234
233 244
233 521
233 545
234 244
234 248
234 286
234 558
235 236
236 238
236 248
236 279
236 282
236 286
236 547
237 238
237 240
237 548
237 549
237 584
238 240
238 250
238 286
238 547
238 548
239 243
240 243
241 242
241 244
241 441
241 452
241 551
244 547
244 551
246 534
247 248
247 252
247 556
247 560
248 250
248 252
248 266
248 282
248 556
248 557
248 560
248 561
249 477
250 252
250 253
250 556
250 557
250 560
250 561
252 556
252 557
252 560
252 561
253 462
253 561
255 581
256 387
256 540
256 579
257 488
258 538
259 295
259 508
259 540
259 542
259 564
259 565
260 517
260 538
261 594
263 298
264 300
265 274
268 269
268 270
268 570
268 573
269 270
269 272
269 573
270 509
271 508
271 542
273 274
274 280
274 281
275 277
275 575
275 576
276 278
276 522
276 524
276 525
277 278
277 522
277 525
277 576
278 457
278 522
278 524
278 525
283 559
283 566
284 328
284 330
285 286
285 583
285 585
286 287
286 547
286 551
287 535
287 551
287 584
288 484
289 586
290 322
290 586
291 583
291 586
292 389
294 366
294 589
294 591
296 299
297 598
298 300
299 300
301 302
301 303
301 317
301 322
301 586
302 305
302 317
302 322
302 389
302 487
302 532
302 586
303 317
304 305
304 308
304 324
305 322
305 324
306 308
307 315
310 315
311 354
312 318
313 314
313 315
313 316
314 315
315 316
317 389
317 487
320 321
320 329
320 331
320 332
320 333
320 334
320 335
320 336
320 388
320 389
320 530
320 553
321 333
321 334
321 335
321 389
321 530
321 553
322 323
322 325
322 327
322 329
322 330
322 332
322 335
322 387
322 389
322 415
322 487
322 553
322 586
323 327
323 328
323 329
323 330
323 332
323 333
323 335
323 553
324 326
325 386
325 586
327 328
327 329
327 330
327 332
327 335
327 582
328 329
328 330
328 331
328 332
328 333
328 335
328 553
328 582
329 330
329 331
329 332
329 333
329 334
329 335
329 529
329 530
329 553
330 331
330 332
330 333
330 334
330 335
330 553
330 582
331 332
331 333
331 334
331 335
331 553
332 333
332 335
332 529
332 530
332 553
332 584
333 334
333 335
333 389
333 530
333 553
334 335
334 388
334 389
334 530
335 388
335 389
335 530
335 553
336 392
336 397
336 530
336 533
337 338
337 377
337 378
337 380
337 381
337 403
337 405
337 406
338 342
338 377
338 378
338 380
338 381
338 382
338 405
340 347
341 357
341 430
341 437
341 444
341 446
342 377
342 381
342 382
342 405
343 349
344 346
346 349
347 446
350 357
350 410
350 440
350 446
350 453
351 352
351 361
352 360
352 361
353 354
354 363
355 356
357 446
359 447
360 361
361 363
362 363
364 365
364 366
364 420
364 427
364 429
364 450
364 588
366 368
366 429
367 428
369 371
370 420
371 373
371 422
371 430
371 443
372 375
373 428
373 430
373 434
373 440
373 443
373 450
373 510
375 422
375 443
375 445
375 447
375 450
375 510
377 378
377 380
377 381
377 382
377 405
378 381
378 382
378 405
379 380
379 406
380 381
380 405
380 406
381 382
381 405
382 405
384 385
385 400
387 389
387 505
387 540
387 553
387 579
387 580
387 595
388 389
388 580
389 487
389 553
389 586
390 500
391 392
391 489
393 394
393 395
393 495
393 533
394 396
394 399
394 400
394 401
394 417
394 494
394 496
394 510
394 512
394 513
394 514
395 397
395 495
395 530
396 398
396 399
396 401
396 408
396 411
396 413
396 419
396 451
396 454
396 490
396 496
396 510
396 512
396 514
397 530
398 399
398 400
398 408
398 490
399 401
399 416
399 417
399 445
399 490
399 494
399 496
399 510
399 514
401 412
401 413
401 490
401 510
401 514
402 500
402 507
404 406
404 424
404 451
406 491
407 409
407 446
408 451
408 490
408 492
408 514
409 410
409 411
409 446
410 411
411 413
411 490
412 413
412 439
412 445
412 453
412 510
412 512
413 414
413 490
413 510
413 514
414 510
416 417
416 445
416 494
416 514
417 435
417 445
417 494
417 496
417 497
417 514
417 520
417 533
418 448
418 453
419 501
419 504
420 450
420 598
420 599
423 424
424 450
424 451
426 427
427 429
427 588
428 430
428 434
428 435
428 436
428 442
428 443
428 453
428 454
430 431
430 436
430 440
430 442
430 454
431 436
431 440
432 435
432 454
432 456
433 447
435 436
435 440
435 442
435 445
435 453
435 454
435 461
435 474
435 501
436 440
436 442
436 445
436 453
436 454
436 501
437 446
438 452
439 443
439 445
439 510
440 442
440 445
440 447
440 453
440 454
442 445
442 453
442 454
442 461
443 445
443 450
443 510
445 447
445 453
445 454
445 461
445 510
445 513
445 514
449 468
449 571
449 572
450 510
451 490
451 510
451 514
453 454
453 461
454 461
454 501
455 456
455 576
456 458
457 458
457 522
457 524
457 525
457 575
459 468
460 495
462 543
463 465
463 544
465 537
467 515
467 520
467 545
468 517
468 574
469 471
471 475
472 477
472 479
473 501
475 478
476 477
476 478
476 479
476 556
476 560
477 479
477 556
479 556
479 557
479 560
480 481
480 483
480 485
481 484
481 486
481 566
482 484
483 485
483 487
483 488
483 566
484 486
487 586
488 566
488 567
488 568
489 511
489 547
490 510
490 514
493 495
493 518
493 531
494 496
494 512
494 513
494 514
496 497
496 512
496 513
497 503
497 520
499 505
501 504
502 504
503 520
505 595
506 578
508 542
508 564
510 512
510 513
510 514
512 513
512 514
515 520
515 527
515 545
515 578
516 528
516 549
517 594
518 519
518 542
521 544
521 545
521 558
521 564
522 524
522 525
522 526
522 575
522 576
522 577
523 525
523 526
524 525
525 526
525 562
526 562
530 553
531 551
531 555
531 564
532 533
532 553
535 549
535 551
535 584
536 549
538 567
539 541
539 595
539 599
539 600
540 542
540 579
540 594
541 600
542 564
544 545
544 563
546 547
547 549
547 551
547 584
548 550
548 554
549 553
549 584
551 555
551 558
551 584
552 585
553 584
556 557
556 558
556 560
556 561
557 558
557 560
560 561
561 573
565 594
566 567
567 568
569 570
569 572
569 573
570 572
570 573
571 572
572 573
572 594
573 594
575 576
579 581
579 594
582 583
583 585
584 587
589 590
592 594
592 597
595 597
595 599
595 600
596 597
597 600
599 600
