600 1797

1 25
1 291
2 3
2 4
2 5
2 6
2 8
2 12
2 16
2 18
2 19
2 20
2 27
2 32
2 35
2 93
2 94
2 98
2 301
2 302
2 303
2 304
2 305
2 308
2 317
2 319
2 320
2 321
2 324
2 329
2 331
2 333
2 334
2 388
3 5
3 6
3 8
3 11
3 12
3 16
3 19
3 35
3 93
3 94
3 98
3 301
3 302
3 303
3 304
3 305
3 311
3 317
3 319
3 320
3 324
3 388
4 5
4 19
4 22
4 23
4 25
4 30
4 35
4 301
4 302
4 305
4 317
4 319
4 320
4 322
4 323
4 324
4 328
4 329
4 333
4 334
4 335
5 6
5 8
5 12
5 16
5 18
5 19
5 20
5 24
5 27
5 29
5 32
5 35
5 98
5 302
5 303
5 304
5 305
5 308
5 317
5 319
5 320
5 321
5 324
5 326
5 331
5 388
6 8
6 11
6 12
6 16
6 19
6 35
6 93
6 94
6 98
6 302
6 303
6 304
6 305
6 311
6 317
6 320
6 388
7 12
8 11
8 12
8 16
8 18
8 19
8 20
8 37
8 94
8 98
8 302
8 303
8 304
8 308
8 311
8 317
8 319
8 388
9 177
9 314
10 13
10 309
11 75
11 94
11 97
11 303
11 304
11 386
12 16
12 18
12 19
12 20
12 37
12 94
12 98
12 302
12 303
12 304
12 308
12 311
12 317
12 319
12 320
12 388
13 181
13 314
13 316
14 17
14 29
14 312
14 326
15 314
15 315
16 17
16 18
16 19
16 20
16 24
16 29
16 32
16 35
16 37
16 98
16 302
16 304
16 305
16 308
16 311
16 312
16 317
16 319
16 320
16 324
16 326
16 331
16 334
16 388
17 19
17 24
17 308
17 312
17 326
17 331
18 19
18 20
18 24
18 37
18 98
18 304
18 317
18 319
18 321
18 324
18 388
18 389
18 580
19 20
19 24
19 27
19 29
19 32
19 35
19 37
19 98
19 302
19 304
19 305
19 308
19 311
19 312
19 317
19 319
19 320
19 321
19 324
19 326
19 331
19 333
19 334
19 388
20 21
20 32
20 93
20 94
20 98
20 301
20 302
20 304
20 317
20 321
20 331
20 336
20 388
20 389
20 393
21 32
21 93
21 94
21 105
21 107
21 321
21 328
21 335
21 336
21 389
22 23
22 25
22 28
22 30
22 36
22 301
22 302
22 322
22 323
22 329
22 332
22 335
23 25
23 26
23 28
23 30
23 35
23 36
23 302
23 320
23 322
23 323
23 325
23 328
23 329
23 332
23 335
23 336
24 29
24 32
24 98
24 308
24 312
24 317
24 319
24 324
24 326
24 331
25 325
26 328
27 30
27 32
27 35
27 302
27 305
27 317
27 319
27 320
27 324
27 333
27 334
27 388
28 31
28 33
28 34
28 36
28 284
28 323
28 327
28 332
28 335
29 32
29 308
29 312
29 324
29 326
29 331
30 32
30 35
30 36
30 37
30 302
30 320
30 322
30 323
30 325
30 328
30 329
30 333
30 334
30 335
30 336
31 33
31 36
31 332
32 35
32 319
32 320
32 329
32 331
32 333
32 334
32 336
33 34
33 36
34 36
34 332
35 37
35 94
35 302
35 317
35 319
35 320
35 328
35 329
35 331
35 333
35 334
35 335
35 336
36 323
36 328
36 329
36 332
36 335
37 98
37 311
37 317
37 319
37 320
37 334
37 336
37 388
38 336
39 115
40 440
41 43
41 45
41 150
41 338
41 339
41 425
41 446
41 448
42 45
42 46
42 116
42 340
43 338
43 339
43 441
43 448
44 341
44 345
45 46
45 47
46 47
46 54
46 342
46 346
47 344
47 410
48 342
49 149
49 152
50 444
51 360
52 124
53 55
53 56
53 60
53 348
55 60
55 64
55 118
55 121
55 413
56 60
56 341
56 348
57 65
58 353
58 358
59 356
60 64
60 341
61 353
62 67
63 345
64 121
64 412
64 413
65 124
66 67
66 363
68 69
68 70
68 79
68 129
68 134
68 140
68 364
68 365
68 370
68 376
68 421
68 434
68 439
68 473
68 504
69 70
69 71
69 72
69 76
69 79
69 82
69 127
69 205
69 364
69 365
69 368
69 370
69 593
69 598
70 72
70 74
70 76
70 77
70 127
70 135
70 365
70 366
70 368
70 370
70 372
70 593
71 72
71 76
71 77
71 127
71 294
71 365
71 370
71 593
71 598
72 74
72 76
72 77
72 127
72 365
72 368
72 370
72 593
72 598
73 84
73 367
73 377
74 78
74 368
74 369
74 372
76 77
76 127
76 142
76 370
76 592
76 593
76 594
76 596
76 597
76 598
76 599
77 127
77 298
77 370
77 593
77 596
77 598
79 375
79 376
80 84
81 84
81 85
81 374
83 129
83 201
83 422
83 424
83 435
83 504
84 86
84 87
84 377
85 376
86 87
86 377
86 380
87 377
87 380
88 113
88 405
89 91
89 381
90 122
90 151
92 95
92 187
92 192
92 384
93 94
93 301
93 303
93 304
94 301
94 303
94 304
94 317
94 335
94 336
94 385
94 386
94 388
95 96
95 109
95 113
95 114
95 191
95 194
97 386
98 302
98 304
98 308
98 317
98 319
98 320
98 321
98 324
98 326
98 388
98 580
99 225
99 299
100 119
101 103
101 104
101 105
101 106
101 193
101 194
101 195
101 221
101 390
102 103
102 106
103 104
103 105
103 106
103 109
103 188
103 191
103 192
103 193
103 194
103 195
103 390
103 391
104 106
104 109
104 188
104 191
104 192
104 193
104 194
104 390
104 391
105 106
105 107
105 194
106 109
106 188
106 191
106 193
106 194
106 195
106 221
106 390
106 391
106 395
107 108
107 184
107 204
107 394
108 110
109 111
109 188
109 191
109 193
109 194
111 194
112 114
112 129
112 130
112 131
112 188
112 190
112 408
112 451
113 114
113 115
113 117
113 406
113 407
113 409
114 130
114 191
114 396
114 404
114 408
114 491
114 492
115 116
115 117
115 406
115 407
115 410
116 117
116 406
116 407
117 118
117 289
117 409
117 410
119 120
119 125
119 147
119 224
119 225
119 397
119 399
119 534
119 579
120 147
120 398
120 399
120 400
120 401
120 487
120 530
121 147
122 151
122 202
123 125
124 350
126 434
127 370
127 427
127 593
127 596
127 597
127 598
128 264
128 267
128 272
129 134
129 364
129 404
129 421
129 422
129 423
129 424
129 438
129 451
129 504
131 190
131 193
131 201
132 421
132 426
133 429
134 136
134 140
134 339
134 364
134 422
134 423
134 424
134 430
134 434
134 435
135 365
135 429
136 148
136 159
136 428
136 437
136 456
136 458
137 376
138 315
139 436
140 150
140 339
140 425
140 430
140 434
140 437
140 448
140 504
141 446
142 144
142 438
143 146
143 439
143 443
145 146
146 439
146 443
147 534
148 155
148 437
148 442
148 449
148 464
149 418
149 440
149 444
149 448
150 430
150 437
150 446
150 448
151 160
151 199
151 272
153 199
153 261
153 263
153 264
153 269
153 271
153 272
153 296
154 167
154 190
155 218
155 437
155 442
155 449
155 453
155 454
156 218
157 208
157 209
157 217
157 512
158 219
158 455
160 164
161 466
162 452
163 543
164 442
165 176
166 177
168 170
168 248
168 475
168 478
168 556
168 557
168 558
169 173
170 180
170 236
170 244
170 247
170 475
170 556
171 474
172 248
172 478
172 558
173 477
173 479
174 223
175 176
176 256
178 258
178 263
178 269
178 270
178 271
178 277
178 566
179 247
180 484
182 256
183 255
183 258
183 263
183 488
183 566
185 486
185 488
186 426
187 192
188 191
188 193
188 194
189 197
189 206
189 209
189 211
189 230
189 234
189 239
189 244
189 247
189 259
189 273
189 519
189 526
190 210
191 192
191 193
191 194
192 193
192 198
192 391
193 194
193 221
193 391
194 195
196 218
197 206
197 211
197 215
197 216
197 244
197 259
197 273
197 280
198 470
198 499
199 200
199 272
203 215
206 209
206 216
206 230
206 244
206 259
206 273
206 511
207 276
207 509
208 231
208 265
208 508
208 512
208 538
208 541
209 212
209 213
209 234
209 244
209 259
209 273
211 215
211 537
212 241
214 274
216 230
216 244
216 259
216 268
216 273
216 524
217 231
217 234
217 265
218 251
220 221
220 287
220 533
221 223
221 226
221 227
221 397
221 530
221 533
221 535
222 240
222 553
225 262
226 235
226 535
226 536
227 533
227 536
228 229
228 238
228 240
228 243
228 245
228 246
228 263
228 265
228 278
229 230
229 231
229 232
229 234
229 239
229 244
229 245
229 247
229 250
229 252
229 256
229 259
229 265
229 268
229 273
229 278
229 507
229 511
229 542
229 550
229 567
229 573
230 234
230 239
230 244
230 247
230 248
230 250
230 252
230 256
230 259
230 265
230 268
230 273
230 507
230 511
230 518
230 542
230 557
230 567
231 234
231 259
231 265
231 508
231 538
231 541
231 542
231 573
232 234
232 250
232 252
232 258
232 265
232 266
232 269
232 270
232 271
232 277
232 573
233 234
234 239
234 244
234 247
234 252
234 256
234 259
234 265
234 268
234 273
234 542
236 239
236 244
236 247
236 285
236 286
236 547
236 556
237 238
237 240
237 549
238 240
238 245
238 252
238 549
239 244
239 245
239 247
239 256
239 259
239 273
240 245
240 549
240 554
242 295
243 263
243 271
244 247
244 259
244 268
244 273
244 295
244 509
245 252
247 248
247 259
247 268
247 273
247 288
248 250
248 252
248 268
248 478
248 556
248 557
248 558
249 352
250 252
250 256
250 265
250 268
250 538
250 542
250 557
250 558
250 560
250 561
250 567
250 570
250 572
250 573
252 256
252 265
252 268
252 511
252 538
252 542
252 557
252 558
252 560
252 566
252 567
252 570
252 572
252 573
253 464
254 463
255 256
255 258
255 261
256 259
256 265
256 268
256 507
256 511
256 542
256 567
256 573
257 260
258 261
258 263
258 265
258 269
258 271
258 293
258 566
259 265
259 268
259 273
259 278
259 559
260 264
260 272
260 275
261 263
261 264
261 269
261 271
261 272
261 296
263 264
263 269
263 270
263 271
263 272
263 277
263 296
264 267
264 272
264 277
265 266
265 269
265 270
265 271
265 508
265 538
265 541
265 542
265 567
265 573
266 267
266 269
266 270
266 271
266 277
266 544
266 573
266 574
267 275
267 277
267 466
267 544
267 574
268 273
268 507
268 511
268 518
268 522
268 542
268 567
268 570
268 573
268 577
269 270
269 271
269 272
269 277
269 278
269 281
270 271
270 277
270 278
270 544
270 573
270 574
271 277
271 278
271 281
272 296
274 281
275 277
275 544
277 544
277 574
278 281
279 296
282 287
282 290
283 581
285 286
287 546
287 584
292 394
296 297
298 300
301 302
301 303
301 304
301 305
301 321
301 329
301 335
301 386
301 388
302 303
302 304
302 305
302 317
302 319
302 320
302 321
302 322
302 324
302 328
302 329
302 333
302 334
302 335
302 388
303 304
303 305
303 317
303 388
304 305
304 308
304 317
304 319
304 320
304 321
304 324
304 388
305 317
305 319
305 320
305 321
305 322
305 324
305 329
305 334
305 388
306 309
307 311
308 311
308 312
308 317
308 319
308 324
308 326
308 331
309 313
310 315
311 315
311 317
311 388
312 326
314 316
317 319
317 320
317 321
317 324
317 334
317 388
318 319
319 320
319 324
319 326
319 331
319 333
319 334
319 388
320 322
320 324
320 329
320 331
320 333
320 334
320 335
320 336
320 388
321 324
321 329
321 388
321 389
321 393
322 323
322 325
322 328
322 329
322 335
323 325
323 327
323 328
323 329
323 332
323 335
324 326
324 329
324 334
324 388
325 327
325 335
325 587
326 331
327 330
327 332
328 329
328 332
328 333
328 335
328 336
328 393
329 332
329 333
329 334
329 335
329 336
331 333
331 334
332 335
333 334
333 335
333 336
334 335
334 336
335 336
335 386
336 393
337 340
337 342
338 339
338 425
338 446
338 448
339 425
339 434
339 446
339 448
339 504
340 342
340 347
341 345
342 343
342 346
343 346
345 356
345 358
346 349
348 410
348 445
350 357
350 396
350 410
350 418
351 362
352 360
353 354
353 359
354 355
356 358
358 362
360 362
360 363
361 391
364 365
364 373
364 376
364 421
364 422
364 423
364 429
364 434
364 439
364 469
364 504
365 368
365 370
365 593
366 368
367 371
368 370
368 372
368 593
370 593
370 598
372 421
374 377
374 433
375 376
376 422
376 435
377 378
377 380
378 379
380 381
382 448
383 384
384 395
384 408
387 595
388 389
388 580
389 580
390 391
390 395
392 397
392 530
393 394
393 529
394 398
394 419
395 396
395 397
395 399
395 408
395 496
395 530
396 404
396 408
396 411
396 491
396 492
396 496
397 399
397 530
397 533
397 535
397 579
398 401
398 413
399 401
399 530
399 534
399 579
400 401
401 413
401 414
402 594
403 422
403 423
403 434
403 435
403 492
404 408
404 411
404 417
404 419
404 423
404 451
404 491
404 496
404 530
405 436
406 407
406 492
407 409
407 410
408 411
408 417
408 419
408 491
408 492
408 496
409 410
410 416
411 413
411 491
411 496
412 413
412 414
413 414
415 420
415 424
416 417
416 418
417 418
417 419
417 491
417 497
417 530
419 423
419 491
419 492
419 504
420 424
420 500
420 589
420 592
420 594
420 596
420 597
420 599
421 423
421 434
422 423
422 424
422 434
422 435
422 501
422 504
423 424
423 434
423 451
423 490
423 491
423 504
424 435
424 451
424 459
425 446
425 448
427 596
428 432
428 434
428 437
428 442
428 452
428 456
428 458
428 465
430 431
430 434
430 437
430 448
431 437
432 455
432 456
432 458
434 435
434 504
435 460
435 461
435 490
435 501
435 504
437 442
437 446
437 448
437 449
439 443
439 444
439 445
439 534
442 449
442 453
442 458
442 464
442 465
444 445
445 447
445 534
446 448
449 453
449 454
450 500
450 600
451 490
451 491
451 496
451 501
452 453
452 454
452 460
453 454
453 458
453 510
453 543
453 562
453 600
455 456
456 458
457 516
458 465
459 500
459 594
460 490
460 494
460 501
460 514
461 490
461 494
461 501
462 464
463 561
464 465
464 543
467 498
467 515
468 543
471 523
472 476
474 562
475 476
475 478
475 556
475 557
476 479
476 482
477 523
478 522
478 556
478 557
478 558
479 488
479 549
479 566
480 483
480 578
481 567
485 507
485 511
485 518
485 524
485 542
487 586
488 566
489 509
489 520
489 551
490 491
490 494
490 496
490 501
490 514
491 492
491 496
493 517
494 498
494 501
494 514
495 505
496 501
496 530
499 506
500 502
500 592
500 594
501 514
502 594
502 597
503 504
503 505
507 511
507 518
507 542
508 525
508 538
508 541
508 542
508 573
508 577
509 522
510 527
511 518
511 538
511 542
511 557
511 567
511 570
511 573
512 513
512 517
512 518
512 528
512 570
512 577
513 518
515 545
516 517
516 519
516 578
517 518
517 528
517 577
518 524
518 525
518 528
518 542
518 567
518 570
518 577
519 526
519 540
521 540
522 557
522 558
522 570
525 542
528 569
528 570
528 577
530 533
530 535
530 536
530 579
531 553
531 555
532 533
532 553
533 535
533 536
533 553
535 536
538 541
538 542
538 567
538 570
538 573
539 600
540 547
540 551
540 581
541 573
542 557
542 558
542 560
542 567
542 570
542 573
542 577
544 560
544 574
547 556
548 554
551 552
556 557
556 568
556 588
557 558
557 570
557 573
558 560
558 561
558 563
558 570
558 573
560 561
560 570
560 573
560 575
564 588
564 590
565 592
565 594
566 573
567 570
567 573
569 570
569 572
569 577
570 572
570 573
570 577
571 574
572 573
573 577
575 576
582 583
583 584
585 587
591 593
592 594
592 596
592 597
593 598
594 596
594 597
594 599
595 599
596 597
596 598
596 599
597 599
597 600
599 600
