600 1797

1 103
1 289
1 290
1 291
2 301
2 317
3 12
3 20
3 303
3 304
3 319
3 321
4 5
4 18
4 20
4 21
4 100
4 302
4 321
4 322
4 389
5 12
5 20
5 21
5 36
5 37
5 90
5 302
5 304
5 305
5 319
5 320
5 321
5 324
5 336
5 389
5 530
6 12
7 10
7 14
7 29
7 306
7 308
7 309
7 313
7 315
7 316
8 12
9 15
9 314
10 13
10 29
10 308
10 309
10 313
11 94
11 120
12 20
12 21
12 100
12 302
12 303
12 304
12 319
12 320
12 321
12 389
13 292
14 17
14 19
14 29
14 306
14 308
14 309
14 312
14 313
14 318
15 314
15 315
15 316
16 306
16 309
16 315
16 316
17 19
17 312
17 313
17 318
18 20
18 21
18 100
18 302
18 321
18 389
19 306
19 308
19 309
19 312
19 313
19 318
19 319
20 21
20 100
20 302
20 303
20 304
20 305
20 319
20 320
20 321
20 322
20 389
21 38
21 100
21 302
21 319
21 320
21 321
21 322
21 336
21 389
22 322
23 28
23 30
23 31
23 36
23 323
23 327
23 336
24 27
24 32
24 33
24 35
24 36
24 90
24 333
24 334
24 530
25 284
25 325
26 30
26 331
27 30
27 32
27 35
27 329
27 333
27 334
28 31
28 36
28 323
28 327
29 308
29 309
29 312
29 313
30 32
30 35
30 36
30 320
30 323
30 324
30 327
30 328
30 329
30 333
31 34
31 36
31 323
31 327
31 332
31 335
32 35
32 37
32 320
32 324
32 329
32 333
32 334
33 35
33 333
34 36
34 323
34 335
35 36
35 90
35 220
35 329
35 333
35 334
36 38
36 90
36 220
36 305
36 320
36 323
36 327
36 335
36 336
36 389
36 530
37 319
37 320
37 324
38 90
38 221
38 283
38 287
38 326
38 336
38 530
39 41
39 42
40 49
40 54
40 80
40 149
40 358
40 440
41 42
41 45
41 46
42 45
42 46
42 47
42 48
42 115
43 49
43 81
43 91
43 323
43 332
43 335
43 338
43 339
43 380
43 382
43 441
43 448
44 48
44 57
44 65
44 79
44 113
44 150
44 405
45 46
45 47
45 48
46 47
46 48
47 48
47 484
48 54
49 80
49 81
49 91
49 127
49 140
49 146
49 149
49 150
49 339
49 373
49 374
49 382
49 420
49 431
49 434
49 440
49 446
49 447
49 448
50 97
50 146
51 54
51 58
51 61
51 62
51 66
51 345
51 355
51 356
52 57
52 124
53 97
54 58
54 356
55 59
55 64
55 95
55 110
55 112
55 114
55 116
55 117
55 118
55 120
55 121
55 147
55 194
55 386
55 412
55 413
56 61
56 68
56 81
56 142
56 144
56 353
56 447
57 65
57 79
57 87
57 112
57 113
57 114
57 118
57 123
57 124
57 125
57 126
57 130
57 357
57 406
57 418
57 424
58 61
58 62
58 66
58 345
58 354
58 355
58 356
59 64
59 95
59 110
59 114
59 117
59 118
59 121
59 135
59 143
59 147
59 412
59 534
60 61
60 74
60 78
60 82
60 173
60 353
60 414
61 353
61 354
61 355
61 356
62 66
62 345
62 352
63 65
63 358
64 95
64 117
64 118
64 147
64 412
65 113
65 357
66 185
66 345
66 349
66 356
67 352
68 69
68 77
68 81
68 91
68 132
68 142
68 149
68 364
68 365
68 369
68 370
68 372
68 374
68 376
68 420
68 422
68 428
68 430
68 434
68 444
68 447
69 70
69 72
69 74
69 77
69 81
69 128
69 129
69 132
69 364
69 365
69 369
69 370
69 372
69 373
69 374
69 376
69 422
69 429
69 434
69 447
70 72
70 74
70 77
70 365
70 366
71 72
71 76
71 77
71 364
71 370
71 537
71 599
72 74
72 76
72 77
72 364
72 365
72 370
72 599
73 79
73 367
73 371
74 78
74 82
74 128
74 129
74 138
74 365
74 369
74 372
74 375
74 421
74 429
75 79
75 135
75 137
75 367
75 371
75 375
75 403
75 404
75 423
75 429
76 598
77 81
77 127
77 364
77 365
77 370
77 372
77 374
77 599
78 82
78 341
78 358
78 372
78 375
78 421
79 80
79 82
79 83
79 84
79 129
79 134
79 137
79 138
79 139
79 367
79 371
79 373
79 375
79 376
79 403
79 404
79 423
79 429
80 84
80 140
80 149
80 152
80 373
80 374
80 421
80 422
80 434
80 448
81 91
81 142
81 353
81 364
81 365
81 370
81 372
81 374
81 376
81 434
81 447
81 448
81 579
82 358
82 375
82 421
83 84
83 139
83 367
83 376
83 377
84 373
84 374
84 376
85 86
86 88
86 130
86 377
86 379
87 124
87 126
87 194
87 379
88 89
88 380
88 381
89 91
89 380
89 381
89 382
90 305
90 320
90 335
90 336
90 339
90 530
91 338
91 339
91 374
91 380
91 381
91 382
92 95
92 96
92 112
92 114
92 117
92 126
92 131
92 386
92 407
92 491
93 94
93 107
94 110
94 385
94 386
94 400
95 96
95 110
95 112
95 114
95 117
95 119
95 123
95 126
95 131
95 135
95 137
95 147
95 157
95 190
95 191
95 194
95 386
95 391
95 403
95 404
95 417
95 443
95 491
95 534
96 112
96 114
96 131
96 135
96 386
96 403
96 404
96 423
97 282
97 444
98 579
99 128
99 429
100 302
100 321
100 322
100 389
101 103
102 203
102 290
103 104
103 106
103 233
103 236
103 285
103 286
103 290
104 105
104 106
104 192
104 235
104 236
106 189
106 234
106 236
106 244
106 495
107 111
108 110
108 114
108 117
108 191
108 491
109 204
109 394
110 114
110 117
110 118
110 119
110 121
110 123
110 147
110 157
110 190
110 191
110 194
110 224
110 225
110 386
110 395
110 399
110 408
110 409
110 412
110 413
110 443
110 534
112 114
112 116
112 117
112 124
112 126
112 129
112 130
112 131
112 135
112 137
112 147
112 194
112 386
112 403
112 404
112 406
112 407
112 423
112 424
112 491
114 116
114 117
114 118
114 126
114 130
114 131
114 135
114 137
114 147
114 191
114 194
114 386
114 403
114 404
114 406
114 407
114 409
114 424
114 491
115 116
115 337
116 117
116 386
116 406
116 407
116 409
117 118
117 147
117 191
117 194
117 386
117 407
117 409
117 413
117 491
118 121
118 191
118 194
118 348
118 410
118 413
119 120
119 121
119 123
119 145
119 147
119 157
119 190
119 191
119 194
119 225
119 395
119 399
119 401
119 408
119 412
119 443
119 534
120 121
120 194
120 401
120 413
121 194
121 401
121 412
121 413
121 534
122 164
122 272
122 466
123 124
123 125
123 126
123 147
123 157
123 191
123 194
123 350
123 399
123 416
123 417
123 418
123 424
123 443
123 534
124 126
124 194
125 147
125 157
125 191
125 225
125 416
125 417
125 418
125 424
125 534
126 130
126 131
126 147
126 191
126 194
126 403
126 404
126 406
126 424
126 491
127 370
127 372
127 420
127 421
128 129
128 132
128 133
128 134
128 365
128 367
128 373
128 375
128 421
128 422
128 423
128 429
128 434
128 438
129 131
129 133
129 134
129 135
129 137
129 367
129 375
129 403
129 404
129 421
129 422
129 423
129 429
130 371
130 377
130 403
131 135
131 137
131 147
131 190
131 386
131 403
131 404
131 423
132 133
132 134
132 135
132 138
132 365
132 367
132 369
132 373
132 375
132 422
132 429
132 434
133 134
133 135
133 367
133 429
134 135
134 136
134 137
134 138
134 149
134 367
134 375
134 403
134 404
134 418
134 422
134 423
134 424
134 429
134 434
134 435
134 451
134 534
135 137
135 147
135 367
135 403
135 404
135 423
135 424
135 429
135 534
136 161
137 138
137 201
137 367
137 403
137 404
137 423
137 429
138 139
138 149
138 345
138 367
138 369
138 373
138 375
138 429
138 434
139 367
139 373
139 376
139 433
140 149
140 152
140 373
140 431
140 434
140 440
140 448
141 199
141 468
142 420
142 434
142 439
142 444
142 447
143 147
143 404
143 424
143 439
143 443
143 444
143 534
144 146
145 225
145 445
146 149
146 421
146 444
146 447
147 157
147 190
147 191
147 194
147 225
147 386
147 403
147 404
147 406
147 409
147 412
147 418
147 423
147 424
147 443
147 534
148 161
148 162
148 431
149 150
149 152
149 162
149 373
149 418
149 421
149 431
149 434
149 440
149 447
149 448
150 151
150 437
150 440
150 446
150 448
152 440
152 448
153 449
154 450
154 454
155 452
155 543
155 544
156 224
157 190
157 191
157 198
157 210
157 225
157 424
157 439
157 443
157 451
157 454
157 490
157 492
157 515
157 524
157 534
158 159
158 455
159 455
159 456
159 458
160 180
160 200
160 297
162 253
162 431
162 439
163 462
164 272
165 167
165 477
166 475
167 357
168 247
169 476
170 247
170 266
171 202
171 424
172 248
172 478
174 483
174 526
175 301
176 523
177 244
177 587
178 481
178 566
179 187
181 482
182 206
183 239
183 243
183 255
183 266
183 268
183 296
183 538
183 566
184 480
184 586
186 471
187 384
187 393
188 196
189 213
189 230
189 234
189 236
189 238
189 239
189 247
189 266
189 269
189 562
189 567
189 573
190 191
190 198
190 210
190 443
190 451
190 490
190 492
190 514
190 515
190 534
191 194
191 198
191 408
191 409
191 443
193 270
194 401
194 409
194 413
195 493
196 402
196 417
197 215
197 218
198 210
198 280
198 451
198 490
201 506
205 451
206 207
207 234
208 450
208 510
209 212
209 219
209 281
210 435
210 439
210 451
210 454
210 490
210 492
210 514
210 515
210 524
211 213
211 230
211 493
211 509
211 542
213 216
213 230
213 234
213 239
213 266
213 269
213 270
213 273
213 295
213 493
213 542
213 567
213 573
214 416
215 274
216 230
216 270
216 273
217 218
219 254
219 274
219 281
220 335
220 530
221 530
222 226
222 533
222 535
222 536
222 550
222 553
223 397
224 225
224 399
224 443
224 534
225 399
225 443
225 444
225 445
225 531
225 534
225 545
226 535
227 535
227 536
228 263
228 300
229 230
229 231
229 252
229 255
229 259
229 265
229 268
229 270
229 273
229 274
229 278
230 231
230 234
230 239
230 266
230 269
230 270
230 273
230 511
230 542
230 573
231 274
231 542
232 234
234 236
234 266
234 269
235 236
235 237
235 546
236 237
236 238
236 240
236 244
236 266
236 285
236 286
236 547
236 585
237 238
237 240
237 286
237 547
237 549
238 239
238 240
238 243
238 247
238 256
238 258
238 266
238 547
239 240
239 243
239 244
239 247
239 255
239 258
239 266
239 269
239 548
239 562
240 243
240 244
240 258
240 267
240 547
240 548
240 553
240 554
240 588
241 552
242 552
243 247
243 255
243 258
243 266
243 538
243 548
243 554
244 547
244 548
245 532
245 533
246 531
247 255
247 258
247 266
247 538
247 567
248 556
249 251
250 252
250 558
251 289
252 259
252 268
252 277
255 257
255 258
255 259
255 266
255 268
255 270
255 296
255 538
255 566
256 266
257 258
257 259
257 260
257 261
257 296
258 260
258 266
258 548
258 562
258 588
259 268
259 270
259 273
259 295
259 296
260 296
260 588
261 263
261 297
261 592
262 299
262 387
262 600
263 264
263 300
263 597
264 300
264 468
265 268
265 271
265 274
265 278
265 281
265 528
265 576
266 269
266 270
266 296
266 562
266 567
268 270
268 274
268 277
268 278
268 570
269 270
270 273
270 296
271 272
271 466
271 468
272 466
273 274
274 278
274 281
275 432
276 278
277 278
277 570
278 281
278 572
279 459
281 528
281 576
282 580
284 286
285 286
285 583
286 290
286 583
286 584
288 482
288 585
289 586
293 294
293 364
295 296
295 509
296 297
297 596
298 300
300 597
301 317
302 303
302 304
302 305
302 317
302 320
302 321
302 322
302 389
303 304
303 307
303 319
303 321
303 389
304 305
304 319
304 320
304 321
304 389
305 320
305 321
305 336
305 389
305 530
306 308
306 309
306 313
306 315
308 309
308 312
308 313
309 312
309 313
309 315
310 314
311 317
312 313
312 318
313 318
314 315
314 316
315 316
318 319
318 331
319 320
319 321
319 389
320 321
320 324
320 329
320 336
320 389
320 530
321 322
321 389
321 425
323 327
323 328
323 332
323 335
323 336
323 530
324 329
327 328
327 335
327 336
327 582
328 330
328 332
329 331
329 333
330 332
332 335
332 529
333 334
335 339
335 530
336 389
336 530
337 340
337 342
337 383
338 339
338 382
339 382
339 441
339 448
339 530
339 579
341 345
341 363
341 372
342 343
342 346
342 347
344 349
345 351
348 410
348 475
350 399
350 408
350 409
350 424
350 435
350 461
350 492
351 352
351 361
351 365
351 372
351 447
353 354
353 355
353 359
353 372
353 447
354 355
355 356
355 372
355 374
358 421
360 362
360 469
362 363
364 365
364 370
364 372
364 376
364 422
364 434
365 369
365 370
365 372
365 373
365 374
365 375
365 376
365 421
365 422
365 430
365 434
365 447
367 371
367 373
367 375
367 376
367 403
367 404
367 422
367 423
367 429
367 434
367 436
367 438
368 370
369 370
369 372
369 373
369 375
369 376
369 421
369 422
369 434
370 372
370 374
370 376
370 422
370 599
371 403
371 436
372 374
372 375
372 376
372 421
372 422
373 374
373 375
373 376
373 420
373 421
373 422
373 434
373 448
374 376
374 448
375 376
375 421
375 422
375 423
375 429
376 422
376 434
377 381
378 405
380 382
382 441
385 395
386 404
386 407
386 491
387 595
387 600
388 389
389 425
389 530
390 391
391 417
391 489
392 530
393 495
394 493
395 397
395 399
396 408
398 400
399 408
399 417
399 443
399 534
403 404
403 406
403 423
403 424
404 406
404 423
404 424
404 451
404 491
404 534
405 406
406 409
406 424
406 491
407 491
408 492
411 520
412 413
412 534
415 600
416 417
417 443
417 491
417 534
418 424
418 443
418 534
419 436
420 422
420 428
420 434
420 448
420 579
420 599
421 422
421 434
422 429
422 434
422 448
423 424
423 429
424 435
424 451
424 461
424 534
426 428
427 588
427 589
428 430
428 431
428 432
428 434
428 458
429 438
429 563
430 434
431 434
431 440
431 448
432 449
432 450
432 455
432 458
433 434
434 435
434 439
434 440
434 444
434 447
434 448
434 451
434 461
435 436
435 439
435 450
435 451
435 461
435 490
435 492
435 534
437 440
437 446
439 443
439 444
439 450
439 451
439 454
439 490
439 492
439 524
439 534
440 446
440 448
442 465
443 444
443 534
444 447
444 454
444 534
446 448
450 454
450 524
450 545
451 461
451 490
451 492
451 534
452 454
453 510
453 561
454 490
454 515
454 524
454 534
454 545
455 456
455 458
455 463
456 458
456 500
457 504
457 597
458 462
459 490
460 552
461 464
464 525
465 494
465 578
467 514
470 499
470 559
471 559
472 476
472 576
473 499
474 503
474 522
479 569
481 486
485 567
487 586
488 566
488 570
488 575
489 521
490 492
490 514
490 515
490 524
490 595
492 514
492 524
492 534
492 595
493 509
493 511
493 551
494 505
494 510
496 564
497 498
498 521
499 509
501 513
501 520
502 600
507 562
508 564
509 511
509 542
510 577
511 542
511 581
512 513
512 517
512 518
512 519
512 522
513 519
514 515
514 595
515 523
515 534
515 545
516 517
516 519
516 541
516 564
516 565
517 519
517 528
517 541
517 564
517 565
518 522
519 522
519 564
519 565
522 576
522 577
526 559
527 545
528 541
528 564
528 565
528 571
528 576
534 545
535 536
535 552
535 553
536 552
538 566
538 567
538 570
539 600
540 555
540 588
541 564
541 565
541 570
542 565
542 573
544 560
547 549
547 554
547 556
548 554
548 562
548 588
550 553
550 554
553 554
554 588
557 560
564 565
564 594
566 570
568 588
569 570
570 574
570 575
576 577
590 592
591 592
591 593
592 597
