600 1797

1 4
1 287
1 290
1 322
1 584
2 4
2 5
2 11
2 20
2 21
2 94
2 100
2 101
2 103
2 302
2 304
2 305
2 320
2 321
2 322
2 392
3 304
4 20
4 21
4 22
4 34
4 37
4 101
4 103
4 302
4 305
4 320
4 321
4 322
4 327
4 400
4 584
4 588
5 20
5 21
5 29
5 304
5 305
5 308
5 320
5 324
5 326
6 21
7 10
8 12
9 310
10 376
11 18
11 19
11 20
11 21
11 94
11 98
11 103
11 302
11 304
11 305
11 317
11 319
11 320
11 321
11 322
11 388
11 400
12 16
12 310
12 315
13 313
14 312
15 16
16 315
17 19
17 312
17 318
18 20
18 103
18 304
18 317
18 319
18 321
18 400
19 20
19 304
19 305
19 312
19 316
19 317
19 319
19 320
19 324
20 21
20 37
20 103
20 302
20 304
20 305
20 319
20 320
20 321
20 322
20 400
21 35
21 37
21 103
21 302
21 305
21 320
21 321
21 322
21 324
21 329
21 336
21 400
22 23
22 25
22 26
22 28
22 30
22 31
22 33
22 34
22 36
22 37
22 38
22 284
22 287
22 292
22 320
22 323
22 327
22 328
22 329
22 330
22 332
22 334
22 335
22 336
22 582
22 583
22 584
23 25
23 26
23 28
23 30
23 31
23 33
23 34
23 36
23 284
23 323
23 327
23 328
23 329
23 330
23 332
24 27
24 29
24 32
24 329
24 330
25 28
25 31
25 34
25 36
25 38
25 284
25 285
25 292
25 323
25 325
25 327
25 328
25 329
25 330
25 332
25 582
25 583
25 584
26 28
26 30
26 31
26 33
26 34
26 36
26 37
26 284
26 323
26 327
26 328
26 329
26 330
26 332
27 30
27 32
27 330
28 30
28 31
28 33
28 34
28 36
28 37
28 38
28 284
28 323
28 327
28 328
28 329
28 330
28 332
28 333
28 334
28 335
28 336
28 582
29 308
29 326
30 31
30 32
30 33
30 34
30 36
30 37
30 38
30 287
30 323
30 327
30 328
30 329
30 330
30 331
30 332
30 333
30 334
30 335
31 32
31 33
31 34
31 36
31 37
31 38
31 284
31 287
31 320
31 323
31 327
31 328
31 329
31 330
31 332
31 333
31 334
31 335
31 582
31 583
31 584
32 33
32 35
32 36
32 38
32 328
32 329
32 330
32 331
32 332
32 333
32 334
32 335
33 34
33 36
33 37
33 38
33 284
33 323
33 327
33 328
33 329
33 330
33 332
33 333
33 334
33 335
33 336
33 582
34 36
34 37
34 38
34 284
34 320
34 323
34 327
34 328
34 329
34 330
34 332
34 333
34 334
34 335
34 336
34 582
34 584
35 36
35 37
35 38
35 320
35 331
35 333
35 334
36 37
36 38
36 284
36 287
36 320
36 323
36 327
36 328
36 329
36 330
36 331
36 332
36 333
36 334
36 335
36 584
37 38
37 122
37 305
37 320
37 323
37 324
37 327
37 328
37 329
37 330
37 332
37 333
37 334
37 336
38 284
38 320
38 323
38 327
38 328
38 329
38 330
38 332
38 333
38 334
38 335
38 336
38 582
38 583
38 584
39 41
39 42
39 82
39 83
39 110
39 113
39 115
39 117
39 118
39 130
39 187
39 201
39 204
39 283
39 340
39 376
39 384
39 399
39 404
39 422
39 498
40 338
42 45
42 397
43 48
44 354
45 46
45 54
47 117
48 347
48 358
49 57
49 80
49 89
49 141
49 149
49 150
49 373
49 430
49 431
49 434
49 435
49 440
49 448
50 125
50 146
50 196
50 225
50 445
50 447
51 62
51 63
51 67
51 352
51 358
51 360
52 357
53 55
55 282
55 389
56 60
57 124
57 430
58 66
59 60
59 64
59 125
59 351
59 359
60 64
60 125
60 228
60 359
61 75
61 345
61 361
62 63
62 67
62 360
62 369
63 67
63 358
63 360
64 147
64 228
64 413
64 579
65 345
66 67
66 355
66 362
67 358
67 360
68 140
69 71
70 149
71 72
71 422
73 367
74 363
76 153
76 260
76 261
76 272
76 278
76 279
76 281
76 294
76 296
76 297
76 300
77 420
78 82
78 365
79 84
79 85
79 373
80 89
80 125
80 134
80 141
80 149
80 150
80 373
80 418
80 430
80 431
80 432
80 434
81 141
82 83
82 88
82 130
82 132
82 372
82 421
82 422
82 423
82 434
83 88
83 130
83 132
83 376
83 421
83 422
83 434
85 86
86 87
86 367
86 371
86 377
86 380
86 381
86 436
87 367
87 377
87 380
87 381
87 436
88 132
88 134
88 434
89 373
89 418
89 430
89 434
89 448
90 405
90 430
91 380
92 95
92 113
92 187
92 301
92 384
93 95
93 96
93 301
93 389
93 390
93 391
94 304
94 317
95 104
95 105
95 110
95 113
95 116
95 117
95 118
95 187
95 188
95 194
95 200
95 201
95 213
95 280
95 384
95 385
95 409
95 501
95 503
95 505
96 99
96 389
96 390
97 388
98 103
98 388
99 129
99 228
99 423
100 101
100 103
100 106
100 390
100 392
101 103
101 119
101 321
101 390
102 287
103 120
103 302
103 305
103 320
103 321
103 322
103 400
104 105
104 110
104 113
104 116
104 117
104 118
104 187
104 188
104 189
104 194
104 200
104 201
104 202
104 203
104 213
104 219
104 274
104 384
104 385
104 391
104 393
104 395
104 409
104 501
104 503
104 505
105 108
105 109
105 116
105 117
105 118
105 187
105 188
105 189
105 191
105 194
105 200
105 201
105 202
105 203
105 207
105 219
105 223
105 274
105 384
105 385
105 393
105 395
105 408
105 409
105 501
105 503
105 505
106 110
106 290
106 389
106 391
106 392
106 529
107 192
108 109
108 116
108 188
108 191
108 192
108 202
108 214
108 393
108 394
108 501
109 114
109 116
109 188
109 191
109 192
109 202
109 203
109 207
109 214
109 215
109 216
109 219
109 394
109 408
109 517
110 113
110 117
110 118
110 187
110 194
110 283
110 384
110 391
110 397
110 399
111 493
111 495
112 129
112 130
112 387
112 423
112 424
112 451
112 490
113 115
113 116
113 117
113 118
113 130
113 187
113 194
113 201
113 204
113 283
113 298
113 340
113 384
113 385
113 404
113 407
113 424
113 459
113 460
113 491
113 498
113 501
113 516
113 595
114 276
115 116
115 117
115 118
115 130
115 187
115 194
115 201
115 204
115 340
115 407
115 459
115 491
115 498
115 501
115 516
116 117
116 118
116 187
116 188
116 191
116 194
116 197
116 200
116 201
116 202
116 203
116 204
116 207
116 215
116 219
116 223
116 274
116 280
116 385
116 393
116 394
116 395
116 402
116 408
116 409
116 465
116 501
116 503
116 505
117 118
117 187
117 188
117 194
117 200
117 201
117 202
117 203
117 207
117 219
117 280
117 384
117 385
117 409
117 501
117 505
118 130
118 187
118 188
118 194
118 201
118 384
118 385
118 409
118 501
119 121
119 147
119 196
119 401
119 412
119 534
121 147
121 401
121 412
121 580
122 334
122 415
123 497
123 579
125 141
125 146
125 196
125 228
125 418
125 432
125 437
125 444
125 447
126 141
127 128
128 142
128 264
129 423
129 424
129 490
130 201
130 298
130 403
130 404
130 424
131 160
132 434
133 422
134 428
134 431
134 432
134 434
135 429
136 159
136 455
136 458
137 204
137 427
138 440
139 371
139 470
140 432
141 146
141 150
141 418
141 423
141 430
141 431
141 432
141 434
141 435
141 448
143 481
144 421
144 423
145 225
146 196
146 228
146 423
146 444
146 447
146 467
147 401
147 412
148 161
149 430
149 434
150 430
150 446
150 448
151 466
152 448
153 260
153 272
153 279
153 281
154 197
155 463
156 234
157 445
158 161
158 432
159 275
160 279
160 281
160 500
162 462
163 254
163 464
164 205
164 274
165 403
166 471
167 276
168 250
168 252
168 256
168 471
168 556
169 256
169 269
170 232
170 238
170 239
170 247
170 256
170 258
170 269
170 572
171 574
172 252
173 295
173 472
174 249
174 526
175 177
175 181
175 482
175 483
176 266
177 585
178 183
178 255
178 480
178 566
178 569
179 508
180 449
182 206
182 507
182 571
183 569
184 289
184 487
184 584
185 426
186 458
187 188
187 194
187 201
187 203
187 204
187 207
187 384
187 385
187 402
187 404
187 409
187 501
187 505
187 595
188 191
188 194
188 200
188 201
188 202
188 203
188 207
188 215
188 219
188 280
188 295
188 384
188 385
188 393
188 402
188 408
188 501
188 503
188 505
188 595
189 202
189 230
189 489
190 255
190 266
190 267
190 268
190 270
190 271
190 278
190 297
190 468
190 485
190 567
190 573
191 198
191 200
191 202
191 203
191 207
191 214
191 215
191 216
191 219
191 274
191 280
191 402
191 408
191 501
191 503
191 524
191 527
191 594
192 193
194 200
194 201
194 202
194 203
194 204
194 207
194 219
194 223
194 384
194 385
194 393
194 394
194 395
194 402
194 408
194 409
194 501
194 505
194 595
195 442
196 225
196 412
196 444
196 447
196 467
196 534
197 202
197 207
197 218
197 219
197 524
198 214
198 215
198 273
198 295
199 404
200 201
200 202
200 203
200 219
200 274
200 280
200 501
200 503
200 505
201 203
201 204
201 219
201 280
201 298
201 384
201 385
201 404
201 409
201 501
201 502
201 503
201 505
202 203
202 207
202 214
202 215
202 216
202 219
202 274
202 280
202 393
202 501
202 503
202 505
203 207
203 215
203 219
203 274
203 280
203 385
203 402
203 408
203 501
203 503
203 505
206 212
206 231
206 493
206 513
207 215
207 219
207 385
207 394
207 402
207 408
207 501
207 524
207 595
208 494
209 212
210 216
210 314
211 212
211 231
211 245
211 265
211 542
212 231
212 273
212 513
213 234
213 399
214 215
214 216
214 273
214 295
215 216
215 219
215 274
215 280
215 594
216 217
216 219
216 524
219 274
219 280
219 385
219 402
219 408
219 465
219 501
219 503
219 505
219 524
220 221
220 235
221 226
222 555
223 393
223 395
224 233
224 532
225 351
225 412
225 445
225 447
225 534
226 535
227 533
228 412
228 421
228 423
228 444
228 579
229 282
229 283
229 399
230 246
230 489
231 265
231 513
231 542
232 247
232 269
236 238
236 240
236 547
236 549
237 285
237 335
237 583
237 584
238 239
238 240
238 245
238 265
238 554
239 548
239 572
240 245
240 265
240 542
240 548
240 549
240 553
240 554
241 244
241 597
242 250
242 252
242 256
242 269
242 573
243 256
244 295
245 265
248 254
248 556
248 561
250 252
250 253
250 271
250 556
250 558
251 526
252 556
252 560
252 563
252 569
252 573
253 478
255 256
255 260
255 266
255 268
255 269
255 271
255 278
255 279
255 569
255 573
256 269
256 508
256 567
256 572
256 573
257 260
258 538
259 297
260 271
260 279
261 279
262 444
263 541
264 293
264 298
264 451
264 600
265 542
266 267
266 268
266 270
266 271
266 277
266 569
267 271
267 575
268 270
268 271
268 277
268 278
268 279
269 297
269 573
270 278
271 277
271 449
271 468
271 569
272 281
272 296
273 295
274 280
274 503
277 279
277 449
277 500
278 279
278 281
278 296
278 297
279 281
279 457
279 500
280 450
281 296
282 389
283 399
283 498
284 285
284 292
284 323
284 327
284 328
284 329
284 330
284 332
284 335
284 582
284 583
284 584
285 286
285 582
285 583
285 584
286 547
287 332
287 529
287 583
287 584
288 585
290 391
290 586
291 587
292 582
292 583
292 584
293 299
294 568
298 368
298 459
300 488
302 304
302 305
302 319
302 320
302 321
302 322
302 400
303 304
304 305
304 315
304 319
304 321
304 322
305 308
305 319
305 320
305 321
305 322
305 324
305 400
306 309
306 310
307 315
308 326
311 315
311 317
311 319
312 318
312 320
312 323
312 324
312 329
313 316
315 317
315 319
317 319
317 400
319 321
319 322
319 400
320 322
320 323
320 324
320 327
320 328
320 329
320 330
320 332
320 333
320 334
320 336
321 322
321 400
323 324
323 327
323 328
323 329
323 330
323 332
323 582
323 583
323 584
324 326
324 327
324 329
324 330
324 336
327 328
327 329
327 330
327 332
327 333
327 334
327 335
327 336
327 582
327 583
327 584
328 329
328 330
328 332
328 334
328 335
328 336
328 582
328 583
329 330
329 332
329 333
329 334
329 335
329 336
329 582
330 332
330 333
330 334
330 335
330 336
330 582
330 583
330 584
332 333
332 334
332 335
332 336
332 582
332 584
333 334
333 335
334 335
334 336
335 582
336 441
336 582
337 338
337 406
337 419
338 341
339 383
339 415
340 407
340 460
340 491
340 498
342 343
343 347
344 346
344 348
344 413
345 354
345 433
345 587
348 413
349 350
349 360
351 361
353 359
356 362
356 374
357 358
358 360
359 440
362 363
364 434
365 376
366 372
367 381
368 477
370 420
373 429
373 430
373 434
374 436
375 376
375 422
376 378
376 422
377 380
377 381
377 436
379 380
380 381
380 436
382 417
384 385
384 391
384 395
384 397
384 404
384 409
384 501
384 505
384 595
385 395
385 402
385 409
385 501
385 505
385 506
385 595
386 389
387 403
387 423
387 424
387 447
387 490
387 491
387 492
387 498
389 390
389 391
389 392
389 397
389 401
389 529
389 580
390 391
390 392
390 398
390 504
390 529
391 397
391 399
391 529
392 401
393 394
393 395
393 396
393 501
393 503
393 519
393 595
394 395
394 396
394 402
394 407
394 408
394 501
394 516
394 517
394 519
394 527
394 595
395 407
395 408
395 409
395 501
395 503
395 505
396 408
396 501
396 516
396 517
396 519
396 527
397 399
397 498
397 529
397 581
398 504
399 498
399 529
399 534
401 412
401 413
402 408
402 465
402 501
402 503
402 505
402 517
402 524
402 594
402 595
403 423
403 425
403 435
403 490
404 422
404 424
406 419
406 423
406 498
407 410
407 491
407 498
407 516
408 410
408 465
408 501
408 503
408 505
408 517
408 524
408 594
408 595
409 410
409 501
409 505
410 465
410 501
410 505
411 519
412 423
412 444
412 447
412 534
412 581
414 497
416 585
417 497
418 430
418 431
418 432
418 434
418 437
418 448
420 599
421 423
421 431
421 434
422 424
423 424
423 434
423 435
423 444
423 447
423 490
423 498
424 490
426 462
428 430
428 434
430 431
430 434
430 440
430 446
430 448
431 434
431 440
432 434
432 437
432 458
434 435
434 448
435 448
435 461
437 448
438 512
438 567
439 443
439 445
439 447
439 543
439 545
442 458
442 466
444 447
445 531
447 534
448 461
449 468
449 500
449 578
451 490
452 453
452 454
453 463
453 514
453 543
456 458
456 461
456 510
457 500
457 578
458 461
458 466
459 460
459 491
460 491
460 516
460 595
462 463
465 501
465 505
465 517
465 524
468 569
469 486
470 474
473 517
475 523
475 548
476 488
477 591
479 551
480 483
481 554
484 547
486 512
490 510
490 590
491 492
491 498
491 516
493 495
493 511
493 513
493 518
493 540
493 542
493 551
494 593
495 496
495 513
496 520
499 597
500 578
501 503
501 505
501 517
501 524
501 528
501 594
501 595
502 504
503 505
503 519
503 595
505 595
507 562
509 522
509 565
511 532
511 542
511 551
512 515
512 541
512 567
512 573
512 578
512 592
513 518
513 522
514 593
515 574
516 519
517 524
517 527
517 594
518 540
518 542
520 521
521 533
521 543
522 565
524 594
525 543
526 562
528 576
528 595
529 546
530 533
531 555
532 542
533 536
535 545
536 537
539 541
540 552
540 555
541 566
541 573
541 596
542 548
542 553
543 545
544 551
544 553
547 549
548 551
548 553
548 554
548 555
548 572
549 553
550 554
551 552
551 553
551 555
553 555
554 567
554 572
557 560
559 560
564 593
566 569
566 573
567 573
569 573
569 578
570 572
577 598
579 580
582 583
582 584
583 584
589 596
592 598
599 600
