600 1797

1 4
1 220
1 236
1 301
1 302
1 305
2 53
2 301
3 6
3 9
3 13
3 14
3 15
3 94
3 309
3 310
3 313
3 314
4 20
4 21
4 22
4 90
4 100
4 220
4 302
4 305
4 317
4 321
4 322
4 335
5 21
5 29
5 30
5 100
5 101
5 103
5 105
5 221
5 304
5 308
5 321
5 324
5 333
5 390
6 13
6 15
6 314
7 12
8 9
8 10
8 15
8 94
8 309
8 310
8 314
8 316
9 13
9 15
9 94
9 309
9 310
9 313
9 314
11 60
12 15
12 16
12 18
12 313
12 315
12 319
13 15
13 17
13 94
13 309
13 310
13 313
13 314
13 316
13 526
14 15
14 309
14 313
15 17
15 94
15 309
15 310
15 313
15 314
15 316
15 526
16 239
16 315
16 319
17 19
17 310
17 313
17 314
17 316
17 487
18 100
18 102
18 315
18 319
19 315
19 318
19 319
19 392
20 43
20 100
20 302
20 305
20 315
20 319
20 326
20 380
21 32
21 35
21 37
21 38
21 100
21 101
21 102
21 103
21 107
21 221
21 304
21 317
21 320
21 321
21 324
21 326
21 333
21 390
21 391
21 530
22 290
22 302
22 305
22 322
23 28
23 30
23 31
23 32
23 35
23 36
23 38
23 221
23 308
23 323
23 329
23 332
23 333
24 29
24 30
24 329
24 330
24 374
25 26
25 325
25 327
26 237
26 275
26 325
26 328
26 558
27 28
27 30
27 36
27 221
27 282
27 329
27 333
27 336
27 496
28 30
28 31
28 32
28 35
28 36
28 103
28 221
28 321
28 323
28 327
28 328
28 329
28 332
28 333
28 391
28 530
29 32
29 98
29 308
29 324
29 395
30 31
30 32
30 35
30 36
30 221
30 323
30 324
30 327
30 328
30 329
30 330
30 332
30 333
30 391
30 530
31 35
31 36
31 221
31 323
31 325
31 327
31 328
31 329
31 330
31 332
31 530
32 35
32 36
32 38
32 95
32 98
32 103
32 221
32 282
32 306
32 308
32 312
32 329
32 332
32 333
32 336
32 390
32 391
32 395
32 396
32 454
32 496
32 530
32 543
33 34
33 332
35 36
35 37
35 38
35 101
35 103
35 221
35 312
35 320
35 321
35 323
35 328
35 329
35 332
35 333
35 335
35 336
35 391
35 530
35 546
36 96
36 107
36 221
36 282
36 304
36 308
36 312
36 329
36 336
36 353
36 396
36 445
36 496
36 530
37 102
37 283
37 320
38 98
38 102
38 103
38 221
38 282
38 306
38 308
38 312
38 320
38 321
38 332
38 333
38 334
38 336
38 391
38 530
39 71
39 118
40 151
41 43
41 84
41 87
41 90
41 380
41 381
42 47
43 84
43 86
43 87
43 380
43 381
44 49
44 51
44 80
44 140
44 141
44 195
44 196
44 341
44 374
44 418
44 437
44 440
44 448
45 343
46 48
46 343
46 347
47 54
47 115
47 195
47 420
47 422
48 347
49 151
50 274
51 341
51 345
52 54
52 350
54 342
54 343
54 347
54 349
54 350
54 409
55 446
56 312
57 65
58 61
58 78
58 431
59 151
59 186
59 358
59 361
59 470
60 64
60 353
60 359
61 355
61 356
61 362
61 460
62 63
62 358
63 358
64 351
64 353
64 413
65 125
66 79
66 80
66 171
66 341
67 132
68 75
68 127
68 136
68 138
68 139
68 158
68 203
68 205
68 232
68 276
68 297
68 506
69 70
69 129
70 72
70 135
70 582
72 88
72 135
72 182
73 79
73 132
73 171
73 202
73 233
73 367
73 369
73 487
74 79
74 360
74 369
74 576
75 78
75 84
75 87
75 136
75 138
75 139
75 158
75 203
75 205
75 233
75 276
75 285
75 290
75 458
75 506
75 522
75 537
75 586
76 77
76 207
76 394
76 575
78 82
79 80
79 82
79 126
79 129
79 141
79 201
79 227
79 367
79 369
79 474
80 140
80 141
80 367
80 370
80 440
80 448
81 140
81 194
81 422
81 434
82 83
82 129
82 148
82 150
82 364
83 115
83 126
83 129
83 140
83 298
83 365
83 422
83 442
84 87
84 88
85 127
85 206
85 276
85 278
85 279
85 280
85 294
85 297
86 87
86 216
87 378
87 380
87 381
87 537
88 91
89 129
89 474
90 305
90 405
92 112
93 227
94 309
94 310
94 313
94 314
95 97
95 99
95 306
95 312
95 595
96 97
96 228
96 282
96 295
96 308
96 312
96 395
96 454
96 467
96 496
96 530
96 543
97 98
97 312
97 331
98 282
98 308
98 336
98 391
100 101
100 102
100 103
100 105
100 106
100 221
100 315
100 317
100 318
100 319
100 320
100 321
100 324
100 326
100 333
100 389
101 103
101 104
101 105
101 107
101 221
101 303
101 304
101 308
101 317
101 320
101 321
101 324
101 389
101 390
101 391
101 530
102 103
102 106
102 221
102 318
102 319
102 320
102 321
102 326
102 333
102 391
103 105
103 106
103 221
103 282
103 308
103 317
103 320
103 321
103 324
103 326
103 333
103 390
103 391
104 189
104 200
104 287
104 390
104 394
104 489
104 501
104 555
105 106
105 221
105 321
105 324
105 391
105 529
106 221
107 304
107 308
107 321
107 390
107 391
107 394
107 396
107 496
107 530
108 116
108 394
108 395
108 397
108 399
108 408
108 454
108 489
108 492
108 534
109 193
109 200
110 120
110 121
110 395
110 399
110 400
110 401
110 580
111 130
111 167
111 394
111 414
112 130
112 194
112 201
113 117
114 128
114 191
114 198
114 451
115 129
115 204
115 365
116 117
116 191
116 194
116 198
116 201
116 423
117 118
117 120
117 130
117 194
117 398
118 119
119 188
119 223
119 395
119 397
119 399
120 121
120 395
120 398
120 400
120 401
121 124
121 399
121 413
121 534
122 415
122 419
123 149
123 195
123 357
123 417
123 497
124 149
124 350
125 196
126 129
126 140
126 141
126 198
126 201
126 364
126 419
126 435
126 448
126 504
126 524
127 190
128 131
129 141
129 148
130 167
130 201
131 421
132 162
132 272
132 277
133 429
134 150
134 163
134 428
134 429
135 242
136 138
136 139
136 158
136 205
136 233
136 458
136 506
137 200
138 139
138 158
138 185
138 203
138 205
138 233
138 431
138 455
138 458
138 502
138 506
138 537
139 158
139 203
139 233
139 276
139 297
139 506
139 522
140 141
140 148
140 164
140 195
140 341
140 364
140 422
140 423
140 434
140 435
140 437
140 448
141 198
141 201
141 341
141 402
141 419
141 423
141 435
141 440
141 448
141 504
142 144
143 146
143 439
143 531
144 348
144 355
144 441
144 443
145 225
145 427
145 475
146 444
147 484
148 150
148 152
148 164
148 195
148 364
148 419
148 435
148 437
148 442
148 497
149 156
149 159
149 195
149 352
149 437
149 446
150 364
150 419
151 346
152 442
152 449
153 272
153 449
154 201
155 421
157 239
157 273
157 564
158 185
158 205
158 232
158 458
158 502
158 506
160 430
161 576
162 468
164 434
165 178
165 481
165 561
165 563
165 566
165 572
166 414
167 256
167 467
167 473
168 222
168 240
168 478
168 493
168 511
168 553
168 581
168 588
169 170
169 476
170 476
170 524
171 369
171 474
172 478
173 309
174 471
175 480
176 209
176 210
176 480
176 483
176 485
176 523
176 577
177 178
177 481
178 484
179 485
180 502
181 255
181 262
182 404
183 248
183 255
183 266
183 560
183 561
184 276
184 279
184 311
184 383
184 487
185 203
185 232
185 429
185 458
185 502
187 467
187 492
188 282
188 300
189 211
189 493
189 511
189 513
189 517
191 198
191 201
191 408
192 222
192 287
192 394
192 529
192 536
194 201
194 423
194 424
195 341
195 345
195 352
195 402
195 437
196 201
196 234
196 417
196 498
197 199
197 204
198 201
198 234
199 281
199 502
200 201
200 215
200 489
200 501
200 521
201 234
201 423
201 435
201 504
202 272
202 274
202 281
202 506
203 205
203 384
203 458
203 502
203 506
203 537
204 419
204 442
204 505
205 232
205 458
205 502
205 506
205 522
205 537
207 493
208 209
208 490
208 510
208 512
208 514
208 599
208 600
209 231
209 263
209 265
211 265
211 273
211 493
211 512
211 513
211 532
212 494
212 581
212 600
213 215
214 265
214 273
214 528
215 516
217 251
217 525
217 551
217 555
218 527
219 465
220 335
220 529
220 583
221 282
221 317
221 320
221 321
221 323
221 324
221 327
221 328
221 329
221 332
221 333
221 335
221 336
221 389
221 391
221 530
222 223
222 246
222 287
222 529
222 532
222 533
222 553
223 397
223 399
224 532
225 534
226 249
226 535
227 447
228 282
228 300
228 303
228 304
228 306
228 308
228 395
228 399
228 496
228 530
228 599
229 263
229 265
229 569
230 231
231 261
231 265
231 273
231 278
232 502
232 506
233 276
233 369
233 458
233 506
233 537
235 530
236 237
236 238
236 285
236 301
236 547
237 287
237 325
237 542
237 547
237 551
237 555
238 245
238 547
238 549
239 240
239 243
239 247
239 547
239 548
239 550
239 551
239 553
239 564
240 245
240 286
240 478
240 549
240 550
240 553
240 554
240 581
241 244
241 245
241 547
241 552
243 542
243 555
245 532
245 533
245 549
246 532
246 533
246 553
247 265
247 547
247 552
248 266
248 478
248 541
248 560
248 561
248 566
249 315
250 252
250 258
252 258
252 266
252 569
253 427
254 272
255 266
255 293
255 512
255 560
255 566
255 575
257 295
258 263
258 265
258 278
258 569
258 570
259 260
259 261
260 261
261 278
261 567
263 265
263 266
263 268
263 273
263 512
263 514
263 538
263 541
263 550
263 554
263 566
263 567
263 569
263 570
263 572
263 600
264 512
264 539
264 589
265 266
265 268
265 273
265 512
265 514
265 538
265 541
265 567
265 569
265 570
265 572
266 268
266 269
266 512
266 540
266 541
266 560
266 561
266 566
266 569
266 570
266 572
267 571
268 269
268 270
268 463
268 512
268 514
268 515
268 528
268 541
268 560
268 564
268 569
268 570
268 572
268 573
269 569
269 572
270 515
270 573
271 574
272 506
273 532
273 549
273 564
273 567
274 504
276 278
276 279
276 281
276 294
276 480
276 522
276 537
276 586
278 279
278 294
278 297
278 480
278 485
278 522
279 280
279 294
281 426
281 459
281 502
282 295
282 303
282 304
282 306
282 308
282 312
282 391
282 395
282 496
282 530
282 543
284 327
285 486
285 522
285 537
287 303
287 530
287 555
288 289
289 483
290 291
290 302
292 366
292 583
293 553
293 568
294 297
295 300
295 453
295 543
296 518
297 522
297 593
299 439
299 550
299 553
299 554
300 304
300 306
301 565
301 585
302 305
303 304
303 306
303 308
303 317
304 306
304 308
304 317
304 530
306 308
306 312
306 317
306 385
306 390
306 391
306 393
306 395
306 496
306 530
306 599
307 310
308 312
308 385
308 391
308 395
308 396
308 496
308 530
309 310
309 313
309 314
309 316
309 559
310 313
310 314
310 316
310 559
311 314
311 316
311 487
312 331
312 336
312 393
312 453
312 454
312 496
312 530
312 596
313 314
313 316
314 316
314 487
315 319
316 487
317 320
317 321
317 385
317 389
317 391
318 319
320 321
320 324
320 333
320 336
320 389
320 391
321 324
321 333
321 389
321 390
321 391
323 324
323 326
323 328
323 329
323 330
323 332
323 333
323 335
324 326
324 333
324 391
325 327
325 328
325 584
326 333
327 328
327 329
328 329
328 330
328 332
329 330
329 332
329 333
331 336
331 596
332 333
332 335
332 336
332 530
333 335
333 336
333 389
333 391
333 530
335 529
335 530
336 391
336 530
337 348
337 406
337 421
338 380
339 379
339 380
340 400
340 406
340 407
340 423
340 434
341 345
341 350
341 352
341 374
341 402
341 434
341 440
342 343
342 346
342 347
342 349
342 350
342 409
343 347
344 346
345 352
347 350
348 420
348 421
348 422
349 411
350 409
350 417
351 353
351 412
352 422
353 354
353 359
354 363
355 441
364 419
364 431
365 422
367 369
368 375
368 422
368 434
369 440
369 487
370 422
370 448
371 372
371 433
372 375
372 428
373 376
374 423
374 431
374 434
374 435
374 448
374 466
375 406
375 407
375 410
375 422
375 431
375 434
375 435
375 442
376 431
377 380
379 472
380 381
380 382
380 405
385 390
385 393
385 395
386 526
387 514
387 550
387 553
387 554
387 581
388 401
389 390
389 391
390 391
390 393
390 394
390 395
390 396
390 398
390 501
390 519
390 521
390 530
391 395
391 530
393 394
393 398
393 543
394 398
394 489
394 521
394 530
395 396
395 397
395 398
395 399
395 400
395 401
395 450
395 454
395 496
395 520
395 530
395 534
395 543
396 406
396 408
396 454
396 466
396 496
396 520
396 530
397 399
397 509
397 534
398 399
398 400
398 417
398 580
399 454
399 534
399 543
400 401
400 407
400 417
401 470
402 437
402 497
403 406
406 407
406 408
406 423
406 434
406 435
406 436
406 454
406 466
407 408
407 409
407 417
407 418
407 421
407 423
407 434
407 435
407 436
407 454
407 466
407 492
407 497
407 520
408 423
408 435
408 454
408 492
409 421
410 418
410 422
416 419
417 418
417 423
417 454
417 466
417 467
417 497
417 520
418 423
418 448
419 431
419 435
419 442
419 497
419 498
419 504
420 421
420 422
421 422
421 425
421 434
421 453
421 454
421 520
421 543
422 434
422 442
422 448
423 424
423 434
423 435
423 448
423 454
423 466
423 467
423 520
424 451
425 434
425 436
427 488
429 458
430 436
431 435
431 442
432 456
434 435
434 436
434 448
434 454
434 456
434 466
434 520
435 436
435 442
435 448
435 461
435 466
435 500
436 453
437 448
438 505
439 494
439 531
439 550
440 504
442 460
442 464
444 516
448 466
450 496
450 510
450 599
452 501
453 454
453 490
453 510
453 520
453 543
453 599
454 466
454 492
454 520
454 534
454 543
455 458
457 538
458 502
458 506
458 537
462 506
463 573
465 505
465 528
466 467
466 492
466 520
466 543
467 521
468 574
469 484
470 471
470 475
471 475
474 477
477 523
478 540
478 581
478 588
479 562
480 482
480 483
480 485
480 486
480 522
480 523
481 566
482 483
482 485
483 485
483 486
483 523
486 522
486 587
489 493
489 495
489 521
490 494
490 510
490 514
490 563
490 599
491 492
492 521
493 511
493 513
493 532
493 533
493 542
493 551
493 565
494 510
494 514
494 528
494 541
494 544
494 572
494 599
494 600
496 530
496 543
499 501
499 503
499 514
499 515
499 516
499 518
499 519
499 528
500 519
501 519
501 521
502 506
503 528
503 578
504 576
506 537
507 508
508 522
510 512
510 514
510 541
510 599
510 600
511 513
511 542
511 581
512 513
512 514
512 539
512 540
512 541
512 542
512 553
512 564
512 566
512 581
512 599
512 600
513 514
513 518
513 542
513 551
513 564
513 573
513 581
514 515
514 516
514 528
514 541
514 553
514 554
514 564
514 566
514 572
514 581
514 599
514 600
515 516
515 527
515 528
515 564
515 570
515 573
516 519
516 527
516 528
518 527
519 521
520 543
520 579
522 537
522 586
525 551
528 572
528 578
532 533
532 549
532 553
533 553
538 541
538 560
538 570
539 541
539 561
539 600
540 541
540 542
540 560
540 568
540 570
540 588
541 550
541 554
541 560
541 561
541 566
541 569
541 570
541 572
541 581
541 600
542 581
542 588
543 545
547 549
547 551
547 585
548 550
548 556
548 562
550 553
550 554
550 562
550 572
550 600
551 555
551 584
551 585
553 554
553 566
553 581
553 600
554 566
554 572
554 581
554 600
556 561
557 558
557 567
557 570
560 561
560 569
560 570
561 563
561 569
561 572
563 566
563 572
564 575
566 572
566 575
566 581
567 570
567 590
567 591
569 570
569 572
571 597
572 600
581 588
590 591
592 594
594 597
597 600
598 599
