600 1798

1 4
1 26
1 31
1 33
1 36
1 290
1 291
1 322
1 332
1 530
2 4
2 20
2 21
2 26
2 94
3 5
3 6
3 94
4 20
4 21
4 23
4 26
4 28
4 31
4 33
4 36
4 290
4 291
4 321
4 322
4 323
4 328
5 24
5 94
5 304
7 206
8 12
8 15
8 16
9 304
10 162
11 18
11 94
11 98
11 100
11 317
11 391
12 15
12 16
12 313
12 314
12 315
12 319
13 313
14 17
14 318
15 16
15 17
15 313
15 315
15 318
16 18
16 19
16 304
16 313
16 314
16 315
16 317
16 319
17 19
17 318
18 98
18 100
18 102
18 283
18 317
18 389
19 320
19 334
20 21
20 23
20 100
20 291
20 305
20 321
20 335
20 336
21 100
21 189
21 321
21 336
21 391
22 25
22 31
22 33
22 292
22 330
22 332
22 529
22 530
23 26
23 28
23 31
23 33
23 38
23 328
23 336
24 324
25 31
25 33
25 34
25 35
25 36
25 38
25 118
25 220
25 330
25 332
25 335
25 339
25 529
25 530
26 28
26 31
26 33
26 35
26 38
26 328
26 336
27 30
28 31
28 33
28 38
28 327
28 328
28 330
29 240
29 331
30 32
31 33
31 34
31 35
31 36
31 38
31 291
31 292
31 322
31 323
31 327
31 328
31 330
31 332
31 335
31 339
31 529
31 530
31 582
32 329
32 333
33 34
33 35
33 36
33 38
33 220
33 292
33 323
33 328
33 330
33 332
33 335
33 339
33 529
33 530
34 35
34 36
34 38
34 220
34 287
34 322
34 323
34 325
34 327
34 330
34 332
34 335
34 339
34 529
34 530
34 582
35 36
35 37
35 38
35 332
35 335
35 336
35 339
35 392
35 529
35 530
36 38
36 323
36 330
36 332
36 335
36 339
36 529
36 530
37 38
37 102
37 336
37 392
38 323
38 327
38 328
38 330
38 332
38 335
38 336
38 339
38 529
38 530
38 582
39 41
39 42
39 45
39 48
39 54
39 115
39 130
39 343
39 381
39 405
40 149
40 372
41 48
42 45
42 48
42 54
42 113
42 115
42 130
42 142
42 337
42 340
42 343
42 405
42 406
42 409
42 419
42 491
43 325
43 339
43 415
44 56
44 58
44 133
44 137
44 142
44 149
44 203
44 367
44 372
44 375
44 419
44 422
44 423
44 424
44 440
44 446
44 505
45 47
45 48
45 54
45 113
45 115
45 130
45 405
46 48
46 54
46 342
47 54
47 144
47 337
47 340
47 347
47 349
48 52
48 54
48 115
48 381
49 90
49 448
50 51
51 59
51 62
51 360
52 89
52 123
52 124
52 125
52 350
52 418
52 451
53 341
53 369
54 115
54 337
54 419
55 341
57 125
59 62
59 147
59 351
59 361
60 61
60 359
60 363
60 372
62 352
62 360
63 66
64 67
65 446
66 143
66 159
67 360
68 364
69 71
69 297
69 364
70 294
70 365
71 72
71 297
71 370
71 375
71 426
72 77
72 82
72 365
72 368
72 370
73 75
74 372
75 371
76 77
76 591
77 82
77 370
77 431
78 341
79 80
79 81
79 83
79 132
79 367
79 373
79 375
79 382
79 421
79 422
79 424
79 436
80 82
80 83
80 84
80 87
80 140
80 149
80 296
80 372
80 375
80 421
80 422
80 425
80 431
80 432
80 446
80 448
82 127
82 129
82 137
82 139
82 140
82 367
82 371
82 375
82 420
82 421
82 422
82 423
82 431
82 440
82 441
83 87
83 129
83 140
83 149
83 296
83 375
83 421
83 422
83 423
83 425
83 428
83 430
83 431
83 432
83 435
83 446
83 448
83 458
84 374
85 113
86 377
86 486
87 126
87 141
87 149
87 403
87 423
87 425
87 435
87 446
88 89
89 91
92 187
92 192
92 207
92 224
92 390
92 399
92 401
92 555
93 94
93 95
93 107
93 184
93 384
93 586
95 189
96 99
96 579
97 229
97 387
98 100
98 102
98 230
98 283
98 317
99 282
99 579
99 596
100 102
100 283
100 305
100 317
100 321
100 336
100 389
100 391
101 390
103 396
104 108
104 110
104 192
104 224
104 390
104 393
104 395
104 400
104 489
104 498
105 224
106 549
107 108
107 189
108 189
109 111
109 123
109 124
109 191
109 194
109 196
109 201
109 207
109 212
109 350
109 393
109 394
109 396
109 398
109 407
109 408
109 411
109 417
109 496
109 498
110 211
110 230
110 384
110 390
110 393
110 400
110 489
111 288
111 398
112 113
112 114
112 130
112 403
112 404
112 406
112 491
113 114
113 115
113 116
113 124
113 130
113 201
113 337
113 340
113 405
113 406
113 407
113 409
113 419
113 491
114 115
114 130
114 190
114 201
114 337
114 350
114 357
114 403
114 404
114 405
114 406
114 407
114 409
114 416
114 419
114 451
114 491
115 116
115 124
115 130
115 142
115 337
115 340
115 343
115 404
115 405
115 406
115 409
115 419
115 424
115 491
116 124
116 191
116 405
116 406
116 407
116 409
116 411
117 343
118 339
119 224
119 245
119 399
119 412
119 532
119 534
120 401
120 534
121 225
122 152
123 124
123 125
123 191
123 194
123 196
123 201
123 350
123 396
123 398
123 408
123 417
123 492
124 191
124 201
124 350
124 406
125 150
125 152
126 141
127 129
127 420
127 422
127 431
128 131
128 297
128 420
128 458
128 565
128 592
128 598
128 599
129 131
129 134
129 136
129 137
129 138
129 140
129 149
129 403
129 404
129 421
129 422
129 423
129 430
129 431
129 432
129 435
129 446
129 458
130 137
130 337
130 340
130 347
130 403
130 404
130 405
130 406
130 409
130 419
130 491
131 149
131 161
131 403
131 422
131 423
131 430
131 432
131 451
132 142
132 367
132 373
132 424
132 428
132 436
132 439
133 137
133 149
133 423
133 424
133 428
133 439
133 440
133 446
134 141
134 161
134 430
134 435
134 437
134 457
134 458
134 461
135 140
136 138
136 161
136 431
136 458
136 590
137 139
137 140
137 337
137 340
137 367
137 371
137 375
137 403
137 419
137 422
137 423
137 424
137 428
137 430
137 431
137 433
137 439
137 440
137 441
138 431
138 458
139 337
139 367
139 378
139 441
140 149
140 371
140 375
140 403
140 422
140 423
140 425
140 430
140 431
140 434
140 435
140 437
140 441
140 446
140 458
141 435
142 367
142 424
142 428
142 429
142 438
142 439
143 341
143 358
145 225
145 246
145 445
146 360
146 447
148 161
149 403
149 420
149 421
149 422
149 423
149 424
149 425
149 428
149 430
149 432
149 435
149 437
149 440
149 446
149 448
149 458
151 163
151 164
151 272
152 156
153 154
153 164
153 196
153 200
153 209
153 210
153 211
153 212
153 233
153 467
154 196
154 197
154 198
154 209
154 211
154 212
155 218
155 267
157 271
157 273
158 242
160 272
161 458
161 461
161 578
162 253
163 272
164 200
164 219
164 271
164 272
165 576
166 556
167 276
167 474
168 170
169 472
169 476
169 477
170 236
170 247
171 276
171 523
172 250
173 185
174 175
174 178
174 179
174 182
174 217
174 249
175 177
175 178
175 179
175 249
176 179
176 182
176 256
177 179
177 181
177 480
177 482
177 483
178 255
178 257
179 181
180 183
182 256
183 255
183 499
185 186
186 257
187 390
188 385
189 391
190 357
190 451
190 491
190 534
191 194
191 196
191 201
191 207
191 350
191 396
191 398
191 407
191 408
191 411
191 417
191 492
192 390
192 496
193 211
193 212
194 196
194 201
194 207
194 350
194 390
194 393
194 394
194 396
194 398
194 407
194 408
194 411
194 417
194 496
194 498
195 196
195 211
195 234
195 498
196 207
196 211
196 212
196 215
196 224
196 393
196 394
196 400
196 417
196 467
196 496
196 498
196 516
196 521
197 524
198 199
198 209
198 210
198 212
199 490
199 492
200 202
201 241
201 350
201 407
201 408
201 419
201 504
202 214
203 505
203 594
204 504
204 505
205 212
206 213
206 229
206 230
206 231
206 485
206 507
206 511
206 513
206 567
207 212
207 393
207 394
207 398
207 400
207 417
208 209
209 210
209 212
209 219
209 231
209 265
209 271
210 212
210 492
211 212
211 214
211 215
211 224
211 245
211 400
211 467
211 498
212 393
212 394
212 400
212 408
212 417
212 467
212 496
212 498
213 214
213 229
213 230
213 231
213 233
213 234
213 271
213 493
213 507
213 511
213 513
213 521
213 544
213 581
214 231
214 507
215 579
216 271
218 267
219 263
219 271
219 273
219 465
220 221
220 237
220 287
220 332
220 397
220 529
220 530
220 549
220 553
221 237
221 397
221 530
221 533
221 549
221 553
222 223
222 240
222 532
224 245
224 399
224 401
224 412
224 417
224 467
224 496
224 498
224 532
224 534
225 246
225 445
225 534
226 227
226 535
227 536
228 229
228 236
228 238
228 539
228 541
228 542
228 572
229 230
229 511
229 540
229 542
230 283
230 483
230 485
230 489
230 495
230 507
230 511
230 581
231 265
231 271
231 273
231 493
231 511
231 513
231 518
231 542
232 269
232 271
232 273
233 234
234 282
234 521
234 581
235 546
236 238
236 568
237 286
237 287
237 333
237 529
237 530
237 533
237 547
237 549
237 553
237 583
237 584
238 240
238 243
238 548
238 550
238 554
239 243
242 552
243 550
243 554
244 246
245 282
245 399
245 467
245 532
246 445
247 248
247 558
248 250
248 558
249 251
250 252
250 253
250 254
250 268
250 275
252 268
252 275
252 575
254 267
254 268
254 270
255 257
255 258
255 262
255 263
255 266
255 566
257 293
258 266
259 600
260 488
261 502
263 265
263 269
263 270
263 271
263 273
263 274
263 510
263 518
263 571
264 512
264 541
265 271
265 512
265 518
265 542
265 571
265 573
266 269
268 270
268 275
268 488
269 270
269 271
269 273
270 271
270 272
270 273
270 274
270 280
271 273
271 274
271 513
271 518
272 274
272 279
272 295
273 274
273 518
273 571
274 279
274 295
274 300
275 277
277 279
277 576
278 280
279 281
282 483
282 489
282 579
282 580
282 581
283 303
283 385
283 389
283 391
283 483
283 580
284 285
284 286
284 582
284 584
285 286
285 289
285 582
285 583
285 584
286 287
286 289
286 582
286 583
286 584
286 596
287 325
287 529
287 530
287 546
287 549
287 584
289 583
290 291
290 302
290 586
291 582
296 428
296 432
296 446
297 370
297 375
298 300
299 566
301 586
301 587
302 321
302 586
303 308
304 305
304 306
304 315
304 324
305 323
305 324
307 553
309 509
310 477
311 485
312 318
313 315
314 315
314 317
314 319
315 317
315 319
316 485
317 319
317 320
317 388
317 389
318 319
320 334
320 336
321 391
322 323
322 325
322 332
322 529
322 530
323 325
323 327
323 328
323 330
323 332
323 335
323 529
323 530
324 326
325 330
325 332
325 339
325 529
325 530
327 328
327 330
327 332
327 582
328 330
328 332
328 530
330 332
330 335
330 339
330 529
330 530
330 582
332 335
332 339
332 529
332 530
333 549
335 336
335 339
335 529
335 530
336 391
336 392
337 340
337 344
337 347
337 403
337 404
337 405
337 406
337 407
337 409
337 419
337 423
337 440
337 491
338 441
339 415
339 448
339 529
339 530
340 344
340 347
340 403
340 405
340 406
340 409
340 491
341 368
343 347
343 381
343 409
344 347
344 348
344 410
345 352
345 360
346 347
346 353
347 348
347 405
347 409
347 410
348 410
350 357
350 396
350 406
350 407
350 408
350 409
350 416
350 417
350 418
350 451
350 490
350 491
350 504
351 352
351 361
352 360
352 361
353 354
354 355
354 356
356 444
357 451
357 491
359 363
361 412
361 414
362 363
364 429
365 368
365 591
366 421
367 370
367 371
367 373
367 375
367 421
367 422
367 423
367 424
367 426
367 428
367 431
367 436
367 439
367 440
367 441
370 376
371 372
371 375
371 422
371 423
371 431
371 440
371 441
372 375
372 420
372 421
372 422
372 423
372 431
372 439
372 440
373 436
375 421
375 422
375 423
375 424
375 426
375 428
375 430
375 431
375 439
375 440
376 426
377 380
378 381
379 424
380 381
381 405
383 506
384 385
384 390
384 393
384 394
384 400
384 489
384 498
385 386
385 389
385 400
385 483
385 580
389 391
390 393
390 394
390 396
390 400
390 489
390 495
390 496
390 498
391 392
392 530
393 394
393 396
393 398
393 399
393 400
393 401
393 467
393 489
393 495
393 496
393 498
394 396
394 398
394 400
394 467
394 489
394 496
394 498
395 399
395 489
395 495
396 398
396 408
396 417
396 489
396 495
396 496
396 504
397 533
397 553
398 400
398 407
398 411
399 401
399 412
399 532
400 401
400 489
400 498
401 412
401 413
401 498
401 534
401 555
402 594
403 404
403 405
403 406
403 421
403 422
403 423
403 424
403 425
403 430
403 433
403 440
403 446
403 451
403 491
404 405
404 406
404 423
404 424
404 451
404 491
405 406
405 407
405 409
405 419
405 491
406 407
406 409
406 419
406 491
407 409
407 411
407 418
407 504
408 416
408 417
408 490
408 492
408 496
408 504
409 410
409 491
412 414
412 445
413 534
413 555
416 417
416 418
416 451
416 491
417 467
417 490
417 492
417 496
418 451
419 491
419 504
420 421
420 422
420 423
420 440
420 594
421 422
421 423
421 424
421 428
421 430
421 431
421 432
421 439
421 440
421 446
422 423
422 424
422 428
422 430
422 431
422 432
422 439
422 440
422 446
423 424
423 425
423 428
423 430
423 431
423 432
423 433
423 435
423 439
423 440
423 446
423 451
423 458
423 491
423 502
424 425
424 428
424 439
424 440
424 446
425 435
425 446
425 448
427 591
428 430
428 431
428 432
428 436
428 439
428 440
428 441
428 446
428 448
428 458
429 439
429 552
430 431
430 432
430 435
430 446
430 456
430 458
430 502
431 432
431 437
431 440
431 441
431 446
431 458
432 434
432 435
432 437
432 446
432 448
432 458
432 462
432 599
433 435
434 435
434 437
435 437
435 446
435 458
437 446
437 448
437 458
437 462
439 440
439 441
440 441
440 446
440 451
442 500
443 445
446 448
446 458
446 599
448 458
448 462
449 452
450 522
451 491
452 454
452 543
453 454
453 474
455 463
456 458
456 464
457 459
458 462
458 466
458 502
460 500
460 527
461 578
463 473
463 561
467 496
467 498
467 516
467 544
468 497
468 516
469 575
470 471
470 472
470 476
470 556
470 557
472 476
472 477
472 557
473 556
473 558
475 570
476 477
476 556
477 479
477 523
477 556
477 557
478 556
480 482
480 483
481 569
482 483
482 580
483 485
483 580
483 581
484 498
485 507
485 508
485 513
485 567
487 586
489 495
489 496
489 498
489 532
490 492
490 494
493 501
493 507
493 511
493 513
493 515
493 520
493 521
493 544
494 500
494 501
494 514
494 519
495 496
495 498
495 521
495 544
496 498
496 504
496 516
498 544
500 519
501 503
501 513
501 515
501 516
502 505
502 594
505 594
505 596
506 521
507 508
507 509
507 511
507 513
507 521
507 567
507 580
507 581
508 559
511 513
511 518
511 521
511 542
511 567
511 581
512 513
512 518
512 528
512 541
512 542
512 564
512 571
512 573
513 515
513 518
513 521
513 542
513 567
515 544
516 521
517 518
518 520
518 541
518 542
518 544
518 571
518 573
520 544
521 540
521 542
521 544
521 581
521 585
522 525
522 570
523 525
524 526
524 562
525 557
527 537
528 541
528 569
528 570
529 530
529 549
529 584
530 533
530 553
530 584
531 594
533 553
534 545
534 555
536 547
538 541
538 567
540 542
540 544
540 551
540 572
541 542
541 569
541 571
541 572
541 573
542 567
542 572
542 573
544 551
548 550
549 553
550 554
555 596
556 557
556 558
556 563
558 560
558 563
558 575
564 574
569 571
571 573
576 577
579 596
580 581
582 584
582 595
583 584
588 589
588 591
588 593
594 596
594 599
596 597
598 599
599 600
