600 1798

1 21
1 22
1 290
2 20
2 21
2 100
2 321
2 389
3 5
3 301
4 20
4 21
4 305
5 20
5 24
5 29
5 305
5 324
5 326
6 37
7 10
7 14
7 171
8 542
9 314
11 94
12 15
12 16
12 19
12 320
13 508
14 206
15 316
16 319
17 19
17 318
18 21
18 37
18 98
18 388
18 389
19 320
20 21
20 100
20 107
20 302
20 305
20 321
20 389
21 37
21 98
21 100
21 107
21 321
21 322
21 388
21 389
23 186
23 329
24 324
24 326
25 56
26 30
26 328
26 329
26 330
27 330
28 31
28 327
29 312
29 326
30 32
30 33
30 35
30 329
30 330
30 332
31 332
32 35
32 331
32 333
33 35
34 292
34 584
35 333
36 38
36 335
37 102
37 320
37 334
38 90
38 144
38 335
39 42
40 156
41 91
42 47
43 339
43 382
43 415
43 434
43 448
44 61
45 47
46 47
46 54
47 56
47 58
47 117
48 54
48 343
49 357
49 446
50 412
51 66
51 180
51 352
52 57
52 350
53 55
53 348
54 349
55 57
55 64
55 118
55 121
55 348
55 401
55 413
55 418
57 65
57 118
57 124
57 125
57 418
59 119
60 64
60 348
60 359
60 414
61 352
61 354
61 355
61 356
62 66
62 67
63 65
63 140
63 150
63 357
63 358
63 446
64 65
64 121
64 359
64 414
65 125
65 150
65 155
65 418
65 437
65 440
66 67
66 362
67 360
67 363
68 69
68 71
68 83
68 129
68 373
69 70
69 71
69 72
69 75
69 76
69 77
69 129
69 294
69 365
69 370
69 373
70 71
70 72
70 365
70 370
71 72
71 73
71 77
71 294
71 364
71 365
71 370
71 591
71 593
71 598
72 74
72 77
72 365
72 370
72 374
72 593
74 78
76 79
76 122
76 203
76 370
76 373
76 592
77 365
77 370
77 373
78 369
79 82
79 83
79 85
79 126
79 139
79 373
79 376
79 420
79 421
79 422
79 592
80 371
81 92
82 83
82 127
82 140
82 373
82 376
82 420
82 421
82 422
82 423
82 592
83 126
83 127
83 129
83 130
83 140
83 373
83 376
83 378
83 403
83 405
83 420
83 421
83 422
83 423
84 86
85 88
86 87
87 91
89 91
89 261
89 380
91 482
92 189
93 100
93 101
93 108
93 109
93 110
93 336
93 391
94 95
94 317
94 386
96 99
97 580
98 302
98 322
98 349
98 389
99 579
100 107
100 184
100 302
100 321
100 322
100 389
100 391
100 398
100 400
100 487
101 103
101 106
101 109
101 110
101 187
101 189
101 223
101 282
101 390
101 391
101 393
101 394
101 395
103 106
103 109
103 110
103 120
103 223
103 282
103 391
103 398
103 400
104 105
104 106
104 109
104 189
104 194
104 196
104 202
104 203
104 204
104 207
104 223
104 276
104 390
104 393
104 395
104 397
104 489
104 505
105 106
105 109
105 194
105 202
105 207
105 393
105 395
105 397
105 495
106 109
106 110
106 119
106 196
106 223
106 282
106 390
106 393
106 395
106 399
106 443
106 445
106 489
107 108
107 321
107 336
107 398
107 400
108 110
108 398
109 110
109 116
109 223
109 282
109 390
109 393
109 394
109 395
109 489
109 495
110 223
110 282
110 391
110 393
110 398
110 400
111 256
112 113
112 114
112 125
112 128
112 130
112 131
112 149
112 154
112 157
112 188
112 201
112 340
112 403
112 404
112 406
112 407
112 408
112 409
112 424
112 450
112 451
112 491
113 115
113 130
113 404
113 406
114 131
114 154
114 201
114 202
114 204
114 295
114 403
114 451
114 491
115 130
116 191
119 123
119 125
119 143
119 145
119 157
119 223
119 395
119 399
119 401
119 412
119 416
119 445
119 449
120 391
120 398
120 400
120 413
121 185
121 401
122 128
122 129
122 198
122 201
122 203
122 295
122 403
122 423
122 424
122 430
122 435
122 504
123 125
123 145
123 195
123 196
123 416
123 417
123 443
123 445
123 467
124 417
125 128
125 142
125 143
125 145
125 155
125 157
125 161
125 418
125 437
125 440
125 449
125 453
125 454
126 127
126 140
126 201
126 403
126 405
126 420
126 428
126 435
127 129
127 130
127 140
127 378
127 403
127 405
127 420
127 422
127 423
127 428
127 431
127 434
127 435
127 448
127 461
128 131
128 134
128 201
128 404
128 420
128 424
128 428
128 430
128 435
128 450
128 461
129 130
129 131
129 140
129 373
129 403
129 420
129 422
129 423
129 424
129 434
129 435
129 451
130 378
130 403
130 404
130 405
130 409
130 422
131 132
131 154
131 190
131 198
131 201
131 203
131 295
131 403
131 404
131 420
131 423
131 424
131 435
131 450
131 451
131 461
131 499
131 500
131 501
131 504
132 420
132 428
132 450
132 451
133 428
134 136
134 140
134 148
134 161
134 403
134 428
134 430
134 431
134 432
134 435
134 437
134 461
135 429
136 148
136 158
136 159
136 161
136 163
136 277
136 470
136 525
137 430
138 430
138 431
140 161
140 405
140 420
140 423
140 428
140 431
140 434
140 435
140 448
141 148
141 151
141 152
143 145
143 149
143 157
143 449
145 417
145 445
146 162
147 412
148 151
148 152
148 161
148 431
148 437
149 491
150 151
150 152
150 155
150 161
150 357
150 437
150 440
150 442
150 446
151 152
151 442
152 155
152 161
152 433
152 437
152 442
153 164
153 218
153 272
154 157
154 190
154 194
154 198
154 204
154 295
154 424
154 450
154 451
154 491
154 500
154 501
155 161
155 348
155 432
155 437
155 442
155 449
155 454
156 218
157 251
158 159
158 455
159 160
159 218
159 219
159 455
159 456
159 525
161 432
161 435
161 437
161 442
162 462
163 464
165 167
166 213
167 224
168 169
168 170
168 228
168 229
168 232
168 234
168 236
168 238
168 239
168 247
168 256
168 258
168 266
168 269
168 475
168 476
168 522
168 539
168 540
168 544
168 548
168 550
168 554
168 559
168 560
168 567
168 572
169 173
169 228
169 247
169 269
169 476
169 540
169 572
170 247
170 255
170 298
172 232
173 476
173 479
174 244
175 177
175 181
175 256
176 480
178 255
178 270
178 566
179 198
182 206
183 247
183 255
183 488
183 566
187 207
188 194
188 196
188 201
188 202
188 203
188 295
188 408
188 496
188 504
189 192
189 202
189 207
190 451
191 306
192 193
192 194
192 198
192 200
192 201
192 202
192 203
192 204
192 207
192 211
192 276
192 295
192 499
193 194
193 198
193 202
193 204
193 207
193 211
193 212
193 519
194 196
194 198
194 201
194 202
194 203
194 204
194 207
194 211
194 214
194 276
194 295
194 395
194 397
194 492
194 496
194 505
195 196
195 223
195 276
195 395
196 202
196 204
196 223
196 276
196 384
196 390
196 395
196 399
196 417
196 467
196 489
196 496
197 199
198 200
198 201
198 202
198 203
198 204
198 207
198 276
198 295
198 499
198 500
198 578
199 279
200 202
200 296
201 203
201 204
201 295
201 403
201 404
201 424
201 430
201 450
201 496
201 499
201 502
201 504
202 203
202 204
202 207
202 214
202 225
202 276
202 295
202 496
202 499
202 502
202 505
203 204
203 207
203 276
203 295
203 424
203 499
203 502
203 504
204 207
204 276
204 491
204 496
204 505
205 506
206 229
206 230
206 231
206 256
206 265
206 269
206 273
206 509
206 522
206 551
207 211
207 223
207 276
207 395
208 278
209 231
209 263
209 265
209 274
210 273
211 212
213 228
213 229
213 230
213 234
213 245
213 273
213 387
213 572
214 497
215 244
215 274
216 231
216 265
216 273
216 518
217 525
218 525
219 455
219 465
220 221
220 226
220 227
220 530
220 536
221 226
221 227
221 397
221 424
221 529
221 530
221 536
222 533
223 289
223 390
223 393
223 395
223 399
223 489
224 399
226 227
226 287
226 530
226 536
227 246
227 530
227 536
227 537
228 229
228 233
228 234
228 236
228 238
228 247
228 256
228 258
228 262
228 265
228 266
228 269
228 387
228 475
228 539
228 540
228 541
228 544
228 554
228 559
228 566
228 567
228 572
228 573
228 595
229 230
229 231
229 234
229 236
229 238
229 239
229 247
229 256
229 258
229 265
229 266
229 269
229 387
229 475
229 522
229 532
229 538
229 539
229 540
229 541
229 542
229 544
229 548
229 550
229 551
229 554
229 559
229 567
229 572
229 573
229 581
230 231
230 273
230 511
231 244
231 265
231 273
231 513
232 234
232 247
232 269
232 560
233 234
233 238
233 247
233 262
234 236
234 238
234 239
234 247
234 249
234 256
234 258
234 265
234 266
234 269
234 271
234 387
234 475
234 539
234 540
234 554
234 572
235 549
236 238
236 239
236 240
236 247
236 249
236 258
236 269
236 475
236 547
236 548
236 550
236 554
236 559
237 286
238 239
238 240
238 247
238 249
238 258
238 269
238 547
238 548
238 550
238 554
238 559
238 572
239 247
239 249
239 256
239 258
239 265
239 266
239 269
239 540
239 548
239 550
239 554
239 555
240 549
240 550
240 553
240 554
241 483
242 552
243 252
244 552
245 532
247 255
247 256
247 258
247 262
247 266
247 269
247 298
247 299
247 475
247 539
247 540
247 548
247 550
247 554
247 559
247 560
247 566
247 567
247 572
247 595
248 250
248 253
248 558
249 266
250 254
250 268
250 543
250 557
250 560
250 570
252 268
254 463
255 256
255 262
255 263
255 269
255 270
255 298
255 299
255 300
255 480
255 488
255 539
255 541
255 560
255 566
255 567
255 569
255 572
255 595
256 258
256 265
256 266
256 269
256 387
256 475
256 480
256 481
256 522
256 538
256 539
256 540
256 541
256 542
256 544
256 548
256 551
256 554
256 566
256 567
256 572
256 573
256 595
257 261
257 300
258 266
258 269
258 387
258 475
258 538
258 539
258 540
258 541
258 544
258 548
258 550
258 551
258 554
258 559
258 560
258 566
258 567
258 572
258 573
258 595
259 280
260 261
262 263
262 264
262 268
262 270
262 298
262 299
262 566
263 264
263 268
263 270
263 298
263 566
263 570
264 270
264 280
264 298
264 300
264 524
264 569
265 266
265 269
265 273
265 512
265 513
265 540
265 541
265 542
265 554
265 555
265 567
266 269
266 475
266 540
266 542
266 551
266 554
266 566
266 567
266 572
266 581
267 452
268 275
268 462
268 570
269 387
269 475
269 481
269 538
269 539
269 540
269 541
269 542
269 544
269 548
269 550
269 551
269 554
269 559
269 560
269 566
269 567
269 572
269 573
269 595
270 298
270 300
272 303
273 274
273 278
275 575
278 281
278 506
279 281
280 281
280 300
280 524
280 589
282 283
282 289
282 390
282 399
282 445
282 489
282 586
283 390
283 489
284 285
284 582
284 587
285 288
285 547
285 549
285 583
286 287
286 529
286 549
286 583
286 584
287 529
287 546
287 584
288 585
289 489
289 586
291 587
293 365
294 365
295 424
295 450
295 451
295 499
295 501
295 504
297 589
298 299
298 300
298 566
298 569
299 300
299 572
302 322
302 389
304 305
306 308
307 311
309 310
309 512
311 369
311 472
313 511
313 581
314 316
315 316
317 388
317 389
319 320
321 389
322 389
323 328
324 326
325 558
329 330
329 331
333 335
334 336
335 392
336 392
336 398
336 400
337 340
338 342
338 347
338 381
339 415
339 434
339 448
339 466
340 403
340 404
340 405
340 406
340 407
340 409
340 410
341 345
341 357
341 446
342 343
343 346
344 409
344 410
351 412
352 358
352 361
353 359
357 446
359 414
364 365
364 591
365 368
365 370
365 374
365 593
366 368
367 371
367 373
370 373
370 376
370 593
370 598
372 373
373 375
373 376
373 420
373 421
373 422
373 423
373 429
373 434
373 592
373 598
375 421
375 422
376 420
376 421
376 422
376 592
376 598
377 379
378 403
378 405
378 422
379 436
383 516
384 385
384 390
384 393
384 395
384 489
387 475
387 539
387 540
387 559
387 572
387 579
387 595
388 389
388 580
390 393
390 395
390 399
390 443
390 445
390 489
391 398
391 400
391 586
393 394
393 395
393 489
393 495
394 395
395 397
395 489
395 495
395 529
396 407
397 495
397 529
398 400
398 413
399 417
399 445
399 489
399 534
400 413
401 413
402 565
403 404
403 405
403 409
403 420
403 422
403 423
403 424
403 426
403 430
403 435
403 450
403 451
403 461
403 491
403 504
404 405
404 406
404 409
404 420
404 423
404 424
404 450
404 451
404 470
404 491
404 504
405 406
405 409
405 422
405 470
406 407
406 409
406 491
407 408
407 409
407 410
408 467
408 491
408 492
408 496
408 505
409 410
409 491
411 413
415 423
415 424
415 434
415 435
415 448
415 466
416 418
416 440
417 445
417 467
418 440
419 425
420 421
420 422
420 423
420 424
420 428
420 430
420 434
420 435
420 448
420 451
420 504
421 422
422 423
422 424
422 430
422 434
422 504
423 424
423 428
423 430
423 434
423 435
423 448
423 451
423 461
423 504
424 434
424 435
424 450
424 451
424 461
424 501
424 504
425 436
427 484
428 432
428 435
428 450
428 451
428 456
428 461
428 501
429 592
430 431
430 434
430 435
430 470
430 590
431 432
431 434
431 435
431 448
434 435
434 448
434 461
435 437
435 448
435 451
435 461
435 466
436 592
437 447
438 490
438 523
439 444
439 453
441 453
443 445
445 489
447 448
448 466
449 453
449 454
450 451
450 496
450 501
450 504
450 599
451 461
451 490
451 491
451 492
451 496
451 500
451 501
451 504
452 467
452 474
453 454
455 456
455 458
455 576
456 458
456 576
457 577
457 578
458 494
458 576
459 473
459 594
460 519
460 576
461 501
465 528
467 492
467 496
467 498
467 505
467 515
468 543
469 556
471 557
475 478
475 539
475 540
475 544
475 559
475 560
475 572
475 573
476 559
476 572
477 523
478 556
478 560
480 566
480 567
481 507
481 538
481 542
481 551
481 567
483 509
484 588
485 507
486 572
486 595
488 539
488 566
488 568
488 572
488 595
489 495
490 492
490 501
490 514
490 517
490 519
491 492
491 496
491 501
491 504
491 505
492 496
492 501
492 505
492 517
492 519
493 503
493 516
493 533
494 517
496 500
496 501
496 502
496 505
496 519
496 578
499 500
499 502
499 504
499 578
500 501
500 504
500 578
501 504
501 517
501 519
501 578
502 504
502 505
502 578
503 505
503 516
507 508
507 512
507 513
507 538
507 542
507 551
507 562
508 513
510 512
510 518
510 571
510 600
511 520
511 532
511 542
511 551
511 581
512 513
512 518
512 541
512 564
512 567
513 516
513 542
513 551
514 516
515 527
515 545
517 519
518 541
518 600
520 521
520 532
520 542
520 573
520 581
521 532
521 540
521 541
521 544
521 573
521 581
522 540
522 559
523 526
524 569
524 574
524 600
529 584
530 535
530 536
531 569
532 559
532 581
535 536
538 540
538 541
538 542
538 544
538 551
538 555
538 559
538 567
538 573
538 581
539 540
539 541
539 542
539 544
539 548
539 554
539 559
539 560
539 566
539 567
539 569
539 572
539 573
539 595
540 541
540 542
540 544
540 548
540 550
540 551
540 554
540 555
540 559
540 560
540 566
540 567
540 572
540 573
540 581
540 595
541 542
541 544
541 554
541 555
541 560
541 566
541 567
541 572
541 573
541 581
541 595
541 600
542 544
542 550
542 551
542 554
542 559
542 567
542 573
542 581
543 563
544 555
544 560
544 566
544 567
544 572
544 573
547 549
547 559
547 583
548 550
548 554
548 555
548 560
548 566
548 567
549 553
549 583
550 551
550 554
550 555
550 559
550 560
551 554
551 555
551 567
551 573
551 581
554 555
554 559
554 560
554 567
554 572
554 581
555 560
558 561
559 572
559 573
559 579
559 581
560 566
560 567
560 572
560 573
565 594
566 567
566 569
566 572
566 595
567 572
567 573
567 581
569 595
569 600
572 573
572 595
572 597
577 578
583 584
588 594
592 596
592 598
594 597
