600 1799

1 4
1 289
1 486
2 3
2 7
2 301
2 385
2 386
2 390
3 6
3 7
3 301
3 303
3 304
3 386
4 5
4 20
4 22
4 302
4 305
4 322
5 12
5 16
5 24
5 304
5 305
5 317
5 329
6 9
6 10
6 12
6 301
6 303
6 311
6 317
6 386
7 301
7 304
7 305
7 311
7 312
8 12
9 12
9 15
9 303
9 307
9 311
9 314
9 315
9 317
11 97
11 109
11 386
12 16
12 303
12 304
12 317
12 321
13 15
13 309
13 311
13 315
13 316
14 17
14 19
14 37
14 318
14 319
14 320
15 19
15 308
15 311
15 315
15 319
16 19
16 305
16 311
16 317
16 319
16 321
16 335
16 389
17 19
17 37
17 318
17 320
17 333
18 389
18 580
19 37
19 318
19 319
19 320
19 324
20 105
20 321
20 335
20 389
20 395
21 93
21 103
21 104
21 390
21 393
21 395
21 479
22 25
22 322
22 327
22 583
23 26
23 28
23 32
23 36
23 98
23 322
23 323
23 325
23 327
23 328
24 27
24 29
24 32
24 35
24 326
24 328
24 329
24 332
24 333
24 335
25 30
25 328
25 335
25 583
26 30
26 32
26 35
26 327
26 328
26 329
26 333
26 335
27 29
27 30
27 322
27 328
27 329
27 332
27 335
28 32
28 284
28 327
29 35
29 326
29 328
29 329
29 331
29 333
29 335
30 31
30 32
30 35
30 322
30 328
30 329
30 332
30 335
30 445
30 583
31 330
32 35
32 323
32 326
32 327
32 328
32 329
32 332
32 333
33 35
34 445
35 285
35 327
35 328
35 329
35 332
35 333
35 335
35 583
37 319
37 320
37 336
38 328
39 41
39 42
39 45
39 46
39 47
39 48
39 81
39 85
39 86
39 88
39 89
39 113
39 115
39 130
39 338
39 339
39 347
39 377
39 380
39 381
39 382
39 405
40 44
41 48
41 84
41 87
41 89
41 90
41 115
41 339
41 380
41 382
42 45
42 46
42 47
42 48
42 88
42 113
42 115
42 116
42 117
42 338
42 339
42 340
42 342
42 346
42 347
42 381
42 382
42 405
43 150
43 425
43 446
44 45
44 48
44 115
44 339
44 341
45 46
45 47
45 48
45 88
45 115
45 116
45 117
45 338
45 339
45 340
45 342
45 346
45 347
45 381
45 382
45 405
46 47
46 48
46 54
46 85
46 86
46 88
46 89
46 113
46 115
46 338
46 339
46 342
46 347
46 377
46 380
46 381
46 382
47 54
47 59
47 67
47 85
47 113
47 115
47 117
47 338
47 339
47 340
47 342
47 343
47 346
47 347
47 363
47 377
47 380
47 381
47 382
47 405
48 54
48 115
48 339
48 380
48 382
49 91
49 425
49 448
50 351
50 484
51 58
51 62
51 63
51 64
51 66
51 67
51 342
51 343
51 345
51 352
51 354
51 358
51 361
51 362
51 363
52 123
53 55
53 118
53 344
53 348
53 410
54 115
54 167
54 339
55 64
55 118
55 348
55 409
55 410
55 411
55 412
55 413
56 60
56 353
57 65
57 124
57 125
57 357
57 418
58 61
58 66
58 354
59 64
59 340
59 342
59 343
59 346
59 347
59 351
59 352
59 359
59 360
59 361
59 363
59 414
60 118
60 147
60 353
61 66
61 78
61 82
61 354
61 356
62 63
62 66
62 67
62 345
62 352
62 358
62 360
62 361
62 363
63 64
63 66
63 357
63 358
64 345
64 358
64 361
64 414
65 124
65 125
65 357
65 418
66 67
66 352
66 354
66 358
66 361
66 362
66 363
67 338
67 342
67 343
67 346
67 352
67 354
67 361
67 363
67 365
68 69
68 70
68 71
68 72
68 74
68 75
68 76
68 82
68 129
68 135
68 140
68 294
68 364
68 365
68 367
68 368
68 370
68 371
68 373
68 421
68 422
68 434
68 591
69 70
69 71
69 73
69 79
69 81
69 83
69 130
69 260
69 294
69 365
69 367
69 368
69 370
69 373
69 376
69 405
69 591
70 71
70 72
70 76
70 135
70 368
70 370
70 421
71 72
71 73
71 75
71 76
71 77
71 82
71 135
71 294
71 300
71 364
71 365
71 367
71 368
71 370
71 371
71 372
71 373
71 420
71 421
71 590
71 591
71 599
72 76
72 77
72 370
72 372
72 421
72 591
73 75
73 77
73 79
73 365
73 367
73 371
73 373
73 374
74 77
74 82
74 300
74 364
74 420
75 78
75 79
75 82
75 364
75 365
75 367
75 371
75 373
75 374
76 77
76 129
76 135
76 364
76 368
76 370
76 420
76 421
76 591
77 83
77 296
77 298
77 299
77 300
77 370
77 420
77 421
77 591
77 593
77 598
77 599
78 82
79 294
79 354
79 365
79 367
79 371
79 373
79 374
79 377
80 134
80 137
80 138
80 140
80 430
80 434
81 83
81 85
81 86
81 88
81 113
81 115
81 117
81 130
81 338
81 339
81 342
81 380
81 381
81 382
81 405
82 373
83 85
83 113
83 130
83 591
83 599
84 86
84 87
84 89
84 90
84 151
84 339
84 367
84 374
84 377
84 380
84 425
84 430
85 86
85 88
85 89
85 113
85 115
85 338
85 377
85 380
85 381
85 382
86 87
86 88
86 89
86 113
86 115
86 338
86 339
86 377
86 380
86 381
86 382
87 89
87 90
87 113
87 115
87 338
87 339
87 374
87 377
87 380
87 381
87 382
87 425
88 89
88 113
88 115
88 130
88 338
88 339
88 377
88 380
88 381
88 382
88 405
89 113
89 115
89 338
89 339
89 377
89 380
89 381
89 382
90 151
90 380
90 425
91 339
92 595
93 384
93 393
93 579
94 384
94 398
95 107
95 131
95 402
96 131
99 228
99 229
99 259
100 188
101 489
101 495
102 230
102 231
102 266
105 175
105 321
105 335
105 395
106 110
106 399
107 108
107 109
107 121
107 193
107 398
107 401
107 412
108 110
108 193
108 212
109 111
109 118
109 194
109 348
109 398
109 410
109 411
110 401
111 120
111 398
111 401
111 411
111 412
112 129
112 131
112 403
113 115
113 130
113 337
113 338
113 339
113 342
113 343
113 376
113 377
113 380
113 381
113 382
113 405
114 116
114 194
114 407
114 409
115 338
115 339
115 340
115 342
115 343
115 346
115 347
115 374
115 377
115 380
115 381
115 382
115 405
116 117
116 340
116 347
117 118
117 340
117 342
117 343
117 344
117 346
117 347
117 405
117 410
118 147
118 348
118 410
118 411
118 413
119 121
119 399
120 121
121 401
121 412
122 141
122 199
122 281
122 578
123 125
123 417
124 125
124 418
125 152
125 194
125 417
125 418
126 435
126 506
127 294
127 364
127 368
127 375
127 425
128 141
128 451
128 461
129 131
129 135
129 364
129 368
129 370
129 421
129 422
130 338
130 365
130 367
130 376
130 405
131 190
131 422
131 423
132 364
133 364
133 426
134 136
134 138
134 140
134 161
134 364
134 428
134 430
134 432
134 455
134 461
135 364
135 365
135 366
135 368
135 370
135 421
136 140
136 153
137 138
137 140
137 430
138 140
138 161
138 430
139 186
140 141
140 154
140 364
140 430
140 432
140 434
140 461
141 199
141 461
142 144
142 445
143 146
143 443
145 445
146 447
148 150
149 152
150 442
150 446
151 272
152 437
152 448
154 451
155 164
156 233
157 209
157 587
158 279
158 462
159 160
159 455
159 576
162 284
163 208
163 250
163 254
163 267
164 272
164 275
165 254
166 168
166 470
168 170
168 172
168 207
168 247
168 478
168 493
169 476
170 228
170 229
170 230
170 232
170 238
170 247
170 248
170 252
170 258
170 282
170 283
170 478
170 540
170 542
170 554
170 560
170 565
170 567
170 573
171 209
173 392
174 582
176 179
176 477
177 182
177 288
178 180
178 338
178 480
179 185
179 585
181 338
182 256
183 259
184 579
185 369
186 293
187 188
187 594
188 594
189 211
189 213
189 493
189 495
189 509
191 193
191 198
191 408
192 211
192 394
192 594
193 212
193 396
193 595
194 409
194 411
195 196
195 213
195 498
196 213
196 498
197 209
197 211
197 216
197 493
197 515
197 520
197 525
197 545
198 201
198 280
200 499
200 502
202 207
203 213
203 215
204 504
205 220
206 209
206 211
206 228
206 231
206 234
206 265
206 282
206 493
206 513
206 521
206 540
206 542
206 573
208 254
208 463
208 464
208 468
208 514
208 515
209 211
209 218
209 231
209 234
209 265
209 271
209 273
209 512
209 513
209 514
209 515
209 518
210 494
210 514
211 216
211 231
211 493
211 509
211 513
211 542
213 520
214 273
215 274
216 251
216 485
216 509
216 523
216 524
216 525
217 525
218 512
218 562
219 465
220 221
221 397
221 530
221 536
222 223
222 226
222 236
222 239
222 240
222 241
222 243
222 532
222 533
222 548
222 551
222 552
222 553
223 226
223 399
223 532
223 533
223 553
224 240
224 245
225 534
226 227
226 235
226 397
226 533
226 535
226 536
226 553
227 533
227 536
228 229
228 230
228 231
228 232
228 234
228 238
228 239
228 247
228 252
228 258
228 268
228 269
228 282
228 283
228 540
228 542
228 554
228 560
228 567
228 570
228 573
229 230
229 231
229 232
229 247
229 252
229 265
229 268
229 269
229 271
229 513
229 542
229 560
229 570
229 573
230 231
230 269
230 283
230 513
230 554
230 565
231 234
231 248
231 265
231 266
231 269
231 271
231 283
231 512
231 513
231 542
231 565
231 567
231 573
232 238
232 252
232 266
232 269
232 542
233 234
233 244
233 271
233 282
233 521
233 543
233 573
234 244
234 265
234 266
234 271
234 273
234 276
234 282
234 521
234 542
234 573
235 536
235 553
236 238
236 239
236 240
236 241
236 243
236 244
236 286
236 547
236 548
236 551
236 554
236 555
237 240
237 547
237 549
237 553
238 239
238 240
238 243
238 244
238 252
238 282
238 291
238 554
239 240
239 241
239 242
239 243
239 244
239 548
239 550
239 551
239 554
239 555
240 243
240 244
240 245
240 282
240 551
240 554
240 555
240 560
241 513
241 540
241 548
241 550
241 551
241 552
243 245
243 554
243 555
244 248
244 252
244 282
244 521
244 551
245 246
245 555
245 560
245 570
247 248
247 252
247 478
247 554
247 560
248 252
248 271
248 282
248 478
248 542
248 544
248 557
248 560
249 559
250 252
250 254
250 267
250 268
250 558
250 560
250 561
250 570
250 571
250 574
252 259
252 268
252 269
252 282
252 478
252 540
252 542
252 555
252 557
252 560
252 570
252 573
253 254
254 267
254 463
254 512
254 571
255 259
257 371
257 568
257 588
259 264
259 268
259 566
259 570
260 590
261 281
262 268
263 264
265 267
265 269
265 271
265 273
265 512
265 513
265 573
266 269
267 269
267 271
267 512
267 571
267 574
268 270
268 570
269 271
271 282
271 512
271 513
271 542
271 573
275 575
277 279
278 279
278 522
278 577
282 283
282 478
282 521
282 540
282 542
282 550
282 554
282 560
282 567
282 573
282 581
283 493
283 511
283 513
283 540
283 542
283 565
283 567
283 572
283 573
283 581
286 292
286 584
287 584
288 325
288 482
290 400
293 294
294 300
294 364
294 365
294 367
294 368
294 370
294 371
294 373
294 374
294 375
295 594
296 299
297 419
297 592
297 599
298 299
299 300
299 370
300 367
300 599
301 302
301 303
301 304
301 305
301 317
301 385
301 386
301 586
302 305
303 304
303 311
303 317
303 386
304 305
304 311
304 317
304 324
305 311
305 317
305 324
305 335
305 336
306 311
310 314
311 315
311 317
312 315
313 314
315 316
315 392
317 321
317 388
317 389
318 319
318 320
319 320
320 333
320 334
320 336
321 335
321 389
321 390
321 395
322 325
322 327
322 328
322 582
322 583
323 327
323 328
324 328
324 335
325 583
326 327
326 329
327 328
327 329
328 329
328 332
328 335
328 530
328 583
329 331
329 332
329 333
329 335
331 333
332 333
332 335
333 335
335 336
335 529
335 530
337 338
337 340
337 342
337 343
337 382
337 405
337 406
337 419
338 339
338 340
338 342
338 343
338 346
338 347
338 363
338 377
338 380
338 381
338 382
338 405
338 483
339 347
339 374
339 377
339 380
339 381
339 382
340 342
340 343
340 344
340 346
340 347
340 381
340 382
340 405
341 357
341 444
342 343
342 346
342 347
342 361
342 363
342 382
342 405
343 346
343 347
343 360
343 361
343 362
343 363
343 405
344 347
344 348
344 409
344 410
345 352
345 358
345 360
345 361
345 362
345 363
346 347
346 349
346 353
346 405
347 382
347 405
348 409
348 410
348 411
348 413
350 357
351 352
351 359
351 360
351 361
351 414
352 358
352 359
352 360
352 361
352 362
352 363
352 414
354 356
354 363
354 365
355 356
356 362
358 360
358 361
358 363
359 361
359 363
360 361
360 363
360 414
361 363
361 414
362 363
364 365
364 367
364 368
364 370
364 371
364 373
364 422
364 434
365 367
365 368
365 370
365 371
365 373
365 374
365 405
365 422
365 590
365 591
367 371
367 373
367 374
367 434
367 599
368 370
368 375
368 421
368 422
369 372
369 441
370 420
370 421
370 422
370 591
371 373
371 374
372 421
373 374
373 434
374 377
374 430
374 433
374 434
375 422
377 378
377 380
377 381
377 382
377 405
379 380
380 381
380 382
381 382
381 405
382 405
383 409
384 391
384 393
384 402
385 386
387 495
389 395
389 400
390 395
390 400
391 393
391 398
391 402
393 398
394 472
394 493
394 495
394 496
394 520
394 545
394 594
395 400
397 533
397 536
398 401
399 534
399 553
401 412
402 474
402 489
402 495
403 491
404 491
406 407
406 416
406 419
407 409
407 487
408 465
409 410
409 411
409 491
411 412
411 413
411 491
412 413
415 437
415 442
417 418
417 467
417 497
419 436
420 421
421 422
421 591
421 596
422 429
422 488
423 424
423 491
424 451
425 430
425 446
425 466
427 455
428 452
430 431
430 434
430 436
430 440
432 451
432 461
434 460
435 500
437 442
437 448
437 449
438 470
439 444
442 446
442 448
447 449
448 449
449 451
449 490
450 466
451 461
451 490
453 468
453 510
453 527
454 464
455 456
455 461
455 576
456 458
457 578
459 499
463 464
463 558
463 561
463 571
464 468
465 490
465 492
465 502
465 519
465 528
467 498
468 510
469 473
471 475
472 559
473 590
475 559
476 478
478 540
478 542
478 550
478 554
478 555
478 556
478 560
478 567
481 483
485 507
489 495
490 492
493 495
493 509
493 513
493 520
493 540
493 542
493 544
493 545
493 550
493 565
493 567
493 573
494 496
494 514
494 518
494 545
494 552
495 509
495 511
495 520
495 581
499 500
499 502
499 503
499 505
499 576
500 502
500 504
500 505
501 503
502 503
502 505
502 519
502 576
505 517
505 596
508 512
509 520
509 565
511 581
512 513
512 571
513 540
513 541
513 542
513 545
513 550
513 552
513 565
513 567
513 573
514 515
515 518
515 521
515 543
515 545
516 577
516 600
518 521
518 543
518 545
518 573
520 521
520 524
520 525
520 544
520 545
521 540
521 542
521 543
521 544
521 545
521 560
521 573
526 559
528 576
531 534
532 540
532 548
532 549
532 550
532 551
532 552
532 553
532 554
532 555
533 536
533 553
535 546
536 537
538 540
539 541
540 542
540 544
540 548
540 550
540 551
540 554
540 555
540 556
540 560
540 565
540 567
540 573
541 573
542 544
542 545
542 550
542 554
542 557
542 560
542 565
542 567
542 573
542 581
543 544
543 545
544 545
544 573
545 573
547 548
547 549
548 550
548 551
548 552
548 553
549 553
550 551
550 552
550 554
550 555
550 560
550 565
550 573
551 552
551 553
551 555
554 555
554 556
554 560
554 565
554 567
554 573
555 560
557 560
557 563
558 561
558 571
560 570
560 573
564 593
565 567
565 573
567 581
569 570
570 573
570 574
571 574
589 590
590 591
594 595
596 600
597 600
