600 1797

1 4
1 20
1 21
1 22
1 23
1 37
1 38
1 98
1 142
1 302
1 304
1 305
1 321
1 322
1 324
1 335
1 443
2 4
2 5
2 36
2 131
2 184
2 304
2 445
3 6
3 7
3 11
4 5
4 21
4 22
4 23
4 24
4 38
4 98
4 301
4 302
4 304
4 305
4 322
4 335
4 443
4 445
5 24
5 36
5 301
5 304
5 308
5 335
5 445
7 296
7 306
8 17
9 307
10 309
10 310
11 93
11 94
11 386
12 16
12 18
12 315
13 310
14 312
15 17
15 313
15 314
16 19
16 315
16 318
16 319
16 320
16 334
17 19
17 318
17 331
18 98
19 21
19 23
19 35
19 37
19 318
19 319
19 320
19 324
19 331
19 333
19 334
20 21
20 23
20 38
20 98
20 100
20 221
20 287
20 302
20 304
20 305
20 317
20 321
20 335
20 389
21 22
21 23
21 24
21 28
21 30
21 32
21 35
21 37
21 38
21 98
21 100
21 220
21 221
21 302
21 304
21 305
21 317
21 318
21 319
21 320
21 321
21 322
21 324
21 332
21 335
21 394
22 23
22 24
22 25
22 28
22 30
22 31
22 33
22 34
22 35
22 142
22 302
22 304
22 305
22 322
22 323
22 324
22 328
22 332
22 333
22 335
22 415
22 443
23 24
23 25
23 28
23 30
23 32
23 33
23 35
23 38
23 220
23 304
23 305
23 319
23 320
23 321
23 322
23 324
23 329
23 332
23 333
23 334
23 335
24 25
24 28
24 30
24 38
24 304
24 305
24 322
24 324
24 332
24 333
24 335
25 28
25 33
25 35
25 142
25 305
25 322
25 323
25 324
25 332
25 333
25 334
26 27
26 30
26 324
26 326
26 329
26 419
27 30
27 324
27 326
27 329
28 30
28 31
28 32
28 33
28 34
28 35
28 305
28 319
28 320
28 322
28 324
28 332
28 333
28 335
29 312
29 326
30 31
30 32
30 33
30 34
30 305
30 322
30 324
30 326
30 329
30 332
31 33
31 34
31 35
31 109
31 305
31 322
31 324
31 328
31 332
31 333
31 335
31 443
32 35
32 324
32 333
33 34
33 35
33 38
33 109
33 220
33 287
33 305
33 322
33 323
33 324
33 327
33 332
33 333
33 335
33 394
33 443
33 458
33 530
34 35
34 36
34 287
34 305
34 324
34 332
34 333
34 335
34 443
35 38
35 304
35 305
35 319
35 320
35 324
35 332
35 333
35 334
35 335
36 38
36 304
36 323
36 327
36 332
36 335
37 38
37 302
37 318
37 319
37 320
37 334
37 336
38 98
38 221
38 302
38 304
38 305
38 317
38 320
38 321
38 322
38 324
38 335
38 394
38 443
39 42
40 58
40 60
40 61
40 64
40 82
40 341
40 348
40 350
40 353
40 356
40 357
40 359
40 372
40 413
40 440
41 88
41 338
41 339
41 381
42 45
42 46
42 47
42 48
42 54
42 347
43 44
43 56
43 122
43 127
44 55
44 56
44 57
44 58
44 60
44 341
44 344
44 348
44 349
44 353
44 354
44 356
44 444
45 47
45 48
46 47
46 48
46 54
46 115
46 347
47 48
47 54
47 343
47 346
47 347
47 409
48 54
48 56
48 346
48 347
49 57
49 60
49 64
49 123
49 124
49 149
49 345
49 417
49 418
49 420
49 438
49 448
49 449
50 121
50 147
50 351
50 412
51 59
51 62
51 63
51 65
51 66
51 67
51 345
51 351
51 352
51 358
51 362
51 363
51 447
52 55
52 57
52 60
52 64
52 82
52 117
52 121
52 123
52 124
52 147
52 150
52 341
52 350
52 411
52 413
52 416
52 417
52 418
53 57
53 118
53 356
53 357
53 362
54 56
54 346
54 347
54 349
55 57
55 60
55 64
55 121
55 123
55 124
55 147
55 341
55 348
55 413
55 416
55 418
55 497
56 58
56 60
56 341
57 58
57 60
57 64
57 124
57 147
57 341
57 345
57 348
57 350
57 354
57 356
57 357
57 411
57 413
57 414
57 416
57 420
58 60
58 61
58 67
58 341
58 345
58 353
58 354
58 356
58 359
58 362
58 363
59 62
59 63
59 65
59 66
59 152
59 345
59 351
59 352
59 357
59 358
59 362
59 363
59 447
60 61
60 64
60 67
60 82
60 124
60 341
60 345
60 348
60 350
60 353
60 354
60 356
60 357
60 359
60 372
60 413
60 414
60 418
60 438
60 440
60 447
61 75
61 80
61 89
61 91
61 353
61 354
61 359
62 63
62 65
62 351
62 352
62 358
62 360
63 65
63 66
63 351
63 352
63 358
63 362
64 82
64 121
64 124
64 147
64 149
64 341
64 345
64 348
64 350
64 357
64 372
64 411
64 412
64 413
64 414
64 416
64 417
64 418
64 420
64 438
64 440
64 447
65 66
65 67
65 78
65 152
65 345
65 351
65 352
65 356
65 357
65 358
65 362
65 363
65 438
65 447
66 67
66 345
66 351
66 353
66 356
66 358
66 362
66 363
66 447
67 345
67 353
67 359
67 362
67 363
67 447
68 75
68 82
68 140
68 364
68 368
68 434
69 70
69 79
69 365
70 365
71 297
71 373
71 592
72 74
72 75
73 79
75 359
76 129
76 261
77 370
78 358
80 81
80 89
80 90
81 83
81 84
81 86
81 87
81 88
81 89
81 91
81 374
81 380
81 381
82 350
82 411
82 414
83 84
83 87
83 130
83 374
84 85
84 86
84 87
84 88
84 89
84 374
84 377
84 380
85 86
85 87
85 377
85 380
86 87
86 88
86 89
86 373
86 377
86 380
87 88
87 89
87 377
87 380
88 89
88 90
88 338
88 367
88 377
88 380
88 381
89 91
89 367
89 380
89 381
90 425
91 374
92 95
92 114
93 94
93 95
93 299
93 386
95 96
95 105
95 112
95 114
95 383
95 385
96 100
96 101
96 103
96 106
96 110
96 119
96 120
96 188
96 194
96 389
97 99
98 221
98 298
98 302
98 304
98 305
98 317
98 321
99 262
100 101
100 103
100 221
100 321
100 389
101 103
101 188
102 223
103 105
103 106
103 110
103 188
103 394
104 105
105 106
105 110
105 119
105 224
105 395
106 110
106 119
106 120
106 389
106 391
106 530
107 109
107 110
107 119
107 120
107 225
107 393
107 399
108 192
108 501
109 116
109 120
109 221
109 321
109 332
109 335
109 393
109 394
110 119
110 194
110 224
110 389
110 391
110 395
110 399
111 212
112 114
112 116
112 131
112 141
112 195
112 423
113 117
114 116
114 141
114 191
116 117
116 120
116 141
116 191
116 201
119 120
119 191
119 213
119 224
119 225
119 321
119 389
119 397
119 399
119 534
120 321
120 399
120 534
121 123
121 124
121 147
121 195
121 398
121 412
121 416
121 417
121 418
121 420
121 497
123 124
123 125
123 147
123 150
123 195
123 416
123 417
123 418
123 497
124 147
124 149
124 150
124 350
124 411
124 413
124 416
124 417
124 418
124 440
124 448
124 497
125 195
125 196
125 417
125 418
125 449
126 141
128 208
129 140
129 422
129 448
132 134
133 428
134 135
134 162
136 139
136 161
136 446
137 140
137 142
137 439
137 446
137 448
138 139
140 142
140 149
140 162
140 440
140 446
140 448
141 191
142 439
142 448
143 144
143 146
143 443
144 146
144 443
145 445
146 443
146 445
147 350
147 412
147 416
147 417
147 418
147 440
147 497
148 163
148 437
148 442
148 456
148 462
148 466
149 150
149 417
149 418
149 437
149 438
149 440
149 446
149 448
150 416
150 417
150 418
150 432
150 437
150 440
150 443
150 446
150 461
150 497
151 446
152 357
152 358
152 362
152 438
153 272
154 155
154 196
154 213
155 267
156 232
156 234
156 268
156 271
156 525
157 207
157 273
158 277
159 456
160 432
160 599
162 428
162 448
163 254
163 462
163 464
164 264
165 556
166 170
167 168
168 170
168 172
169 477
169 559
171 276
171 472
172 248
172 546
173 523
174 217
174 526
175 177
175 179
175 180
175 288
175 484
175 523
175 526
176 177
176 179
176 182
176 480
177 179
177 182
177 526
178 255
178 270
178 566
179 182
179 482
181 288
182 482
183 250
185 242
186 253
186 292
186 426
186 576
187 188
188 194
189 193
189 202
189 203
189 489
189 493
190 191
190 210
191 194
191 199
191 224
193 202
193 203
195 196
195 417
196 213
197 525
198 202
200 204
200 502
202 203
202 214
202 233
203 214
203 234
205 429
205 443
206 525
207 489
207 518
207 581
208 209
208 215
208 216
208 231
208 263
208 264
208 265
208 266
208 270
208 280
209 231
209 265
209 541
209 542
211 230
211 493
211 515
211 516
211 518
211 541
211 542
212 224
213 224
214 215
214 233
214 234
214 268
214 281
215 263
215 265
216 231
216 252
216 265
216 266
216 280
216 524
217 251
217 526
218 527
219 254
219 279
220 221
220 222
220 287
220 305
220 321
220 322
220 324
220 332
220 393
220 394
220 530
221 287
221 304
221 317
221 321
221 335
221 389
221 394
222 529
222 533
223 532
224 389
224 395
224 397
224 399
224 532
224 533
225 534
226 238
226 239
226 535
226 550
227 478
227 508
228 229
228 239
228 255
228 256
228 262
228 269
228 270
229 230
229 231
229 232
229 252
229 256
229 269
229 507
229 511
229 540
229 544
229 550
229 572
229 573
229 581
230 231
230 265
230 269
230 511
230 515
230 516
230 540
230 541
230 542
230 550
230 572
230 573
230 581
231 256
231 265
231 269
231 270
231 540
231 541
231 542
231 573
232 233
232 234
232 269
232 521
232 560
232 569
233 234
233 268
233 269
234 265
234 268
234 515
234 525
235 236
235 283
235 285
235 478
235 546
235 579
235 583
236 238
236 286
236 547
236 579
236 583
237 240
237 529
237 549
237 553
237 583
238 239
238 240
238 243
238 535
238 547
239 243
239 535
239 547
240 529
240 549
240 553
241 529
241 549
241 551
241 553
242 578
244 553
245 246
245 549
247 256
248 250
248 556
249 470
250 254
250 272
250 279
250 561
252 266
253 291
253 462
254 561
255 566
256 269
256 566
257 294
258 259
258 293
259 281
259 295
260 264
260 294
263 265
263 270
264 265
264 266
265 266
265 268
265 270
265 542
265 573
266 270
267 274
268 269
268 528
268 571
268 572
268 573
269 270
269 544
269 571
269 572
269 573
270 573
272 574
275 455
276 277
277 281
278 280
282 583
283 580
284 533
285 286
285 529
285 583
285 584
286 287
286 529
286 583
286 584
287 305
287 321
287 332
287 394
287 530
287 582
287 584
289 312
290 487
292 575
294 591
298 300
301 303
301 304
302 304
302 305
302 317
302 321
302 322
302 324
302 335
302 336
302 443
303 304
304 305
304 317
304 321
304 322
304 335
304 443
305 319
305 320
305 321
305 322
305 323
305 324
305 332
305 333
305 335
305 394
305 443
307 311
310 311
310 316
312 318
312 319
312 331
313 314
313 315
314 315
314 316
315 318
317 321
318 319
318 320
318 331
318 334
319 320
319 324
319 331
319 333
319 334
319 336
320 322
320 324
320 331
320 333
320 334
320 335
320 336
321 332
321 335
321 389
321 394
321 399
321 443
322 324
322 328
322 329
322 332
322 335
322 394
322 443
323 327
323 328
323 332
323 335
323 370
323 443
324 329
324 332
324 333
324 334
324 335
324 415
325 328
326 329
326 530
326 584
327 332
327 335
327 443
328 332
329 331
330 332
332 333
332 335
332 393
332 394
332 398
332 443
332 530
333 334
333 335
335 443
337 340
337 342
337 343
337 344
337 346
337 410
338 371
338 380
338 381
339 341
339 359
339 381
339 413
339 434
340 342
340 343
340 344
340 346
340 409
340 410
341 345
341 348
341 350
341 353
341 354
341 355
341 356
341 359
341 413
341 444
342 343
342 344
342 346
343 344
343 346
343 347
343 409
344 346
344 349
344 382
345 354
345 356
345 357
345 358
345 362
345 363
345 438
345 447
345 537
346 347
347 349
348 396
348 411
348 413
350 357
350 372
350 411
350 413
350 414
350 416
350 438
350 440
351 352
351 358
351 360
351 362
351 363
351 447
352 358
352 360
352 362
353 354
353 356
353 359
353 363
354 356
354 359
354 363
356 357
356 359
356 362
356 363
356 438
357 358
357 362
357 372
357 411
357 413
357 414
357 438
357 440
358 360
358 362
358 438
359 372
359 413
361 414
362 363
362 447
363 447
364 368
364 428
365 366
365 429
367 380
367 381
368 369
372 411
372 413
372 414
373 376
375 422
377 380
378 403
379 436
379 480
380 381
384 408
385 402
386 594
387 489
387 511
387 535
387 538
387 539
387 540
387 544
387 547
387 548
387 550
387 554
387 579
387 581
387 595
388 580
389 399
390 391
390 495
390 549
391 395
391 495
391 530
391 533
391 555
392 495
393 394
393 395
393 397
393 399
393 504
393 514
393 530
394 487
394 504
394 530
395 397
395 399
395 451
395 490
395 491
395 492
395 514
395 520
395 533
396 398
396 410
396 411
396 413
396 416
397 399
397 451
397 467
397 490
397 533
397 534
398 400
398 401
398 412
398 415
398 416
398 418
398 443
398 492
399 520
399 533
399 534
401 412
401 443
401 534
402 586
403 423
404 435
405 406
406 407
406 408
406 410
406 421
406 492
407 408
407 435
407 492
408 492
408 514
409 410
411 413
411 414
411 416
411 418
411 440
412 417
413 414
413 416
413 418
413 434
413 438
413 440
414 438
415 418
415 439
415 446
415 448
416 417
416 418
416 420
416 440
416 497
417 418
417 435
417 440
417 443
417 448
417 497
418 420
418 422
418 432
418 439
418 440
418 443
418 448
418 449
418 497
419 504
421 431
422 424
422 439
422 448
422 449
426 427
428 578
430 432
430 434
430 441
433 434
434 448
434 506
435 440
437 442
437 446
437 456
438 440
439 448
439 449
440 446
440 448
442 462
443 445
443 497
445 534
446 448
448 449
449 466
450 510
450 600
451 490
452 453
453 527
454 515
455 456
456 462
456 504
457 577
459 499
460 501
463 465
463 474
463 558
463 561
466 468
469 523
470 523
471 473
472 476
473 523
475 478
477 523
477 559
478 587
478 593
479 526
480 482
480 483
480 485
481 523
482 585
486 488
486 552
486 589
489 493
489 511
489 516
489 518
489 540
489 548
489 549
489 554
489 579
489 581
490 491
490 494
490 495
490 496
491 492
491 494
491 514
492 513
492 514
493 495
493 516
493 518
493 553
493 554
494 495
494 514
495 496
495 501
495 549
495 553
496 500
496 501
496 502
496 519
498 520
499 502
502 505
503 516
504 530
509 554
510 512
511 516
511 540
511 548
511 550
511 554
511 579
511 581
512 541
513 514
514 530
515 516
515 518
515 521
515 527
515 540
515 541
515 542
515 545
515 548
515 573
515 581
516 517
516 518
516 540
516 542
516 573
518 521
518 540
518 541
518 542
518 545
518 548
518 581
521 540
521 543
521 544
521 545
521 548
521 560
521 569
521 572
521 573
521 581
522 576
523 526
523 559
523 576
526 562
529 530
529 549
529 553
529 583
529 584
530 584
531 584
532 533
532 551
535 536
535 540
535 547
535 548
535 550
535 554
535 579
535 581
538 543
538 547
538 579
539 547
539 579
539 595
540 541
540 542
540 544
540 545
540 548
540 550
540 554
540 567
540 572
540 573
540 579
540 581
541 542
541 548
541 554
541 564
541 573
542 548
542 554
542 572
542 573
542 581
543 547
543 548
543 560
543 579
544 550
544 560
544 571
544 572
545 548
545 569
545 579
545 581
546 579
547 548
547 550
547 579
547 581
547 583
548 550
548 554
548 569
548 579
548 581
549 553
549 554
549 579
549 583
550 554
550 579
550 581
551 552
553 554
553 555
554 564
554 581
557 574
558 561
558 563
560 569
560 571
565 568
565 598
565 599
566 567
569 570
569 579
569 581
571 573
572 573
576 577
579 581
583 584
588 593
590 596
595 597
596 597
