600 1797

1 5
2 4
2 305
2 321
2 329
3 5
3 6
3 7
4 5
4 20
4 21
4 24
4 32
4 35
4 36
4 37
4 38
4 94
4 100
4 106
4 221
4 237
4 302
4 305
4 321
4 322
4 323
4 324
4 327
4 329
4 333
4 335
4 389
4 530
4 583
5 18
5 20
5 21
5 24
5 38
5 93
5 94
5 302
5 304
5 305
5 321
5 322
5 324
7 10
7 303
8 315
9 245
11 19
11 20
11 21
11 94
11 319
11 320
11 321
11 330
11 389
12 16
12 315
13 182
14 318
15 18
16 315
16 316
16 317
16 319
17 19
19 20
19 37
19 94
19 318
19 319
19 320
19 321
19 334
20 21
20 37
20 94
20 100
20 302
20 305
20 318
20 319
20 320
20 321
20 330
20 335
20 389
21 35
21 37
21 38
21 94
21 95
21 96
21 97
21 100
21 101
21 103
21 104
21 106
21 107
21 117
21 302
21 305
21 320
21 321
21 322
21 324
21 329
21 333
21 335
21 386
21 389
21 391
21 395
21 400
21 530
21 580
22 36
22 287
22 549
23 24
23 35
23 323
23 324
24 35
24 122
24 302
24 305
24 322
24 323
24 324
24 329
24 333
25 284
25 287
26 237
27 32
28 30
28 31
28 33
28 237
28 287
29 30
29 31
29 330
30 31
30 32
30 33
30 237
30 287
30 329
30 330
30 333
30 549
31 33
31 34
31 36
31 237
31 287
31 290
31 329
31 330
31 332
31 549
31 583
31 584
32 33
32 35
32 36
32 106
32 221
32 237
32 287
32 329
32 331
32 333
32 530
32 549
33 34
33 220
33 221
33 237
33 287
33 329
33 332
33 333
33 549
33 583
34 36
34 237
34 285
34 287
34 332
34 549
34 584
35 36
35 37
35 38
35 100
35 106
35 221
35 305
35 321
35 322
35 323
35 324
35 329
35 331
35 333
35 335
35 389
35 391
35 395
35 415
35 530
36 38
36 106
36 221
36 237
36 287
36 322
36 323
36 324
36 329
36 330
36 332
36 333
36 335
36 530
36 549
36 583
37 38
37 94
37 96
37 97
37 100
37 101
37 103
37 117
37 120
37 221
37 301
37 302
37 305
37 320
37 321
37 322
37 323
37 324
37 333
37 334
37 335
37 386
37 389
37 391
37 395
37 400
37 530
38 96
38 97
38 100
38 103
38 117
38 120
38 221
38 305
38 320
38 321
38 322
38 323
38 324
38 333
38 334
38 335
38 336
38 386
38 389
38 391
38 530
38 580
39 125
40 149
40 441
41 43
41 48
41 89
41 339
41 342
42 92
42 112
42 114
42 115
42 123
42 124
42 147
42 403
42 406
42 407
42 417
43 48
43 338
43 339
43 342
43 382
44 58
44 341
45 46
45 47
45 48
46 48
48 342
48 346
49 126
50 156
50 351
51 58
51 62
51 66
51 345
51 355
51 356
51 358
51 360
51 362
52 350
53 351
53 412
54 56
54 61
54 81
54 349
55 116
55 118
55 120
55 348
55 387
55 409
55 410
55 413
55 416
56 60
56 61
56 73
56 359
57 418
58 61
58 65
58 345
58 355
58 356
59 64
59 361
60 353
60 359
60 414
61 65
61 345
61 349
61 354
61 355
62 66
62 67
62 356
62 358
62 360
62 362
62 363
63 358
64 414
65 81
66 67
66 309
66 356
66 360
66 362
67 354
67 356
67 358
67 360
67 362
67 363
68 293
68 365
69 365
69 368
70 132
71 296
72 372
73 75
73 79
73 139
73 359
74 269
75 79
76 299
76 422
77 371
78 82
78 250
79 139
79 341
79 434
80 84
80 87
80 126
80 374
80 380
80 434
80 436
83 422
84 87
84 126
84 374
84 434
85 262
86 90
87 126
87 374
87 380
87 434
88 117
90 122
90 350
91 149
92 95
92 115
92 173
93 94
93 95
93 96
93 100
93 101
93 107
93 120
93 320
93 391
93 395
93 416
93 580
94 95
94 96
94 97
94 100
94 101
94 103
94 117
94 302
94 305
94 319
94 320
94 321
94 386
94 389
94 391
94 580
95 96
95 99
95 100
95 101
95 103
95 104
95 107
95 108
95 109
95 110
95 111
95 115
95 116
95 117
95 118
95 120
95 189
95 201
95 321
95 385
95 386
95 389
95 390
95 391
95 395
95 398
95 400
95 401
96 97
96 99
96 100
96 101
96 103
96 104
96 105
96 107
96 110
96 111
96 115
96 116
96 117
96 118
96 120
96 189
96 320
96 321
96 335
96 386
96 389
96 390
96 391
96 395
96 398
96 400
96 401
96 419
96 530
97 98
97 99
97 100
97 101
97 103
97 117
97 305
97 320
97 321
97 335
97 386
97 389
97 391
97 530
99 101
99 107
99 109
99 110
99 111
99 115
99 116
99 117
99 118
99 120
99 123
99 130
99 262
99 335
99 378
99 395
99 398
99 400
99 401
99 419
99 530
100 101
100 103
100 104
100 105
100 106
100 110
100 117
100 120
100 189
100 302
100 305
100 320
100 321
100 322
100 324
100 333
100 335
100 386
100 389
100 390
100 391
100 392
100 395
100 400
100 487
100 530
100 580
101 103
101 104
101 107
101 115
101 117
101 120
101 187
101 320
101 321
101 335
101 385
101 386
101 389
101 390
101 391
101 395
101 400
101 401
101 580
102 336
103 104
103 111
103 117
103 120
103 189
103 305
103 320
103 321
103 335
103 336
103 385
103 386
103 389
103 390
103 391
103 395
103 400
103 410
103 580
104 105
104 106
104 108
104 110
104 111
104 120
104 189
104 386
104 390
104 391
104 395
104 400
105 106
105 110
105 194
105 221
105 222
105 328
105 395
105 397
105 398
105 399
105 530
105 533
106 110
106 221
106 333
106 335
106 392
106 395
106 530
107 111
107 118
107 120
107 262
107 301
107 335
107 391
107 395
107 401
107 416
107 419
107 530
108 111
108 189
108 385
108 390
108 391
108 393
108 395
108 400
108 401
108 581
109 110
109 115
109 116
109 119
109 120
109 121
109 401
109 595
110 115
110 119
110 120
110 121
110 189
110 221
110 222
110 390
110 395
110 397
110 399
110 400
110 401
110 487
110 530
111 115
111 120
111 189
111 378
111 385
111 386
111 390
111 391
111 395
111 400
111 401
111 410
111 419
112 113
112 114
112 115
112 124
112 147
112 450
112 451
112 595
113 114
114 123
114 124
114 125
114 154
114 233
114 298
114 450
114 451
114 490
115 116
115 120
115 123
115 130
115 201
115 395
115 401
115 419
116 117
116 118
116 120
116 130
116 337
116 378
116 387
116 416
117 118
117 120
117 320
117 321
117 335
117 378
117 386
117 389
117 391
117 409
117 410
117 530
118 120
118 124
118 348
118 378
118 387
118 391
118 401
118 409
118 410
118 416
119 121
119 225
119 595
120 121
120 124
120 335
120 378
120 386
120 390
120 391
120 395
120 398
120 400
120 401
120 409
120 410
120 416
120 419
120 530
121 307
121 401
122 519
123 124
123 130
123 416
123 417
123 419
123 530
124 125
124 147
124 416
124 417
124 595
125 154
126 140
126 374
126 434
127 502
128 215
128 260
128 264
128 280
128 300
129 370
130 262
131 277
132 133
132 563
133 535
134 446
135 275
136 148
136 152
136 159
136 160
136 161
136 332
136 428
136 437
136 448
136 449
136 451
136 455
136 456
136 458
136 464
136 466
137 138
138 139
138 367
139 373
140 430
140 434
140 435
141 149
142 144
143 234
144 148
145 262
146 227
146 437
146 444
147 412
147 417
148 158
148 159
148 162
148 163
148 428
148 437
148 449
148 455
148 456
148 458
148 462
148 464
148 466
148 575
148 576
149 435
149 437
149 440
149 448
150 366
150 437
150 446
151 272
153 163
153 269
153 277
153 465
155 190
155 274
156 515
157 515
158 253
158 440
158 455
158 456
158 462
158 575
159 161
159 199
159 428
159 437
159 442
159 455
159 456
159 458
159 464
159 466
160 437
160 456
161 432
161 437
161 458
161 466
162 163
162 253
162 275
162 455
162 462
162 464
162 558
162 561
162 575
163 250
163 253
163 275
163 462
163 463
163 464
163 558
163 561
164 197
164 497
165 167
166 168
166 471
167 202
168 207
168 288
168 475
169 276
169 472
170 206
170 247
171 191
172 478
173 174
175 265
175 482
176 190
177 482
178 259
178 260
178 270
178 278
178 279
178 280
179 181
179 182
180 599
182 206
183 259
184 301
185 428
186 294
188 189
188 283
189 385
189 386
189 390
189 391
189 395
189 400
189 401
189 402
189 487
189 581
190 490
191 194
192 495
193 194
193 399
195 202
195 211
195 218
195 230
196 212
196 218
196 234
196 244
196 267
197 509
198 200
200 261
201 503
202 211
202 214
202 229
202 230
203 281
204 477
205 213
206 265
206 271
206 476
206 542
207 230
207 495
208 209
208 229
208 244
208 263
208 264
208 265
208 295
209 211
209 213
209 229
209 230
209 231
209 244
209 265
210 216
210 295
211 213
211 229
211 230
211 231
211 493
211 495
211 542
213 218
213 229
213 230
213 271
213 493
215 260
215 300
216 276
216 524
217 566
218 230
218 234
218 266
218 267
218 273
219 268
219 269
219 270
219 272
219 278
220 221
220 222
220 287
220 397
220 533
220 553
221 222
221 287
221 328
221 329
221 332
221 333
221 335
221 397
221 530
221 533
221 549
221 583
222 223
222 397
222 399
222 533
222 553
223 226
223 239
223 240
223 548
223 551
223 553
223 555
224 245
224 251
224 531
227 439
227 536
227 551
227 552
228 282
228 540
229 230
229 231
229 236
229 244
229 247
229 255
229 265
229 266
229 271
229 542
229 556
229 557
229 560
230 231
230 235
230 236
230 244
230 266
230 493
230 560
231 243
231 265
231 513
231 555
232 449
232 518
232 543
232 544
232 545
234 244
234 267
235 236
235 238
235 248
235 546
235 547
236 238
236 248
236 255
236 271
236 542
236 547
236 550
236 556
236 560
237 287
237 329
237 330
237 332
237 333
237 549
237 584
238 240
238 241
238 531
238 547
238 550
239 548
239 551
239 555
240 555
241 248
241 250
241 546
241 555
242 275
242 552
242 561
243 263
244 246
245 246
245 531
246 531
247 252
247 255
247 263
247 265
247 268
247 556
248 250
248 254
248 478
248 556
249 251
250 253
250 254
250 275
250 463
250 558
250 561
252 265
252 268
252 269
252 512
252 557
253 275
253 439
253 455
253 462
253 463
253 552
253 558
253 561
253 575
254 463
255 263
255 265
255 542
255 556
255 557
256 265
256 557
257 294
257 296
258 259
258 264
258 293
259 261
259 268
259 270
259 272
259 296
260 264
260 278
260 280
262 477
263 264
264 280
265 271
265 513
265 542
265 557
268 269
268 270
268 565
269 270
270 272
270 278
270 279
270 565
271 493
271 512
271 513
271 542
271 556
271 557
271 574
272 278
272 279
272 280
275 462
275 463
275 558
275 561
275 575
277 278
277 465
277 466
277 576
277 578
278 279
278 280
278 297
278 465
279 280
279 297
279 465
280 297
281 466
281 578
285 287
286 325
287 329
287 332
287 333
287 549
287 583
287 584
289 586
291 367
292 382
296 297
301 302
301 391
301 419
302 304
302 305
302 321
302 322
302 324
302 329
302 333
302 389
302 580
303 304
304 305
304 306
304 308
304 312
304 324
304 389
304 580
305 320
305 321
305 322
305 323
305 324
305 329
305 333
305 336
305 389
305 391
305 530
305 580
310 498
311 334
313 495
314 569
315 316
315 317
316 317
316 319
317 319
317 356
317 360
317 362
318 319
318 320
319 320
320 321
320 334
320 335
320 386
320 389
320 391
320 580
321 322
321 324
321 333
321 335
321 386
321 389
321 391
321 395
321 530
321 580
322 323
322 333
322 389
323 324
323 333
324 329
324 333
324 389
324 530
324 580
325 584
325 587
326 334
328 330
328 529
328 533
328 583
329 331
329 333
329 530
329 549
330 332
330 333
330 335
330 549
330 583
331 333
332 333
332 335
332 530
332 533
332 549
332 583
332 584
333 335
333 530
333 549
333 583
334 335
335 386
335 389
335 391
335 395
335 400
335 419
335 530
335 583
336 392
336 580
337 340
337 348
337 381
337 405
337 413
338 339
338 342
338 343
338 347
338 381
338 382
339 342
339 343
339 347
339 382
340 344
340 346
340 348
340 381
340 413
341 349
341 434
342 343
342 347
342 382
343 347
343 382
343 579
344 346
344 348
344 350
344 376
344 381
344 387
344 409
344 410
344 413
345 349
345 354
345 355
345 356
346 413
347 350
347 364
347 381
347 382
347 579
348 350
348 378
348 381
348 387
348 409
348 410
348 413
349 353
349 354
349 357
349 434
351 447
352 355
353 354
353 357
353 359
353 361
353 414
354 355
354 356
354 358
354 361
354 363
355 356
355 358
355 362
356 358
356 360
356 362
357 371
358 360
358 361
358 362
358 363
359 414
360 361
360 362
360 363
361 363
362 363
369 480
370 421
372 375
372 421
374 434
375 376
376 377
377 379
378 387
378 409
378 410
378 416
380 425
381 405
383 403
384 385
384 390
384 391
384 398
384 400
384 401
384 489
385 386
385 390
385 391
385 395
385 400
385 401
385 402
385 487
385 580
385 581
386 387
386 389
386 390
386 391
386 395
386 400
386 401
386 410
386 580
386 581
387 391
387 409
387 410
387 416
387 579
387 580
387 581
388 579
388 580
389 391
389 395
389 530
389 580
390 391
390 395
390 398
390 400
390 401
390 487
390 581
390 586
391 395
391 400
391 401
391 410
391 487
391 580
391 581
393 394
393 398
393 400
393 402
393 489
393 495
394 495
395 398
395 400
395 401
395 419
395 487
395 530
395 581
396 398
396 406
396 460
396 491
396 501
397 399
397 501
397 533
397 536
398 400
398 401
398 460
399 401
399 412
399 417
399 533
399 534
400 401
400 410
400 581
401 410
401 581
402 489
402 511
403 406
404 451
404 501
406 407
406 491
406 500
406 501
408 411
408 491
408 492
409 410
409 416
410 416
412 417
412 418
416 419
418 427
419 530
420 422
420 599
423 424
424 450
426 439
428 432
428 437
428 448
428 455
428 456
428 466
428 470
428 501
429 440
430 431
430 434
430 435
433 434
435 461
437 440
437 455
437 456
437 464
438 455
439 443
439 455
439 518
439 552
439 558
439 561
440 456
442 458
442 464
442 490
443 445
449 452
449 458
449 517
449 518
449 544
449 576
450 451
450 469
450 599
451 491
451 501
453 544
454 515
455 456
455 458
455 462
455 464
455 466
455 558
455 561
455 575
455 576
456 458
456 464
457 593
458 464
458 465
458 466
458 576
459 466
459 499
459 502
459 516
459 576
459 577
460 501
460 537
462 463
462 558
462 561
462 563
462 575
463 558
463 561
463 570
464 466
464 558
464 575
465 466
465 564
465 578
466 576
467 520
468 528
468 566
468 570
469 473
474 505
476 485
476 569
477 523
479 482
480 598
481 486
481 512
481 538
482 483
482 585
483 484
488 566
488 568
489 511
490 491
490 492
490 505
490 517
491 501
491 502
493 495
493 498
493 509
493 513
494 514
494 589
495 509
495 562
496 542
498 521
499 502
499 599
501 502
502 504
502 516
502 599
505 517
506 535
507 509
508 527
508 565
509 525
510 517
512 541
512 556
512 567
512 573
512 574
513 542
513 556
513 574
514 589
518 544
520 521
521 571
522 572
526 533
526 559
528 570
530 583
531 540
531 541
531 555
532 534
532 548
532 553
533 553
533 583
539 590
539 595
539 597
539 600
541 560
542 556
542 557
542 560
542 567
542 569
542 574
543 544
546 547
546 551
547 550
548 551
548 553
548 555
549 583
549 584
550 554
551 552
551 555
552 558
552 561
556 557
556 560
556 567
556 569
556 574
557 567
558 561
560 569
565 592
566 568
567 569
567 574
568 589
568 591
568 593
569 574
570 573
572 574
573 598
574 594
580 581
582 583
583 584
588 591
596 599
597 600
599 600
