600 5392

1 38
2 3
2 4
2 5
2 11
2 16
2 20
2 21
2 37
2 38
2 100
2 302
2 303
2 304
2 305
2 317
2 319
2 320
2 322
2 323
2 324
2 329
2 334
2 395
3 4
3 6
3 12
3 14
3 16
3 18
3 303
3 315
3 317
3 319
4 5
4 11
4 16
4 19
4 20
4 21
4 23
4 24
4 27
4 30
4 37
4 38
4 100
4 305
4 315
4 317
4 318
4 319
4 320
4 322
4 323
4 324
4 334
4 336
5 16
5 19
5 20
5 21
5 23
5 24
5 27
5 29
5 37
5 38
5 304
5 305
5 308
5 318
5 319
5 322
5 323
5 324
5 326
6 12
6 14
6 17
6 18
6 178
6 179
6 306
6 313
6 315
6 482
7 312
8 12
9 363
10 361
11 303
11 317
12 14
12 15
12 17
12 18
12 177
12 179
12 306
12 309
12 313
12 315
12 317
12 482
13 522
14 15
14 17
14 312
14 313
14 315
14 316
14 318
15 17
15 102
15 315
15 316
15 318
16 19
16 20
16 21
16 23
16 24
16 27
16 29
16 37
16 304
16 305
16 308
16 312
16 315
16 318
16 319
16 324
16 326
17 18
17 19
17 102
17 315
17 316
17 318
18 98
18 100
18 102
18 315
18 316
18 317
19 20
19 21
19 23
19 24
19 27
19 29
19 37
19 38
19 100
19 305
19 315
19 318
19 319
19 320
19 322
19 323
19 324
19 326
19 334
19 336
19 529
20 21
20 23
20 24
20 27
20 30
20 37
20 38
20 100
20 304
20 305
20 317
20 318
20 319
20 320
20 322
20 323
20 324
20 329
20 334
20 336
20 395
20 529
21 23
21 24
21 26
21 27
21 30
21 35
21 37
21 38
21 100
21 305
21 317
21 318
21 319
21 320
21 322
21 323
21 324
21 328
21 329
21 331
21 332
21 333
21 334
21 335
21 336
21 529
22 23
22 26
22 30
22 31
22 32
22 33
22 34
22 35
22 36
22 38
22 320
22 323
22 328
22 329
22 332
22 333
22 335
23 24
23 26
23 27
23 28
23 30
23 32
23 34
23 35
23 37
23 38
23 305
23 319
23 320
23 323
23 324
23 328
23 329
23 332
23 333
23 334
23 335
23 336
24 27
24 29
24 308
24 312
24 318
24 324
24 326
25 284
25 286
25 287
25 291
25 325
25 327
25 582
25 583
26 27
26 28
26 30
26 31
26 32
26 33
26 34
26 35
26 36
26 38
26 320
26 323
26 324
26 327
26 328
26 329
26 332
26 333
26 334
26 335
26 336
27 29
27 30
27 38
27 318
27 319
27 323
27 324
27 326
27 329
27 335
27 336
27 395
28 30
28 31
28 34
28 35
28 38
28 327
28 332
29 308
29 312
29 318
29 324
29 326
30 31
30 32
30 33
30 34
30 35
30 36
30 37
30 38
30 221
30 319
30 320
30 323
30 324
30 327
30 328
30 329
30 331
30 332
30 333
30 334
30 335
30 336
31 32
31 33
31 35
31 36
31 38
31 174
31 249
31 290
31 320
31 323
31 327
31 328
31 329
31 332
31 333
31 336
32 35
32 36
32 38
32 320
32 323
32 327
32 328
32 329
32 331
32 332
32 333
32 334
32 335
33 34
33 36
33 38
33 244
33 328
33 329
33 332
33 333
33 335
34 36
34 38
34 323
34 329
34 332
34 333
34 335
35 36
35 37
35 38
35 221
35 320
35 323
35 327
35 328
35 329
35 331
35 332
35 333
35 334
35 335
35 336
36 38
36 119
36 244
36 323
36 328
36 329
36 330
36 331
36 332
36 333
36 335
36 339
36 397
36 445
36 530
37 38
37 100
37 305
37 318
37 319
37 320
37 322
37 323
37 324
37 328
37 329
37 331
37 333
37 334
37 336
38 100
38 221
38 319
38 320
38 322
38 323
38 324
38 327
38 328
38 329
38 332
38 333
38 334
38 335
38 336
38 395
38 397
39 41
39 42
39 44
39 52
39 53
39 55
39 60
39 61
39 64
39 65
39 72
39 75
39 82
39 87
39 88
39 89
39 91
39 109
39 112
39 113
39 114
39 115
39 117
39 118
39 124
39 130
39 341
39 345
39 348
39 350
39 376
39 394
39 396
39 398
39 403
39 406
39 413
39 421
39 422
39 423
39 424
39 440
39 444
40 43
40 44
40 48
40 49
40 51
40 55
40 58
40 60
40 61
40 63
40 64
40 74
40 75
40 79
40 80
40 82
40 84
40 87
40 89
40 91
40 126
40 137
40 140
40 149
40 150
40 341
40 345
40 348
40 353
40 369
40 372
40 396
40 406
40 413
40 423
40 440
40 441
40 444
41 48
41 49
41 52
41 55
41 65
41 68
41 69
41 71
41 72
41 79
41 80
41 81
41 82
41 84
41 85
41 86
41 87
41 88
41 89
41 91
41 118
41 130
41 137
41 152
41 337
41 341
41 350
41 364
41 365
41 367
41 370
41 372
41 374
41 376
41 377
41 378
41 380
41 381
41 396
41 403
41 404
41 405
41 406
41 420
41 421
41 422
41 423
41 424
41 430
41 434
41 440
42 45
42 46
42 47
42 53
42 54
42 60
42 115
42 116
42 117
43 44
43 48
43 49
43 52
43 79
43 80
43 84
43 89
43 90
43 91
43 122
43 140
43 150
43 151
43 338
43 341
43 440
44 48
44 49
44 51
44 53
44 55
44 58
44 60
44 61
44 63
44 65
44 66
44 75
44 79
44 80
44 82
44 84
44 87
44 88
44 89
44 91
44 113
44 126
44 137
44 139
44 140
44 150
44 341
44 345
44 348
44 353
44 396
44 406
44 413
44 418
44 423
44 440
44 441
44 444
45 46
45 47
45 54
45 115
45 116
45 410
46 47
46 53
46 54
46 115
46 116
46 117
47 53
47 54
47 56
47 115
47 116
47 117
47 128
47 408
47 409
48 52
48 53
48 54
48 65
48 67
48 87
48 89
48 91
48 115
48 116
48 342
48 344
48 347
48 350
48 353
48 406
48 407
48 408
48 410
48 440
48 491
49 52
49 57
49 65
49 68
49 69
49 79
49 80
49 81
49 82
49 84
49 87
49 89
49 90
49 91
49 125
49 134
49 135
49 137
49 138
49 140
49 149
49 150
49 151
49 152
49 337
49 338
49 341
49 350
49 365
49 367
49 370
49 372
49 374
49 376
49 380
49 381
49 396
49 398
49 403
49 406
49 411
49 418
49 420
49 421
49 422
49 423
49 424
49 430
49 431
49 434
49 440
49 444
49 446
50 57
50 64
50 119
50 121
50 123
50 143
50 145
50 146
50 147
50 224
50 321
50 396
50 398
50 401
50 412
50 424
50 439
50 443
50 445
50 534
51 53
51 54
51 58
51 59
51 60
51 61
51 62
51 63
51 66
51 67
51 78
51 345
51 348
51 349
51 351
51 352
51 353
51 356
51 362
51 410
51 444
51 447
52 57
52 65
52 84
52 87
52 89
52 90
52 113
52 114
52 115
52 116
52 117
52 118
52 123
52 124
52 125
52 130
52 150
52 191
52 195
52 350
52 407
52 408
52 416
52 418
52 451
52 491
52 494
53 54
53 55
53 58
53 60
53 61
53 67
53 74
53 78
53 82
53 88
53 89
53 91
53 115
53 116
53 117
53 345
53 378
54 58
54 60
54 61
54 66
54 67
54 74
54 78
54 99
54 115
54 116
54 191
54 345
54 349
54 355
54 410
55 60
55 61
55 63
55 64
55 65
55 75
55 82
55 87
55 88
55 89
55 91
55 109
55 112
55 113
55 114
55 115
55 117
55 118
55 121
55 130
55 137
55 139
55 341
55 345
55 348
55 371
55 372
55 376
55 378
55 394
55 396
55 398
55 403
55 411
55 413
55 420
55 421
55 422
55 423
55 424
55 440
55 444
55 447
56 114
56 115
56 116
56 117
56 118
56 129
56 130
56 370
56 376
56 396
56 403
56 404
56 408
57 65
57 87
57 119
57 123
57 124
57 125
57 152
57 224
57 321
57 341
57 342
57 347
57 350
57 357
57 393
57 394
57 396
57 398
57 401
57 406
57 416
57 418
57 423
57 424
57 443
57 534
58 60
58 61
58 63
58 66
58 75
58 341
58 345
58 353
58 354
58 355
58 356
58 447
59 60
59 62
59 63
59 64
59 66
59 67
59 74
59 82
59 345
59 348
59 351
59 352
59 353
59 358
59 359
59 360
59 362
59 363
59 369
59 396
59 406
59 413
59 447
60 61
60 63
60 64
60 66
60 67
60 72
60 74
60 75
60 78
60 82
60 88
60 113
60 115
60 341
60 345
60 348
60 353
60 358
60 369
60 371
60 372
60 375
60 396
60 413
60 421
60 423
60 444
60 447
61 63
61 64
61 66
61 67
61 74
61 75
61 89
61 91
61 204
61 341
61 345
61 348
61 353
61 354
61 355
61 358
61 413
61 444
61 447
62 63
62 66
62 67
62 345
62 348
62 351
62 352
62 353
62 358
62 359
62 360
62 362
62 363
62 447
63 64
63 65
63 66
63 67
63 82
63 125
63 341
63 345
63 348
63 351
63 352
63 353
63 357
63 358
63 362
63 396
63 413
63 423
63 440
63 444
63 447
64 71
64 72
64 75
64 82
64 88
64 89
64 112
64 113
64 114
64 118
64 121
64 129
64 130
64 137
64 139
64 341
64 345
64 348
64 353
64 358
64 367
64 371
64 372
64 394
64 396
64 398
64 403
64 406
64 411
64 413
64 420
64 421
64 422
64 423
64 424
64 440
64 443
64 444
64 447
65 79
65 80
65 82
65 84
65 87
65 88
65 123
65 125
65 152
65 341
65 350
65 357
65 396
65 398
65 406
65 407
65 416
65 418
65 423
65 424
65 440
65 443
66 67
66 139
66 345
66 348
66 352
66 353
66 354
66 356
66 362
66 447
67 345
67 348
67 351
67 352
67 353
67 359
67 362
67 363
67 447
68 69
68 71
68 79
68 80
68 81
68 84
68 87
68 129
68 134
68 135
68 137
68 138
68 140
68 149
68 152
68 154
68 337
68 364
68 365
68 367
68 370
68 374
68 376
68 380
68 381
68 403
68 404
68 405
68 420
68 421
68 422
68 424
68 430
68 431
68 434
68 440
69 71
69 72
69 79
69 81
69 83
69 84
69 85
69 86
69 87
69 89
69 118
69 129
69 130
69 131
69 134
69 135
69 137
69 140
69 149
69 152
69 337
69 364
69 365
69 367
69 370
69 372
69 374
69 376
69 377
69 380
69 381
69 396
69 398
69 402
69 403
69 404
69 405
69 406
69 411
69 414
69 420
69 421
69 422
69 423
69 424
69 429
69 430
69 434
69 440
69 451
70 74
70 365
71 72
71 76
71 79
71 81
71 82
71 129
71 137
71 140
71 152
71 364
71 365
71 367
71 370
71 372
71 376
71 380
71 403
71 404
71 405
71 411
71 413
71 420
71 421
71 422
71 423
71 424
71 430
71 431
71 434
71 440
72 75
72 79
72 81
72 82
72 84
72 87
72 88
72 89
72 91
72 112
72 113
72 117
72 118
72 129
72 130
72 135
72 137
72 140
72 152
72 365
72 367
72 370
72 372
72 377
72 378
72 380
72 396
72 403
72 405
72 406
72 420
72 421
72 422
72 423
72 424
72 429
72 430
72 440
72 444
73 75
73 79
73 82
73 83
73 84
73 87
73 89
73 91
73 126
73 129
73 130
73 137
73 140
73 149
73 337
73 341
73 367
73 381
73 405
73 406
73 429
74 77
74 78
74 82
74 345
74 348
74 353
74 372
75 79
75 82
75 84
75 85
75 87
75 88
75 89
75 91
75 137
75 140
75 149
75 341
75 345
75 353
75 369
75 371
75 372
75 375
75 376
75 406
75 413
75 421
75 423
75 434
75 440
75 447
76 294
76 297
76 368
76 591
76 593
76 598
77 366
77 429
79 80
79 81
79 82
79 83
79 84
79 86
79 87
79 88
79 89
79 90
79 91
79 125
79 126
79 129
79 130
79 134
79 135
79 137
79 138
79 140
79 141
79 149
79 150
79 152
79 337
79 341
79 365
79 367
79 370
79 372
79 374
79 376
79 380
79 381
79 396
79 403
79 404
79 405
79 406
79 407
79 420
79 421
79 422
79 423
79 424
79 429
79 430
79 434
79 440
79 446
80 81
80 82
80 83
80 84
80 87
80 89
80 91
80 129
80 130
80 134
80 135
80 137
80 138
80 140
80 148
80 149
80 150
80 152
80 341
80 369
80 370
80 372
80 374
80 376
80 378
80 380
80 381
80 396
80 420
80 422
80 430
80 431
80 434
80 437
80 440
80 446
81 82
81 83
81 84
81 85
81 86
81 87
81 88
81 89
81 91
81 129
81 130
81 134
81 135
81 137
81 140
81 149
81 152
81 154
81 337
81 341
81 350
81 364
81 365
81 367
81 370
81 372
81 374
81 376
81 377
81 380
81 381
81 396
81 398
81 402
81 403
81 404
81 405
81 406
81 411
81 420
81 421
81 422
81 423
81 424
81 430
81 431
81 434
81 440
81 451
82 83
82 84
82 85
82 86
82 87
82 88
82 89
82 91
82 113
82 115
82 117
82 118
82 129
82 130
82 137
82 140
82 149
82 152
82 341
82 345
82 348
82 353
82 365
82 367
82 369
82 370
82 371
82 372
82 374
82 375
82 376
82 377
82 378
82 380
82 396
82 398
82 403
82 405
82 406
82 413
82 420
82 421
82 422
82 423
82 424
82 430
82 431
82 434
82 440
82 444
82 447
83 84
83 85
83 86
83 87
83 89
83 112
83 113
83 114
83 115
83 118
83 126
83 129
83 130
83 131
83 137
83 140
83 141
83 149
83 154
83 190
83 210
83 374
83 376
83 377
83 378
83 403
83 408
83 422
83 430
83 435
83 436
83 450
84 85
84 86
84 87
84 88
84 89
84 90
84 91
84 126
84 129
84 130
84 134
84 135
84 137
84 140
84 141
84 149
84 150
84 152
84 337
84 341
84 365
84 367
84 369
84 370
84 372
84 374
84 376
84 377
84 378
84 380
84 381
84 396
84 403
84 405
84 406
84 407
84 408
84 422
84 423
84 429
84 430
84 431
84 434
84 438
84 440
84 446
85 86
85 87
85 88
85 365
85 367
85 374
85 375
85 376
85 377
85 378
85 380
85 403
85 405
85 420
85 422
85 430
86 87
86 88
86 89
86 91
86 129
86 130
86 337
86 365
86 367
86 370
86 374
86 376
86 377
86 378
86 380
86 381
86 385
86 403
86 405
86 407
86 408
86 422
87 88
87 89
87 91
87 96
87 109
87 112
87 113
87 114
87 115
87 117
87 118
87 123
87 124
87 125
87 126
87 129
87 130
87 134
87 135
87 137
87 140
87 149
87 150
87 152
87 337
87 341
87 348
87 350
87 357
87 365
87 367
87 370
87 374
87 376
87 377
87 378
87 380
87 381
87 394
87 396
87 398
87 402
87 403
87 405
87 406
87 407
87 408
87 413
87 416
87 418
87 420
87 421
87 422
87 423
87 424
87 429
87 430
87 434
87 440
87 444
87 451
87 491
87 506
88 89
88 91
88 96
88 109
88 112
88 113
88 114
88 115
88 117
88 118
88 126
88 130
88 137
88 140
88 341
88 350
88 365
88 367
88 370
88 371
88 372
88 375
88 376
88 378
88 380
88 394
88 396
88 398
88 402
88 403
88 406
88 413
88 420
88 421
88 422
88 423
88 424
88 440
88 451
89 91
89 113
89 114
89 115
89 117
89 118
89 126
89 129
89 130
89 137
89 140
89 149
89 150
89 337
89 341
89 350
89 365
89 367
89 370
89 374
89 376
89 377
89 378
89 380
89 381
89 385
89 394
89 396
89 398
89 402
89 403
89 404
89 405
89 406
89 407
89 408
89 421
89 422
89 423
89 424
89 440
89 451
89 490
89 494
90 91
90 122
90 136
90 140
90 141
90 150
90 151
90 198
90 199
90 201
90 204
90 272
91 114
91 126
91 130
91 135
91 137
91 139
91 140
91 149
91 150
91 337
91 340
91 341
91 353
91 365
91 367
91 372
91 374
91 377
91 378
91 380
91 381
91 396
91 403
91 405
91 406
91 421
91 422
91 423
91 434
91 440
91 451
91 491
92 93
92 95
92 104
92 105
92 114
92 167
92 184
92 187
92 191
92 194
92 198
92 201
92 212
92 384
92 390
93 94
93 95
93 184
93 187
93 194
93 301
93 390
93 484
93 487
93 499
93 586
94 95
94 184
94 301
94 303
94 384
94 390
94 487
94 492
94 586
95 96
95 105
95 109
95 112
95 113
95 114
95 188
95 194
95 210
95 212
95 384
95 385
95 390
95 393
95 394
95 402
95 408
95 451
95 490
95 491
95 494
95 495
95 496
95 514
96 109
96 112
96 113
96 114
96 117
96 118
96 129
96 130
96 137
96 188
96 210
96 378
96 384
96 385
96 394
96 396
96 398
96 402
96 403
96 408
96 422
96 423
96 424
96 451
96 491
96 496
97 246
98 100
98 101
98 290
98 291
98 317
98 388
98 389
99 262
100 101
100 106
100 220
100 221
100 223
100 290
100 291
100 305
100 317
100 318
100 319
100 320
100 322
100 323
100 336
100 391
101 103
101 106
101 223
101 290
101 291
101 292
101 321
101 389
101 397
101 586
102 315
102 316
102 318
103 106
103 107
103 321
103 393
103 395
103 397
104 105
104 116
104 187
104 189
104 191
104 192
104 193
104 194
104 201
104 204
104 390
105 191
105 194
105 195
105 212
105 384
105 390
105 496
106 119
106 120
106 221
106 223
106 321
106 391
106 392
106 393
106 395
106 397
106 399
106 401
106 530
106 533
107 109
107 393
108 110
108 111
108 192
108 204
108 211
108 212
109 112
109 113
109 114
109 115
109 117
109 118
109 123
109 124
109 126
109 130
109 131
109 188
109 191
109 194
109 210
109 212
109 378
109 384
109 385
109 394
109 396
109 398
109 402
109 403
109 408
109 423
109 424
109 451
109 490
109 491
109 494
109 496
110 111
110 212
111 118
111 120
111 394
111 398
111 400
111 404
111 413
111 414
111 513
112 113
112 114
112 115
112 117
112 118
112 121
112 126
112 129
112 130
112 131
112 137
112 188
112 190
112 194
112 210
112 212
112 376
112 378
112 384
112 385
112 394
112 396
112 398
112 402
112 403
112 404
112 408
112 422
112 423
112 424
112 451
112 490
112 491
112 494
112 496
113 114
113 115
113 117
113 118
113 121
113 123
113 124
113 126
113 129
113 130
113 137
113 139
113 140
113 210
113 212
113 341
113 350
113 376
113 378
113 384
113 394
113 396
113 398
113 402
113 403
113 413
113 421
113 422
113 423
113 424
113 440
113 451
113 491
114 115
114 117
114 118
114 121
114 123
114 126
114 129
114 130
114 131
114 137
114 139
114 188
114 190
114 191
114 194
114 210
114 212
114 367
114 378
114 384
114 385
114 394
114 396
114 398
114 402
114 403
114 404
114 408
114 422
114 423
114 424
114 451
114 490
114 491
114 494
114 496
114 514
115 116
115 117
115 118
115 123
115 130
115 191
115 194
115 348
115 378
115 394
115 396
115 398
115 407
115 408
115 494
116 117
116 191
116 408
117 118
117 123
117 124
117 126
117 130
117 137
117 191
117 194
117 210
117 378
117 394
117 396
117 398
117 403
117 408
117 423
117 451
117 491
117 494
118 121
118 123
118 126
118 129
118 130
118 131
118 137
118 210
118 350
118 367
118 376
118 378
118 385
118 394
118 396
118 398
118 402
118 403
118 404
118 408
118 413
118 414
118 420
118 422
118 423
118 424
118 451
118 491
119 120
119 121
119 123
119 147
119 221
119 223
119 224
119 321
119 393
119 397
119 398
119 399
119 401
119 412
119 416
119 439
119 443
119 445
119 530
119 534
120 121
120 395
120 398
120 400
120 401
120 412
120 439
120 445
121 125
121 129
121 130
121 131
121 147
121 152
121 357
121 394
121 396
121 398
121 401
121 403
121 411
121 413
121 414
121 420
121 423
121 424
121 439
121 443
122 151
122 272
122 274
123 124
123 125
123 126
123 130
123 145
123 152
123 195
123 224
123 350
123 394
123 396
123 398
123 406
123 408
123 416
123 418
123 424
123 496
123 506
124 125
124 224
124 350
124 384
124 396
124 418
124 423
124 506
125 126
125 130
125 134
125 137
125 140
125 149
125 150
125 152
125 153
125 154
125 157
125 195
125 196
125 341
125 348
125 350
125 353
125 354
125 357
125 367
125 383
125 396
125 398
125 403
125 406
125 411
125 413
125 416
125 418
125 422
125 423
125 424
125 430
125 440
125 444
126 129
126 130
126 134
126 137
126 139
126 140
126 141
126 149
126 150
126 154
126 198
126 201
126 204
126 210
126 341
126 367
126 394
126 396
126 402
126 403
126 408
126 423
126 424
126 440
126 451
126 506
127 128
127 296
128 148
128 296
128 299
128 428
128 432
128 458
128 594
129 130
129 131
129 134
129 135
129 137
129 140
129 141
129 149
129 152
129 190
129 210
129 295
129 298
129 365
129 367
129 370
129 376
129 377
129 378
129 380
129 396
129 398
129 402
129 403
129 404
129 405
129 420
129 421
129 422
129 423
129 424
129 430
129 434
129 440
129 450
130 131
130 135
130 137
130 139
130 140
130 141
130 149
130 150
130 152
130 188
130 190
130 194
130 210
130 341
130 348
130 367
130 370
130 376
130 377
130 378
130 380
130 384
130 385
130 394
130 396
130 398
130 402
130 403
130 404
130 405
130 406
130 407
130 408
130 420
130 422
130 423
130 424
130 430
130 440
130 451
130 491
130 494
131 190
131 210
131 295
131 298
131 402
131 403
131 424
131 450
131 510
132 133
132 158
132 428
132 500
132 594
133 158
133 199
133 296
134 135
134 137
134 138
134 140
134 141
134 148
134 149
134 150
134 152
134 154
134 161
134 381
134 429
134 430
134 434
134 437
134 440
134 446
135 137
135 140
135 149
135 150
135 365
135 370
135 372
135 396
135 402
135 403
135 423
135 424
135 429
135 434
135 440
136 141
136 148
136 159
136 161
136 199
136 446
137 138
137 139
137 140
137 141
137 149
137 150
137 152
137 154
137 341
137 348
137 353
137 365
137 367
137 369
137 370
137 372
137 374
137 376
137 377
137 378
137 380
137 381
137 396
137 398
137 402
137 403
137 404
137 405
137 406
137 407
137 413
137 420
137 421
137 422
137 423
137 424
137 430
137 434
137 440
137 444
137 451
137 491
138 140
138 149
138 434
138 440
139 140
139 341
139 353
139 378
139 396
139 423
140 141
140 149
140 150
140 152
140 154
140 341
140 357
140 365
140 367
140 370
140 372
140 376
140 380
140 381
140 396
140 398
140 403
140 404
140 405
140 406
140 411
140 413
140 420
140 421
140 422
140 423
140 424
140 430
140 434
140 440
140 444
141 149
141 150
141 154
141 161
141 198
141 199
141 204
141 210
141 295
141 435
141 436
141 450
141 504
142 143
142 374
142 380
142 430
143 147
143 244
143 439
143 443
144 441
145 147
145 439
145 443
145 534
146 321
146 443
146 534
147 152
147 398
147 420
147 424
147 430
147 439
147 443
147 445
147 454
147 534
148 150
148 153
148 155
148 159
148 161
148 163
148 253
148 339
148 407
148 409
148 437
148 446
148 448
148 449
148 515
149 150
149 152
149 154
149 337
149 341
149 367
149 372
149 380
149 381
149 396
149 403
149 405
149 406
149 420
149 421
149 423
149 424
149 429
149 430
149 434
149 438
149 440
149 446
150 152
150 341
150 440
150 446
151 272
151 281
151 296
152 154
152 339
152 350
152 357
152 365
152 370
152 376
152 380
152 396
152 398
152 403
152 406
152 411
152 416
152 418
152 420
152 421
152 422
152 423
152 424
152 430
152 431
152 434
152 437
152 439
152 440
152 443
152 446
152 448
152 450
152 454
153 195
153 272
153 310
153 448
153 449
154 161
154 198
154 430
154 435
154 459
155 156
155 161
155 163
155 253
155 339
155 428
155 432
155 437
155 446
155 448
155 452
155 460
155 461
155 462
155 515
155 543
155 544
156 157
156 232
156 253
157 253
157 254
157 437
157 448
157 452
157 454
157 464
157 534
157 543
157 544
157 545
157 563
158 159
158 260
158 275
158 300
158 455
158 500
158 502
158 589
158 594
159 161
159 164
159 173
159 199
159 281
159 455
160 165
160 198
160 199
160 200
160 201
160 202
160 281
161 199
161 428
161 432
161 437
161 446
161 448
161 456
162 254
162 462
163 253
163 448
163 449
163 452
163 462
163 464
163 544
164 200
164 202
164 260
165 186
166 293
167 169
167 171
167 198
167 201
168 207
168 230
168 236
168 239
168 283
168 306
168 475
168 580
168 581
168 585
168 587
170 189
170 203
170 207
170 211
170 213
170 215
170 216
170 229
170 230
170 234
170 235
170 236
170 238
170 239
170 256
170 269
170 270
170 271
170 274
170 276
170 476
170 511
170 522
170 581
171 491
172 233
172 248
172 250
172 252
172 284
172 285
172 286
172 478
172 558
172 561
172 582
172 583
174 249
175 177
175 178
175 179
175 180
175 183
175 306
175 309
175 470
175 480
175 481
175 482
175 483
175 484
175 485
175 486
176 480
176 482
176 483
176 485
177 179
177 180
177 183
177 306
177 309
177 311
177 313
177 470
177 480
177 481
177 482
177 483
177 484
177 485
177 486
178 183
178 255
178 306
178 309
178 480
178 481
178 482
178 483
179 182
179 306
179 309
179 313
179 470
179 480
179 482
179 483
179 484
179 485
179 585
180 183
180 480
180 481
180 486
181 484
182 187
182 207
182 230
182 306
182 309
182 313
182 482
182 485
183 257
183 427
183 480
183 481
183 486
183 585
184 390
184 487
184 586
185 292
186 257
186 426
187 188
187 189
187 191
187 192
187 194
187 201
187 203
187 204
187 207
187 213
187 234
187 236
187 271
187 276
187 306
187 474
187 499
188 194
188 210
188 212
188 295
188 384
188 402
188 429
188 451
188 493
188 495
188 496
188 509
189 192
189 201
189 203
189 204
189 207
189 213
189 230
189 234
189 235
189 236
189 239
189 256
189 269
189 271
189 274
189 276
189 283
189 475
189 489
189 522
189 581
190 210
191 193
191 194
191 201
191 204
191 210
191 212
191 408
191 490
191 494
191 514
192 193
192 201
192 202
192 203
192 204
192 206
192 211
192 212
192 214
192 215
192 271
193 194
193 202
193 204
193 212
193 494
194 204
194 210
194 212
194 384
194 408
194 451
194 490
194 491
194 494
194 496
194 514
195 196
195 224
195 245
195 417
196 213
196 224
196 233
196 234
196 241
196 340
196 350
196 417
196 467
196 497
196 498
197 202
197 203
197 204
197 214
197 216
197 218
197 271
197 501
198 199
198 201
198 203
198 204
198 216
198 474
198 501
199 201
199 204
199 295
199 296
199 504
200 202
200 242
200 255
200 257
200 258
200 259
200 260
200 275
200 277
200 278
200 279
200 281
200 300
200 502
200 564
200 565
201 203
201 204
201 205
201 213
201 271
201 474
202 203
202 204
202 211
202 214
202 215
202 216
202 219
202 273
202 274
202 278
202 279
202 280
202 503
203 204
203 206
203 211
203 213
203 214
203 215
203 216
203 219
203 230
203 234
203 251
203 256
203 270
203 271
203 273
203 274
203 276
203 280
203 474
203 489
203 511
203 528
203 581
204 206
204 211
204 212
204 215
204 216
204 271
204 501
206 209
206 211
206 215
206 216
206 219
206 256
206 265
206 270
206 271
206 528
207 213
207 229
207 230
207 234
207 236
207 239
207 283
207 489
207 580
207 581
208 209
208 263
208 265
208 512
208 541
208 574
209 211
209 215
209 216
209 219
209 231
209 265
209 280
209 493
209 511
209 513
209 517
209 528
209 542
210 212
210 384
210 394
210 402
210 404
210 408
210 419
210 435
210 451
210 490
210 491
210 494
210 496
210 514
211 215
211 216
211 217
211 219
211 229
211 230
211 231
211 256
211 265
211 270
211 271
211 273
211 274
211 278
211 280
211 511
211 517
211 519
211 528
211 542
211 574
211 581
212 384
212 394
212 451
212 490
212 493
212 494
212 495
212 496
212 501
212 514
213 230
213 233
213 234
213 235
213 236
213 239
213 241
213 269
213 270
213 271
213 274
213 276
213 475
213 581
214 215
214 271
214 273
214 274
215 216
215 219
215 229
215 230
215 231
215 247
215 255
215 265
215 268
215 270
215 271
215 273
215 274
215 276
215 278
215 279
215 280
215 503
215 511
215 517
215 519
215 528
215 542
215 574
215 577
215 581
216 219
216 230
216 231
216 251
216 256
216 270
216 271
216 276
216 278
216 280
216 425
216 501
216 511
216 517
216 522
216 528
216 581
217 231
217 265
217 525
217 574
218 232
219 231
219 265
219 268
219 270
219 273
219 274
219 278
219 280
219 442
219 465
219 503
219 511
219 512
219 516
219 517
219 519
219 528
219 542
219 571
219 574
220 221
220 222
220 223
220 225
220 237
220 240
220 244
220 287
220 291
220 333
220 529
220 530
220 533
220 549
220 553
220 584
221 223
221 321
221 322
221 323
221 329
221 332
221 333
221 335
221 336
221 397
221 399
221 412
221 529
221 530
221 533
222 223
222 237
222 240
222 245
222 532
222 533
222 535
222 536
222 553
223 224
223 321
223 391
223 397
223 399
223 401
223 412
223 530
223 532
223 533
224 245
224 321
224 350
224 417
224 506
224 532
224 534
225 244
225 412
225 445
225 530
225 531
225 534
225 543
225 544
226 266
227 536
228 229
228 230
228 263
228 265
228 268
228 269
228 270
228 282
229 230
229 231
229 236
229 238
229 247
229 255
229 256
229 265
229 268
229 269
229 270
229 274
229 276
229 278
229 279
229 522
229 572
229 581
230 234
230 236
230 238
230 239
230 256
230 269
230 270
230 271
230 274
230 276
230 278
230 283
230 489
230 511
230 517
230 522
230 528
230 580
230 581
231 265
231 270
231 273
231 278
231 280
231 511
231 512
231 517
231 519
231 542
231 574
232 233
232 250
233 234
233 235
233 241
233 248
233 250
233 283
233 285
233 520
233 521
233 551
233 557
233 558
233 561
234 235
234 236
234 239
234 241
234 256
234 269
234 270
234 271
234 274
234 276
234 283
234 475
234 581
235 236
235 238
235 239
235 241
235 248
235 250
235 283
235 284
235 285
235 520
235 547
235 583
236 238
236 239
236 266
236 269
236 276
236 282
236 283
236 288
236 475
236 581
236 585
237 240
237 243
237 246
237 286
237 287
237 529
237 546
237 547
237 549
237 554
237 555
237 584
238 239
238 240
238 247
238 256
238 269
238 273
238 274
238 547
238 548
238 550
238 567
238 581
239 247
239 252
239 268
239 269
239 282
239 283
239 284
239 285
239 288
239 475
239 547
239 548
239 567
239 569
239 579
239 580
239 581
239 583
239 585
240 243
240 536
240 547
240 549
240 550
240 553
241 274
241 520
241 551
242 259
243 246
243 247
243 547
243 550
244 331
244 445
244 531
245 532
245 554
246 263
247 268
247 269
247 274
248 250
248 284
248 285
248 286
248 547
248 556
248 558
248 561
248 582
248 583
250 252
250 284
250 285
250 520
250 521
250 545
250 546
250 547
250 556
250 557
250 558
250 560
250 561
250 583
251 271
252 268
252 269
252 284
252 285
252 548
252 556
252 557
252 561
252 569
252 570
253 437
253 448
253 452
253 462
253 464
253 515
253 544
253 563
254 463
254 521
254 545
254 558
254 560
254 561
255 258
255 265
255 268
255 270
255 278
255 279
256 270
256 271
256 276
256 511
256 517
256 581
257 258
257 259
257 261
257 281
257 293
257 590
258 259
258 261
258 268
258 488
258 564
258 575
258 588
259 260
259 261
259 279
259 281
259 296
259 300
259 564
259 565
259 568
259 588
259 590
260 264
260 281
260 296
260 297
260 300
260 502
260 564
260 565
260 568
260 589
261 296
261 300
261 564
261 568
261 588
261 590
263 265
263 541
264 281
264 300
265 268
265 270
265 273
265 274
265 278
265 512
265 517
265 540
265 541
265 542
265 573
265 574
267 307
267 453
267 463
268 269
268 270
268 273
268 274
268 278
268 570
268 573
269 270
269 271
269 274
269 276
269 282
269 475
270 271
270 273
270 274
270 276
270 278
270 279
270 280
270 511
270 517
270 528
270 581
271 274
271 276
273 274
273 278
273 516
273 517
273 518
273 519
273 540
273 542
273 550
273 570
273 571
273 573
273 574
274 517
274 519
274 528
274 581
275 502
275 589
276 278
276 522
276 572
276 581
277 279
277 281
277 575
278 279
278 280
278 511
278 512
278 516
278 517
278 522
278 523
278 528
278 542
278 574
278 577
278 581
279 281
279 577
280 442
280 465
280 503
280 512
280 528
280 577
281 565
281 590
282 284
282 285
282 288
282 582
282 583
283 285
283 388
283 389
283 475
283 489
283 511
283 520
283 547
283 551
283 567
283 569
283 570
283 579
283 580
283 581
283 583
284 285
284 286
284 287
284 291
284 387
284 547
284 555
284 556
284 561
284 570
284 582
284 583
285 286
285 288
285 289
285 291
285 478
285 479
285 547
285 555
285 579
285 582
285 583
285 586
286 287
286 290
286 291
286 325
286 479
286 547
286 554
286 555
286 582
286 583
286 584
287 291
287 325
287 582
287 584
288 582
288 583
288 586
288 587
289 290
289 479
289 585
289 586
290 291
290 292
290 303
290 479
290 582
290 586
291 322
291 325
291 479
291 555
291 582
291 583
291 584
293 590
294 364
294 591
294 593
295 298
295 450
296 565
296 592
297 300
297 502
297 591
297 593
299 432
299 458
299 594
299 595
299 596
299 597
299 600
300 502
300 564
300 565
300 568
300 588
300 589
301 384
301 386
301 390
301 487
301 586
302 303
303 317
303 483
304 305
304 308
304 324
305 317
305 319
305 320
305 322
305 323
305 324
305 329
305 529
306 309
306 313
306 470
306 481
306 482
306 484
306 485
306 585
308 312
308 324
308 326
309 313
309 470
309 481
309 482
309 485
309 585
312 326
313 482
314 368
315 316
315 317
315 318
315 319
316 318
316 477
317 319
317 322
318 319
318 320
318 324
318 326
318 336
319 320
319 322
319 323
319 324
319 328
319 329
319 334
319 336
319 395
320 322
320 323
320 324
320 327
320 328
320 329
320 331
320 332
320 333
320 334
320 335
320 336
320 392
321 322
321 391
321 393
321 395
321 397
321 399
321 401
321 412
321 445
321 530
321 533
321 534
322 323
322 325
322 529
323 324
323 325
323 327
323 328
323 329
323 332
323 333
323 334
323 335
323 336
323 395
324 326
324 328
324 329
324 332
324 335
324 336
324 529
325 479
325 582
325 584
327 328
327 329
327 332
327 333
327 336
327 392
327 397
328 329
328 331
328 332
328 333
328 334
328 335
328 336
329 331
329 332
329 333
329 334
329 335
329 336
331 333
331 595
331 596
331 597
332 333
332 334
332 335
332 336
333 334
333 335
333 336
333 530
334 335
334 336
334 392
335 336
335 445
335 530
336 392
337 338
337 340
337 342
337 347
337 365
337 367
337 374
337 377
337 378
337 380
337 381
337 403
337 404
337 405
337 406
337 440
338 339
338 381
338 592
339 382
339 395
339 445
339 446
339 448
339 598
340 342
340 350
340 353
340 367
340 381
340 406
340 444
341 345
341 348
341 350
341 353
341 357
341 358
341 367
341 369
341 371
341 372
341 381
341 396
341 398
341 403
341 406
341 411
341 413
341 418
341 421
341 422
341 423
341 424
341 434
341 438
341 440
341 444
341 447
342 343
342 347
342 350
342 406
342 416
343 345
343 347
343 406
343 447
344 346
344 349
344 410
345 348
345 349
345 351
345 352
345 353
345 356
345 358
345 362
345 396
345 406
345 413
345 441
345 444
345 447
347 367
347 406
348 351
348 352
348 353
348 358
348 396
348 398
348 406
348 410
348 411
348 413
348 440
348 444
348 447
349 355
349 410
350 357
350 365
350 367
350 380
350 394
350 396
350 398
350 403
350 404
350 406
350 416
350 417
350 418
350 422
350 423
350 424
350 444
350 451
350 491
350 496
351 352
351 353
351 358
351 359
351 360
351 362
351 363
351 447
352 353
352 358
352 359
352 360
352 362
352 363
352 444
352 447
353 354
353 356
353 357
353 358
353 359
353 362
353 396
353 406
353 411
353 413
353 440
353 444
353 447
354 357
354 406
356 357
356 358
356 362
356 447
357 358
357 383
357 396
357 398
357 406
357 411
357 413
357 423
357 424
357 444
358 359
358 360
358 362
358 363
358 396
358 411
358 413
358 423
358 424
358 444
358 447
359 360
359 362
359 363
359 447
360 362
360 363
361 414
362 363
362 447
364 365
364 367
364 370
364 374
364 380
364 420
364 434
365 367
365 370
365 372
365 374
365 376
365 380
365 381
365 396
365 403
365 404
365 405
365 406
365 411
365 413
365 420
365 421
365 422
365 423
365 424
365 429
365 430
365 434
365 440
365 451
367 370
367 374
367 376
367 377
367 378
367 380
367 381
367 384
367 394
367 396
367 398
367 402
367 403
367 404
367 405
367 406
367 413
367 416
367 420
367 421
367 422
367 423
367 424
367 430
367 434
367 440
367 451
367 491
369 372
369 406
369 421
369 430
369 440
369 447
370 372
370 373
370 374
370 376
370 377
370 380
370 396
370 398
370 403
370 404
370 411
370 420
370 421
370 422
370 423
370 424
370 430
370 431
370 434
370 440
370 598
371 372
371 375
371 376
371 413
371 421
371 423
371 434
372 396
372 406
372 411
372 413
372 420
372 421
372 434
372 440
373 376
373 431
374 376
374 377
374 378
374 380
374 381
374 403
374 405
374 407
374 420
374 422
374 430
374 434
374 440
375 376
375 377
375 378
375 422
375 430
376 377
376 378
376 380
376 394
376 396
376 398
376 403
376 404
376 405
376 420
376 421
376 422
376 423
376 424
376 430
376 431
376 434
376 440
377 378
377 380
377 381
377 385
377 403
377 405
377 406
377 407
377 408
377 420
377 422
377 430
378 380
378 381
378 385
378 396
378 403
378 405
378 406
378 407
378 408
378 420
378 422
378 423
378 424
378 430
378 491
379 436
380 381
380 396
380 402
380 403
380 404
380 405
380 406
380 407
380 416
380 420
380 421
380 422
380 423
380 424
380 430
380 434
380 440
380 451
380 491
381 403
381 405
381 406
381 423
381 430
381 434
381 440
382 395
384 385
384 390
384 393
384 394
384 402
384 404
384 408
384 416
384 423
384 451
384 474
384 490
384 491
384 494
384 495
384 496
384 506
384 514
384 586
385 394
385 396
385 402
385 403
385 408
385 423
385 451
387 478
387 520
387 521
387 538
387 539
387 540
387 547
387 548
387 549
387 550
387 554
387 555
387 556
387 557
387 561
387 567
387 569
387 570
387 579
387 583
387 584
388 389
388 475
388 499
388 579
388 580
388 586
389 417
389 478
389 497
389 498
389 520
389 532
389 551
389 554
389 579
389 580
389 583
389 586
390 487
390 495
390 499
390 586
391 399
392 395
392 397
392 399
393 394
393 395
393 397
393 398
393 399
393 401
393 412
393 416
393 495
393 496
394 396
394 398
394 402
394 403
394 404
394 407
394 408
394 416
394 418
394 422
394 423
394 424
394 430
394 451
394 490
394 491
394 494
394 496
394 514
395 397
395 399
395 401
395 412
395 445
395 530
396 398
396 402
396 403
396 404
396 405
396 406
396 407
396 408
396 411
396 413
396 418
396 420
396 421
396 422
396 423
396 424
396 430
396 434
396 440
396 443
396 444
396 451
396 491
397 399
397 401
397 412
397 445
397 530
398 401
398 402
398 403
398 404
398 406
398 411
398 413
398 414
398 416
398 418
398 420
398 421
398 422
398 423
398 424
398 430
398 439
398 440
398 443
398 451
399 401
399 412
399 445
399 530
399 532
399 533
399 534
400 401
400 411
401 412
401 416
401 439
401 443
401 445
401 534
402 403
402 404
402 405
402 422
402 423
402 424
402 451
402 490
402 491
402 496
403 404
403 405
403 406
403 407
403 408
403 411
403 413
403 414
403 416
403 420
403 421
403 422
403 423
403 424
403 430
403 434
403 440
403 451
403 491
404 405
404 414
404 420
404 422
404 423
404 424
404 430
404 440
404 451
404 490
404 491
404 496
405 406
405 420
405 422
405 423
405 424
405 430
405 440
405 451
406 407
406 413
406 416
406 420
406 421
406 422
406 423
406 424
406 429
406 430
406 440
406 444
406 451
406 491
406 506
407 408
407 409
407 416
407 422
407 430
407 491
408 409
408 410
408 451
408 490
408 491
408 492
408 494
408 496
408 514
411 413
411 414
411 420
411 421
411 423
411 424
411 434
411 440
411 444
412 439
412 443
412 445
412 530
412 533
412 534
413 414
413 420
413 421
413 422
413 423
413 424
413 440
413 444
413 447
414 420
414 424
415 505
416 417
416 418
416 422
416 423
416 424
416 430
416 439
416 443
416 451
416 454
416 491
416 496
416 534
417 418
417 467
417 497
417 532
417 545
418 422
418 423
418 424
418 430
418 440
418 443
418 454
418 534
419 425
419 435
419 436
419 450
419 459
419 490
419 501
419 504
419 505
419 510
419 514
420 421
420 422
420 423
420 424
420 430
420 431
420 434
420 439
420 440
420 443
421 422
421 423
421 424
421 430
421 431
421 434
421 440
421 443
421 444
422 423
422 424
422 430
422 431
422 434
422 439
422 440
422 451
422 491
423 424
423 430
423 434
423 439
423 440
423 443
423 444
423 451
423 491
423 496
424 430
424 434
424 439
424 440
424 443
424 451
424 491
425 435
425 493
425 494
425 495
425 501
425 504
425 509
425 513
425 514
425 523
425 528
425 577
428 432
428 435
428 436
428 437
428 446
428 448
428 450
428 455
428 456
428 458
428 460
428 461
428 510
428 594
428 595
428 599
428 600
430 431
430 434
430 437
430 439
430 440
430 443
430 446
430 448
430 450
430 451
430 454
430 491
430 599
431 433
431 434
431 440
431 448
431 454
432 435
432 437
432 446
432 448
432 449
432 450
432 452
432 455
432 456
432 458
432 460
432 461
432 510
432 515
432 594
432 595
432 596
432 597
432 599
432 600
434 440
435 436
435 450
435 458
435 459
435 460
435 461
435 504
435 510
435 513
436 450
436 459
436 504
436 510
437 446
437 448
437 449
437 452
437 454
437 456
437 460
437 461
437 462
437 515
437 543
437 544
438 440
439 443
439 445
439 454
439 534
440 443
440 444
441 447
442 465
442 503
442 505
442 512
442 516
442 528
443 445
443 454
443 534
444 447
445 530
445 531
445 534
446 448
446 456
448 449
448 452
448 454
448 460
448 461
448 515
448 543
448 544
448 596
448 599
449 452
449 463
449 464
449 544
450 459
450 461
450 510
450 599
451 490
451 491
451 494
451 496
451 514
452 454
452 456
452 460
452 462
452 464
452 515
452 527
452 543
452 544
452 600
453 463
453 466
453 518
453 525
453 526
453 527
453 539
453 541
453 544
453 578
453 600
454 460
454 510
454 543
454 544
455 456
455 458
455 460
455 464
455 515
455 594
455 595
455 597
455 600
456 458
456 460
456 461
456 515
457 525
457 578
458 461
458 594
458 595
458 596
458 597
458 599
458 600
459 460
459 504
459 524
460 461
460 462
460 510
460 515
460 527
460 544
460 599
460 600
461 510
461 595
461 599
461 600
462 464
462 544
463 464
463 545
464 544
464 545
465 503
465 505
465 508
465 512
465 513
465 516
465 517
465 518
465 519
465 528
465 541
465 542
465 571
465 574
466 525
466 526
466 578
466 600
467 493
467 497
467 498
467 520
467 545
467 551
468 571
469 500
470 471
470 481
470 482
470 484
470 485
472 488
473 499
474 489
474 495
474 499
474 501
474 528
475 572
475 580
475 581
476 517
478 548
478 551
478 555
478 556
478 569
478 579
478 583
479 582
480 481
480 482
480 483
480 484
480 485
480 486
481 482
481 483
481 484
481 485
481 486
482 483
482 484
482 485
482 486
483 486
483 585
484 485
484 537
485 507
487 586
488 568
488 588
489 493
489 495
489 498
489 499
489 501
489 509
489 511
489 517
489 519
489 520
489 522
489 528
489 542
489 551
489 580
489 581
490 491
490 492
490 494
490 496
490 501
490 504
490 514
491 492
491 494
491 496
491 514
493 495
493 498
493 501
493 509
493 511
493 513
493 517
493 519
493 528
493 542
494 495
494 496
494 501
494 504
494 514
495 496
495 499
495 501
495 509
495 514
496 514
497 498
497 520
497 521
497 532
497 545
497 551
497 554
497 558
498 520
498 521
498 551
498 580
499 501
499 503
499 522
500 502
500 565
500 592
500 594
501 504
501 513
501 514
501 528
502 564
502 565
502 568
502 589
502 592
502 594
502 596
503 505
503 516
503 519
504 505
504 514
505 577
508 516
508 517
508 518
508 519
508 538
508 540
508 542
508 550
508 557
508 574
509 528
511 517
511 519
511 522
511 528
511 540
511 542
511 580
511 581
512 513
512 516
512 541
512 542
512 574
512 577
513 517
513 519
513 528
513 542
516 517
516 518
516 519
516 538
516 539
516 540
516 541
516 542
516 550
516 571
516 573
516 574
516 575
517 519
517 522
517 528
517 540
517 542
517 550
517 569
517 570
517 571
517 574
517 581
518 519
518 538
518 539
518 540
518 541
518 542
518 550
518 571
518 573
518 574
518 575
519 520
519 528
519 540
519 542
519 550
519 557
519 571
519 573
519 574
519 581
520 521
520 540
520 547
520 548
520 551
520 554
520 555
520 556
520 557
520 558
520 560
520 561
520 567
520 569
520 570
520 579
520 580
520 583
521 545
521 551
521 554
521 555
521 556
521 557
521 558
521 560
521 561
521 569
521 570
521 583
522 528
522 572
522 577
522 581
523 528
523 577
525 526
525 527
525 575
525 578
526 559
526 578
526 600
528 542
528 571
528 572
528 577
528 581
529 530
529 533
529 544
529 584
530 533
530 534
531 534
532 533
532 545
532 551
532 553
532 554
533 553
534 543
536 549
536 553
538 539
538 540
538 547
538 548
538 549
538 550
538 555
538 556
538 557
538 567
538 569
538 570
538 573
538 574
538 575
539 541
539 550
539 555
539 573
540 541
540 542
540 548
540 550
540 556
540 557
540 567
540 569
540 570
540 571
540 572
540 573
540 574
540 581
541 542
541 552
541 573
541 574
541 578
542 550
542 571
542 574
542 581
543 544
545 554
545 558
545 560
545 561
546 547
546 549
546 560
547 548
547 549
547 550
547 551
547 554
547 555
547 556
547 557
547 567
547 569
547 570
547 580
547 583
548 549
548 550
548 554
548 555
548 556
548 557
548 561
548 567
548 569
548 570
548 579
549 550
549 553
549 554
549 555
549 556
549 557
549 584
550 555
550 556
550 557
550 567
550 569
550 570
550 573
550 574
550 575
551 554
551 555
551 556
551 579
551 580
551 583
554 555
554 556
554 557
554 558
554 560
554 561
554 569
554 570
554 583
554 584
555 556
555 557
555 558
555 561
555 569
555 570
555 579
555 582
555 583
555 584
556 557
556 558
556 560
556 561
556 569
556 570
556 579
556 583
556 584
557 558
557 560
557 561
557 569
557 570
558 560
558 561
560 561
560 562
561 570
564 565
564 568
564 588
564 589
564 590
564 593
565 568
565 592
565 594
566 578
567 569
567 570
567 572
567 579
567 580
567 581
568 588
568 589
568 592
568 596
569 570
569 573
569 579
569 580
570 571
570 573
570 579
570 580
571 572
571 573
571 574
572 581
573 574
573 575
574 575
575 578
576 577
578 589
579 580
579 583
580 581
580 583
582 583
583 587
585 587
588 591
588 593
590 592
591 593
592 596
594 595
594 596
594 597
594 600
595 596
595 597
595 599
595 600
596 597
596 600
597 598
597 600
599 600
