600 5391

1 14
1 20
1 26
1 27
1 28
1 70
1 107
1 125
1 126
1 186
1 195
1 196
1 237
1 286
1 287
1 290
1 291
1 302
1 325
1 327
1 328
1 417
1 439
1 461
1 472
1 476
1 479
1 497
1 504
1 508
1 509
1 531
1 579
1 584
2 11
2 21
2 35
2 92
2 93
2 98
2 110
2 111
2 119
2 301
2 303
2 306
2 379
3 29
3 32
3 35
3 62
3 120
3 304
3 312
3 318
3 331
3 333
3 360
3 361
4 5
4 21
4 22
4 26
4 36
4 107
4 237
4 305
4 317
4 321
4 322
4 324
4 389
4 395
4 406
4 504
5 11
5 21
5 24
5 29
5 30
5 31
5 32
5 35
5 36
5 71
5 77
5 97
5 98
5 111
5 120
5 137
5 143
5 147
5 221
5 303
5 304
5 305
5 308
5 319
5 320
5 324
5 329
5 331
5 333
5 364
5 369
5 376
5 378
5 385
5 386
5 398
5 411
5 415
5 419
5 424
5 431
5 484
6 598
7 251
8 311
9 315
10 11
10 21
10 38
10 165
11 16
11 19
11 21
11 29
11 30
11 31
11 32
11 35
11 36
11 37
11 38
11 69
11 70
11 71
11 72
11 97
11 98
11 111
11 120
11 137
11 147
11 221
11 246
11 285
11 304
11 305
11 312
11 317
11 318
11 319
11 320
11 327
11 328
11 330
11 349
11 368
11 369
11 398
11 412
11 418
11 419
11 421
11 579
11 583
12 15
12 16
12 315
13 79
14 186
15 16
16 19
16 318
16 319
17 19
17 37
17 317
17 318
17 319
18 100
19 21
19 35
19 37
19 38
19 111
19 170
19 221
19 319
20 21
20 29
20 32
20 35
20 98
20 106
20 107
20 108
20 109
20 126
20 191
20 194
20 195
20 223
20 284
20 301
20 304
20 312
20 324
20 326
20 333
20 384
20 395
20 396
20 398
20 404
20 406
20 407
20 410
20 435
20 461
20 477
20 579
21 24
21 26
21 32
21 35
21 36
21 38
21 98
21 106
21 107
21 110
21 111
21 221
21 301
21 305
21 317
21 319
21 320
21 321
21 324
21 385
21 389
21 398
21 579
22 287
22 321
22 322
23 26
23 28
23 323
23 324
24 26
24 29
24 30
24 32
24 107
24 112
24 126
24 287
24 304
24 305
24 312
24 323
24 324
24 326
24 329
24 331
24 333
24 376
24 378
24 396
24 398
24 404
24 405
24 406
24 417
25 70
25 142
25 325
25 328
25 330
25 417
25 434
25 529
26 27
26 28
26 29
26 30
26 32
26 35
26 36
26 107
26 126
26 237
26 304
26 312
26 323
26 324
26 326
26 328
26 333
26 378
26 504
27 28
27 29
27 30
27 31
27 35
27 70
27 125
27 126
27 195
27 287
27 312
27 328
27 330
27 397
27 417
27 439
27 472
27 504
28 29
28 30
28 126
28 195
28 196
28 287
28 312
28 328
28 396
28 397
28 417
28 435
28 461
28 579
28 584
29 30
29 31
29 32
29 35
29 36
29 55
29 69
29 70
29 71
29 98
29 107
29 109
29 111
29 112
29 120
29 125
29 126
29 143
29 147
29 221
29 284
29 301
29 304
29 305
29 308
29 312
29 323
29 324
29 328
29 329
29 330
29 333
29 369
29 375
29 376
29 378
29 386
29 396
29 397
29 398
29 404
29 406
29 411
29 417
29 423
29 426
29 434
29 500
29 579
29 583
30 31
30 32
30 35
30 36
30 55
30 69
30 70
30 71
30 77
30 97
30 111
30 112
30 119
30 120
30 125
30 126
30 143
30 144
30 147
30 237
30 246
30 301
30 304
30 305
30 308
30 312
30 328
30 329
30 330
30 333
30 348
30 368
30 369
30 376
30 378
30 386
30 396
30 398
30 403
30 411
30 417
30 418
30 419
30 423
30 434
30 484
30 529
30 545
30 549
30 583
31 32
31 35
31 36
31 55
31 69
31 70
31 71
31 72
31 77
31 80
31 97
31 111
31 119
31 120
31 125
31 133
31 135
31 137
31 143
31 144
31 147
31 149
31 156
31 237
31 246
31 303
31 304
31 305
31 312
31 328
31 329
31 330
31 333
31 348
31 367
31 368
31 369
31 375
31 376
31 378
31 386
31 398
31 403
31 411
31 417
31 418
31 419
31 423
31 428
31 431
31 434
31 442
31 450
31 484
31 529
31 545
31 549
31 583
31 585
32 35
32 36
32 71
32 77
32 97
32 98
32 107
32 111
32 112
32 119
32 120
32 126
32 142
32 143
32 147
32 221
32 301
32 303
32 304
32 305
32 312
32 319
32 323
32 324
32 329
32 331
32 333
32 348
32 369
32 375
32 376
32 378
32 385
32 386
32 396
32 398
32 403
32 404
32 405
32 406
32 411
32 417
32 423
32 424
32 434
32 451
32 484
32 500
32 549
32 583
33 477
33 497
33 519
34 537
35 36
35 38
35 55
35 69
35 70
35 71
35 97
35 98
35 107
35 111
35 119
35 120
35 125
35 137
35 142
35 147
35 221
35 246
35 301
35 303
35 304
35 305
35 308
35 312
35 318
35 319
35 324
35 328
35 329
35 330
35 333
35 348
35 364
35 368
35 369
35 375
35 376
35 378
35 386
35 398
35 404
35 411
35 412
35 419
35 423
35 424
35 434
35 504
35 579
35 583
36 70
36 71
36 97
36 111
36 125
36 133
36 137
36 147
36 150
36 156
36 304
36 305
36 319
36 324
36 330
36 333
36 364
36 375
36 376
36 378
36 386
36 398
36 403
36 411
36 415
36 418
36 419
36 428
36 434
36 446
36 450
36 484
36 504
36 545
37 38
37 252
37 317
37 319
37 320
37 336
37 392
38 111
38 221
38 244
38 304
38 319
38 320
38 386
39 41
39 70
39 133
39 325
39 327
39 328
40 369
41 46
42 45
42 46
42 47
42 48
42 54
42 56
42 116
42 117
42 118
42 338
42 339
42 340
42 342
42 343
42 346
42 347
42 352
42 357
42 358
42 360
42 382
43 333
44 49
44 53
44 56
44 60
44 61
44 82
44 146
44 341
44 345
44 353
44 356
44 359
44 413
44 416
44 440
44 444
44 445
44 446
44 447
44 543
45 46
45 47
45 48
45 54
45 56
45 62
45 67
45 116
45 117
45 118
45 342
45 346
45 347
45 351
45 352
45 357
45 358
45 360
45 361
45 381
46 47
46 48
46 54
46 56
46 62
46 116
46 117
46 118
46 338
46 339
46 340
46 342
46 346
46 347
46 352
46 357
46 358
46 360
47 48
47 51
47 52
47 53
47 54
47 56
47 57
47 59
47 62
47 66
47 67
47 74
47 113
47 115
47 116
47 117
47 118
47 120
47 124
47 338
47 340
47 342
47 344
47 345
47 346
47 347
47 349
47 350
47 351
47 352
47 357
47 358
47 360
47 361
47 367
47 379
47 381
48 54
48 56
48 89
48 116
48 117
48 118
48 124
48 342
48 346
48 347
48 349
48 350
48 352
48 356
48 357
48 358
48 360
48 371
48 381
49 60
49 150
49 152
49 341
49 349
49 353
49 359
49 415
49 418
49 421
49 440
49 445
49 446
49 448
49 450
50 51
50 52
50 53
50 55
50 57
50 70
50 124
50 141
50 312
50 328
50 345
50 349
51 52
51 53
51 54
51 56
51 62
51 63
51 66
51 67
51 87
51 117
51 118
51 124
51 341
51 345
51 349
51 351
51 352
51 361
52 53
52 54
52 57
52 62
52 113
52 118
52 124
52 344
52 345
52 346
52 349
52 350
52 351
52 352
52 358
52 446
53 54
53 55
53 56
53 57
53 60
53 61
53 66
53 67
53 118
53 124
53 341
53 344
53 345
53 348
53 349
53 350
53 351
53 353
53 357
53 359
53 368
53 413
53 416
54 56
54 57
54 59
54 62
54 65
54 66
54 67
54 116
54 117
54 118
54 124
54 340
54 342
54 344
54 345
54 346
54 347
54 349
54 350
54 351
54 352
54 353
54 354
54 356
54 357
54 358
54 360
54 361
54 381
54 416
54 433
55 57
55 64
55 65
55 69
55 70
55 71
55 72
55 77
55 98
55 107
55 111
55 118
55 119
55 120
55 124
55 125
55 135
55 147
55 221
55 304
55 312
55 328
55 348
55 350
55 353
55 359
55 368
55 376
55 378
55 395
55 398
55 406
55 413
55 417
55 418
55 419
55 423
55 434
55 440
55 446
56 57
56 62
56 65
56 66
56 67
56 73
56 89
56 116
56 117
56 118
56 124
56 337
56 340
56 344
56 345
56 346
56 347
56 348
56 349
56 350
56 352
56 353
56 356
56 357
56 358
56 360
56 361
56 381
56 405
56 416
56 433
57 65
57 73
57 116
57 118
57 120
57 124
57 125
57 141
57 337
57 340
57 341
57 344
57 346
57 347
57 348
57 349
57 350
57 352
57 353
57 356
57 357
57 358
57 360
57 370
57 405
57 413
57 416
57 433
57 444
58 60
58 61
58 64
58 66
58 147
58 353
58 354
59 62
59 63
59 64
59 66
59 67
59 74
59 82
59 121
59 138
59 139
59 344
59 346
59 347
59 351
59 352
59 357
59 358
59 360
59 361
59 362
59 367
59 433
60 61
60 64
60 71
60 72
60 149
60 341
60 348
60 353
60 354
60 359
60 365
60 368
60 370
60 374
60 375
60 413
60 414
60 422
60 440
60 444
60 446
61 64
61 66
61 67
61 147
61 345
61 353
61 354
61 355
61 359
61 363
61 368
62 63
62 66
62 67
62 74
62 116
62 118
62 120
62 121
62 147
62 251
62 304
62 344
62 346
62 347
62 349
62 351
62 352
62 357
62 358
62 360
62 361
62 386
63 66
63 67
64 66
64 67
64 71
64 72
64 74
64 77
64 111
64 120
64 121
64 137
64 147
64 149
64 341
64 348
64 349
64 351
64 353
64 354
64 359
64 361
64 363
64 367
64 370
64 412
64 413
64 414
64 418
64 433
64 440
65 66
65 116
65 118
65 124
65 152
65 341
65 346
65 347
65 348
65 350
65 353
65 354
65 357
65 358
65 367
65 373
65 413
65 416
65 433
66 67
66 118
66 121
66 138
66 147
66 341
66 344
66 345
66 347
66 351
66 352
66 353
66 354
66 357
66 358
66 359
66 360
66 361
66 362
66 363
66 367
66 413
66 414
66 433
66 440
67 118
67 121
67 345
67 351
67 352
67 360
67 361
67 362
67 363
68 132
68 140
68 148
68 150
68 160
68 428
69 70
69 71
69 72
69 80
69 97
69 98
69 119
69 120
69 125
69 135
69 137
69 147
69 157
69 328
69 330
69 364
69 368
69 369
69 376
69 398
69 412
69 418
69 423
69 434
69 583
70 71
70 72
70 111
70 119
70 120
70 125
70 133
70 135
70 137
70 147
70 186
70 246
70 291
70 312
70 325
70 327
70 328
70 330
70 349
70 368
70 375
70 378
70 419
70 434
70 438
70 439
70 443
70 476
70 504
70 583
71 72
71 74
71 75
71 77
71 80
71 97
71 98
71 99
71 111
71 118
71 119
71 120
71 125
71 129
71 133
71 135
71 137
71 142
71 144
71 147
71 149
71 150
71 157
71 246
71 264
71 303
71 304
71 305
71 328
71 329
71 330
71 333
71 341
71 348
71 353
71 359
71 364
71 367
71 368
71 369
71 370
71 375
71 376
71 378
71 386
71 398
71 403
71 411
71 412
71 413
71 415
71 418
71 419
71 422
71 423
71 428
71 431
71 434
71 440
71 446
71 450
71 484
71 583
71 587
72 77
72 97
72 111
72 119
72 120
72 135
72 137
72 142
72 149
72 206
72 303
72 328
72 341
72 353
72 364
72 367
72 368
72 370
72 412
72 413
72 418
72 419
72 423
72 440
72 587
73 74
73 75
73 79
73 116
73 329
73 331
73 340
73 347
73 348
73 350
73 356
73 357
73 360
73 367
73 370
73 373
73 405
73 413
73 416
74 77
74 80
74 119
74 120
74 132
74 135
74 137
74 139
74 147
74 346
74 350
74 351
74 352
74 353
74 354
74 357
74 360
74 367
74 369
74 370
74 371
74 373
74 413
74 433
74 440
74 484
74 582
75 77
75 79
75 91
75 331
75 365
75 367
75 369
75 374
75 434
76 558
77 79
77 80
77 97
77 99
77 111
77 119
77 120
77 129
77 132
77 135
77 137
77 139
77 147
77 149
77 157
77 158
77 303
77 305
77 329
77 331
77 333
77 348
77 353
77 354
77 359
77 367
77 369
77 370
77 373
77 374
77 376
77 378
77 386
77 411
77 413
77 414
77 415
77 419
77 428
77 440
77 450
77 484
77 529
77 549
77 583
77 585
77 587
78 82
79 331
79 356
79 365
79 367
80 135
80 137
80 147
80 367
80 369
80 415
80 418
80 484
80 546
81 84
81 86
81 89
81 91
82 132
82 138
82 139
82 367
82 440
82 445
83 85
83 112
83 130
83 162
83 191
84 86
84 89
84 91
85 88
85 130
86 87
86 89
86 91
86 377
86 380
86 381
87 89
87 118
88 89
88 130
88 339
88 347
89 91
89 116
89 118
89 365
89 374
89 377
89 380
89 381
89 382
90 199
91 331
91 365
91 374
91 377
91 380
91 529
92 93
92 95
92 104
92 105
92 106
92 108
92 110
92 114
92 154
92 184
92 187
92 191
92 192
92 193
92 194
92 195
92 198
92 212
92 223
92 301
92 306
92 384
92 390
92 393
92 407
92 410
92 435
92 454
92 460
92 491
92 492
92 495
92 501
93 95
93 100
93 103
93 105
93 106
93 108
93 110
93 154
93 187
93 191
93 192
93 193
93 195
93 196
93 198
93 200
93 201
93 202
93 204
93 211
93 212
93 213
93 216
93 224
93 301
93 306
93 326
93 384
93 388
93 390
93 393
93 394
93 396
93 407
93 410
93 435
93 454
93 460
93 474
93 492
93 495
93 496
93 501
93 517
94 98
94 395
95 100
95 126
95 131
95 154
95 174
95 187
95 191
95 194
95 195
95 196
95 198
95 201
95 212
95 215
95 223
95 224
95 280
95 282
95 283
95 301
95 384
95 452
95 460
95 477
95 501
95 514
95 579
95 580
95 584
95 586
96 97
96 99
96 198
96 282
97 98
97 99
97 111
97 112
97 119
97 120
97 128
97 129
97 135
97 137
97 143
97 149
97 157
97 301
97 303
97 304
97 305
97 317
97 329
97 364
97 376
97 378
97 385
97 386
97 411
97 415
97 418
97 419
97 422
97 423
97 424
97 430
97 431
97 434
97 450
97 484
98 106
98 107
98 110
98 111
98 119
98 120
98 126
98 221
98 223
98 301
98 304
98 312
98 328
98 333
98 385
98 398
98 400
98 401
98 412
98 423
98 424
98 579
99 139
99 145
99 305
99 370
99 373
99 376
99 378
99 450
100 174
100 194
100 209
100 212
100 223
100 224
100 283
100 471
100 514
100 580
100 584
101 103
101 105
101 123
101 192
101 193
101 195
101 200
101 201
101 203
101 204
101 212
102 106
102 336
102 389
102 391
103 104
103 105
103 106
103 108
103 109
103 122
103 171
103 189
103 191
103 192
103 193
103 195
103 197
103 200
103 201
103 202
103 203
103 204
103 210
103 211
103 212
103 213
103 215
103 274
103 384
103 388
103 390
103 393
103 394
103 410
103 454
103 473
103 474
103 492
103 495
103 496
103 501
103 503
103 517
104 105
104 106
104 108
104 154
104 171
104 191
104 192
104 193
104 195
104 200
104 202
104 204
104 211
104 212
104 215
104 222
104 227
104 384
104 390
104 393
104 394
104 410
104 435
104 454
104 492
104 495
104 496
105 106
105 107
105 108
105 109
105 110
105 112
105 114
105 154
105 191
105 192
105 193
105 194
105 195
105 196
105 198
105 201
105 204
105 210
105 212
105 223
105 384
105 390
105 393
105 395
105 396
105 397
105 404
105 406
105 407
105 408
105 410
105 435
105 454
105 460
105 467
105 491
105 492
106 107
106 108
106 109
106 110
106 126
106 171
106 192
106 193
106 194
106 195
106 204
106 221
106 223
106 301
106 324
106 326
106 384
106 393
106 395
106 396
106 398
106 400
106 406
106 410
106 579
107 108
107 109
107 111
107 114
107 125
107 126
107 191
107 192
107 195
107 221
107 223
107 301
107 304
107 308
107 321
107 323
107 324
107 326
107 328
107 333
107 378
107 384
107 393
107 395
107 396
107 398
107 406
107 407
107 410
107 417
107 423
107 435
107 472
107 579
108 109
108 110
108 191
108 192
108 193
108 195
108 211
108 212
108 223
108 306
108 384
108 390
108 393
108 395
108 400
108 407
108 410
108 495
109 114
109 125
109 126
109 191
109 192
109 193
109 194
109 195
109 201
109 210
109 393
109 395
109 396
109 398
109 402
109 406
109 407
109 410
109 435
109 500
110 111
110 119
110 216
110 223
110 301
110 303
110 306
110 384
110 400
110 401
110 487
110 579
111 120
111 135
111 137
111 147
111 206
111 221
111 303
111 304
111 305
111 319
111 320
111 324
111 328
111 333
111 348
111 364
111 367
111 369
111 375
111 385
111 386
111 398
111 411
111 413
111 415
111 419
111 423
111 431
111 434
111 440
112 114
112 126
112 129
112 131
112 157
112 191
112 194
112 198
112 223
112 301
112 304
112 323
112 324
112 326
112 329
112 331
112 333
112 376
112 395
112 396
112 397
112 398
112 404
112 405
112 406
112 407
112 408
112 409
112 410
112 417
112 422
112 423
112 424
112 430
112 435
112 451
112 460
112 491
112 529
113 115
114 126
114 129
114 131
114 154
114 157
114 191
114 193
114 194
114 195
114 201
114 212
114 294
114 326
114 332
114 376
114 384
114 393
114 395
114 396
114 397
114 404
114 406
114 407
114 408
114 409
114 410
114 417
114 422
114 424
114 435
114 451
114 454
114 460
114 461
114 491
115 116
115 118
115 329
115 347
115 350
115 358
115 386
116 117
116 118
116 125
116 337
116 339
116 340
116 342
116 344
116 346
116 347
116 350
116 357
116 358
116 360
116 365
116 370
116 381
116 405
116 416
117 118
117 347
118 120
118 125
118 147
118 340
118 341
118 344
118 345
118 346
118 347
118 348
118 349
118 350
118 352
118 353
118 354
118 357
118 358
118 359
118 360
118 361
118 367
118 370
118 375
118 379
118 381
118 386
118 413
118 416
118 446
119 120
119 135
119 147
119 157
119 223
119 246
119 301
119 312
119 328
119 353
119 399
119 400
119 401
119 412
119 423
119 443
119 579
119 583
120 124
120 125
120 135
120 137
120 147
120 303
120 304
120 312
120 318
120 328
120 329
120 333
120 340
120 344
120 346
120 348
120 349
120 350
120 351
120 352
120 353
120 354
120 357
120 358
120 360
120 361
120 367
120 369
120 373
120 385
120 386
120 398
120 411
120 413
120 414
120 418
120 419
120 423
120 434
120 440
120 484
121 124
121 351
121 352
121 361
121 371
121 440
122 169
122 192
122 193
122 195
122 200
122 202
122 204
122 236
122 260
122 326
122 394
122 435
122 436
122 473
122 496
122 503
123 154
123 155
123 171
123 192
123 193
123 194
123 195
123 196
123 200
123 201
123 202
123 204
123 215
123 384
123 393
123 394
123 454
123 496
123 503
123 515
124 147
124 312
124 341
124 345
124 346
124 348
124 349
124 350
124 351
124 352
124 357
124 358
124 361
124 368
124 369
124 440
125 126
125 133
125 135
125 141
125 157
125 304
125 312
125 328
125 329
125 333
125 348
125 350
125 368
125 376
125 378
125 397
125 398
125 406
125 407
125 416
125 417
125 418
125 419
125 423
125 431
125 434
125 446
125 500
125 504
125 545
126 143
126 191
126 194
126 195
126 198
126 201
126 203
126 223
126 237
126 280
126 284
126 287
126 301
126 302
126 323
126 333
126 378
126 384
126 396
126 398
126 406
126 407
126 417
126 435
126 461
126 472
126 500
126 502
126 519
126 579
126 584
127 421
128 157
128 263
128 264
128 282
128 450
128 510
129 134
129 142
129 157
129 294
129 329
129 332
129 359
129 364
129 376
129 378
129 403
129 406
129 422
129 423
129 424
129 434
129 445
129 450
129 543
130 151
130 159
130 377
130 403
130 409
131 154
131 157
131 190
131 191
131 196
131 198
131 212
131 233
131 282
131 427
131 460
131 467
132 139
132 144
132 158
132 329
132 367
132 373
132 403
132 411
132 420
132 428
132 431
132 450
132 484
133 137
133 144
133 150
133 328
133 330
133 364
133 368
133 419
133 428
134 422
135 137
135 147
135 348
135 353
135 367
135 415
135 418
135 434
135 440
135 450
135 484
136 171
136 190
136 364
137 147
137 149
137 156
137 246
137 248
137 264
137 367
137 369
137 386
137 412
137 413
137 418
137 419
137 428
137 431
137 440
137 450
137 484
137 545
137 587
138 139
138 248
138 367
138 433
139 367
139 370
139 373
139 433
139 440
140 160
141 199
141 350
141 500
141 598
142 375
142 434
143 237
143 246
143 301
143 302
143 304
143 305
143 329
143 330
143 376
143 396
143 399
143 417
143 439
143 443
143 531
143 579
143 583
143 584
144 147
144 150
144 264
144 341
144 359
144 368
144 375
144 411
144 418
144 419
144 431
144 434
144 440
144 444
144 446
144 500
145 225
146 152
146 444
147 149
147 150
147 246
147 264
147 304
147 330
147 341
147 348
147 349
147 351
147 352
147 353
147 354
147 359
147 361
147 367
147 368
147 369
147 375
147 376
147 386
147 411
147 412
147 413
147 418
147 419
147 431
147 438
147 440
147 450
147 484
147 583
149 367
149 368
149 369
149 374
149 375
149 376
149 415
149 418
149 440
150 298
150 359
150 364
150 376
150 411
150 418
150 419
150 428
150 431
150 442
150 446
150 448
150 450
150 531
152 160
153 272
153 468
153 574
153 577
153 578
153 592
154 155
154 167
154 171
154 187
154 190
154 191
154 192
154 193
154 194
154 195
154 196
154 197
154 198
154 200
154 201
154 202
154 204
154 209
154 211
154 212
154 213
154 215
154 216
154 223
154 224
154 241
154 384
154 390
154 393
154 396
154 406
154 407
154 408
154 410
154 435
154 454
154 460
154 467
154 491
154 492
154 495
154 496
154 501
154 517
155 164
155 171
155 190
155 192
155 193
155 194
155 195
155 196
155 201
155 212
155 214
155 233
155 245
155 273
155 384
155 393
155 394
155 407
155 454
155 467
155 496
155 497
156 403
156 419
156 428
156 464
156 543
157 282
157 329
157 376
157 378
157 417
157 422
157 423
157 450
157 529
158 180
158 403
158 428
158 455
158 484
159 161
159 174
159 219
161 219
161 274
162 191
162 205
162 212
162 494
162 536
163 164
163 254
164 332
164 409
164 442
166 230
167 197
167 202
168 172
169 187
169 188
169 192
169 193
169 197
169 200
169 201
169 202
169 204
169 211
169 274
169 384
169 394
169 474
169 477
169 495
169 496
169 501
169 503
169 517
170 247
170 252
170 256
170 540
170 562
170 567
170 581
171 189
171 190
171 192
171 193
171 194
171 195
171 196
171 202
171 204
171 209
171 211
171 212
171 213
171 214
171 215
171 216
171 223
171 224
171 276
171 384
171 390
171 393
171 394
171 396
171 454
171 460
171 474
171 489
171 492
171 493
171 495
171 496
171 501
171 503
171 514
171 515
171 517
171 523
172 186
173 568
175 480
176 179
176 211
176 216
176 228
176 231
176 485
176 487
176 489
176 511
176 513
176 542
177 588
178 183
178 228
178 256
178 295
178 297
178 538
178 540
178 541
178 566
178 567
178 577
180 437
181 567
182 577
183 228
183 252
183 255
183 269
183 277
183 279
183 281
183 457
185 441
186 288
186 290
186 325
186 327
186 328
186 432
186 439
186 504
187 189
187 192
187 193
187 197
187 200
187 202
187 209
187 211
187 212
187 213
187 214
187 215
187 216
187 274
187 289
187 292
187 492
187 493
187 495
187 501
187 503
187 514
187 517
187 527
188 197
188 200
188 202
188 209
188 211
188 228
188 229
188 231
188 262
188 271
188 274
188 278
188 281
188 295
188 296
188 311
188 485
188 503
188 507
188 516
189 192
189 193
189 195
189 196
189 197
189 200
189 202
189 204
189 209
189 211
189 212
189 213
189 214
189 215
189 216
189 224
189 234
189 274
189 276
189 283
189 384
189 388
189 394
189 471
189 473
189 489
189 493
189 495
189 496
189 501
189 503
189 513
189 514
189 517
189 522
189 527
189 528
189 580
190 193
190 196
190 210
190 212
190 454
190 460
190 490
191 192
191 193
191 194
191 195
191 196
191 198
191 200
191 201
191 210
191 212
191 326
191 384
191 390
191 393
191 395
191 396
191 397
191 402
191 404
191 406
191 407
191 408
191 409
191 410
191 417
191 435
191 454
191 460
191 461
191 467
191 491
191 492
191 494
191 495
191 496
191 501
192 193
192 194
192 195
192 196
192 197
192 200
192 201
192 202
192 203
192 204
192 207
192 209
192 210
192 211
192 212
192 213
192 215
192 216
192 219
192 274
192 276
192 384
192 388
192 390
192 391
192 393
192 394
192 396
192 407
192 408
192 410
192 435
192 454
192 460
192 473
192 474
192 489
192 492
192 493
192 495
192 496
192 501
192 503
192 514
192 515
192 517
193 194
193 195
193 196
193 197
193 200
193 201
193 202
193 203
193 204
193 209
193 210
193 211
193 212
193 213
193 214
193 215
193 216
193 384
193 390
193 393
193 394
193 396
193 402
193 407
193 408
193 410
193 435
193 454
193 456
193 460
193 461
193 467
193 473
193 474
193 489
193 491
193 492
193 493
193 494
193 495
193 496
193 497
193 501
193 503
193 514
193 517
194 195
194 196
194 201
194 212
194 223
194 326
194 384
194 393
194 394
194 396
194 404
194 406
194 407
194 408
194 410
194 435
194 454
194 460
194 461
194 474
194 491
194 496
194 501
194 503
194 514
194 517
194 584
195 196
195 197
195 198
195 200
195 201
195 202
195 203
195 204
195 211
195 212
195 213
195 215
195 223
195 237
195 286
195 287
195 384
195 388
195 390
195 393
195 394
195 396
195 404
195 406
195 407
195 408
195 410
195 417
195 435
195 454
195 460
195 461
195 467
195 472
195 473
195 474
195 477
195 495
195 496
195 497
195 501
195 502
195 503
195 515
195 517
195 519
195 584
196 200
196 201
196 202
196 211
196 212
196 213
196 214
196 215
196 223
196 224
196 233
196 245
196 384
196 390
196 393
196 394
196 396
196 408
196 417
196 435
196 454
196 460
196 461
196 467
196 477
196 492
196 494
196 496
196 497
196 501
196 503
196 514
196 517
196 584
197 200
197 201
197 202
197 204
197 205
197 209
197 211
197 212
197 213
197 215
197 216
197 230
197 234
197 270
197 274
197 280
197 394
197 473
197 489
197 493
197 495
197 496
197 501
197 503
197 514
197 515
197 517
197 527
198 301
198 396
198 404
198 435
198 460
198 491
199 259
199 296
199 297
199 299
200 201
200 202
200 203
200 204
200 205
200 211
200 212
200 213
200 215
200 262
200 274
200 278
200 384
200 388
200 390
200 393
200 394
200 454
200 473
200 474
200 477
200 489
200 492
200 493
200 494
200 495
200 496
200 498
200 501
200 503
200 514
200 517
200 527
201 202
201 203
201 204
201 212
201 213
201 215
201 384
201 393
201 394
201 396
201 435
201 454
201 460
201 495
201 496
201 501
201 502
201 503
201 519
201 584
202 204
202 205
202 209
202 211
202 212
202 213
202 215
202 216
202 274
202 278
202 292
202 384
202 388
202 393
202 394
202 454
202 477
202 489
202 492
202 493
202 494
202 495
202 496
202 498
202 501
202 503
202 514
202 517
202 527
203 204
203 215
203 219
203 237
203 394
203 396
203 473
203 479
203 496
203 497
203 502
203 503
203 519
203 529
203 547
203 584
204 211
204 212
204 213
204 215
204 274
204 384
204 388
204 393
204 394
204 454
204 473
204 477
204 489
204 493
204 495
204 496
204 501
204 503
204 515
204 517
204 519
204 527
205 278
205 473
205 536
206 319
206 336
206 587
207 211
207 280
207 489
207 493
207 495
207 509
207 511
208 265
208 267
208 544
208 595
209 211
209 212
209 213
209 214
209 215
209 216
209 224
209 230
209 231
209 234
209 274
209 276
209 394
209 471
209 485
209 493
209 501
209 513
209 514
209 527
210 212
210 390
210 393
210 396
210 402
210 407
210 410
210 435
210 460
210 491
210 492
211 212
211 213
211 214
211 215
211 216
211 230
211 231
211 234
211 274
211 276
211 384
211 388
211 390
211 391
211 393
211 394
211 485
211 489
211 492
211 493
211 495
211 496
211 501
211 503
211 513
211 515
211 517
211 518
211 527
211 528
212 213
212 214
212 215
212 216
212 223
212 224
212 234
212 274
212 276
212 383
212 384
212 388
212 390
212 393
212 394
212 396
212 407
212 408
212 410
212 435
212 454
212 460
212 471
212 473
212 474
212 489
212 491
212 492
212 493
212 494
212 495
212 496
212 501
212 503
212 514
212 517
213 215
213 216
213 218
213 224
213 230
213 231
213 234
213 240
213 262
213 274
213 276
213 384
213 388
213 390
213 394
213 454
213 489
213 492
213 493
213 495
213 496
213 501
213 503
213 515
213 517
213 580
214 216
214 231
214 273
214 515
215 219
215 274
215 388
215 394
215 473
215 477
215 495
215 496
215 501
215 503
215 515
215 517
215 519
215 527
215 528
216 218
216 224
216 231
216 276
216 383
216 384
216 394
216 485
216 489
216 493
216 501
216 513
216 514
216 515
216 517
216 518
216 524
216 527
217 232
217 265
217 571
218 230
219 274
220 396
220 529
221 244
221 305
221 308
221 319
221 320
221 321
221 324
221 364
221 395
221 398
221 423
222 397
223 224
223 237
223 245
223 301
223 384
223 395
223 396
223 398
223 400
223 401
223 410
223 423
223 451
223 524
223 579
224 234
224 245
224 276
224 283
224 384
224 390
224 454
224 460
224 471
224 473
224 474
224 491
224 492
224 496
224 501
224 513
224 514
224 580
225 253
226 236
227 536
227 537
228 229
228 256
228 262
228 263
228 271
228 567
229 230
229 231
229 256
229 265
229 270
229 271
229 295
229 567
230 231
230 234
230 240
230 283
230 316
230 511
231 265
231 271
231 273
231 274
231 276
231 485
231 507
231 518
232 247
232 250
233 237
233 399
233 443
233 467
233 533
234 276
234 473
234 489
234 493
234 501
234 580
235 323
237 245
237 246
237 286
237 287
237 290
237 312
237 328
237 330
237 389
237 396
237 399
237 400
237 401
237 417
237 439
237 504
237 533
237 579
237 583
237 584
238 240
238 249
239 243
239 248
242 250
242 552
244 325
244 531
245 384
245 396
245 400
245 401
245 407
245 410
245 454
245 460
245 490
245 491
245 533
246 328
246 330
246 368
246 399
246 401
246 412
246 418
246 421
246 431
246 443
246 450
246 534
246 545
246 583
247 248
247 250
247 252
247 256
247 268
247 269
247 556
248 250
248 367
248 431
248 440
248 478
248 558
248 587
250 252
250 268
250 556
250 558
251 526
252 256
252 268
252 269
252 560
255 269
255 457
256 269
256 567
257 539
257 566
257 576
257 577
257 592
257 595
257 596
257 597
258 597
259 297
261 279
261 296
261 457
261 574
261 578
261 592
261 597
262 274
262 278
262 296
262 503
264 419
264 440
264 450
264 484
264 510
264 587
265 267
266 271
268 269
268 560
268 570
269 271
269 279
269 281
269 295
269 457
269 570
269 592
270 550
271 295
271 311
271 507
272 466
273 515
274 278
274 281
274 394
274 477
274 493
274 503
274 515
274 516
274 517
274 528
275 544
276 384
276 390
276 485
276 489
276 493
276 501
276 513
276 517
276 518
278 281
278 493
278 498
278 503
278 513
278 516
278 517
278 522
278 527
278 539
278 576
278 577
278 595
278 597
279 281
279 295
279 297
279 457
279 578
280 472
280 493
280 502
280 503
280 517
280 519
280 527
281 295
281 296
281 457
281 499
283 452
283 511
283 527
283 580
284 579
285 312
285 327
285 328
285 330
285 400
285 579
285 583
286 287
286 290
286 388
286 439
286 496
286 532
286 580
286 584
287 290
287 312
287 328
287 330
287 384
287 388
287 396
287 417
287 461
287 579
287 584
288 372
288 432
289 501
290 439
290 584
291 325
291 439
291 443
292 473
292 498
292 517
293 337
294 365
294 422
295 296
295 297
295 311
295 457
295 480
296 297
296 457
296 597
300 307
300 600
301 303
301 304
301 306
301 312
301 326
301 376
301 384
301 388
301 395
301 396
301 398
301 400
301 401
301 404
301 417
301 435
301 579
301 584
302 325
302 439
302 479
302 502
302 504
302 531
302 579
302 584
303 304
303 305
303 319
303 348
303 367
303 369
303 370
303 376
303 378
303 386
303 398
303 411
304 305
304 308
304 312
304 324
304 328
304 329
304 333
304 348
304 369
304 375
304 376
304 378
304 385
304 386
304 395
304 396
304 398
304 404
304 405
304 406
304 407
304 411
304 417
304 423
304 430
304 434
304 500
305 308
305 319
305 320
305 324
305 329
305 333
305 369
305 376
305 378
305 386
305 398
305 403
305 411
305 415
305 450
305 484
308 312
308 324
308 328
308 333
308 376
308 378
308 395
308 396
308 398
308 423
309 458
310 484
311 507
311 565
311 597
312 318
312 324
312 327
312 328
312 330
312 333
312 368
312 378
312 384
312 395
312 396
312 398
312 423
312 579
313 314
314 518
317 319
317 320
317 336
317 385
317 386
317 389
317 415
318 319
318 333
319 320
319 336
319 386
319 419
320 324
320 336
320 385
320 386
320 392
320 411
321 389
321 391
321 395
321 396
322 332
322 529
323 324
323 326
323 329
323 333
323 404
324 326
324 329
324 331
324 333
324 364
324 376
324 378
324 386
324 395
324 396
324 398
324 403
324 404
324 405
324 406
324 411
324 417
324 423
325 327
325 328
325 330
325 439
325 443
325 476
325 504
325 531
325 534
325 555
326 331
326 383
326 384
326 396
326 404
326 406
326 410
326 477
326 584
327 328
327 330
327 583
328 330
328 368
328 378
328 398
328 417
328 423
328 439
328 443
328 476
328 504
328 530
328 531
328 579
328 583
329 331
329 332
329 333
329 348
329 369
329 373
329 376
329 378
329 386
329 396
329 398
329 403
329 404
329 405
329 406
329 411
329 417
329 423
329 424
329 434
329 484
329 500
329 529
329 549
330 368
330 399
330 418
330 439
330 504
330 529
330 530
330 531
330 545
330 559
330 579
330 583
331 333
331 373
331 405
332 374
332 377
332 378
332 403
332 404
332 405
332 406
332 417
332 497
333 348
333 369
333 375
333 376
333 378
333 385
333 386
333 395
333 396
333 398
333 403
333 404
333 405
333 406
333 407
333 409
333 411
333 423
333 424
333 434
333 451
333 500
333 529
334 336
334 392
335 359
335 374
336 392
337 338
337 340
337 344
337 346
337 347
337 357
337 358
337 405
337 406
337 416
338 339
338 340
338 342
338 343
338 346
338 347
338 352
338 357
338 358
338 360
339 342
339 343
339 347
339 382
339 405
339 441
340 342
340 343
340 344
340 346
340 347
340 350
340 352
340 357
340 358
340 360
340 405
340 416
341 345
341 346
341 348
341 349
341 351
341 353
341 354
341 357
341 358
341 359
341 367
341 368
341 370
341 375
341 386
341 413
341 416
341 418
341 419
341 431
341 433
341 440
341 444
341 445
341 446
342 343
342 346
342 347
342 352
342 360
343 346
343 347
344 346
344 347
344 348
344 349
344 350
344 351
344 352
344 353
344 357
344 358
344 360
344 361
345 349
345 351
345 352
345 358
345 359
345 363
346 347
346 349
346 350
346 351
346 352
346 357
346 358
346 360
346 361
346 367
346 386
347 350
347 352
347 357
347 358
347 360
347 361
347 367
347 371
347 373
347 386
347 433
348 349
348 350
348 353
348 354
348 357
348 358
348 359
348 361
348 367
348 368
348 369
348 370
348 373
348 376
348 385
348 386
348 395
348 398
348 405
348 406
348 411
348 413
348 414
348 416
348 417
348 418
348 423
348 424
348 431
348 433
348 434
348 440
348 442
348 444
348 446
348 448
349 350
349 351
349 352
349 353
349 354
349 357
349 361
349 366
349 368
349 418
349 440
349 545
350 351
350 352
350 353
350 356
350 357
350 358
350 360
350 370
350 373
350 413
350 416
351 352
351 353
351 354
351 357
351 358
351 360
351 361
351 367
351 413
351 414
351 433
351 440
352 357
352 358
352 360
352 361
352 381
352 386
352 433
353 354
353 356
353 357
353 358
353 359
353 367
353 368
353 370
353 373
353 412
353 413
353 414
353 416
353 418
353 433
353 440
353 444
353 445
354 356
354 357
354 358
354 359
354 361
354 363
354 367
354 369
354 370
354 373
354 386
354 413
354 414
354 433
354 440
355 438
356 357
356 358
356 371
356 413
356 416
356 433
357 358
357 360
357 361
357 367
357 370
357 373
357 413
357 416
357 433
357 440
358 360
358 361
358 362
358 367
358 381
358 386
358 413
358 414
358 433
358 440
359 363
359 367
359 368
359 375
359 376
359 386
359 413
359 414
359 418
359 419
359 422
359 431
359 434
359 440
359 444
359 446
359 450
360 361
361 362
361 367
361 380
361 381
361 386
361 413
361 414
361 433
361 440
362 363
362 414
363 413
363 414
364 375
364 376
364 378
364 398
364 403
364 406
364 421
364 422
364 423
364 424
364 428
364 430
364 431
364 434
364 446
364 450
364 451
364 459
365 368
365 370
365 374
365 376
365 429
365 430
367 369
367 370
367 371
367 373
367 386
367 411
367 413
367 414
367 418
367 431
367 433
367 440
367 484
368 375
368 412
368 413
368 417
368 418
368 421
368 434
368 440
368 443
368 444
369 373
369 375
369 376
369 386
369 411
369 413
369 418
369 424
369 431
369 434
369 440
369 484
370 371
370 373
370 386
370 413
370 416
370 440
370 444
371 373
371 440
373 411
373 413
373 433
373 440
374 376
374 377
374 380
374 413
374 529
375 376
375 378
375 386
375 403
375 415
375 417
375 434
375 446
375 546
376 378
376 386
376 395
376 396
376 398
376 403
376 405
376 406
376 407
376 411
376 413
376 415
376 417
376 418
376 422
376 423
376 424
376 430
376 431
376 434
376 442
376 446
376 450
376 451
376 529
377 405
378 403
378 405
378 406
378 407
378 415
378 417
378 423
378 434
378 435
378 446
378 497
378 500
378 504
378 529
380 381
380 438
381 386
383 384
383 390
383 396
383 410
383 492
383 494
383 501
383 514
383 517
384 388
384 390
384 391
384 393
384 394
384 395
384 396
384 400
384 401
384 402
384 407
384 408
384 410
384 435
384 454
384 460
384 461
384 474
384 489
384 492
384 493
384 494
384 495
384 496
384 501
384 503
384 509
384 514
384 515
384 517
384 579
384 584
385 386
385 395
385 398
385 406
385 407
385 411
385 413
385 423
385 424
386 398
386 403
386 411
386 413
386 414
386 415
386 418
386 419
386 431
386 434
386 440
386 446
386 450
386 484
387 498
387 595
388 389
388 390
388 391
388 393
388 394
388 396
388 400
388 435
388 454
388 489
388 492
388 493
388 495
388 496
388 501
388 503
388 509
388 517
388 579
388 580
388 584
389 391
389 511
389 579
389 580
390 393
390 394
390 396
390 400
390 401
390 402
390 408
390 410
390 435
390 454
390 460
390 467
390 474
390 489
390 492
390 493
390 494
390 495
390 496
390 501
390 503
390 509
390 513
390 514
390 517
390 584
391 394
391 395
391 396
391 400
391 401
391 489
391 495
393 394
393 395
393 396
393 397
393 400
393 402
393 406
393 407
393 408
393 410
393 435
393 454
393 460
393 461
393 467
393 474
393 489
393 492
393 494
393 495
393 496
393 501
393 503
393 509
393 515
393 517
394 395
394 396
394 408
394 410
394 435
394 454
394 461
394 473
394 474
394 489
394 492
394 493
394 494
394 495
394 496
394 497
394 501
394 503
394 509
394 513
394 514
394 515
394 517
394 519
394 522
394 527
394 584
395 396
395 397
395 398
395 400
395 401
395 406
395 407
395 408
395 409
395 410
395 417
395 423
395 424
395 435
395 454
396 397
396 398
396 400
396 401
396 404
396 406
396 407
396 408
396 410
396 417
396 423
396 435
396 454
396 460
396 461
396 467
396 474
396 490
396 491
396 492
396 496
396 497
396 501
396 529
396 533
396 584
397 399
397 406
397 407
397 408
397 410
397 417
397 435
397 439
397 454
397 461
397 467
397 497
397 530
397 533
397 534
397 546
398 400
398 403
398 404
398 406
398 407
398 409
398 410
398 411
398 413
398 414
398 417
398 423
398 424
398 434
398 451
399 401
399 412
399 417
399 439
399 443
399 467
399 530
399 531
399 532
399 533
399 534
399 579
399 583
400 401
400 410
400 412
400 489
400 501
400 509
400 579
401 412
401 423
401 509
401 579
401 583
402 408
402 410
402 435
402 454
402 492
402 494
402 495
402 501
403 405
403 406
403 411
403 417
403 419
403 422
403 423
403 428
403 434
403 442
403 446
403 450
403 529
403 543
404 405
404 406
404 407
404 409
404 410
404 417
404 423
404 424
404 434
404 435
404 451
404 500
405 406
405 407
405 416
405 417
405 434
405 435
405 500
406 407
406 409
406 410
406 417
406 423
406 424
406 434
406 435
406 451
406 500
407 408
407 409
407 410
407 417
407 423
407 435
407 454
407 460
407 491
407 500
408 410
408 417
408 435
408 454
408 460
408 461
408 467
408 474
408 491
408 492
408 494
408 495
408 496
408 497
408 498
408 501
408 514
408 517
409 410
410 423
410 435
410 454
410 460
410 461
410 491
410 492
410 494
410 495
410 496
410 501
411 413
411 414
411 415
411 419
411 431
411 442
411 484
412 418
412 421
412 583
413 414
413 416
413 418
413 419
413 423
413 424
413 431
413 433
413 440
413 444
413 450
414 423
414 424
414 450
415 418
415 419
415 431
415 434
415 440
415 446
415 450
416 444
417 418
417 423
417 434
417 435
417 439
417 443
417 446
417 467
417 497
417 500
417 504
417 529
417 530
417 534
417 546
417 584
418 419
418 431
418 440
418 446
418 448
418 450
418 545
419 428
419 431
419 434
419 440
419 450
419 484
419 545
420 429
421 450
422 423
422 424
422 430
422 442
422 446
422 450
422 451
422 599
423 424
423 430
423 434
423 442
423 451
424 434
424 451
425 596
428 442
428 450
428 484
428 587
430 431
430 434
431 434
431 440
431 442
431 450
431 545
433 440
434 500
435 454
435 460
435 461
435 467
435 474
435 492
435 494
435 495
435 496
435 497
435 500
435 501
435 503
435 517
435 584
437 462
438 440
439 443
439 521
439 530
439 531
439 532
439 534
439 555
439 579
439 583
439 584
439 600
440 446
440 450
441 585
442 450
442 451
443 504
443 531
443 532
443 534
443 579
443 583
443 600
444 535
445 446
445 450
445 543
446 448
448 449
448 545
450 484
450 510
451 490
451 491
452 489
452 493
452 498
452 503
452 506
452 511
452 513
452 514
452 519
452 520
452 521
452 527
452 532
452 580
452 584
453 525
453 543
453 561
454 460
454 461
454 467
454 474
454 489
454 490
454 492
454 493
454 494
454 495
454 496
454 497
454 498
454 501
454 503
454 509
454 514
454 517
454 520
454 532
454 533
456 474
456 496
456 503
457 571
457 574
457 577
457 578
457 592
458 575
460 474
460 490
460 491
460 492
460 494
460 495
460 501
460 514
461 494
461 496
461 501
461 514
461 517
463 563
465 515
467 492
467 494
467 496
467 497
467 498
467 514
467 520
467 521
467 532
467 533
467 534
467 546
468 505
468 513
468 518
468 523
468 569
468 572
468 574
469 487
470 473
470 474
470 498
472 476
472 477
472 479
472 497
472 519
472 579
473 474
473 492
473 495
473 496
473 498
473 501
473 503
473 514
473 517
473 584
474 489
474 492
474 493
474 494
474 495
474 496
474 498
474 501
474 503
474 513
474 514
474 515
474 517
474 522
475 478
476 509
476 531
477 503
477 514
479 502
479 503
479 508
479 512
479 527
479 547
479 555
479 584
480 554
481 585
482 483
482 486
483 528
484 549
484 582
484 583
484 585
484 587
485 513
485 514
488 538
488 596
489 492
489 493
489 494
489 495
489 496
489 501
489 503
489 509
489 511
489 513
489 514
489 515
489 517
489 519
489 520
489 521
489 527
489 580
489 584
490 491
490 514
490 524
492 493
492 494
492 495
492 496
492 498
492 501
492 503
492 509
492 513
492 514
492 517
492 520
493 494
493 495
493 496
493 498
493 501
493 503
493 509
493 511
493 513
493 514
493 515
493 516
493 517
493 518
493 519
493 520
493 522
493 527
493 528
493 580
494 495
494 496
494 498
494 501
494 513
494 514
494 517
494 520
495 496
495 501
495 503
495 509
495 515
495 517
495 527
496 497
496 498
496 501
496 503
496 509
496 513
496 514
496 515
496 517
496 519
496 520
496 522
496 527
496 532
496 533
496 584
497 502
497 504
497 519
497 534
498 501
498 503
498 506
498 514
498 517
498 520
498 521
498 527
498 532
498 584
500 588
501 503
501 509
501 513
501 514
501 515
501 517
501 522
501 527
501 580
501 584
502 503
502 504
502 584
503 513
503 514
503 515
503 516
503 517
503 519
503 522
503 527
503 584
504 531
504 579
505 516
505 539
505 569
505 572
505 576
505 578
505 589
505 592
505 597
507 527
507 539
508 512
508 540
508 541
508 542
508 562
508 573
509 513
509 515
509 517
509 518
509 527
509 542
510 544
510 600
511 513
511 527
511 542
511 580
511 581
512 513
512 520
512 532
512 541
512 542
512 544
512 555
512 564
512 569
512 573
512 577
512 581
512 589
512 600
513 514
513 515
513 516
513 517
513 518
513 520
513 522
513 527
513 528
513 569
514 515
514 517
514 520
514 522
514 524
514 527
515 517
515 518
515 519
515 523
515 527
515 528
516 518
516 522
516 527
516 528
516 539
516 541
516 565
516 566
516 572
516 576
516 577
516 589
516 597
517 519
517 522
517 527
517 580
517 584
518 522
518 523
518 528
518 542
518 562
518 565
518 569
518 572
518 594
519 527
519 584
520 521
520 527
520 532
520 553
521 525
521 532
521 581
522 527
522 528
522 565
522 569
522 572
522 576
523 569
527 528
527 553
527 580
528 540
528 542
528 553
528 565
529 546
529 549
529 583
530 531
530 533
531 534
531 555
531 579
531 600
532 533
532 534
532 586
533 547
536 537
538 596
539 566
539 572
539 573
539 576
539 577
539 590
539 592
539 593
539 595
539 597
540 541
540 542
540 562
540 573
540 581
540 600
541 542
541 544
541 555
541 560
541 562
541 565
541 566
541 570
541 572
541 573
541 574
541 575
541 576
541 577
541 589
541 592
542 557
542 562
542 565
542 567
542 569
542 573
542 581
544 555
547 551
547 584
548 550
549 582
549 583
555 573
555 600
556 558
556 563
560 562
560 570
560 571
560 574
562 567
562 569
562 571
562 573
562 581
564 590
565 569
565 570
565 572
565 573
565 574
565 576
565 577
565 578
565 592
565 594
566 572
566 577
566 589
566 593
566 596
566 597
567 581
568 588
569 572
569 573
569 594
570 572
570 573
571 572
571 574
571 577
571 578
571 592
572 573
572 574
572 576
572 577
572 578
572 589
572 592
572 593
572 594
572 595
572 597
573 574
573 576
573 577
573 589
573 597
574 575
574 576
574 577
574 578
574 589
574 592
575 577
576 577
576 578
576 592
576 595
576 597
577 578
577 589
577 592
577 595
577 597
578 589
578 592
579 583
579 584
580 584
581 583
582 583
589 596
590 597
591 597
592 593
592 596
592 597
593 597
594 597
595 597
596 597
