600 5394

1 2
1 5
1 24
1 36
1 93
1 145
1 186
1 257
1 284
1 302
1 303
1 304
1 322
2 4
2 5
2 11
2 16
2 19
2 20
2 21
2 23
2 24
2 29
2 30
2 32
2 37
2 93
2 105
2 107
2 111
2 221
2 302
2 303
2 304
2 305
2 318
2 319
2 322
2 324
2 326
2 329
2 331
2 333
2 411
3 7
3 14
3 19
3 44
3 51
3 55
3 56
3 60
3 64
3 74
3 133
3 318
3 348
3 351
3 353
3 354
3 359
3 362
3 386
3 422
3 430
3 444
4 5
4 19
4 20
4 21
4 22
4 23
4 24
4 26
4 27
4 28
4 30
4 32
4 33
4 34
4 35
4 36
4 37
4 38
4 41
4 107
4 108
4 111
4 120
4 145
4 220
4 221
4 286
4 287
4 302
4 303
4 304
4 305
4 308
4 315
4 319
4 320
4 321
4 322
4 323
4 324
4 326
4 327
4 328
4 329
4 330
4 332
4 333
4 334
4 335
4 382
4 393
4 398
4 411
4 413
4 530
5 16
5 19
5 20
5 21
5 22
5 23
5 24
5 29
5 30
5 36
5 37
5 105
5 107
5 108
5 111
5 145
5 221
5 302
5 303
5 304
5 305
5 308
5 312
5 315
5 318
5 319
5 321
5 322
5 324
5 326
5 393
5 396
5 398
5 411
5 425
5 530
6 75
6 82
6 91
6 96
6 135
6 186
6 275
6 302
6 599
7 10
7 14
7 83
7 306
7 313
7 318
7 386
7 402
7 565
8 166
9 340
10 14
10 83
10 102
10 306
10 547
10 565
11 16
11 19
11 20
11 29
11 304
11 305
11 317
11 318
11 319
11 331
12 63
12 90
12 312
13 543
14 17
14 29
14 83
14 133
14 134
14 312
14 313
14 318
14 402
15 19
15 29
15 318
16 19
16 20
16 29
16 304
16 312
16 318
16 319
17 102
17 251
17 318
17 331
17 523
17 526
18 73
18 80
18 98
19 20
19 22
19 23
19 24
19 29
19 30
19 37
19 60
19 67
19 107
19 108
19 111
19 289
19 301
19 302
19 303
19 304
19 305
19 308
19 312
19 313
19 315
19 317
19 318
19 319
19 322
19 324
19 326
19 329
19 331
19 393
19 398
20 21
20 23
20 24
20 29
20 30
20 37
20 105
20 107
20 108
20 111
20 301
20 303
20 304
20 305
20 308
20 312
20 315
20 317
20 318
20 319
20 322
20 324
20 326
20 393
20 398
20 400
20 530
21 24
21 34
21 36
21 37
21 38
21 92
21 95
21 103
21 105
21 107
21 109
21 110
21 111
21 114
21 145
21 221
21 286
21 287
21 302
21 321
21 322
21 326
21 332
21 350
21 385
21 393
21 394
21 395
21 396
21 397
21 398
21 400
21 408
21 411
21 530
22 23
22 25
22 26
22 28
22 30
22 32
22 33
22 34
22 35
22 36
22 37
22 38
22 107
22 108
22 145
22 220
22 221
22 286
22 287
22 303
22 304
22 305
22 320
22 322
22 323
22 324
22 325
22 326
22 327
22 328
22 329
22 330
22 332
22 333
22 334
22 335
22 398
22 533
23 24
23 26
23 27
23 28
23 30
23 32
23 33
23 35
23 36
23 37
23 38
23 107
23 108
23 111
23 145
23 162
23 220
23 221
23 286
23 287
23 302
23 303
23 304
23 305
23 320
23 322
23 323
23 324
23 325
23 326
23 327
23 328
23 329
23 331
23 332
23 333
23 334
23 335
23 398
23 411
23 533
24 29
24 30
24 36
24 37
24 38
24 105
24 107
24 108
24 145
24 221
24 287
24 302
24 303
24 304
24 305
24 308
24 319
24 321
24 322
24 324
24 326
24 335
24 343
24 393
24 396
24 398
24 425
24 530
25 26
25 28
25 37
25 53
25 237
25 328
25 334
25 336
26 28
26 30
26 32
26 33
26 34
26 35
26 36
26 37
26 38
26 220
26 221
26 286
26 320
26 323
26 325
26 327
26 328
26 329
26 330
26 332
26 333
26 334
26 335
26 543
27 30
27 33
27 35
27 37
27 38
27 221
27 305
27 320
27 324
27 329
27 332
27 333
27 334
27 335
27 398
28 30
28 32
28 33
28 34
28 35
28 36
28 37
28 38
28 107
28 145
28 220
28 221
28 286
28 287
28 320
28 322
28 323
28 324
28 325
28 327
28 328
28 329
28 330
28 332
28 333
28 334
28 335
28 398
28 533
29 60
29 63
29 111
29 134
29 149
29 312
29 318
29 319
29 326
29 331
30 32
30 33
30 35
30 36
30 37
30 38
30 41
30 107
30 108
30 111
30 145
30 220
30 221
30 287
30 301
30 302
30 303
30 304
30 305
30 317
30 319
30 320
30 322
30 323
30 324
30 326
30 328
30 329
30 332
30 333
30 334
30 335
30 382
30 393
30 398
30 411
30 530
30 533
31 330
31 334
32 33
32 34
32 35
32 36
32 37
32 38
32 107
32 145
32 220
32 221
32 223
32 286
32 287
32 302
32 304
32 305
32 320
32 322
32 323
32 324
32 325
32 326
32 327
32 328
32 329
32 330
32 331
32 332
32 333
32 334
32 335
32 411
32 533
33 34
33 35
33 36
33 37
33 38
33 107
33 145
33 220
33 221
33 286
33 287
33 305
33 320
33 322
33 323
33 324
33 325
33 327
33 328
33 329
33 332
33 333
33 334
33 335
33 382
33 398
33 530
33 533
34 36
34 37
34 38
34 107
34 108
34 111
34 116
34 145
34 220
34 221
34 286
34 287
34 320
34 323
34 325
34 327
34 328
34 329
34 332
34 333
34 335
34 384
34 393
34 396
34 398
34 408
34 411
34 490
34 491
35 36
35 37
35 38
35 107
35 145
35 220
35 221
35 303
35 304
35 305
35 320
35 322
35 323
35 324
35 325
35 326
35 327
35 328
35 329
35 330
35 332
35 333
35 334
35 335
35 382
35 398
35 411
35 533
36 37
36 38
36 107
36 108
36 145
36 220
36 221
36 286
36 287
36 302
36 303
36 304
36 305
36 317
36 320
36 322
36 323
36 324
36 326
36 327
36 328
36 329
36 332
36 333
36 334
36 335
36 393
36 398
36 530
36 533
37 38
37 107
37 108
37 111
37 221
37 287
37 301
37 303
37 304
37 305
37 319
37 320
37 321
37 322
37 323
37 324
37 326
37 328
37 329
37 331
37 332
37 333
37 334
37 335
37 384
37 393
37 398
37 411
37 530
38 107
38 108
38 111
38 143
38 145
38 220
38 221
38 286
38 287
38 302
38 304
38 305
38 320
38 321
38 322
38 323
38 324
38 325
38 326
38 327
38 328
38 329
38 330
38 332
38 333
38 334
38 335
38 336
38 382
38 393
38 397
38 398
38 411
38 443
38 445
38 529
38 530
38 533
39 42
39 113
39 115
39 337
39 380
39 406
39 409
39 492
40 137
40 144
40 225
40 325
40 367
40 368
40 369
40 407
40 428
40 433
40 438
40 439
40 441
40 545
40 555
40 582
41 58
41 60
41 61
41 71
41 82
41 88
41 91
41 111
41 129
41 134
41 143
41 146
41 149
41 220
41 221
41 287
41 312
41 323
41 329
41 335
41 338
41 342
41 343
41 348
41 358
41 374
41 380
41 382
41 411
41 413
41 421
41 529
42 45
42 47
42 113
42 115
42 116
42 394
42 396
42 400
42 408
42 409
42 410
42 492
43 44
43 51
43 55
43 60
43 61
43 63
43 64
43 67
43 132
43 134
43 149
43 312
43 341
43 348
43 353
43 354
43 358
43 429
43 430
44 51
44 54
44 55
44 56
44 60
44 61
44 64
44 65
44 79
44 120
44 121
44 129
44 133
44 134
44 143
44 149
44 341
44 344
44 345
44 347
44 348
44 351
44 353
44 354
44 356
44 357
44 358
44 359
44 362
44 363
44 373
44 375
44 412
44 413
44 421
44 422
44 423
44 424
44 429
44 430
44 432
44 434
44 440
44 444
44 447
44 535
45 47
45 48
45 54
45 56
45 120
45 340
45 342
45 343
45 347
45 348
45 409
45 410
45 413
45 414
46 48
46 78
46 130
46 343
46 344
46 349
46 377
46 406
46 407
46 419
46 450
46 504
47 48
47 54
47 56
47 73
47 340
47 346
47 410
48 51
48 54
48 55
48 56
48 58
48 60
48 61
48 64
48 118
48 120
48 129
48 130
48 131
48 132
48 137
48 140
48 341
48 342
48 343
48 344
48 346
48 347
48 348
48 349
48 353
48 354
48 356
48 357
48 358
48 373
48 407
48 410
48 413
48 414
48 423
48 434
48 451
48 491
49 448
50 51
50 55
50 60
50 61
50 127
50 143
50 225
50 354
50 370
50 421
50 440
50 443
50 445
50 553
50 583
51 53
51 54
51 55
51 56
51 60
51 61
51 62
51 63
51 64
51 132
51 143
51 147
51 312
51 341
51 344
51 345
51 348
51 351
51 353
51 354
51 355
51 356
51 358
51 359
51 362
51 363
51 421
51 440
51 444
51 445
51 447
51 583
52 57
52 92
52 104
52 105
52 109
52 124
52 141
52 187
52 191
52 193
52 198
52 204
52 223
53 54
53 55
53 139
53 348
53 371
53 439
53 487
53 555
53 583
53 586
54 55
54 56
54 58
54 60
54 64
54 79
54 132
54 137
54 341
54 344
54 346
54 347
54 348
54 349
54 353
54 354
54 356
54 357
54 359
54 371
54 373
54 410
54 414
54 422
54 423
54 434
54 440
54 444
55 56
55 58
55 60
55 61
55 63
55 64
55 65
55 66
55 118
55 119
55 120
55 121
55 129
55 143
55 149
55 225
55 341
55 344
55 345
55 347
55 348
55 351
55 353
55 354
55 355
55 356
55 357
55 358
55 359
55 362
55 363
55 412
55 413
55 414
55 421
55 422
55 423
55 424
55 430
55 434
55 440
55 443
55 444
55 445
55 447
55 451
55 583
56 58
56 60
56 64
56 118
56 120
56 341
56 344
56 346
56 348
56 353
56 354
56 356
56 359
56 410
56 413
56 422
56 423
56 444
57 65
57 233
57 418
58 60
58 61
58 64
58 66
58 118
58 120
58 131
58 341
58 344
58 348
58 349
58 353
58 354
58 356
58 357
58 358
58 362
58 401
58 413
58 414
58 491
59 67
59 121
59 353
60 61
60 63
60 64
60 65
60 66
60 67
60 118
60 120
60 121
60 129
60 132
60 134
60 143
60 146
60 147
60 149
60 312
60 318
60 341
60 344
60 345
60 347
60 348
60 351
60 353
60 354
60 355
60 356
60 357
60 358
60 359
60 362
60 363
60 412
60 413
60 414
60 421
60 423
60 440
60 444
60 445
60 447
60 583
61 64
61 71
61 118
61 120
61 127
61 129
61 143
61 146
61 225
61 287
61 329
61 341
61 345
61 347
61 348
61 353
61 354
61 355
61 356
61 357
61 358
61 359
61 362
61 363
61 412
61 413
61 421
61 423
61 443
61 445
61 447
61 451
61 553
61 583
62 352
62 360
63 66
63 67
63 76
63 90
63 118
63 132
63 134
63 149
63 312
63 318
63 339
64 119
64 120
64 121
64 129
64 131
64 143
64 149
64 341
64 344
64 347
64 348
64 351
64 353
64 354
64 356
64 357
64 358
64 359
64 362
64 363
64 412
64 413
64 414
64 421
64 422
64 423
64 424
64 430
64 434
64 444
64 445
64 447
64 451
65 110
65 119
65 120
65 121
65 134
65 145
65 149
65 221
65 222
65 233
65 351
65 353
65 354
65 357
65 358
65 401
65 412
65 413
65 430
65 440
65 445
66 67
66 118
66 289
66 348
66 356
66 362
66 363
66 413
67 87
67 339
68 140
69 129
69 131
69 434
70 74
70 365
70 375
70 508
70 593
71 129
71 329
71 331
71 365
71 529
72 445
73 80
73 85
73 98
73 283
73 371
73 484
73 556
73 597
74 75
74 82
74 96
74 129
74 345
74 348
74 375
74 421
74 444
74 447
75 82
75 91
75 96
75 166
75 186
75 192
75 276
75 375
75 482
75 483
75 585
75 599
76 90
76 133
76 297
76 590
76 591
76 593
77 185
77 186
77 470
78 82
78 96
78 372
79 338
79 341
79 347
79 356
79 371
79 373
79 375
79 405
79 422
79 429
79 434
80 85
80 86
80 98
80 371
80 484
81 340
81 342
81 343
82 96
82 127
82 129
82 135
82 146
82 186
82 222
82 226
82 240
82 302
82 345
82 372
82 374
82 375
82 377
82 380
82 406
82 421
82 447
82 532
82 585
83 251
83 306
83 313
83 402
83 580
84 87
84 482
85 98
85 283
86 87
86 352
86 484
87 91
87 126
87 427
87 482
88 89
88 91
88 130
88 337
88 338
88 380
88 381
88 382
88 406
89 91
89 175
89 380
89 381
90 160
90 312
90 339
90 427
90 589
90 590
90 591
91 337
91 380
91 381
91 382
91 585
92 105
92 112
92 191
92 198
92 200
92 204
92 384
92 419
92 425
93 96
93 109
93 184
93 301
93 303
93 384
94 95
94 102
94 367
95 103
95 112
95 119
95 131
95 188
95 190
95 225
95 397
95 399
95 408
95 490
96 112
96 118
96 127
96 135
96 186
96 192
96 200
96 372
96 375
96 421
96 491
97 282
98 205
98 230
98 282
98 386
98 487
99 298
100 101
100 172
100 189
100 234
100 244
100 283
100 309
100 390
100 467
100 489
100 498
100 503
100 521
100 522
100 527
100 551
100 562
100 594
101 172
101 189
101 235
101 236
101 390
101 522
101 547
101 548
102 282
102 391
102 547
103 107
103 109
103 110
103 111
103 194
103 221
103 223
103 321
103 384
103 394
103 395
103 397
104 105
104 123
104 192
104 193
104 198
104 200
104 202
104 203
104 204
104 215
104 257
104 276
104 457
105 106
105 107
105 108
105 109
105 303
105 384
105 394
105 395
105 396
105 400
105 425
105 530
106 109
106 117
106 394
106 395
106 396
107 108
107 109
107 110
107 111
107 121
107 145
107 220
107 221
107 287
107 301
107 302
107 303
107 304
107 305
107 317
107 319
107 320
107 321
107 322
107 323
107 324
107 326
107 327
107 328
107 329
107 332
107 333
107 334
107 335
107 384
107 393
107 394
107 395
107 396
107 397
107 398
107 400
107 408
107 411
107 413
107 530
107 533
108 109
108 110
108 111
108 145
108 221
108 302
108 303
108 304
108 305
108 317
108 319
108 322
108 326
108 329
108 335
108 384
108 393
108 394
108 396
108 398
108 400
108 411
108 530
109 110
109 111
109 117
109 191
109 194
109 384
109 394
109 395
109 396
109 397
109 400
109 408
109 411
109 530
110 111
110 116
110 118
110 120
110 194
110 221
110 301
110 321
110 350
110 385
110 393
110 394
110 395
110 396
110 398
110 400
110 401
110 408
110 411
110 491
110 530
111 116
111 118
111 120
111 121
111 221
111 301
111 304
111 305
111 319
111 321
111 322
111 326
111 329
111 384
111 393
111 394
111 396
111 398
111 400
111 411
111 413
111 491
111 530
112 130
112 131
112 135
112 140
112 190
112 197
112 198
112 200
112 204
112 407
112 419
112 435
112 450
112 490
112 491
112 494
112 501
112 504
112 510
112 514
113 114
113 116
113 130
113 406
113 407
113 408
113 419
113 491
113 492
113 582
114 194
114 385
114 394
114 408
114 492
115 116
115 117
115 396
115 400
115 492
116 117
116 130
116 340
116 343
116 394
116 396
116 398
116 400
116 406
116 407
116 408
116 410
116 419
116 491
116 492
117 118
117 194
117 394
117 395
117 396
117 400
117 492
118 120
118 348
118 353
118 354
118 362
118 375
118 411
118 413
118 421
119 120
119 121
119 129
119 131
119 143
119 221
119 223
119 225
119 321
119 330
119 347
119 348
119 356
119 357
119 358
119 397
119 399
119 401
119 411
119 412
119 413
119 414
119 423
119 424
119 443
119 445
119 451
119 490
120 121
120 129
120 131
120 143
120 221
120 225
120 321
120 343
120 347
120 348
120 353
120 354
120 356
120 357
120 358
120 359
120 362
120 401
120 407
120 411
120 412
120 413
120 414
120 423
120 443
120 445
120 451
120 491
121 149
121 221
121 223
121 329
121 330
121 348
121 351
121 353
121 354
121 356
121 357
121 358
121 359
121 362
121 412
121 413
121 414
121 423
121 445
122 152
122 157
122 174
122 261
122 262
122 270
122 274
122 277
122 278
122 296
123 124
123 151
123 154
123 155
123 192
123 193
123 196
123 197
123 202
123 203
123 209
123 211
123 212
123 214
123 215
123 218
123 267
123 280
123 417
123 517
123 519
124 125
124 151
124 193
124 198
124 199
124 209
124 210
124 211
124 212
124 418
124 537
125 163
125 182
125 196
125 206
125 209
125 212
125 232
126 482
127 129
127 134
127 143
127 146
127 225
127 227
127 345
127 358
127 372
127 374
127 421
127 447
127 535
127 553
128 157
128 208
128 209
128 210
128 242
128 541
129 130
129 131
129 140
129 143
129 222
129 225
129 338
129 348
129 353
129 354
129 356
129 357
129 358
129 365
129 368
129 373
129 374
129 407
129 412
129 413
129 421
129 423
129 434
129 443
129 445
129 451
129 490
129 501
129 510
129 532
130 131
130 137
130 140
130 337
130 349
130 350
130 406
130 407
130 408
130 410
130 419
130 420
130 433
130 490
130 491
130 501
130 504
131 137
131 140
131 190
131 225
131 348
131 349
131 357
131 401
131 407
131 412
131 413
131 414
131 420
131 421
131 423
131 433
131 451
131 490
131 491
131 501
131 504
132 140
132 149
132 341
132 344
132 347
132 358
132 373
132 434
132 440
132 458
133 351
133 426
133 429
133 430
134 146
134 149
134 222
134 226
134 312
134 331
134 339
134 341
134 345
134 358
134 374
134 421
134 430
134 437
134 447
134 535
134 553
135 140
135 155
135 186
135 192
135 193
135 197
135 198
135 200
135 202
135 204
135 215
135 372
135 450
135 501
135 599
136 148
136 149
136 156
136 233
136 343
136 437
136 448
136 458
137 140
137 344
137 349
137 373
137 407
137 410
137 433
137 434
137 438
137 504
138 167
138 276
138 340
140 141
140 171
140 193
140 200
140 349
140 368
140 373
140 407
140 428
140 434
140 438
140 446
140 450
140 458
140 474
140 501
140 504
140 505
140 516
140 600
141 198
141 199
141 200
141 201
141 204
141 457
141 505
142 367
142 428
142 450
143 145
143 146
143 220
143 221
143 222
143 225
143 246
143 287
143 323
143 328
143 329
143 333
143 334
143 335
143 341
143 348
143 353
143 354
143 357
143 358
143 359
143 362
143 363
143 412
143 413
143 421
143 439
143 443
143 445
143 447
143 451
143 529
143 533
143 553
144 369
144 428
144 441
145 146
145 162
145 186
145 220
145 221
145 222
145 223
145 225
145 286
145 287
145 302
145 304
145 305
145 320
145 321
145 322
145 323
145 325
145 326
145 327
145 328
145 329
145 331
145 332
145 333
145 335
145 372
145 384
145 397
145 443
145 445
145 447
145 529
145 533
146 149
146 186
146 220
146 287
146 302
146 322
146 329
146 345
146 354
146 358
146 362
146 372
146 421
146 445
146 447
147 348
147 351
147 353
148 156
148 432
148 437
148 440
148 448
148 462
149 233
149 312
149 339
149 340
149 341
149 343
149 344
149 347
149 348
149 351
149 353
149 354
149 357
149 358
149 413
149 430
149 432
149 434
149 437
149 440
149 458
149 529
150 267
150 448
151 161
151 166
151 192
151 193
151 198
151 199
151 202
151 203
151 204
151 211
151 212
151 215
151 279
152 153
152 157
152 174
152 232
152 247
152 255
152 261
152 262
152 264
152 268
152 269
152 270
152 274
152 277
152 300
153 157
153 164
153 196
153 206
153 217
153 219
153 228
153 229
153 231
153 232
153 254
153 255
153 256
153 259
153 261
153 262
153 263
153 264
153 265
153 268
153 269
153 270
153 271
153 272
153 273
153 274
153 278
154 155
154 164
154 196
154 197
154 198
154 201
154 202
154 207
154 208
154 209
154 210
154 211
154 212
154 214
154 216
154 217
154 218
154 231
154 279
154 280
154 435
154 442
154 454
154 459
154 460
154 494
154 501
154 510
154 512
154 513
154 515
154 524
154 542
154 571
155 192
155 193
155 197
155 202
155 211
155 214
155 215
155 218
155 267
155 599
156 220
156 398
156 401
156 448
157 174
157 232
157 249
157 252
157 255
157 261
157 262
157 263
157 268
157 269
157 270
157 272
157 273
157 274
157 277
157 278
157 300
158 163
158 369
159 160
160 260
160 590
161 199
162 186
162 193
162 220
162 222
162 286
162 287
162 372
162 450
162 462
162 510
162 599
163 250
163 449
163 463
163 464
163 554
164 196
164 197
164 208
164 209
164 210
164 211
164 212
164 216
164 219
164 231
164 254
164 265
164 272
164 273
164 274
164 278
164 279
164 280
164 454
164 512
164 513
164 515
164 571
165 250
165 426
165 574
166 192
166 216
167 267
167 276
167 473
168 170
168 172
168 177
168 178
168 236
168 239
168 258
168 379
168 403
168 452
168 471
168 475
168 478
168 519
168 522
168 527
168 551
168 557
169 215
169 219
169 272
169 274
169 278
169 279
170 178
170 219
170 238
170 239
170 247
170 250
170 252
170 254
170 255
170 258
170 268
170 269
170 271
170 273
170 560
170 573
170 574
171 368
171 600
172 189
172 235
172 236
172 248
172 473
172 478
172 522
172 548
172 551
172 556
172 557
173 251
173 306
174 178
174 232
174 249
174 254
174 255
174 256
174 268
174 269
174 270
174 274
174 275
174 277
174 317
175 176
175 178
175 179
175 483
175 508
176 178
176 179
176 182
176 206
176 216
176 217
176 231
176 255
176 256
176 300
176 483
176 485
176 507
176 567
177 179
177 201
177 202
177 480
177 481
177 482
177 483
177 503
178 183
178 216
178 247
178 255
178 256
178 258
178 268
178 270
178 271
178 274
178 275
179 181
179 182
179 198
179 201
179 207
179 216
179 482
179 483
179 485
179 503
179 594
180 183
180 285
180 286
180 291
180 292
180 367
180 450
181 216
181 480
181 483
181 485
181 515
182 195
182 206
182 207
182 209
182 211
182 212
182 213
182 216
182 217
182 231
182 232
182 251
182 256
182 265
182 383
182 483
182 485
182 507
182 512
182 513
182 567
182 594
184 301
186 192
186 200
186 257
186 284
186 294
186 302
186 322
186 372
186 598
186 599
187 198
187 207
188 190
188 391
188 399
188 453
188 501
188 534
189 230
189 234
189 244
189 282
189 283
189 390
189 391
189 467
189 489
189 498
189 511
189 519
189 521
189 522
189 527
189 540
189 542
189 548
189 556
189 557
189 562
189 581
189 594
190 210
190 399
190 435
190 459
190 490
190 494
190 501
190 510
190 514
191 198
191 223
191 417
191 514
192 193
192 197
192 198
192 200
192 202
192 203
192 204
192 211
192 214
192 215
192 276
192 345
192 509
192 516
192 517
192 598
192 599
193 197
193 198
193 200
193 202
193 203
193 204
193 211
193 215
193 279
193 438
193 457
193 496
193 599
194 385
194 394
194 395
194 400
195 196
195 206
195 212
195 216
195 217
195 230
195 231
195 234
195 256
195 259
195 266
195 271
195 511
195 567
196 202
196 206
196 207
196 209
196 211
196 212
196 214
196 216
196 217
196 219
196 229
196 230
196 231
196 234
196 259
196 265
196 266
196 267
196 271
196 454
196 507
196 508
196 509
196 511
196 519
196 542
196 562
196 571
196 581
197 198
197 200
197 202
197 203
197 204
197 211
197 214
197 215
197 216
197 218
197 279
197 280
197 474
197 501
197 503
197 504
198 199
198 200
198 201
198 202
198 203
198 204
198 210
198 211
198 212
198 417
198 494
198 503
198 505
198 515
198 516
198 599
199 200
199 201
199 204
199 212
199 272
199 295
199 298
200 201
200 202
200 203
200 204
200 215
200 276
200 425
200 442
200 457
200 503
200 504
200 505
200 516
200 599
201 202
201 203
201 204
201 216
201 367
201 498
201 515
202 203
202 204
202 211
202 214
202 215
202 216
202 267
202 280
202 417
202 442
202 452
202 454
202 482
202 503
202 505
202 509
202 515
202 516
202 517
202 599
203 204
203 214
203 215
203 276
203 438
203 505
204 215
204 276
204 279
204 280
204 290
204 419
204 425
204 505
204 599
206 207
206 209
206 216
206 217
206 228
206 229
206 230
206 231
206 232
206 234
206 256
206 259
206 265
206 271
206 483
206 507
206 508
206 511
206 542
206 581
207 211
207 216
207 218
207 230
207 507
207 508
208 209
208 210
208 212
208 231
208 242
208 272
208 295
208 383
208 435
208 459
208 494
208 496
208 501
208 510
208 512
208 513
208 514
208 515
208 541
209 210
209 211
209 212
209 216
209 231
209 232
209 254
209 256
209 265
209 272
209 383
209 417
209 449
209 512
209 513
209 571
210 212
210 383
210 449
210 459
210 494
210 512
210 514
211 212
211 214
211 215
211 216
211 218
211 231
211 279
211 280
211 383
211 417
211 454
211 493
211 507
211 508
211 509
211 512
211 513
211 515
211 571
212 216
212 231
212 272
212 383
212 417
212 512
212 513
212 515
212 571
213 232
213 265
213 273
213 497
214 215
214 218
214 267
214 452
214 454
214 482
214 519
215 218
215 279
215 280
215 452
215 517
215 599
216 217
216 219
216 231
216 256
216 266
216 278
216 280
216 508
216 509
217 219
217 228
217 229
217 231
217 232
217 251
217 254
217 255
217 256
217 259
217 265
217 269
217 271
217 273
217 274
217 278
217 454
217 509
217 511
217 542
218 251
218 279
218 280
218 454
219 228
219 229
219 231
219 254
219 255
219 256
219 259
219 262
219 263
219 264
219 265
219 268
219 269
219 270
219 271
219 272
219 273
219 274
219 278
219 279
219 280
220 221
220 222
220 223
220 225
220 237
220 240
220 286
220 287
220 302
220 304
220 305
220 320
220 321
220 322
220 323
220 324
220 325
220 326
220 327
220 328
220 329
220 330
220 332
220 333
220 334
220 335
220 336
220 372
220 382
220 397
220 398
220 412
220 413
220 421
220 443
220 445
220 529
220 533
220 536
220 553
221 223
221 225
221 286
221 287
221 302
221 304
221 305
221 320
221 321
221 322
221 323
221 324
221 325
221 326
221 327
221 328
221 329
221 330
221 332
221 333
221 334
221 335
221 343
221 348
221 357
221 393
221 397
221 398
221 401
221 411
221 412
221 413
221 414
221 443
221 445
221 529
221 530
221 533
222 223
222 224
222 225
222 226
222 227
222 237
222 240
222 287
222 328
222 345
222 358
222 372
222 397
222 421
222 437
222 440
222 443
222 445
222 447
222 453
222 529
222 532
222 533
222 535
222 536
222 552
222 553
223 287
223 323
223 328
223 329
223 333
223 397
223 399
223 411
223 437
223 529
223 533
224 225
224 287
224 368
224 399
224 449
224 453
224 462
224 520
224 529
224 532
224 533
224 534
224 543
224 545
225 246
225 287
225 325
225 354
225 357
225 358
225 397
225 399
225 407
225 412
225 413
225 420
225 421
225 423
225 443
225 445
225 451
225 490
225 501
225 529
225 531
225 532
225 533
225 553
226 227
226 240
226 345
226 372
226 375
226 421
226 447
226 532
226 535
226 536
226 549
226 552
226 553
227 240
227 246
227 421
227 532
227 535
227 536
227 549
227 552
227 553
228 229
228 231
228 232
228 243
228 245
228 250
228 252
228 254
228 255
228 256
228 259
228 261
228 262
228 263
228 264
228 265
228 268
228 269
228 270
228 271
228 273
228 274
228 511
228 574
229 230
229 231
229 234
229 239
229 256
229 259
229 264
229 265
229 271
229 402
229 454
229 468
229 497
229 511
229 527
229 540
229 542
229 557
229 560
229 562
229 564
229 574
229 581
230 234
230 259
230 266
230 271
230 282
230 283
230 402
230 454
230 468
230 481
230 487
230 489
230 507
230 508
230 511
230 519
230 521
230 522
230 527
230 540
230 542
230 548
230 557
230 560
230 562
230 564
230 565
230 580
230 581
230 594
231 232
231 254
231 256
231 259
231 263
231 265
231 269
231 271
231 272
231 273
231 274
231 278
231 295
231 454
231 509
231 512
231 513
231 542
231 567
232 250
232 252
232 254
232 255
232 256
232 265
232 268
232 269
232 270
232 271
232 273
232 274
233 437
233 458
233 502
233 518
233 600
234 239
234 248
234 266
234 267
234 282
234 511
234 521
234 548
234 551
234 556
234 557
234 562
234 581
235 283
235 473
235 478
235 481
235 522
235 546
235 548
235 551
235 556
235 583
236 238
236 522
236 547
236 573
237 240
237 287
237 334
237 354
237 382
237 421
237 529
237 532
237 533
237 535
237 536
237 549
237 553
237 558
237 583
238 239
238 243
238 246
238 258
238 387
238 540
238 547
238 548
238 549
238 550
238 560
238 569
238 573
239 243
239 244
239 248
239 258
239 271
239 478
239 511
239 540
239 547
239 548
239 549
239 550
239 551
239 554
239 557
239 560
239 573
239 581
240 241
240 245
240 345
240 372
240 421
240 447
240 532
240 533
240 535
240 536
240 549
240 552
240 553
240 554
241 244
241 429
241 453
241 551
241 552
241 553
241 554
242 254
242 272
242 273
242 520
242 543
242 552
243 245
243 246
243 554
243 574
244 248
244 355
244 390
244 468
244 478
244 489
244 493
244 498
244 521
244 527
244 548
244 549
244 551
244 552
244 554
244 562
244 594
245 246
245 254
245 265
245 532
246 443
246 531
246 535
246 549
246 552
246 553
247 252
247 255
247 256
247 261
247 268
247 269
247 270
247 271
247 272
247 274
247 277
247 278
247 479
247 574
248 478
248 548
248 554
248 556
248 557
248 558
249 252
249 255
249 269
249 270
249 275
250 252
250 254
250 256
250 265
250 268
250 269
250 271
250 273
250 463
250 563
250 574
251 316
252 254
252 255
252 256
252 262
252 268
252 269
252 270
252 272
252 273
252 274
252 275
252 277
252 574
253 466
253 563
254 255
254 256
254 259
254 262
254 263
254 264
254 265
254 268
254 269
254 270
254 271
254 272
254 273
254 274
254 278
254 463
254 574
255 256
255 258
255 259
255 261
255 262
255 263
255 264
255 265
255 268
255 269
255 270
255 271
255 273
255 274
255 300
255 479
255 574
256 259
256 263
256 264
256 265
256 268
256 269
256 270
256 271
256 272
256 273
256 274
256 275
256 300
256 512
256 567
257 281
257 598
258 271
258 479
258 560
258 573
259 261
259 262
259 263
259 264
259 265
259 269
259 271
259 273
259 274
259 468
259 507
259 511
259 542
259 574
259 581
260 261
260 299
260 589
260 590
261 262
261 263
261 264
261 268
261 269
261 270
261 274
261 277
261 296
261 300
261 566
262 263
262 264
262 265
262 268
262 269
262 270
262 272
262 273
262 274
262 277
262 278
262 296
262 298
262 300
263 264
263 265
263 269
263 270
263 271
263 272
263 273
263 274
263 300
264 265
264 268
264 269
264 270
264 271
264 273
264 274
264 300
265 268
265 269
265 271
265 272
265 273
265 274
265 468
265 497
265 507
265 512
265 513
265 542
265 574
266 267
266 511
268 269
268 270
268 271
268 272
268 273
268 274
268 275
268 277
268 278
268 574
269 270
269 271
269 272
269 273
269 274
269 275
269 277
269 278
269 300
269 574
270 271
270 272
270 273
270 274
270 275
270 277
270 278
270 296
270 300
271 273
271 274
271 511
271 574
271 581
272 273
272 274
272 277
272 278
272 279
272 280
272 295
273 274
273 278
274 275
274 277
274 278
274 296
274 300
275 277
275 302
277 278
278 279
278 280
278 296
279 280
281 577
282 402
282 511
282 581
283 371
283 464
283 506
283 556
283 562
284 302
285 286
285 291
285 292
285 325
285 582
285 583
285 584
286 287
286 291
286 302
286 320
286 322
286 323
286 325
286 327
286 328
286 329
286 332
286 333
286 335
286 398
286 445
286 533
286 582
287 302
287 305
287 320
287 322
287 323
287 325
287 326
287 327
287 328
287 329
287 331
287 332
287 333
287 334
287 335
287 372
287 382
287 397
287 413
287 421
287 443
287 445
287 529
287 532
287 533
287 553
287 584
288 585
289 585
289 587
291 292
291 367
291 450
291 599
292 349
292 367
292 450
292 474
293 591
295 298
295 383
295 494
295 510
295 512
295 513
296 299
296 300
301 317
301 385
301 393
301 411
302 303
302 304
302 305
302 317
302 319
302 320
302 322
302 326
302 329
302 331
302 333
302 393
303 304
303 305
303 308
303 317
303 319
303 320
303 322
303 384
303 393
303 425
304 305
304 308
304 315
304 317
304 318
304 319
304 320
304 322
304 323
304 324
304 326
304 329
304 331
304 332
304 333
304 335
304 393
304 398
304 411
304 530
305 308
305 319
305 320
305 321
305 322
305 323
305 324
305 326
305 328
305 329
305 332
305 333
305 334
305 335
305 393
305 398
305 411
305 413
305 533
306 309
306 313
307 471
308 317
308 319
308 320
308 322
308 324
308 386
308 389
308 393
309 485
309 562
309 579
310 399
311 359
312 313
312 318
312 319
312 326
312 331
312 339
313 318
314 379
315 319
315 322
315 393
315 398
317 319
317 322
317 388
317 393
318 319
318 326
318 331
319 320
319 322
319 324
319 326
319 389
319 393
319 396
319 398
319 400
319 411
319 530
320 322
320 323
320 324
320 325
320 326
320 327
320 328
320 329
320 332
320 333
320 334
320 335
320 336
320 382
320 393
320 398
320 533
321 322
321 326
321 327
321 332
321 335
321 350
321 385
321 393
321 394
321 395
321 396
321 397
321 398
321 400
321 401
321 408
321 411
321 413
321 445
321 530
322 323
322 324
322 326
322 328
322 329
322 332
322 333
322 334
322 335
322 382
322 393
322 398
322 530
322 533
323 324
323 325
323 327
323 328
323 329
323 330
323 332
323 333
323 334
323 335
323 382
323 397
323 398
323 411
323 413
323 443
323 445
323 529
323 533
324 326
324 328
324 329
324 332
324 333
324 334
324 335
324 393
324 398
324 411
325 327
325 328
325 329
325 330
325 332
325 333
325 334
325 335
325 407
325 443
325 445
325 582
326 328
326 329
326 331
326 332
326 333
326 334
326 335
326 393
326 398
326 411
326 530
327 328
327 329
327 330
327 332
327 333
327 334
327 335
327 398
327 408
327 443
327 445
327 533
328 329
328 330
328 331
328 332
328 333
328 334
328 335
328 382
328 397
328 412
328 413
328 443
328 445
328 529
328 533
328 543
329 330
329 331
329 332
329 333
329 334
329 335
329 359
329 382
329 393
329 397
329 398
329 411
329 413
329 445
329 529
329 533
330 332
330 333
330 334
330 335
330 357
330 412
330 413
330 443
331 529
332 333
332 334
332 335
332 382
332 393
332 397
332 398
332 411
332 412
332 413
332 443
332 445
332 529
332 530
332 533
333 334
333 335
333 382
333 397
333 398
333 411
333 413
333 443
333 533
334 335
334 336
334 382
334 398
334 412
334 413
334 443
334 445
334 533
335 382
335 393
335 397
335 398
335 411
335 413
335 443
335 445
335 529
335 530
335 533
336 443
336 533
337 380
337 381
337 403
337 406
337 450
337 491
338 347
338 368
338 373
338 376
338 381
338 382
338 405
338 434
339 448
340 342
340 343
340 344
340 346
340 348
340 380
340 410
340 491
341 344
341 345
341 347
341 348
341 351
341 353
341 354
341 355
341 356
341 357
341 358
341 359
341 362
341 363
341 373
341 375
341 413
341 414
341 421
341 422
341 423
341 424
341 430
341 432
341 434
341 440
341 444
341 445
341 447
341 451
342 343
342 344
342 374
342 380
342 406
342 409
343 344
343 346
343 357
343 358
343 380
343 401
343 406
343 407
343 409
343 410
343 419
343 491
344 345
344 346
344 347
344 348
344 349
344 353
344 354
344 356
344 357
344 358
344 359
344 363
344 373
344 380
344 407
344 410
344 413
344 414
344 421
344 422
344 430
344 434
344 440
344 444
344 445
344 447
344 458
345 348
345 353
345 354
345 358
345 359
345 362
345 363
345 373
345 374
345 375
345 421
345 444
345 445
345 447
345 551
346 349
346 353
346 354
346 409
346 410
346 444
347 348
347 353
347 354
347 356
347 357
347 358
347 363
347 412
347 413
347 414
347 432
347 434
347 440
347 458
347 518
348 351
348 353
348 354
348 355
348 356
348 357
348 358
348 359
348 362
348 363
348 375
348 410
348 412
348 413
348 414
348 421
348 422
348 423
348 424
348 430
348 434
348 440
348 444
348 445
348 451
348 583
349 353
349 357
349 407
349 410
349 433
349 441
349 491
349 504
350 357
350 394
350 395
350 396
350 397
350 398
350 401
350 408
350 411
350 416
350 490
350 491
350 518
351 353
351 354
351 356
351 357
351 358
351 359
351 362
351 412
351 421
351 422
351 423
351 424
351 430
351 444
351 445
352 487
353 354
353 356
353 357
353 358
353 359
353 362
353 363
353 375
353 410
353 412
353 413
353 414
353 421
353 422
353 423
353 424
353 430
353 434
353 440
353 444
353 445
353 447
353 451
354 355
354 356
354 357
354 358
354 359
354 362
354 363
354 375
354 412
354 413
354 414
354 421
354 422
354 423
354 424
354 430
354 440
354 443
354 444
354 445
354 447
354 451
354 535
354 553
354 583
355 363
355 478
355 546
355 551
355 583
356 357
356 358
356 359
356 362
356 363
356 412
356 413
356 414
356 421
356 422
356 423
356 424
356 434
356 444
356 451
357 358
357 359
357 362
357 373
357 375
357 401
357 407
357 412
357 413
357 414
357 421
357 422
357 423
357 424
357 430
357 434
357 440
357 443
357 444
357 445
357 451
357 490
357 491
358 359
358 362
358 363
358 373
358 374
358 375
358 412
358 413
358 414
358 421
358 422
358 423
358 430
358 434
358 440
358 444
358 445
358 447
358 451
359 362
359 363
359 412
359 413
359 414
359 421
359 423
359 445
359 447
359 451
359 583
361 386
362 363
362 374
362 375
362 412
362 413
362 414
362 421
362 422
362 423
362 444
362 445
362 447
363 413
363 414
363 421
363 422
363 444
363 445
363 447
364 482
364 591
364 593
365 370
365 374
365 421
365 532
365 593
366 372
367 369
367 428
367 441
367 450
367 474
368 369
368 373
368 376
368 407
368 418
368 428
368 438
368 453
368 501
368 520
368 545
369 428
369 441
369 555
370 428
370 439
371 373
372 374
372 375
372 406
372 421
372 445
372 447
372 599
373 377
373 380
373 405
373 407
373 421
373 422
373 428
373 434
373 438
373 450
373 504
373 600
374 375
374 421
374 422
374 430
374 444
374 447
375 377
375 380
375 406
375 421
375 422
375 423
375 430
375 444
375 447
376 432
376 434
376 520
377 380
377 381
377 403
377 406
378 380
379 403
379 450
379 499
380 381
380 382
380 406
380 491
381 382
381 405
382 411
382 533
383 417
383 459
383 485
383 507
383 509
383 512
383 513
383 515
383 537
384 393
384 394
384 395
384 396
384 411
385 394
385 396
385 400
387 531
387 540
387 547
387 548
387 565
387 579
387 592
390 391
390 452
390 467
390 489
390 495
390 498
390 521
390 522
390 534
390 548
390 549
390 551
390 584
391 467
391 489
391 493
391 495
391 498
391 511
391 521
391 531
391 534
391 562
391 579
392 397
392 495
393 394
393 395
393 396
393 398
393 400
393 408
393 411
393 530
394 395
394 396
394 398
394 400
394 408
394 411
394 492
394 530
395 396
395 397
395 398
395 400
395 408
395 411
395 530
396 398
396 400
396 408
396 411
396 491
396 492
396 530
397 399
397 411
397 443
397 445
397 529
397 530
397 532
397 533
398 400
398 408
398 411
398 530
399 412
399 416
399 417
399 418
399 435
399 453
399 494
399 501
399 510
399 514
399 520
399 534
399 545
400 408
400 411
400 492
400 530
401 412
401 413
401 443
402 487
402 495
402 511
402 526
402 580
402 581
403 450
403 480
404 534
405 422
405 434
405 504
406 407
406 419
406 420
406 491
406 492
407 410
407 419
407 420
407 433
407 435
407 436
407 450
407 451
407 474
407 490
407 491
407 501
407 504
408 410
408 411
408 490
408 491
408 492
408 530
409 410
410 491
411 413
411 491
411 530
412 413
412 414
412 423
412 424
412 443
412 445
412 451
413 414
413 421
413 423
413 424
413 443
413 445
413 451
414 424
414 451
415 537
415 539
415 592
415 595
415 596
416 435
416 494
416 496
416 504
416 510
416 514
417 442
417 467
417 485
417 494
417 496
417 498
417 507
417 509
417 512
417 513
417 514
417 515
418 432
418 449
418 453
418 462
418 518
418 520
418 545
418 600
419 490
419 491
419 492
420 490
420 491
421 422
421 423
421 430
421 440
421 443
421 444
421 445
421 447
421 451
421 501
421 532
421 535
421 553
421 583
422 423
422 424
422 430
422 434
422 444
423 424
423 443
423 444
423 445
423 451
424 426
424 430
424 434
424 444
424 451
425 503
425 504
425 505
425 516
426 429
426 455
426 469
426 538
426 590
427 488
427 502
427 589
428 438
428 450
428 474
428 599
429 430
429 468
430 432
430 434
430 437
430 440
430 444
430 458
430 553
430 593
431 440
431 458
432 434
432 437
432 440
432 455
432 456
432 458
432 518
432 600
433 450
433 451
433 582
434 440
434 451
434 458
434 461
435 450
435 459
435 460
435 474
435 490
435 494
435 496
435 501
435 504
435 510
435 512
435 513
435 514
435 515
437 440
437 448
437 456
437 458
437 462
437 518
437 529
437 533
438 439
438 453
438 552
438 600
439 443
439 555
439 578
440 443
440 445
440 447
440 458
440 518
440 529
440 536
440 553
442 452
442 454
442 465
442 467
442 470
442 494
442 496
442 498
442 499
442 503
442 505
442 515
442 517
442 519
442 524
443 445
443 451
443 529
443 533
444 447
445 447
445 451
445 529
445 532
445 533
445 553
445 583
446 458
447 532
447 599
448 502
449 520
449 543
449 545
449 561
450 459
450 474
450 501
450 504
450 510
450 599
451 490
451 545
452 454
452 465
452 467
452 475
452 489
452 499
452 503
452 505
452 517
452 519
452 521
452 522
452 527
452 540
452 551
453 464
453 520
453 521
453 534
453 543
453 545
453 552
453 561
453 562
453 571
454 460
454 465
454 467
454 485
454 489
454 493
454 495
454 497
454 498
454 503
454 507
454 508
454 509
454 511
454 512
454 513
454 515
454 517
454 519
454 521
454 524
454 525
454 527
454 540
454 542
454 562
454 564
454 571
454 581
454 594
456 458
456 518
457 500
457 502
457 539
457 577
457 599
457 600
458 518
458 600
459 474
459 494
459 496
459 500
459 501
459 510
459 512
459 513
459 514
459 515
459 541
459 543
459 544
459 571
460 485
460 494
460 497
460 501
460 512
460 513
460 514
460 515
460 542
462 518
463 464
463 497
463 542
463 561
464 521
464 561
464 562
465 467
465 489
465 493
465 503
465 517
465 519
465 522
465 524
465 527
465 540
465 564
465 581
465 589
466 570
466 572
467 482
467 485
467 489
467 493
467 495
467 498
467 503
467 507
467 511
467 515
467 517
467 519
467 521
467 522
467 524
467 527
467 542
467 551
467 562
467 564
467 581
467 594
468 497
468 511
468 542
468 554
468 569
470 471
470 475
470 515
471 472
471 475
472 475
472 517
473 556
474 494
474 499
474 500
474 501
474 510
474 515
475 482
475 522
475 551
476 477
476 566
478 489
478 521
478 527
478 538
478 546
478 548
478 551
478 554
478 556
478 557
478 562
479 566
479 573
480 481
481 482
481 484
481 486
481 488
481 489
481 522
481 557
481 581
482 483
482 484
482 489
482 565
482 581
482 585
483 485
483 507
483 508
483 585
484 486
484 488
484 557
484 590
485 489
485 493
485 495
485 496
485 498
485 503
485 507
485 508
485 509
485 511
485 512
485 513
485 515
485 523
485 524
485 526
485 542
485 562
485 564
485 567
485 581
485 594
486 488
486 556
486 557
486 588
487 521
487 526
487 586
488 550
488 556
488 588
488 589
488 590
489 493
489 495
489 498
489 503
489 507
489 508
489 511
489 517
489 519
489 521
489 522
489 527
489 540
489 542
489 551
489 557
489 559
489 562
489 564
489 565
489 573
489 579
489 581
489 594
490 491
490 501
490 514
491 492
493 495
493 496
493 497
493 498
493 503
493 507
493 508
493 511
493 512
493 513
493 515
493 517
493 519
493 521
493 524
493 525
493 527
493 540
493 542
493 562
493 564
493 565
493 567
493 571
493 581
493 594
494 496
494 501
494 510
494 512
494 513
494 514
494 515
495 507
495 508
495 511
495 513
495 521
495 525
495 526
495 527
495 542
495 551
495 562
495 565
495 581
495 594
496 498
496 501
496 503
496 510
496 512
496 513
496 514
496 515
496 516
496 517
497 511
497 512
497 513
497 527
497 540
497 542
497 562
497 564
497 571
498 503
498 507
498 513
498 515
498 519
498 521
498 534
498 542
498 551
498 562
498 571
498 594
499 503
499 517
499 519
501 504
501 510
501 514
501 515
501 552
502 596
503 504
503 505
503 515
503 516
503 517
503 519
503 522
503 524
503 594
504 505
504 510
504 516
504 600
505 516
505 517
507 508
507 509
507 511
507 512
507 513
507 515
507 523
507 524
507 525
507 526
507 542
507 562
507 564
507 567
507 581
507 594
508 509
508 511
508 525
508 527
508 542
508 562
508 564
508 581
509 513
509 515
509 524
509 567
510 512
510 513
510 514
510 515
510 541
510 544
510 599
510 600
511 512
511 519
511 521
511 525
511 526
511 527
511 540
511 542
511 557
511 562
511 564
511 565
511 567
511 580
511 581
511 594
512 513
512 514
512 515
512 524
512 541
512 542
512 564
512 567
512 571
512 594
513 514
513 515
513 524
513 542
513 564
513 567
513 571
513 594
514 515
515 517
515 519
515 524
515 542
515 571
516 517
517 519
517 524
517 527
518 539
518 545
518 600
519 521
519 522
519 524
519 527
519 540
519 542
519 551
519 562
519 564
519 565
519 573
519 581
519 594
520 541
520 543
520 544
520 545
520 552
520 561
520 571
521 526
521 527
521 534
521 540
521 542
521 551
521 557
521 562
521 564
521 565
521 581
521 594
522 527
522 540
522 557
522 565
522 573
522 581
522 589
523 526
524 542
525 526
525 527
525 564
525 565
526 562
526 594
527 540
527 542
527 551
527 557
527 559
527 562
527 564
527 565
527 581
527 594
528 575
528 596
529 532
529 533
529 535
529 536
529 553
531 534
531 579
532 533
532 535
532 536
532 552
532 553
533 536
533 553
534 545
534 561
535 536
535 549
535 553
536 552
536 553
536 558
538 540
538 556
538 589
538 590
539 578
539 588
539 595
539 596
539 597
539 600
540 542
540 548
540 557
540 564
540 565
540 569
540 573
540 581
540 592
541 544
541 595
542 562
542 564
542 567
542 571
542 581
542 594
543 544
543 545
543 561
545 561
546 554
547 548
547 549
547 550
547 557
547 560
547 573
547 579
548 549
548 550
548 551
548 554
548 556
548 557
548 560
548 573
548 592
549 550
549 551
549 553
549 554
549 583
549 584
550 554
550 556
550 557
550 576
550 592
551 554
551 556
551 557
551 562
551 581
551 583
552 553
552 563
553 554
554 556
554 569
555 582
555 584
556 557
556 560
556 589
556 597
557 560
557 581
559 562
559 564
560 573
560 574
560 581
561 571
562 564
562 581
562 594
564 565
564 571
564 581
564 594
565 580
565 581
565 589
565 590
565 592
566 568
566 574
566 576
568 576
569 574
570 572
570 575
570 576
571 594
572 576
572 577
573 574
576 577
578 597
580 581
581 594
582 583
582 584
583 584
588 591
589 590
589 591
589 592
590 591
591 593
592 596
595 596
595 597
595 600
596 597
596 600
597 600
