600 5394

1 302
1 304
1 353
1 362
1 447
2 3
2 303
2 304
2 308
2 359
3 5
3 7
3 93
3 171
3 309
3 326
3 393
3 395
3 489
3 495
3 562
4 5
4 20
4 21
4 22
4 23
4 24
4 29
4 30
4 32
4 105
4 290
4 305
4 320
4 321
4 322
4 323
4 324
4 329
4 333
4 364
5 20
5 21
5 23
5 24
5 29
5 30
5 32
5 304
5 305
5 322
5 324
5 326
5 329
5 364
6 9
6 165
6 167
6 310
6 507
7 10
7 95
7 108
7 385
7 495
7 562
8 426
9 12
9 16
9 101
9 165
9 301
9 315
9 317
9 385
9 390
9 507
9 517
10 562
11 12
11 15
11 16
11 18
11 94
11 98
11 311
11 315
11 317
11 385
12 14
12 15
12 16
12 93
12 94
12 95
12 98
12 165
12 166
12 170
12 301
12 304
12 315
12 317
12 385
13 18
13 179
13 188
13 314
14 15
14 16
14 20
14 29
14 247
14 312
14 313
14 331
15 16
15 18
15 98
15 315
15 317
16 98
16 165
16 312
16 315
16 317
16 331
17 18
17 19
17 37
17 102
17 290
17 297
17 318
17 319
17 320
17 389
17 499
18 97
18 98
18 179
18 388
18 479
19 20
19 21
19 22
19 26
19 27
19 30
19 32
19 35
19 37
19 38
19 100
19 102
19 105
19 225
19 290
19 295
19 320
19 321
19 324
19 329
19 370
19 389
19 586
19 588
20 21
20 24
20 26
20 29
20 30
20 100
20 103
20 105
20 168
20 290
20 302
20 312
20 318
20 320
20 321
20 322
20 323
20 324
20 326
20 329
20 331
20 389
20 390
20 586
20 587
21 22
21 24
21 26
21 28
21 29
21 30
21 32
21 37
21 100
21 102
21 103
21 105
21 143
21 239
21 290
21 291
21 302
21 312
21 320
21 321
21 322
21 323
21 324
21 326
21 328
21 329
21 330
21 331
21 389
21 586
21 587
21 588
22 30
22 31
22 32
22 35
22 37
22 38
22 82
22 102
22 105
22 145
22 186
22 221
22 290
22 292
22 320
22 322
22 332
22 333
22 334
22 335
22 336
22 445
22 530
23 24
23 30
23 32
23 33
23 35
23 38
23 105
23 221
23 320
23 322
23 332
23 333
23 334
23 335
23 391
23 397
23 530
23 531
23 534
23 555
24 26
24 29
24 30
24 32
24 100
24 105
24 107
24 305
24 320
24 321
24 323
24 324
24 326
24 333
24 395
24 397
24 531
25 35
25 102
25 286
25 443
25 487
25 582
25 583
25 585
26 27
26 30
26 32
26 37
26 88
26 100
26 105
26 224
26 285
26 291
26 321
26 324
26 328
26 329
26 331
26 583
26 584
27 30
27 32
27 37
27 38
27 70
27 72
27 77
27 102
27 105
27 221
27 224
27 225
27 285
27 294
27 298
27 320
27 323
27 329
27 335
27 365
27 531
27 555
27 583
28 30
28 31
28 32
28 37
28 100
28 102
28 105
28 143
28 320
28 531
28 586
28 587
28 588
29 312
29 323
29 326
29 329
29 331
30 31
30 32
30 35
30 37
30 38
30 72
30 77
30 79
30 91
30 100
30 102
30 105
30 145
30 224
30 225
30 261
30 290
30 294
30 320
30 321
30 322
30 323
30 324
30 328
30 329
30 333
30 364
30 370
30 376
30 377
30 445
30 531
30 583
31 32
31 33
31 35
31 36
31 37
31 38
31 102
31 105
31 145
31 221
31 261
31 285
31 290
31 296
31 333
31 336
31 445
31 583
32 33
32 35
32 36
32 37
32 38
32 79
32 100
32 102
32 105
32 106
32 107
32 119
32 143
32 145
32 221
32 223
32 224
32 225
32 285
32 286
32 290
32 291
32 320
32 321
32 322
32 329
32 332
32 333
32 334
32 335
32 336
32 339
32 370
32 377
32 391
32 397
32 443
32 445
32 531
32 534
32 582
32 583
32 584
32 587
33 34
33 35
33 36
33 37
33 38
33 102
33 150
33 221
33 235
33 285
33 286
33 320
33 327
33 332
33 333
33 334
33 335
33 336
33 391
33 397
33 416
33 530
33 534
33 583
33 584
34 35
34 36
34 37
34 38
34 102
34 220
34 221
34 224
34 236
34 237
34 240
34 243
34 285
34 286
34 287
34 332
34 333
34 334
34 335
34 336
34 397
34 529
34 530
34 532
34 534
34 547
34 549
34 553
34 554
34 582
34 583
34 584
35 36
35 37
35 38
35 49
35 100
35 102
35 105
35 106
35 119
35 121
35 145
35 147
35 150
35 156
35 221
35 224
35 225
35 235
35 285
35 286
35 292
35 320
35 327
35 332
35 333
35 334
35 335
35 336
35 339
35 370
35 391
35 397
35 422
35 439
35 443
35 445
35 530
35 531
35 534
35 580
35 582
35 583
35 584
35 592
36 37
36 38
36 102
36 105
36 106
36 145
36 220
36 221
36 222
36 235
36 237
36 243
36 285
36 286
36 287
36 296
36 320
36 332
36 333
36 334
36 335
36 336
36 391
36 397
36 445
36 529
36 530
36 532
36 533
36 534
36 543
36 547
36 549
36 554
36 582
36 583
36 584
37 38
37 70
37 76
37 77
37 82
37 100
37 102
37 105
37 106
37 119
37 143
37 145
37 147
37 150
37 198
37 221
37 224
37 225
37 261
37 285
37 286
37 290
37 291
37 320
37 321
37 322
37 329
37 332
37 333
37 334
37 335
37 336
37 370
37 389
37 391
37 443
37 445
37 531
37 534
37 580
37 582
37 583
37 584
37 586
37 588
38 43
38 102
38 105
38 119
38 121
38 123
38 143
38 145
38 147
38 149
38 150
38 156
38 221
38 224
38 225
38 285
38 286
38 292
38 320
38 322
38 327
38 332
38 333
38 334
38 335
38 336
38 387
38 391
38 422
38 439
38 443
38 445
38 529
38 530
38 531
38 534
38 543
38 580
38 582
38 583
38 584
39 42
39 73
39 89
39 113
39 114
39 115
39 116
39 130
39 337
39 381
39 403
40 43
40 49
40 50
40 51
40 61
40 62
40 66
40 68
40 72
40 74
40 77
40 78
40 82
40 84
40 86
40 91
40 121
40 135
40 136
40 138
40 142
40 145
40 147
40 149
40 161
40 294
40 339
40 345
40 351
40 355
40 358
40 360
40 362
40 363
40 365
40 367
40 368
40 372
40 374
40 375
40 376
40 377
40 380
40 382
40 415
40 421
40 422
40 425
40 438
40 440
40 445
40 448
41 43
41 61
41 66
41 67
41 68
41 73
41 79
41 80
41 81
41 84
41 85
41 86
41 87
41 88
41 89
41 91
41 149
41 339
41 376
41 377
41 380
41 382
41 425
42 45
42 46
42 47
42 48
42 53
42 54
42 56
42 60
42 115
42 116
42 117
42 337
42 381
43 66
43 68
43 71
43 72
43 77
43 78
43 79
43 80
43 82
43 83
43 84
43 86
43 87
43 91
43 102
43 123
43 136
43 143
43 144
43 145
43 147
43 149
43 225
43 336
43 339
43 358
43 376
43 380
43 387
43 415
43 416
43 422
43 425
43 443
43 445
43 505
43 579
43 580
43 581
44 51
44 55
44 58
44 61
44 63
44 66
44 73
44 78
44 135
44 138
44 144
44 145
44 149
44 233
44 341
44 345
44 358
44 437
44 446
44 447
44 458
44 537
45 46
45 47
45 48
45 53
45 54
45 56
45 60
45 115
45 116
45 117
45 231
45 507
46 47
46 48
46 53
46 54
46 56
46 58
46 60
46 115
46 117
46 227
47 48
47 53
47 54
47 56
47 60
47 115
47 116
47 117
48 53
48 54
48 56
48 60
48 73
48 75
49 51
49 63
49 74
49 82
49 136
49 138
49 145
49 149
49 150
49 161
49 333
49 336
49 339
49 345
49 358
49 375
49 382
49 416
49 422
49 434
49 438
49 440
49 441
49 445
49 448
50 51
50 59
50 61
50 62
50 66
50 67
50 87
50 89
50 345
50 351
50 352
50 355
50 360
50 362
50 363
51 59
51 61
51 62
51 63
51 66
51 84
51 136
51 161
51 339
51 345
51 351
51 352
51 355
51 358
51 360
51 362
51 363
51 382
51 415
51 445
51 447
51 448
51 458
52 57
52 65
52 109
52 112
52 119
52 123
52 124
52 204
52 210
52 282
52 283
52 401
52 416
52 581
53 54
53 56
53 60
53 115
53 116
53 117
54 56
54 60
54 115
54 116
54 117
54 231
55 59
55 63
55 64
55 118
55 120
55 130
55 137
55 157
55 357
55 358
55 401
55 413
55 416
56 60
56 231
57 65
57 109
57 112
57 119
57 123
57 124
57 157
57 210
57 357
57 401
57 416
57 418
58 61
58 66
58 115
58 233
58 341
58 356
58 449
58 463
58 561
58 563
59 62
59 64
59 120
59 121
59 147
59 352
59 360
59 412
59 414
59 416
60 64
60 116
60 466
61 66
61 67
61 68
61 84
61 85
61 86
61 87
61 89
61 91
61 135
61 138
61 161
61 242
61 339
61 345
61 351
61 355
61 356
61 358
61 362
61 363
61 367
61 368
61 369
61 376
61 380
61 382
61 430
61 440
61 445
61 447
62 345
62 351
62 352
62 358
62 360
62 362
62 412
62 415
63 64
63 138
63 145
63 149
63 358
63 416
63 417
63 425
63 446
63 447
64 67
64 118
64 120
64 130
64 149
64 412
65 96
65 104
65 108
65 109
65 112
65 123
65 141
65 191
65 194
65 196
65 204
65 210
65 396
65 408
65 416
66 67
66 68
66 84
66 86
66 87
66 89
66 91
66 135
66 138
66 242
66 339
66 345
66 351
66 355
66 356
66 358
66 362
66 363
66 376
66 380
66 382
66 445
66 447
67 73
67 86
67 87
67 89
67 362
67 376
67 377
67 380
67 382
67 447
68 71
68 72
68 74
68 77
68 79
68 80
68 82
68 83
68 84
68 85
68 86
68 87
68 91
68 126
68 145
68 149
68 297
68 339
68 345
68 355
68 364
68 365
68 375
68 376
68 382
68 421
68 425
68 447
68 505
69 70
69 71
69 72
69 74
69 119
69 147
69 185
69 364
70 72
70 74
70 77
70 78
70 82
70 147
70 185
70 225
70 294
70 438
70 440
71 72
71 74
71 77
71 79
71 82
71 83
71 105
71 119
71 141
71 145
71 149
71 188
71 225
71 295
71 297
71 320
71 339
71 364
71 365
71 370
71 375
71 376
71 377
71 387
71 421
71 422
71 443
71 531
71 534
71 579
71 596
72 74
72 77
72 78
72 79
72 82
72 84
72 85
72 86
72 102
72 105
72 123
72 143
72 145
72 149
72 225
72 246
72 261
72 294
72 295
72 297
72 329
72 364
72 365
72 366
72 375
72 376
72 377
72 380
72 387
72 421
72 425
72 445
72 531
72 596
73 75
73 78
73 79
73 80
73 89
73 113
73 130
73 132
73 133
73 145
73 149
73 382
73 430
73 447
74 77
74 78
74 79
74 83
74 84
74 86
74 121
74 132
74 135
74 145
74 147
74 149
74 294
74 339
74 372
74 375
74 376
74 377
74 421
74 422
74 438
74 440
75 79
75 130
75 133
75 375
75 382
75 430
75 441
76 77
76 82
76 99
76 122
76 142
76 156
76 176
76 198
76 225
76 232
76 259
76 260
76 261
76 266
76 294
76 296
76 297
76 300
76 339
76 422
76 445
76 477
76 483
76 534
76 590
77 78
77 79
77 82
77 84
77 86
77 91
77 132
77 145
77 149
77 180
77 225
77 261
77 294
77 295
77 296
77 297
77 339
77 355
77 365
77 366
77 368
77 370
77 372
77 375
77 376
77 377
77 380
77 382
77 387
77 415
77 421
77 422
77 425
77 443
77 445
77 505
77 596
78 79
78 80
78 82
78 132
78 135
78 143
78 144
78 145
78 147
78 149
78 158
78 225
78 358
78 375
78 428
78 438
78 440
78 443
78 445
79 80
79 82
79 83
79 86
79 91
79 132
79 133
79 145
79 149
79 224
79 225
79 297
79 339
79 355
79 370
79 374
79 375
79 376
79 377
79 380
79 382
79 422
79 425
79 443
79 445
80 81
80 86
80 91
80 133
80 149
80 376
80 377
80 425
81 86
81 88
81 91
81 377
81 380
82 83
82 99
82 102
82 129
82 133
82 135
82 136
82 138
82 142
82 143
82 144
82 145
82 147
82 149
82 161
82 225
82 295
82 297
82 339
82 345
82 355
82 358
82 365
82 366
82 372
82 374
82 375
82 382
82 387
82 388
82 421
82 422
82 425
82 438
82 440
82 443
82 445
82 447
82 477
82 531
82 534
82 580
83 109
83 112
83 119
83 121
83 129
83 130
83 131
83 138
83 140
83 141
83 145
83 147
83 149
83 225
83 339
83 369
83 387
83 438
83 443
83 445
83 531
83 534
83 595
84 85
84 86
84 87
84 88
84 89
84 91
84 294
84 339
84 345
84 355
84 362
84 365
84 368
84 376
84 377
84 380
84 382
84 425
84 445
84 557
85 86
85 87
85 88
85 89
85 91
85 377
85 380
85 382
86 87
86 88
86 89
86 91
86 149
86 339
86 355
86 376
86 377
86 380
86 382
86 425
87 88
87 89
87 91
87 126
87 205
87 345
87 377
87 380
87 382
87 425
87 497
88 89
88 91
88 376
88 377
88 380
89 91
89 130
89 355
89 377
89 380
89 382
89 526
90 92
90 100
90 101
90 103
90 105
90 107
90 109
90 119
90 120
90 123
90 390
90 391
90 394
90 395
90 396
90 397
90 416
90 489
90 516
90 579
91 339
91 355
91 362
91 368
91 376
91 377
91 380
91 382
91 425
92 384
93 94
93 384
93 393
93 495
94 95
94 101
94 103
94 390
95 101
95 108
95 114
95 191
95 384
95 385
95 517
95 562
96 109
96 119
96 123
96 141
96 579
97 98
97 179
97 236
97 487
98 317
98 385
99 100
99 102
99 119
99 122
99 131
99 143
99 179
99 188
99 224
99 225
99 282
99 283
99 295
99 298
99 370
99 388
99 389
99 443
99 477
99 483
99 534
99 580
99 581
99 586
100 101
100 102
100 103
100 105
100 106
100 107
100 119
100 123
100 143
100 184
100 188
100 223
100 224
100 283
100 285
100 291
100 301
100 302
100 320
100 321
100 334
100 370
100 389
100 390
100 391
100 395
100 443
100 531
100 579
100 580
100 582
100 584
100 586
100 587
101 103
101 108
101 109
101 110
101 188
101 189
101 301
101 385
101 390
101 393
101 395
101 489
101 517
102 103
102 105
102 106
102 107
102 119
102 121
102 123
102 142
102 143
102 145
102 147
102 198
102 203
102 221
102 224
102 225
102 285
102 286
102 291
102 292
102 320
102 321
102 332
102 333
102 334
102 335
102 336
102 370
102 387
102 389
102 391
102 443
102 445
102 531
102 534
102 579
102 580
102 582
102 583
102 584
102 586
102 592
103 105
103 107
103 291
103 302
103 320
103 321
103 389
103 390
103 391
103 395
103 586
104 108
104 110
104 189
104 191
104 192
104 193
104 202
104 203
104 204
104 211
104 212
104 394
104 396
104 408
104 489
104 495
104 503
104 504
104 516
105 106
105 107
105 119
105 143
105 145
105 221
105 224
105 225
105 261
105 285
105 290
105 291
105 297
105 302
105 320
105 321
105 322
105 324
105 329
105 332
105 333
105 334
105 335
105 336
105 364
105 389
105 391
105 395
105 445
105 530
105 531
105 534
105 579
105 583
105 584
105 586
105 587
105 588
106 110
106 184
106 188
106 220
106 221
106 222
106 223
106 226
106 283
106 291
106 320
106 332
106 334
106 335
106 391
106 392
106 397
106 443
106 530
106 533
106 553
106 582
106 583
106 584
106 586
106 588
107 120
107 291
107 391
107 395
107 547
107 584
108 109
108 110
108 112
108 114
108 120
108 189
108 191
108 192
108 193
108 194
108 210
108 211
108 393
108 395
108 396
108 408
108 489
108 495
109 110
109 112
109 114
109 119
109 120
109 123
109 129
109 131
109 137
109 141
109 191
109 203
109 204
109 210
109 395
109 396
109 401
109 402
109 404
109 416
110 112
110 114
110 119
110 120
110 188
110 189
110 191
110 192
110 193
110 210
110 223
110 392
110 395
110 396
110 397
110 399
110 489
110 540
111 116
111 398
111 400
112 113
112 114
112 119
112 120
112 129
112 131
112 137
112 140
112 141
112 191
112 192
112 194
112 204
112 210
112 396
112 401
112 402
112 404
112 408
113 114
113 115
113 116
113 117
113 130
113 137
113 139
113 406
113 407
113 409
113 461
114 116
114 117
114 131
114 137
114 189
114 190
114 191
114 192
114 194
114 210
114 211
114 212
114 393
114 402
114 407
114 408
114 461
114 491
114 495
115 116
115 117
115 337
115 340
115 381
115 403
115 405
115 407
116 117
116 191
116 407
116 409
116 466
116 507
117 118
117 407
117 409
117 410
118 120
118 157
118 357
118 401
118 409
118 416
118 418
119 120
119 121
119 123
119 129
119 131
119 141
119 143
119 145
119 147
119 149
119 188
119 223
119 224
119 225
119 283
119 291
119 320
119 333
119 334
119 397
119 399
119 401
119 404
119 443
119 454
119 531
119 534
119 579
119 580
119 581
119 582
120 121
120 395
120 401
120 416
120 516
121 123
121 129
121 147
121 149
121 224
121 225
121 333
121 336
121 401
121 412
121 416
121 438
121 445
121 531
121 534
122 128
122 152
122 201
122 294
123 129
123 143
123 145
123 147
123 149
123 157
123 203
123 224
123 225
123 234
123 283
123 285
123 291
123 336
123 416
123 417
123 443
123 454
123 580
123 581
124 125
124 235
124 350
124 401
124 418
125 152
125 176
125 190
125 209
125 213
125 218
125 234
125 272
125 273
127 262
127 267
127 300
128 153
128 197
128 208
128 209
128 213
128 251
128 259
128 263
128 264
128 265
128 267
128 269
128 270
128 271
128 299
128 341
128 343
128 346
128 356
128 468
128 563
128 567
128 570
128 600
129 131
129 132
129 135
129 137
129 140
129 141
129 145
129 147
129 149
129 190
129 224
129 225
129 375
129 401
129 402
129 404
129 423
129 438
129 443
129 531
129 534
129 581
130 138
130 139
130 140
130 149
131 141
131 190
131 191
131 201
131 210
131 212
131 402
131 404
132 133
132 141
132 149
132 438
132 443
133 145
133 149
133 377
133 429
133 447
134 136
134 161
134 430
134 448
134 482
134 484
135 138
135 147
135 149
135 161
135 351
135 355
135 356
135 358
135 362
135 369
135 375
135 438
135 440
136 144
136 148
136 150
136 156
136 158
136 160
136 161
136 205
136 232
136 233
136 345
136 357
136 358
136 416
136 418
136 431
136 437
136 448
136 458
136 477
136 479
136 506
136 557
137 139
137 140
137 149
138 145
138 149
138 161
138 345
138 355
138 356
138 358
138 362
138 369
138 375
138 382
138 438
138 440
138 441
138 445
138 447
139 199
140 141
140 357
140 438
141 199
141 534
142 144
142 145
142 156
142 232
142 242
142 248
142 250
142 252
142 266
142 345
142 355
142 374
142 415
142 445
142 448
142 557
142 592
143 144
143 145
143 147
143 149
143 224
143 225
143 226
143 246
143 291
143 302
143 320
143 336
143 388
143 389
143 443
143 445
143 531
143 580
143 585
143 586
144 149
144 444
145 147
145 149
145 221
145 224
145 225
145 246
145 261
145 285
145 292
145 320
145 332
145 333
145 336
145 339
145 345
145 355
145 358
145 375
145 376
145 382
145 387
145 416
145 425
145 438
145 443
145 445
145 447
145 531
145 534
145 583
146 302
147 149
147 289
147 291
147 332
147 333
147 334
147 336
147 358
147 375
147 387
147 401
147 412
147 416
147 438
147 440
147 443
147 445
147 531
147 534
147 579
148 150
148 155
148 156
148 163
148 232
148 254
148 277
148 437
148 544
149 224
149 225
149 336
149 339
149 358
149 375
149 387
149 416
149 422
149 425
149 438
149 443
149 445
149 446
149 454
150 156
150 333
150 336
150 416
150 418
150 428
150 446
150 543
151 196
151 202
151 215
151 218
151 230
152 176
152 281
153 163
153 178
153 197
153 208
153 209
153 213
153 231
153 254
153 256
153 263
153 264
153 265
153 267
153 269
153 270
153 271
153 272
153 273
153 277
153 278
153 338
153 342
153 343
153 346
153 349
153 354
153 405
153 563
153 567
154 201
154 283
154 454
154 501
155 156
155 233
155 437
156 198
156 232
156 233
156 336
156 418
156 437
156 543
156 544
157 357
157 413
157 454
157 467
157 545
158 159
158 162
158 232
158 253
158 254
158 428
158 437
158 480
158 481
158 565
159 162
159 164
159 199
159 205
159 456
159 465
159 466
160 277
160 281
161 339
161 345
161 355
161 358
161 362
161 363
161 369
161 382
161 430
161 434
161 438
161 440
161 441
161 445
161 447
161 448
162 298
162 462
162 480
163 178
163 183
163 248
163 252
163 253
163 254
163 269
163 275
163 277
163 464
163 563
164 214
164 218
164 272
164 442
164 465
164 470
164 494
164 518
164 520
165 301
166 168
166 309
166 385
166 475
167 383
168 170
168 172
168 301
168 302
168 471
168 475
169 174
169 216
169 217
170 239
170 247
170 263
170 268
170 269
170 270
170 317
170 459
170 475
170 556
170 570
172 239
172 247
172 268
172 556
173 209
174 216
174 217
174 249
174 487
175 176
175 177
175 179
175 180
175 182
175 482
175 483
175 484
175 486
176 178
176 181
176 201
176 207
176 477
176 485
177 179
177 482
177 486
178 183
178 208
178 254
178 255
178 269
178 271
178 275
178 277
178 278
178 279
178 349
179 181
179 198
179 202
179 282
179 477
179 479
179 482
179 483
180 183
180 366
180 429
180 480
180 482
180 483
180 484
180 486
180 593
182 207
182 228
183 200
183 247
183 255
183 268
183 269
183 270
183 277
183 448
183 482
183 499
183 570
184 226
184 227
184 291
184 301
184 388
184 502
184 535
184 536
184 586
185 325
185 339
185 367
185 376
185 422
185 426
185 438
185 469
187 359
188 189
188 223
188 283
188 396
188 397
188 399
188 579
188 580
188 581
189 191
189 192
189 193
189 202
189 203
189 204
189 211
189 212
189 230
189 384
189 393
189 394
189 395
189 396
189 408
189 419
189 489
189 495
189 503
189 504
190 196
190 201
190 209
190 210
190 212
190 404
191 192
191 193
191 194
191 196
191 204
191 210
191 211
191 212
191 396
191 407
191 408
191 435
191 461
191 491
191 492
191 494
191 495
191 504
192 193
192 194
192 196
192 202
192 204
192 210
192 211
192 212
192 230
192 408
193 194
193 202
193 204
193 210
193 211
193 212
193 408
193 493
193 494
193 496
193 504
194 204
194 396
194 408
194 494
194 496
194 504
195 213
195 215
195 228
195 234
195 239
195 255
196 204
196 210
196 211
196 212
196 215
196 230
196 234
197 208
197 209
197 213
197 214
197 218
197 219
197 231
197 251
197 256
197 271
197 272
197 273
197 280
197 281
197 460
197 465
197 508
197 524
197 528
197 567
198 232
198 266
198 276
198 277
198 279
198 282
198 477
198 483
198 499
200 206
200 268
200 269
200 270
200 276
201 210
202 203
202 204
202 215
202 230
202 274
203 204
203 332
203 391
203 394
203 396
203 416
203 501
203 516
203 584
204 210
204 212
204 230
204 283
204 408
204 419
204 461
204 502
204 503
204 504
205 506
206 208
206 228
206 229
206 255
206 256
206 263
206 264
206 268
206 269
206 270
206 271
206 509
206 570
208 209
208 213
208 219
208 229
208 231
208 251
208 256
208 263
208 264
208 265
208 269
208 270
208 271
208 272
208 273
208 280
208 346
208 349
208 354
208 468
208 508
208 510
208 512
208 524
208 528
208 564
208 567
208 570
208 571
208 574
208 600
209 211
209 212
209 213
209 216
209 219
209 271
209 272
209 273
209 465
209 508
209 524
210 211
210 212
210 404
210 408
210 491
210 492
210 501
211 212
211 215
211 492
211 495
212 230
212 408
212 492
212 504
213 231
213 234
213 263
213 264
213 265
213 271
213 272
213 273
213 274
213 343
213 346
213 349
214 218
214 219
214 307
214 494
214 514
214 523
214 524
215 218
215 230
215 273
215 274
216 217
216 251
216 272
216 508
217 251
217 485
218 273
218 274
218 520
219 231
219 251
219 256
219 265
219 271
219 272
219 273
219 280
219 460
219 465
219 466
219 468
219 507
219 508
219 510
219 512
219 514
219 523
219 524
219 525
219 528
219 564
219 567
219 571
219 574
220 221
220 222
220 226
220 237
220 240
220 243
220 287
220 335
220 529
220 530
220 532
220 533
220 546
220 547
220 551
220 553
220 554
220 555
220 582
220 584
221 225
221 226
221 235
221 237
221 243
221 285
221 286
221 287
221 292
221 320
221 327
221 332
221 333
221 334
221 335
221 336
221 391
221 397
221 439
221 443
221 445
221 529
221 530
221 531
221 533
221 534
221 543
221 555
221 582
221 583
221 584
222 223
222 236
222 237
222 238
222 240
222 243
222 245
222 286
222 287
222 529
222 530
222 532
222 533
222 546
222 547
222 548
222 549
222 551
222 553
222 554
222 583
222 584
223 224
223 283
223 334
223 392
223 397
223 399
223 530
223 532
223 533
223 534
223 553
223 582
223 583
223 584
224 225
224 245
224 283
224 286
224 320
224 332
224 333
224 334
224 335
224 397
224 399
224 443
224 531
224 532
224 534
224 582
224 583
224 584
225 244
225 245
225 246
225 261
225 283
225 291
225 294
225 295
225 296
225 297
225 298
225 320
225 329
225 334
225 339
225 365
225 370
225 422
225 439
225 443
225 445
225 531
225 532
225 534
225 580
225 581
225 582
225 583
225 584
226 227
226 236
226 246
226 464
226 521
226 530
226 535
226 536
226 538
226 551
226 552
226 555
226 568
227 238
227 242
227 250
227 463
227 536
227 542
227 550
227 552
228 229
228 239
228 247
228 248
228 250
228 252
228 255
228 262
228 263
228 266
228 267
228 268
228 269
228 270
228 271
228 276
228 277
228 298
228 299
228 570
229 231
229 239
229 256
229 262
229 263
229 264
229 265
229 268
229 269
229 270
229 271
229 274
229 299
229 541
230 282
231 263
231 265
231 271
231 273
231 561
231 574
232 242
232 247
232 248
232 250
232 252
232 253
232 254
232 258
232 259
232 260
232 266
232 267
232 268
232 269
232 277
232 278
232 296
232 300
232 420
232 437
232 448
232 477
232 499
232 544
232 557
232 558
232 563
232 565
232 570
232 573
232 597
233 234
233 252
233 253
233 254
233 437
233 439
233 464
233 506
233 544
233 545
233 558
234 244
234 252
234 273
234 282
234 283
235 286
235 333
235 334
235 583
236 237
236 238
236 239
236 240
236 243
236 246
236 252
236 284
236 285
236 286
236 547
236 548
236 549
236 553
236 554
236 582
236 584
236 585
237 238
237 240
237 243
237 245
237 285
237 286
237 287
237 335
237 521
237 529
237 530
237 532
237 533
237 546
237 547
237 548
237 549
237 550
237 553
237 554
237 583
237 584
238 239
238 240
238 241
238 242
238 243
238 245
238 246
238 250
238 262
238 287
238 529
238 547
238 548
238 549
238 550
238 552
238 553
238 554
239 240
239 241
239 242
239 243
239 246
239 247
239 250
239 252
239 255
239 262
239 268
239 269
239 270
239 539
239 547
239 548
239 550
239 552
239 556
240 243
240 245
240 286
240 287
240 529
240 532
240 546
240 547
240 548
240 549
240 553
240 554
240 582
240 583
240 584
241 242
241 243
241 244
241 250
241 252
241 254
241 255
241 257
241 269
241 463
241 548
241 551
241 552
241 555
241 556
241 558
241 560
241 561
242 246
242 248
242 250
242 253
242 254
242 258
242 355
242 420
242 437
242 463
242 464
242 536
242 538
242 544
242 548
242 550
242 552
242 556
242 558
242 573
242 589
243 244
243 248
243 252
243 262
243 287
243 299
243 529
243 546
243 547
243 548
243 552
243 553
243 554
243 557
244 252
244 298
244 439
244 551
244 555
245 246
245 286
245 287
245 521
245 531
245 532
245 547
245 549
245 553
245 554
245 582
245 584
246 250
246 261
246 287
246 300
246 437
246 521
246 536
246 547
246 548
246 550
246 552
247 250
247 254
247 255
247 259
247 262
247 263
247 265
247 268
247 269
247 270
247 478
247 499
247 539
247 541
247 556
247 566
247 570
247 573
248 250
248 252
248 254
248 255
248 258
248 259
248 264
248 266
248 267
248 268
248 269
248 270
248 276
248 277
248 299
248 300
248 355
248 544
248 556
248 557
248 558
248 560
248 563
248 570
249 314
249 487
250 252
250 253
250 254
250 257
250 258
250 259
250 262
250 263
250 264
250 265
250 267
250 268
250 269
250 270
250 271
250 299
250 300
250 463
250 464
250 552
250 556
250 558
250 560
250 561
250 570
251 274
251 508
252 253
252 254
252 257
252 262
252 266
252 267
252 268
252 269
252 271
252 298
252 299
252 506
252 556
252 557
252 558
252 560
252 563
253 254
253 257
253 269
253 437
253 449
253 450
253 463
253 464
253 478
253 541
253 544
253 552
253 556
253 558
253 561
253 563
253 570
253 573
254 258
254 263
254 264
254 267
254 268
254 269
254 270
254 271
254 275
254 277
254 278
254 449
254 450
254 463
254 464
254 478
254 544
254 552
254 558
254 561
254 563
254 567
254 570
254 573
254 597
254 600
255 263
255 268
255 269
255 270
255 271
255 276
255 277
255 278
255 556
255 570
256 258
256 263
256 264
256 265
256 271
256 567
257 463
257 464
257 552
257 558
258 259
258 262
258 263
258 264
258 267
258 269
258 270
258 277
258 300
258 449
258 464
258 478
258 539
258 541
258 544
258 552
258 558
258 567
258 572
258 573
258 597
258 599
258 600
259 262
259 263
259 264
259 267
259 268
259 269
259 270
259 295
259 298
259 300
259 570
259 588
259 593
260 267
260 277
260 294
260 296
260 300
260 590
261 290
261 291
261 294
261 295
261 296
261 297
261 300
261 421
261 445
261 532
261 538
261 554
261 588
261 589
261 596
262 263
262 264
262 265
262 269
262 270
262 271
262 299
262 300
262 539
262 541
263 264
263 265
263 267
263 268
263 269
263 270
263 271
263 277
263 278
263 280
263 299
263 338
263 342
263 343
263 346
263 349
263 353
263 354
263 356
263 468
263 539
263 541
263 566
263 567
263 570
263 573
263 574
263 597
264 265
264 267
264 268
264 269
264 270
264 271
264 280
264 299
264 341
264 346
264 349
264 354
264 355
264 356
264 362
264 363
264 371
264 449
264 450
264 468
264 510
264 541
264 563
264 564
264 566
264 567
264 569
264 570
264 571
264 573
264 574
264 597
264 600
265 268
265 269
265 270
265 271
265 278
265 280
265 342
265 343
265 346
265 349
265 353
265 354
265 468
265 541
265 561
265 566
265 567
265 569
265 570
265 571
265 574
266 267
266 269
266 274
266 276
266 282
266 299
266 300
266 477
266 557
267 268
267 269
267 270
267 271
267 274
267 277
267 278
267 299
267 300
267 563
267 570
268 269
268 270
268 271
268 276
268 277
268 278
268 556
268 570
269 270
269 271
269 276
269 277
269 278
269 299
269 539
269 556
269 570
270 271
270 276
270 277
270 278
270 539
270 556
270 566
270 570
270 573
271 272
271 273
271 277
271 278
271 280
271 338
271 342
271 343
271 346
271 349
271 567
271 570
272 273
272 281
272 508
273 274
274 299
275 277
275 278
275 279
276 277
276 279
277 278
277 279
277 281
277 499
277 570
278 279
278 280
280 459
282 283
282 298
282 477
282 479
282 483
282 581
283 285
283 479
283 483
283 580
283 581
283 582
283 584
285 286
285 287
285 332
285 333
285 334
285 335
285 336
285 391
285 549
285 582
285 583
285 584
286 287
286 332
286 333
286 334
286 335
286 336
286 391
286 397
286 529
286 534
286 547
286 549
286 582
286 583
286 584
286 585
287 521
287 529
287 530
287 532
287 546
287 547
287 548
287 549
287 550
287 553
287 554
287 583
287 584
288 498
289 443
290 297
290 320
290 321
290 322
290 389
291 297
291 302
291 320
291 334
291 370
291 387
291 389
291 391
291 443
291 530
291 531
291 579
291 582
291 584
291 586
291 587
291 595
292 320
292 322
292 330
292 333
292 334
292 336
292 387
292 445
292 587
293 478
294 296
294 297
294 300
294 339
294 365
294 421
294 445
294 589
294 593
295 297
295 365
295 366
295 370
295 374
295 388
295 389
295 421
295 424
295 429
295 580
295 586
295 588
295 592
295 593
295 594
295 595
295 596
295 598
296 297
296 300
296 339
296 372
296 421
296 422
296 445
296 589
296 590
296 596
297 318
297 320
297 339
297 364
297 365
297 370
297 374
297 376
297 387
297 389
297 421
297 422
297 424
297 445
297 579
297 586
297 588
297 589
297 591
297 592
297 595
297 596
298 299
298 300
299 300
300 538
300 557
300 565
300 590
300 593
300 599
301 302
301 309
301 317
301 326
301 385
301 389
301 390
301 471
301 586
301 587
302 304
302 309
302 312
302 317
302 321
302 322
302 324
302 326
302 330
302 331
302 389
302 390
302 586
302 587
303 304
303 306
303 308
303 309
303 495
304 305
304 308
304 309
304 312
304 317
304 318
304 324
304 326
304 330
304 475
304 591
305 318
305 320
305 321
305 322
305 323
305 324
305 326
305 329
305 330
305 364
306 309
306 326
309 326
309 471
309 476
311 319
311 389
312 317
312 318
312 319
312 321
312 324
312 326
312 329
312 331
314 487
315 316
315 317
315 507
316 319
317 319
317 385
317 386
317 475
317 574
318 319
318 320
318 321
318 324
318 326
318 330
318 364
318 389
318 591
319 320
319 321
319 324
319 364
319 388
319 389
319 538
319 568
319 591
320 321
320 322
320 323
320 324
320 327
320 329
320 330
320 332
320 333
320 334
320 335
320 336
320 364
320 370
320 387
320 389
320 391
320 443
320 445
320 530
320 531
320 534
320 579
320 580
320 582
320 583
320 584
320 586
320 587
320 588
321 322
321 323
321 324
321 326
321 329
321 330
321 331
321 389
321 390
321 391
321 586
321 587
322 323
322 324
322 328
322 329
322 330
322 332
322 333
322 335
322 364
322 389
322 587
323 324
323 328
323 329
323 331
323 365
323 593
324 326
324 328
324 329
324 330
324 331
324 364
324 389
324 587
325 426
325 427
326 330
326 331
326 364
326 390
327 332
327 333
327 334
327 335
327 336
327 582
328 329
329 330
329 331
329 364
329 365
329 389
330 389
330 587
330 591
332 333
332 334
332 335
332 336
332 391
332 392
332 396
332 397
332 399
332 443
332 445
332 530
332 531
332 534
332 549
332 582
332 583
332 584
333 334
333 335
333 336
333 391
333 397
333 422
333 443
333 445
333 531
333 534
333 583
333 584
334 335
334 336
334 339
334 370
334 387
334 391
334 392
334 397
334 399
334 422
334 443
334 445
334 530
334 531
334 534
334 579
334 580
334 582
334 583
334 584
334 592
335 336
335 391
335 392
335 397
335 399
335 443
335 445
335 529
335 530
335 531
335 533
335 534
335 543
335 582
335 583
335 584
336 387
336 391
336 416
336 422
336 439
336 443
336 445
336 529
336 530
336 531
336 534
336 543
336 580
336 582
336 583
336 584
336 592
337 338
337 340
337 341
337 342
337 343
337 344
337 346
337 347
337 348
337 349
337 353
337 354
337 371
337 373
337 379
337 381
337 403
337 405
337 406
337 407
337 409
337 410
338 340
338 341
338 342
338 343
338 344
338 346
338 347
338 348
338 349
338 353
338 354
338 356
338 373
338 379
338 381
338 405
339 345
339 355
339 365
339 368
339 370
339 374
339 376
339 377
339 380
339 382
339 415
339 421
339 422
339 425
339 440
339 443
339 445
339 448
339 505
340 341
340 342
340 343
340 344
340 346
340 347
340 348
340 349
340 353
340 354
340 373
340 381
340 403
340 405
340 406
340 407
340 409
340 410
341 342
341 343
341 346
341 347
341 349
341 353
341 354
341 356
341 357
341 358
341 369
341 371
341 373
341 381
341 405
341 406
341 413
341 438
341 440
341 441
342 343
342 344
342 346
342 347
342 348
342 349
342 353
342 354
342 356
342 371
342 373
342 379
342 381
342 405
342 409
342 410
343 344
343 346
343 347
343 348
343 349
343 353
343 354
343 356
343 371
343 373
343 379
343 381
343 405
343 409
343 410
344 346
344 347
344 348
344 349
344 353
344 354
344 381
344 405
344 409
344 410
345 351
345 352
345 355
345 356
345 358
345 362
345 363
345 372
345 382
345 415
345 430
345 440
345 441
345 445
345 447
345 448
345 458
345 557
346 347
346 348
346 349
346 353
346 354
346 356
346 371
346 373
346 381
346 405
346 410
347 348
347 349
347 354
347 373
347 379
347 381
347 405
348 349
348 353
348 354
348 381
348 400
348 405
348 407
348 409
348 410
348 411
349 353
349 354
349 356
349 371
349 373
349 379
349 381
349 405
350 357
350 401
350 413
350 418
351 352
351 355
351 356
351 358
351 360
351 362
351 363
352 360
353 354
353 356
353 359
353 362
353 363
353 371
353 381
353 405
354 355
354 356
354 363
354 371
354 373
354 379
354 381
354 405
355 356
355 358
355 362
355 363
355 365
355 368
355 369
355 376
355 380
355 382
355 430
355 438
355 440
355 441
355 445
355 447
355 448
355 557
356 358
356 362
356 363
356 371
356 441
356 447
356 448
357 358
357 401
357 418
357 431
357 439
357 440
358 362
358 415
358 416
358 438
358 440
358 441
358 445
358 447
358 448
359 363
359 413
360 362
360 363
360 412
361 414
362 363
362 382
362 440
362 445
362 447
362 448
362 570
363 367
363 382
363 438
363 440
363 447
364 588
365 366
365 368
365 372
365 374
365 375
365 376
365 382
365 421
365 427
365 438
365 440
365 593
366 368
366 372
366 374
366 375
366 376
366 382
366 421
366 422
366 429
367 368
367 426
367 431
367 438
367 440
368 372
368 374
368 375
368 376
368 382
368 421
368 424
368 440
368 589
368 593
368 594
368 595
368 596
369 372
369 375
369 382
369 429
369 434
369 438
369 440
369 441
369 447
370 376
370 377
370 422
370 443
370 531
370 534
370 579
370 581
370 582
370 583
370 584
370 592
371 373
371 381
371 403
371 405
372 374
372 375
372 382
372 421
372 429
372 434
372 438
372 440
373 381
373 403
373 405
374 375
374 376
374 382
374 421
374 422
375 376
375 382
375 387
375 421
375 422
375 429
375 434
375 438
375 440
375 441
375 445
376 377
376 380
376 382
376 422
376 425
376 445
377 380
377 382
377 425
378 432
378 436
379 381
380 382
380 425
380 526
381 403
381 405
381 409
382 425
382 430
382 438
382 440
382 441
382 445
382 447
384 385
384 390
384 393
384 394
384 402
384 489
384 495
384 504
385 386
385 390
385 393
385 471
385 489
385 495
386 387
387 415
387 421
387 422
387 443
387 445
387 505
387 534
387 579
387 580
387 589
387 592
387 595
387 596
388 389
388 480
388 483
388 487
388 565
388 580
388 586
389 390
389 391
389 579
389 580
389 586
389 587
390 391
390 393
390 394
390 395
390 398
390 489
391 395
391 396
391 398
391 489
391 534
391 579
391 586
392 397
392 399
392 489
392 530
392 533
392 553
392 582
392 584
393 395
393 396
393 398
393 400
393 411
393 489
393 495
394 395
394 396
394 397
394 408
394 416
394 417
394 419
394 446
394 489
394 493
394 495
394 496
394 504
394 516
394 517
394 533
394 579
395 396
395 397
395 398
395 489
395 495
396 397
396 399
396 402
396 408
396 411
396 416
396 446
396 489
396 495
396 496
397 399
397 489
397 530
397 531
397 532
397 533
397 534
397 579
397 582
397 583
397 584
398 400
398 411
399 401
399 489
399 531
399 533
399 534
399 582
399 584
400 407
400 409
400 411
401 416
401 418
401 438
401 534
402 489
402 491
403 405
403 406
403 407
404 406
404 423
404 424
404 491
405 407
405 409
405 410
405 433
406 407
406 409
406 410
406 423
406 434
406 491
407 409
407 410
407 411
407 514
408 417
408 435
408 491
408 492
408 493
408 494
408 495
408 496
408 504
408 515
408 520
409 410
409 411
409 413
410 411
411 495
415 420
415 421
415 422
415 425
415 443
415 445
415 448
415 505
415 519
415 589
415 590
415 592
416 417
416 418
416 425
416 446
416 454
416 505
416 516
417 446
417 454
417 467
417 496
417 497
417 504
417 520
417 521
418 435
418 446
419 504
419 505
420 421
420 422
420 448
420 499
420 544
420 573
420 589
420 590
420 592
420 593
420 594
420 596
420 597
420 598
420 599
421 422
421 424
421 438
421 440
421 445
421 505
421 589
421 592
421 595
421 596
422 425
422 428
422 443
422 445
422 534
422 581
422 592
423 424
423 595
423 596
424 427
424 594
424 595
424 596
425 443
425 445
425 505
425 581
426 427
426 595
427 588
427 593
427 595
427 596
428 443
428 455
429 484
429 486
429 575
430 432
430 434
430 440
430 441
430 484
431 544
431 557
434 438
434 440
434 441
435 446
435 456
435 491
435 492
435 494
435 496
435 504
437 449
437 453
437 458
437 463
437 464
437 536
437 544
437 545
437 558
437 572
437 599
438 440
438 441
438 445
438 534
439 531
439 534
440 441
440 445
440 543
442 453
442 455
442 456
442 465
442 467
442 493
442 494
442 497
442 498
442 513
442 515
442 518
442 520
442 527
442 528
443 445
443 531
443 534
443 579
443 580
443 581
443 582
443 584
443 592
445 447
445 531
445 534
445 583
445 589
446 456
446 496
446 504
446 516
448 449
448 557
448 570
449 450
449 453
449 458
449 463
449 464
449 465
449 468
449 478
449 510
449 512
449 528
449 541
449 544
449 558
449 561
449 563
449 564
449 567
449 571
449 572
449 573
449 574
449 600
450 451
450 463
450 468
450 478
450 510
450 512
450 537
450 541
450 552
450 558
450 561
450 564
450 567
450 571
450 573
450 574
450 597
450 600
451 460
451 465
451 466
451 467
451 468
451 490
451 510
451 512
451 513
451 514
451 525
451 527
451 571
451 600
452 453
452 455
452 498
452 515
452 543
453 454
453 455
453 497
453 515
453 527
453 543
453 544
453 545
453 558
453 572
454 545
455 456
455 544
456 458
456 465
456 466
456 467
456 494
456 497
456 503
456 504
456 515
456 516
456 518
457 459
457 473
457 578
458 464
458 537
458 544
458 558
458 599
459 522
459 578
460 465
460 467
460 490
460 494
460 512
460 513
460 514
460 515
460 518
460 523
460 524
460 525
460 527
461 502
461 504
463 464
463 468
463 478
463 521
463 544
463 552
463 558
463 561
463 572
463 574
464 478
464 536
464 544
464 552
464 558
464 561
464 599
465 466
465 467
465 468
465 490
465 494
465 507
465 508
465 510
465 512
465 513
465 514
465 518
465 520
465 523
465 524
465 525
465 527
465 528
465 564
465 567
465 571
465 572
465 574
466 467
466 490
466 492
466 494
466 497
466 504
466 507
466 508
466 510
466 512
466 513
466 514
466 518
466 523
466 525
466 527
466 528
466 564
466 574
467 490
467 492
467 494
467 497
467 512
467 513
467 514
467 515
467 518
467 520
467 523
467 524
467 525
467 527
467 528
467 545
468 510
468 512
468 513
468 525
468 528
468 539
468 541
468 552
468 561
468 564
468 567
468 569
468 570
468 571
468 572
468 573
468 574
468 575
468 576
468 597
468 600
471 473
471 475
472 474
474 501
477 479
477 482
477 483
477 557
478 538
478 539
478 541
478 556
478 564
478 570
478 573
478 597
479 483
479 526
479 557
479 581
480 481
480 482
480 483
480 484
480 485
480 486
480 487
480 565
481 482
481 484
481 485
481 565
482 483
482 484
482 486
483 580
483 581
483 592
484 486
485 565
485 567
487 580
487 586
488 538
488 573
489 493
489 495
489 496
489 562
490 491
490 492
490 494
490 496
490 497
490 512
490 513
490 514
490 515
490 518
490 520
490 523
490 524
490 525
490 527
490 528
490 576
491 492
491 494
491 496
491 504
491 514
491 523
492 493
492 494
492 495
492 496
492 497
492 504
492 514
492 515
492 520
492 523
492 527
493 494
493 495
493 496
493 497
493 498
493 504
493 513
493 514
493 515
493 520
493 527
493 533
493 562
494 496
494 497
494 504
494 513
494 514
494 515
494 518
494 520
494 523
494 527
495 562
496 497
496 504
496 514
496 515
496 520
496 533
497 511
497 512
497 513
497 514
497 515
497 518
497 520
497 527
498 515
498 520
499 522
499 556
499 570
499 590
499 592
499 594
499 598
500 576
502 503
502 504
502 505
502 517
503 504
503 519
504 517
505 516
505 519
505 584
506 557
508 510
508 512
508 514
508 523
508 524
508 525
508 528
508 564
508 567
508 574
510 512
510 513
510 514
510 525
510 527
510 528
510 537
510 541
510 561
510 564
510 567
510 569
510 571
510 572
510 574
510 576
510 600
511 513
511 542
512 513
512 514
512 518
512 523
512 524
512 525
512 527
512 528
512 541
512 561
512 564
512 567
512 571
512 572
512 574
512 576
512 600
513 514
513 515
513 518
513 523
513 525
513 527
513 542
513 564
513 574
513 576
513 600
514 515
514 518
514 520
514 523
514 524
514 525
514 527
514 528
515 518
515 520
515 527
516 517
516 519
516 549
516 584
518 520
518 523
518 525
518 527
520 523
520 524
520 527
520 528
521 529
521 536
521 542
521 550
521 551
521 555
523 524
523 525
523 527
523 528
523 577
524 525
524 527
524 528
525 527
525 528
525 564
525 567
525 571
525 572
525 574
526 559
527 528
528 561
528 564
528 567
528 571
528 572
528 574
529 530
529 532
529 533
529 546
529 547
529 549
529 550
529 553
529 554
529 555
529 583
529 584
530 531
530 532
530 533
530 553
530 554
530 555
530 582
530 583
530 584
531 532
531 534
531 579
531 582
531 583
531 584
532 533
532 534
532 547
532 549
532 553
532 554
532 582
532 583
532 584
533 553
533 584
534 579
534 582
534 583
534 584
534 592
535 536
535 538
535 542
535 548
535 553
535 554
536 538
536 542
536 551
536 552
536 568
536 599
538 539
538 542
538 546
538 548
538 552
538 554
538 568
538 573
538 588
538 593
538 599
539 541
539 542
539 546
539 548
539 552
539 556
539 566
539 570
539 573
539 593
539 597
539 600
541 542
541 552
541 564
541 566
541 567
541 569
541 570
541 571
541 573
541 574
541 597
541 600
542 548
542 550
543 544
544 545
544 552
544 558
544 560
544 572
544 573
544 599
545 558
546 547
546 548
546 553
546 554
547 548
547 549
547 553
547 554
547 582
547 583
547 584
548 549
548 550
548 551
548 552
548 553
548 554
548 588
549 553
549 554
549 582
549 583
549 584
550 552
551 555
552 554
552 555
552 558
552 561
552 573
552 597
552 600
553 554
553 584
554 555
554 584
554 588
556 570
557 558
557 560
557 563
558 560
558 561
558 563
559 562
561 567
561 571
561 572
561 574
564 566
564 567
564 569
564 571
564 572
564 573
564 574
564 575
564 597
564 600
566 573
566 597
566 600
567 569
567 570
567 571
567 572
567 573
567 574
567 600
569 570
569 571
569 573
569 574
569 600
570 573
570 574
570 597
571 572
571 573
571 574
571 576
571 600
572 573
572 574
572 600
573 574
573 597
573 599
573 600
574 575
574 576
574 600
575 600
579 580
579 581
579 586
579 592
580 581
580 582
580 586
580 592
581 582
581 592
582 583
582 584
582 585
583 584
584 585
586 587
586 588
588 589
588 593
589 590
589 596
590 598
592 594
593 594
593 596
593 597
593 598
593 599
594 595
594 596
594 597
595 596
595 597
596 597
596 599
597 599
597 600
598 599
599 600
