600 5391

1 4
1 18
1 100
1 290
1 302
1 304
1 319
1 322
1 336
2 93
2 94
3 12
4 5
4 20
4 21
4 22
4 23
4 30
4 33
4 290
4 304
4 305
4 319
4 320
4 322
4 323
4 329
5 16
5 18
5 19
5 20
5 21
5 23
5 24
5 26
5 27
5 29
5 100
5 101
5 106
5 221
5 304
5 305
5 308
5 312
5 318
5 320
5 322
5 323
5 324
5 326
5 329
5 331
6 340
7 10
8 582
9 589
10 552
11 98
12 15
12 16
12 17
12 19
12 271
12 318
13 175
14 313
15 16
15 17
15 19
15 318
15 331
16 17
16 18
16 19
16 20
16 21
16 24
16 27
16 304
16 318
16 324
16 331
16 506
17 19
17 23
17 24
17 29
17 318
17 324
17 329
17 331
18 20
18 21
18 94
18 98
18 100
18 106
18 290
18 304
18 315
18 319
18 320
18 321
18 322
18 336
18 392
18 395
19 21
19 23
19 24
19 27
19 29
19 271
19 305
19 318
19 320
19 323
19 324
19 329
19 331
20 21
20 23
20 24
20 100
20 101
20 106
20 221
20 304
20 319
20 320
20 321
20 324
21 23
21 24
21 26
21 28
21 30
21 37
21 38
21 100
21 106
21 304
21 305
21 318
21 319
21 320
21 323
21 324
21 328
21 329
21 331
21 392
21 395
22 25
22 28
22 31
22 33
22 290
22 323
22 333
23 24
23 26
23 27
23 30
23 305
23 312
23 318
23 320
23 323
23 324
23 326
23 329
23 331
24 26
24 27
24 29
24 304
24 305
24 308
24 312
24 318
24 324
24 326
24 329
24 331
25 185
26 27
26 285
26 324
26 328
26 329
27 29
27 308
27 312
27 318
27 324
27 326
27 329
27 331
28 30
28 31
28 32
28 33
28 37
28 320
28 330
28 332
28 334
29 110
29 195
29 308
29 312
29 324
29 326
29 329
29 331
30 31
30 32
30 33
30 34
30 285
30 320
30 323
30 327
30 328
30 329
30 330
30 332
30 333
31 32
31 33
31 35
31 36
31 285
31 320
31 327
31 328
31 329
31 330
31 332
31 333
31 334
32 35
32 37
32 330
32 333
32 334
33 34
33 36
33 38
33 285
33 328
33 330
33 332
33 333
33 334
33 584
34 36
34 329
35 37
35 333
35 334
36 38
36 332
36 335
36 336
37 320
37 323
37 333
37 334
37 468
38 335
38 336
38 395
39 48
39 52
39 87
39 103
39 115
39 123
39 125
39 144
39 406
39 407
39 491
40 65
40 82
40 127
40 129
40 139
40 371
40 421
40 424
40 433
40 440
40 441
40 450
40 451
40 600
41 43
41 45
41 49
41 52
41 55
41 58
41 60
41 80
41 82
41 87
41 90
41 95
41 109
41 112
41 113
41 117
41 118
41 120
41 124
41 125
41 128
41 130
41 131
41 134
41 136
41 138
41 139
41 140
41 144
41 148
41 152
41 157
41 159
41 188
41 337
41 338
41 339
41 347
41 348
41 352
41 353
41 357
41 359
41 364
41 373
41 374
41 380
41 382
41 396
41 398
41 399
41 404
41 406
41 408
41 409
41 410
41 413
41 416
41 421
41 422
41 423
41 424
41 430
41 431
41 434
41 437
41 446
41 448
41 450
41 492
41 600
42 46
42 48
42 54
42 362
43 49
43 55
43 58
43 60
43 87
43 90
43 107
43 109
43 113
43 118
43 120
43 136
43 148
43 338
43 348
43 353
43 359
43 380
43 404
43 410
43 437
43 448
44 144
44 341
44 346
44 354
44 356
44 371
44 418
44 444
45 47
45 56
45 60
45 80
45 87
45 90
45 95
45 112
45 128
45 131
45 134
45 136
45 138
45 140
45 141
45 152
45 188
45 338
45 374
45 408
45 430
45 448
45 464
45 510
46 47
46 48
46 53
46 54
46 55
46 60
46 116
46 117
46 118
46 144
46 344
46 349
46 363
47 48
47 54
47 56
47 60
47 116
47 117
47 118
47 408
47 492
48 52
48 53
48 54
48 55
48 58
48 60
48 90
48 115
48 116
48 117
48 118
48 123
48 124
48 144
48 339
48 340
48 342
48 343
48 344
48 346
48 347
48 349
48 359
48 406
48 407
48 409
48 491
48 492
49 55
49 57
49 58
49 60
49 65
49 80
49 82
49 87
49 88
49 90
49 95
49 112
49 113
49 118
49 120
49 125
49 127
49 128
49 130
49 131
49 134
49 136
49 137
49 138
49 139
49 140
49 141
49 144
49 148
49 149
49 150
49 151
49 152
49 157
49 159
49 341
49 345
49 357
49 367
49 371
49 373
49 374
49 375
49 379
49 380
49 396
49 403
49 404
49 408
49 410
49 416
49 418
49 421
49 422
49 423
49 424
49 430
49 431
49 433
49 434
49 437
49 440
49 442
49 446
49 447
49 448
49 450
49 456
49 458
49 600
50 51
50 57
50 59
50 63
50 64
50 65
50 82
50 121
50 127
50 139
50 146
50 147
50 157
50 351
50 352
50 358
50 414
50 436
50 447
50 510
50 514
51 57
51 59
51 62
51 63
51 64
51 65
51 66
51 90
51 117
51 118
51 138
51 139
51 351
51 352
51 358
51 363
51 414
51 448
52 55
52 58
52 60
52 87
52 93
52 103
52 109
52 113
52 115
52 117
52 118
52 120
52 123
52 124
52 125
52 130
52 144
52 339
52 340
52 342
52 344
52 346
52 347
52 348
52 349
52 350
52 357
52 359
52 397
52 399
52 401
52 406
52 407
52 408
52 409
52 416
52 417
52 418
52 491
52 492
53 58
53 60
53 61
53 204
53 344
53 353
55 58
55 60
55 61
55 64
55 80
55 90
55 95
55 113
55 117
55 118
55 120
55 124
55 125
55 127
55 130
55 136
55 139
55 342
55 344
55 347
55 348
55 349
55 351
55 352
55 353
55 354
55 357
55 359
55 410
55 412
55 413
55 416
55 422
55 423
55 424
55 446
55 448
56 60
56 131
56 188
56 191
56 510
56 514
57 59
57 63
57 64
57 65
57 80
57 82
57 90
57 113
57 117
57 120
57 121
57 125
57 127
57 130
57 136
57 138
57 139
57 147
57 150
57 152
57 345
57 351
57 352
57 357
57 358
57 373
57 396
57 412
57 414
57 421
57 422
57 423
57 424
57 431
57 433
57 440
57 446
57 448
58 60
58 61
58 66
58 87
58 90
58 123
58 124
58 136
58 144
58 341
58 345
58 349
58 353
58 354
58 356
58 357
58 359
58 379
58 437
59 62
59 63
59 64
59 65
59 96
59 121
59 147
59 351
59 358
59 360
59 361
59 414
60 61
60 66
60 87
60 90
60 95
60 109
60 112
60 115
60 117
60 118
60 119
60 120
60 125
60 126
60 131
60 136
60 144
60 152
60 191
60 204
60 225
60 348
60 353
60 359
60 399
60 408
60 410
60 413
60 416
60 422
60 424
60 448
60 492
61 66
61 352
61 353
61 354
61 379
62 63
62 64
62 66
62 67
62 351
62 358
62 360
62 361
62 362
62 414
63 64
63 65
63 66
63 121
63 139
63 147
63 157
63 351
63 352
63 358
63 360
63 361
63 414
63 448
63 510
63 514
64 65
64 80
64 82
64 117
64 118
64 120
64 121
64 127
64 128
64 129
64 136
64 138
64 139
64 140
64 147
64 152
64 157
64 159
64 351
64 352
64 358
64 374
64 412
64 413
64 414
64 416
64 421
64 430
64 434
64 446
64 447
64 448
64 450
64 451
64 456
64 510
64 514
64 600
65 80
65 82
65 121
65 127
65 128
65 134
65 136
65 138
65 139
65 140
65 147
65 150
65 152
65 157
65 159
65 345
65 351
65 352
65 358
65 374
65 414
65 416
65 419
65 421
65 424
65 430
65 431
65 434
65 436
65 437
65 440
65 441
65 446
65 448
65 451
65 456
65 510
65 600
66 67
66 351
66 352
66 358
66 362
66 363
66 379
66 383
66 448
67 351
67 360
67 361
67 362
67 363
68 69
68 70
68 77
68 83
68 129
68 132
68 133
68 293
68 364
68 365
68 368
68 370
68 420
68 599
69 70
69 72
69 76
69 77
69 365
69 368
69 370
69 598
70 71
70 72
70 77
70 79
70 365
70 368
70 370
71 76
71 77
71 78
72 77
72 78
72 365
72 368
72 370
72 598
73 74
73 75
73 79
73 114
73 126
73 130
73 367
73 369
73 371
73 422
73 423
74 77
74 78
74 79
74 369
74 371
74 372
74 375
74 504
75 103
75 109
75 113
75 114
75 126
75 130
75 150
75 152
75 159
75 161
75 204
75 357
75 367
75 371
75 373
75 396
75 404
75 418
75 421
75 422
75 423
75 424
75 440
75 458
75 490
75 504
76 77
76 78
76 299
76 300
76 599
77 78
77 79
77 82
77 83
77 84
77 299
77 300
77 365
77 368
77 370
77 377
77 420
77 598
77 599
78 83
78 84
78 370
78 377
78 599
79 81
79 82
79 83
79 84
79 129
79 132
79 365
79 369
79 370
79 371
79 372
79 373
79 374
79 375
79 420
79 421
79 422
79 424
79 429
80 82
80 83
80 87
80 90
80 95
80 112
80 113
80 120
80 125
80 127
80 128
80 129
80 130
80 131
80 134
80 136
80 137
80 138
80 139
80 140
80 141
80 147
80 148
80 149
80 150
80 152
80 157
80 188
80 202
80 345
80 364
80 371
80 372
80 373
80 374
80 375
80 380
80 396
80 403
80 404
80 408
80 410
80 413
80 416
80 420
80 421
80 422
80 423
80 424
80 430
80 431
80 434
80 436
80 437
80 440
80 446
80 447
80 448
80 450
80 451
80 456
80 458
80 490
80 510
80 514
80 600
82 83
82 90
82 96
82 112
82 121
82 127
82 128
82 129
82 131
82 134
82 136
82 137
82 138
82 139
82 140
82 146
82 147
82 149
82 150
82 152
82 157
82 159
82 188
82 298
82 300
82 341
82 345
82 352
82 364
82 371
82 372
82 373
82 374
82 375
82 380
82 396
82 403
82 404
82 419
82 420
82 421
82 422
82 423
82 424
82 428
82 430
82 431
82 433
82 434
82 435
82 436
82 437
82 440
82 446
82 447
82 448
82 450
82 451
82 456
82 458
82 490
82 504
82 510
82 514
82 600
83 84
83 112
83 128
83 129
83 131
83 132
83 134
83 136
83 137
83 140
83 188
83 345
83 364
83 370
83 371
83 372
83 374
83 375
83 403
83 420
83 421
83 422
83 423
83 424
83 428
83 429
83 430
83 431
83 434
83 436
83 447
83 450
83 451
83 510
83 599
83 600
84 86
84 91
84 364
84 370
84 372
84 374
84 375
84 376
84 377
84 420
84 599
85 86
86 188
86 376
87 88
87 90
87 91
87 95
87 103
87 109
87 112
87 113
87 114
87 115
87 120
87 123
87 125
87 126
87 128
87 130
87 131
87 134
87 136
87 140
87 141
87 144
87 152
87 159
87 188
87 202
87 341
87 348
87 364
87 367
87 371
87 374
87 380
87 396
87 399
87 404
87 406
87 407
87 408
87 409
87 410
87 411
87 416
87 420
87 421
87 422
87 423
87 424
87 430
87 431
87 434
87 437
87 442
87 444
87 446
87 448
87 450
87 491
87 492
87 600
88 90
88 91
88 113
88 130
88 367
88 371
88 373
88 380
88 403
88 404
88 422
88 423
88 424
88 433
88 440
89 91
90 95
90 109
90 112
90 113
90 115
90 117
90 118
90 120
90 124
90 125
90 128
90 130
90 131
90 134
90 136
90 138
90 139
90 140
90 144
90 148
90 149
90 152
90 157
90 188
90 348
90 351
90 353
90 357
90 374
90 379
90 380
90 396
90 403
90 404
90 406
90 408
90 409
90 410
90 413
90 416
90 421
90 422
90 423
90 424
90 430
90 431
90 437
90 444
90 446
90 448
90 450
90 492
90 510
90 600
91 377
91 403
91 404
91 420
91 424
92 206
93 94
93 123
93 124
93 151
93 187
93 301
93 303
93 321
94 101
94 106
94 303
94 304
94 321
94 350
94 491
95 96
95 103
95 109
95 117
95 118
95 119
95 120
95 121
95 125
95 128
95 136
95 138
95 148
95 152
95 159
95 298
95 338
95 339
95 347
95 348
95 359
95 380
95 385
95 386
95 396
95 398
95 399
95 404
95 406
95 407
95 408
95 409
95 410
95 416
95 430
95 431
95 433
95 446
95 448
95 456
95 491
95 492
95 600
96 97
96 99
96 127
96 138
96 139
96 298
96 386
96 431
96 448
97 99
97 386
98 105
98 106
98 350
98 392
98 395
99 262
100 102
100 105
100 290
100 304
100 314
100 316
100 319
100 321
100 322
100 530
101 102
101 103
101 106
101 109
101 119
101 123
101 221
101 223
101 224
101 321
101 389
101 390
101 407
101 411
101 417
101 491
101 492
101 497
102 103
102 119
102 221
102 224
102 225
102 530
103 106
103 109
103 113
103 114
103 115
103 119
103 123
103 125
103 126
103 130
103 204
103 221
103 223
103 224
103 339
103 350
103 384
103 390
103 396
103 397
103 398
103 399
103 404
103 406
103 407
103 408
103 409
103 411
103 416
103 417
103 418
103 491
103 492
104 189
104 251
104 598
105 272
105 392
106 107
106 123
106 221
106 223
106 304
106 319
106 320
106 321
106 350
106 392
106 395
106 397
106 398
106 401
107 109
107 398
107 401
108 110
108 189
108 192
108 195
108 197
108 206
108 211
108 215
108 230
108 267
108 274
108 495
108 509
109 111
109 112
109 113
109 114
109 115
109 118
109 119
109 120
109 123
109 125
109 130
109 136
109 152
109 188
109 191
109 223
109 224
109 348
109 359
109 380
109 396
109 397
109 398
109 399
109 404
109 406
109 407
109 408
109 409
109 410
109 411
109 413
109 416
109 422
109 423
109 424
109 448
109 491
109 492
110 206
110 218
110 233
110 234
110 266
110 267
110 271
110 274
110 297
110 393
110 395
111 116
111 120
111 194
111 223
111 342
111 399
111 407
111 409
111 413
111 491
111 492
112 113
112 114
112 126
112 128
112 129
112 130
112 131
112 132
112 134
112 136
112 137
112 140
112 141
112 149
112 152
112 188
112 190
112 191
112 202
112 204
112 210
112 345
112 364
112 367
112 371
112 372
112 374
112 375
112 379
112 380
112 396
112 402
112 403
112 404
112 408
112 410
112 413
112 416
112 420
112 421
112 422
112 423
112 424
112 430
112 431
112 434
112 436
112 437
112 440
112 444
112 447
112 448
112 450
112 451
112 456
112 490
112 510
112 514
112 600
113 114
113 115
113 118
113 120
113 123
113 125
113 126
113 128
113 130
113 131
113 136
113 144
113 150
113 191
113 204
113 348
113 354
113 356
113 357
113 379
113 380
113 396
113 397
113 398
113 399
113 403
113 404
113 408
113 410
113 411
113 413
113 416
113 418
113 421
113 422
113 423
113 424
113 440
113 444
113 446
113 448
113 490
113 492
114 115
114 126
114 130
114 131
114 141
114 188
114 191
114 204
114 210
114 367
114 380
114 396
114 404
114 408
114 411
114 422
114 423
114 424
114 444
114 451
114 490
114 492
115 116
115 123
115 125
115 130
115 191
115 340
115 344
115 347
115 348
115 380
115 396
115 397
115 399
115 404
115 406
115 407
115 408
115 409
115 410
115 411
115 416
115 491
115 492
116 117
116 118
116 191
116 344
116 407
116 409
116 416
116 491
116 492
117 118
117 120
117 121
117 125
117 139
117 342
117 344
117 347
117 348
117 349
117 351
117 359
117 408
117 409
117 410
117 413
117 414
117 416
117 446
117 448
117 492
118 120
118 124
118 125
118 340
118 342
118 343
118 344
118 347
118 348
118 351
118 353
118 359
118 386
118 396
118 404
118 406
118 407
118 408
118 409
118 410
118 413
118 416
118 446
118 448
118 492
119 120
119 121
119 125
119 136
119 148
119 152
119 221
119 223
119 224
119 225
119 396
119 397
119 399
119 404
119 412
119 416
119 448
119 492
119 530
119 534
120 121
120 125
120 127
120 129
120 130
120 136
120 152
120 157
120 347
120 348
120 357
120 359
120 380
120 385
120 396
120 397
120 398
120 399
120 401
120 403
120 404
120 407
120 408
120 410
120 412
120 413
120 416
120 418
120 422
120 423
120 424
120 446
120 448
120 450
120 492
121 125
121 127
121 129
121 136
121 138
121 139
121 147
121 152
121 157
121 159
121 358
121 374
121 396
121 399
121 412
121 413
121 414
121 416
121 421
121 434
121 446
121 448
121 450
121 456
122 272
123 124
123 125
123 126
123 130
123 151
123 204
123 344
123 346
123 347
123 350
123 354
123 355
123 356
123 357
123 359
123 397
123 399
123 406
123 407
123 409
123 411
123 416
123 417
123 418
123 491
123 492
124 144
124 151
124 344
124 349
124 350
124 353
124 355
124 357
125 130
125 136
125 144
125 150
125 152
125 157
125 223
125 224
125 339
125 342
125 347
125 348
125 354
125 356
125 357
125 359
125 380
125 396
125 397
125 398
125 399
125 404
125 406
125 407
125 408
125 409
125 410
125 412
125 413
125 416
125 417
125 418
125 422
125 423
125 424
125 446
125 448
125 491
125 492
126 130
126 131
126 141
126 151
126 191
126 203
126 204
126 353
126 354
126 379
126 419
126 422
126 423
126 424
126 490
127 128
127 129
127 130
127 131
127 134
127 136
127 137
127 138
127 139
127 140
127 147
127 149
127 150
127 152
127 157
127 188
127 341
127 345
127 352
127 364
127 371
127 372
127 373
127 374
127 375
127 385
127 396
127 403
127 412
127 413
127 414
127 420
127 421
127 422
127 423
127 424
127 428
127 430
127 431
127 433
127 434
127 436
127 440
127 446
127 447
127 448
127 450
127 451
127 456
127 490
127 510
127 514
127 600
128 129
128 130
128 131
128 132
128 134
128 136
128 137
128 138
128 139
128 140
128 141
128 145
128 148
128 149
128 150
128 152
128 157
128 159
128 188
128 202
128 298
128 345
128 352
128 364
128 371
128 372
128 374
128 375
128 380
128 385
128 396
128 402
128 403
128 404
128 408
128 410
128 413
128 416
128 420
128 421
128 422
128 423
128 424
128 428
128 430
128 431
128 433
128 434
128 436
128 437
128 440
128 444
128 446
128 447
128 448
128 450
128 451
128 455
128 456
128 458
128 464
128 490
128 504
128 510
128 514
128 600
129 131
129 132
129 134
129 136
129 139
129 140
129 146
129 147
129 149
129 157
129 188
129 225
129 300
129 364
129 371
129 372
129 374
129 375
129 385
129 396
129 402
129 413
129 420
129 421
129 422
129 423
129 424
129 428
129 430
129 434
129 436
129 440
129 445
129 447
129 450
129 451
129 456
129 490
129 510
129 514
129 600
130 131
130 136
130 139
130 141
130 149
130 150
130 341
130 345
130 348
130 354
130 356
130 357
130 367
130 371
130 373
130 374
130 380
130 396
130 398
130 399
130 403
130 404
130 408
130 410
130 411
130 412
130 413
130 416
130 418
130 421
130 422
130 423
130 424
130 434
130 440
130 444
130 446
130 448
130 450
130 451
130 490
130 492
131 132
131 134
131 136
131 137
131 140
131 141
131 149
131 152
131 188
131 190
131 191
131 202
131 210
131 345
131 364
131 371
131 372
131 374
131 375
131 379
131 380
131 396
131 402
131 404
131 408
131 413
131 416
131 420
131 421
131 422
131 423
131 424
131 430
131 431
131 434
131 436
131 437
131 440
131 444
131 447
131 448
131 450
131 451
131 456
131 457
131 458
131 490
131 510
131 514
131 600
132 134
132 137
132 140
132 364
132 369
132 371
132 374
132 375
132 420
132 421
132 424
132 428
132 429
132 430
132 434
132 450
132 451
132 462
134 135
134 136
134 137
134 138
134 140
134 141
134 145
134 146
134 152
134 157
134 159
134 161
134 188
134 202
134 225
134 341
134 345
134 364
134 371
134 372
134 374
134 375
134 380
134 396
134 404
134 420
134 421
134 422
134 423
134 424
134 428
134 430
134 431
134 434
134 435
134 436
134 437
134 440
134 442
134 446
134 447
134 448
134 450
134 451
134 455
134 456
134 458
134 464
134 466
134 490
134 510
134 514
134 600
135 140
135 146
135 372
135 374
135 420
135 421
135 422
135 430
135 438
135 600
136 137
136 138
136 139
136 140
136 141
136 144
136 148
136 149
136 150
136 152
136 156
136 157
136 159
136 163
136 188
136 202
136 225
136 339
136 341
136 345
136 358
136 359
136 364
136 367
136 371
136 373
136 374
136 375
136 379
136 380
136 396
136 399
136 404
136 408
136 410
136 413
136 416
136 418
136 420
136 421
136 422
136 423
136 424
136 430
136 431
136 434
136 436
136 437
136 440
136 442
136 446
136 447
136 448
136 450
136 451
136 455
136 456
136 458
136 464
136 490
136 492
136 510
136 600
137 138
137 139
137 140
137 141
137 149
137 298
137 367
137 371
137 374
137 375
137 421
137 422
137 423
137 424
137 430
137 431
137 433
137 434
137 436
137 440
137 450
137 504
137 510
137 600
138 139
138 140
138 144
138 152
138 298
138 351
138 367
138 371
138 374
138 421
138 422
138 424
138 430
138 431
138 433
138 434
138 436
138 440
138 441
138 448
138 450
138 456
138 510
138 600
139 147
139 149
139 150
139 157
139 351
139 352
139 371
139 374
139 414
139 421
139 422
139 423
139 424
139 430
139 431
139 433
139 434
139 436
139 440
139 441
139 446
139 447
139 448
139 450
139 456
139 510
139 600
140 141
140 146
140 147
140 149
140 152
140 157
140 159
140 188
140 202
140 225
140 345
140 358
140 364
140 371
140 372
140 374
140 375
140 380
140 396
140 402
140 408
140 416
140 419
140 420
140 421
140 422
140 423
140 424
140 428
140 430
140 431
140 434
140 435
140 436
140 437
140 440
140 446
140 447
140 448
140 450
140 451
140 455
140 456
140 458
140 464
140 466
140 490
140 510
140 514
140 600
141 152
141 190
141 202
141 367
141 371
141 374
141 375
141 380
141 421
141 422
141 423
141 424
141 430
141 431
141 434
141 436
141 440
141 448
141 458
141 490
142 220
143 176
143 485
143 522
143 555
143 562
143 583
144 152
144 367
144 371
144 406
144 448
145 146
145 147
145 156
145 163
145 275
145 287
145 426
145 427
145 430
145 431
145 445
145 447
145 455
145 456
145 464
145 510
145 541
145 595
145 600
146 147
146 188
146 364
146 372
146 430
146 447
146 451
146 510
147 157
147 358
147 364
147 414
147 430
147 434
147 445
147 447
147 450
147 456
147 510
147 514
148 152
148 156
148 163
148 374
148 380
148 404
148 410
148 430
148 431
148 437
148 446
148 448
148 600
149 150
149 341
149 345
149 372
149 373
149 374
149 380
149 421
149 422
149 423
149 424
149 430
149 431
149 433
149 434
149 436
149 437
149 438
149 440
149 446
149 447
149 450
149 451
149 510
149 600
150 152
150 159
150 357
150 367
150 371
150 373
150 416
150 418
150 419
150 421
150 423
150 424
150 431
150 433
150 434
150 440
150 446
150 448
150 458
150 490
150 504
151 164
151 357
152 157
152 159
152 188
152 225
152 339
152 357
152 358
152 373
152 374
152 380
152 396
152 399
152 404
152 408
152 412
152 416
152 418
152 421
152 422
152 423
152 424
152 430
152 431
152 434
152 437
152 440
152 442
152 446
152 447
152 448
152 450
152 456
152 458
152 464
152 490
152 492
152 510
152 600
153 232
153 272
154 197
154 206
154 267
154 273
154 274
155 156
155 288
156 157
156 163
156 358
156 437
156 448
156 455
156 456
157 188
157 202
157 214
157 338
157 358
157 364
157 374
157 380
157 396
157 399
157 408
157 410
157 412
157 413
157 414
157 416
157 421
157 430
157 431
157 434
157 436
157 437
157 446
157 447
157 448
157 450
157 456
157 466
157 510
157 514
157 515
157 600
158 537
159 161
159 367
159 371
159 373
159 374
159 385
159 390
159 404
159 420
159 421
159 422
159 423
159 424
159 430
159 431
159 434
159 440
159 446
159 448
159 451
159 456
159 458
159 464
159 600
160 539
161 203
161 421
162 253
163 254
163 426
163 431
163 437
163 462
163 464
163 539
163 600
165 348
166 173
166 247
166 472
167 202
168 170
168 229
168 248
168 251
168 265
168 266
168 269
168 277
168 475
168 478
168 556
169 173
169 216
169 278
169 472
169 476
169 477
170 178
170 199
170 206
170 229
170 230
170 231
170 232
170 234
170 239
170 244
170 247
170 248
170 251
170 256
170 265
170 266
170 267
170 268
170 269
170 270
170 271
170 475
170 476
170 478
170 481
170 509
170 511
170 552
170 556
170 566
170 572
170 573
170 589
171 173
171 174
171 217
171 472
171 523
171 526
171 560
172 233
172 244
172 248
172 250
172 253
172 478
172 558
173 174
173 176
173 249
173 263
173 472
173 476
173 477
173 480
173 526
174 176
174 179
174 249
174 476
174 477
174 480
174 485
174 523
174 526
175 177
175 377
175 482
175 484
176 179
176 249
176 263
176 264
176 480
176 577
176 578
177 179
177 480
177 482
177 559
178 183
178 199
178 206
178 229
178 231
178 239
178 242
178 247
178 255
178 256
178 259
178 265
178 266
178 269
178 270
178 271
178 297
178 566
178 572
178 594
179 181
179 485
179 559
180 186
180 277
181 480
181 483
181 541
181 559
182 206
182 520
183 199
183 232
183 252
183 255
183 259
183 263
183 266
183 268
183 269
183 270
183 297
183 594
184 487
185 463
188 191
188 194
188 202
188 208
188 210
188 224
188 225
188 364
188 372
188 374
188 380
188 388
188 396
188 397
188 399
188 404
188 408
188 411
188 412
188 413
188 416
188 421
188 422
188 423
188 424
188 430
188 431
188 434
188 436
188 437
188 447
188 448
188 450
188 451
188 455
188 456
188 466
188 490
188 492
188 510
188 514
188 600
189 192
189 195
189 230
189 280
189 283
189 495
189 502
190 198
190 208
190 210
190 436
190 457
191 194
191 210
191 396
191 397
191 399
191 408
191 413
191 416
191 490
191 510
191 514
192 200
192 201
192 205
192 211
192 280
193 194
193 514
194 223
194 394
194 399
194 474
194 490
194 514
194 532
194 533
195 196
195 197
195 215
195 222
195 497
196 215
196 222
196 415
196 497
196 502
196 580
197 215
197 267
197 274
198 200
198 201
198 280
198 459
199 206
199 232
199 266
199 267
199 268
199 269
199 270
199 271
199 274
199 277
199 278
199 279
199 281
199 475
199 572
199 574
200 201
200 203
200 215
200 219
200 280
200 281
201 203
201 215
201 219
201 280
201 281
202 210
202 214
202 364
202 374
202 422
202 434
202 447
202 464
202 466
203 204
203 215
203 502
203 505
204 339
204 379
204 419
204 490
205 219
205 280
205 528
206 211
206 229
206 230
206 231
206 233
206 234
206 239
206 241
206 244
206 251
206 256
206 259
206 266
206 267
206 268
206 269
206 270
206 271
206 274
206 297
206 475
206 478
206 507
206 508
206 509
206 511
206 538
206 542
206 544
206 556
206 572
206 573
206 574
206 581
207 524
208 264
208 447
208 455
208 456
208 543
209 211
209 212
209 231
209 240
209 259
209 265
209 274
211 219
211 230
211 231
211 234
211 240
211 241
211 267
211 274
211 493
211 509
211 511
211 542
213 217
213 247
213 252
213 255
213 257
213 259
213 261
213 297
214 466
214 525
214 543
215 502
215 505
216 267
216 268
216 278
216 280
216 476
217 246
217 247
217 252
217 261
217 263
217 287
217 569
218 230
218 233
218 234
218 239
218 241
218 242
218 244
218 248
218 251
218 453
218 511
218 537
218 548
218 551
218 552
218 556
219 267
219 268
219 274
219 280
219 528
220 226
220 227
220 246
220 287
220 480
220 483
220 529
220 535
220 536
220 557
220 584
220 592
221 223
221 390
221 530
222 389
222 415
222 417
222 467
222 474
222 489
222 497
222 498
222 502
222 516
222 524
222 525
222 532
222 533
222 580
223 224
223 225
223 397
223 399
223 407
223 416
223 417
223 491
223 492
223 533
224 225
224 245
224 397
224 399
224 412
224 532
224 534
225 364
225 374
225 399
225 412
225 420
225 447
225 456
225 464
225 530
225 534
226 227
226 246
226 287
226 529
226 536
226 554
227 287
227 513
227 536
227 553
228 229
228 238
228 243
228 258
228 265
229 230
229 231
229 234
229 236
229 238
229 239
229 242
229 244
229 251
229 256
229 258
229 259
229 265
229 266
229 268
229 269
229 270
229 271
229 475
229 509
229 511
229 521
229 538
229 540
229 542
229 544
229 547
229 548
229 552
229 556
229 572
229 573
229 581
230 231
230 233
230 234
230 239
230 240
230 241
230 242
230 244
230 251
230 256
230 258
230 266
230 267
230 268
230 269
230 274
230 453
230 475
230 478
230 507
230 508
230 509
230 511
230 519
230 520
230 521
230 522
230 538
230 542
230 547
230 548
230 551
230 552
230 556
230 581
231 234
231 235
231 239
231 240
231 241
231 242
231 244
231 251
231 256
231 258
231 259
231 265
231 266
231 267
231 268
231 269
231 270
231 271
231 274
231 297
231 475
231 507
231 508
231 509
231 511
231 538
231 542
231 544
231 552
231 556
231 564
231 567
231 581
232 247
232 250
232 252
232 255
232 259
232 265
232 268
232 269
232 270
232 271
232 272
232 277
232 297
232 336
232 392
232 574
232 594
233 234
233 244
233 248
233 251
233 453
233 475
233 478
233 511
233 520
233 548
233 556
233 581
233 586
234 239
234 241
234 244
234 251
234 256
234 266
234 267
234 269
234 271
234 274
234 453
234 475
234 478
234 507
234 508
234 509
234 511
234 521
234 538
234 542
234 544
234 551
234 552
234 556
234 572
234 573
234 581
235 236
235 238
235 239
235 244
235 258
235 286
235 547
235 548
235 552
235 556
236 238
236 239
236 242
236 256
236 258
236 265
236 270
236 547
236 548
236 556
236 581
237 285
238 239
238 240
238 242
238 244
238 251
238 258
238 265
238 538
238 540
238 547
238 548
238 549
238 552
238 556
238 579
239 240
239 241
239 242
239 243
239 244
239 247
239 251
239 256
239 258
239 259
239 265
239 266
239 269
239 286
239 297
239 481
239 509
239 511
239 522
239 538
239 540
239 542
239 547
239 548
239 549
239 551
239 552
239 556
239 579
239 581
240 241
240 242
240 244
240 251
240 265
240 286
240 511
240 548
240 551
240 552
240 554
240 564
240 581
241 242
241 244
241 251
241 274
241 439
241 453
241 472
241 493
241 495
241 508
241 509
241 511
241 519
241 521
241 522
241 542
241 551
241 552
241 564
241 581
242 244
242 256
242 258
242 259
242 265
242 268
242 269
242 276
242 439
242 511
242 522
242 540
242 542
242 547
242 548
242 551
242 552
242 555
242 556
242 561
242 564
242 567
242 581
243 258
243 554
244 248
244 251
244 256
244 258
244 266
244 269
244 286
244 453
244 475
244 509
244 511
244 538
244 542
244 547
244 548
244 551
244 552
244 556
244 561
244 581
245 531
245 532
246 257
246 286
246 287
246 294
247 250
247 255
247 259
247 261
247 265
247 268
247 270
247 276
247 297
247 476
247 481
247 556
247 566
247 589
248 250
248 251
248 253
248 254
248 266
248 269
248 478
248 548
248 556
248 558
248 561
248 563
248 573
249 278
249 316
249 476
249 479
249 526
249 562
250 252
250 253
250 254
250 265
250 268
250 463
250 556
250 558
250 560
250 561
250 563
250 570
251 266
251 269
251 475
251 478
251 509
251 511
251 538
251 542
251 548
251 551
251 552
251 556
251 558
251 573
251 579
251 581
252 255
252 261
252 263
252 268
252 270
252 275
252 277
252 279
252 560
252 563
252 569
252 570
253 254
253 478
253 556
253 558
253 561
254 366
254 463
254 539
255 259
255 261
255 270
255 297
255 566
256 258
256 259
256 265
256 266
256 269
256 271
256 507
256 508
256 509
256 511
256 520
256 521
256 538
256 542
256 544
256 547
256 564
256 572
256 581
257 568
258 259
258 265
258 270
258 511
258 538
258 547
258 548
258 552
258 556
258 566
258 581
259 261
259 265
259 266
259 267
259 268
259 269
259 270
259 297
259 566
260 294
261 297
262 299
262 433
263 265
263 296
263 480
263 559
263 565
264 295
264 560
264 569
264 577
265 268
265 269
265 270
265 276
265 297
265 481
265 540
265 547
265 548
265 552
265 556
265 563
265 565
265 566
265 594
266 267
266 268
266 269
266 270
266 271
266 274
266 297
266 475
266 509
266 511
266 544
266 556
266 572
266 573
267 268
267 269
267 270
267 271
267 274
267 278
267 297
267 475
267 509
267 574
268 269
268 270
268 274
268 276
268 277
268 278
268 297
268 556
268 563
268 570
268 589
269 270
269 271
269 297
269 475
269 478
269 481
269 509
269 511
269 538
269 544
269 552
269 556
269 572
269 573
269 574
270 271
270 297
270 556
270 572
271 272
271 274
271 297
271 320
271 392
271 475
271 478
271 544
271 572
271 573
271 574
271 594
272 297
272 392
274 509
274 574
275 464
275 569
275 575
275 590
276 278
276 589
277 278
277 279
278 279
278 281
278 476
278 477
278 559
278 577
278 589
279 461
280 281
280 459
280 509
280 528
282 388
283 472
283 522
284 285
284 392
285 328
285 330
285 332
285 583
286 537
286 547
286 555
286 581
286 583
286 584
287 483
287 529
287 535
287 536
287 557
287 584
289 593
290 302
290 305
290 319
290 322
290 323
290 336
291 540
292 426
298 300
298 386
298 430
298 431
298 600
299 300
299 433
299 534
299 599
300 599
301 303
302 305
302 322
303 321
303 393
303 487
304 305
304 308
304 319
304 321
304 322
304 324
304 331
305 318
305 319
305 320
305 322
305 323
305 324
305 329
305 331
306 309
306 313
307 437
308 312
308 324
308 326
308 331
309 313
310 576
311 317
312 324
312 326
312 329
312 331
313 315
315 317
315 319
315 320
315 336
316 322
316 482
316 589
317 335
318 320
318 324
318 329
318 331
319 320
319 321
319 322
319 336
319 392
319 393
319 395
320 322
320 323
320 328
320 329
320 330
320 334
320 336
320 392
320 395
321 390
321 393
321 395
322 323
322 325
322 584
323 328
323 329
323 331
324 326
324 329
324 331
325 443
325 584
326 329
326 331
327 328
327 330
327 333
327 335
327 392
328 329
328 330
328 392
329 330
329 331
329 332
330 332
330 333
330 392
333 334
335 336
335 529
335 530
336 392
336 395
337 338
337 340
337 342
337 343
337 347
337 348
337 350
337 406
337 407
337 410
337 491
337 492
338 339
338 348
338 359
338 380
338 382
338 398
338 408
338 410
339 340
339 342
339 347
339 357
339 359
339 396
339 398
339 399
339 406
339 407
339 408
339 409
339 410
339 416
339 417
339 425
339 442
339 446
339 448
339 458
339 490
339 491
339 492
340 342
340 343
340 344
340 346
340 347
340 348
340 350
340 406
340 407
340 409
340 491
340 492
341 345
341 346
341 353
341 354
341 356
341 357
341 372
341 373
341 374
341 413
341 421
341 422
341 423
341 424
341 430
341 434
341 437
341 440
341 446
341 448
341 490
342 343
342 344
342 346
342 347
342 348
342 349
342 350
342 353
342 357
342 359
342 406
342 407
342 409
342 410
342 491
342 492
343 344
343 346
343 347
343 348
343 349
343 353
343 359
343 406
343 407
343 409
343 491
343 492
344 346
344 347
344 348
344 349
344 350
344 353
344 354
344 356
344 357
344 359
344 406
344 407
344 409
344 410
344 492
345 352
345 353
345 354
345 356
345 357
345 364
345 371
345 372
345 373
345 374
345 375
345 379
345 380
345 413
345 420
345 421
345 422
345 423
345 424
345 430
345 431
345 434
345 436
345 437
345 440
345 447
345 448
346 347
346 348
346 349
346 353
346 354
346 356
346 357
346 406
346 407
346 409
347 348
347 349
347 350
347 353
347 357
347 359
347 406
347 407
347 408
347 409
347 410
347 413
347 491
347 492
348 353
348 354
348 357
348 359
348 380
348 396
348 398
348 404
348 406
348 407
348 408
348 409
348 410
348 412
348 413
348 416
348 422
348 491
348 492
349 353
349 363
350 355
350 382
350 395
350 398
350 400
350 401
350 407
351 352
351 358
351 414
352 353
352 354
352 358
352 379
352 413
352 414
352 419
352 421
352 422
352 424
352 430
352 434
352 436
352 437
352 448
352 450
352 510
352 514
353 354
353 356
353 357
353 359
353 413
354 356
354 357
354 412
354 413
354 422
354 423
354 424
356 357
357 396
357 399
357 406
357 407
357 412
357 416
357 417
357 418
357 422
357 423
357 446
357 448
358 360
358 414
358 437
358 448
359 407
359 409
359 410
359 413
359 416
359 448
359 492
360 361
360 362
360 363
361 362
361 363
362 363
364 365
364 372
364 374
364 375
364 376
364 380
364 396
364 402
364 413
364 420
364 421
364 422
364 423
364 424
364 428
364 430
364 434
364 436
364 437
364 447
364 448
364 450
364 451
364 456
364 464
364 466
364 490
364 510
364 514
364 600
365 368
365 370
365 376
365 588
366 463
367 369
367 371
367 373
367 403
367 418
367 420
367 421
367 422
367 423
367 424
367 431
367 433
367 434
367 440
367 441
367 458
368 370
368 588
368 593
368 598
369 371
369 372
369 429
370 377
370 420
370 593
370 598
370 599
371 372
371 373
371 374
371 375
371 420
371 421
371 422
371 423
371 424
371 430
371 431
371 433
371 434
371 436
371 440
371 441
371 444
371 450
371 451
371 458
371 504
371 600
372 374
372 375
372 402
372 419
372 421
372 422
372 423
372 424
372 428
372 429
372 430
372 434
372 436
372 440
372 444
372 447
372 450
372 451
372 455
372 456
372 490
372 504
372 510
372 514
372 600
373 374
373 375
373 380
373 403
373 418
373 420
373 421
373 422
373 423
373 424
373 430
373 431
373 433
373 434
373 440
373 446
373 448
373 600
374 375
374 376
374 380
374 396
374 399
374 403
374 404
374 408
374 412
374 413
374 416
374 420
374 421
374 422
374 423
374 424
374 428
374 430
374 431
374 434
374 436
374 437
374 440
374 446
374 447
374 448
374 450
374 451
374 455
374 456
374 458
374 464
374 466
374 490
374 510
374 514
374 600
375 380
375 403
375 420
375 421
375 422
375 423
375 424
375 428
375 430
375 431
375 434
375 435
375 436
375 437
375 440
375 441
375 447
375 450
375 451
375 510
375 600
376 377
377 381
377 405
377 420
377 483
377 530
377 557
378 405
379 419
379 422
379 423
379 424
379 437
379 504
380 396
380 398
380 399
380 403
380 404
380 406
380 408
380 410
380 411
380 413
380 416
380 420
380 421
380 422
380 423
380 424
380 430
380 431
380 434
380 437
380 440
380 444
380 446
380 447
380 448
380 450
380 451
380 456
380 490
380 492
380 510
380 600
382 398
382 410
383 471
384 399
384 408
384 416
384 490
385 386
385 396
385 403
385 404
385 408
385 410
385 420
385 421
385 430
385 450
385 451
385 600
387 539
388 399
388 451
388 490
389 533
390 394
390 491
391 495
392 395
393 395
393 400
394 474
394 490
394 496
394 514
394 533
395 400
395 401
396 397
396 398
396 399
396 403
396 404
396 407
396 408
396 409
396 410
396 411
396 412
396 413
396 416
396 418
396 421
396 422
396 423
396 424
396 430
396 431
396 434
396 437
396 440
396 446
396 447
396 448
396 450
396 451
396 456
396 490
396 491
396 492
396 510
396 514
396 600
397 398
397 399
397 404
397 407
397 408
397 411
397 412
397 416
397 491
397 492
398 399
398 400
398 401
398 403
398 404
398 407
398 408
398 409
398 410
398 411
398 412
398 413
398 416
398 423
398 491
398 492
399 404
399 407
399 408
399 409
399 410
399 411
399 412
399 413
399 416
399 417
399 418
399 422
399 423
399 424
399 446
399 448
399 451
399 456
399 490
399 491
399 492
399 534
400 401
402 419
402 428
402 430
402 434
402 435
402 436
402 447
402 450
402 451
402 455
402 457
402 494
402 504
402 510
402 512
402 514
402 600
403 404
403 410
403 420
403 421
403 422
403 423
403 424
403 440
403 444
403 450
403 600
404 406
404 407
404 408
404 409
404 410
404 411
404 412
404 413
404 416
404 421
404 422
404 423
404 424
404 430
404 431
404 434
404 437
404 440
404 444
404 446
404 448
404 450
404 451
404 456
404 490
404 491
404 492
404 600
406 407
406 408
406 409
406 410
406 491
406 492
407 408
407 409
407 410
407 411
407 416
407 417
407 491
407 492
408 409
408 410
408 411
408 412
408 413
408 416
408 418
408 421
408 422
408 423
408 424
408 430
408 434
408 446
408 448
408 450
408 451
408 456
408 490
408 491
408 492
408 510
408 514
409 410
409 416
409 417
409 446
409 448
409 491
409 492
410 413
410 416
410 423
410 446
410 448
410 491
410 492
411 416
411 491
411 492
412 413
412 414
412 416
412 421
412 422
412 423
412 447
412 450
412 534
413 414
413 416
413 421
413 422
413 423
413 424
413 447
413 448
413 450
413 451
413 492
413 510
413 514
414 416
414 436
414 450
414 451
414 510
414 514
415 417
415 425
415 460
415 467
415 497
415 498
415 501
415 516
415 519
416 417
416 418
416 421
416 422
416 423
416 424
416 430
416 434
416 446
416 447
416 448
416 450
416 451
416 456
416 490
416 491
416 492
416 510
416 514
417 467
417 491
417 492
417 497
417 516
417 533
418 423
418 424
418 440
418 446
418 448
418 492
419 421
419 425
419 430
419 434
419 435
419 436
419 451
419 458
419 466
419 490
419 499
419 500
419 504
419 514
420 421
420 422
420 423
420 424
420 428
420 429
420 430
420 431
420 434
420 438
420 440
420 447
420 450
420 451
420 456
420 599
420 600
421 422
421 423
421 424
421 428
421 430
421 431
421 433
421 434
421 435
421 436
421 437
421 440
421 444
421 446
421 447
421 448
421 450
421 451
421 456
421 458
421 490
421 504
421 510
421 514
421 600
422 423
422 424
422 430
422 431
422 433
422 434
422 436
422 437
422 440
422 444
422 446
422 447
422 448
422 450
422 451
422 456
422 458
422 490
422 504
422 510
422 600
423 424
423 430
423 431
423 433
423 434
423 436
423 437
423 440
423 444
423 446
423 447
423 448
423 450
423 451
423 456
423 458
423 490
423 492
423 504
423 510
423 600
424 430
424 431
424 434
424 436
424 437
424 440
424 441
424 444
424 446
424 447
424 448
424 450
424 451
424 456
424 458
424 490
424 510
424 514
424 600
425 465
425 499
425 502
425 503
425 505
425 516
426 427
426 463
426 464
426 539
426 541
427 428
427 430
427 455
427 456
427 595
427 600
428 429
428 430
428 431
428 432
428 434
428 435
428 440
428 447
428 450
428 455
428 456
428 458
428 494
428 504
428 510
428 600
429 434
430 431
430 434
430 435
430 436
430 437
430 440
430 441
430 446
430 447
430 448
430 450
430 451
430 455
430 456
430 458
430 464
430 490
430 494
430 510
430 514
430 600
431 433
431 434
431 437
431 440
431 441
431 442
431 446
431 447
431 448
431 450
431 455
431 456
431 458
431 464
431 510
431 600
432 434
432 455
432 456
432 458
432 512
433 440
434 435
434 436
434 437
434 440
434 441
434 446
434 447
434 448
434 450
434 451
434 455
434 456
434 458
434 466
434 490
434 494
434 504
434 510
434 514
434 600
435 436
435 458
435 465
435 494
435 499
435 500
435 504
435 578
436 440
436 446
436 447
436 448
436 450
436 451
436 456
436 457
436 490
436 499
436 510
436 514
437 440
437 446
437 447
437 448
437 450
437 455
437 456
437 466
437 510
437 600
439 453
439 489
439 493
439 511
439 519
439 520
439 521
439 522
439 542
439 551
439 552
439 564
439 567
440 441
440 446
440 447
440 448
440 450
440 451
440 456
440 458
440 490
440 504
440 510
440 600
442 446
442 448
442 458
443 533
445 447
445 450
445 510
446 448
446 450
446 456
446 458
446 490
446 492
446 510
446 600
447 448
447 450
447 451
447 456
447 490
447 510
447 514
447 600
448 450
448 456
448 458
448 466
448 492
448 510
448 600
449 464
449 550
450 451
450 456
450 490
450 510
450 514
450 600
451 456
451 490
451 510
451 514
451 600
452 454
453 467
453 493
453 498
453 501
453 511
453 517
453 519
453 520
453 521
453 522
453 524
453 527
453 542
453 551
453 581
454 515
454 545
455 456
455 458
455 466
455 494
455 510
455 595
455 600
456 458
456 464
456 466
456 490
456 494
456 510
456 514
456 600
457 459
457 499
457 577
457 578
458 466
458 490
458 504
459 465
459 499
459 524
460 489
460 501
460 519
460 524
460 528
461 500
461 577
461 578
462 464
463 558
463 560
463 561
464 600
465 493
465 499
465 503
465 516
465 525
465 527
467 489
467 493
467 498
467 501
467 516
467 519
467 521
467 527
467 533
469 505
470 477
470 485
472 476
472 477
472 485
472 522
472 560
472 562
472 589
473 527
474 503
474 525
474 527
474 533
475 476
475 478
475 509
475 511
475 521
475 540
475 542
475 572
475 573
475 579
475 582
476 477
476 478
476 481
476 558
476 562
476 589
477 485
477 526
477 559
478 556
478 558
478 561
478 572
478 573
478 579
480 482
480 483
480 485
480 559
480 585
481 540
481 548
481 552
481 556
481 558
481 566
483 485
483 557
483 585
485 523
485 526
485 559
486 558
486 561
486 578
486 579
487 539
487 586
488 558
489 493
489 495
489 498
489 502
489 505
489 509
489 511
489 519
489 521
489 542
489 551
489 581
490 492
490 494
490 499
490 510
490 514
491 492
491 497
493 495
493 498
493 501
493 508
493 511
493 513
493 519
493 521
493 524
493 542
493 551
493 581
494 496
494 499
494 510
494 512
494 514
495 502
495 505
495 509
495 511
495 519
495 521
495 551
497 516
498 501
498 511
498 519
498 520
498 521
498 542
498 581
499 503
499 514
499 516
499 525
500 504
500 578
501 508
501 519
501 520
501 521
501 524
501 542
502 505
502 516
503 514
503 516
503 525
503 527
505 516
505 528
507 508
507 509
507 511
507 542
507 581
508 509
508 511
508 520
508 521
508 542
508 564
508 580
508 581
509 511
509 519
509 521
509 542
509 544
509 551
509 573
509 581
510 514
510 600
511 519
511 520
511 521
511 522
511 538
511 542
511 544
511 547
511 548
511 551
511 552
511 555
511 556
511 564
511 581
512 513
512 541
513 527
515 518
515 545
516 519
516 525
516 527
516 533
517 518
518 545
519 520
519 521
519 524
519 542
519 551
520 521
520 542
520 544
520 581
521 528
521 542
521 544
521 551
521 573
521 581
522 548
522 551
522 552
522 556
522 558
522 561
522 567
522 570
523 526
523 577
524 580
525 527
525 533
526 562
528 570
529 530
529 535
529 536
529 557
529 584
529 592
530 534
530 557
530 584
531 532
531 555
532 533
533 553
535 536
535 557
536 537
538 542
538 544
538 548
538 552
538 556
538 564
538 566
538 581
540 542
540 548
540 552
540 554
540 562
540 564
540 565
540 579
540 594
542 544
542 547
542 548
542 551
542 552
542 555
542 564
542 573
542 581
544 572
544 573
544 581
546 548
546 549
546 552
547 548
547 549
547 551
547 552
547 555
547 556
547 579
547 581
547 583
548 549
548 551
548 552
548 555
548 556
548 558
548 561
548 581
549 552
551 552
551 555
551 564
551 581
552 556
552 558
552 561
552 564
552 567
552 579
552 581
555 564
555 581
555 583
556 558
556 561
557 584
558 561
558 579
559 565
560 569
560 570
561 570
562 567
563 570
564 567
564 581
565 567
565 589
565 592
565 594
569 570
570 576
571 572
571 573
572 573
572 576
576 577
576 578
577 578
579 596
583 584
586 587
589 594
591 598
595 597
