600 5392

1 4
1 11
1 18
1 20
1 22
1 38
1 96
1 98
1 100
1 103
1 105
1 108
1 122
1 301
1 302
1 317
1 388
1 389
1 390
1 393
1 395
1 398
1 400
1 442
1 504
2 3
2 4
2 5
2 11
2 20
2 93
2 94
2 95
2 96
2 97
2 98
2 99
2 100
2 101
2 104
2 105
2 108
2 300
2 301
2 302
2 303
2 304
2 305
2 317
2 321
2 384
2 386
2 387
2 388
2 389
2 390
2 391
2 392
2 393
2 395
2 398
2 400
2 407
2 487
2 489
2 504
3 12
3 96
3 301
3 303
3 307
3 390
4 11
4 18
4 20
4 21
4 38
4 93
4 94
4 96
4 97
4 98
4 100
4 101
4 103
4 104
4 105
4 108
4 110
4 122
4 302
4 304
4 305
4 317
4 321
4 332
4 335
4 336
4 339
4 386
4 388
4 389
4 390
4 391
4 393
4 395
4 398
4 400
4 415
4 419
4 504
5 7
5 19
5 20
5 23
5 304
5 470
6 12
6 303
6 307
7 29
7 214
7 306
7 309
7 312
7 329
7 550
8 12
8 311
9 13
9 17
9 310
10 25
10 73
10 80
10 81
10 137
10 153
10 173
10 185
10 325
11 18
11 20
11 21
11 38
11 93
11 94
11 95
11 96
11 97
11 98
11 99
11 100
11 101
11 103
11 104
11 105
11 108
11 110
11 118
11 120
11 122
11 189
11 221
11 298
11 300
11 301
11 302
11 305
11 317
11 321
11 335
11 384
11 385
11 386
11 387
11 388
11 389
11 390
11 391
11 392
11 393
11 394
11 395
11 398
11 400
11 401
11 407
11 500
11 504
11 530
12 16
12 303
12 304
12 306
12 307
12 311
12 315
12 316
13 84
13 181
13 433
14 29
14 306
14 312
15 313
15 314
16 19
16 20
16 24
16 29
16 68
16 306
16 315
16 316
16 318
16 319
16 320
16 331
17 19
17 29
17 318
17 331
17 334
18 20
18 93
18 98
18 100
18 108
18 110
18 183
18 302
18 304
18 317
18 321
18 388
18 389
18 390
18 393
18 395
18 398
18 400
18 559
19 20
19 21
19 24
19 29
19 32
19 35
19 37
19 306
19 318
19 320
19 331
19 334
19 336
19 392
20 21
20 37
20 38
20 93
20 94
20 96
20 98
20 100
20 101
20 103
20 104
20 105
20 108
20 110
20 301
20 302
20 303
20 304
20 305
20 317
20 321
20 336
20 386
20 388
20 389
20 390
20 391
20 393
20 395
20 398
20 400
20 415
20 504
21 35
21 37
21 38
21 96
21 100
21 102
21 103
21 104
21 105
21 122
21 320
21 321
21 331
21 335
21 336
21 339
21 389
21 390
21 391
21 393
21 395
21 398
21 400
21 402
21 415
21 459
22 28
22 436
23 25
23 84
23 86
23 126
23 132
23 139
23 325
23 341
23 426
23 458
24 27
24 29
24 30
24 32
24 306
24 309
24 312
24 457
25 31
25 73
25 80
25 81
25 185
25 235
25 325
25 546
26 563
28 34
28 134
28 291
28 327
29 30
29 32
29 226
29 306
29 309
29 312
29 318
29 495
29 496
29 507
29 533
29 540
30 31
30 32
30 35
30 36
30 38
30 284
30 306
30 309
30 312
30 329
30 330
30 331
30 333
30 335
30 336
30 446
30 582
31 32
31 34
31 35
31 36
31 38
31 141
31 327
31 329
31 330
31 331
31 333
31 335
31 336
31 415
31 446
31 447
32 34
32 35
32 36
32 38
32 306
32 309
32 312
32 318
32 320
32 324
32 329
32 330
32 331
32 333
32 334
32 335
32 336
33 34
33 237
33 285
33 286
33 287
33 583
34 35
34 36
34 38
34 284
34 285
34 286
34 287
34 290
34 291
34 327
34 332
34 335
34 339
34 364
34 535
34 579
35 36
35 37
35 38
35 312
35 318
35 320
35 327
35 329
35 330
35 331
35 333
35 334
35 335
35 336
36 38
36 327
36 335
37 38
37 102
37 105
37 318
37 320
37 330
37 331
37 335
37 336
38 96
38 100
38 102
38 103
38 105
38 122
38 141
38 148
38 160
38 221
38 320
38 330
38 331
38 332
38 333
38 335
38 336
38 339
38 389
38 391
38 393
38 395
38 398
38 400
38 403
38 415
38 424
38 447
38 530
38 535
39 41
39 47
39 48
39 49
39 52
39 54
39 55
39 78
39 79
39 82
39 83
39 85
39 86
39 89
39 95
39 115
39 123
39 184
39 289
39 338
39 342
39 343
39 344
39 346
39 347
39 348
39 350
39 357
39 371
39 384
39 387
39 409
39 410
39 411
39 413
39 416
39 435
39 583
39 584
40 133
41 42
41 43
41 44
41 46
41 47
41 48
41 49
41 54
41 89
41 338
41 342
41 343
41 344
41 346
41 347
41 348
41 357
41 371
41 410
41 416
42 43
42 47
42 48
42 338
42 340
42 342
42 343
42 347
42 348
42 371
42 410
43 47
43 48
43 49
43 56
43 60
43 64
43 89
43 338
43 344
43 347
43 348
43 371
43 373
43 378
43 405
43 583
44 47
44 48
44 49
44 54
44 341
44 342
44 357
44 359
44 416
45 307
46 47
46 48
46 236
46 285
46 343
46 346
46 347
46 583
47 48
47 49
47 52
47 54
47 89
47 236
47 338
47 342
47 343
47 344
47 346
47 347
47 348
47 357
47 371
47 410
48 49
48 52
48 54
48 55
48 86
48 89
48 338
48 342
48 343
48 344
48 346
48 347
48 348
48 357
48 371
48 410
48 411
49 54
49 89
49 90
49 150
49 341
49 342
49 344
49 346
49 347
49 348
49 350
49 357
49 371
49 416
50 60
50 83
50 225
50 351
50 367
50 445
51 345
52 65
52 95
52 117
52 118
52 123
52 124
52 344
52 348
52 357
52 387
52 409
52 410
52 411
52 413
52 505
53 60
53 83
53 129
53 132
53 141
53 150
53 341
53 351
53 353
53 369
53 374
53 375
53 376
53 377
53 378
53 403
53 405
53 412
53 421
53 422
53 426
53 434
53 447
53 461
54 79
54 342
54 344
54 346
54 347
54 350
54 357
54 410
54 416
55 57
55 64
55 83
55 85
55 113
55 117
55 118
55 119
55 120
55 123
55 147
55 337
55 338
55 340
55 344
55 347
55 348
55 357
55 371
55 381
55 409
55 410
55 411
55 412
55 413
55 416
55 430
55 534
55 580
56 345
57 63
57 65
57 89
57 95
57 119
57 123
57 124
57 337
57 348
57 357
57 358
57 387
57 396
57 397
57 406
57 408
57 410
57 411
57 416
57 417
57 418
57 435
57 461
57 467
57 500
57 505
57 581
58 60
58 61
58 352
58 355
58 356
59 62
59 127
59 296
60 61
60 64
60 82
60 83
60 129
60 348
60 352
60 353
60 356
60 358
60 359
60 367
60 370
60 371
60 375
60 376
60 403
60 412
60 421
60 422
60 434
60 445
61 352
61 353
61 354
61 355
61 356
61 359
62 63
62 66
62 155
63 357
63 358
64 82
64 83
64 88
64 113
64 117
64 118
64 121
64 129
64 147
64 188
64 337
64 338
64 340
64 344
64 348
64 352
64 353
64 358
64 359
64 367
64 371
64 373
64 375
64 376
64 378
64 403
64 405
64 409
64 410
64 412
64 413
64 414
64 421
64 422
64 430
64 434
64 445
64 534
64 580
65 123
65 583
66 95
66 362
66 363
66 385
67 303
68 177
69 479
70 368
71 72
71 74
71 76
71 77
71 79
71 81
71 82
71 88
71 364
71 370
71 372
71 421
71 422
71 446
72 74
72 76
72 82
72 132
72 369
72 370
72 372
72 421
72 446
73 81
73 137
73 139
73 185
73 228
73 325
73 369
73 370
73 472
73 482
73 585
74 77
74 79
74 372
74 421
74 422
74 433
74 446
75 78
75 79
75 284
75 338
75 344
75 366
75 371
75 373
75 381
75 429
75 430
75 433
75 565
76 81
76 370
76 421
76 597
77 79
77 84
77 152
77 297
77 366
77 596
77 597
78 82
78 284
78 344
78 433
79 84
79 86
79 88
79 89
79 139
79 152
79 181
79 341
79 344
79 347
79 348
79 357
79 366
79 367
79 371
79 381
79 433
79 446
79 585
80 81
80 132
80 166
80 185
80 325
80 484
81 185
81 227
81 325
81 341
81 369
82 83
82 88
82 129
82 135
82 344
82 353
82 365
82 367
82 368
82 371
82 372
82 373
82 375
82 405
82 409
82 421
82 422
82 429
82 430
82 431
82 434
82 445
82 584
83 85
83 88
83 113
83 129
83 130
83 135
83 138
83 141
83 338
83 344
83 347
83 348
83 353
83 367
83 371
83 372
83 373
83 375
83 376
83 378
83 381
83 403
83 405
83 409
83 421
83 422
83 423
83 429
83 430
83 431
83 434
83 435
83 437
83 445
84 85
84 86
84 87
84 88
84 380
84 381
84 433
84 435
84 446
84 582
85 113
85 115
85 130
85 337
85 344
85 348
85 381
85 409
85 410
85 416
85 430
85 435
85 446
85 581
86 87
86 88
86 89
86 117
86 344
86 380
86 381
86 410
86 435
87 126
87 377
87 378
87 380
87 381
88 89
88 96
88 97
88 113
88 117
88 118
88 129
88 130
88 141
88 150
88 341
88 344
88 367
88 372
88 374
88 378
88 381
88 387
88 401
88 403
88 405
88 409
88 412
88 413
88 415
88 421
88 422
88 423
88 426
88 430
88 431
88 434
88 435
88 440
88 444
88 446
88 461
88 582
89 95
89 338
89 342
89 344
89 346
89 347
89 348
89 357
89 410
89 413
90 126
90 127
90 151
90 296
90 341
91 377
92 260
93 94
93 95
93 96
93 97
93 98
93 100
93 101
93 103
93 104
93 105
93 108
93 110
93 301
93 302
93 303
93 305
93 317
93 321
93 384
93 386
93 389
93 390
93 391
93 393
93 395
93 398
93 400
93 487
94 95
94 96
94 97
94 98
94 99
94 100
94 101
94 103
94 104
94 105
94 107
94 108
94 118
94 188
94 298
94 300
94 301
94 302
94 305
94 321
94 332
94 337
94 384
94 385
94 386
94 387
94 389
94 390
94 391
94 392
94 393
94 394
94 395
94 396
94 397
94 398
94 400
94 401
94 407
94 409
94 411
94 489
94 500
94 504
94 530
94 534
94 579
94 580
94 584
94 586
95 96
95 97
95 99
95 100
95 101
95 104
95 107
95 115
95 118
95 123
95 184
95 188
95 189
95 298
95 300
95 301
95 337
95 344
95 384
95 385
95 386
95 387
95 391
95 392
95 393
95 394
95 396
95 397
95 398
95 402
95 407
95 409
95 410
95 411
95 413
95 416
95 487
95 489
95 500
95 581
95 584
95 586
95 595
96 97
96 98
96 99
96 100
96 101
96 103
96 104
96 105
96 108
96 110
96 118
96 120
96 122
96 188
96 298
96 300
96 301
96 303
96 304
96 317
96 321
96 332
96 336
96 339
96 364
96 384
96 385
96 386
96 387
96 389
96 390
96 391
96 392
96 393
96 395
96 397
96 398
96 400
96 401
96 402
96 413
96 415
96 419
96 421
96 504
96 579
97 98
97 99
97 100
97 101
97 104
97 105
97 107
97 108
97 110
97 113
97 117
97 118
97 120
97 122
97 123
97 129
97 188
97 189
97 298
97 300
97 301
97 303
97 317
97 332
97 337
97 344
97 358
97 372
97 384
97 385
97 386
97 387
97 388
97 389
97 390
97 391
97 392
97 393
97 395
97 397
97 398
97 400
97 401
97 402
97 407
97 409
97 411
97 413
97 415
97 419
97 421
97 423
97 435
97 442
97 487
97 489
97 500
97 504
97 505
97 534
97 579
97 580
97 584
97 586
97 595
98 99
98 100
98 101
98 103
98 104
98 105
98 108
98 110
98 122
98 301
98 302
98 317
98 321
98 384
98 386
98 388
98 389
98 390
98 391
98 393
98 395
98 398
98 400
98 504
99 100
99 101
99 103
99 104
99 105
99 106
99 107
99 108
99 117
99 118
99 122
99 123
99 160
99 188
99 189
99 195
99 221
99 225
99 283
99 298
99 300
99 301
99 384
99 386
99 387
99 388
99 389
99 390
99 391
99 393
99 395
99 398
99 400
99 401
99 403
99 407
99 409
99 415
99 419
99 421
99 423
99 424
99 439
99 447
99 489
99 500
99 502
99 504
99 505
99 516
99 530
99 534
99 579
99 580
99 586
99 595
100 101
100 103
100 104
100 105
100 108
100 110
100 118
100 122
100 298
100 300
100 301
100 302
100 303
100 317
100 321
100 339
100 384
100 385
100 386
100 387
100 388
100 389
100 390
100 391
100 393
100 395
100 398
100 400
100 401
100 402
100 415
100 419
100 504
100 580
100 586
101 103
101 104
101 105
101 107
101 108
101 110
101 111
101 118
101 120
101 122
101 184
101 189
101 298
101 301
101 317
101 321
101 384
101 385
101 386
101 387
101 388
101 389
101 390
101 391
101 393
101 394
101 395
101 396
101 398
101 400
101 401
101 407
101 411
101 487
101 489
101 500
101 504
101 586
101 595
102 317
102 331
102 336
103 104
103 105
103 108
103 110
103 118
103 122
103 189
103 317
103 321
103 336
103 339
103 384
103 386
103 389
103 390
103 391
103 393
103 395
103 398
103 400
103 401
103 413
103 580
104 105
104 107
104 108
104 110
104 111
104 117
104 118
104 120
104 122
104 188
104 189
104 300
104 301
104 317
104 321
104 322
104 384
104 385
104 386
104 387
104 389
104 390
104 391
104 393
104 395
104 398
104 400
104 401
104 402
104 407
104 411
104 413
104 415
104 504
104 586
105 108
105 110
105 117
105 118
105 120
105 122
105 160
105 189
105 298
105 300
105 301
105 302
105 317
105 321
105 322
105 332
105 335
105 336
105 339
105 384
105 386
105 387
105 388
105 389
105 390
105 391
105 393
105 395
105 398
105 400
105 401
105 407
105 413
105 415
105 419
105 421
105 423
105 444
105 447
105 504
105 579
105 580
106 107
106 113
106 117
106 118
106 119
106 121
106 123
106 147
106 188
106 189
106 196
106 223
106 225
106 228
106 282
106 283
106 384
106 387
106 391
106 397
106 399
106 401
106 406
106 412
106 413
106 423
106 424
106 443
106 489
106 500
106 534
106 579
106 580
106 581
107 108
107 109
107 111
107 113
107 115
107 116
107 117
107 118
107 120
107 121
107 123
107 184
107 189
107 192
107 194
107 198
107 200
107 201
107 215
107 282
107 337
107 384
107 386
107 387
107 393
107 394
107 396
107 397
107 398
107 407
107 410
107 411
107 489
107 499
107 500
107 502
107 503
107 579
108 110
108 120
108 299
108 301
108 302
108 317
108 321
108 384
108 386
108 388
108 389
108 390
108 391
108 393
108 395
108 398
108 400
108 401
108 407
108 504
109 111
109 114
109 115
109 116
109 167
109 189
109 191
109 192
109 193
109 194
109 197
109 198
109 200
109 201
109 202
109 207
109 211
109 215
109 221
109 223
109 499
109 501
110 120
110 122
110 302
110 304
110 317
110 321
110 384
110 386
110 388
110 389
110 390
110 391
110 393
110 395
110 398
110 400
110 401
110 504
111 116
111 120
111 188
111 189
111 276
111 384
112 113
112 114
112 129
112 130
112 133
112 150
112 160
112 374
112 376
112 403
112 404
112 406
112 412
112 420
112 421
112 422
112 423
112 424
112 426
112 430
112 434
112 437
112 439
112 444
112 447
112 461
113 115
113 116
113 117
113 118
113 119
113 129
113 130
113 188
113 199
113 225
113 282
113 337
113 340
113 344
113 348
113 353
113 367
113 373
113 375
113 376
113 378
113 387
113 397
113 399
113 403
113 404
113 405
113 406
113 409
113 410
113 412
113 413
113 421
113 422
113 423
113 424
113 430
113 434
113 435
113 439
113 445
113 461
113 500
113 530
113 534
113 579
113 580
114 116
114 119
114 191
114 192
114 194
114 198
114 207
114 282
114 399
114 404
114 461
114 491
115 116
115 117
115 130
115 188
115 225
115 282
115 337
115 340
115 348
115 384
115 409
115 410
115 416
115 423
115 435
115 500
116 117
116 119
116 121
116 149
116 189
116 191
116 192
116 194
116 200
116 223
116 282
116 340
116 396
116 397
116 399
116 410
116 461
117 118
117 120
117 188
117 189
117 337
117 340
117 344
117 348
117 384
117 386
117 387
117 391
117 398
117 401
117 409
117 410
117 411
117 413
117 422
117 500
117 580
118 120
118 122
118 123
118 129
118 188
118 189
118 300
118 337
118 344
118 348
118 384
118 386
118 387
118 389
118 391
118 393
118 398
118 400
118 401
118 403
118 409
118 410
118 411
118 413
118 415
118 419
118 421
118 422
118 423
118 580
118 584
118 586
119 121
119 123
119 125
119 129
119 147
119 149
119 188
119 195
119 196
119 223
119 224
119 225
119 282
119 387
119 397
119 399
119 406
119 412
119 417
119 418
119 461
119 467
119 505
119 509
119 515
119 534
119 581
120 121
120 188
120 189
120 384
120 386
120 387
120 390
120 391
120 393
120 395
120 398
120 400
120 401
120 411
120 413
121 123
121 147
121 189
121 223
121 282
121 387
121 397
121 399
121 489
121 534
121 581
122 126
122 189
122 221
122 283
122 298
122 300
122 317
122 336
122 384
122 386
122 387
122 388
122 389
122 390
122 391
122 393
122 395
122 397
122 398
122 400
122 401
122 403
122 415
122 423
122 424
122 439
122 442
122 530
122 579
122 580
123 124
123 195
123 283
123 289
123 298
123 300
123 337
123 344
123 357
123 384
123 387
123 393
123 394
123 396
123 397
123 401
123 406
123 407
123 408
123 409
123 410
123 411
123 413
123 415
123 416
123 417
123 418
123 435
123 461
123 467
123 489
123 497
123 498
123 500
123 502
123 504
123 505
123 516
123 534
123 579
123 580
123 581
123 584
123 586
123 596
124 300
124 387
124 396
124 417
124 418
124 505
124 586
124 595
125 147
125 149
125 153
125 195
125 196
125 224
125 225
125 282
125 399
125 418
125 461
125 467
125 505
125 515
125 596
125 597
126 374
126 377
126 405
127 151
127 281
127 296
127 297
128 190
128 208
128 259
128 260
128 261
128 263
128 264
128 450
129 130
129 132
129 133
129 141
129 150
129 188
129 225
129 351
129 352
129 370
129 372
129 375
129 376
129 399
129 401
129 403
129 404
129 405
129 409
129 412
129 420
129 421
129 422
129 423
129 424
129 426
129 430
129 434
129 437
129 439
129 443
129 444
129 445
129 447
129 461
129 534
129 579
129 580
130 150
130 160
130 337
130 340
130 373
130 403
130 404
130 405
130 406
130 412
130 420
130 421
130 422
130 423
130 424
130 429
130 430
130 431
130 433
130 434
130 435
130 439
130 446
130 461
130 534
130 579
131 190
132 133
132 369
132 374
132 376
132 377
132 426
132 434
132 447
133 141
133 372
133 403
133 421
133 422
133 426
133 434
133 437
133 443
133 444
133 447
134 138
134 140
134 161
134 373
134 379
134 403
134 405
134 420
134 429
135 368
135 372
135 373
135 375
135 409
135 422
135 429
135 430
135 431
135 433
135 436
135 437
136 148
138 376
138 422
138 434
139 152
139 228
139 264
139 341
139 426
139 585
140 253
140 291
140 292
140 420
140 594
141 150
141 330
141 339
141 373
141 374
141 376
141 403
141 405
141 409
141 415
141 421
141 422
141 426
141 430
141 431
141 434
141 436
141 437
141 444
141 447
142 190
142 212
142 242
142 564
143 144
143 146
143 167
143 207
143 223
145 225
146 159
146 191
146 193
146 196
146 197
146 213
146 222
146 223
146 224
146 226
146 238
146 241
146 251
146 533
146 540
146 551
146 555
147 149
147 188
147 225
147 282
147 358
147 387
147 399
147 412
147 418
147 441
147 461
148 150
148 160
148 253
148 335
148 428
148 437
149 225
149 351
149 412
149 418
149 426
149 461
150 336
150 341
150 344
150 351
150 352
150 359
150 374
150 376
150 403
150 405
150 412
150 415
150 421
150 422
150 426
150 430
150 431
150 434
150 437
150 440
150 444
150 446
150 458
150 461
151 272
151 281
151 296
152 205
152 418
152 425
152 448
152 596
153 157
153 190
153 196
153 224
153 274
154 171
154 191
154 197
154 207
154 213
154 224
154 361
154 490
154 491
154 501
154 524
155 156
155 157
155 163
155 452
155 544
156 218
156 224
156 234
156 251
156 267
157 190
157 208
157 209
157 210
157 261
157 468
157 512
157 513
157 518
157 520
157 521
157 525
157 545
157 564
158 163
158 227
158 333
160 221
160 335
160 403
160 415
160 423
160 424
160 439
160 447
160 458
160 530
161 373
162 253
163 244
163 250
163 254
163 267
164 219
165 252
165 258
165 263
165 268
165 269
165 270
165 272
166 247
167 191
167 192
167 197
167 198
167 200
167 206
167 211
167 215
167 473
167 485
167 499
168 236
168 238
168 247
168 285
168 347
168 475
169 247
169 471
170 229
170 233
170 258
170 262
170 266
170 476
170 547
171 197
171 224
171 490
171 491
171 501
171 524
172 478
172 556
173 274
174 205
174 217
174 232
174 251
174 509
174 519
174 540
175 187
176 182
176 200
178 183
178 252
178 255
178 260
178 263
178 268
178 269
178 270
178 272
178 277
178 278
178 293
178 294
178 488
178 566
178 570
179 442
180 427
182 485
182 508
183 186
183 252
183 258
183 263
183 268
183 269
183 270
183 272
183 277
183 278
183 293
183 294
183 566
183 572
184 289
184 384
184 410
184 411
184 487
184 489
184 503
184 586
185 325
185 369
185 484
185 587
186 427
187 337
187 487
187 500
188 189
188 194
188 225
188 282
188 295
188 298
188 300
188 301
188 340
188 358
188 384
188 385
188 387
188 392
188 397
188 399
188 402
188 412
188 413
188 421
188 534
188 579
188 581
189 221
189 223
189 282
189 289
189 384
189 385
189 386
189 387
189 391
189 392
189 393
189 394
189 397
189 398
189 399
189 400
189 401
189 407
189 411
189 413
189 489
189 534
189 579
189 580
189 584
190 208
190 209
190 210
190 231
190 259
190 265
190 271
190 273
190 450
190 468
190 510
190 512
190 513
190 517
190 518
190 528
190 541
190 564
190 574
190 591
190 600
191 192
191 194
191 197
191 198
191 202
191 206
191 207
191 211
191 212
191 215
191 501
191 524
192 193
192 194
192 197
192 198
192 200
192 202
192 211
192 215
192 222
192 223
192 282
192 495
192 499
192 501
192 533
193 194
193 202
193 203
193 211
193 212
193 215
193 220
193 222
193 226
193 238
193 251
193 477
193 494
193 495
193 496
193 499
193 533
193 537
193 551
193 553
194 196
194 198
194 200
194 221
194 223
194 282
194 396
194 397
194 399
194 408
194 500
194 501
194 503
194 533
194 581
195 196
195 223
195 225
195 387
195 396
195 417
195 467
195 489
195 500
195 502
195 505
195 516
195 586
195 596
196 207
196 213
196 223
196 224
196 274
196 282
196 396
196 397
196 399
196 408
196 467
196 489
196 520
196 533
196 581
197 198
197 202
197 206
197 207
197 210
197 211
197 212
197 213
197 214
197 215
197 217
197 231
197 485
197 490
197 494
197 495
197 496
197 499
197 501
197 507
197 514
197 520
197 524
197 533
197 554
197 578
198 200
198 201
198 202
198 207
198 211
198 215
198 276
198 280
198 499
199 298
199 406
199 435
199 461
199 467
199 500
199 516
200 215
200 276
200 280
200 499
200 500
201 202
201 215
202 211
202 212
202 214
202 215
202 217
202 222
202 223
202 231
202 241
202 265
202 499
203 222
203 499
203 501
204 298
204 300
204 419
204 423
204 435
204 441
204 500
204 579
205 507
205 509
206 207
206 210
206 211
206 212
206 217
206 241
207 213
207 223
207 282
208 209
208 250
208 255
208 263
208 264
208 265
208 268
208 269
208 270
208 271
208 273
208 468
208 510
208 512
208 513
208 517
208 518
208 521
208 528
208 538
208 541
208 543
208 544
208 560
208 564
208 566
208 570
208 571
208 572
208 573
208 574
208 591
208 593
208 600
209 210
209 231
209 259
209 263
209 265
209 268
209 271
209 273
209 279
209 468
209 493
209 510
209 511
209 512
209 513
209 517
209 518
209 522
209 528
209 541
209 542
209 554
209 564
209 572
209 573
209 574
209 600
210 212
210 231
210 271
210 273
210 490
210 510
210 512
210 513
210 514
210 517
210 518
210 520
210 541
210 564
210 574
211 212
211 214
211 215
211 217
211 222
211 231
211 241
211 499
211 508
212 214
212 222
212 230
212 231
212 232
212 234
212 238
212 242
212 243
212 265
212 465
212 493
212 494
212 496
212 554
212 564
213 214
213 218
213 222
213 223
213 224
213 230
213 234
213 245
213 289
213 467
213 489
213 495
213 501
213 503
213 506
213 507
213 519
213 520
213 533
213 540
213 555
213 581
214 217
214 218
214 222
214 230
214 231
214 232
214 233
214 234
214 238
214 239
214 240
214 241
214 245
214 256
214 265
214 273
214 493
214 517
214 519
214 521
214 532
214 541
214 542
214 553
214 554
214 564
215 217
215 495
215 499
215 501
215 503
215 507
216 259
216 270
216 525
217 218
217 229
217 231
217 232
217 233
217 256
217 265
217 273
217 485
217 507
217 541
218 222
218 230
218 231
218 232
218 233
218 234
218 239
218 240
218 241
218 244
218 245
218 251
218 265
218 521
218 527
218 539
218 546
218 553
219 276
219 277
219 279
219 465
219 494
219 499
219 528
219 578
220 221
220 222
220 226
220 251
220 287
220 333
220 346
220 529
220 530
220 536
221 223
221 225
221 226
221 227
221 283
221 287
221 333
221 335
221 387
221 392
221 394
221 396
221 397
221 399
221 417
221 439
221 461
221 500
221 529
221 530
221 534
221 535
221 579
221 580
222 223
222 226
222 230
222 238
222 240
222 241
222 245
222 251
222 475
222 496
222 533
222 540
222 553
222 583
223 224
223 245
223 274
223 282
223 283
223 289
223 397
223 399
223 467
223 489
223 533
223 581
224 234
224 245
224 251
224 467
224 519
224 520
224 531
224 532
224 533
224 540
224 555
224 581
225 282
225 399
225 403
225 412
225 418
225 421
225 423
225 439
225 445
225 461
225 498
225 505
225 515
225 531
225 534
225 580
225 586
226 235
226 251
226 287
226 394
226 496
226 529
226 530
226 533
226 535
226 553
227 329
227 333
227 529
228 241
228 245
228 262
228 274
228 475
229 230
229 231
229 233
229 236
229 238
229 239
229 240
229 243
229 255
229 256
229 258
229 262
229 263
229 265
229 268
229 269
229 273
229 293
229 476
229 517
229 541
230 231
230 234
230 236
230 238
230 239
230 240
230 241
230 244
230 245
230 251
230 265
230 285
230 286
230 540
230 551
230 553
230 555
230 583
231 232
231 238
231 239
231 240
231 241
231 243
231 245
231 256
231 265
231 273
231 465
231 493
231 494
231 496
231 507
231 511
231 513
231 517
231 521
231 528
231 532
231 541
231 542
231 553
231 554
231 564
231 573
232 233
232 234
232 239
232 241
232 244
232 256
232 265
232 273
232 542
232 547
232 554
232 564
233 237
233 239
233 240
233 244
233 245
233 249
233 258
233 262
233 265
233 266
233 273
233 527
233 544
233 546
233 547
233 557
233 568
233 573
234 241
234 244
234 521
234 555
235 241
235 286
235 287
235 446
235 497
235 583
236 238
236 239
236 240
236 241
236 256
236 265
236 285
236 286
236 547
236 549
236 551
236 553
236 555
236 583
237 240
237 244
237 248
238 239
238 240
238 241
238 243
238 244
238 265
238 285
238 286
238 549
238 551
238 553
238 555
238 583
239 240
239 241
239 243
239 244
239 256
239 258
239 265
239 273
239 517
239 521
239 541
239 542
239 547
239 549
239 554
239 564
240 243
240 244
240 245
240 258
240 265
240 541
240 542
240 547
240 549
240 553
240 554
240 555
240 568
241 265
241 285
241 286
241 475
241 550
241 551
241 555
241 583
242 244
242 250
242 552
242 564
243 244
243 250
243 256
243 258
243 265
243 268
243 273
243 279
243 493
243 528
243 554
243 564
244 248
244 250
244 267
244 555
244 557
244 558
245 262
245 265
245 521
245 532
245 546
245 553
245 555
245 585
246 567
248 250
248 463
248 557
248 558
248 561
249 266
249 488
249 546
250 252
250 254
250 463
250 468
250 552
250 557
250 558
250 560
250 561
250 570
250 574
251 286
251 496
251 519
251 533
251 539
251 540
251 555
252 254
252 255
252 263
252 264
252 268
252 269
252 270
252 272
252 278
252 293
252 294
252 543
252 559
252 560
252 561
252 566
252 570
253 463
254 269
254 543
254 560
254 561
255 256
255 258
255 263
255 265
255 268
255 269
255 270
255 273
255 512
255 517
255 538
255 556
255 560
255 566
255 567
255 570
255 572
255 573
256 258
256 265
256 273
256 383
256 485
256 528
256 542
257 261
257 566
258 262
258 263
258 265
258 268
258 269
258 270
258 273
258 293
258 476
258 488
258 517
258 541
258 567
258 568
258 572
259 260
259 261
259 279
260 261
260 263
260 264
260 268
260 269
260 270
260 272
260 278
260 279
260 281
260 293
260 294
260 566
260 590
260 593
261 272
261 281
261 293
261 294
261 297
261 488
261 544
262 263
262 265
262 268
262 269
262 273
262 274
262 293
262 567
263 264
263 265
263 268
263 269
263 270
263 272
263 273
263 279
263 293
263 294
263 512
263 517
263 528
263 566
263 567
263 572
264 268
264 269
264 270
264 271
264 273
264 294
264 512
264 538
264 566
264 567
264 591
264 600
265 268
265 271
265 273
265 279
265 493
265 511
265 512
265 513
265 517
265 521
265 528
265 541
265 542
265 544
265 547
265 554
265 564
265 568
265 572
265 573
265 574
265 600
266 556
266 557
267 453
268 269
268 270
268 272
268 273
268 277
268 278
268 279
268 293
268 294
268 488
268 512
268 517
268 528
268 538
268 560
268 566
268 567
268 568
268 569
268 570
268 572
268 573
269 270
269 272
269 273
269 278
269 293
269 294
269 543
269 560
269 566
269 570
269 572
270 271
270 272
270 273
270 277
270 278
270 279
270 294
270 512
270 528
270 538
270 543
270 560
270 566
270 570
270 572
270 593
271 273
271 468
271 512
271 513
271 517
271 541
271 543
271 564
271 573
271 574
271 591
271 600
272 278
272 281
272 293
272 294
273 279
273 468
273 510
273 512
273 513
273 517
273 527
273 528
273 541
273 542
273 544
273 547
273 564
273 567
273 568
273 572
273 573
273 574
273 600
274 281
275 277
275 575
275 576
276 277
277 278
277 279
277 570
277 576
278 281
278 294
278 481
278 566
279 465
279 510
279 512
279 513
279 517
279 522
279 528
279 566
279 576
279 578
279 600
281 294
281 296
282 283
282 397
282 399
282 418
282 461
282 500
282 534
282 580
283 290
283 300
283 386
283 399
283 401
283 417
283 443
283 447
283 497
283 580
283 584
283 586
283 587
284 433
284 582
285 286
285 287
285 291
285 551
285 553
285 583
286 287
286 291
286 551
286 553
286 583
287 290
287 446
287 497
287 529
287 535
287 583
287 584
288 583
289 343
289 347
289 382
289 410
289 416
289 581
289 583
290 291
290 292
290 389
290 443
290 445
290 447
290 497
290 580
290 584
291 292
291 327
292 563
293 294
293 488
293 567
294 488
294 566
294 593
295 402
296 297
298 300
298 301
298 337
298 358
298 381
298 384
298 385
298 387
298 389
298 393
298 398
298 402
298 415
298 419
298 435
298 436
298 500
298 504
298 579
298 580
298 586
298 595
300 301
300 385
300 386
300 387
300 391
300 402
300 419
300 421
300 441
300 504
300 505
300 580
300 586
300 594
300 595
300 597
301 303
301 321
301 384
301 386
301 387
301 388
301 389
301 390
301 391
301 393
301 395
301 398
301 407
301 411
301 487
301 489
301 500
301 504
301 586
301 595
302 303
302 304
302 305
302 317
302 321
302 322
302 323
302 386
302 388
302 389
302 390
302 393
302 395
302 398
302 400
302 504
303 304
303 307
303 311
303 315
303 384
303 390
303 393
303 395
303 504
304 305
304 317
304 323
304 389
304 390
304 395
304 400
304 419
304 504
305 308
305 321
305 322
305 323
305 329
305 333
305 389
305 395
305 398
305 400
306 309
306 311
306 312
306 313
306 315
306 316
306 318
306 319
306 331
306 334
307 311
307 315
308 309
309 312
309 313
309 329
309 446
310 314
310 316
311 315
312 313
312 318
312 326
312 329
312 331
312 334
313 314
313 315
314 315
314 316
315 316
315 319
316 319
317 321
317 384
317 386
317 388
317 389
317 390
317 391
317 393
317 395
317 398
317 400
317 504
318 319
318 320
318 331
318 334
318 577
319 320
320 321
320 331
320 333
320 334
320 335
320 336
320 395
321 386
321 388
321 389
321 390
321 391
321 393
321 395
321 398
321 400
322 323
322 325
322 386
322 389
322 395
322 400
322 447
323 325
323 328
323 329
323 333
323 336
325 369
325 482
327 330
327 332
327 335
327 420
327 579
328 329
328 330
328 333
329 330
329 331
329 333
329 334
329 336
330 331
330 333
330 335
330 336
330 437
330 447
331 333
331 334
331 335
331 336
332 335
332 339
332 392
332 393
332 394
332 395
332 398
332 415
332 530
332 535
332 579
332 584
333 334
333 335
333 336
333 529
333 530
334 336
335 336
335 339
335 393
335 394
335 404
335 415
335 530
335 535
335 536
335 579
336 339
336 391
336 395
336 400
336 415
336 421
336 535
337 338
337 340
337 344
337 348
337 381
337 384
337 387
337 396
337 403
337 406
337 407
337 409
337 410
337 411
337 413
337 423
337 430
337 433
337 435
337 500
337 534
337 579
337 580
337 582
338 340
338 342
338 343
338 344
338 347
338 348
338 357
338 367
338 371
338 373
338 382
338 410
339 389
339 395
339 400
339 402
339 403
339 415
340 343
340 347
340 348
340 373
340 376
340 378
340 403
340 405
340 410
340 412
340 414
340 430
340 534
341 351
341 369
341 412
341 426
341 461
342 343
342 344
342 346
342 347
342 348
342 350
342 357
342 410
342 416
343 344
343 346
343 347
343 382
343 410
344 346
344 347
344 348
344 350
344 357
344 358
344 367
344 371
344 381
344 387
344 409
344 410
344 411
344 413
344 416
344 422
344 430
344 435
344 440
344 446
344 582
344 584
346 347
347 348
347 350
347 357
347 367
347 371
347 382
347 410
347 416
347 583
348 350
348 357
348 358
348 367
348 371
348 373
348 378
348 381
348 409
348 410
348 411
348 412
348 413
348 414
348 416
348 430
348 584
349 353
350 357
350 410
350 416
351 352
351 359
351 369
351 370
351 375
351 412
351 418
351 421
351 422
351 426
351 445
351 461
351 515
352 353
352 358
352 359
352 367
352 372
352 412
352 421
352 434
352 440
352 445
353 354
353 356
353 359
353 367
353 371
353 372
353 373
353 375
353 376
353 422
353 431
353 434
354 355
354 356
354 359
354 373
354 429
355 356
356 358
356 359
357 358
357 367
357 409
357 410
357 411
357 416
357 440
358 367
358 381
358 414
358 440
358 505
359 367
359 369
359 374
359 376
359 414
359 434
360 363
362 363
364 372
364 402
364 421
365 368
365 372
365 429
365 598
366 433
366 565
367 369
367 371
367 372
367 373
367 375
367 376
367 378
367 381
367 405
367 409
367 410
367 412
367 414
367 421
367 422
367 429
367 430
367 431
367 445
368 372
368 373
368 429
368 598
369 370
369 375
369 376
369 422
369 426
370 372
370 375
370 421
370 422
370 444
371 373
371 375
371 376
371 409
371 410
372 375
372 402
372 415
372 421
372 422
372 429
372 434
372 444
372 445
372 446
373 374
373 376
373 378
373 403
373 405
373 414
373 422
373 429
373 430
373 431
373 434
373 436
374 376
374 377
374 378
374 403
374 405
374 412
374 422
374 430
374 431
374 434
374 437
374 461
375 376
375 403
375 409
375 421
375 422
375 423
375 434
375 444
375 445
375 483
375 580
376 377
376 378
376 403
376 405
376 412
376 414
376 422
376 429
376 431
376 434
376 444
377 378
377 379
377 380
377 405
377 434
378 380
378 381
378 403
378 405
378 422
378 429
378 430
378 431
378 433
378 434
378 582
379 598
380 381
381 405
381 409
381 410
381 422
381 430
381 433
381 435
381 582
383 485
383 499
383 507
384 385
384 386
384 387
384 389
384 390
384 391
384 392
384 393
384 394
384 395
384 396
384 397
384 398
384 400
384 401
384 407
384 409
384 410
384 411
384 413
384 487
384 489
384 500
384 530
384 534
384 579
384 580
384 581
384 584
384 586
384 595
385 386
385 387
385 391
385 397
385 398
385 402
386 387
386 388
386 389
386 390
386 391
386 393
386 395
386 398
386 400
386 401
386 407
386 419
386 580
386 595
387 391
387 392
387 393
387 394
387 396
387 397
387 398
387 399
387 401
387 406
387 407
387 408
387 409
387 410
387 411
387 413
387 415
387 416
387 417
387 418
387 419
387 421
387 423
387 435
387 461
387 467
387 487
387 489
387 497
387 498
387 500
387 502
387 503
387 504
387 505
387 516
387 530
387 534
387 579
387 580
387 581
387 584
387 586
387 595
387 596
387 597
388 389
388 390
388 393
388 395
388 398
388 419
388 500
388 504
388 580
388 586
389 390
389 391
389 393
389 395
389 398
389 400
389 401
389 407
389 415
389 419
389 504
389 580
390 391
390 393
390 395
390 398
390 400
390 401
390 407
390 419
390 504
391 392
391 393
391 395
391 397
391 398
391 400
391 401
391 407
391 413
391 489
391 580
392 393
392 394
392 396
392 397
392 398
392 407
392 408
392 413
392 489
392 500
392 502
392 530
392 579
392 581
392 584
393 394
393 395
393 396
393 398
393 400
393 401
393 407
393 411
393 419
393 489
393 500
393 502
393 504
393 579
394 396
394 397
394 407
394 408
394 489
394 495
394 496
394 499
394 500
394 501
394 502
394 503
394 507
394 516
394 519
394 530
394 533
394 579
394 581
395 398
395 400
395 401
395 413
395 419
395 504
396 397
396 399
396 406
396 407
396 408
396 417
396 461
396 467
396 489
396 495
396 498
396 500
396 501
396 502
396 503
396 505
396 507
396 519
396 530
396 533
396 534
396 579
396 581
396 586
397 399
397 401
397 406
397 407
397 408
397 417
397 461
397 467
397 489
397 498
397 500
397 530
397 534
397 579
397 580
397 581
397 584
398 400
398 401
398 407
398 411
398 413
398 415
398 419
398 504
399 401
399 404
399 406
399 412
399 417
399 418
399 461
399 467
399 509
399 515
399 530
399 534
399 580
399 581
400 401
400 413
400 415
400 419
400 504
401 403
401 409
401 413
401 423
401 534
401 579
401 580
401 584
402 415
402 421
403 404
403 405
403 406
403 409
403 412
403 420
403 421
403 422
403 423
403 424
403 426
403 429
403 430
403 431
403 434
403 437
403 439
403 444
403 445
403 447
403 461
403 530
403 534
403 579
403 580
404 406
404 412
404 420
404 423
404 424
404 439
404 444
404 461
404 491
404 530
404 534
404 579
405 412
405 421
405 422
405 423
405 424
405 429
405 430
405 431
405 434
405 436
405 437
405 440
405 446
405 582
406 407
406 408
406 412
406 417
406 418
406 423
406 424
406 435
406 439
406 461
406 467
406 492
406 500
406 530
406 534
406 579
406 580
406 581
407 408
407 417
407 489
407 500
407 502
407 503
407 530
407 534
407 579
407 580
407 581
407 586
408 417
408 418
408 461
408 467
408 489
408 492
408 495
408 498
408 500
408 501
408 503
408 505
408 507
408 519
408 524
408 530
408 533
408 534
408 579
408 581
409 410
409 411
409 412
409 413
409 416
409 421
409 422
409 423
409 430
409 445
409 500
409 530
409 534
409 579
409 580
409 584
409 586
410 411
410 413
410 416
410 584
411 413
411 416
411 489
411 500
411 584
411 586
412 413
412 414
412 417
412 418
412 421
412 422
412 423
412 424
412 426
412 430
412 434
412 439
412 444
412 445
412 461
412 530
412 534
412 579
412 580
413 580
413 584
415 419
415 421
415 430
415 440
415 446
415 448
415 458
415 459
415 504
415 582
416 417
416 435
416 497
416 583
416 584
416 586
417 418
417 423
417 439
417 445
417 461
417 467
417 489
417 497
417 498
417 500
417 505
417 530
417 534
417 579
417 580
417 581
417 584
417 586
418 435
418 448
418 461
418 467
418 505
418 515
418 534
418 596
418 597
419 504
420 421
420 423
420 424
420 437
420 439
420 444
420 579
420 594
421 422
421 423
421 424
421 426
421 428
421 430
421 434
421 437
421 439
421 440
421 444
421 445
421 446
421 447
421 459
421 461
421 530
421 534
421 579
421 580
421 597
422 423
422 424
422 426
422 429
422 430
422 431
422 434
422 437
422 444
422 445
422 446
422 447
422 461
422 580
423 424
423 426
423 430
423 434
423 435
423 437
423 439
423 444
423 445
423 447
423 461
423 500
423 530
423 534
423 579
423 580
424 426
424 428
424 434
424 437
424 439
424 444
424 447
424 448
424 461
424 530
424 534
424 579
424 580
424 599
425 448
426 434
426 461
428 437
428 458
428 459
428 474
429 430
429 431
429 433
429 436
429 598
430 431
430 432
430 433
430 434
430 435
430 436
430 437
430 440
430 446
430 579
430 582
431 434
431 435
431 436
431 437
431 440
431 536
432 437
432 448
432 458
433 440
433 492
433 565
433 582
434 437
434 444
434 445
434 446
434 447
435 461
435 500
435 579
435 582
436 437
436 442
437 439
437 442
437 444
437 447
438 462
439 443
439 444
439 445
439 447
439 461
439 500
439 515
439 516
439 530
439 534
439 579
439 580
439 586
440 582
442 504
442 579
443 444
443 447
443 580
443 587
444 447
445 447
445 534
445 579
445 580
445 586
447 580
448 461
448 596
449 468
449 574
450 451
450 463
450 510
450 570
450 574
450 589
450 591
451 466
451 490
451 491
451 578
452 517
452 527
452 544
453 498
454 589
455 456
455 462
455 464
455 575
455 576
456 465
456 575
456 576
457 577
459 505
460 493
460 501
460 513
460 514
460 518
461 467
461 500
461 515
461 530
461 534
461 579
462 464
462 575
463 464
463 466
463 552
463 558
463 570
464 575
465 466
465 493
465 494
465 499
465 510
465 514
465 522
465 528
465 564
465 574
465 576
465 578
466 569
466 570
467 498
467 500
467 501
467 505
467 515
467 533
467 534
467 581
468 510
468 512
468 513
468 517
468 518
468 543
468 560
468 564
468 570
468 571
468 573
468 574
468 591
468 600
469 481
470 473
471 479
471 567
475 479
478 556
479 509
479 583
480 566
481 488
481 559
481 566
481 569
483 580
485 499
485 503
485 507
485 508
486 488
487 489
487 500
487 503
487 586
488 567
488 568
488 569
488 572
489 495
489 500
489 502
489 503
489 519
489 533
489 579
489 580
489 581
489 586
489 595
490 491
490 492
490 494
490 501
490 514
490 520
490 524
490 578
491 492
491 501
492 501
492 514
492 524
493 494
493 495
493 496
493 507
493 510
493 511
493 512
493 513
493 514
493 517
493 518
493 519
493 521
493 522
493 528
493 532
493 533
493 541
493 542
493 554
493 564
493 578
493 600
494 495
494 496
494 499
494 501
494 507
494 514
494 519
494 520
494 522
494 528
494 533
494 554
494 564
494 578
495 496
495 499
495 501
495 503
495 507
495 511
495 519
495 520
495 532
495 533
495 540
495 553
495 554
495 581
496 499
496 501
496 503
496 507
496 511
496 519
496 520
496 532
496 533
496 540
496 553
496 554
496 555
497 498
497 530
497 580
497 581
497 583
497 584
497 586
498 500
498 530
498 534
498 545
498 581
498 586
499 501
499 503
499 507
499 516
499 519
500 502
500 503
500 505
500 516
500 530
500 534
500 579
500 580
500 581
500 586
501 503
501 506
501 507
501 514
501 516
501 519
501 520
501 524
501 533
502 503
502 504
502 505
502 516
502 579
502 581
502 596
503 507
503 516
503 519
503 520
503 533
503 540
503 581
504 505
504 579
504 584
504 595
505 516
505 581
505 596
505 597
506 519
506 524
506 533
507 508
507 511
507 514
507 519
507 520
507 524
507 533
507 540
509 581
510 512
510 513
510 514
510 517
510 518
510 522
510 528
510 552
510 564
510 570
510 574
510 578
510 589
510 591
510 600
511 512
511 513
511 514
511 517
511 518
511 519
511 520
511 521
511 525
511 527
511 532
511 533
511 540
511 541
511 542
511 544
511 548
511 554
511 562
511 564
511 573
511 600
512 513
512 517
512 518
512 521
512 522
512 525
512 527
512 528
512 538
512 541
512 542
512 543
512 544
512 560
512 564
512 566
512 567
512 568
512 570
512 571
512 572
512 573
512 574
512 591
512 593
512 600
513 514
513 517
513 518
513 521
513 522
513 528
513 541
513 542
513 543
513 544
513 554
513 564
513 570
513 571
513 572
513 573
513 574
513 578
513 600
514 518
514 520
514 522
514 524
514 564
514 578
516 596
516 597
517 518
517 521
517 525
517 527
517 528
517 538
517 541
517 542
517 543
517 544
517 554
517 564
517 567
517 568
517 571
517 572
517 573
517 574
517 600
518 520
518 521
518 522
518 525
518 527
518 528
518 532
518 541
518 542
518 554
518 564
518 571
518 573
518 574
518 600
519 520
519 521
519 532
519 533
519 540
519 581
520 521
520 532
520 533
520 540
521 527
521 532
521 538
521 539
521 540
521 541
521 542
521 544
521 545
521 547
521 548
521 554
521 555
521 562
521 564
521 571
521 573
521 588
522 528
522 576
522 578
523 526
525 527
525 573
526 544
526 559
526 571
527 532
527 538
527 541
527 542
527 544
527 562
527 568
527 571
527 573
528 541
528 554
528 564
528 570
528 572
528 573
528 574
528 576
528 578
528 593
528 600
529 530
529 535
530 534
530 535
530 579
530 580
530 581
530 584
530 586
531 545
531 555
531 581
532 533
532 539
532 540
532 541
532 542
532 548
532 549
532 553
532 554
532 555
532 562
532 564
533 540
533 553
533 554
533 555
533 581
534 579
534 580
534 581
534 584
534 586
535 536
535 584
538 544
538 556
538 560
538 562
538 566
538 567
538 568
538 570
538 571
538 573
538 588
538 600
539 540
539 542
539 547
539 548
539 549
539 553
539 554
539 555
539 562
539 583
539 588
540 542
540 548
540 551
540 553
540 554
540 555
540 581
540 583
541 542
541 544
541 547
541 554
541 562
541 564
541 567
541 568
541 571
541 572
541 573
541 574
541 588
541 600
542 544
542 547
542 548
542 549
542 553
542 554
542 555
542 562
542 564
542 568
542 571
542 573
542 588
542 600
543 544
543 560
543 570
543 571
543 573
543 574
544 545
544 547
544 559
544 560
544 561
544 562
544 567
544 568
544 571
544 572
544 573
545 562
545 571
546 547
546 557
547 549
547 554
547 556
547 562
547 568
547 573
548 549
548 550
548 554
548 562
549 550
549 553
549 554
549 555
549 568
549 583
550 554
551 553
551 555
552 558
553 554
553 555
553 583
554 555
554 564
554 600
555 583
556 557
556 568
557 558
557 560
557 561
558 561
559 560
559 571
560 561
560 570
560 571
560 572
560 573
560 574
560 591
562 568
562 571
562 573
562 588
564 573
564 574
564 600
565 575
565 590
565 592
566 570
566 593
566 600
568 569
568 571
568 572
568 573
569 572
570 572
570 573
570 574
570 591
570 593
571 572
571 573
571 574
571 588
572 573
572 576
573 574
573 588
573 600
574 578
574 591
574 600
575 576
575 592
576 577
576 578
578 590
578 600
579 580
579 581
579 584
579 586
580 584
580 586
581 583
581 584
581 597
583 584
584 586
590 592
591 593
591 600
593 600
594 595
596 597
