600 5391

1 291
1 530
1 583
1 584
1 586
2 3
2 5
2 8
2 11
2 12
2 20
2 39
2 59
2 60
2 62
2 66
2 67
2 93
2 94
2 97
2 98
2 112
2 117
2 301
2 303
2 323
2 327
2 332
2 352
2 363
2 385
2 386
2 387
2 487
2 579
2 584
3 4
3 5
3 6
3 7
3 8
3 11
3 12
3 16
3 18
3 19
3 42
3 47
3 53
3 54
3 56
3 60
3 66
3 67
3 93
3 94
3 184
3 302
3 303
3 304
3 305
3 311
3 317
3 321
3 322
3 324
3 325
3 327
3 344
3 346
3 352
3 353
3 359
3 362
3 363
3 385
3 389
3 390
3 414
3 487
4 5
4 12
4 18
4 19
4 20
4 22
4 24
4 25
4 41
4 42
4 54
4 56
4 60
4 66
4 94
4 98
4 142
4 302
4 304
4 305
4 317
4 320
4 321
4 322
4 323
4 324
4 325
4 327
4 328
4 332
4 335
4 385
4 389
4 390
4 487
4 583
4 586
5 6
5 7
5 8
5 11
5 12
5 18
5 19
5 20
5 41
5 42
5 45
5 47
5 51
5 53
5 54
5 56
5 59
5 60
5 66
5 67
5 74
5 94
5 98
5 116
5 302
5 303
5 304
5 305
5 311
5 317
5 320
5 321
5 322
5 323
5 324
5 325
5 327
5 328
5 332
5 333
5 344
5 345
5 346
5 349
5 351
5 352
5 353
5 359
5 362
5 363
5 385
5 386
5 389
5 414
5 447
5 487
5 579
5 583
5 584
5 586
6 7
6 8
6 11
6 12
6 16
6 18
6 19
6 60
6 66
6 67
6 93
6 94
6 302
6 303
6 304
6 311
6 317
6 319
6 320
6 325
6 329
6 389
6 414
6 487
7 10
7 16
7 19
7 303
7 304
7 317
7 388
7 389
8 11
8 12
8 18
8 60
8 66
8 67
8 93
8 94
8 98
8 110
8 311
8 317
8 320
8 352
8 353
8 362
8 363
8 385
8 389
8 487
9 13
9 15
9 175
9 177
9 179
9 180
9 218
9 314
9 315
9 316
10 308
11 12
11 18
11 47
11 55
11 59
11 60
11 62
11 66
11 67
11 93
11 94
11 97
11 98
11 302
11 303
11 311
11 323
11 327
11 328
11 332
11 352
11 384
11 385
11 386
11 487
11 579
11 580
11 584
12 16
12 18
12 19
12 60
12 66
12 67
12 93
12 94
12 302
12 303
12 304
12 311
12 317
12 321
12 322
12 323
12 324
12 325
12 327
12 385
12 388
12 389
12 390
12 416
12 487
13 15
13 17
13 175
13 177
13 315
13 316
13 459
14 17
14 19
14 27
14 29
14 30
14 312
14 318
14 319
14 326
14 329
15 218
15 314
15 315
15 316
15 559
15 562
16 19
16 303
16 304
16 315
16 317
16 319
16 321
16 388
16 389
16 414
17 19
17 27
17 29
17 50
17 235
17 312
17 318
17 319
17 320
17 326
17 329
17 331
17 355
18 42
18 47
18 53
18 60
18 66
18 94
18 98
18 302
18 305
18 311
18 320
18 322
18 324
18 325
18 327
18 332
18 389
18 487
19 27
19 29
19 50
19 60
19 235
19 304
19 312
19 315
19 317
19 318
19 319
19 320
19 321
19 329
19 355
19 388
19 389
19 390
19 395
19 414
20 21
20 22
20 24
20 25
20 41
20 42
20 45
20 48
20 59
20 60
20 98
20 286
20 321
20 332
20 389
20 390
20 579
20 584
21 52
21 100
21 101
21 120
21 124
21 221
21 223
21 321
21 389
21 390
21 391
21 395
21 401
21 417
21 534
22 23
22 24
22 25
22 38
22 98
22 287
22 322
22 335
23 25
23 28
23 31
23 33
23 35
23 36
23 37
23 38
23 287
24 42
24 98
24 117
24 305
24 323
24 324
24 327
24 332
25 28
25 59
25 97
25 98
25 287
25 323
25 327
25 328
25 332
25 335
25 386
25 579
25 580
26 28
26 38
27 29
27 30
27 32
27 58
27 142
27 312
27 319
27 320
27 329
27 331
27 355
27 443
28 31
28 33
28 36
28 37
28 38
28 287
29 30
29 312
29 318
29 319
29 326
29 329
30 32
30 312
30 329
30 331
31 33
31 36
31 37
31 330
32 35
32 320
32 329
32 331
32 333
32 443
33 35
33 36
33 37
33 38
33 286
33 287
34 335
35 36
35 37
35 38
35 331
35 333
35 334
35 335
36 37
36 38
36 287
36 335
37 38
37 221
37 287
38 221
38 286
38 287
38 335
38 336
39 41
39 44
39 45
39 46
39 51
39 69
39 71
39 73
39 75
39 76
39 77
39 79
39 82
39 83
39 88
39 89
39 97
39 113
39 115
39 117
39 118
39 129
39 130
39 258
39 297
39 298
39 300
39 301
39 332
39 337
39 338
39 345
39 347
39 351
39 364
39 365
39 367
39 370
39 371
39 372
39 373
39 375
39 376
39 377
39 378
39 380
39 381
39 386
39 387
39 403
39 405
39 406
39 420
39 421
39 422
39 444
39 502
39 538
39 557
39 579
39 584
39 588
39 592
39 593
39 594
39 596
39 598
39 599
40 44
40 51
40 60
40 61
40 66
40 67
40 72
40 74
40 142
40 201
40 345
40 349
40 351
40 353
40 354
40 362
40 368
40 369
40 447
40 458
40 595
40 597
41 42
41 45
41 48
41 51
41 54
41 56
41 59
41 60
41 66
41 67
41 89
41 302
41 305
41 325
41 343
41 345
41 346
41 347
41 351
41 353
41 363
41 386
41 584
42 45
42 46
42 47
42 56
42 60
42 66
42 67
42 116
42 117
42 302
42 303
42 304
42 305
42 321
42 322
42 323
42 324
42 325
42 327
42 332
42 340
42 344
42 351
42 414
42 584
42 586
43 58
43 61
43 64
43 121
43 146
43 147
43 348
43 443
43 445
44 51
44 63
44 71
44 72
44 73
44 74
44 75
44 76
44 78
44 82
44 83
44 85
44 89
44 129
44 144
44 149
44 201
44 298
44 300
44 338
44 341
44 345
44 347
44 351
44 353
44 354
44 364
44 365
44 367
44 368
44 369
44 371
44 372
44 381
44 382
44 444
44 447
44 595
44 598
44 599
44 600
45 46
45 47
45 54
45 56
45 59
45 60
45 66
45 67
45 99
45 116
45 310
45 324
45 325
45 345
45 351
45 363
45 547
45 584
45 586
46 47
46 89
46 97
46 116
46 117
46 258
47 51
47 53
47 54
47 56
47 59
47 60
47 66
47 67
47 74
47 76
47 82
47 97
47 98
47 99
47 115
47 116
47 117
47 118
47 262
47 299
47 302
47 305
47 324
47 325
47 327
47 332
47 340
47 344
47 345
47 351
47 352
47 387
47 447
47 547
47 579
48 54
48 58
48 60
49 120
49 151
49 448
50 53
50 54
50 58
50 59
50 60
50 61
50 64
50 66
50 67
50 142
50 145
50 329
50 348
50 349
50 353
50 354
50 355
50 359
50 362
50 363
50 413
50 414
50 445
51 54
51 59
51 60
51 61
51 62
51 63
51 64
51 66
51 67
51 71
51 72
51 74
51 75
51 77
51 78
51 79
51 82
51 83
51 89
51 91
51 96
51 97
51 98
51 99
51 113
51 115
51 129
51 130
51 258
51 295
51 298
51 300
51 337
51 338
51 341
51 342
51 343
51 344
51 345
51 346
51 347
51 349
51 351
51 352
51 353
51 354
51 358
51 359
51 362
51 363
51 364
51 365
51 367
51 369
51 371
51 372
51 377
51 378
51 381
51 382
51 386
51 421
51 447
51 450
51 538
51 539
51 579
51 592
51 594
51 595
51 596
51 598
51 599
52 57
52 65
52 101
52 107
52 119
52 120
52 121
52 122
52 123
52 124
52 125
52 145
52 147
52 150
52 223
52 224
52 225
52 350
52 357
52 395
52 401
52 413
52 416
52 417
52 418
52 437
52 446
52 448
52 534
53 54
53 55
53 56
53 58
53 59
53 60
53 64
53 66
53 116
53 142
53 302
53 305
53 324
53 327
53 329
53 344
53 348
53 389
53 414
53 487
54 56
54 59
54 60
54 61
54 64
54 66
54 67
54 91
54 142
54 302
54 304
54 305
54 317
54 322
54 344
54 345
54 346
54 349
54 351
54 353
54 354
54 355
54 359
54 362
54 363
54 414
54 447
55 59
55 60
55 62
55 64
55 96
55 98
55 114
55 116
55 118
55 147
55 191
55 348
55 350
55 396
55 402
55 579
55 580
56 59
56 60
56 66
56 67
56 116
56 297
56 302
56 303
56 304
56 305
56 317
56 320
56 321
56 322
56 323
56 324
56 327
56 345
56 349
56 351
56 353
56 359
56 361
56 362
56 363
56 369
56 414
56 447
56 583
56 584
56 586
57 65
57 121
57 122
57 123
57 124
57 125
57 147
57 350
57 357
57 416
57 417
57 418
57 446
57 448
58 61
58 64
58 120
58 121
58 142
58 145
58 146
58 329
58 348
58 355
58 413
58 445
59 60
59 61
59 62
59 63
59 64
59 66
59 67
59 74
59 89
59 96
59 97
59 98
59 99
59 295
59 298
59 299
59 303
59 320
59 327
59 328
59 332
59 344
59 345
59 346
59 347
59 348
59 349
59 351
59 352
59 353
59 354
59 358
59 359
59 361
59 362
59 363
59 385
59 386
59 387
59 414
59 445
59 447
59 579
59 583
59 584
59 595
60 61
60 62
60 64
60 66
60 67
60 72
60 74
60 77
60 91
60 97
60 98
60 99
60 116
60 142
60 299
60 302
60 303
60 304
60 305
60 317
60 320
60 321
60 322
60 323
60 324
60 325
60 327
60 328
60 329
60 332
60 340
60 344
60 345
60 346
60 347
60 348
60 349
60 351
60 352
60 353
60 354
60 358
60 359
60 361
60 362
60 363
60 369
60 385
60 386
60 387
60 389
60 414
60 447
60 487
60 579
60 583
60 584
60 586
61 64
61 66
61 67
61 91
61 142
61 346
61 349
61 353
61 354
61 355
61 356
61 358
61 359
61 362
61 363
61 382
61 445
62 63
62 64
62 66
62 67
62 89
62 96
62 97
62 99
62 116
62 258
62 298
62 340
62 344
62 345
62 348
62 351
62 352
62 353
62 363
62 367
62 387
62 579
62 580
63 64
63 89
63 96
63 129
63 147
63 295
63 298
63 341
63 358
63 387
63 402
63 424
63 440
63 445
63 450
63 595
64 66
64 67
64 121
64 147
64 320
64 328
64 344
64 348
64 353
64 354
64 358
64 359
64 361
64 363
64 413
64 414
64 445
65 125
65 150
65 350
65 356
65 357
65 358
65 402
65 416
65 448
65 580
66 67
66 74
66 97
66 98
66 116
66 302
66 303
66 304
66 305
66 320
66 324
66 325
66 327
66 332
66 344
66 345
66 346
66 349
66 351
66 352
66 353
66 354
66 359
66 362
66 363
66 414
66 447
66 487
67 72
67 74
67 89
67 91
67 96
67 97
67 98
67 302
67 303
67 304
67 311
67 317
67 327
67 328
67 332
67 345
67 346
67 347
67 349
67 351
67 352
67 353
67 354
67 358
67 359
67 362
67 363
67 385
67 386
67 414
67 447
67 487
67 579
67 584
68 70
68 71
68 73
68 75
68 76
68 78
68 79
68 82
68 127
68 129
68 297
68 337
68 364
68 365
68 367
68 370
68 371
68 372
68 373
68 375
68 376
68 403
68 404
68 405
68 406
68 419
68 422
68 423
68 424
68 434
68 491
68 504
68 588
68 597
68 600
69 70
69 71
69 75
69 76
69 77
69 81
69 82
69 83
69 129
69 130
69 337
69 338
69 364
69 365
69 366
69 367
69 368
69 370
69 371
69 372
69 373
69 374
69 375
69 376
69 377
69 378
69 380
69 381
69 403
69 405
69 420
69 421
69 422
69 434
69 502
69 538
69 539
69 540
69 541
69 542
69 581
69 588
69 591
69 592
69 593
69 594
69 596
69 598
69 599
69 600
70 71
70 72
70 73
70 74
70 75
70 76
70 77
70 78
70 79
70 82
70 96
70 99
70 128
70 129
70 131
70 298
70 300
70 338
70 347
70 364
70 365
70 367
70 368
70 369
70 370
70 371
70 372
70 373
70 375
70 376
70 377
70 378
70 387
70 403
70 405
70 406
70 421
70 422
70 423
70 434
70 450
70 451
70 538
70 539
70 588
70 591
70 592
70 593
70 594
70 595
70 596
70 598
70 599
70 600
71 72
71 73
71 74
71 75
71 76
71 77
71 78
71 82
71 83
71 85
71 88
71 89
71 97
71 98
71 99
71 112
71 113
71 115
71 129
71 130
71 262
71 295
71 297
71 298
71 299
71 300
71 301
71 337
71 338
71 342
71 345
71 347
71 351
71 364
71 365
71 367
71 368
71 369
71 370
71 371
71 372
71 373
71 375
71 376
71 377
71 378
71 381
71 386
71 387
71 402
71 403
71 405
71 406
71 407
71 420
71 421
71 422
71 423
71 434
71 450
71 538
71 539
71 540
71 542
71 579
71 581
71 588
71 591
71 592
71 593
71 594
71 595
71 596
71 598
71 599
71 600
72 73
72 74
72 75
72 76
72 77
72 78
72 82
72 97
72 98
72 128
72 129
72 149
72 295
72 297
72 298
72 300
72 338
72 342
72 343
72 345
72 346
72 347
72 351
72 353
72 363
72 364
72 365
72 367
72 368
72 369
72 370
72 371
72 372
72 373
72 375
72 376
72 377
72 382
72 386
72 403
72 405
72 407
72 422
72 447
72 450
72 451
72 491
72 539
72 588
72 594
72 595
72 597
72 598
72 599
72 600
73 75
73 76
73 77
73 79
73 83
73 88
73 113
73 129
73 130
73 298
73 300
73 337
73 338
73 364
73 365
73 367
73 370
73 371
73 372
73 373
73 375
73 376
73 377
73 378
73 380
73 381
73 403
73 405
73 406
73 422
73 434
73 444
73 450
73 588
73 594
73 595
73 596
73 598
73 599
73 600
74 75
74 76
74 77
74 78
74 82
74 89
74 96
74 97
74 98
74 112
74 115
74 127
74 129
74 295
74 298
74 300
74 324
74 327
74 332
74 338
74 342
74 345
74 346
74 347
74 349
74 351
74 352
74 353
74 354
74 362
74 363
74 365
74 367
74 368
74 369
74 371
74 372
74 375
74 382
74 386
74 405
74 421
74 422
74 447
74 450
74 451
74 487
74 539
74 594
74 595
74 596
74 598
74 599
74 600
75 76
75 77
75 78
75 79
75 81
75 82
75 83
75 85
75 86
75 88
75 89
75 97
75 113
75 115
75 127
75 129
75 130
75 144
75 201
75 285
75 297
75 298
75 300
75 301
75 337
75 338
75 345
75 351
75 364
75 365
75 367
75 370
75 371
75 372
75 373
75 375
75 376
75 377
75 378
75 379
75 380
75 381
75 403
75 405
75 406
75 421
75 422
75 423
75 434
75 444
75 447
75 538
75 588
75 591
75 592
75 593
75 594
75 596
75 598
75 599
75 600
76 77
76 78
76 82
76 83
76 97
76 113
76 115
76 117
76 118
76 127
76 129
76 294
76 297
76 298
76 300
76 301
76 332
76 337
76 338
76 351
76 364
76 365
76 367
76 368
76 369
76 370
76 371
76 372
76 373
76 375
76 376
76 377
76 378
76 381
76 386
76 387
76 403
76 405
76 406
76 407
76 420
76 421
76 422
76 423
76 434
76 450
76 491
76 502
76 538
76 539
76 588
76 594
76 596
76 597
76 598
76 599
76 600
77 78
77 79
77 82
77 83
77 89
77 97
77 99
77 113
77 115
77 118
77 127
77 129
77 262
77 297
77 298
77 300
77 337
77 338
77 342
77 343
77 345
77 346
77 347
77 351
77 352
77 353
77 363
77 364
77 365
77 367
77 368
77 369
77 370
77 371
77 372
77 373
77 375
77 376
77 377
77 378
77 387
77 403
77 405
77 406
77 407
77 420
77 421
77 422
77 423
77 450
77 538
77 539
77 579
77 588
77 591
77 592
77 594
77 595
77 596
77 597
77 598
77 599
77 600
78 82
78 86
78 127
78 129
78 131
78 144
78 201
78 285
78 298
78 300
78 337
78 351
78 364
78 365
78 369
78 370
78 371
78 372
78 373
78 375
78 376
78 377
78 403
78 404
78 405
78 421
78 422
78 423
78 434
78 447
78 450
78 451
78 539
78 588
78 592
78 594
78 596
78 598
78 599
78 600
79 82
79 83
79 86
79 88
79 89
79 113
79 129
79 130
79 337
79 338
79 364
79 367
79 371
79 373
79 376
79 377
79 378
79 380
79 381
79 403
79 405
79 423
79 424
79 434
80 419
80 453
80 454
80 527
81 83
81 85
81 126
81 130
81 137
81 138
81 182
81 183
81 255
81 257
81 277
81 338
81 341
81 365
81 374
81 376
81 377
81 380
81 381
81 421
81 431
81 434
81 557
81 592
82 83
82 86
82 89
82 97
82 112
82 113
82 115
82 116
82 117
82 118
82 127
82 129
82 131
82 201
82 285
82 297
82 298
82 300
82 337
82 338
82 351
82 364
82 365
82 367
82 369
82 370
82 371
82 372
82 373
82 374
82 375
82 376
82 377
82 378
82 380
82 381
82 387
82 403
82 404
82 405
82 406
82 420
82 421
82 422
82 423
82 434
82 450
82 502
82 538
82 539
82 588
82 591
82 592
82 593
82 594
82 596
82 597
82 598
82 599
82 600
83 85
83 86
83 88
83 89
83 113
83 115
83 129
83 130
83 298
83 337
83 338
83 364
83 365
83 367
83 370
83 371
83 372
83 373
83 374
83 375
83 376
83 377
83 378
83 380
83 381
83 403
83 405
83 406
83 420
83 421
83 422
83 434
83 502
83 556
83 557
83 592
83 593
83 594
83 596
83 598
83 599
84 288
84 375
85 88
85 89
85 129
85 130
85 183
85 380
85 381
86 87
86 88
86 89
86 112
86 118
86 129
86 130
86 131
86 182
86 380
86 381
86 403
86 405
86 422
86 423
86 424
86 434
87 114
87 118
87 131
87 373
87 403
87 419
87 423
87 434
88 89
88 97
88 112
88 113
88 115
88 117
88 118
88 129
88 130
88 258
88 296
88 297
88 298
88 301
88 337
88 338
88 364
88 367
88 370
88 371
88 376
88 377
88 378
88 380
88 381
88 403
88 405
88 406
88 422
88 592
88 593
88 594
88 596
88 598
88 599
89 96
89 97
89 98
89 113
89 117
89 129
89 130
89 258
89 285
89 298
89 332
89 337
89 338
89 341
89 342
89 343
89 345
89 347
89 351
89 363
89 365
89 367
89 371
89 372
89 376
89 377
89 380
89 381
89 382
89 386
89 387
89 405
89 421
89 422
89 434
89 440
89 447
89 502
89 538
89 579
89 584
89 592
89 593
89 594
89 596
89 598
89 599
90 154
90 155
90 452
90 453
90 454
90 492
90 527
91 345
91 346
91 351
91 353
91 354
91 382
91 487
91 585
91 586
92 301
93 94
93 95
93 303
93 311
93 321
93 389
93 390
93 395
94 98
94 302
94 305
94 311
94 321
94 322
94 323
94 385
94 389
94 390
94 398
94 416
94 487
95 395
96 97
96 99
96 112
96 128
96 129
96 131
96 258
96 295
96 298
96 299
96 300
96 351
96 352
96 367
96 386
96 387
96 402
96 423
96 450
96 451
96 539
96 580
96 588
96 592
96 593
96 594
96 595
96 596
96 598
96 600
97 98
97 99
97 112
97 113
97 114
97 115
97 116
97 117
97 118
97 129
97 131
97 258
97 294
97 295
97 297
97 298
97 299
97 300
97 301
97 323
97 327
97 332
97 335
97 337
97 345
97 347
97 351
97 352
97 364
97 365
97 367
97 370
97 371
97 381
97 382
97 385
97 386
97 387
97 402
97 403
97 405
97 407
97 450
97 487
97 502
97 538
97 539
97 579
97 580
97 581
97 584
97 588
97 591
97 592
97 593
97 594
97 595
97 596
97 598
97 599
97 600
98 300
98 302
98 305
98 320
98 322
98 323
98 324
98 325
98 327
98 328
98 332
98 333
98 335
98 345
98 351
98 353
98 385
98 386
98 387
98 402
98 487
98 538
98 579
98 580
98 584
98 586
98 599
99 112
99 115
99 116
99 228
99 258
99 259
99 262
99 282
99 293
99 294
99 295
99 297
99 298
99 299
99 300
99 327
99 345
99 351
99 352
99 367
99 386
99 387
99 403
99 405
99 505
99 538
99 539
99 579
99 584
99 588
99 591
99 593
99 594
99 595
99 596
99 598
99 599
99 600
100 101
100 103
100 221
101 103
101 119
101 145
101 223
101 224
101 225
101 245
101 401
101 412
101 413
101 534
102 189
102 283
103 104
103 105
103 192
103 223
103 495
104 105
104 107
104 108
104 175
104 189
104 192
104 193
104 210
104 212
104 222
104 394
104 495
104 496
105 107
105 192
105 193
105 212
105 222
105 223
105 224
105 245
105 495
105 534
106 189
107 108
107 109
107 111
107 119
107 143
107 191
107 192
107 193
107 194
107 223
107 224
107 225
107 245
107 393
107 394
107 396
107 413
107 417
107 495
107 534
108 192
109 191
109 192
109 193
109 194
109 212
109 393
109 396
109 408
109 409
109 410
109 495
110 280
110 448
111 143
111 417
112 113
112 114
112 115
112 116
112 117
112 118
112 129
112 131
112 191
112 258
112 298
112 301
112 327
112 337
112 364
112 367
112 376
112 378
112 386
112 387
112 402
112 403
112 404
112 405
112 406
112 407
112 422
112 423
112 491
112 539
112 579
112 588
112 593
112 594
112 596
112 598
113 114
113 115
113 117
113 118
113 129
113 130
113 258
113 298
113 300
113 301
113 337
113 338
113 345
113 347
113 351
113 364
113 365
113 367
113 370
113 371
113 372
113 375
113 376
113 377
113 378
113 379
113 380
113 381
113 403
113 405
113 406
113 421
113 422
113 423
113 444
113 538
113 539
113 588
113 592
113 593
113 594
113 596
113 598
113 599
114 115
114 116
114 117
114 118
114 129
114 131
114 191
114 194
114 301
114 340
114 352
114 367
114 378
114 403
114 405
114 406
114 407
114 410
114 423
114 491
114 579
115 116
115 117
115 118
115 129
115 130
115 298
115 337
115 338
115 340
115 345
115 351
115 352
115 365
115 367
115 371
115 372
115 375
115 376
115 377
115 378
115 379
115 380
115 381
115 403
115 405
115 420
115 421
115 422
115 538
115 592
115 594
115 596
115 598
116 117
116 118
116 191
116 327
116 340
116 344
116 345
116 410
117 118
117 129
117 294
117 297
117 301
117 323
117 327
117 332
117 337
117 340
117 386
117 387
117 403
117 404
117 405
117 406
117 407
117 538
117 579
117 588
117 596
117 598
117 599
118 129
118 131
118 191
118 298
118 301
118 337
118 340
118 367
118 370
118 373
118 376
118 378
118 387
118 403
118 404
118 405
118 406
118 407
118 410
118 421
118 423
118 579
118 588
118 594
118 596
118 598
118 599
119 120
119 121
119 125
119 145
119 147
119 221
119 222
119 223
119 224
119 225
119 245
119 395
119 397
119 399
119 401
119 412
119 413
119 417
119 418
119 534
120 121
120 143
120 145
120 223
120 224
120 225
120 390
120 395
120 398
120 401
120 413
120 417
120 534
121 145
121 147
121 225
121 357
121 401
121 412
121 413
121 418
121 448
121 534
122 123
122 125
122 411
122 417
122 418
122 448
122 534
123 125
124 125
124 357
124 389
124 401
124 416
124 417
124 534
125 190
125 223
125 417
125 418
125 448
125 534
126 183
126 257
126 267
127 128
127 129
127 131
127 178
127 367
127 369
127 371
127 372
127 373
127 375
127 376
127 419
127 421
127 422
127 423
127 450
127 504
128 131
128 208
128 263
128 264
128 298
128 300
128 367
128 423
128 450
128 451
128 490
128 510
128 588
128 595
128 600
129 130
129 131
129 258
129 297
129 298
129 300
129 301
129 337
129 338
129 351
129 364
129 365
129 367
129 370
129 371
129 372
129 373
129 374
129 375
129 376
129 377
129 378
129 380
129 381
129 386
129 387
129 402
129 403
129 404
129 405
129 406
129 407
129 420
129 421
129 422
129 423
129 424
129 434
129 450
129 451
129 491
129 502
129 538
129 539
129 579
129 588
129 592
129 593
129 594
129 595
129 596
129 598
129 599
129 600
130 258
130 296
130 298
130 337
130 338
130 341
130 364
130 365
130 367
130 370
130 371
130 373
130 374
130 376
130 377
130 378
130 380
130 381
130 403
130 405
130 421
130 422
130 434
130 592
130 593
130 594
130 596
130 598
131 191
131 258
131 298
131 300
131 402
131 403
131 423
131 450
131 539
131 588
131 593
131 594
132 134
132 135
133 241
134 430
136 161
136 431
136 432
136 458
137 138
137 139
137 140
137 365
137 367
137 374
137 431
137 434
137 450
137 600
138 139
138 140
138 161
138 277
138 431
138 432
138 510
139 183
140 161
140 373
140 374
140 419
140 422
140 430
140 431
140 432
140 434
140 435
140 458
140 504
140 600
141 199
141 461
141 500
141 504
142 279
142 305
142 317
142 320
142 324
142 329
142 349
142 354
142 355
142 369
142 389
142 445
143 145
143 220
143 223
143 224
143 413
143 445
144 146
144 285
144 445
145 147
145 223
145 224
145 225
145 401
145 412
145 413
145 445
145 534
146 149
146 331
146 443
146 445
146 462
146 490
147 221
147 225
147 348
147 401
147 412
147 413
147 417
147 418
147 446
147 448
147 531
147 534
148 158
148 163
148 164
148 437
148 462
148 464
149 320
149 331
149 443
149 445
149 595
150 446
150 466
152 446
152 449
153 466
154 157
154 191
154 194
154 198
154 396
154 408
154 419
154 454
154 492
154 501
155 156
155 157
155 173
155 250
155 267
155 452
155 453
155 454
155 463
155 477
155 488
155 525
155 527
155 543
155 560
155 561
155 570
155 571
156 157
156 169
156 250
156 267
156 452
156 453
156 463
156 543
156 545
156 560
156 561
156 570
156 571
157 190
157 449
157 454
157 515
158 163
158 164
158 428
159 456
160 267
161 432
162 163
163 250
163 253
163 272
163 462
163 463
163 464
164 464
165 325
166 205
166 532
167 171
167 475
168 172
168 248
168 478
168 561
169 250
169 477
170 172
170 476
172 248
173 267
173 452
173 453
173 477
173 525
173 527
173 560
173 571
174 217
175 177
175 179
175 180
175 193
175 289
175 480
175 481
175 482
175 484
175 486
176 178
176 313
177 179
177 180
177 181
177 185
177 289
177 314
177 480
177 481
177 482
177 483
177 484
177 486
179 180
179 289
179 480
179 482
179 483
180 279
180 281
180 293
180 314
180 480
180 481
180 482
180 486
182 256
183 257
184 259
184 304
184 311
184 327
184 487
185 186
187 207
188 244
189 211
189 493
190 191
190 208
190 210
190 224
190 245
190 418
191 192
191 194
191 393
191 396
191 404
191 406
191 407
191 408
191 409
191 410
191 419
191 423
191 454
191 491
191 492
192 193
192 210
192 212
192 222
192 394
192 396
192 495
192 496
193 194
193 210
193 212
193 214
193 224
193 393
193 394
193 396
193 495
193 496
194 384
194 393
194 396
194 408
194 409
194 410
194 491
194 492
194 495
194 501
195 273
196 271
197 216
197 524
198 202
198 214
198 501
199 204
200 201
200 447
201 300
201 372
201 450
201 592
201 600
202 214
202 495
202 501
203 519
206 559
207 259
208 209
208 263
208 264
208 419
209 210
209 212
209 494
209 514
210 212
210 224
211 229
211 230
211 231
211 265
211 493
211 513
212 495
212 496
213 233
213 234
213 520
213 548
214 215
214 495
214 501
217 251
217 266
217 559
217 562
218 314
219 274
219 465
219 518
220 287
220 413
220 445
220 530
221 223
221 225
221 287
221 397
221 399
221 401
221 412
221 530
222 224
222 225
222 245
222 246
222 397
222 399
222 412
222 531
222 532
222 533
223 224
223 225
223 245
223 395
223 397
223 399
223 401
223 412
223 413
223 417
223 534
224 225
224 245
224 395
224 397
224 399
224 401
224 412
224 413
224 417
224 534
225 245
225 395
225 397
225 399
225 401
225 412
225 413
225 417
225 531
225 533
225 534
226 254
226 535
227 241
228 229
228 240
228 262
228 282
228 489
228 539
228 540
228 541
228 542
228 581
229 282
229 540
229 542
229 581
230 231
230 234
230 493
230 511
230 513
231 457
231 493
231 513
231 572
231 574
232 250
232 254
232 267
232 268
232 269
232 272
232 463
232 558
232 560
232 561
232 563
232 570
233 234
233 271
233 573
234 271
235 319
235 320
235 355
235 546
236 237
236 238
236 240
236 282
236 285
236 538
236 547
236 549
236 579
236 581
237 238
237 240
237 285
237 286
237 547
237 549
238 240
238 243
238 256
238 540
238 547
238 549
238 553
238 554
238 557
239 548
239 550
240 243
240 540
240 547
240 549
240 553
240 554
241 552
242 438
242 552
243 246
244 524
244 551
244 555
245 246
245 397
245 399
245 401
245 412
245 531
245 533
245 534
246 531
246 532
246 553
247 251
247 266
247 280
247 356
247 485
247 507
247 559
247 562
248 250
248 268
248 463
248 478
248 556
248 557
248 558
248 560
248 561
248 570
248 573
249 562
250 253
250 254
250 267
250 268
250 269
250 463
250 478
250 488
250 543
250 558
250 560
250 561
250 563
250 570
250 571
250 573
251 266
251 280
251 485
251 559
251 562
252 511
253 254
253 462
253 463
253 558
253 563
254 268
254 269
254 463
254 558
254 561
254 563
254 570
254 573
255 341
256 520
257 380
257 488
258 295
258 296
258 298
258 300
258 337
258 338
258 352
258 381
258 386
258 387
258 405
258 538
258 556
258 579
258 588
258 592
258 593
258 594
258 596
258 598
259 293
259 327
259 580
260 294
261 301
262 297
262 298
262 299
262 300
262 351
262 387
262 538
262 539
262 588
262 593
262 594
262 596
262 598
263 264
263 510
264 427
264 510
264 516
265 512
266 356
266 485
266 559
266 562
267 268
267 452
267 453
267 463
267 488
267 558
267 560
267 561
267 570
267 571
268 269
268 463
268 488
268 528
268 557
268 558
268 560
268 561
268 570
268 571
268 573
269 558
269 561
269 573
270 271
271 273
271 573
272 558
275 322
276 522
277 575
278 282
278 457
279 281
280 559
280 562
281 499
281 503
282 298
282 538
282 539
282 540
282 542
282 581
282 594
284 286
285 286
285 337
285 421
285 422
285 547
285 549
285 582
285 584
286 287
286 332
286 333
286 529
286 530
286 584
287 335
287 530
287 584
289 480
289 482
290 292
292 322
293 352
293 580
294 297
294 299
294 300
294 370
294 386
294 387
294 538
294 579
294 588
294 591
294 594
294 596
294 599
295 298
295 299
295 300
295 347
295 351
295 367
295 386
295 387
295 402
295 450
295 451
295 539
295 580
295 588
295 592
295 594
295 595
295 596
295 598
295 600
296 298
296 381
296 593
296 594
296 598
297 298
297 299
297 300
297 337
297 351
297 364
297 365
297 367
297 370
297 371
297 372
297 376
297 386
297 387
297 405
297 422
297 538
297 588
297 590
297 591
297 593
297 594
297 596
297 597
297 598
297 599
297 600
298 299
298 300
298 337
298 338
298 345
298 351
298 352
298 364
298 365
298 367
298 370
298 371
298 372
298 373
298 376
298 377
298 380
298 381
298 386
298 387
298 402
298 403
298 405
298 421
298 422
298 423
298 434
298 450
298 451
298 502
298 538
298 539
298 540
298 579
298 581
298 588
298 591
298 592
298 593
298 594
298 595
298 596
298 597
298 598
298 599
298 600
299 300
299 345
299 351
299 352
299 367
299 369
299 387
299 450
299 539
299 588
299 594
299 595
299 596
299 597
299 598
300 345
300 351
300 364
300 365
300 367
300 368
300 369
300 370
300 371
300 372
300 386
300 387
300 402
300 403
300 405
300 423
300 450
300 451
300 538
300 539
300 581
300 588
300 591
300 592
300 593
300 594
300 595
300 596
300 597
300 598
300 599
300 600
301 332
301 337
301 338
301 364
301 365
301 370
301 372
301 373
301 375
301 376
301 378
301 381
301 386
301 387
301 403
301 404
301 405
301 406
301 407
301 420
301 421
301 422
301 502
301 538
301 579
301 584
301 588
301 593
301 594
301 596
301 598
301 599
302 303
302 304
302 305
302 311
302 317
302 320
302 321
302 322
302 323
302 324
302 325
302 327
302 332
302 345
302 346
302 349
302 385
302 389
302 390
302 447
302 487
302 583
302 584
302 586
303 304
303 307
303 317
303 321
303 323
303 324
303 327
303 332
303 353
303 363
303 385
303 414
303 475
303 583
303 584
304 305
304 311
304 317
304 321
304 322
304 324
304 325
304 327
304 359
304 362
304 363
304 383
304 385
304 389
304 414
304 475
304 487
304 583
305 317
305 320
305 321
305 322
305 323
305 324
305 325
305 327
305 332
305 333
305 335
305 385
305 386
305 389
305 447
305 487
305 586
305 599
306 308
309 334
311 317
311 325
311 385
311 390
311 487
312 318
312 319
312 326
312 329
315 316
315 317
315 319
315 388
315 389
316 318
317 321
317 322
317 324
317 325
317 329
317 349
317 363
317 385
317 388
317 389
317 390
317 414
317 583
318 319
318 326
319 326
319 329
319 355
320 321
320 324
320 327
320 328
320 329
320 331
320 332
320 333
320 355
320 389
320 443
320 445
320 487
320 583
321 322
321 324
321 327
321 388
321 389
321 390
321 391
321 395
321 583
322 323
322 324
322 325
322 327
322 332
322 335
322 385
322 389
322 390
322 487
322 583
322 584
322 586
323 324
323 325
323 327
323 328
323 332
323 333
323 335
323 385
323 386
323 487
323 579
323 583
323 584
323 599
324 325
324 327
324 329
324 332
324 389
325 327
325 328
325 332
325 385
325 386
325 487
325 586
326 469
327 328
327 332
327 333
327 335
327 351
327 353
327 363
327 385
327 386
327 387
327 414
327 487
327 505
327 579
327 580
327 583
327 584
327 599
328 329
328 332
328 333
328 335
328 353
328 385
328 386
328 487
328 583
328 595
329 331
329 355
329 359
329 389
329 414
329 583
329 587
331 333
331 443
332 333
332 335
332 347
332 351
332 363
332 385
332 386
332 387
332 487
332 579
332 583
332 584
332 595
332 598
332 599
333 335
333 386
333 530
333 579
333 584
335 336
335 385
335 386
335 502
335 530
335 579
335 584
335 599
337 338
337 351
337 360
337 364
337 365
337 367
337 370
337 371
337 372
337 373
337 374
337 375
337 376
337 377
337 378
337 380
337 381
337 403
337 404
337 405
337 406
337 407
337 420
337 421
337 422
337 423
337 434
337 444
337 502
337 538
337 539
337 557
337 579
337 588
337 591
337 592
337 593
337 594
337 596
337 598
337 599
337 600
338 342
338 343
338 347
338 351
338 364
338 365
338 367
338 369
338 370
338 371
338 372
338 373
338 374
338 375
338 376
338 377
338 378
338 379
338 380
338 381
338 382
338 403
338 405
338 406
338 420
338 421
338 422
338 434
338 444
338 502
338 538
338 539
338 556
338 557
338 588
338 592
338 593
338 594
338 596
338 598
338 599
338 600
339 415
339 445
339 502
340 344
340 345
340 352
340 367
340 384
340 393
340 404
340 406
340 407
340 409
340 410
340 491
340 492
341 345
341 382
341 444
342 343
342 346
342 347
342 353
342 365
342 368
342 371
342 382
342 421
342 599
343 346
343 347
343 351
343 353
343 368
343 382
343 584
343 599
344 345
344 348
344 351
344 352
344 410
344 414
344 487
345 346
345 349
345 351
345 352
345 353
345 354
345 362
345 363
345 367
345 371
345 372
345 377
345 386
345 447
345 487
345 538
345 579
345 586
345 598
345 599
346 347
346 349
346 351
346 352
346 353
346 354
346 358
346 359
346 362
346 363
346 447
346 487
347 351
347 353
347 358
347 362
347 363
347 365
347 367
347 369
347 371
347 372
347 377
347 386
347 387
347 502
347 539
347 579
347 584
347 594
347 595
347 596
347 598
347 599
347 600
348 396
348 410
348 411
348 413
348 414
349 351
349 353
349 354
349 355
349 358
349 359
349 362
349 363
349 447
350 357
350 385
350 411
350 416
350 417
350 418
350 448
351 352
351 353
351 354
351 358
351 359
351 362
351 363
351 365
351 367
351 369
351 371
351 372
351 377
351 386
351 387
351 414
351 447
351 450
351 538
351 539
351 579
351 584
351 586
351 588
351 592
351 593
351 594
351 596
351 597
351 598
351 599
351 600
352 353
352 362
352 363
352 367
352 386
352 387
352 410
352 538
352 579
352 580
353 354
353 358
353 359
353 362
353 363
353 369
353 382
353 386
353 414
353 447
353 487
353 583
354 355
354 356
354 358
354 359
354 362
354 363
354 369
354 382
356 357
356 358
356 485
357 358
357 416
357 418
357 448
357 485
358 359
358 362
358 363
358 414
358 595
359 361
359 362
359 363
359 414
359 583
360 478
360 488
361 363
361 414
362 363
362 369
362 414
362 447
363 369
363 385
363 386
363 414
363 447
363 583
363 584
364 365
364 367
364 370
364 371
364 372
364 373
364 374
364 375
364 376
364 377
364 378
364 380
364 381
364 387
364 403
364 405
364 406
364 407
364 420
364 421
364 422
364 423
364 434
364 450
364 502
364 538
364 539
364 540
364 581
364 588
364 591
364 592
364 593
364 594
364 596
364 598
364 599
364 600
365 366
365 367
365 368
365 369
365 370
365 371
365 372
365 373
365 374
365 375
365 376
365 377
365 378
365 380
365 381
365 387
365 403
365 405
365 406
365 407
365 420
365 421
365 422
365 423
365 434
365 450
365 502
365 538
365 539
365 540
365 541
365 542
365 581
365 588
365 591
365 592
365 593
365 594
365 596
365 598
365 599
365 600
366 368
366 421
366 429
367 368
367 369
367 370
367 371
367 372
367 373
367 374
367 375
367 376
367 377
367 378
367 380
367 381
367 382
367 387
367 403
367 405
367 406
367 407
367 419
367 420
367 421
367 422
367 423
367 433
367 434
367 450
367 491
367 538
367 539
367 588
367 591
367 592
367 593
367 594
367 595
367 596
367 597
367 598
367 599
367 600
368 369
368 370
368 371
368 372
368 373
368 375
368 376
368 421
368 429
368 450
368 539
368 595
368 599
368 600
369 371
369 372
369 375
369 382
369 422
369 429
369 447
369 450
369 451
369 539
369 595
369 597
369 599
369 600
370 371
370 372
370 373
370 374
370 375
370 376
370 377
370 378
370 380
370 381
370 386
370 387
370 403
370 405
370 406
370 407
370 420
370 421
370 422
370 423
370 434
370 450
370 502
370 538
370 539
370 541
370 564
370 579
370 581
370 588
370 590
370 591
370 592
370 593
370 594
370 596
370 598
370 599
370 600
371 372
371 373
371 374
371 375
371 376
371 377
371 378
371 380
371 381
371 403
371 405
371 406
371 420
371 421
371 422
371 423
371 434
371 450
371 502
371 538
371 539
371 588
371 591
371 592
371 593
371 594
371 596
371 598
371 599
371 600
372 373
372 375
372 376
372 377
372 378
372 381
372 403
372 405
372 406
372 407
372 420
372 421
372 422
372 423
372 434
372 450
372 451
372 491
372 502
372 538
372 539
372 588
372 591
372 592
372 593
372 594
372 595
372 596
372 597
372 598
372 599
372 600
373 374
373 375
373 376
373 377
373 378
373 380
373 381
373 403
373 404
373 405
373 406
373 407
373 419
373 420
373 421
373 422
373 423
373 434
373 450
373 491
373 502
373 538
373 539
373 588
373 591
373 592
373 593
373 594
373 596
373 597
373 598
373 599
373 600
374 375
374 376
374 377
374 378
374 380
374 381
374 403
374 405
374 420
374 421
374 422
374 434
374 450
374 502
374 592
374 593
374 594
374 596
374 598
375 376
375 377
375 378
375 380
375 381
375 403
375 405
375 406
375 407
375 420
375 421
375 422
375 423
375 434
375 450
375 491
375 539
375 588
375 592
375 593
375 594
375 596
375 597
375 598
375 599
375 600
376 377
376 378
376 380
376 381
376 403
376 404
376 405
376 406
376 407
376 419
376 420
376 421
376 422
376 423
376 434
376 450
376 491
376 502
376 538
376 539
376 588
376 591
376 592
376 593
376 594
376 596
376 598
376 599
376 600
377 378
377 380
377 381
377 403
377 405
377 406
377 407
377 420
377 421
377 422
377 434
377 450
377 502
377 538
377 539
377 588
377 591
377 592
377 593
377 594
377 596
377 598
377 599
377 600
378 380
378 381
378 403
378 405
378 406
378 407
378 420
378 421
378 422
378 434
378 538
378 539
378 588
378 591
378 592
378 593
378 594
378 596
378 598
378 599
380 381
380 403
380 405
380 406
380 419
380 421
380 422
380 434
380 444
380 502
380 557
380 592
380 593
380 594
380 596
380 598
381 403
381 405
381 406
381 421
381 422
381 434
381 444
381 502
381 538
381 556
381 557
381 588
381 591
381 592
381 593
381 594
381 596
381 598
381 599
382 600
384 385
384 393
384 396
384 407
384 408
384 409
384 410
384 492
385 386
385 390
385 416
385 487
385 579
385 584
385 586
386 387
386 402
386 405
386 407
386 420
386 450
386 487
386 502
386 538
386 539
386 579
386 580
386 584
386 588
386 593
386 594
386 595
386 596
386 598
386 599
386 600
387 402
387 403
387 405
387 407
387 423
387 450
387 451
387 502
387 538
387 539
387 579
387 580
387 584
387 588
387 593
387 594
387 595
387 596
387 597
387 598
387 599
387 600
388 389
389 390
389 395
389 414
390 391
390 393
390 395
390 398
391 395
391 401
391 467
392 530
393 395
393 396
393 398
393 400
393 408
393 409
393 410
393 492
393 495
394 396
394 495
394 496
394 516
394 531
395 397
395 398
395 400
395 401
395 413
395 417
395 534
396 398
396 407
396 408
396 409
396 410
396 411
396 454
396 491
396 492
396 495
396 501
397 399
397 401
397 412
397 534
398 400
398 410
398 413
398 416
398 417
398 492
399 412
399 534
400 401
400 416
400 417
401 412
401 413
401 416
401 417
401 418
401 534
402 423
402 450
402 451
402 491
402 539
402 580
402 588
402 595
403 404
403 405
403 406
403 407
403 419
403 420
403 421
403 422
403 423
403 434
403 450
403 491
403 502
403 538
403 539
403 541
403 588
403 591
403 592
403 593
403 594
403 596
403 598
403 599
403 600
404 405
404 406
404 407
404 419
404 422
404 423
404 425
404 491
404 492
404 588
404 596
405 406
405 407
405 420
405 421
405 422
405 423
405 434
405 491
405 502
405 538
405 539
405 579
405 588
405 591
405 592
405 593
405 594
405 596
405 597
405 598
405 599
405 600
406 407
406 409
406 419
406 420
406 421
406 422
406 423
406 425
406 434
406 491
406 492
406 588
406 593
406 596
406 598
406 599
407 408
407 409
407 410
407 420
407 422
407 423
407 425
407 450
407 451
407 491
407 492
407 579
407 588
407 596
407 598
407 599
408 409
408 410
408 454
408 491
408 492
408 495
408 501
409 410
409 491
409 492
410 492
411 413
412 413
412 445
412 531
412 533
412 534
413 417
413 448
413 534
414 583
415 445
415 503
415 534
416 417
416 418
416 448
417 418
417 467
417 534
418 442
418 446
418 448
418 449
418 467
418 534
419 423
419 424
419 434
419 435
419 451
419 452
419 453
419 454
419 491
419 504
420 421
420 422
420 450
420 538
420 539
420 579
420 588
420 592
420 593
420 596
420 598
420 599
421 422
421 423
421 434
421 450
421 538
421 539
421 541
421 588
421 591
421 592
421 593
421 594
421 596
421 598
421 599
421 600
422 423
422 434
422 450
422 491
422 502
422 538
422 539
422 588
422 591
422 592
422 593
422 594
422 596
422 597
422 598
422 599
422 600
423 424
423 434
423 450
423 451
423 491
423 539
423 588
423 593
423 594
423 596
423 598
423 600
424 434
424 435
424 436
424 451
424 454
424 491
424 504
424 597
425 491
425 503
425 597
426 455
428 490
429 434
429 450
429 458
430 431
430 432
430 434
430 458
430 600
431 432
431 435
431 458
431 461
431 510
431 600
432 435
432 458
432 461
432 510
434 440
434 450
434 502
434 588
434 592
434 593
434 594
434 596
434 598
434 599
434 600
435 436
435 453
435 461
435 504
435 510
436 504
436 597
437 506
437 537
438 474
439 443
439 445
439 451
439 490
439 510
441 478
442 449
442 490
442 497
443 445
443 451
443 490
445 451
445 490
445 530
445 595
446 448
448 483
449 468
449 497
450 451
450 491
450 502
450 510
450 538
450 539
450 564
450 588
450 590
450 591
450 592
450 593
450 594
450 595
450 596
450 597
450 598
450 599
450 600
451 490
451 491
451 492
451 504
451 505
451 588
451 595
451 597
451 600
452 453
452 454
452 463
452 488
452 515
452 525
452 527
452 543
452 545
452 560
452 561
452 570
452 571
453 454
453 488
453 525
453 527
453 543
453 545
453 560
453 561
453 570
453 571
454 490
454 491
454 492
454 504
454 525
454 527
454 543
454 571
455 461
455 576
456 458
457 578
458 461
458 504
458 510
459 576
459 577
460 501
460 524
461 500
462 464
463 558
463 560
463 561
463 563
463 570
463 571
463 573
465 473
465 519
465 574
470 562
471 475
472 506
477 560
477 571
478 557
478 558
478 560
478 561
478 570
479 480
480 481
480 482
480 483
480 484
480 486
481 482
481 484
481 486
481 566
482 483
482 484
482 486
483 485
484 486
485 507
485 562
487 579
487 583
487 584
487 586
488 558
488 560
488 561
488 570
488 571
489 540
489 541
489 549
490 504
490 510
490 595
491 492
491 588
491 597
493 509
493 511
493 512
493 513
493 540
493 541
493 542
493 581
494 496
494 512
494 514
495 501
496 512
496 514
498 520
498 521
498 554
499 503
500 504
500 517
500 565
501 503
502 538
502 539
502 579
502 588
502 591
502 592
502 593
502 594
502 596
502 597
502 598
502 599
502 600
503 505
504 597
505 516
505 539
505 595
505 597
508 521
510 600
511 512
511 513
511 520
511 521
511 540
511 541
511 542
511 567
511 581
512 513
512 514
513 542
515 525
515 544
515 545
516 517
520 521
520 554
521 544
522 576
523 526
524 525
524 526
525 527
525 545
525 560
525 571
527 571
529 530
529 549
529 584
530 583
530 584
531 532
531 533
531 534
531 553
532 533
532 553
532 554
533 553
536 552
538 539
538 540
538 541
538 542
538 564
538 579
538 581
538 588
538 589
538 591
538 592
538 593
538 594
538 596
538 598
538 599
538 600
539 540
539 541
539 579
539 581
539 588
539 591
539 592
539 593
539 594
539 595
539 596
539 597
539 598
539 599
539 600
540 541
540 542
540 549
540 567
540 581
540 593
541 542
541 549
541 564
541 567
541 581
541 593
542 567
542 581
543 545
543 560
543 561
543 570
543 571
545 560
545 571
547 549
547 553
547 556
547 582
548 550
548 554
549 553
549 554
549 584
550 553
550 554
551 552
551 555
553 554
556 557
557 558
557 560
557 570
558 560
558 561
558 563
558 570
558 571
558 573
559 562
559 569
560 561
560 570
560 571
561 570
561 571
561 573
564 588
564 590
564 591
564 600
566 568
567 581
570 571
570 573
574 577
576 577
579 580
579 584
579 588
579 593
579 594
579 596
579 598
579 599
581 588
581 591
581 593
581 594
583 584
583 586
584 586
584 598
584 599
588 590
588 591
588 592
588 593
588 594
588 595
588 596
588 597
588 598
588 599
588 600
589 591
590 593
590 596
590 598
590 599
590 600
591 592
591 593
591 594
591 596
591 598
591 599
591 600
592 593
592 594
592 596
592 598
592 599
592 600
593 594
593 596
593 598
593 599
593 600
594 595
594 596
594 597
594 598
594 599
594 600
595 596
595 597
595 598
595 599
595 600
596 597
596 598
596 599
596 600
597 598
597 599
597 600
598 599
598 600
599 600
