600 5393

1 4
1 5
1 19
1 20
1 21
1 22
1 23
1 24
1 25
1 27
1 28
1 30
1 31
1 33
1 34
1 35
1 36
1 37
1 38
1 101
1 220
1 237
1 282
1 284
1 287
1 302
1 305
1 320
1 322
1 323
1 324
1 327
1 328
1 329
1 330
1 332
1 333
1 334
1 335
1 389
1 579
2 3
2 101
2 103
2 104
2 108
2 124
2 192
3 5
3 6
3 303
3 304
3 593
4 5
4 18
4 19
4 20
4 21
4 22
4 23
4 24
4 25
4 27
4 28
4 30
4 31
4 33
4 34
4 35
4 36
4 37
4 38
4 101
4 302
4 304
4 305
4 311
4 319
4 320
4 322
4 323
4 324
4 328
4 329
4 332
4 333
4 334
4 335
4 389
5 16
5 19
5 20
5 21
5 23
5 24
5 25
5 27
5 30
5 31
5 33
5 37
5 38
5 101
5 221
5 284
5 302
5 304
5 305
5 308
5 319
5 320
5 323
5 324
5 326
5 329
5 334
5 335
7 9
7 10
8 472
8 477
8 557
9 425
10 444
10 477
11 12
11 94
11 250
11 462
11 463
12 15
12 16
12 18
12 20
12 94
12 303
12 311
12 315
12 319
13 309
14 17
14 29
14 312
15 16
15 182
15 304
15 308
15 309
15 314
15 315
15 513
15 559
15 573
16 20
16 24
16 303
16 304
16 308
16 309
16 314
16 315
16 319
17 19
17 29
17 173
17 312
17 313
17 316
18 19
18 20
18 98
18 302
18 304
18 311
18 315
18 319
19 20
19 21
19 22
19 23
19 24
19 29
19 30
19 31
19 37
19 38
19 220
19 221
19 302
19 304
19 305
19 318
19 320
19 323
19 324
19 326
19 328
19 329
19 334
19 335
19 336
20 21
20 22
20 24
20 38
20 98
20 101
20 302
20 303
20 304
20 305
20 308
20 311
20 315
20 319
20 320
20 323
20 324
20 329
20 335
21 22
21 23
21 24
21 25
21 27
21 28
21 30
21 31
21 32
21 33
21 34
21 35
21 36
21 37
21 38
21 101
21 302
21 304
21 305
21 320
21 322
21 323
21 324
21 327
21 328
21 329
21 330
21 331
21 332
21 333
21 334
21 335
21 336
21 389
21 580
22 23
22 25
22 26
22 27
22 28
22 30
22 31
22 33
22 34
22 35
22 36
22 37
22 38
22 302
22 305
22 320
22 322
22 323
22 324
22 327
22 328
22 329
22 332
22 333
22 335
22 336
22 389
22 580
23 24
23 25
23 26
23 27
23 28
23 30
23 31
23 32
23 33
23 34
23 35
23 36
23 37
23 38
23 305
23 318
23 320
23 322
23 323
23 324
23 327
23 328
23 329
23 330
23 331
23 332
23 333
23 334
23 335
23 336
24 25
24 30
24 37
24 38
24 221
24 302
24 304
24 305
24 308
24 319
24 320
24 323
24 324
24 326
24 329
24 334
25 27
25 30
25 31
25 33
25 36
25 38
25 284
25 287
25 323
25 326
25 329
25 335
26 27
26 28
26 30
26 31
26 32
26 34
26 35
26 36
26 43
26 61
26 73
26 80
26 112
26 137
26 138
26 140
26 141
26 143
26 144
26 318
26 320
26 322
26 327
26 329
26 331
26 333
26 342
26 355
26 359
26 373
26 413
26 430
26 431
26 436
27 28
27 30
27 31
27 32
27 33
27 34
27 35
27 36
27 37
27 38
27 302
27 305
27 318
27 320
27 322
27 323
27 324
27 327
27 328
27 329
27 331
27 332
27 333
27 334
27 335
27 336
27 580
28 30
28 31
28 32
28 33
28 34
28 35
28 36
28 37
28 38
28 80
28 320
28 322
28 323
28 324
28 327
28 328
28 329
28 332
28 333
28 334
28 335
28 342
28 358
28 422
29 312
29 318
29 326
29 331
30 31
30 32
30 33
30 34
30 35
30 36
30 37
30 38
30 220
30 302
30 305
30 318
30 320
30 322
30 323
30 324
30 327
30 328
30 329
30 330
30 331
30 332
30 333
30 334
30 335
30 336
31 32
31 33
31 34
31 35
31 36
31 37
31 38
31 80
31 302
31 305
31 318
31 320
31 322
31 323
31 324
31 327
31 328
31 329
31 330
31 331
31 332
31 333
31 334
31 335
31 336
32 35
32 36
32 37
32 38
32 78
32 80
32 137
32 318
32 320
32 323
32 327
32 328
32 329
32 331
32 332
32 333
33 34
33 35
33 36
33 37
33 38
33 302
33 320
33 322
33 323
33 324
33 327
33 328
33 329
33 332
33 333
33 334
33 335
33 336
34 35
34 36
34 37
34 38
34 101
34 320
34 323
34 327
34 328
34 329
34 332
34 333
34 335
34 336
35 36
35 37
35 38
35 80
35 318
35 320
35 323
35 324
35 327
35 328
35 329
35 331
35 332
35 333
35 334
35 335
35 336
36 37
36 38
36 82
36 320
36 323
36 324
36 327
36 328
36 329
36 330
36 332
36 333
36 334
36 335
36 336
36 443
37 38
37 80
37 302
37 305
37 318
37 320
37 322
37 323
37 324
37 327
37 328
37 329
37 331
37 332
37 333
37 334
37 335
37 336
38 220
38 302
38 304
38 305
38 318
38 320
38 322
38 323
38 324
38 327
38 328
38 329
38 330
38 331
38 332
38 333
38 334
38 335
38 336
38 530
39 88
39 90
39 92
39 104
39 106
39 110
39 114
39 115
39 116
39 124
39 189
39 191
39 194
39 204
39 215
39 337
39 350
39 384
39 393
39 396
39 401
39 404
39 405
39 406
39 407
39 408
39 419
39 423
39 424
39 459
39 504
40 49
40 50
40 51
40 61
40 64
40 74
40 78
40 82
40 137
40 142
40 144
40 149
40 343
40 345
40 355
40 430
40 431
40 441
41 43
41 45
41 73
41 80
41 84
41 85
41 86
41 87
41 88
41 89
41 90
41 91
41 112
41 113
41 126
41 130
41 134
41 138
41 150
41 337
41 338
41 339
41 341
41 364
41 373
41 374
41 376
41 377
41 378
41 379
41 380
41 381
41 382
41 429
41 434
41 436
42 46
42 47
42 48
42 53
42 54
42 56
42 96
42 115
42 149
42 299
42 344
42 346
42 347
42 349
42 457
43 45
43 61
43 73
43 80
43 81
43 84
43 86
43 87
43 90
43 91
43 112
43 113
43 126
43 130
43 138
43 140
43 141
43 144
43 150
43 318
43 338
43 339
43 342
43 343
43 355
43 358
43 359
43 372
43 373
43 374
43 376
43 377
43 378
43 380
43 382
43 414
43 421
43 422
43 429
43 431
43 434
43 436
44 49
44 51
44 55
44 58
44 59
44 60
44 61
44 63
44 64
44 75
44 120
44 138
44 146
44 149
44 150
44 151
44 341
44 358
44 414
44 421
44 434
44 446
45 46
45 73
45 80
45 84
45 85
45 86
45 87
45 91
45 126
45 338
45 343
45 347
45 374
45 376
45 377
45 378
45 380
45 381
45 382
45 414
45 434
46 47
46 48
46 53
46 54
46 56
46 60
46 149
46 295
46 342
46 343
46 346
46 347
46 349
47 48
47 53
47 54
47 55
47 56
47 59
47 60
47 64
47 82
47 99
47 118
47 298
47 299
47 342
47 346
47 347
47 348
48 53
48 54
48 56
48 118
48 149
48 346
48 347
48 349
48 351
49 51
49 55
49 60
49 61
49 64
49 120
49 138
49 144
49 149
49 150
49 151
49 341
49 342
49 345
49 355
49 358
49 363
49 412
49 431
49 446
50 51
50 53
50 59
50 64
50 149
50 225
50 345
50 414
50 507
51 58
51 60
51 61
51 64
51 67
51 144
51 149
51 342
51 345
51 352
51 353
51 354
51 363
51 412
51 414
52 57
52 65
52 110
52 114
52 116
52 117
52 123
52 124
52 151
52 194
52 350
52 401
53 54
53 55
53 56
53 60
53 61
53 118
53 149
53 289
53 346
53 348
53 351
53 355
53 487
54 56
54 60
54 236
54 289
54 291
54 346
54 347
54 349
55 58
55 60
55 61
55 64
55 65
55 74
55 75
55 78
55 82
55 118
55 120
55 138
55 140
55 146
55 147
55 149
55 341
55 342
55 348
55 358
55 412
55 413
55 414
55 421
55 433
55 434
55 439
55 445
55 446
56 59
56 60
56 118
56 236
56 240
56 298
56 299
56 340
56 346
56 347
56 349
56 410
56 540
56 547
56 549
56 556
57 65
57 105
57 117
57 118
57 123
57 357
58 60
58 61
58 64
58 138
58 149
58 342
58 345
58 353
58 354
58 355
58 358
58 359
58 362
58 363
59 62
59 63
59 147
59 224
59 225
59 298
60 61
60 64
60 74
60 75
60 78
60 82
60 118
60 120
60 138
60 140
60 146
60 149
60 295
60 342
60 348
60 353
60 358
60 359
60 412
60 413
60 414
60 434
60 446
61 64
61 67
61 70
61 73
61 74
61 77
61 80
61 84
61 91
61 137
61 138
61 141
61 144
61 149
61 295
61 342
61 345
61 353
61 354
61 355
61 358
61 359
61 363
61 372
61 382
61 414
61 431
62 99
62 340
62 352
62 360
63 64
63 65
63 119
63 146
63 149
63 151
63 341
63 358
63 412
63 414
63 416
63 446
64 74
64 75
64 78
64 80
64 82
64 120
64 129
64 138
64 140
64 141
64 144
64 147
64 149
64 150
64 342
64 358
64 413
64 414
64 421
64 429
64 430
64 431
64 433
64 440
64 445
64 446
65 117
65 118
65 119
65 146
65 149
65 151
65 357
65 399
65 412
65 416
65 446
66 67
66 351
66 352
66 354
66 362
66 363
67 200
67 351
67 352
67 353
67 354
67 363
68 81
68 83
68 113
68 135
68 140
68 339
68 364
68 372
68 374
68 376
68 413
68 415
68 420
68 421
68 422
68 424
68 428
68 443
68 451
68 490
68 510
68 599
69 71
69 79
69 366
69 370
69 443
70 74
70 77
70 140
70 295
70 359
70 372
70 434
70 510
71 72
71 77
71 297
71 370
72 77
73 74
73 80
73 81
73 82
73 84
73 85
73 86
73 87
73 88
73 89
73 90
73 91
73 112
73 113
73 126
73 130
73 137
73 138
73 140
73 141
73 149
73 150
73 318
73 331
73 341
73 355
73 359
73 372
73 373
73 374
73 376
73 377
73 378
73 380
73 381
73 382
73 413
73 421
73 422
73 429
73 431
73 434
73 436
74 78
74 80
74 82
74 83
74 84
74 137
74 147
74 149
74 342
74 372
74 375
74 413
74 421
74 422
75 82
75 112
75 120
75 129
75 138
75 140
75 413
75 421
75 438
76 300
76 426
76 435
77 127
77 295
77 297
77 359
77 368
77 369
77 372
78 80
78 82
78 127
78 129
78 138
78 318
78 329
78 342
78 343
78 358
78 372
78 375
78 421
78 422
78 430
78 431
79 81
79 127
79 365
79 375
79 447
80 81
80 82
80 84
80 86
80 91
80 112
80 113
80 126
80 129
80 133
80 137
80 138
80 140
80 141
80 144
80 318
80 331
80 342
80 343
80 359
80 365
80 372
80 373
80 374
80 376
80 377
80 382
80 421
80 422
80 429
80 430
80 431
80 434
80 436
81 83
81 84
81 112
81 113
81 127
81 135
81 140
81 144
81 365
81 372
81 373
81 374
81 375
81 376
81 420
81 421
81 422
82 127
82 129
82 137
82 138
82 141
82 144
82 147
82 149
82 342
82 343
82 348
82 358
82 373
82 375
82 414
82 421
82 422
82 430
82 431
82 433
82 440
83 85
83 96
83 112
83 113
83 144
83 296
83 337
83 420
83 430
83 443
83 447
83 491
84 85
84 86
84 87
84 88
84 89
84 90
84 91
84 112
84 126
84 130
84 137
84 138
84 140
84 372
84 373
84 374
84 375
84 376
84 377
84 378
84 379
84 380
84 381
84 382
84 421
84 422
84 429
84 431
84 434
84 436
85 86
85 87
85 88
85 89
85 90
85 126
85 130
85 337
85 338
85 373
85 377
85 378
85 379
85 380
85 405
85 416
86 87
86 88
86 89
86 91
86 126
86 130
86 338
86 376
86 377
86 378
86 379
86 380
86 381
86 382
86 429
86 434
87 88
87 89
87 90
87 91
87 126
87 130
87 338
87 374
87 376
87 377
87 378
87 379
87 380
87 381
87 382
87 429
87 434
88 89
88 90
88 91
88 112
88 115
88 126
88 130
88 337
88 338
88 377
88 378
88 379
88 380
88 381
88 382
88 403
88 405
88 406
89 90
89 91
89 112
89 126
89 130
89 137
89 337
89 373
89 377
89 378
89 379
89 380
89 381
89 382
89 405
90 115
90 126
90 130
90 337
90 350
90 377
90 380
90 405
91 126
91 138
91 376
91 377
91 378
91 379
91 380
91 381
91 382
91 429
91 434
92 103
92 104
92 105
92 106
92 108
92 110
92 111
92 114
92 115
92 124
92 187
92 189
92 191
92 194
92 350
92 396
92 397
92 401
92 408
93 187
94 95
95 96
95 386
96 97
96 99
96 296
96 386
96 412
96 578
97 99
98 302
98 305
99 119
99 188
99 224
99 225
99 237
99 282
99 298
99 348
99 352
99 387
99 399
99 411
99 412
99 534
99 579
100 103
100 106
100 110
100 230
100 282
100 283
100 321
100 389
100 391
100 392
100 395
100 397
100 489
100 586
101 103
101 107
101 302
101 390
102 104
102 111
102 114
102 189
102 191
102 192
102 194
103 104
103 106
103 107
103 108
103 111
103 114
103 115
103 124
103 187
103 189
103 191
103 192
103 194
103 204
103 321
103 384
103 390
103 395
103 397
103 400
104 106
104 107
104 108
104 110
104 111
104 114
104 115
104 116
104 123
104 124
104 187
104 189
104 191
104 192
104 194
104 204
104 210
104 215
104 350
104 384
104 393
104 395
104 396
104 397
104 400
104 404
104 407
104 408
104 409
105 106
105 107
105 108
105 110
105 115
105 119
105 123
105 124
105 194
105 357
105 395
105 397
105 401
105 408
105 491
105 492
105 523
106 108
106 109
106 110
106 111
106 114
106 115
106 119
106 123
106 124
106 125
106 179
106 187
106 188
106 189
106 191
106 192
106 194
106 204
106 230
106 283
106 321
106 350
106 392
106 393
106 395
106 396
106 397
106 399
106 400
106 401
106 408
106 489
106 495
107 108
107 110
107 111
107 124
107 192
107 194
107 395
107 396
107 398
107 400
108 110
108 111
108 114
108 116
108 123
108 124
108 189
108 191
108 192
108 194
108 204
108 350
108 393
108 395
108 396
108 400
108 407
108 408
108 495
109 187
109 189
109 192
109 193
109 202
109 204
109 211
109 230
109 237
109 291
109 392
109 397
109 489
109 586
110 111
110 114
110 115
110 119
110 121
110 123
110 124
110 188
110 189
110 191
110 194
110 321
110 350
110 392
110 393
110 395
110 396
110 397
110 398
110 399
110 400
110 401
110 406
110 412
110 416
110 534
111 119
111 121
111 124
111 187
111 189
111 191
111 192
111 194
111 397
111 401
112 113
112 114
112 126
112 129
112 130
112 131
112 134
112 138
112 140
112 141
112 143
112 144
112 150
112 371
112 412
112 413
112 420
112 423
112 424
112 428
112 429
112 430
112 431
112 436
112 440
112 446
112 450
112 451
112 459
112 490
112 491
113 114
113 116
113 120
113 126
113 130
113 131
113 134
113 138
113 140
113 144
113 150
113 201
113 371
113 413
113 420
113 423
113 424
113 428
113 429
113 430
113 431
113 436
113 439
113 446
113 450
113 451
113 459
113 461
113 490
113 491
114 115
114 116
114 123
114 124
114 164
114 188
114 189
114 191
114 194
114 200
114 204
114 350
114 384
114 393
114 396
114 401
114 404
114 407
114 408
114 419
114 423
114 424
114 459
115 124
115 130
115 189
115 191
115 194
115 204
115 321
115 350
115 384
115 393
115 395
115 396
115 397
115 398
115 399
115 401
115 403
115 404
115 405
115 406
115 407
115 411
115 412
115 419
115 423
115 459
115 534
116 124
116 191
116 194
116 215
116 350
116 393
116 396
116 400
116 403
116 404
116 405
116 406
116 407
116 409
116 419
116 423
116 457
117 118
117 409
117 410
118 120
118 348
118 410
119 120
119 121
119 123
119 125
119 143
119 147
119 188
119 224
119 225
119 282
119 321
119 397
119 399
119 401
119 412
119 534
120 121
120 131
120 138
120 147
120 149
120 150
120 151
120 412
120 413
120 421
120 433
120 439
120 446
121 401
122 161
123 124
123 125
123 191
123 194
123 197
123 350
123 395
123 401
123 418
123 424
124 125
124 187
124 189
124 191
124 192
124 194
124 204
124 214
124 215
124 350
124 393
124 395
124 396
124 400
124 407
124 408
124 495
124 504
125 154
125 157
125 164
125 167
125 171
125 189
125 192
125 194
125 196
125 197
125 203
125 210
125 211
125 213
125 214
125 215
125 234
126 130
126 140
126 141
126 338
126 339
126 372
126 373
126 374
126 376
126 377
126 378
126 380
126 382
126 429
126 434
126 436
127 129
127 297
127 300
127 343
127 372
127 375
127 421
127 422
128 131
128 152
128 161
128 199
128 260
128 272
128 279
128 294
128 448
128 461
128 466
128 599
129 131
129 134
129 138
129 141
129 149
129 343
129 414
129 421
129 422
129 429
129 430
129 437
129 440
129 446
129 448
130 150
130 337
130 371
130 379
130 380
130 403
130 405
130 419
130 429
130 436
130 440
130 491
131 134
131 136
131 149
131 199
131 420
131 423
131 424
131 428
131 432
131 435
131 439
131 446
131 450
131 451
131 458
131 461
131 490
131 510
132 135
132 242
132 427
133 422
134 136
134 138
134 140
134 141
134 143
134 150
134 364
134 428
134 429
134 434
134 437
134 446
134 451
134 456
134 458
134 490
135 140
135 421
135 432
136 138
136 148
136 150
136 155
136 159
136 160
136 164
136 428
136 431
136 432
136 446
136 451
136 456
136 458
137 138
137 139
137 149
137 318
137 355
137 373
137 430
137 431
138 140
138 141
138 144
138 149
138 150
138 318
138 342
138 355
138 358
138 359
138 373
138 374
138 382
138 414
138 421
138 422
138 429
138 430
138 431
138 433
138 434
138 436
139 433
140 141
140 149
140 373
140 374
140 413
140 420
140 421
140 422
140 424
140 428
140 429
140 430
140 431
140 433
140 434
140 436
140 451
140 490
140 491
140 510
141 150
141 339
141 341
141 342
141 359
141 364
141 413
141 418
141 421
141 428
141 429
141 431
141 434
141 436
141 437
141 440
141 451
142 144
142 430
142 439
143 145
143 146
143 149
143 150
143 399
143 412
143 429
143 439
143 440
143 445
143 446
143 451
143 534
144 149
144 296
144 342
144 343
144 345
144 348
144 359
144 412
144 413
144 414
144 420
144 421
144 430
144 431
144 433
144 439
144 440
144 450
144 458
145 416
145 437
145 445
145 534
146 149
146 358
146 434
146 439
147 412
148 155
148 156
148 160
148 163
148 185
148 462
148 543
149 150
149 151
149 341
149 342
149 343
149 358
149 412
149 413
149 414
149 421
149 429
149 430
149 433
149 434
149 437
149 440
149 445
149 446
149 451
149 458
150 151
150 339
150 341
150 359
150 412
150 413
150 418
150 424
150 428
150 429
150 431
150 436
150 437
150 440
150 446
150 456
150 506
151 341
151 440
151 446
151 448
151 466
152 161
152 199
152 200
152 272
152 386
152 409
152 448
153 210
153 272
153 279
153 317
154 166
154 167
154 195
154 196
154 197
154 198
154 202
154 203
154 207
154 208
154 209
154 211
154 212
154 213
154 214
154 216
154 217
154 218
154 219
154 229
154 230
154 231
154 233
154 234
154 239
154 244
154 246
154 248
154 251
154 265
154 270
154 271
154 273
154 274
154 498
154 503
154 551
154 581
155 156
155 157
155 161
155 164
155 267
155 454
155 466
156 157
156 163
156 454
156 466
156 477
157 164
157 190
157 210
158 160
158 455
159 160
159 203
159 214
159 455
159 456
160 163
160 164
160 205
160 272
160 277
160 279
160 428
161 163
161 272
161 279
161 449
161 451
161 454
161 456
162 576
163 171
163 209
163 218
163 250
163 254
163 267
163 275
163 277
163 455
163 463
163 464
163 558
164 171
164 190
164 191
164 197
164 199
164 210
164 279
164 280
164 459
165 278
166 167
166 168
166 170
166 205
166 213
166 217
166 218
166 231
166 244
166 248
166 251
166 256
166 270
166 274
166 471
166 474
166 475
166 511
166 527
167 168
167 170
167 192
167 198
167 202
167 203
167 210
167 211
167 214
167 215
167 219
167 244
167 248
167 251
167 274
167 276
167 473
167 475
167 582
168 170
168 198
168 235
168 251
168 270
168 475
168 562
169 182
169 217
169 249
169 267
169 472
169 477
170 198
170 247
170 252
170 269
170 270
170 475
171 176
171 196
171 209
171 212
171 213
171 216
171 217
171 218
171 267
171 442
171 472
171 474
171 523
172 236
172 238
172 239
172 248
172 558
172 583
173 174
173 314
173 316
173 479
173 559
174 182
174 217
174 251
174 266
174 314
174 315
174 316
174 472
174 479
174 485
174 493
174 496
174 525
174 559
175 178
175 180
175 344
175 480
175 585
175 586
176 182
176 192
176 210
176 216
176 217
176 256
176 271
176 477
176 523
176 524
176 525
177 181
178 183
178 198
178 243
178 247
178 255
178 258
178 270
181 484
182 208
182 209
182 211
182 212
182 213
182 216
182 217
182 218
182 256
182 266
182 267
182 271
182 273
182 314
182 467
182 472
182 493
182 525
182 559
183 247
184 451
186 300
187 188
187 189
187 191
187 192
187 193
187 194
187 196
187 197
187 202
187 204
187 289
187 586
187 594
188 194
188 352
188 360
189 191
189 192
189 193
189 194
189 196
189 197
189 202
189 203
189 204
189 210
189 211
189 214
189 215
189 216
189 230
189 391
189 393
189 395
189 397
189 419
189 495
189 504
190 210
191 192
191 194
191 204
191 210
191 215
191 350
191 393
191 395
191 396
191 400
191 404
191 406
191 407
191 408
191 409
191 425
192 193
192 194
192 196
192 204
192 210
192 211
192 213
192 214
192 215
192 216
192 391
192 393
192 395
192 400
192 495
193 194
193 202
193 210
193 211
193 212
193 214
193 216
194 204
194 215
194 350
194 393
194 395
194 396
194 397
194 400
194 401
194 407
194 408
195 198
195 207
195 219
195 228
195 229
195 233
195 234
195 262
195 273
195 274
195 549
195 581
196 197
196 203
196 208
196 209
196 210
196 211
196 213
196 214
196 216
196 218
196 219
196 229
196 230
196 233
196 234
196 271
196 273
196 274
196 489
196 586
197 202
197 203
197 204
197 210
197 214
197 215
197 216
197 280
198 202
198 215
198 219
198 236
198 239
198 244
198 247
198 248
198 251
198 252
198 258
198 270
198 274
198 276
198 475
198 548
198 581
199 200
199 272
199 279
199 280
199 435
199 450
199 459
199 461
199 599
200 278
200 280
200 281
200 425
200 598
201 204
201 280
201 419
201 435
201 459
201 504
202 203
202 204
202 214
202 215
202 230
202 274
202 276
202 280
202 503
202 540
203 204
203 214
203 215
203 216
203 219
203 230
203 274
204 214
204 215
204 280
204 350
204 396
204 402
204 419
204 425
204 459
204 504
205 506
206 209
206 211
206 213
206 217
206 229
206 231
206 234
206 244
206 256
206 265
206 266
206 271
206 273
206 274
206 467
206 493
206 509
206 511
206 513
206 520
206 527
206 544
206 573
207 208
207 211
207 219
207 222
207 223
207 224
207 225
207 228
207 229
207 230
207 231
207 233
207 234
207 239
207 240
207 244
207 246
207 265
207 274
207 498
207 503
207 511
207 532
207 533
207 540
207 548
207 549
207 550
207 553
207 554
207 565
207 567
207 581
208 209
208 212
208 216
208 218
208 219
208 229
208 231
208 233
208 234
208 244
208 265
208 271
208 273
208 551
208 555
209 211
209 212
209 213
209 216
209 217
209 218
209 219
209 229
209 231
209 233
209 234
209 241
209 244
209 246
209 251
209 254
209 256
209 265
209 266
209 267
209 271
209 273
209 274
209 442
209 467
209 493
209 498
209 509
209 511
209 513
209 516
209 520
209 525
209 551
210 211
210 213
210 215
211 212
211 213
211 214
211 216
211 217
211 218
211 219
211 223
211 229
211 230
211 233
211 234
211 244
211 251
211 256
211 271
211 273
211 274
211 391
211 417
211 467
211 489
211 493
211 498
211 509
211 511
211 520
211 533
211 581
212 213
212 214
212 217
212 218
212 219
212 221
212 231
212 233
212 241
212 243
212 244
212 246
212 251
212 266
212 271
212 273
212 274
212 442
212 467
212 489
212 493
212 498
212 509
212 551
213 214
213 216
213 217
213 218
213 219
213 229
213 230
213 231
213 233
213 234
213 244
213 251
213 256
213 265
213 271
213 273
213 274
213 391
213 417
213 442
213 467
213 474
213 489
213 493
213 498
213 509
213 511
213 520
213 581
214 215
214 216
214 218
214 219
214 230
214 234
214 244
214 274
214 489
214 503
215 280
215 350
215 419
215 425
215 504
216 217
216 218
216 230
216 271
216 273
216 274
216 391
216 417
216 474
216 485
216 489
216 495
216 524
216 525
217 218
217 219
217 231
217 234
217 244
217 251
217 252
217 256
217 265
217 266
217 267
217 270
217 271
217 273
217 274
217 442
217 467
217 472
217 474
217 493
217 496
217 498
217 509
217 511
217 513
217 516
217 520
217 525
217 527
217 551
217 559
218 219
218 231
218 234
218 241
218 244
218 251
218 266
218 267
218 271
218 273
218 274
218 442
219 229
219 231
219 233
219 234
219 239
219 241
219 243
219 244
219 246
219 248
219 251
219 265
219 270
219 271
219 273
219 274
219 465
219 498
219 503
219 516
219 528
219 548
220 221
220 226
220 246
220 284
220 287
220 328
220 329
220 330
220 334
220 335
220 336
220 529
220 530
220 535
220 546
221 223
221 226
221 243
221 246
221 284
221 287
221 335
221 336
221 529
221 530
221 546
222 223
222 224
222 225
222 228
222 229
222 234
222 236
222 237
222 238
222 239
222 240
222 243
222 245
222 246
222 259
222 262
222 285
222 286
222 291
222 298
222 532
222 533
222 540
222 542
222 547
222 548
222 549
222 550
222 553
222 554
222 583
223 224
223 225
223 228
223 229
223 233
223 236
223 237
223 238
223 239
223 240
223 243
223 245
223 246
223 255
223 282
223 285
223 532
223 533
223 548
223 549
223 550
223 553
223 555
223 583
224 225
224 228
224 229
224 233
224 237
224 238
224 240
224 245
224 262
224 282
224 285
224 298
224 399
224 532
224 533
224 540
224 549
224 553
225 237
225 245
225 246
225 282
225 284
225 285
225 286
225 287
225 289
225 533
225 540
225 583
226 227
226 235
226 246
226 535
226 582
227 241
227 316
227 535
227 536
227 537
227 558
228 229
228 230
228 233
228 234
228 236
228 237
228 238
228 239
228 240
228 245
228 248
228 262
228 265
228 282
228 285
228 286
228 289
228 291
228 298
228 520
228 521
228 532
228 533
228 540
228 547
228 548
228 549
228 550
228 553
228 555
228 581
228 583
228 584
228 586
229 230
229 231
229 233
229 234
229 236
229 237
229 238
229 239
229 240
229 244
229 245
229 246
229 248
229 265
229 271
229 273
229 282
229 285
229 289
229 291
229 467
229 498
229 511
229 520
229 521
229 532
229 533
229 540
229 542
229 544
229 548
229 549
229 550
229 551
229 553
229 555
229 581
229 583
230 233
230 234
230 236
230 237
230 239
230 244
230 246
230 274
230 282
230 283
230 285
230 286
230 289
230 291
230 489
230 503
230 511
230 540
230 548
230 562
230 581
230 583
230 586
231 234
231 239
231 241
231 243
231 244
231 246
231 248
231 251
231 256
231 265
231 266
231 270
231 271
231 273
231 274
231 465
231 467
231 474
231 493
231 498
231 509
231 511
231 513
231 516
231 520
231 521
231 527
231 542
231 544
231 550
231 551
231 561
231 581
232 254
232 265
232 268
232 269
232 271
232 273
233 234
233 237
233 244
233 246
233 265
233 271
233 273
233 286
233 555
233 579
233 581
234 236
234 237
234 238
234 239
234 240
234 244
234 246
234 248
234 251
234 256
234 265
234 271
234 273
234 274
234 282
234 285
234 286
234 289
234 291
234 498
234 511
234 520
234 521
234 548
234 551
234 581
234 583
234 584
234 586
235 236
235 237
235 238
235 239
235 240
235 244
235 246
235 248
235 285
235 286
235 291
235 475
235 499
235 503
235 529
235 546
235 547
235 548
235 554
235 583
235 584
236 237
236 238
236 239
236 240
236 243
236 244
236 245
236 246
236 248
236 282
236 284
236 285
236 286
236 289
236 291
236 298
236 529
236 532
236 533
236 540
236 546
236 547
236 548
236 549
236 550
236 553
236 554
236 581
236 582
236 583
236 584
236 586
237 238
237 239
237 240
237 245
237 246
237 248
237 282
237 284
237 285
237 286
237 287
237 289
237 291
237 298
237 410
237 529
237 531
237 532
237 533
237 540
237 546
237 547
237 548
237 549
237 550
237 553
237 555
237 579
237 581
237 582
237 583
237 584
237 586
238 239
238 240
238 243
238 244
238 245
238 246
238 248
238 285
238 286
238 291
238 298
238 521
238 532
238 540
238 542
238 546
238 547
238 548
238 549
238 550
238 553
238 554
238 556
238 581
238 582
238 583
238 584
239 240
239 241
239 243
239 244
239 245
239 246
239 248
239 251
239 265
239 268
239 271
239 285
239 286
239 291
239 498
239 503
239 511
239 520
239 521
239 529
239 540
239 542
239 546
239 547
239 548
239 549
239 550
239 551
239 552
239 553
239 554
239 581
239 582
239 583
239 584
240 243
240 245
240 246
240 284
240 285
240 286
240 291
240 298
240 521
240 522
240 529
240 532
240 533
240 540
240 542
240 546
240 547
240 548
240 549
240 550
240 552
240 553
240 554
240 556
240 581
240 582
240 583
240 584
241 244
241 246
241 529
241 546
241 548
241 551
241 552
241 555
242 325
242 552
243 244
243 245
243 246
243 247
243 255
243 259
243 265
243 486
243 529
243 532
243 533
243 540
243 542
243 546
243 547
243 548
243 549
243 550
243 552
243 553
243 554
244 246
244 248
244 251
244 265
244 271
244 273
244 274
244 285
244 286
244 465
244 471
244 493
244 498
244 503
244 509
244 511
244 520
244 529
244 540
244 546
244 548
244 550
244 551
244 555
244 581
244 582
244 583
245 246
245 262
245 285
245 298
245 521
245 532
245 533
245 540
245 542
245 547
245 548
245 549
245 550
245 553
245 554
245 583
246 251
246 265
246 285
246 286
246 287
246 465
246 498
246 503
246 516
246 529
246 532
246 533
246 540
246 546
246 547
246 548
246 549
246 550
246 551
246 552
246 553
246 554
246 582
246 583
246 584
247 255
247 258
247 259
247 268
247 479
248 250
248 252
248 268
248 270
248 271
248 274
248 285
248 286
248 291
248 475
248 498
248 511
248 546
248 547
248 548
248 551
248 555
248 558
248 561
248 581
248 583
248 584
248 587
249 477
250 252
250 253
250 254
250 267
250 268
250 269
250 271
250 275
250 463
250 464
250 558
250 560
250 561
251 252
251 266
251 270
251 274
251 471
251 475
251 493
251 498
251 511
252 254
252 256
252 266
252 268
252 269
252 270
252 271
252 273
252 560
252 561
253 558
254 267
254 268
254 269
254 271
254 275
254 463
254 464
254 558
254 561
255 258
255 550
255 553
256 263
256 265
256 266
256 268
256 269
256 270
256 271
256 273
256 274
256 467
256 493
256 509
256 511
256 513
256 520
256 527
256 561
256 573
257 293
257 488
257 505
257 565
257 568
257 588
257 592
258 263
258 269
258 270
259 486
259 528
259 540
259 550
259 554
259 565
259 566
260 261
260 294
261 293
261 294
262 263
262 298
262 299
262 410
262 547
262 549
262 553
263 265
263 269
263 270
263 273
264 463
265 266
265 268
265 271
265 273
265 274
265 453
265 467
265 493
265 498
265 511
265 513
265 516
265 520
265 521
265 527
265 542
265 544
265 551
265 552
265 561
266 267
266 268
266 269
266 270
266 271
266 273
266 467
266 493
266 511
266 513
266 516
266 525
266 527
266 560
267 442
267 463
267 472
267 525
268 269
268 270
268 271
268 273
268 561
268 570
269 270
269 271
269 275
269 560
270 271
270 273
270 274
271 273
271 274
271 467
271 493
271 511
271 520
271 561
272 277
272 279
273 274
274 493
274 498
274 509
275 277
275 563
276 294
277 279
280 281
280 435
280 459
282 283
282 285
282 286
282 287
282 289
282 291
282 321
282 389
282 397
282 399
282 531
282 533
282 534
282 540
282 579
282 583
282 584
282 586
283 321
283 389
283 391
283 397
283 489
283 586
284 285
284 286
284 287
284 289
284 291
284 330
284 529
284 546
284 547
284 550
284 582
284 583
284 584
285 286
285 287
285 289
285 291
285 499
285 503
285 522
285 529
285 532
285 533
285 540
285 546
285 547
285 548
285 549
285 550
285 553
285 554
285 555
285 581
285 582
285 583
285 584
285 586
285 587
286 287
286 289
286 291
286 299
286 387
286 410
286 503
286 522
286 529
286 532
286 533
286 540
286 546
286 547
286 548
286 549
286 553
286 555
286 579
286 581
286 582
286 583
286 584
286 586
287 289
287 291
287 529
287 530
287 531
287 582
287 583
287 584
288 289
288 587
289 291
289 540
289 581
289 582
289 583
289 584
289 586
289 587
290 579
291 387
291 410
291 522
291 529
291 532
291 533
291 540
291 547
291 548
291 549
291 550
291 555
291 579
291 581
291 582
291 583
291 584
291 586
291 587
292 478
293 294
293 598
295 296
295 297
295 300
295 458
295 490
295 539
295 595
296 297
296 343
296 420
296 423
296 435
296 448
296 450
296 458
296 596
296 600
297 300
297 571
298 299
298 340
298 387
298 410
298 540
298 547
298 549
298 553
298 568
298 579
299 410
299 540
300 541
301 386
301 439
301 491
302 304
302 305
302 311
302 319
302 320
302 322
302 323
302 324
302 327
302 329
302 332
302 333
302 335
302 389
302 390
303 304
303 310
303 315
303 317
304 305
304 308
304 311
304 314
304 315
304 319
304 320
304 323
304 334
304 335
305 319
305 320
305 322
305 323
305 324
305 329
305 335
306 309
307 336
308 311
308 315
309 310
311 319
313 314
313 316
314 315
314 316
314 525
314 559
315 317
315 319
316 559
318 320
318 323
318 328
318 329
318 331
318 333
318 373
318 374
319 388
320 322
320 323
320 324
320 327
320 328
320 329
320 330
320 331
320 332
320 333
320 334
320 335
320 336
320 389
320 580
321 357
321 389
321 390
321 391
321 392
321 395
321 397
321 398
321 399
321 401
321 531
321 534
321 586
322 323
322 324
322 327
322 329
322 389
323 324
323 327
323 328
323 329
323 330
323 331
323 332
323 333
323 334
323 335
323 336
323 580
324 326
324 327
324 328
324 329
324 332
324 333
324 334
324 335
327 328
327 329
327 331
327 332
327 333
327 335
327 336
328 329
328 330
328 331
328 332
328 333
328 334
328 335
328 336
328 580
329 330
329 331
329 332
329 333
329 334
329 335
329 336
330 334
330 335
331 332
331 333
332 333
332 334
332 335
332 336
332 443
333 334
333 335
333 336
333 443
333 580
334 335
334 336
334 375
335 336
335 530
335 580
336 580
337 338
337 371
337 379
337 380
337 403
337 405
337 406
338 339
338 377
338 378
338 379
338 380
338 382
338 434
339 341
339 342
339 343
339 358
339 359
339 364
339 371
339 372
339 374
339 413
339 415
339 420
339 421
339 422
339 434
339 599
340 344
340 346
340 347
340 349
340 351
340 352
340 403
340 410
341 345
341 358
341 359
341 412
341 413
341 416
341 424
341 428
341 429
341 445
341 446
341 491
342 343
342 346
342 347
342 348
342 353
342 354
342 358
342 414
342 421
342 422
342 430
342 431
342 433
342 434
343 346
343 347
343 358
343 361
343 375
343 414
343 430
344 346
344 349
344 410
345 354
345 359
345 363
345 382
345 412
345 414
345 483
346 347
346 349
346 351
346 354
346 361
346 566
347 349
348 355
348 358
348 398
348 410
348 411
348 413
349 351
349 566
350 357
350 393
350 395
350 396
350 398
350 400
350 401
350 404
350 405
350 406
350 407
350 408
350 409
350 410
350 411
350 416
350 419
350 423
350 425
351 352
351 353
351 354
351 361
351 363
352 360
352 412
353 354
353 359
353 361
353 363
354 359
354 361
354 363
355 359
355 373
355 382
355 431
356 481
357 358
357 399
357 401
357 411
357 412
357 416
357 423
357 424
357 445
357 497
357 534
358 413
358 414
358 416
358 421
358 422
358 429
358 430
358 434
358 439
358 443
358 445
358 446
358 447
359 372
359 413
359 431
359 441
359 445
360 596
361 363
361 596
362 363
363 447
364 372
364 374
364 422
364 428
364 429
364 434
364 456
365 370
365 373
365 374
365 375
365 376
365 421
365 422
367 431
368 369
369 372
369 375
369 422
369 429
370 375
371 403
371 405
371 416
371 422
371 423
371 424
371 429
371 433
371 600
372 374
372 375
372 376
372 382
372 413
372 421
372 422
372 429
372 445
373 374
373 376
373 421
373 422
373 431
373 433
373 434
373 436
374 376
374 377
374 378
374 380
374 382
374 421
374 422
374 434
374 436
375 376
375 421
375 422
376 377
376 380
376 381
376 382
376 421
376 422
376 429
376 434
376 436
377 378
377 379
377 380
377 381
377 382
377 429
377 434
378 379
378 380
378 381
378 382
378 429
378 434
379 380
379 381
379 405
380 381
380 382
380 405
380 429
380 434
381 382
382 429
382 434
383 415
384 385
384 393
384 395
384 396
384 397
384 398
384 401
384 408
384 411
384 413
384 423
384 491
384 492
385 393
385 396
385 398
385 400
385 401
385 404
385 407
385 408
385 409
385 444
386 409
387 505
387 532
387 539
387 540
387 549
387 579
387 584
387 586
387 594
387 595
389 390
389 391
389 392
389 397
389 530
389 531
389 580
390 391
390 392
390 395
390 397
390 398
390 531
390 533
391 395
391 402
391 417
391 474
391 485
391 489
391 493
391 495
391 496
391 509
391 511
391 520
392 395
392 397
392 398
393 394
393 395
393 396
393 397
393 398
393 400
393 401
393 404
393 406
393 407
393 408
393 409
393 419
393 423
393 424
393 491
393 492
393 495
393 504
394 395
394 396
394 407
394 408
394 417
394 472
394 485
394 492
394 495
394 496
394 501
394 504
395 396
395 397
395 398
395 400
395 401
395 406
395 407
395 408
395 495
396 397
396 398
396 400
396 401
396 404
396 406
396 407
396 408
396 409
396 411
396 419
396 425
396 491
396 492
396 504
397 398
397 399
397 401
397 408
397 417
397 489
397 495
397 531
397 534
398 400
398 401
398 404
398 406
398 407
398 408
398 409
398 410
398 411
398 413
399 401
399 412
399 416
399 424
399 497
399 534
399 539
400 401
400 404
400 406
400 407
400 408
400 409
400 410
400 411
400 425
401 404
401 406
401 407
401 408
401 409
401 411
401 412
401 413
401 416
401 423
401 424
401 491
401 534
402 417
402 419
402 459
402 471
402 504
402 509
402 519
403 404
403 405
403 406
403 407
403 409
403 419
403 423
403 457
403 459
404 405
404 406
404 407
404 409
404 423
404 424
404 491
405 406
405 407
405 409
405 416
405 419
405 423
406 407
406 408
406 409
406 411
406 419
406 423
406 425
406 491
407 408
407 409
407 419
407 423
407 491
407 504
408 417
408 418
408 419
408 485
408 491
408 492
408 495
408 504
409 410
409 411
409 423
409 425
410 411
410 547
410 584
411 412
411 413
411 416
411 423
412 413
412 416
412 423
412 424
412 440
412 445
412 534
413 415
413 416
413 420
413 421
413 422
413 423
413 424
413 429
413 431
413 433
413 438
413 439
413 440
413 443
413 445
413 450
413 451
413 491
413 534
414 421
414 429
414 446
415 416
415 420
415 422
415 423
415 424
415 443
415 450
415 451
415 490
415 510
415 597
415 599
415 600
416 423
416 424
416 439
416 445
416 450
416 451
416 491
416 497
416 534
417 418
417 442
417 452
417 460
417 467
417 474
417 485
417 489
417 492
417 494
417 495
417 496
417 497
417 501
417 504
417 509
417 515
417 518
417 519
417 520
417 523
417 531
418 424
418 428
418 449
418 451
418 456
418 491
418 492
418 515
418 519
419 459
419 504
420 421
420 422
420 423
420 424
420 436
420 439
420 443
420 450
420 451
420 490
420 491
421 422
421 429
421 431
421 433
421 434
421 436
421 445
422 429
422 433
422 434
422 436
422 443
422 445
423 424
423 446
423 450
423 451
423 459
423 490
423 491
424 428
424 429
424 439
424 445
424 446
424 450
424 451
424 490
424 491
424 510
427 443
427 588
428 429
428 432
428 434
428 436
428 437
428 446
428 451
428 456
428 458
428 490
429 434
429 436
429 445
429 446
429 451
429 456
430 431
430 435
430 436
430 439
430 440
430 446
430 450
430 451
430 458
430 490
430 491
431 433
431 436
431 440
431 441
431 458
432 437
432 446
432 448
432 450
432 451
432 454
432 456
432 458
432 461
432 466
432 490
432 510
432 545
432 600
433 438
433 440
434 436
434 446
434 451
434 456
435 450
435 458
435 459
435 461
435 490
436 460
436 491
437 440
437 446
437 448
437 449
437 451
437 456
437 600
439 443
439 445
439 446
439 450
439 451
439 490
439 510
439 534
440 446
440 451
440 491
442 452
442 465
442 467
442 471
442 472
442 474
442 489
442 493
442 496
442 498
442 501
442 509
442 525
443 445
443 447
443 451
443 490
443 510
444 477
445 446
445 450
445 451
445 490
445 510
445 534
446 450
446 451
446 454
446 456
446 466
446 490
446 510
446 545
448 461
448 466
448 599
448 600
449 456
449 464
450 451
450 458
450 459
450 461
450 490
450 510
450 597
450 599
450 600
451 454
451 456
451 458
451 490
451 491
451 497
451 510
451 545
452 453
452 455
452 465
452 467
452 494
452 496
452 498
452 501
452 513
452 515
452 516
452 525
453 464
453 465
453 467
453 494
453 498
453 511
453 512
453 513
453 514
453 515
453 516
453 518
453 520
453 521
453 525
453 527
453 544
453 561
453 571
453 581
454 456
454 464
454 490
454 510
454 515
454 545
455 463
455 465
455 512
455 516
456 515
457 459
457 469
457 500
457 577
457 578
458 461
458 490
458 510
458 600
459 469
459 504
460 490
460 492
460 494
460 501
460 514
460 523
461 466
461 490
461 500
461 578
461 590
461 600
463 464
463 513
463 558
463 561
464 467
464 514
464 515
464 518
464 543
464 544
464 558
464 561
465 467
465 474
465 493
465 498
465 503
465 509
465 511
465 512
465 513
465 516
465 527
465 528
465 544
465 551
465 581
466 500
467 474
467 485
467 489
467 493
467 494
467 496
467 498
467 501
467 509
467 511
467 513
467 514
467 516
467 518
467 520
467 523
467 525
467 526
467 527
467 531
467 533
467 544
467 551
467 558
467 581
468 574
469 500
470 472
470 477
471 472
471 474
471 493
471 496
471 501
471 509
471 525
472 477
472 493
472 495
472 496
472 509
472 523
472 525
472 526
472 559
473 522
473 577
474 485
474 489
474 493
474 495
474 496
474 498
474 501
474 509
474 511
474 520
474 525
474 551
475 480
475 546
475 547
475 548
475 562
476 562
477 523
477 526
478 556
479 559
480 481
480 483
481 566
482 483
484 566
485 489
485 492
485 493
485 495
485 496
485 501
485 509
485 525
486 550
486 554
486 566
488 538
488 566
488 588
488 590
488 592
489 493
489 495
489 496
489 498
489 501
489 509
489 511
489 519
489 520
489 531
489 533
489 551
489 555
489 581
490 491
490 510
490 514
491 492
491 504
491 510
492 495
492 501
492 504
493 494
493 496
493 498
493 501
493 509
493 511
493 513
493 516
493 520
493 525
493 527
493 544
493 551
493 559
494 496
494 501
494 512
494 513
494 514
494 516
494 518
494 520
494 523
494 525
494 526
494 531
494 544
495 496
495 501
495 504
496 498
496 501
496 509
496 513
496 516
496 520
496 525
496 559
497 515
497 518
498 501
498 503
498 509
498 511
498 513
498 516
498 520
498 527
498 528
498 529
498 531
498 532
498 533
498 544
498 551
498 555
498 581
499 505
499 522
499 584
499 588
499 592
500 505
500 564
500 571
500 576
500 578
500 591
500 594
500 597
500 600
501 509
501 520
501 531
502 503
502 505
502 509
502 517
502 594
503 505
503 511
503 516
503 522
503 528
503 529
503 532
503 540
503 547
503 548
503 549
503 550
503 551
503 554
503 562
503 564
503 565
503 581
503 583
503 594
505 522
505 528
505 532
505 540
505 565
505 594
505 595
505 596
506 543
507 527
507 542
507 567
508 521
508 541
509 511
509 516
509 517
509 520
509 551
510 512
510 514
510 515
510 545
510 595
511 513
511 516
511 520
511 521
511 525
511 527
511 533
511 542
511 544
511 548
511 551
511 555
511 581
512 513
512 514
512 515
512 516
513 516
513 520
513 521
513 525
513 526
513 527
513 542
513 544
513 551
513 552
513 561
514 518
514 523
515 518
515 519
516 520
516 525
516 527
516 528
516 542
516 544
516 551
516 561
516 581
518 520
518 523
518 531
518 544
519 569
519 595
520 521
520 523
520 527
520 531
520 533
520 544
520 551
520 581
521 527
521 542
521 544
521 549
521 550
521 552
521 553
521 556
521 561
521 570
521 572
521 573
521 574
521 581
522 529
522 540
522 546
522 547
522 548
522 549
522 550
522 554
522 564
522 565
522 572
522 583
522 584
523 524
523 525
523 526
523 527
525 526
525 527
525 559
526 527
526 536
526 559
527 542
527 544
528 565
529 530
529 531
529 532
529 533
529 540
529 546
529 547
529 548
529 549
529 550
529 551
529 553
529 554
529 555
529 581
529 582
529 583
529 584
530 531
530 533
530 546
530 555
530 580
531 533
531 551
531 555
531 584
532 533
532 540
532 542
532 546
532 547
532 548
532 549
532 550
532 553
532 554
532 555
532 562
532 565
532 581
532 583
532 584
532 586
533 540
533 547
533 548
533 549
533 551
533 553
533 554
533 555
533 562
533 581
533 583
533 584
533 586
534 539
536 543
538 566
539 540
539 541
539 564
539 594
539 595
540 547
540 548
540 549
540 550
540 553
540 554
540 562
540 564
540 565
540 566
540 572
540 581
540 582
540 583
540 584
540 586
540 594
541 564
541 574
541 576
541 594
542 548
542 549
542 550
542 552
542 553
542 554
542 562
542 567
542 572
542 573
544 558
544 561
544 581
546 547
546 548
546 549
546 550
546 553
546 554
546 583
546 584
547 548
547 549
547 550
547 553
547 554
547 556
547 562
547 572
547 581
547 582
547 583
547 584
547 586
548 549
548 550
548 551
548 553
548 554
548 562
548 564
548 565
548 572
548 581
548 582
548 583
548 584
549 550
549 553
549 554
549 556
549 564
549 565
549 581
549 583
549 584
549 586
550 552
550 553
550 554
550 562
550 572
550 581
550 583
551 555
551 581
551 583
552 553
552 554
552 570
553 554
553 562
553 565
553 581
553 583
554 562
554 565
554 583
555 581
555 583
555 584
555 586
556 564
556 572
556 574
556 575
556 584
557 559
558 561
560 561
560 570
560 571
560 573
562 567
562 572
562 583
564 572
564 574
564 576
565 566
565 594
565 598
570 574
571 574
572 573
572 574
574 575
574 576
574 590
575 576
576 578
576 590
578 590
578 592
578 600
579 584
581 583
581 584
581 586
581 587
582 583
582 584
582 586
583 584
583 586
583 587
584 586
588 589
588 592
589 590
589 592
590 592
594 595
594 598
595 597
596 597
596 598
596 600
597 599
597 600
599 600
