600 5393

1 98
1 290
1 322
1 325
1 443
1 582
1 596
2 20
2 292
2 301
2 302
2 322
3 7
3 37
3 102
3 308
3 559
4 11
4 18
4 19
4 20
4 21
4 22
4 35
4 38
4 100
4 317
4 333
5 24
5 29
5 32
5 304
5 312
5 319
5 324
5 326
5 331
6 264
7 9
7 12
7 15
7 249
7 306
7 485
8 486
9 15
9 485
10 266
11 16
11 19
11 20
11 21
11 23
11 94
11 98
11 100
11 101
11 103
11 287
11 317
11 318
11 319
11 320
11 321
11 327
11 335
11 336
12 13
12 14
12 15
12 16
12 17
12 209
12 306
12 309
12 313
12 315
12 316
13 209
13 313
14 15
14 16
14 17
14 209
14 313
14 315
14 316
14 318
15 17
15 313
15 315
15 316
16 17
16 18
16 19
16 23
16 37
16 318
16 319
16 320
17 19
17 23
17 37
17 313
17 315
17 316
17 318
18 37
18 98
18 100
18 101
18 102
18 103
18 110
18 283
18 319
18 321
18 336
18 389
18 391
19 21
19 22
19 23
19 26
19 31
19 33
19 35
19 36
19 37
19 38
19 220
19 221
19 222
19 237
19 240
19 286
19 287
19 318
19 319
19 320
19 328
19 329
19 333
19 334
19 335
19 336
20 21
20 30
20 33
20 94
20 95
20 98
20 100
20 101
20 103
20 104
20 117
20 292
20 304
20 305
20 319
20 320
20 321
20 322
20 329
20 332
20 335
20 390
20 391
20 530
21 22
21 30
21 33
21 36
21 38
21 94
21 100
21 101
21 103
21 104
21 220
21 221
21 237
21 287
21 292
21 304
21 319
21 320
21 321
21 322
21 323
21 324
21 327
21 329
21 330
21 332
21 333
21 334
21 335
21 336
21 391
21 392
21 529
21 530
22 26
22 28
22 31
22 327
22 328
22 329
22 582
22 583
23 26
23 28
23 30
23 31
23 36
23 38
23 303
23 319
23 320
23 324
23 336
24 29
24 304
24 324
24 326
24 331
25 229
25 230
25 285
25 546
25 581
26 28
26 31
26 34
26 36
26 220
26 237
26 286
26 287
26 327
26 328
26 332
26 333
26 335
26 549
26 584
27 32
27 304
28 30
28 31
28 34
28 237
28 286
28 287
28 327
28 328
28 332
28 335
28 584
29 32
29 312
29 331
30 31
30 32
30 33
30 36
30 38
30 220
30 237
30 287
30 320
30 321
30 323
30 324
30 328
30 329
30 330
30 332
30 333
30 335
30 336
31 34
31 36
31 220
31 237
31 286
31 287
31 327
31 328
31 329
31 332
32 312
33 34
33 35
33 36
33 38
33 100
33 101
33 220
33 221
33 222
33 237
33 286
33 287
33 320
33 321
33 323
33 324
33 328
33 329
33 330
33 332
33 333
33 334
33 335
33 336
33 391
33 392
33 529
33 530
33 533
33 553
33 584
34 36
34 97
34 99
34 220
34 237
34 240
34 244
34 262
34 286
34 287
34 327
34 328
34 330
34 332
34 333
34 335
34 339
34 421
34 439
34 440
34 529
34 530
34 549
34 553
34 584
35 36
35 37
35 38
35 220
35 221
35 223
35 237
35 333
35 334
35 335
35 336
35 389
35 391
35 392
35 530
36 38
36 220
36 221
36 237
36 287
36 320
36 327
36 328
36 329
36 330
36 332
36 333
36 334
36 335
36 336
36 529
36 530
36 553
37 38
37 102
37 221
37 313
37 320
37 333
37 334
37 336
37 392
38 100
38 220
38 221
38 237
38 287
38 320
38 321
38 332
38 333
38 334
38 335
38 336
38 389
38 391
38 392
38 530
38 533
39 42
39 47
39 88
39 89
39 113
39 115
39 116
39 337
39 340
40 44
40 49
40 50
40 54
40 58
40 61
40 63
40 64
40 73
40 75
40 78
40 82
40 124
40 132
40 134
40 136
40 142
40 144
40 149
40 150
40 161
40 242
40 349
40 355
40 418
40 440
40 456
41 42
41 43
41 45
41 46
41 48
41 50
41 53
41 54
41 55
41 58
41 59
41 61
41 88
41 89
41 115
41 337
41 338
41 342
41 343
41 344
41 346
41 347
41 349
41 409
41 411
42 43
42 45
42 46
42 47
42 48
42 53
42 54
42 55
42 58
42 59
42 60
42 61
42 64
42 88
42 89
42 115
42 116
42 123
42 138
42 337
42 340
42 342
42 343
42 344
42 347
42 348
42 349
42 356
42 406
42 407
42 409
42 411
43 45
43 46
43 48
43 52
43 54
43 55
43 57
43 58
43 59
43 60
43 79
43 81
43 88
43 89
43 90
43 91
43 118
43 122
43 337
43 338
43 339
43 340
43 342
43 343
43 344
43 345
43 347
43 349
43 351
43 353
43 356
43 359
43 363
43 376
43 381
43 396
43 398
43 409
44 49
44 50
44 54
44 58
44 60
44 61
44 63
44 64
44 65
44 68
44 73
44 74
44 75
44 78
44 79
44 82
44 90
44 126
44 129
44 134
44 138
44 140
44 141
44 146
44 149
44 150
44 161
44 203
44 242
44 341
44 348
44 353
44 355
44 356
44 357
44 359
44 372
44 418
44 421
44 429
44 430
44 432
44 440
44 447
44 448
44 462
45 46
45 48
45 50
45 53
45 54
45 58
45 59
45 61
45 73
45 89
45 337
45 338
45 340
45 342
45 343
45 344
45 346
45 347
45 349
45 356
45 359
45 375
45 376
45 409
45 411
45 447
46 48
46 52
46 54
46 58
46 89
46 115
46 337
46 338
46 340
46 342
46 343
46 344
46 346
46 347
46 349
46 398
46 407
46 409
46 411
47 56
47 57
47 60
47 88
47 115
47 116
47 123
47 204
47 337
47 340
47 344
47 347
47 375
47 405
47 406
48 52
48 54
48 55
48 57
48 58
48 59
48 62
48 89
48 337
48 338
48 340
48 342
48 343
48 344
48 345
48 346
48 347
48 349
48 351
48 358
48 398
48 409
48 410
48 411
49 50
49 53
49 54
49 58
49 59
49 60
49 61
49 63
49 64
49 65
49 68
49 75
49 79
49 81
49 82
49 90
49 91
49 126
49 129
49 134
49 136
49 138
49 140
49 141
49 147
49 148
49 149
49 150
49 152
49 159
49 161
49 339
49 341
49 348
49 353
49 354
49 355
49 356
49 357
49 359
49 363
49 372
49 415
49 418
49 421
49 429
49 430
49 437
49 440
49 446
49 448
49 454
49 456
49 462
49 577
50 51
50 54
50 58
50 59
50 61
50 63
50 64
50 65
50 75
50 82
50 124
50 149
50 351
50 359
50 447
51 62
51 124
51 345
51 351
51 362
51 447
52 57
52 62
52 89
52 123
52 337
52 338
52 340
52 342
52 343
52 345
52 346
52 347
52 351
52 352
52 358
52 395
52 416
53 54
53 55
53 58
53 60
53 61
53 63
53 89
53 146
53 337
53 344
53 348
53 349
53 350
53 353
53 355
53 357
53 359
53 409
53 418
53 426
53 444
53 456
53 457
54 55
54 58
54 59
54 60
54 61
54 63
54 64
54 73
54 82
54 88
54 89
54 115
54 116
54 124
54 138
54 142
54 144
54 146
54 204
54 337
54 338
54 340
54 342
54 343
54 344
54 346
54 347
54 348
54 349
54 350
54 353
54 355
54 356
54 357
54 359
54 375
54 406
54 407
54 409
54 411
54 418
54 444
54 447
55 56
55 57
55 58
55 59
55 60
55 64
55 66
55 88
55 89
55 115
55 120
55 204
55 299
55 348
55 354
55 363
55 409
55 413
56 57
56 60
56 65
56 204
56 347
56 348
56 381
56 400
56 413
57 58
57 59
57 60
57 64
57 65
57 66
57 125
57 149
57 152
57 204
57 338
57 340
57 347
57 350
57 351
57 358
57 412
57 413
58 59
58 60
58 61
58 63
58 64
58 65
58 82
58 88
58 89
58 115
58 116
58 123
58 124
58 134
58 138
58 142
58 146
58 149
58 150
58 204
58 337
58 340
58 342
58 344
58 346
58 348
58 349
58 350
58 353
58 354
58 355
58 356
58 357
58 359
58 363
58 406
58 407
58 409
58 418
58 444
58 447
58 462
59 60
59 61
59 62
59 63
59 64
59 124
59 134
59 311
59 347
59 349
59 351
59 414
59 447
60 61
60 63
60 64
60 65
60 66
60 79
60 81
60 82
60 88
60 91
60 134
60 204
60 296
60 338
60 339
60 341
60 344
60 347
60 348
60 349
60 350
60 353
60 354
60 355
60 356
60 357
60 359
60 363
60 375
60 381
60 413
60 418
60 421
60 422
60 440
61 63
61 64
61 66
61 68
61 73
61 75
61 79
61 82
61 91
61 134
61 138
61 142
61 145
61 146
61 149
61 150
61 161
61 203
61 337
61 339
61 341
61 344
61 348
61 349
61 350
61 353
61 354
61 355
61 356
61 357
61 359
61 363
61 375
61 415
61 418
61 421
61 429
61 430
61 437
61 440
61 444
61 447
61 448
61 454
61 456
61 458
62 67
62 345
62 351
62 352
62 358
63 64
63 65
63 68
63 73
63 75
63 79
63 82
63 149
63 150
63 341
63 349
63 353
63 355
63 356
63 357
63 359
63 418
64 82
64 125
64 134
64 147
64 149
64 152
64 348
64 357
64 359
64 414
64 418
65 75
65 79
65 149
65 348
65 362
65 413
66 67
66 351
66 354
66 362
66 363
67 81
67 345
67 351
67 358
67 361
67 363
67 395
67 412
67 414
67 445
68 69
68 81
68 82
68 90
68 341
68 353
68 355
68 359
68 364
68 365
68 383
68 421
68 429
68 437
68 506
69 70
69 71
69 74
69 75
69 79
69 129
69 140
69 203
69 242
69 294
69 339
69 341
69 364
69 365
69 367
69 368
69 369
69 370
69 372
69 373
69 415
69 421
69 425
69 429
69 438
69 440
69 592
69 593
70 71
70 143
70 146
70 180
70 242
70 246
70 262
70 294
70 370
70 415
70 593
71 72
71 129
71 160
71 242
71 297
71 341
71 364
71 368
71 370
71 415
71 420
71 421
71 429
71 438
71 440
71 448
71 589
71 592
71 593
72 77
72 593
73 74
73 75
73 78
73 82
73 133
73 134
73 138
73 139
73 150
73 369
73 372
73 430
74 78
74 82
74 135
74 150
74 201
74 203
74 242
74 365
74 367
74 368
74 369
74 370
74 372
74 419
74 423
74 425
74 429
74 430
74 432
74 435
74 437
74 442
74 458
74 500
74 504
75 78
75 79
75 82
75 140
75 161
75 341
75 353
75 355
75 359
75 372
76 127
76 129
76 132
76 145
76 148
76 158
76 163
76 176
76 179
76 228
76 260
76 293
76 415
76 418
76 427
76 428
76 429
76 437
76 448
76 456
76 457
76 458
76 481
76 484
76 543
76 599
77 144
77 146
77 175
78 82
78 193
78 201
78 372
78 435
78 442
78 461
78 500
78 509
79 81
79 82
79 83
79 88
79 90
79 91
79 122
79 126
79 134
79 140
79 141
79 149
79 150
79 339
79 341
79 348
79 353
79 355
79 357
79 359
79 363
79 368
79 370
79 372
79 375
79 376
79 381
79 413
79 421
79 422
79 430
79 440
80 546
80 581
81 83
81 87
81 90
81 91
81 122
81 126
81 134
81 140
81 141
81 292
81 332
81 338
81 339
81 341
81 347
81 353
81 354
81 355
81 357
81 359
81 363
81 364
81 365
81 368
81 370
81 374
81 377
81 380
81 381
81 414
81 421
81 422
81 434
81 440
81 445
81 446
82 90
82 126
82 134
82 138
82 139
82 140
82 141
82 149
82 150
82 161
82 162
82 341
82 348
82 353
82 355
82 357
82 359
82 372
82 375
82 418
82 430
82 432
82 442
82 462
82 464
82 576
82 577
83 122
83 126
83 129
83 130
83 134
83 135
83 140
83 141
83 160
83 161
83 296
83 368
83 370
83 372
83 420
83 421
83 422
83 423
83 430
83 434
83 440
83 504
84 86
84 87
84 377
84 380
85 442
86 87
86 91
86 374
86 377
86 380
86 381
87 90
87 91
87 374
87 377
87 380
87 381
88 89
88 95
88 109
88 115
88 116
88 117
88 118
88 126
88 130
88 138
88 204
88 299
88 349
88 375
88 376
88 396
88 398
88 405
88 406
88 409
88 410
88 435
89 96
89 109
89 115
89 116
89 118
89 123
89 337
89 338
89 340
89 342
89 343
89 344
89 346
89 347
89 349
89 398
89 407
89 409
89 411
90 91
90 122
90 126
90 140
90 150
90 339
90 341
90 353
90 355
90 359
90 365
90 368
90 380
91 338
91 339
91 341
91 347
91 353
91 354
91 355
91 356
91 359
91 363
91 377
91 380
91 381
92 487
93 98
93 100
93 101
93 105
93 389
93 391
94 98
94 100
94 101
94 103
94 117
94 118
94 319
94 321
94 386
95 96
95 99
95 101
95 103
95 104
95 109
95 117
95 118
95 302
95 305
95 321
95 386
95 390
95 395
95 396
95 398
95 405
95 410
96 144
97 98
97 99
97 103
97 104
97 194
97 220
97 262
97 287
97 335
97 339
97 382
97 386
97 389
97 390
97 439
97 441
97 445
97 529
97 530
97 534
97 553
98 100
98 101
98 103
98 104
98 105
98 187
98 321
98 386
98 389
98 390
98 391
98 397
98 399
98 530
98 579
99 109
99 117
99 136
99 142
99 154
99 194
99 201
99 203
99 262
99 282
99 287
99 339
99 341
99 344
99 386
99 390
99 415
99 418
99 425
99 439
99 440
99 448
99 529
99 530
99 553
100 101
100 103
100 104
100 105
100 220
100 221
100 304
100 305
100 319
100 320
100 321
100 322
100 334
100 335
100 336
100 386
100 389
100 390
100 391
100 392
100 395
100 397
100 530
101 103
101 104
101 105
101 106
101 117
101 118
101 220
101 221
101 305
101 319
101 320
101 321
101 322
101 332
101 335
101 336
101 386
101 389
101 390
101 391
101 392
101 395
101 397
101 529
101 530
101 533
102 110
102 319
102 320
102 336
102 391
102 392
103 104
103 105
103 117
103 118
103 220
103 221
103 317
103 319
103 321
103 386
103 389
103 390
103 391
103 392
103 395
103 397
103 398
103 530
104 105
104 106
104 109
104 117
104 198
104 200
104 222
104 321
104 386
104 388
104 389
104 390
104 391
104 395
104 396
104 397
104 398
104 399
104 416
104 439
104 529
104 530
104 533
104 553
104 579
105 106
105 110
105 223
105 321
105 352
105 385
105 386
105 389
105 390
105 391
105 395
105 397
105 398
105 399
105 416
105 533
105 579
105 595
106 110
106 221
106 223
106 304
106 385
106 389
106 392
106 395
106 397
106 533
107 109
107 112
107 113
107 114
107 115
107 116
107 130
107 142
107 154
107 188
107 191
107 192
107 194
107 197
107 199
107 201
107 295
107 403
107 404
107 406
107 407
107 423
107 435
108 189
108 191
108 192
108 193
108 211
109 115
109 116
109 117
109 118
109 123
109 154
109 200
109 201
109 203
109 344
109 386
109 390
109 396
109 398
109 403
109 405
109 406
109 409
109 410
109 416
109 419
109 435
110 111
110 189
110 223
110 283
110 389
110 391
110 397
112 113
112 114
112 129
112 130
112 131
112 136
112 141
112 148
112 157
112 158
112 159
112 163
112 165
112 194
112 197
112 199
112 203
112 281
112 295
112 403
112 404
112 423
112 424
112 425
112 432
112 435
112 437
112 439
112 456
112 461
112 504
112 524
112 577
112 599
113 114
113 115
113 116
113 130
113 197
113 199
113 403
113 404
113 406
113 407
113 435
113 461
114 115
114 116
114 154
114 190
114 191
114 192
114 193
114 194
114 197
114 199
114 201
114 216
114 271
114 281
114 404
114 407
114 408
114 435
114 451
114 461
115 116
115 123
115 130
115 138
115 204
115 337
115 340
115 349
115 398
115 403
115 406
115 407
115 409
115 410
115 411
115 435
116 118
116 123
116 130
116 154
116 191
116 201
116 204
116 337
116 340
116 344
116 349
116 396
116 398
116 402
116 403
116 405
116 406
116 407
116 408
116 409
116 410
116 411
116 419
116 435
116 500
117 118
117 299
117 344
117 386
117 390
117 396
117 398
117 400
117 405
117 410
117 419
117 529
118 120
118 123
118 344
118 390
118 396
118 398
118 400
118 409
118 410
118 411
119 221
119 223
119 534
120 385
120 398
120 401
121 360
122 125
122 126
122 141
122 150
122 203
122 274
122 302
122 322
122 339
122 341
122 353
122 354
122 356
122 357
122 359
122 363
122 364
122 368
122 415
122 416
122 422
122 437
122 440
122 443
122 445
122 448
123 337
123 340
123 344
123 345
123 349
123 350
123 356
123 396
123 398
123 405
123 406
123 407
123 409
123 416
123 417
123 449
123 454
124 125
124 142
124 346
124 349
124 350
124 409
124 468
125 152
125 155
125 156
125 157
125 350
125 357
125 418
125 448
125 454
125 462
125 543
126 134
126 138
126 140
126 141
126 150
126 152
126 204
126 274
126 341
126 353
126 355
126 372
126 422
126 430
126 442
126 465
126 477
126 516
127 128
127 131
127 132
127 148
127 156
127 158
127 163
127 227
127 260
127 278
127 293
127 418
127 426
127 428
127 429
127 444
127 454
127 456
127 457
127 480
127 481
127 537
127 543
127 571
127 597
127 599
128 131
128 176
128 179
128 228
128 258
128 260
128 263
128 264
128 273
128 450
128 481
128 539
128 566
128 571
128 600
129 140
129 141
129 143
129 145
129 148
129 149
129 160
129 161
129 203
129 242
129 296
129 297
129 341
129 353
129 357
129 364
129 370
129 372
129 415
129 420
129 421
129 422
129 423
129 425
129 428
129 429
129 430
129 434
129 437
129 438
129 439
129 440
129 448
129 458
129 577
129 592
129 596
129 599
130 134
130 138
130 141
130 163
130 165
130 199
130 204
130 295
130 299
130 403
130 422
130 423
130 430
130 454
130 577
131 132
131 144
131 228
131 260
131 539
131 571
132 142
132 144
132 227
132 418
132 426
132 456
132 486
132 537
133 134
133 135
133 138
133 161
133 162
133 165
133 227
133 365
133 369
133 371
133 372
133 421
133 423
133 429
133 430
133 432
133 437
133 469
133 536
133 537
134 138
134 139
134 140
134 141
134 149
134 150
134 159
134 161
134 162
134 163
134 165
134 227
134 254
134 296
134 353
134 354
134 355
134 356
134 359
134 372
134 418
134 421
134 422
134 429
134 430
134 432
134 437
134 447
134 458
134 462
134 466
134 536
134 537
134 561
135 161
135 165
135 186
135 367
135 368
135 370
135 372
135 421
135 423
135 429
135 430
135 432
135 458
136 141
136 148
136 154
136 158
136 159
136 160
136 161
136 191
136 194
136 201
136 203
136 262
136 281
136 341
136 415
136 418
136 419
136 423
136 425
136 428
136 431
136 440
136 446
136 448
136 455
136 456
136 458
137 138
137 372
137 430
137 435
138 150
138 161
138 372
138 418
138 430
138 432
138 435
138 477
138 500
139 430
140 141
140 161
140 341
140 367
140 368
140 370
140 372
140 374
140 421
140 422
140 429
140 430
140 434
140 440
140 446
141 148
141 149
141 150
141 152
141 159
141 160
141 161
141 199
141 203
141 339
141 341
141 353
141 355
141 357
141 359
141 372
141 378
141 415
141 418
141 420
141 421
141 422
141 423
141 425
141 430
141 435
141 437
141 440
141 448
141 456
141 461
141 577
142 144
142 145
142 242
142 337
142 340
142 342
142 344
142 346
142 349
142 350
142 353
142 355
142 356
142 382
142 403
142 407
142 409
142 418
142 426
142 437
142 439
142 440
142 441
142 448
142 456
143 145
143 180
143 225
143 242
143 244
143 262
143 282
143 287
143 290
143 293
143 339
143 341
143 364
143 415
143 420
143 421
143 423
143 434
143 438
143 439
143 440
143 443
143 448
143 534
143 584
143 592
143 596
143 597
143 599
144 146
144 175
144 349
144 409
144 418
144 426
144 457
144 481
144 482
144 486
144 515
145 146
145 147
145 148
145 163
145 165
145 242
145 262
145 296
145 341
145 353
145 357
145 415
145 418
145 421
145 423
145 425
145 428
145 429
145 430
145 437
145 438
145 439
145 440
145 448
145 454
145 456
145 458
146 154
146 163
146 175
146 203
146 262
146 344
146 369
146 409
146 418
146 458
146 484
146 568
147 296
148 149
148 153
148 154
148 155
148 156
148 157
148 158
148 159
148 160
148 161
148 163
148 203
148 219
148 242
148 254
148 260
148 277
148 341
148 415
148 418
148 421
148 422
148 423
148 425
148 428
148 429
148 430
148 437
148 439
148 440
148 446
148 448
148 454
148 455
148 456
148 458
148 464
148 543
148 577
148 597
149 150
149 341
149 353
149 357
149 375
149 376
149 418
149 430
149 437
149 440
149 461
150 159
150 164
150 201
150 355
150 372
150 406
150 418
150 430
150 432
150 435
150 437
150 442
150 446
150 462
150 465
150 466
150 477
150 500
150 577
151 272
152 155
152 341
152 454
152 465
153 154
153 155
153 156
153 157
153 158
153 163
153 196
153 202
153 214
153 224
153 233
153 272
153 404
153 418
153 449
153 454
153 456
153 462
153 464
153 467
153 468
153 515
153 543
153 545
154 155
154 157
154 158
154 159
154 163
154 191
154 192
154 194
154 197
154 201
154 202
154 203
154 210
154 214
154 244
154 262
154 415
154 419
154 423
154 435
154 439
154 454
154 455
154 456
154 458
154 464
155 156
155 157
155 158
155 163
155 214
155 218
155 225
155 244
155 254
155 267
155 355
155 415
155 418
155 437
155 449
155 452
155 454
155 456
155 462
155 464
155 468
155 515
155 534
155 543
155 545
156 157
156 214
156 225
156 244
156 246
156 267
156 273
156 282
156 418
156 448
156 454
156 534
156 543
156 545
157 197
157 203
157 214
157 224
157 225
157 244
157 282
157 353
157 357
157 415
157 418
157 437
157 439
157 443
157 448
157 452
157 454
157 462
157 515
157 534
157 543
157 545
158 159
158 163
158 191
158 194
158 254
158 275
158 277
158 418
158 426
158 427
158 428
158 437
158 454
158 455
158 456
158 458
158 464
158 543
158 575
158 576
158 577
159 160
159 161
159 163
159 203
159 219
159 277
159 281
159 341
159 415
159 418
159 419
159 421
159 422
159 423
159 425
159 428
159 429
159 430
159 432
159 435
159 437
159 440
159 442
159 446
159 448
159 454
159 455
159 456
159 458
159 464
159 466
159 543
159 577
160 203
160 262
160 339
160 341
160 364
160 370
160 378
160 415
160 420
160 421
160 422
160 423
160 428
160 434
160 437
160 438
160 439
160 440
160 445
160 446
160 448
160 456
160 458
160 529
161 162
161 199
161 203
161 242
161 355
161 370
161 372
161 421
161 423
161 425
161 429
161 430
161 432
161 435
161 446
161 456
161 458
161 577
162 163
162 165
162 254
162 372
162 430
162 432
162 437
162 455
162 458
162 460
162 462
162 463
162 464
162 469
162 525
162 577
163 165
163 227
163 254
163 275
163 277
163 404
163 418
163 426
163 428
163 430
163 432
163 437
163 454
163 455
163 456
163 458
163 462
163 464
163 466
163 469
163 515
163 543
163 575
163 577
164 272
164 274
164 466
164 467
164 468
165 197
165 254
165 275
165 372
165 379
165 423
165 430
165 432
165 437
165 458
165 460
165 469
165 576
165 577
166 168
166 471
166 507
167 197
167 378
167 423
167 594
168 170
168 470
168 507
168 564
168 591
169 559
170 172
170 247
170 248
170 270
170 538
170 542
170 546
170 560
170 567
170 573
170 588
171 524
172 247
172 248
172 250
172 252
172 475
172 478
172 542
172 560
173 479
174 461
175 176
175 177
175 178
175 179
175 182
175 183
175 255
175 288
175 289
175 290
175 293
175 427
175 457
175 480
175 481
175 482
175 483
175 484
175 486
175 487
175 566
175 585
176 177
176 178
176 179
176 181
176 182
176 184
176 255
176 288
176 293
176 427
176 457
176 480
176 481
176 482
176 483
176 484
176 485
176 486
176 566
176 567
176 571
176 585
177 178
177 179
177 181
177 182
177 183
177 255
177 258
177 269
177 288
177 289
177 290
177 293
177 427
177 457
177 480
177 481
177 482
177 483
177 484
177 485
177 486
177 566
177 567
177 585
178 179
178 182
178 183
178 255
178 257
178 269
178 480
178 481
178 482
178 483
178 484
178 486
178 566
178 585
179 181
179 182
179 183
179 184
179 255
179 258
179 288
179 289
179 290
179 293
179 427
179 457
179 480
179 481
179 482
179 483
179 484
179 485
179 486
179 487
179 566
179 567
179 585
180 183
180 185
180 228
180 290
180 294
180 484
180 563
180 585
180 596
181 182
181 255
181 427
181 480
181 481
181 483
181 485
181 566
181 568
181 585
182 255
182 288
182 427
182 457
182 480
182 481
182 482
182 483
182 484
182 486
182 575
183 226
183 255
183 263
183 265
183 269
183 289
183 480
183 481
183 482
183 483
183 484
183 486
183 488
183 548
183 566
183 585
184 289
184 293
184 483
185 585
186 485
187 283
187 389
188 295
189 192
189 193
189 198
189 222
189 230
189 283
189 393
189 394
189 489
189 532
190 191
190 208
190 209
190 210
190 216
190 450
190 451
190 510
190 512
190 514
191 192
191 193
191 194
191 197
191 198
191 199
191 201
191 202
191 203
191 208
191 210
191 212
191 216
191 262
191 281
191 419
191 425
191 435
191 504
192 193
192 194
192 198
192 202
192 210
192 212
192 271
193 194
193 198
193 201
193 202
193 212
193 213
193 271
193 494
193 496
194 197
194 198
194 199
194 200
194 201
194 202
194 203
194 210
194 262
194 281
194 295
194 419
194 423
194 425
194 435
194 439
194 504
195 200
195 202
195 214
196 202
196 213
196 214
196 218
196 224
196 233
196 234
196 245
196 251
196 272
196 273
196 452
196 467
196 497
196 520
197 199
197 203
197 217
197 403
197 406
197 423
197 435
197 460
197 500
197 504
197 524
198 199
198 200
198 201
198 203
198 215
198 281
198 393
198 394
198 408
198 502
198 504
199 200
199 201
199 203
199 281
199 403
199 404
199 406
199 408
199 423
199 424
199 425
199 432
199 435
199 461
199 500
199 504
199 524
200 201
200 202
200 203
200 215
200 281
200 282
200 394
200 419
200 423
200 435
200 443
200 502
200 504
201 202
201 203
201 281
201 393
201 394
201 406
201 408
201 417
201 419
201 425
201 435
201 446
201 461
201 500
201 502
201 504
202 214
202 215
202 224
202 233
202 234
202 245
203 215
203 242
203 262
203 281
203 282
203 339
203 341
203 344
203 353
203 355
203 356
203 357
203 359
203 364
203 367
203 368
203 370
203 378
203 394
203 406
203 415
203 417
203 418
203 419
203 420
203 421
203 422
203 423
203 425
203 429
203 430
203 435
203 437
203 439
203 440
203 443
203 446
203 448
203 456
203 458
203 502
203 504
203 529
204 340
204 344
204 356
204 375
204 376
204 400
204 405
204 406
204 407
204 409
204 410
204 435
205 434
206 538
206 567
206 585
207 581
208 209
208 210
208 212
208 216
208 288
208 450
208 510
209 211
209 212
209 216
209 313
209 512
211 212
211 229
211 230
211 231
211 511
211 554
211 580
211 581
213 233
213 234
213 271
214 218
214 244
214 452
214 454
215 219
215 282
215 443
216 280
216 281
216 425
218 234
218 267
218 452
218 453
219 277
219 281
219 415
219 465
219 466
219 505
220 221
220 222
220 237
220 240
220 286
220 287
220 320
220 321
220 323
220 327
220 328
220 329
220 330
220 332
220 333
220 334
220 335
220 336
220 386
220 391
220 412
220 445
220 529
220 530
220 533
220 534
220 553
220 584
220 594
221 222
221 223
221 237
221 319
221 320
221 321
221 333
221 334
221 335
221 336
221 389
221 391
221 392
221 397
221 530
221 533
222 223
222 225
222 237
222 240
222 244
222 286
222 328
222 333
222 334
222 389
222 391
222 529
222 530
222 532
222 533
222 553
222 554
222 579
223 283
223 389
223 392
223 533
224 225
224 233
224 245
224 246
224 531
224 532
224 545
225 240
225 244
225 246
225 282
225 387
225 415
225 439
225 443
225 445
225 448
225 454
225 529
225 530
225 534
225 543
225 553
225 597
226 235
226 236
226 238
226 239
226 243
226 247
226 252
226 265
226 535
226 540
226 542
226 547
226 548
226 550
227 296
227 418
227 421
227 426
227 429
227 437
227 444
227 454
227 456
227 462
227 469
227 536
227 537
228 246
228 263
228 282
228 289
228 290
228 293
228 387
228 586
228 597
229 230
229 231
229 241
229 265
229 285
229 291
229 489
229 493
229 498
229 511
229 519
229 520
229 521
229 540
229 542
229 546
229 547
229 551
229 581
230 231
230 241
230 245
230 489
230 493
230 495
230 511
230 520
230 551
230 581
231 235
231 236
231 238
231 241
231 243
231 265
231 493
231 511
231 540
231 542
231 546
231 547
231 551
231 581
231 583
232 268
232 270
232 544
232 570
233 234
233 272
233 273
233 452
233 467
233 497
233 498
233 520
234 265
234 520
235 236
235 238
235 243
235 265
235 547
236 238
236 248
236 265
236 284
236 285
236 540
236 542
236 547
236 548
236 551
236 582
236 585
237 240
237 286
237 287
237 320
237 327
237 328
237 329
237 332
237 333
237 334
237 335
237 336
237 529
237 530
237 549
237 553
237 584
238 239
238 240
238 241
238 243
238 289
238 540
238 547
238 548
238 550
238 551
239 243
239 247
239 252
239 540
239 548
239 550
239 551
240 241
240 244
240 245
240 246
240 286
240 333
240 529
240 530
240 549
240 553
240 554
241 244
241 245
241 289
241 547
241 551
241 554
242 262
242 339
242 341
242 364
242 365
242 368
242 369
242 370
242 372
242 415
242 421
242 423
242 425
242 428
242 429
242 434
242 437
242 438
242 439
242 440
242 446
242 448
242 458
242 504
242 552
242 553
242 592
243 245
243 531
243 540
243 547
243 548
244 246
244 300
244 415
244 439
244 454
244 529
244 534
244 549
244 553
244 554
245 246
245 531
245 532
245 554
246 282
246 300
246 387
246 439
246 443
246 448
246 531
246 534
246 597
247 252
247 542
247 548
247 560
247 562
247 569
248 250
248 252
248 265
248 475
248 476
248 478
248 556
248 560
248 561
250 252
250 560
250 561
252 548
252 560
252 570
253 254
253 267
253 463
253 558
253 561
254 437
254 454
254 456
254 462
254 463
254 464
254 465
254 466
254 469
254 537
254 543
254 558
254 561
254 575
254 576
254 577
255 256
255 257
255 258
255 269
255 288
255 427
255 480
255 481
255 482
255 483
255 484
255 486
255 538
255 566
255 567
255 572
255 585
255 588
256 258
256 310
256 450
256 491
256 493
256 507
256 508
256 510
256 512
256 513
256 517
256 518
256 538
256 541
256 566
256 567
256 572
256 588
257 258
257 278
257 293
257 457
257 480
257 481
257 484
257 538
257 566
257 567
257 572
257 588
258 294
258 481
258 485
258 538
258 566
258 567
258 585
258 588
258 591
259 261
260 293
260 420
260 593
260 599
261 294
261 297
261 592
261 593
262 287
262 290
262 298
262 415
262 419
262 423
262 425
262 428
262 439
262 440
262 458
262 504
262 529
262 553
262 584
263 273
263 289
263 531
263 539
263 540
263 541
263 566
263 586
263 588
264 512
264 539
264 541
265 284
265 542
265 547
266 479
267 274
267 453
267 454
267 561
268 270
268 274
268 279
268 476
268 528
268 544
268 561
268 570
269 480
269 483
269 566
269 567
269 585
270 279
270 291
270 573
272 467
272 468
273 453
273 515
273 539
274 570
275 277
275 427
275 428
275 455
275 456
275 458
275 469
275 575
275 576
275 577
276 297
276 434
277 456
277 465
277 575
277 576
277 577
280 281
280 425
281 425
281 435
281 500
281 504
282 290
282 417
282 439
282 443
282 448
282 534
282 579
282 586
282 597
283 384
283 389
283 391
283 559
283 579
283 580
284 285
284 542
284 547
284 582
284 583
285 291
285 540
285 547
285 582
285 583
285 585
285 587
286 287
286 327
286 328
286 332
286 529
286 549
286 553
286 582
286 583
286 584
287 321
287 327
287 328
287 330
287 332
287 333
287 334
287 335
287 439
287 529
287 530
287 549
287 553
287 584
288 289
288 427
288 480
288 481
288 482
288 483
288 484
288 485
288 486
288 566
288 585
289 290
289 291
289 480
289 481
289 482
289 484
289 487
289 488
289 547
289 585
289 586
290 427
290 480
290 481
290 484
290 585
290 586
291 540
291 547
291 551
291 582
291 585
291 587
291 588
292 321
292 322
292 332
292 335
292 445
292 530
292 584
293 427
293 428
293 480
293 481
293 483
293 484
293 598
293 599
294 297
294 589
294 591
294 598
295 423
296 354
296 421
296 422
296 428
296 430
296 437
296 440
296 456
297 370
297 434
297 589
297 592
297 596
300 534
300 595
300 597
301 302
301 322
302 305
302 322
302 345
302 352
302 390
302 447
304 305
304 307
304 319
304 320
304 321
304 324
304 392
305 321
305 322
305 390
305 395
306 309
308 559
309 313
312 329
312 331
313 315
313 316
313 580
313 581
314 485
315 316
316 318
318 319
318 320
319 320
319 321
319 324
319 336
319 392
320 321
320 324
320 329
320 332
320 333
320 334
320 335
320 336
320 392
320 530
321 322
321 329
321 332
321 333
321 334
321 335
321 336
321 386
321 389
321 390
321 391
321 392
321 395
321 397
321 445
321 529
321 530
322 331
322 390
323 324
323 325
323 327
323 329
323 332
323 335
324 326
324 329
324 336
324 392
325 583
326 329
327 328
327 330
327 332
327 335
327 382
327 529
327 530
327 553
327 584
328 329
328 332
328 333
328 334
328 335
328 529
328 530
328 549
328 553
328 584
329 331
329 332
329 336
329 583
330 332
330 335
330 537
332 333
332 334
332 335
332 445
332 529
332 530
332 549
332 553
332 584
333 334
333 335
333 336
333 389
333 391
333 529
333 530
333 533
333 553
334 335
334 336
334 389
334 391
334 392
334 412
334 530
335 336
335 412
335 445
335 529
335 530
335 553
335 584
336 391
336 392
336 530
337 338
337 340
337 342
337 343
337 344
337 346
337 347
337 348
337 349
337 350
337 353
337 356
337 381
337 396
337 398
337 405
337 406
337 407
337 409
337 410
337 411
337 416
337 441
338 339
338 340
338 342
338 343
338 344
338 345
338 346
338 347
338 348
338 349
338 350
338 351
338 353
338 356
338 359
338 381
338 382
338 396
338 398
338 409
338 416
338 441
339 340
339 341
339 344
339 347
339 348
339 353
339 354
339 355
339 356
339 357
339 359
339 363
339 364
339 365
339 367
339 368
339 370
339 380
339 381
339 382
339 386
339 415
339 418
339 421
339 422
339 425
339 429
339 434
339 437
339 439
339 440
339 441
339 443
339 445
339 446
339 448
339 529
339 530
339 553
339 584
339 592
340 342
340 343
340 344
340 345
340 346
340 347
340 348
340 349
340 350
340 353
340 356
340 365
340 375
340 381
340 393
340 394
340 396
340 398
340 405
340 406
340 407
340 409
340 410
340 416
340 417
340 419
340 435
340 441
340 461
341 347
341 348
341 353
341 354
341 355
341 356
341 357
341 359
341 363
341 364
341 368
341 370
341 378
341 380
341 381
341 415
341 418
341 420
341 421
341 422
341 425
341 429
341 434
341 437
341 438
341 439
341 440
341 441
341 443
341 445
341 446
341 448
341 592
342 343
342 344
342 345
342 346
342 347
342 348
342 349
342 350
342 356
342 381
342 382
342 396
342 398
342 406
342 407
342 409
342 410
342 411
342 416
342 441
343 344
343 345
343 346
343 347
343 349
343 350
343 356
343 381
343 382
343 396
343 398
343 406
343 407
343 409
343 410
343 411
343 416
344 345
344 346
344 347
344 348
344 349
344 350
344 353
344 354
344 355
344 356
344 357
344 359
344 362
344 365
344 381
344 382
344 390
344 396
344 398
344 403
344 405
344 406
344 407
344 409
344 410
344 416
344 418
344 437
344 441
344 444
344 445
344 447
344 448
345 346
345 347
345 349
345 351
345 352
345 356
345 358
345 362
345 386
345 390
345 393
345 395
345 416
345 441
345 445
345 447
346 347
346 349
346 350
346 356
346 362
346 382
346 396
346 398
346 407
346 409
346 410
346 411
346 416
346 441
347 348
347 349
347 350
347 351
347 353
347 356
347 358
347 359
347 363
347 376
347 381
347 382
347 396
347 398
347 405
347 409
347 416
348 349
348 350
348 353
348 354
348 355
348 356
348 357
348 359
348 363
348 381
348 405
348 409
348 413
348 418
348 422
348 444
348 456
349 350
349 353
349 355
349 356
349 357
349 359
349 362
349 396
349 398
349 405
349 406
349 407
349 409
349 410
349 411
349 416
349 418
349 444
349 447
350 353
350 356
350 357
350 359
350 362
350 409
350 418
350 441
350 444
351 352
351 358
351 359
351 362
351 363
351 412
351 414
351 447
352 358
352 390
352 395
352 441
353 354
353 355
353 356
353 357
353 359
353 363
353 364
353 365
353 375
353 405
353 415
353 418
353 421
353 422
353 425
353 429
353 430
353 437
353 440
353 444
353 445
353 447
353 448
353 454
353 462
353 536
353 537
353 543
353 592
354 355
354 356
354 357
354 359
354 363
354 381
354 437
354 445
355 356
355 357
355 359
355 363
355 372
355 415
355 418
355 421
355 429
355 430
355 437
355 444
355 448
355 454
355 456
355 462
355 543
356 357
356 359
356 363
356 365
356 382
356 403
356 405
356 406
356 409
356 418
356 437
356 441
356 444
356 445
356 447
356 448
356 454
356 462
356 477
356 536
356 537
357 359
357 363
357 375
357 405
357 415
357 418
357 421
357 422
357 437
357 440
357 444
357 445
357 448
357 454
358 360
358 361
358 401
358 412
358 414
359 362
359 363
359 364
359 370
359 413
359 415
359 418
359 421
359 422
359 429
359 440
359 444
359 445
359 447
359 448
359 592
361 401
361 412
361 414
362 363
363 445
364 365
364 368
364 370
364 415
364 420
364 421
364 422
364 429
364 434
364 439
364 440
364 441
364 443
364 445
364 448
364 529
364 530
364 553
364 592
364 593
364 596
365 367
365 368
365 369
365 370
365 372
365 410
365 425
365 429
365 430
365 437
365 447
366 368
367 368
367 369
367 370
367 372
367 419
367 425
367 429
367 446
367 458
367 504
368 369
368 370
368 372
368 415
368 421
368 425
368 429
368 430
368 502
368 504
368 592
369 372
369 429
369 437
369 458
370 372
370 415
370 420
370 421
370 422
370 423
370 425
370 429
370 430
370 434
370 438
370 439
370 440
370 443
370 445
370 448
370 458
370 504
370 592
370 596
371 430
372 375
372 421
372 429
372 430
372 432
372 435
372 437
372 442
372 458
372 461
372 500
372 516
372 577
374 377
374 380
374 446
375 376
375 407
375 430
375 461
376 422
376 430
376 447
377 380
377 381
378 386
378 405
378 422
378 423
378 440
379 469
380 381
380 434
380 440
380 446
380 529
381 398
381 405
381 409
382 425
382 441
382 445
384 393
384 395
385 392
385 397
385 401
385 412
385 533
385 595
386 390
386 391
386 398
386 399
386 400
386 405
386 412
386 441
386 445
386 529
386 530
386 533
386 594
386 595
387 459
387 579
387 580
387 586
387 595
389 391
389 395
389 397
389 399
389 530
389 533
389 579
389 580
389 595
390 391
390 395
390 396
390 397
390 398
390 405
390 410
390 416
390 441
390 445
390 529
390 530
390 579
391 392
391 395
391 397
391 530
391 533
391 579
392 397
393 394
393 395
393 396
393 406
393 407
393 408
393 410
393 416
393 417
393 489
393 492
393 494
393 495
393 496
393 501
393 502
394 395
394 396
394 406
394 408
394 410
394 416
394 417
394 419
394 489
394 502
395 396
395 397
395 398
395 410
395 416
395 533
396 397
396 398
396 400
396 403
396 405
396 406
396 407
396 408
396 409
396 410
396 416
396 419
397 398
397 399
397 401
397 530
397 533
398 400
398 405
398 406
398 409
398 410
398 411
398 416
398 419
399 401
399 412
399 530
399 533
399 579
399 595
400 401
401 412
401 413
403 404
403 405
403 406
403 409
403 423
403 435
403 500
403 524
404 406
404 418
404 423
404 432
404 456
404 461
404 515
404 524
405 406
405 409
405 410
406 407
406 408
406 409
406 410
406 416
406 417
406 419
406 423
406 435
406 461
406 500
407 408
407 409
407 410
407 411
407 435
407 461
407 506
408 410
408 419
408 435
408 492
408 494
408 496
408 500
408 501
409 410
409 411
409 416
410 416
410 419
410 435
412 413
412 414
412 445
412 530
412 533
412 594
412 595
413 414
413 422
415 418
415 420
415 421
415 422
415 423
415 425
415 428
415 429
415 434
415 437
415 438
415 439
415 440
415 443
415 445
415 446
415 448
415 454
415 456
415 458
415 466
415 504
415 529
415 534
415 543
415 592
415 596
415 599
416 417
416 419
416 441
416 502
417 443
417 467
417 489
417 497
417 502
417 532
418 421
418 423
418 426
418 429
418 437
418 439
418 440
418 444
418 448
418 454
418 456
418 457
418 458
418 462
418 464
418 515
418 537
418 543
418 545
419 423
419 425
419 435
419 439
419 446
419 458
419 502
419 504
419 529
420 421
420 422
420 423
420 429
420 434
420 438
420 439
420 440
420 443
420 445
420 448
420 592
420 593
420 596
420 599
421 422
421 423
421 428
421 429
421 430
421 434
421 437
421 439
421 440
421 445
421 448
421 456
421 458
421 584
421 592
421 596
422 423
422 428
422 429
422 430
422 434
422 437
422 440
422 448
423 425
423 429
423 430
423 432
423 435
423 437
423 439
423 440
423 443
423 445
423 448
423 456
423 458
423 461
423 466
423 504
423 529
424 505
425 429
425 435
425 437
425 439
425 440
425 443
425 446
425 448
425 458
425 459
425 460
425 504
425 529
425 592
425 596
426 428
426 444
426 454
426 456
426 457
426 480
426 481
426 486
426 537
427 428
427 457
427 480
427 481
427 482
427 483
427 484
427 485
427 566
427 585
427 598
427 599
428 429
428 437
428 438
428 440
428 448
428 455
428 456
428 457
428 458
428 577
428 599
429 430
429 437
429 439
429 443
429 446
429 448
429 456
429 458
429 484
429 584
429 592
429 593
430 432
430 435
430 437
430 440
430 458
430 461
430 500
432 435
432 437
432 442
432 455
432 458
432 461
432 464
432 466
432 469
432 500
432 577
433 586
434 440
434 443
434 446
434 448
434 592
434 596
435 442
435 461
435 500
435 502
435 504
436 488
437 439
437 440
437 448
437 454
437 455
437 456
437 458
437 462
437 464
437 466
437 515
437 536
437 537
437 543
437 577
438 439
438 440
438 441
438 448
438 592
438 593
439 440
439 441
439 443
439 445
439 448
439 454
439 504
439 529
439 530
439 534
439 543
439 553
439 579
439 584
439 592
439 596
439 599
440 441
440 443
440 445
440 446
440 448
440 456
440 458
440 504
440 592
440 596
441 445
442 446
442 455
442 464
442 465
442 466
442 500
442 576
442 577
443 445
443 448
443 502
443 504
443 534
443 579
443 592
443 596
444 454
444 536
444 537
444 543
445 448
445 529
445 530
445 534
445 553
445 592
445 594
445 596
446 448
446 456
446 458
446 529
448 454
448 456
448 458
448 529
448 534
448 543
448 590
448 592
448 596
448 599
449 454
449 468
449 515
450 451
450 505
450 510
450 512
450 514
450 578
450 600
451 490
451 491
451 492
451 494
451 501
451 503
451 509
451 510
451 512
451 513
451 514
451 523
452 453
452 454
452 464
452 515
452 525
452 527
452 545
452 552
453 463
453 465
453 498
453 515
453 519
453 520
453 521
453 527
453 545
453 558
454 456
454 462
454 463
454 464
454 466
454 515
454 534
454 536
454 537
454 543
454 545
454 577
455 456
455 458
455 464
455 576
455 577
456 457
456 458
456 464
456 515
456 543
456 577
457 480
457 481
457 483
457 484
457 486
458 460
458 466
458 469
458 484
458 504
458 577
459 473
460 469
460 557
461 500
461 578
462 463
462 464
462 468
462 515
462 536
462 537
462 543
463 464
463 465
463 516
463 525
463 558
463 561
463 575
463 576
463 577
464 465
464 515
464 525
464 536
464 543
464 545
464 552
464 558
464 575
464 576
464 577
465 466
465 516
465 561
465 576
465 577
466 543
466 577
467 497
467 515
468 515
469 536
469 537
470 509
472 523
473 488
474 501
475 478
475 513
475 556
476 488
476 544
476 556
476 558
476 561
476 570
477 500
477 516
478 556
478 560
479 559
479 562
480 481
480 482
480 483
480 484
480 485
480 486
480 487
480 566
480 585
481 482
481 483
481 484
481 486
481 566
481 585
482 483
482 484
482 486
482 566
482 585
483 484
483 485
483 486
483 487
483 566
483 567
483 585
484 486
484 487
484 488
484 566
484 585
485 567
485 585
486 566
487 586
488 535
488 588
489 495
489 496
489 497
489 532
489 579
489 581
490 491
490 493
490 501
490 503
490 507
490 508
490 510
490 512
490 513
490 514
490 516
490 523
491 492
491 494
491 512
491 513
491 514
491 518
492 493
492 494
492 495
492 496
492 501
492 503
492 514
493 494
493 495
493 496
493 501
493 503
493 507
493 509
493 510
493 511
493 512
493 513
493 514
493 517
493 518
493 519
493 520
493 521
493 542
493 564
493 581
494 495
494 496
494 501
494 503
494 509
494 512
494 513
494 514
495 496
495 501
495 503
495 507
495 511
495 513
495 514
495 520
495 521
495 523
495 581
496 501
496 503
496 505
496 513
496 514
496 517
496 518
496 519
496 520
496 521
497 498
497 520
497 545
498 503
498 513
498 519
498 520
498 521
499 505
499 517
500 516
501 503
501 509
501 510
501 513
501 514
501 516
501 523
502 504
503 510
503 513
503 514
503 516
503 518
503 519
503 520
503 521
503 523
504 596
505 510
505 516
505 517
505 571
505 576
505 578
505 600
507 508
507 512
507 513
507 564
508 510
508 512
508 538
509 564
510 512
510 513
510 514
510 516
510 517
510 527
511 513
511 542
511 551
511 581
512 513
512 514
512 517
512 518
512 521
512 523
512 541
513 514
513 516
513 517
513 518
513 519
513 520
513 521
513 523
513 542
514 518
514 520
515 525
515 543
515 545
516 517
516 527
517 518
517 519
517 521
517 522
517 528
517 538
517 542
517 572
518 519
518 520
518 521
518 541
519 520
519 521
519 540
519 541
519 542
519 570
520 521
521 523
521 527
521 542
521 560
522 528
522 538
522 572
525 527
526 559
528 535
528 544
528 570
528 572
529 530
529 534
529 549
529 553
529 584
530 533
530 534
530 553
530 579
530 584
530 592
530 594
530 595
530 596
532 533
532 579
533 553
533 579
534 543
534 553
534 595
534 597
535 561
535 570
536 537
537 543
538 541
538 542
538 566
538 567
538 569
538 572
538 573
538 585
538 588
539 571
539 600
540 542
540 546
540 547
540 548
540 551
540 555
540 581
540 582
540 583
540 587
540 588
541 542
541 566
541 567
541 588
542 546
542 547
542 548
542 551
542 560
542 581
543 545
543 599
544 570
544 571
545 552
546 547
546 581
547 548
547 551
547 556
547 582
547 583
547 585
547 587
548 550
548 551
548 560
549 553
549 584
550 555
550 562
551 555
551 556
552 599
553 584
556 558
556 561
556 587
558 561
559 560
559 562
560 562
560 569
560 570
560 573
561 570
562 569
562 573
564 591
565 574
565 589
566 567
566 571
566 575
566 585
566 588
567 569
567 585
567 588
569 573
570 572
571 572
575 576
575 577
575 578
576 577
576 578
577 578
578 600
579 594
579 595
580 581
582 583
582 587
585 588
586 588
587 588
589 592
589 593
589 598
592 593
592 594
592 596
594 595
594 596
596 597
598 599
599 600
