600 5391

1 4
1 5
1 11
1 12
1 16
1 20
1 21
1 22
1 98
1 105
1 291
1 301
1 302
1 304
1 305
1 317
1 321
1 322
1 325
1 327
1 328
1 330
1 386
1 389
1 391
1 443
1 497
1 579
1 586
2 3
2 5
2 6
2 11
2 12
2 16
2 20
2 21
2 62
2 94
2 97
2 98
2 105
2 128
2 184
2 260
2 261
2 299
2 301
2 302
2 303
2 304
2 305
2 311
2 315
2 317
2 319
2 320
2 321
2 352
2 362
2 385
2 386
2 389
2 390
2 391
2 395
2 495
2 588
3 5
3 6
3 11
3 12
3 16
3 20
3 21
3 93
3 94
3 98
3 105
3 194
3 301
3 303
3 304
3 305
3 311
3 315
3 317
3 319
3 320
3 321
3 386
3 389
3 390
3 393
3 395
3 495
3 600
4 5
4 12
4 16
4 20
4 21
4 22
4 23
4 25
4 34
4 35
4 292
4 302
4 304
4 305
4 315
4 317
4 319
4 320
4 321
4 322
4 327
4 335
4 388
4 389
4 391
4 566
4 586
5 11
5 12
5 16
5 20
5 21
5 35
5 94
5 98
5 105
5 303
5 304
5 305
5 311
5 315
5 317
5 320
5 321
5 385
5 390
5 391
5 495
5 517
5 586
5 600
6 11
6 12
6 16
6 94
6 97
6 98
6 105
6 301
6 311
6 317
6 386
6 597
6 600
7 10
7 17
7 93
7 117
7 194
7 315
7 318
7 394
8 9
8 15
8 18
8 311
9 13
9 15
9 314
10 14
10 29
10 312
10 313
11 12
11 16
11 19
11 20
11 21
11 62
11 93
11 94
11 96
11 97
11 98
11 105
11 128
11 260
11 299
11 301
11 302
11 303
11 304
11 305
11 311
11 315
11 317
11 319
11 320
11 321
11 322
11 324
11 385
11 386
11 389
11 390
11 391
11 393
11 395
11 495
11 596
11 599
11 600
12 16
12 20
12 21
12 93
12 94
12 97
12 98
12 105
12 128
12 184
12 299
12 300
12 301
12 302
12 304
12 305
12 311
12 315
12 317
12 319
12 320
12 321
12 322
12 324
12 385
12 386
12 389
12 390
12 588
12 596
12 599
12 600
13 310
13 313
13 314
13 316
14 17
14 24
14 29
14 312
14 318
14 329
14 331
15 17
15 19
15 310
15 311
15 313
15 314
15 315
15 316
15 319
16 19
16 20
16 21
16 22
16 93
16 94
16 97
16 98
16 105
16 184
16 301
16 302
16 303
16 304
16 305
16 311
16 315
16 317
16 319
16 320
16 321
16 322
16 324
16 325
16 334
16 385
16 386
16 389
16 390
16 391
16 495
16 596
16 599
16 600
17 19
17 24
17 37
17 310
17 315
17 316
17 318
17 319
17 320
17 331
17 334
18 37
19 37
19 305
19 311
19 315
19 317
19 318
19 319
19 320
19 321
19 324
19 334
19 336
19 392
20 21
20 22
20 23
20 35
20 38
20 93
20 94
20 98
20 101
20 103
20 104
20 105
20 108
20 109
20 184
20 194
20 225
20 301
20 302
20 303
20 304
20 305
20 317
20 319
20 320
20 321
20 322
20 324
20 335
20 385
20 386
20 388
20 389
20 390
20 391
20 393
20 395
20 495
20 497
20 517
20 579
20 599
21 22
21 35
21 38
21 52
21 93
21 94
21 97
21 98
21 101
21 103
21 104
21 105
21 108
21 194
21 260
21 301
21 302
21 303
21 304
21 305
21 317
21 319
21 320
21 321
21 322
21 324
21 325
21 327
21 385
21 386
21 389
21 390
21 391
21 393
21 395
21 495
21 497
21 579
21 599
21 600
22 23
22 25
22 28
22 34
22 35
22 36
22 50
22 291
22 292
22 302
22 304
22 305
22 317
22 322
22 324
22 325
22 327
22 328
22 330
22 335
22 389
22 391
22 579
22 586
23 25
23 26
23 28
23 32
23 35
23 36
23 38
23 302
23 305
23 322
23 323
23 327
23 335
23 391
24 29
24 32
24 312
24 313
24 318
24 329
24 331
25 28
25 291
25 292
25 305
25 322
25 325
25 327
25 328
25 331
25 587
26 27
26 28
26 30
26 31
26 32
26 36
26 172
26 205
26 326
26 329
26 332
26 584
26 587
27 30
27 31
27 32
27 36
27 312
27 326
27 329
27 331
27 332
27 333
27 587
28 32
28 35
28 36
28 38
28 291
28 323
28 324
28 325
28 326
28 327
28 328
28 332
28 335
28 498
28 584
28 587
29 312
29 318
29 331
30 31
30 32
30 36
30 326
30 329
30 331
30 332
31 33
31 34
31 36
31 100
31 285
31 286
31 330
31 332
31 584
32 35
32 36
32 38
32 108
32 312
32 318
32 324
32 326
32 327
32 328
32 329
32 331
32 333
33 34
33 36
33 50
33 220
33 221
33 237
33 285
33 286
33 287
33 328
33 332
33 439
33 447
33 502
33 529
33 549
33 583
33 584
34 36
34 50
34 100
34 220
34 286
34 287
34 292
34 330
34 332
34 584
35 36
35 38
35 319
35 320
35 321
35 324
35 327
35 333
35 334
35 335
35 336
35 389
35 391
36 38
36 50
36 284
36 287
36 324
36 325
36 327
36 328
36 329
36 330
36 332
36 335
36 584
36 587
37 102
37 169
37 230
37 247
37 316
37 334
37 336
37 392
37 488
37 511
37 526
38 103
38 108
38 110
38 221
38 327
38 330
38 335
38 391
39 57
39 60
39 75
39 83
39 88
39 112
39 113
39 115
39 116
39 130
39 138
39 139
39 337
39 353
39 373
39 375
39 376
39 381
39 403
39 405
39 419
39 422
39 430
39 431
39 435
40 44
40 53
40 65
40 74
40 78
40 82
40 149
40 152
40 341
40 357
40 429
40 440
40 444
40 446
40 447
41 45
41 46
41 48
41 54
41 339
42 114
42 115
42 124
42 136
42 147
42 337
42 342
42 412
42 418
42 424
42 441
42 444
42 449
43 84
43 87
43 91
43 339
43 381
43 436
44 48
44 55
44 56
44 57
44 58
44 59
44 60
44 63
44 64
44 65
44 66
44 74
44 78
44 82
44 136
44 144
44 149
44 150
44 341
44 349
44 351
44 353
44 354
44 356
44 357
44 359
44 367
44 429
44 440
44 441
44 446
44 506
45 46
45 48
45 54
45 246
45 347
46 48
46 54
47 110
47 116
47 118
48 54
48 56
49 63
49 65
49 78
49 139
49 149
49 150
49 152
49 341
49 357
49 369
49 371
49 434
49 440
49 441
49 446
49 448
50 59
50 100
50 124
50 146
50 220
50 225
50 287
50 330
50 447
50 579
50 580
50 587
51 62
51 63
51 66
51 67
51 345
51 358
51 362
51 363
52 54
52 56
52 105
52 124
52 203
52 204
52 322
52 350
52 391
52 416
52 599
53 55
53 56
53 57
53 59
53 60
53 64
53 65
53 118
53 120
53 124
53 144
53 147
53 337
53 344
53 348
53 350
53 351
53 353
53 359
53 413
53 418
53 440
53 447
53 449
54 56
54 203
54 343
54 346
54 416
55 56
55 57
55 59
55 60
55 64
55 65
55 78
55 82
55 115
55 116
55 118
55 120
55 124
55 129
55 144
55 147
55 149
55 152
55 156
55 337
55 342
55 344
55 348
55 350
55 351
55 353
55 359
55 368
55 375
55 410
55 412
55 413
55 414
55 418
55 422
55 440
55 441
55 444
55 449
55 506
56 57
56 60
56 64
56 65
56 118
56 120
56 342
56 344
56 346
56 348
56 350
56 359
56 413
56 416
56 418
56 425
56 440
57 59
57 60
57 64
57 65
57 74
57 78
57 82
57 144
57 149
57 150
57 152
57 337
57 341
57 344
57 350
57 351
57 353
57 354
57 357
57 359
57 375
57 413
57 418
57 419
57 422
57 425
57 429
57 437
57 440
57 441
57 446
57 448
57 506
58 354
58 355
58 356
59 64
59 82
59 119
59 120
59 121
59 144
59 147
59 149
59 344
59 351
59 359
59 361
59 401
59 412
59 413
59 414
59 418
59 440
59 444
59 449
59 506
60 64
60 65
60 70
60 74
60 75
60 78
60 82
60 102
60 115
60 116
60 118
60 144
60 156
60 337
60 344
60 348
60 350
60 351
60 353
60 359
60 368
60 370
60 372
60 375
60 410
60 413
60 414
60 418
60 422
60 425
60 440
60 449
61 70
61 355
62 63
62 67
62 98
62 260
62 317
62 319
62 320
62 321
62 345
62 352
62 358
62 360
62 362
62 363
62 386
63 65
63 66
63 67
63 341
63 345
63 358
63 362
63 363
63 446
64 65
64 78
64 82
64 112
64 115
64 116
64 118
64 120
64 129
64 144
64 147
64 149
64 156
64 337
64 342
64 344
64 348
64 351
64 353
64 359
64 401
64 410
64 412
64 413
64 414
64 418
64 422
64 440
64 444
64 449
64 506
65 74
65 78
65 82
65 144
65 149
65 150
65 152
65 341
65 344
65 349
65 351
65 353
65 354
65 356
65 357
65 359
65 413
65 425
65 429
65 437
65 440
65 441
65 446
65 448
65 462
66 341
67 345
67 352
67 358
67 360
67 362
67 363
68 69
68 131
68 134
68 140
68 159
68 161
68 163
68 171
68 190
68 272
68 365
68 420
68 421
68 423
68 424
68 428
68 474
69 70
69 71
69 72
69 76
69 77
69 127
69 129
69 204
69 297
69 365
69 368
69 370
69 372
69 420
69 421
69 590
69 599
70 72
70 74
70 78
70 79
70 82
70 112
70 129
70 136
70 140
70 144
70 156
70 337
70 353
70 368
70 371
70 372
70 421
71 72
71 76
71 77
71 95
71 127
71 129
71 201
71 204
71 225
71 297
71 300
71 365
71 368
71 370
71 420
71 421
71 445
71 590
71 593
71 598
72 77
72 79
72 127
72 129
72 136
72 225
72 297
72 368
72 370
72 372
72 420
72 421
72 445
72 447
73 89
74 78
74 79
74 82
74 129
74 136
74 144
74 149
74 341
74 353
74 356
74 357
74 365
74 368
74 370
74 372
74 429
74 431
74 440
74 446
74 506
75 79
75 82
75 88
75 130
75 138
75 376
76 77
76 92
76 127
76 128
76 129
76 199
76 201
76 203
76 204
76 225
76 279
76 297
76 300
76 398
76 399
76 417
76 467
76 590
76 593
76 598
77 95
77 127
77 129
77 201
77 203
77 204
77 297
77 300
77 368
77 370
77 372
77 420
77 590
77 598
77 599
78 82
78 115
78 129
78 136
78 144
78 148
78 149
78 150
78 152
78 156
78 337
78 341
78 344
78 351
78 353
78 354
78 356
78 357
78 359
78 368
78 371
78 372
78 375
78 418
78 420
78 421
78 422
78 429
78 437
78 440
78 441
78 444
78 446
78 448
78 462
79 80
79 136
79 368
79 371
79 372
79 429
80 126
81 139
81 371
81 373
81 434
81 441
82 112
82 115
82 116
82 129
82 135
82 136
82 144
82 147
82 149
82 150
82 152
82 156
82 337
82 344
82 351
82 353
82 354
82 359
82 365
82 368
82 370
82 372
82 375
82 413
82 414
82 418
82 422
82 428
82 429
82 440
82 444
82 447
82 506
83 112
83 113
83 115
83 130
83 134
83 139
83 163
83 253
83 337
83 353
83 367
83 371
83 373
83 375
83 376
83 403
83 405
83 422
83 423
83 430
83 434
83 435
83 463
84 87
84 91
84 381
85 455
86 87
86 133
86 179
86 181
86 288
86 380
86 481
86 482
86 484
86 486
87 89
87 91
87 339
87 377
87 380
87 436
88 89
88 90
88 130
88 381
88 419
89 91
89 380
89 381
91 377
91 380
91 381
91 436
92 186
92 297
92 300
92 499
92 593
93 94
93 101
93 103
93 104
93 105
93 108
93 109
93 117
93 187
93 194
93 202
93 301
93 303
93 304
93 305
93 321
93 384
93 385
93 386
93 389
93 390
93 391
93 393
93 394
93 395
93 489
93 495
93 505
93 589
93 596
94 97
94 98
94 101
94 103
94 104
94 105
94 301
94 304
94 305
94 311
94 317
94 319
94 321
94 322
94 385
94 386
94 388
94 389
94 390
94 391
94 393
94 395
94 495
94 596
94 599
95 100
95 103
95 107
95 109
95 117
95 119
95 125
95 141
95 201
95 204
95 221
95 223
95 224
95 225
95 340
95 397
95 399
95 401
95 407
95 408
95 409
95 417
95 467
95 534
95 580
96 97
96 128
96 168
96 228
96 247
96 255
96 260
96 296
96 298
96 299
96 301
96 311
96 385
97 98
97 105
97 128
97 255
97 259
97 260
97 261
97 264
97 296
97 298
97 299
97 300
97 301
97 311
97 317
97 320
97 385
97 386
97 387
97 538
97 589
97 599
98 104
98 105
98 128
98 184
98 260
98 296
98 299
98 301
98 302
98 304
98 311
98 317
98 319
98 320
98 321
98 322
98 385
98 386
98 387
98 389
98 390
98 427
98 487
98 495
98 538
98 588
98 589
98 599
99 128
99 228
99 261
99 262
99 263
99 274
99 278
99 281
99 298
99 299
100 106
100 125
100 141
100 146
100 196
100 290
100 409
100 447
100 579
100 580
101 103
101 104
101 105
101 106
101 108
101 109
101 117
101 187
101 191
101 192
101 193
101 194
101 202
101 384
101 389
101 390
101 391
101 393
101 394
101 395
101 396
101 489
101 495
101 497
101 503
101 505
102 110
102 169
102 173
102 283
103 104
103 105
103 106
103 108
103 109
103 117
103 194
103 202
103 321
103 384
103 385
103 389
103 390
103 391
103 393
103 394
103 395
103 398
103 427
103 489
103 495
104 105
104 106
104 108
104 109
104 117
104 187
104 189
104 194
104 202
104 214
104 218
104 234
104 236
104 245
104 301
104 303
104 304
104 317
104 320
104 321
104 385
104 389
104 390
104 391
104 393
104 394
104 395
104 489
104 493
104 495
104 497
104 498
104 531
105 108
105 109
105 194
105 202
105 260
105 301
105 302
105 303
105 304
105 305
105 311
105 317
105 320
105 321
105 322
105 385
105 386
105 388
105 389
105 390
105 391
105 393
105 395
105 398
105 427
105 489
105 495
105 497
105 517
105 579
105 586
105 599
106 108
106 110
106 189
106 221
106 489
107 109
107 114
107 116
107 119
107 121
107 124
107 125
107 141
107 144
107 147
107 154
107 196
107 210
107 220
107 221
107 223
107 224
107 233
107 337
107 340
107 396
107 397
107 399
107 401
107 404
107 406
107 407
107 408
107 409
107 411
107 412
107 417
107 460
107 467
107 468
107 491
107 515
107 534
107 580
108 109
108 110
108 111
108 187
108 192
108 193
108 194
108 202
108 303
108 321
108 390
108 391
108 393
108 394
108 395
108 396
108 489
108 495
108 498
109 117
109 154
109 191
109 192
109 193
109 194
109 195
109 196
109 198
109 199
109 212
109 221
109 223
109 224
109 384
109 390
109 393
109 394
109 395
109 396
109 397
109 398
109 399
109 408
109 409
109 489
109 492
109 495
109 496
109 498
109 501
109 505
109 520
109 534
110 111
110 121
111 118
111 120
111 121
111 391
111 395
111 398
111 400
111 401
111 411
112 113
112 114
112 115
112 116
112 124
112 125
112 126
112 130
112 131
112 134
112 136
112 140
112 141
112 142
112 144
112 147
112 148
112 149
112 153
112 155
112 156
112 161
112 163
112 190
112 233
112 253
112 337
112 351
112 359
112 375
112 403
112 405
112 406
112 412
112 413
112 414
112 418
112 422
112 423
112 424
112 428
112 430
112 444
112 449
112 463
112 464
113 114
113 115
113 116
113 130
113 141
113 142
113 144
113 147
113 153
113 190
113 337
113 351
113 375
113 403
113 405
113 406
113 407
113 412
113 414
113 418
113 423
113 424
113 430
113 439
113 444
113 449
113 491
114 115
114 116
114 119
114 125
114 131
114 134
114 140
114 141
114 142
114 144
114 147
114 153
114 156
114 190
114 210
114 233
114 337
114 340
114 351
114 403
114 404
114 405
114 406
114 407
114 412
114 414
114 418
114 423
114 424
114 444
114 449
114 467
114 468
114 491
114 545
114 580
115 116
115 125
115 130
115 134
115 136
115 141
115 142
115 144
115 147
115 149
115 153
115 156
115 190
115 233
115 337
115 351
115 359
115 375
115 403
115 405
115 406
115 407
115 412
115 413
115 414
115 418
115 422
115 423
115 424
115 428
115 444
115 449
115 491
115 580
116 118
116 125
116 126
116 141
116 142
116 144
116 147
116 153
116 156
116 190
116 233
116 337
116 340
116 351
116 375
116 401
116 403
116 405
116 406
116 407
116 410
116 412
116 413
116 414
116 418
116 422
116 423
116 449
116 580
117 191
117 194
117 384
117 393
117 394
117 396
117 496
117 498
117 505
118 120
118 342
118 344
118 348
118 350
118 400
118 401
118 410
118 411
118 413
118 418
119 120
119 121
119 124
119 125
119 127
119 129
119 141
119 147
119 221
119 223
119 224
119 225
119 233
119 397
119 398
119 399
119 400
119 401
119 406
119 407
119 409
119 411
119 412
119 417
119 467
119 534
119 580
120 121
120 124
120 129
120 348
120 398
120 400
120 401
120 411
120 412
120 417
121 233
121 397
121 399
121 400
121 401
121 411
121 412
121 417
122 131
122 164
122 271
122 272
122 510
122 518
122 519
123 125
124 125
124 126
124 129
124 136
124 140
124 144
124 147
124 152
124 153
124 156
124 337
124 344
124 348
124 351
124 412
124 417
124 418
124 421
124 447
124 449
125 141
125 142
125 147
125 153
125 171
125 196
125 204
125 233
125 337
125 406
125 412
125 417
125 418
125 449
125 467
125 468
125 491
125 515
125 580
126 141
126 156
126 368
126 372
126 421
127 128
127 129
127 201
127 203
127 204
127 225
127 297
127 300
127 385
127 398
127 401
127 417
127 421
127 467
127 599
128 184
128 203
128 259
128 260
128 261
128 264
128 279
128 281
128 295
128 296
128 297
128 298
128 299
128 300
128 317
128 385
128 386
128 476
128 538
128 592
128 599
129 136
129 144
129 147
129 156
129 337
129 344
129 365
129 368
129 370
129 372
129 401
129 411
129 412
129 420
129 421
130 138
130 139
130 367
130 371
130 373
130 375
130 376
130 381
130 403
130 419
130 422
130 430
131 140
131 151
131 153
131 161
131 171
131 190
131 272
131 423
132 275
133 427
133 482
133 484
134 140
134 148
134 153
134 159
134 161
134 163
134 190
134 253
134 403
134 404
134 405
134 406
134 423
134 424
134 426
134 430
134 435
134 459
136 140
136 144
136 148
136 149
136 156
136 163
136 190
136 253
136 337
136 344
136 351
136 353
136 368
136 371
136 372
136 418
136 420
136 421
136 424
136 428
136 429
136 431
136 437
136 440
136 441
136 442
136 444
136 447
136 449
136 462
136 464
137 138
138 139
138 150
138 371
138 373
138 376
139 149
139 367
139 371
139 373
139 375
139 376
139 403
139 430
139 441
139 444
140 148
140 149
140 153
140 155
140 156
140 161
140 163
140 171
140 190
140 253
140 337
140 348
140 371
140 403
140 404
140 421
140 422
140 423
140 424
140 434
140 437
140 442
140 450
140 454
140 463
141 142
141 144
141 147
141 153
141 190
141 196
141 199
141 210
141 223
141 233
141 337
141 340
141 399
141 402
141 405
141 406
141 407
141 408
141 412
141 417
141 423
141 424
141 467
141 491
141 494
141 515
141 534
141 580
142 144
142 147
142 153
142 190
142 233
142 337
142 351
142 403
142 404
142 405
142 406
142 412
142 414
142 418
142 423
142 439
142 441
142 444
142 449
142 468
142 491
142 515
142 545
143 220
143 221
143 222
143 237
143 240
143 244
143 529
143 530
143 533
143 535
143 536
144 147
144 149
144 156
144 233
144 337
144 341
144 344
144 351
144 353
144 354
144 359
144 368
144 375
144 406
144 407
144 412
144 413
144 414
144 418
144 429
144 440
144 441
144 444
144 447
144 449
144 462
144 464
144 468
144 580
145 225
145 246
145 443
146 292
146 447
146 506
146 579
147 153
147 224
147 337
147 351
147 401
147 406
147 407
147 412
147 413
147 414
147 417
147 418
147 444
147 447
147 449
147 467
147 468
147 534
148 149
148 150
148 156
148 159
148 161
148 163
148 253
148 351
148 403
148 404
148 422
148 423
148 434
148 437
148 440
148 442
148 444
148 448
148 454
148 462
148 463
148 464
148 466
149 150
149 152
149 153
149 156
149 163
149 253
149 337
149 341
149 344
149 351
149 357
149 359
149 371
149 375
149 403
149 413
149 414
149 418
149 422
149 423
149 429
149 434
149 437
149 438
149 440
149 441
149 444
149 446
149 448
149 449
149 462
149 466
150 152
150 341
150 357
150 371
150 375
150 422
150 437
150 440
150 441
150 446
150 448
150 462
152 344
152 357
152 413
152 418
152 422
152 437
152 440
152 441
152 446
152 448
153 156
153 161
153 171
153 190
153 210
153 233
153 337
153 351
153 403
153 404
153 406
153 412
153 414
153 418
153 423
153 424
153 444
153 449
153 468
153 491
153 515
153 545
154 157
154 167
154 171
154 191
154 196
154 197
154 210
154 212
154 408
154 417
154 450
154 460
154 491
154 494
154 514
154 520
154 545
155 156
155 163
155 190
155 232
155 233
155 250
155 454
155 463
155 523
155 561
156 163
156 190
156 233
156 337
156 344
156 348
156 351
156 359
156 403
156 413
156 418
156 421
156 422
156 423
156 424
156 437
156 440
156 449
156 454
156 580
157 460
158 431
158 455
158 536
159 161
159 163
159 366
159 423
159 428
159 435
159 456
160 459
161 163
161 190
161 253
161 404
161 421
161 423
161 424
161 434
161 450
161 466
161 519
162 253
163 190
163 250
163 253
163 371
163 403
163 422
163 423
163 424
163 437
163 438
163 442
163 462
163 463
163 464
163 466
163 558
164 272
164 519
165 277
165 471
166 168
166 234
166 236
166 239
166 511
167 198
167 276
167 277
167 473
167 499
168 170
168 178
168 183
168 228
168 236
168 239
168 243
168 245
168 247
168 255
168 260
168 266
168 268
168 269
168 282
168 296
168 511
168 540
168 542
168 548
168 567
169 173
169 230
169 252
169 267
169 268
169 283
169 511
169 560
169 570
170 178
170 183
170 228
170 236
170 239
170 243
170 245
170 247
170 258
170 266
170 268
170 282
170 288
170 566
170 567
171 190
171 210
171 452
171 474
171 545
172 242
172 326
172 478
173 230
173 249
173 252
173 267
173 283
174 218
175 482
175 483
175 559
175 585
176 577
177 179
177 181
177 288
177 480
177 481
177 482
177 483
177 585
178 179
178 183
178 239
178 255
178 288
178 480
178 481
178 482
178 483
178 485
178 486
178 559
178 566
178 567
179 181
179 288
179 480
179 481
179 482
179 483
179 585
180 185
180 483
180 486
181 288
181 380
181 482
182 199
182 256
183 215
183 228
183 247
183 263
183 268
183 566
184 203
184 259
184 261
184 262
184 264
184 294
184 299
184 300
184 302
184 345
184 385
184 386
184 599
186 277
187 194
187 211
187 394
187 485
187 495
188 256
188 295
189 214
189 217
189 218
189 230
189 234
189 235
189 236
189 238
189 239
189 243
189 244
189 245
189 489
189 493
189 511
189 521
189 531
189 540
189 542
189 546
189 547
189 548
189 549
189 550
189 551
189 554
189 581
189 582
189 583
190 210
190 233
190 253
190 337
190 351
190 403
190 404
190 405
190 406
190 412
190 423
190 424
190 444
190 449
190 450
190 463
190 491
191 192
191 193
191 194
191 195
191 196
191 197
191 198
191 210
191 212
191 384
191 393
191 394
191 396
191 399
191 408
191 492
191 494
191 496
191 501
191 520
191 534
192 193
192 194
192 195
192 211
192 212
192 220
192 221
192 222
192 224
192 394
192 396
192 408
192 489
192 492
192 496
192 502
192 503
192 505
192 520
192 532
193 194
193 195
193 212
193 220
193 221
193 222
193 224
193 237
193 240
193 394
193 396
193 408
193 489
193 492
193 494
193 496
193 498
193 503
193 505
193 520
193 530
193 532
193 533
193 534
193 553
194 198
194 202
194 222
194 303
194 304
194 321
194 384
194 389
194 390
194 391
194 393
194 394
194 395
194 396
194 489
194 495
194 496
194 497
194 498
194 503
194 505
195 196
195 197
195 198
195 207
195 211
195 212
195 213
195 234
195 271
195 273
195 323
195 394
195 492
195 496
195 498
195 514
195 516
195 520
195 521
196 199
196 201
196 210
196 223
196 224
196 232
196 234
196 399
196 417
196 467
196 515
196 521
196 534
196 545
196 580
197 198
197 209
197 212
197 271
197 273
197 276
197 490
197 492
197 496
197 513
197 514
197 518
197 520
197 521
197 522
197 524
197 527
197 562
198 213
198 276
198 394
198 492
198 496
199 201
199 297
199 467
200 234
200 256
200 281
200 282
200 295
200 296
201 204
201 297
201 300
201 385
201 417
201 467
201 593
202 236
202 301
202 303
202 304
202 321
202 390
202 391
202 489
202 495
202 503
202 582
203 204
203 246
203 255
203 257
203 260
203 261
203 279
203 293
203 294
203 297
203 299
203 300
203 385
203 599
204 297
204 300
204 417
204 599
206 256
206 259
207 209
207 211
207 213
207 219
207 273
207 493
207 520
207 552
208 209
208 211
208 229
208 230
208 231
208 265
208 273
208 274
208 507
208 508
208 509
208 512
208 540
208 541
208 542
208 571
209 211
209 212
209 213
209 231
209 242
209 265
209 271
209 273
209 453
209 490
209 493
209 507
209 508
209 509
209 510
209 512
209 513
209 514
209 518
209 521
209 522
209 524
209 541
209 552
209 562
209 564
209 565
209 571
209 572
209 573
209 574
209 577
209 594
210 212
210 271
210 399
210 408
210 412
210 450
210 460
210 467
210 491
210 492
210 494
210 510
210 514
210 534
210 545
211 212
211 213
211 231
211 242
211 265
211 273
211 394
211 485
211 490
211 492
211 493
211 496
211 513
211 520
211 521
211 540
211 552
212 394
212 396
212 408
212 490
212 492
212 494
212 496
212 510
212 514
212 516
212 520
213 231
213 234
213 242
213 265
213 273
213 394
213 479
213 493
213 496
213 498
213 520
213 521
213 540
213 542
213 552
213 573
214 217
214 218
214 493
214 503
214 511
214 542
214 551
214 554
215 246
215 263
216 229
216 230
216 252
216 265
216 267
216 268
216 270
216 274
216 453
216 508
216 512
216 513
216 518
216 524
216 526
216 527
216 528
216 539
216 541
216 542
216 544
216 560
216 562
216 564
216 565
216 569
216 570
216 571
216 572
216 573
216 595
217 218
217 334
217 392
217 526
218 236
218 556
220 221
220 222
220 224
220 237
220 240
220 286
220 287
220 332
220 396
220 439
220 445
220 447
220 494
220 502
220 529
220 530
220 532
220 533
220 534
220 535
220 536
220 553
220 584
221 222
221 223
221 224
221 240
221 287
221 340
221 396
221 397
221 399
221 407
221 408
221 409
221 467
221 489
221 505
221 529
221 530
221 532
221 533
221 534
221 535
221 584
222 223
222 227
222 237
222 240
222 241
222 394
222 396
222 489
222 503
222 520
222 529
222 530
222 532
222 533
222 535
222 536
222 552
222 553
222 554
223 224
223 340
223 396
223 397
223 399
223 407
223 408
223 417
223 467
223 494
223 515
223 533
223 534
223 580
224 225
224 287
224 396
224 397
224 399
224 401
224 408
224 412
224 417
224 467
224 489
224 494
224 529
224 530
224 533
224 534
225 293
225 385
225 393
225 395
225 398
225 399
225 401
225 417
225 445
225 467
225 534
225 579
226 236
226 238
226 239
226 240
226 244
226 285
226 286
226 291
226 329
226 331
226 332
226 333
226 535
226 547
226 548
226 550
226 554
226 583
227 237
227 240
227 241
227 244
227 532
227 533
227 535
227 536
227 549
227 552
227 553
228 229
228 230
228 231
228 243
228 245
228 247
228 252
228 258
228 262
228 263
228 265
228 266
228 267
228 268
228 269
228 270
228 274
228 282
228 296
228 539
228 540
228 541
228 542
228 557
228 566
228 571
229 230
229 231
229 243
229 252
229 263
229 265
229 266
229 267
229 268
229 269
229 270
229 273
229 274
229 278
229 282
229 283
229 508
229 509
229 511
229 512
229 539
229 540
229 541
229 542
229 544
229 557
229 569
229 570
229 571
229 572
229 573
229 595
230 231
230 252
230 265
230 266
230 267
230 268
230 269
230 270
230 283
230 475
230 478
230 511
230 512
230 539
230 540
230 541
230 542
230 544
230 551
230 557
230 569
230 570
230 571
230 573
230 595
231 242
231 243
231 265
231 268
231 269
231 270
231 273
231 475
231 493
231 509
231 512
231 513
231 539
231 540
231 541
231 542
231 544
231 551
231 552
231 557
231 571
231 572
231 573
232 234
232 521
232 558
233 337
233 401
233 404
233 406
233 412
233 417
233 449
233 467
233 468
233 545
234 236
234 242
234 269
234 493
234 521
234 540
234 542
234 581
235 236
235 238
235 248
235 285
235 286
235 330
235 547
235 582
235 583
236 238
236 239
236 245
236 248
236 285
236 286
236 291
236 330
236 511
236 546
236 547
236 548
236 550
236 556
236 582
236 583
236 586
237 238
237 240
237 241
237 244
237 285
237 286
237 287
237 332
237 465
237 502
237 503
237 529
237 530
237 532
237 533
237 535
237 536
237 547
237 549
237 553
237 554
237 582
237 583
237 584
238 239
238 244
238 245
238 284
238 285
238 286
238 291
238 292
238 330
238 489
238 531
238 546
238 547
238 548
238 550
238 554
238 555
238 582
238 583
238 584
239 243
239 245
239 246
239 247
239 255
239 258
239 260
239 282
239 486
239 511
239 540
239 542
239 547
239 548
239 550
239 551
239 567
240 241
240 244
240 529
240 530
240 532
240 533
240 535
240 536
240 549
240 553
240 554
241 244
241 465
241 529
241 532
241 533
241 535
241 536
241 537
241 549
241 552
241 553
241 554
242 265
242 273
242 478
242 493
242 512
242 513
242 518
242 521
242 524
242 544
242 552
242 571
242 573
243 245
243 247
243 258
243 263
243 268
243 269
243 282
243 511
243 539
243 540
243 542
243 548
243 550
243 551
244 286
244 443
244 531
244 535
244 547
244 549
244 550
244 554
244 555
244 583
244 584
245 246
245 247
245 255
245 260
245 263
245 282
245 511
245 531
245 540
245 542
245 547
245 548
245 550
245 551
245 554
245 566
246 255
246 260
246 293
246 303
246 304
246 548
246 550
246 566
246 568
247 252
247 258
247 268
247 511
248 254
248 286
248 546
248 547
248 556
249 267
250 252
250 254
250 463
250 528
250 558
250 560
250 561
250 570
251 288
251 559
252 266
252 267
252 268
252 269
252 270
252 274
252 283
252 511
252 539
252 541
252 544
252 560
252 569
252 570
252 571
253 371
253 403
253 422
253 423
253 434
253 437
253 438
253 442
253 462
253 463
253 464
253 466
253 558
254 463
254 465
254 478
254 558
254 561
255 256
255 260
255 261
255 263
255 282
255 296
255 298
255 299
255 385
255 386
255 486
255 538
256 259
256 281
256 282
256 295
256 296
256 538
256 540
257 279
257 293
258 260
258 282
259 261
259 263
259 264
259 281
259 296
259 299
259 387
260 261
260 263
260 282
260 296
260 298
260 299
260 301
260 303
260 304
260 317
260 358
260 385
260 386
260 427
260 487
260 538
260 566
260 568
260 586
260 588
260 589
261 262
261 279
261 295
261 296
261 298
261 299
261 300
262 263
262 274
262 282
262 299
263 268
263 269
263 274
263 282
263 295
263 296
263 299
263 387
263 539
263 540
263 566
264 295
264 299
264 302
264 322
265 267
265 268
265 269
265 270
265 271
265 273
265 274
265 453
265 490
265 493
265 507
265 508
265 509
265 510
265 512
265 513
265 518
265 521
265 522
265 524
265 539
265 540
265 541
265 542
265 544
265 552
265 564
265 565
265 569
265 570
265 571
265 572
265 573
265 574
265 595
266 267
266 268
266 269
266 270
266 274
266 278
266 282
266 540
266 542
266 572
267 268
267 269
267 270
267 274
267 283
267 511
267 512
267 539
267 540
267 541
267 542
267 544
267 560
267 569
267 570
267 571
267 573
267 595
268 269
268 270
268 274
268 282
268 511
268 539
268 541
268 542
268 544
268 557
268 560
268 569
268 570
268 571
268 572
268 573
269 270
269 274
269 278
269 282
269 475
269 509
269 511
269 512
269 521
269 539
269 540
269 541
269 542
269 544
269 551
269 556
269 557
269 571
269 572
269 573
270 274
270 278
270 283
270 508
270 509
270 512
270 539
270 540
270 541
270 542
270 544
270 557
270 560
270 569
270 570
270 571
270 572
270 573
270 595
271 453
271 490
271 510
271 512
271 514
271 516
271 518
271 519
271 522
271 524
271 564
271 574
272 383
272 453
272 466
272 519
272 523
272 569
272 570
273 490
273 493
273 507
273 508
273 509
273 510
273 512
273 513
273 518
273 520
273 521
273 522
273 524
273 527
273 540
273 541
273 542
273 552
273 557
273 562
273 564
273 571
273 572
273 573
273 574
274 278
274 282
274 512
274 522
274 539
274 541
274 542
274 544
274 560
274 565
274 569
274 570
274 571
274 572
274 573
274 595
275 458
275 575
276 277
276 457
276 459
276 473
276 522
276 576
276 577
276 578
277 278
277 522
278 279
278 281
278 282
278 298
278 522
278 576
278 577
278 597
279 281
279 297
279 300
279 576
280 577
281 295
281 296
282 296
282 540
282 542
282 567
283 571
284 285
284 325
284 330
284 587
285 286
285 287
285 325
285 328
285 329
285 330
285 331
285 332
285 333
285 547
285 582
285 583
285 584
286 287
286 292
286 330
286 332
286 447
286 489
286 546
286 547
286 582
286 583
286 584
287 332
287 443
287 447
287 489
287 503
287 529
287 582
287 583
287 584
288 480
288 481
288 482
288 483
288 486
288 487
288 567
288 585
289 292
290 586
291 292
291 325
291 328
291 333
291 587
292 322
292 443
292 582
292 584
292 586
293 300
293 385
293 386
293 427
293 588
293 589
293 599
294 299
294 301
294 588
295 296
296 298
296 299
296 311
296 538
297 300
297 385
297 590
297 593
297 596
297 598
297 599
298 299
298 538
299 300
299 385
299 386
299 387
299 588
299 589
299 592
299 597
299 599
300 385
300 588
300 590
300 593
300 596
300 598
300 599
301 302
301 303
301 304
301 305
301 311
301 317
301 320
301 321
301 324
301 385
301 386
301 389
301 393
301 395
301 487
301 495
301 579
301 588
302 304
302 305
302 317
302 319
302 321
302 322
302 386
302 389
302 390
302 391
302 495
303 304
303 305
303 308
303 309
303 315
303 317
303 319
303 320
303 321
303 385
303 386
303 389
303 390
303 391
303 393
303 395
303 427
303 489
303 495
303 568
303 586
303 600
304 305
304 307
304 311
304 315
304 317
304 318
304 319
304 320
304 321
304 322
304 324
304 385
304 386
304 389
304 390
304 391
304 393
304 395
304 495
304 547
304 566
304 568
304 586
304 600
305 311
305 315
305 317
305 318
305 319
305 320
305 321
305 322
305 324
305 385
305 386
305 389
305 390
305 391
305 579
305 586
305 600
306 308
307 315
307 547
308 548
310 313
310 314
311 315
311 317
311 319
311 320
311 334
311 385
311 386
311 389
311 538
311 566
311 586
312 318
312 326
312 329
312 331
312 333
312 587
313 314
314 316
315 317
315 318
315 319
315 320
315 321
315 334
315 386
315 389
315 391
315 566
317 319
317 320
317 321
317 322
317 385
317 386
317 389
317 390
317 391
317 395
317 427
317 495
317 566
317 586
317 588
317 600
318 319
318 320
318 329
318 331
318 333
318 334
319 320
319 321
319 322
319 334
319 336
319 386
319 389
319 391
319 392
320 321
320 334
320 336
320 386
320 389
320 391
320 392
320 566
321 322
321 324
321 385
321 386
321 389
321 390
321 391
321 393
321 395
321 489
321 495
321 588
321 599
321 600
322 385
322 388
322 389
322 390
322 391
322 586
323 327
324 325
324 327
324 497
324 579
325 327
325 328
325 587
326 329
326 331
326 332
326 333
326 587
327 328
327 330
327 335
327 391
328 330
328 331
328 332
328 333
328 335
328 582
329 331
329 332
329 333
329 583
329 587
330 582
330 583
331 332
331 333
331 587
332 333
332 584
332 587
333 582
333 583
334 336
334 391
334 392
336 391
336 392
336 511
337 340
337 342
337 344
337 348
337 351
337 353
337 359
337 365
337 368
337 375
337 401
337 403
337 404
337 405
337 406
337 407
337 410
337 412
337 413
337 414
337 418
337 422
337 423
337 424
337 425
337 428
337 430
337 435
337 441
337 444
337 449
337 464
337 468
337 491
338 339
340 396
340 397
340 399
340 405
340 406
340 407
340 408
340 409
340 410
340 460
340 467
340 491
340 501
340 504
341 349
341 351
341 353
341 354
341 356
341 357
341 359
341 367
341 369
341 371
341 440
341 441
341 444
341 446
341 462
342 343
342 344
342 346
342 347
342 348
342 350
342 413
342 418
342 437
343 346
343 347
343 350
344 346
344 348
344 350
344 351
344 353
344 359
344 368
344 370
344 372
344 404
344 413
344 418
344 420
344 421
344 422
344 425
344 437
344 440
344 441
344 444
344 448
344 449
344 462
345 352
345 358
345 360
345 362
345 363
346 347
346 349
346 350
346 415
347 350
348 350
348 351
348 353
348 359
348 368
348 372
348 413
348 418
348 421
348 422
348 425
348 437
348 449
349 354
349 356
349 357
349 440
350 413
350 418
350 425
350 437
351 353
351 359
351 375
351 403
351 404
351 405
351 406
351 412
351 413
351 414
351 418
351 422
351 423
351 437
351 440
351 441
351 444
351 447
351 449
351 462
351 468
352 358
352 360
352 362
352 363
353 354
353 356
353 357
353 359
353 365
353 368
353 370
353 371
353 372
353 375
353 413
353 418
353 420
353 422
353 429
353 431
353 440
353 444
353 449
353 462
354 356
354 357
354 359
354 440
354 441
354 444
356 357
356 367
356 429
357 359
357 367
357 371
357 440
357 446
358 362
358 363
358 386
359 371
359 375
359 403
359 413
359 414
359 418
359 422
359 437
359 438
359 440
359 444
359 449
359 462
360 361
360 363
362 363
364 588
364 590
364 593
364 596
365 366
365 368
365 370
365 420
365 421
365 422
365 424
365 428
365 431
365 455
365 598
366 370
366 421
367 371
367 373
367 376
368 370
368 372
368 418
368 420
368 421
368 422
368 428
368 429
368 447
369 371
370 372
370 420
370 421
370 424
370 428
370 431
370 455
370 598
371 373
371 375
371 376
371 403
371 430
371 434
371 437
371 438
371 440
371 446
372 420
372 421
372 422
372 428
372 429
373 375
373 376
373 382
373 403
373 430
374 436
375 376
375 403
375 405
375 406
375 413
375 419
375 422
375 430
375 435
375 437
375 440
375 441
375 444
375 449
376 381
376 382
376 405
376 419
376 422
376 430
377 380
377 381
377 436
378 381
379 560
380 381
380 481
381 419
384 390
384 393
384 394
384 395
384 398
384 400
384 408
384 496
384 501
385 386
385 389
385 390
385 391
385 393
385 395
385 398
385 400
385 427
385 495
385 538
385 579
385 586
385 588
385 599
386 389
386 427
386 495
386 538
386 586
386 588
386 589
386 596
386 599
386 600
387 539
387 595
387 597
388 580
389 390
389 391
389 393
389 395
389 489
389 495
389 579
389 586
390 391
390 393
390 394
390 395
390 398
390 427
390 489
390 495
390 497
390 517
391 392
391 393
391 395
391 489
391 495
391 586
393 394
393 395
393 396
393 398
393 400
393 489
393 495
393 498
393 517
394 395
394 396
394 489
394 492
394 493
394 495
394 496
394 498
394 503
394 505
394 520
394 532
395 397
395 398
395 400
395 489
395 495
395 579
396 397
396 398
396 399
396 407
396 408
396 409
396 467
396 489
396 492
396 494
396 496
396 498
396 503
396 505
396 520
396 529
396 532
396 533
396 534
397 398
397 399
397 401
397 407
397 408
397 409
397 411
397 412
397 417
397 467
397 530
397 533
397 534
398 399
398 400
398 401
398 411
398 417
398 534
399 401
399 407
399 408
399 409
399 411
399 412
399 417
399 467
399 494
399 515
399 534
400 401
400 411
400 417
401 407
401 408
401 409
401 410
401 411
401 412
401 417
401 467
401 534
403 404
403 405
403 406
403 413
403 414
403 418
403 422
403 423
403 430
403 434
403 435
403 437
403 438
403 444
403 449
403 454
403 463
403 464
403 491
404 405
404 406
404 412
404 423
404 424
404 435
404 441
404 444
404 449
404 450
404 454
404 468
404 491
405 406
405 407
405 410
405 414
405 422
405 423
405 424
405 430
405 435
405 449
405 491
406 407
406 412
406 414
406 418
406 423
406 424
406 428
406 435
406 439
406 441
406 444
406 449
406 458
406 463
406 464
406 467
406 468
406 491
406 515
407 408
407 409
407 410
407 412
407 417
407 439
407 460
407 467
407 468
407 491
407 494
407 501
407 504
407 515
407 534
408 409
408 417
408 460
408 467
408 491
408 492
408 494
408 496
408 501
408 504
408 520
408 534
409 410
409 417
409 467
409 501
409 534
410 411
410 413
410 422
410 425
411 417
412 414
412 417
412 418
412 424
412 444
412 447
412 449
412 467
412 468
412 491
412 515
412 534
412 580
413 414
413 418
413 422
413 437
413 440
413 444
413 449
414 418
414 422
414 444
414 449
414 506
417 467
417 468
417 497
417 515
417 534
417 545
417 579
418 422
418 423
418 437
418 440
418 441
418 444
418 448
418 449
419 425
420 421
420 424
420 598
421 422
421 424
421 428
422 423
422 424
422 425
422 428
422 429
422 433
422 435
422 437
422 440
422 442
422 448
422 464
422 466
423 424
423 428
423 430
423 432
423 434
423 435
423 437
423 438
423 444
423 449
423 450
423 451
423 463
423 464
423 466
423 491
424 428
424 435
424 449
424 450
424 452
424 455
424 456
424 463
424 464
424 474
424 491
426 430
426 459
427 487
427 568
427 586
427 588
428 429
428 464
429 446
430 432
430 435
430 441
431 455
432 438
432 450
432 451
432 458
432 459
432 461
432 463
432 466
432 519
434 437
434 440
434 441
434 446
434 448
434 454
434 461
434 462
434 466
435 461
437 438
437 440
437 442
437 446
437 448
437 462
437 464
437 466
438 451
438 463
438 464
438 466
439 468
439 494
439 504
439 515
440 441
440 444
440 446
440 448
440 449
440 462
441 444
441 447
441 448
441 449
441 462
441 468
442 462
442 464
442 466
444 447
444 449
444 462
444 468
445 529
445 534
446 448
446 462
448 462
448 466
449 464
449 468
449 491
450 461
450 463
450 474
450 491
450 500
451 463
451 490
451 510
451 561
451 574
452 474
453 490
453 508
453 510
453 512
453 513
453 514
453 518
453 522
453 523
453 524
453 525
453 527
453 528
453 541
453 544
453 562
453 564
453 565
453 569
453 570
453 571
453 572
453 573
453 574
454 468
454 515
455 456
455 458
455 494
455 529
455 530
456 458
456 461
456 500
456 530
457 522
457 576
457 577
457 578
458 465
458 502
459 473
459 500
460 473
460 491
460 492
460 494
460 501
460 515
461 500
461 578
462 464
462 466
463 464
463 465
463 519
463 558
463 561
463 563
464 465
464 558
464 563
465 502
465 516
465 528
465 533
465 537
465 549
465 552
465 553
465 558
465 561
467 494
467 515
467 534
467 580
468 491
468 515
468 545
469 524
470 593
472 476
473 501
475 479
475 542
475 571
477 525
477 527
478 552
478 573
479 559
480 481
480 482
480 483
480 484
480 485
480 567
481 482
481 483
481 484
481 485
481 486
481 567
482 483
482 484
482 486
482 585
483 485
483 486
483 559
483 567
483 585
484 486
485 540
485 567
486 538
487 586
487 588
489 495
489 497
489 498
489 531
489 582
489 583
490 492
490 494
490 510
490 512
490 513
490 514
490 516
490 518
490 520
490 522
490 524
490 527
490 552
490 562
490 564
490 573
490 574
491 494
491 515
492 494
492 496
492 498
492 501
492 514
492 516
492 520
493 495
493 498
493 513
493 518
493 520
493 521
493 531
493 539
493 540
493 541
493 542
493 552
493 554
493 562
494 500
494 510
494 514
494 516
494 520
494 529
494 530
494 532
494 533
494 534
495 498
495 517
495 531
496 498
496 501
496 514
496 520
497 579
498 520
498 521
499 501
500 514
500 578
501 504
502 503
502 505
502 516
502 520
502 529
503 505
503 516
503 520
503 532
505 516
505 517
505 520
507 508
507 512
507 522
507 562
507 572
507 574
507 577
508 512
508 513
508 518
508 524
508 541
508 544
508 562
508 565
508 571
508 572
508 573
508 595
509 512
509 513
509 524
509 540
509 541
509 571
509 572
509 573
509 574
510 512
510 513
510 514
510 516
510 518
510 519
510 520
510 522
510 524
510 527
510 558
510 564
510 574
510 594
511 539
511 540
511 542
511 544
511 548
511 550
511 551
512 513
512 518
512 522
512 524
512 527
512 539
512 541
512 542
512 544
512 562
512 564
512 565
512 569
512 570
512 571
512 572
512 573
512 574
512 577
512 595
513 514
513 518
513 520
513 521
513 524
513 527
513 541
513 552
513 562
513 564
513 565
513 571
513 572
513 573
513 574
514 516
514 518
514 520
514 522
514 524
514 562
514 564
514 574
514 578
515 545
516 518
516 520
516 524
516 574
517 600
518 519
518 520
518 521
518 522
518 524
518 525
518 527
518 541
518 544
518 562
518 564
518 565
518 571
518 572
518 573
518 574
518 577
518 578
519 578
520 521
520 524
520 527
520 532
520 552
520 562
521 527
521 540
521 542
521 544
521 557
521 571
521 573
522 562
522 564
522 572
522 573
522 574
522 576
522 577
522 578
523 526
523 543
523 560
523 569
523 570
524 527
524 552
524 562
524 564
524 571
524 572
524 573
524 574
524 577
525 527
525 545
525 564
526 527
526 528
526 549
526 552
527 528
527 552
527 562
527 564
527 571
527 573
527 574
528 560
528 561
528 570
528 571
528 573
529 530
529 532
529 533
529 534
529 535
529 536
529 553
529 584
530 532
530 533
530 534
530 536
530 553
531 532
531 547
531 548
531 550
531 554
531 555
532 533
532 535
532 536
532 549
532 552
532 553
532 554
533 535
533 536
533 553
535 536
535 553
535 554
536 537
536 553
537 553
538 567
538 589
538 592
539 540
539 541
539 542
539 544
539 560
539 565
539 566
539 569
539 570
539 571
539 572
539 573
539 595
540 541
540 542
540 551
540 567
540 571
540 595
541 542
541 544
541 560
541 565
541 569
541 570
541 571
541 572
541 573
541 594
541 595
542 544
542 551
542 557
542 559
542 567
542 571
542 572
542 573
543 544
543 570
543 571
544 557
544 569
544 570
544 571
544 572
544 573
546 547
546 550
546 554
546 583
547 548
547 549
547 550
547 554
547 555
547 556
547 582
547 583
547 584
548 550
548 551
548 554
548 555
548 568
549 552
549 553
549 554
549 555
549 584
550 551
550 554
550 555
550 568
550 583
551 552
551 554
551 555
552 553
552 573
553 554
554 555
554 583
556 557
557 571
557 573
558 561
559 567
560 561
560 569
560 570
560 571
560 573
561 570
562 564
562 565
562 572
562 574
562 577
562 594
564 565
564 574
564 578
565 569
565 571
565 572
565 577
565 592
565 595
565 597
566 568
567 597
569 570
569 571
569 572
569 573
569 595
570 571
570 573
571 572
571 573
571 595
572 573
572 574
572 577
572 595
572 597
573 574
576 577
577 578
577 594
577 597
578 594
579 586
582 583
582 586
583 584
584 587
588 589
588 592
588 596
588 599
589 592
589 596
590 593
590 596
590 598
590 599
591 593
592 596
592 597
593 596
593 598
594 595
596 598
596 599
598 599
