600 5392

1 2
1 4
1 5
1 22
1 23
1 28
1 31
1 96
1 105
1 106
1 225
1 282
1 290
1 301
1 302
1 322
1 390
1 391
1 395
1 397
1 417
1 443
1 445
1 579
2 3
2 4
2 5
2 11
2 20
2 92
2 93
2 94
2 95
2 98
2 100
2 101
2 103
2 104
2 106
2 110
2 117
2 184
2 187
2 189
2 194
2 223
2 282
2 283
2 289
2 301
2 302
2 303
2 304
2 321
2 383
2 384
2 385
2 386
2 388
2 389
2 390
2 393
2 394
2 395
2 396
2 398
2 399
2 401
2 411
2 467
2 487
2 489
2 493
2 495
2 503
3 4
3 5
3 11
3 18
3 20
3 21
3 37
3 94
3 98
3 100
3 101
3 103
3 106
3 283
3 301
3 302
3 303
3 304
3 308
3 317
3 384
3 385
3 388
3 389
3 390
3 394
3 396
3 398
3 411
3 489
3 493
3 495
4 5
4 11
4 20
4 21
4 22
4 23
4 28
4 30
4 31
4 32
4 35
4 38
4 96
4 97
4 98
4 102
4 105
4 106
4 117
4 220
4 282
4 301
4 302
4 304
4 305
4 321
4 322
4 324
4 327
4 329
4 335
4 336
4 389
4 390
4 391
4 395
4 396
4 397
4 443
4 469
4 489
4 495
4 533
4 579
5 11
5 20
5 21
5 23
5 24
5 29
5 30
5 32
5 35
5 36
5 37
5 94
5 98
5 100
5 102
5 103
5 106
5 282
5 301
5 302
5 303
5 304
5 305
5 308
5 317
5 320
5 321
5 324
5 326
5 329
5 331
5 333
5 335
5 336
5 388
5 389
5 390
5 391
5 397
5 489
5 495
6 7
6 9
6 11
6 12
6 16
6 18
6 19
6 20
6 21
6 37
6 94
6 100
6 303
6 310
6 312
6 317
6 318
6 319
6 320
6 321
6 326
6 331
6 389
6 526
7 9
7 12
7 18
7 20
7 21
7 29
7 37
7 100
7 303
7 308
7 312
7 317
7 318
7 319
7 320
7 321
7 326
7 331
7 389
8 15
8 93
8 187
8 283
8 309
8 311
8 316
8 384
9 12
9 16
9 18
9 21
9 37
9 94
9 98
9 100
9 303
9 312
9 318
9 319
9 388
9 389
10 326
11 18
11 20
11 21
11 29
11 37
11 93
11 94
11 95
11 96
11 98
11 100
11 101
11 103
11 106
11 117
11 184
11 189
11 194
11 282
11 283
11 301
11 302
11 303
11 304
11 317
11 320
11 321
11 383
11 384
11 385
11 386
11 388
11 389
11 390
11 393
11 394
11 396
11 398
11 411
11 487
11 489
11 493
11 495
11 503
11 504
12 14
12 15
12 16
12 18
12 19
12 93
12 311
12 312
12 315
12 316
12 317
12 318
12 319
12 523
13 272
14 15
14 16
14 18
14 19
14 315
14 317
14 318
14 319
15 16
15 18
15 19
15 311
15 313
15 315
15 316
15 318
15 523
16 18
16 19
16 312
16 314
16 315
16 316
16 318
16 319
17 174
17 334
17 470
17 509
17 580
18 19
18 20
18 21
18 37
18 94
18 98
18 100
18 312
18 315
18 317
18 318
18 319
18 320
18 384
18 389
18 523
18 526
19 29
19 37
19 312
19 315
19 317
19 318
19 319
19 331
20 21
20 24
20 29
20 37
20 94
20 96
20 98
20 100
20 101
20 103
20 106
20 282
20 301
20 302
20 303
20 304
20 308
20 312
20 317
20 320
20 321
20 324
20 326
20 329
20 331
20 335
20 336
20 384
20 388
20 389
20 390
20 394
20 396
20 398
20 411
20 489
20 495
21 23
21 24
21 29
21 37
21 94
21 98
21 100
21 102
21 103
21 106
21 303
21 304
21 308
21 312
21 317
21 320
21 321
21 324
21 326
21 329
21 331
21 333
21 335
21 336
21 388
21 389
21 390
21 391
21 398
21 411
21 489
21 495
22 23
22 25
22 26
22 27
22 28
22 30
22 31
22 33
22 36
22 38
22 220
22 221
22 237
22 305
22 322
22 327
22 328
22 332
22 391
22 397
22 443
22 533
23 24
23 26
23 28
23 30
23 31
23 32
23 33
23 34
23 35
23 38
23 102
23 106
23 220
23 221
23 237
23 303
23 304
23 305
23 323
23 324
23 327
23 328
23 329
23 335
23 336
23 391
23 392
23 397
23 533
24 26
24 27
24 29
24 30
24 32
24 36
24 37
24 102
24 304
24 305
24 320
24 321
24 324
24 326
24 328
24 329
24 331
24 333
24 334
24 335
24 336
24 390
24 391
25 28
25 143
25 185
25 284
25 325
25 487
25 583
26 27
26 30
26 31
26 36
26 221
26 326
26 328
26 329
26 332
26 336
26 391
26 484
27 30
27 36
27 328
27 329
27 333
27 484
28 30
28 31
28 105
28 106
28 237
28 284
28 287
28 291
28 302
28 305
28 327
28 328
28 330
28 332
28 391
28 395
28 397
28 443
28 583
29 37
29 100
29 304
29 312
29 317
29 318
29 319
29 320
29 321
29 326
29 329
29 331
29 389
29 390
29 489
30 31
30 32
30 33
30 35
30 36
30 38
30 220
30 221
30 237
30 304
30 305
30 324
30 327
30 328
30 329
30 332
30 333
30 335
30 336
30 390
30 391
30 392
30 397
30 530
30 533
30 549
31 33
31 220
31 221
31 237
31 287
31 305
31 322
31 323
31 327
31 328
31 330
31 332
31 391
31 395
31 397
31 443
31 462
31 529
31 533
31 549
31 584
32 33
32 35
32 36
32 38
32 220
32 304
32 305
32 324
32 327
32 329
32 333
32 334
32 335
32 336
32 391
32 392
32 530
32 533
33 35
33 36
33 38
33 102
33 220
33 221
33 237
33 323
33 327
33 328
33 332
33 335
33 336
33 391
33 392
33 397
33 530
33 533
33 553
34 220
34 223
34 287
35 36
35 38
35 102
35 220
35 221
35 237
35 304
35 305
35 323
35 324
35 327
35 328
35 329
35 333
35 334
35 335
35 336
35 391
35 392
35 397
35 530
35 533
35 549
35 553
36 38
36 220
36 221
36 329
36 335
36 336
36 391
36 392
36 397
36 530
36 533
36 549
36 553
37 94
37 98
37 100
37 103
37 106
37 303
37 304
37 308
37 312
37 317
37 318
37 319
37 320
37 321
37 324
37 326
37 329
37 331
37 333
37 336
37 388
37 389
37 390
37 411
37 489
38 99
38 102
38 220
38 221
38 323
38 327
38 328
38 329
38 332
38 335
38 336
38 391
38 392
38 397
38 530
38 533
38 549
38 553
39 41
39 42
39 88
39 89
39 93
39 95
39 107
39 108
39 111
39 113
39 114
39 115
39 116
39 126
39 137
39 187
39 189
39 191
39 201
39 204
39 205
39 337
39 340
39 487
40 50
40 61
40 62
40 63
40 64
40 74
40 75
40 77
40 78
40 91
40 135
40 140
40 186
40 354
40 355
40 356
40 363
40 369
40 371
40 373
40 440
41 42
41 43
41 44
41 45
41 46
41 47
41 48
41 89
41 116
41 126
41 205
41 338
41 342
41 343
41 346
41 347
41 373
41 446
42 47
42 48
42 88
42 89
42 115
42 116
42 337
42 338
42 346
42 347
43 44
43 46
43 47
43 48
43 49
43 51
43 58
43 61
43 75
43 80
43 87
43 91
43 126
43 140
43 141
43 347
43 365
43 373
43 374
43 380
43 425
44 46
44 47
44 48
44 50
44 51
44 53
44 54
44 56
44 57
44 58
44 60
44 61
44 62
44 63
44 68
44 70
44 75
44 76
44 78
44 80
44 81
44 82
44 86
44 87
44 126
44 135
44 140
44 144
44 341
44 342
44 345
44 346
44 347
44 349
44 353
44 354
44 355
44 356
44 357
44 358
44 359
44 362
44 363
44 364
44 365
44 367
44 373
44 374
44 377
44 380
44 446
45 46
45 48
46 47
46 48
46 342
46 343
46 346
46 347
47 48
47 50
47 51
47 53
47 54
47 56
47 58
47 61
47 71
47 75
47 76
47 77
47 78
47 80
47 82
47 86
47 87
47 88
47 89
47 91
47 116
47 126
47 140
47 337
47 338
47 339
47 342
47 344
47 346
47 347
47 349
47 353
47 354
47 355
47 356
47 357
47 364
47 365
47 369
47 372
47 373
47 374
47 377
47 380
47 446
47 596
48 49
48 50
48 51
48 54
48 58
48 61
48 80
48 81
48 84
48 86
48 87
48 89
48 91
48 116
48 126
48 140
48 338
48 342
48 343
48 345
48 346
48 347
48 349
48 354
48 355
48 356
48 357
48 373
48 377
48 380
48 446
49 75
49 379
49 425
50 51
50 54
50 56
50 58
50 60
50 61
50 62
50 63
50 67
50 68
50 75
50 76
50 78
50 80
50 82
50 91
50 126
50 135
50 140
50 150
50 341
50 345
50 354
50 355
50 356
50 357
50 358
50 362
50 363
50 364
50 374
50 441
51 53
51 54
51 56
51 58
51 60
51 61
51 62
51 63
51 67
51 74
51 75
51 78
51 80
51 81
51 84
51 86
51 87
51 140
51 341
51 342
51 345
51 346
51 347
51 349
51 352
51 353
51 354
51 355
51 356
51 357
51 358
51 362
51 363
51 380
51 382
51 440
52 88
52 89
52 116
52 117
52 118
52 123
52 124
52 125
52 126
52 339
52 416
52 418
53 54
53 55
53 56
53 58
53 61
53 71
53 76
53 78
53 82
53 91
53 144
53 341
53 344
53 348
53 353
53 354
53 355
53 356
53 357
53 359
53 365
53 368
53 369
54 56
54 58
54 60
54 61
54 86
54 87
54 341
54 344
54 345
54 346
54 349
54 353
54 354
54 355
54 356
54 358
54 363
54 380
55 56
55 57
55 72
55 82
55 120
55 129
55 135
55 147
55 348
55 353
55 357
55 359
55 364
55 368
55 369
55 371
55 413
56 58
56 60
56 61
56 63
56 71
56 75
56 78
56 80
56 81
56 82
56 84
56 86
56 87
56 144
56 341
56 344
56 345
56 346
56 349
56 353
56 354
56 355
56 356
56 357
56 358
56 359
56 377
56 380
56 382
56 441
57 65
57 68
57 69
57 70
57 76
57 82
57 120
57 125
57 135
57 143
57 144
57 185
57 205
57 225
57 292
57 325
57 348
57 357
57 364
57 365
57 366
57 368
57 413
57 416
57 417
57 439
57 443
57 446
58 60
58 61
58 62
58 63
58 66
58 75
58 78
58 80
58 81
58 84
58 86
58 87
58 135
58 140
58 341
58 342
58 345
58 346
58 347
58 353
58 354
58 355
58 356
58 357
58 358
58 362
58 367
58 373
58 374
58 377
58 380
58 440
59 62
59 67
60 61
60 63
60 64
60 72
60 75
60 80
60 81
60 87
60 127
60 140
60 339
60 341
60 345
60 349
60 353
60 354
60 355
60 356
60 357
60 358
60 359
60 363
60 364
60 371
60 380
60 382
60 438
61 62
61 63
61 66
61 67
61 75
61 76
61 78
61 80
61 81
61 82
61 86
61 87
61 135
61 140
61 150
61 341
61 345
61 349
61 354
61 355
61 356
61 357
61 358
61 362
61 363
61 374
62 63
62 66
62 67
62 74
62 345
62 351
62 352
62 355
62 356
62 358
62 360
62 362
62 363
63 64
63 65
63 68
63 71
63 72
63 75
63 77
63 78
63 80
63 81
63 82
63 126
63 135
63 140
63 150
63 339
63 341
63 345
63 353
63 354
63 355
63 356
63 357
63 358
63 359
63 362
63 364
63 367
63 369
63 373
63 374
63 382
63 438
64 339
64 359
64 438
65 68
65 69
65 70
65 72
65 76
65 135
65 145
65 357
65 364
65 365
65 368
65 370
65 443
66 67
66 351
66 352
66 358
66 362
67 362
68 69
68 70
68 71
68 72
68 75
68 76
68 78
68 80
68 81
68 82
68 126
68 129
68 132
68 133
68 134
68 135
68 140
68 142
68 145
68 147
68 150
68 185
68 357
68 364
68 365
68 368
68 370
68 372
68 373
68 374
68 376
68 429
68 439
68 444
69 70
69 71
69 72
69 74
69 76
69 78
69 80
69 82
69 91
69 126
69 129
69 135
69 140
69 141
69 144
69 294
69 295
69 296
69 297
69 364
69 365
69 366
69 368
69 369
69 370
69 372
69 429
69 439
69 590
69 596
69 597
70 72
70 75
70 76
70 78
70 80
70 82
70 91
70 126
70 129
70 135
70 140
70 144
70 357
70 364
70 365
70 366
70 368
70 369
70 370
70 372
70 373
70 374
70 416
70 429
70 439
71 72
71 76
71 78
71 80
71 82
71 129
71 135
71 144
71 295
71 296
71 297
71 344
71 346
71 353
71 357
71 359
71 364
71 365
71 368
71 369
72 74
72 75
72 78
72 81
72 82
72 129
72 132
72 135
72 357
72 359
72 364
72 368
72 369
72 370
72 371
72 372
72 375
72 376
72 429
73 436
74 75
74 77
74 78
74 81
74 82
74 91
74 135
74 140
74 355
74 358
74 368
74 369
74 372
74 375
74 382
75 77
75 78
75 79
75 80
75 81
75 82
75 84
75 86
75 87
75 88
75 89
75 91
75 126
75 129
75 134
75 135
75 140
75 339
75 347
75 349
75 354
75 355
75 356
75 357
75 358
75 364
75 365
75 367
75 368
75 369
75 371
75 372
75 373
75 374
75 377
75 378
75 379
75 380
75 382
75 425
75 429
75 436
76 77
76 78
76 80
76 82
76 126
76 129
76 133
76 134
76 135
76 140
76 144
76 147
76 150
76 185
76 205
76 294
76 295
76 297
76 299
76 300
76 325
76 355
76 357
76 364
76 365
76 368
76 370
76 420
76 429
76 439
76 554
76 590
76 596
76 597
76 598
77 78
77 80
77 81
77 82
77 91
77 126
77 129
77 135
77 140
77 141
77 142
77 144
77 347
77 355
77 357
77 359
77 364
77 365
77 367
77 368
77 369
77 370
77 371
77 372
77 373
77 374
77 375
77 376
77 377
77 380
77 425
77 429
77 434
77 596
78 80
78 81
78 82
78 84
78 86
78 87
78 91
78 126
78 129
78 134
78 135
78 140
78 142
78 144
78 185
78 339
78 341
78 344
78 347
78 348
78 353
78 354
78 355
78 356
78 357
78 359
78 364
78 365
78 367
78 368
78 369
78 370
78 371
78 372
78 373
78 374
78 375
78 376
78 377
78 380
78 382
78 429
78 441
79 80
79 81
79 86
79 88
79 112
79 113
79 126
79 129
79 130
79 134
79 201
79 373
80 81
80 82
80 84
80 86
80 87
80 126
80 135
80 137
80 140
80 141
80 341
80 342
80 343
80 347
80 354
80 355
80 356
80 357
80 364
80 365
80 367
80 368
80 369
80 370
80 371
80 372
80 373
80 374
80 376
80 377
80 380
80 429
80 537
81 82
81 84
81 85
81 86
81 87
81 126
81 132
81 134
81 135
81 137
81 140
81 339
81 341
81 342
81 343
81 346
81 347
81 356
81 357
81 365
81 367
81 370
81 371
81 372
81 373
81 374
81 375
81 376
81 377
81 380
81 382
81 429
82 86
82 89
82 91
82 126
82 129
82 132
82 133
82 134
82 135
82 140
82 142
82 144
82 150
82 185
82 205
82 339
82 344
82 347
82 348
82 355
82 357
82 359
82 364
82 365
82 367
82 368
82 369
82 370
82 371
82 372
82 373
82 374
82 375
82 376
82 377
82 378
82 380
82 406
82 413
82 429
82 430
82 439
82 441
82 596
83 113
83 114
83 141
83 201
83 205
84 85
84 86
84 87
84 140
84 342
84 347
84 354
84 367
84 373
84 374
84 377
84 379
84 380
84 382
84 425
85 86
85 87
85 338
85 339
85 342
85 346
85 347
85 357
85 367
85 372
85 373
85 377
85 380
85 430
85 431
86 87
86 88
86 89
86 126
86 337
86 339
86 340
86 341
86 342
86 344
86 346
86 347
86 354
86 355
86 356
86 357
86 372
86 373
86 374
86 377
86 378
86 379
86 380
86 381
86 382
86 416
86 425
86 430
87 126
87 140
87 339
87 341
87 347
87 349
87 353
87 354
87 356
87 357
87 364
87 365
87 367
87 371
87 372
87 373
87 374
87 377
87 379
87 380
87 425
87 434
88 89
88 113
88 115
88 116
88 125
88 126
88 130
88 134
88 137
88 201
88 337
88 378
89 91
89 115
89 116
89 126
89 134
89 137
89 337
89 338
89 339
89 342
89 346
89 347
89 360
89 373
89 378
89 380
89 381
90 434
91 126
91 129
91 135
91 140
91 144
91 355
91 364
91 365
91 368
91 369
91 370
91 371
91 372
91 373
91 441
91 596
92 93
92 159
92 184
92 187
92 192
92 194
92 196
92 202
92 203
92 225
92 286
92 290
92 383
92 487
92 503
92 559
93 94
93 95
93 101
93 104
93 107
93 108
93 110
93 111
93 115
93 184
93 187
93 189
93 191
93 192
93 194
93 204
93 283
93 317
93 384
93 385
93 394
93 409
93 487
93 493
93 503
93 504
93 505
94 95
94 98
94 100
94 101
94 103
94 106
94 110
94 184
94 189
94 194
94 283
94 301
94 303
94 304
94 317
94 320
94 321
94 384
94 385
94 388
94 389
94 393
94 394
94 398
94 489
94 493
94 526
95 96
95 100
95 101
95 103
95 104
95 106
95 107
95 108
95 110
95 111
95 115
95 116
95 117
95 118
95 184
95 187
95 189
95 191
95 194
95 204
95 283
95 289
95 301
95 302
95 383
95 384
95 385
95 389
95 393
95 394
95 398
95 401
95 409
95 487
95 489
95 493
95 495
95 503
95 504
95 511
96 97
96 99
96 105
96 117
96 118
96 225
96 282
96 302
96 385
96 386
96 395
96 396
96 401
96 410
96 411
96 495
96 506
97 99
97 387
97 396
97 540
97 579
98 100
98 102
98 103
98 106
98 282
98 283
98 301
98 302
98 303
98 304
98 317
98 321
98 331
98 336
98 384
98 385
98 388
98 389
98 390
98 393
98 394
98 395
98 396
98 398
98 411
98 489
98 495
98 526
99 145
99 221
99 387
99 391
99 403
99 412
99 579
100 101
100 103
100 106
100 283
100 301
100 303
100 304
100 308
100 312
100 317
100 318
100 319
100 320
100 321
100 326
100 329
100 331
100 336
100 384
100 385
100 388
100 389
100 390
100 393
100 394
100 396
100 398
100 411
100 489
100 495
101 103
101 104
101 106
101 107
101 110
101 184
101 189
101 191
101 194
101 204
101 214
101 282
101 301
101 321
101 383
101 384
101 385
101 389
101 393
101 394
101 396
101 398
101 409
101 487
101 489
101 493
101 495
101 503
101 504
101 505
102 220
102 221
102 304
102 328
102 329
102 336
102 391
102 392
102 397
102 533
103 104
103 106
103 117
103 118
103 282
103 303
103 321
103 331
103 384
103 388
103 389
103 390
103 393
103 394
103 395
103 396
103 398
103 401
103 411
103 489
103 495
104 105
104 106
104 107
104 108
104 109
104 110
104 111
104 119
104 159
104 184
104 189
104 191
104 192
104 194
104 204
104 393
104 394
104 395
104 396
104 398
104 399
104 401
104 409
104 489
104 495
104 504
105 106
105 119
105 120
105 125
105 160
105 193
105 195
105 196
105 225
105 282
105 287
105 290
105 301
105 302
105 390
105 393
105 394
105 395
105 396
105 401
105 417
105 443
105 445
105 467
105 489
105 495
105 579
106 110
106 117
106 118
106 184
106 282
106 283
106 301
106 302
106 303
106 304
106 321
106 335
106 336
106 384
106 385
106 388
106 389
106 390
106 391
106 393
106 394
106 395
106 396
106 397
106 398
106 401
106 411
106 489
106 495
107 108
107 110
107 111
107 114
107 115
107 116
107 117
107 118
107 189
107 191
107 192
107 204
107 393
107 398
107 399
107 401
107 409
107 487
107 493
107 495
108 110
108 111
108 113
108 114
108 115
108 116
108 119
108 183
108 187
108 189
108 191
108 192
108 196
108 197
108 204
108 213
108 223
108 224
108 225
109 189
109 191
109 192
109 193
109 194
109 212
109 216
109 394
109 408
109 492
109 494
109 496
109 505
110 111
110 117
110 119
110 184
110 187
110 189
110 191
110 192
110 194
110 196
110 204
110 223
110 283
110 301
110 384
110 385
110 393
110 395
110 398
110 399
110 400
110 401
110 409
110 489
110 493
110 495
110 511
111 113
111 114
111 115
111 116
111 187
111 189
111 191
111 192
111 204
112 130
112 154
112 156
112 276
113 114
113 115
113 126
113 130
113 196
113 198
113 201
113 205
113 213
114 115
114 130
114 191
114 197
114 201
114 202
114 204
114 210
114 213
114 234
115 116
115 137
115 187
115 189
115 191
115 197
115 203
115 204
115 205
115 337
115 340
115 407
115 493
115 504
116 117
116 118
116 123
116 124
116 189
116 204
116 337
116 339
116 340
116 416
117 118
117 184
117 189
117 289
117 301
117 302
117 385
117 393
117 395
117 398
117 399
117 401
117 409
117 410
117 411
117 487
117 489
117 495
117 540
118 120
118 348
118 385
118 395
118 398
118 401
118 409
118 410
118 411
118 413
118 417
118 495
119 121
119 125
119 145
119 155
119 157
119 159
119 195
119 196
119 223
119 224
119 225
119 291
119 395
119 401
119 412
119 417
119 443
119 445
119 467
120 121
120 125
120 145
120 348
120 359
120 395
120 401
120 413
120 417
120 445
120 579
121 145
121 147
121 403
121 412
121 418
122 151
122 164
123 124
123 125
123 416
123 417
124 125
125 145
125 195
125 196
125 225
125 290
125 401
125 416
125 417
125 418
125 445
125 506
125 583
126 129
126 134
126 135
126 140
126 141
126 150
126 205
126 339
126 347
126 357
126 364
126 365
126 370
126 372
126 373
126 374
126 376
126 377
126 380
126 429
126 434
128 131
128 242
128 245
128 250
128 270
128 423
128 450
128 451
128 515
128 557
129 133
129 134
129 135
129 136
129 140
129 142
129 144
129 145
129 147
129 150
129 185
129 357
129 359
129 364
129 365
129 368
129 370
129 376
129 403
129 420
129 422
129 429
129 437
129 439
129 441
129 548
129 596
130 134
130 137
130 149
130 154
130 167
130 198
130 201
130 213
130 276
131 190
131 208
131 229
131 231
131 259
131 263
131 265
131 267
131 268
131 270
131 273
131 274
131 279
131 450
131 490
131 510
131 512
131 513
131 514
131 519
131 565
131 570
132 133
132 134
132 135
132 185
132 373
132 429
133 134
133 135
133 138
133 147
133 149
133 150
133 185
133 422
133 429
134 135
134 137
134 140
134 150
134 185
134 201
134 205
134 372
134 373
134 376
134 378
134 422
134 429
134 430
135 140
135 142
135 144
135 147
135 150
135 185
135 205
135 355
135 357
135 359
135 364
135 365
135 368
135 369
135 370
135 371
135 372
135 373
135 376
135 429
135 439
136 150
136 159
136 160
136 225
136 235
136 416
136 506
137 167
137 187
137 203
137 373
137 378
139 141
140 141
140 142
140 150
140 347
140 354
140 355
140 356
140 357
140 358
140 364
140 365
140 367
140 368
140 369
140 370
140 371
140 372
140 373
140 374
140 376
140 377
140 380
140 382
140 425
140 429
140 434
140 441
141 199
141 373
141 374
141 425
142 144
142 147
142 185
142 364
142 370
142 422
142 429
142 439
142 441
143 145
143 146
143 147
143 185
143 225
143 325
143 439
143 443
143 445
144 147
144 341
144 344
144 348
144 355
144 357
144 359
144 364
144 365
144 368
144 369
144 370
144 372
144 439
144 441
145 146
145 147
145 150
145 185
145 228
145 403
145 412
145 418
145 441
145 443
145 445
145 579
146 147
146 438
146 441
147 150
147 185
147 221
147 359
147 364
147 403
147 412
147 437
147 439
147 441
147 444
147 530
147 579
148 151
148 152
148 155
148 163
148 253
148 437
148 442
148 462
149 150
149 403
149 412
149 422
149 437
150 357
150 364
150 422
150 429
150 437
150 439
150 441
151 152
151 155
151 163
151 199
151 454
152 155
152 161
152 169
152 171
152 437
152 448
152 449
152 466
153 155
153 157
153 164
153 196
153 272
153 274
153 277
153 281
154 155
154 157
154 159
154 171
154 197
154 198
154 201
154 202
154 213
154 215
154 216
154 217
154 218
154 224
154 232
154 241
154 276
155 156
155 157
155 163
155 169
155 219
155 267
155 272
155 275
155 465
155 466
156 157
156 218
156 250
156 252
156 254
156 267
156 268
157 161
157 196
157 218
157 224
157 465
158 462
159 160
159 164
159 167
159 192
159 194
159 196
159 198
159 202
159 204
159 213
159 215
159 223
159 224
159 234
159 249
159 276
159 277
160 167
160 196
160 198
160 225
160 235
160 290
160 416
160 456
160 506
161 199
162 415
163 164
163 253
163 442
163 454
163 462
163 464
164 202
164 219
164 254
164 277
165 415
166 436
166 471
167 198
167 201
167 203
167 213
167 234
168 172
168 598
169 171
169 250
169 252
169 267
170 186
170 257
170 364
170 365
170 457
170 476
170 565
170 572
170 588
171 199
171 216
171 217
171 218
171 250
171 252
171 267
171 273
171 453
171 557
172 560
173 597
174 251
174 283
174 480
174 523
174 526
174 580
175 213
176 255
177 179
178 183
178 255
178 257
178 258
178 265
179 290
180 203
181 291
182 206
182 256
182 507
182 509
183 255
183 277
184 187
184 189
184 191
184 194
184 204
184 223
184 282
184 283
184 286
184 289
184 301
184 302
184 383
184 384
184 393
184 394
184 399
184 487
184 489
184 493
184 503
184 505
184 511
185 325
185 364
185 368
185 370
185 429
185 439
185 443
185 444
185 486
186 356
186 364
187 189
187 191
187 202
187 203
187 204
187 206
187 207
187 213
187 384
187 385
187 487
187 493
187 503
187 511
188 190
188 207
188 210
188 211
188 215
188 229
188 230
188 231
188 244
188 256
188 509
188 520
188 542
189 191
189 192
189 194
189 197
189 202
189 203
189 204
189 223
189 283
189 289
189 384
189 385
189 393
189 394
189 398
189 399
189 407
189 409
189 487
189 493
189 495
189 503
189 504
189 505
189 511
190 208
190 209
190 210
190 218
190 229
190 231
190 232
190 241
190 244
190 256
190 265
190 268
190 490
190 507
190 509
190 512
190 513
190 514
190 570
190 573
191 192
191 194
191 197
191 202
191 203
191 204
191 384
191 393
191 407
191 409
191 487
191 493
191 503
191 504
191 505
192 193
192 194
192 196
192 197
192 198
192 202
192 203
192 204
192 211
192 215
192 223
192 224
192 393
192 496
192 505
193 194
193 219
193 223
193 282
193 390
193 393
193 394
193 496
194 202
194 203
194 204
194 214
194 282
194 384
194 393
194 394
194 396
194 407
194 489
194 496
194 503
194 505
195 196
195 223
195 225
195 249
195 287
195 290
195 417
195 443
195 445
196 202
196 213
196 223
196 224
196 225
196 230
196 233
196 234
196 417
196 445
196 511
197 198
197 201
197 202
197 203
197 213
197 216
197 218
198 201
198 202
198 203
198 213
198 234
198 276
198 502
198 506
199 250
199 252
200 260
200 261
200 263
200 266
200 271
200 273
200 274
200 279
200 281
200 294
200 296
200 299
201 203
201 205
201 213
202 203
202 204
202 211
202 213
202 214
202 215
202 232
202 234
202 276
202 280
202 505
203 204
203 213
203 234
203 340
203 407
203 504
203 505
204 213
204 234
204 393
204 407
204 409
204 493
204 503
204 504
204 505
205 235
205 325
205 506
205 539
205 596
205 597
206 207
206 209
206 211
206 230
206 231
206 234
206 256
206 509
206 542
207 211
207 230
207 234
207 244
207 256
207 493
207 509
208 209
208 210
208 229
208 231
208 256
208 258
208 259
208 263
208 265
208 268
208 270
208 451
208 490
208 508
208 510
208 512
208 513
208 514
208 528
208 561
208 564
208 567
208 570
208 571
208 573
208 574
209 210
209 211
209 212
209 215
209 231
209 232
209 234
209 256
209 269
209 276
209 494
209 509
209 513
210 211
210 213
210 217
210 218
210 229
210 232
210 234
210 256
210 269
210 276
210 507
211 215
211 229
211 230
211 231
211 232
211 234
211 238
211 241
211 244
211 256
211 265
211 274
211 277
211 286
211 509
211 511
211 542
212 222
212 494
212 496
213 230
213 232
213 233
213 234
213 241
213 244
213 269
213 276
214 280
214 505
215 219
215 232
215 234
215 273
215 274
215 276
215 277
216 217
216 218
216 280
216 460
216 524
216 527
217 218
217 254
217 273
218 219
218 224
218 232
218 241
218 250
218 254
218 276
219 254
219 465
220 221
220 222
220 237
220 322
220 323
220 336
220 391
220 392
220 397
220 530
220 533
220 549
220 553
221 237
221 323
221 328
221 332
221 336
221 391
221 392
221 397
221 530
221 533
221 553
221 579
222 240
222 245
222 397
223 224
223 225
223 283
223 286
223 287
223 291
223 301
223 393
223 395
223 399
223 401
223 445
223 511
224 241
225 282
225 286
225 287
225 290
225 301
225 302
225 386
225 401
225 412
225 417
225 442
225 443
225 445
225 467
225 506
225 534
225 579
226 227
226 464
226 466
226 535
226 536
227 535
227 536
228 246
228 262
228 294
228 445
228 579
228 599
229 230
229 231
229 233
229 234
229 241
229 244
229 256
229 258
229 259
229 263
229 265
229 509
229 511
229 520
229 541
229 542
229 565
229 581
230 231
230 233
230 234
230 244
230 265
230 286
230 493
230 509
230 511
230 520
230 542
230 545
230 581
231 232
231 233
231 234
231 236
231 238
231 244
231 256
231 259
231 263
231 265
231 266
231 268
231 274
231 277
231 278
231 279
231 509
231 512
231 541
231 542
231 565
232 233
232 234
232 241
232 244
232 254
232 265
232 268
232 269
232 276
232 278
233 234
233 244
233 265
233 545
234 241
234 244
234 254
234 269
234 276
234 277
234 278
235 439
235 506
235 596
236 244
236 249
236 286
236 547
237 287
237 328
237 330
237 332
237 391
237 392
237 533
237 549
237 584
238 240
239 246
240 245
240 532
241 244
241 269
241 276
241 551
242 270
242 423
242 451
242 552
243 260
243 261
243 263
243 266
243 294
243 295
243 296
243 299
243 565
243 588
243 590
243 595
243 596
243 597
243 600
244 265
244 285
244 286
244 511
244 542
244 545
244 547
244 551
244 565
245 267
245 423
245 451
245 453
245 468
246 262
246 263
246 531
246 532
246 600
247 252
248 250
248 254
249 251
249 283
249 580
250 252
250 254
250 267
250 268
250 463
250 558
250 560
250 561
250 570
251 283
251 580
252 260
252 267
252 268
252 459
252 560
252 570
253 462
253 463
253 464
254 268
255 256
255 258
256 258
256 259
256 265
256 507
256 508
257 260
257 261
257 293
257 294
257 295
257 298
257 299
257 300
257 539
257 554
257 565
257 588
257 597
258 259
258 263
258 265
258 293
258 294
258 295
258 450
258 510
258 541
258 600
259 263
259 265
259 266
259 268
259 274
259 450
259 510
259 512
259 514
259 565
259 574
260 261
260 262
260 263
260 267
260 272
260 274
260 279
260 281
260 293
260 294
260 295
260 298
260 299
260 300
260 538
260 554
260 572
260 588
260 590
260 592
261 263
261 266
261 274
261 279
261 281
261 293
261 294
261 295
261 296
261 298
261 299
261 457
261 565
261 572
261 588
261 590
261 592
262 263
262 298
262 450
262 466
262 468
263 265
263 266
263 267
263 268
263 270
263 274
263 279
263 281
263 293
263 294
263 295
263 298
263 299
263 450
263 468
263 510
263 538
263 541
263 554
263 565
263 566
263 574
263 588
263 600
264 300
264 510
264 565
264 566
264 570
264 572
264 589
265 266
265 268
265 274
265 278
265 279
265 295
265 509
265 510
265 538
265 541
265 565
265 594
265 600
266 268
266 274
266 278
266 279
266 295
266 457
266 541
266 565
266 571
266 588
267 268
267 273
267 275
267 453
267 468
267 578
268 269
268 270
268 273
268 274
268 277
268 278
268 279
268 565
268 570
268 571
269 276
269 278
269 569
270 273
270 450
270 451
270 510
270 574
271 273
271 274
271 279
272 274
272 281
272 299
272 468
273 274
274 279
274 281
274 519
274 565
275 277
276 277
277 278
277 279
278 279
278 296
278 457
279 281
279 457
279 565
280 472
281 299
281 592
282 283
282 301
282 302
282 304
282 305
282 321
282 335
282 336
282 383
282 384
282 389
282 390
282 393
282 394
282 395
282 396
282 398
282 401
282 417
282 487
282 489
282 495
282 579
283 301
283 302
283 384
283 385
283 388
283 389
283 390
283 393
283 394
283 395
283 396
283 398
283 399
283 409
283 489
283 493
283 495
283 503
283 504
283 511
283 580
284 285
284 487
284 582
284 583
284 586
285 286
285 487
285 503
285 511
285 582
285 583
285 585
285 586
286 287
286 289
286 290
286 301
286 399
286 487
286 511
286 540
286 542
286 545
286 547
286 580
286 581
286 583
286 584
286 585
286 586
287 290
287 302
287 584
288 289
288 586
289 301
289 399
289 487
289 511
289 540
289 542
289 581
289 586
290 417
293 294
293 295
293 299
293 588
293 590
293 600
294 295
294 296
294 297
294 298
294 299
294 300
294 539
294 554
294 565
294 588
294 590
294 592
294 595
294 596
294 597
294 599
294 600
295 296
295 297
295 298
295 299
295 300
295 450
295 510
295 538
295 541
295 554
295 565
295 588
295 590
295 591
295 593
295 594
295 595
295 596
295 597
295 599
295 600
296 297
296 299
296 597
297 541
297 590
297 593
297 595
297 596
297 597
297 600
298 299
298 300
298 538
298 539
298 541
298 546
298 554
298 565
298 568
298 588
298 589
298 590
298 593
298 595
298 596
298 597
298 599
298 600
299 300
299 538
299 539
299 565
299 588
299 590
299 592
299 593
299 595
299 596
299 597
299 599
299 600
300 420
300 488
300 538
300 539
300 541
300 554
300 565
300 568
300 588
300 589
300 590
300 593
300 595
300 596
300 597
300 599
300 600
301 302
301 304
301 383
301 384
301 385
301 386
301 389
301 390
301 393
301 394
301 395
301 396
301 398
301 399
301 401
301 417
301 467
301 487
301 489
301 493
301 495
301 503
301 511
301 540
301 579
301 580
302 304
302 305
302 321
302 322
302 324
302 336
302 383
302 384
302 385
302 386
302 389
302 390
302 393
302 394
302 395
302 396
302 398
302 401
302 417
302 445
302 487
302 489
302 493
302 495
302 540
302 579
302 580
303 304
303 308
303 309
303 312
303 320
303 321
303 326
303 331
303 336
303 385
303 388
303 389
303 390
303 395
303 411
303 489
303 495
304 305
304 308
304 317
304 320
304 321
304 324
304 329
304 331
304 333
304 335
304 336
304 388
304 389
304 390
304 391
304 489
304 495
305 322
305 323
305 324
305 327
305 328
305 329
305 334
305 335
305 336
305 390
305 391
305 443
305 533
306 309
307 309
308 321
308 324
308 326
308 329
308 331
308 336
308 389
308 489
309 411
311 315
311 316
311 317
312 317
312 318
312 319
312 321
312 326
312 331
312 389
313 316
315 316
315 317
315 318
315 319
316 480
316 523
317 318
317 319
317 320
317 321
317 331
317 384
317 388
317 389
317 390
317 489
318 319
318 320
318 331
318 389
319 320
319 331
319 389
320 321
320 324
320 329
320 331
320 336
320 389
321 324
321 326
321 329
321 331
321 335
321 336
321 388
321 389
321 390
321 398
321 411
321 489
321 495
322 323
322 325
322 328
322 330
322 332
322 391
322 442
322 462
322 529
323 324
323 327
323 328
323 330
323 332
323 336
323 391
323 529
323 530
323 533
323 549
323 553
324 327
324 328
324 329
324 333
324 334
324 335
324 336
324 389
324 391
324 397
324 533
325 330
325 364
325 439
325 443
326 329
326 331
326 333
327 328
327 332
327 335
327 336
327 533
327 549
327 582
328 329
328 330
328 332
328 333
328 335
328 336
328 391
328 392
328 397
328 484
328 529
328 530
328 533
328 549
329 331
329 332
329 333
329 334
329 335
329 336
329 389
329 390
329 391
329 484
329 533
330 332
330 462
330 529
330 584
331 333
331 388
331 389
331 390
331 489
332 391
332 462
332 529
332 530
332 533
332 549
332 553
333 334
333 335
333 336
333 533
334 335
334 336
334 433
335 336
335 390
335 391
335 392
335 530
335 533
336 388
336 389
336 390
336 391
336 392
336 397
336 489
336 530
336 533
337 338
337 340
337 342
337 344
337 346
337 378
337 381
337 410
337 419
338 339
338 340
338 342
338 343
338 346
338 347
338 352
338 378
338 381
339 341
339 342
339 343
339 344
339 346
339 347
339 354
339 357
339 364
339 367
339 369
339 371
339 372
339 373
339 375
339 376
339 377
339 380
339 381
339 382
339 405
339 425
339 428
339 434
339 435
339 436
340 342
340 344
340 381
340 407
340 419
340 503
340 504
341 342
341 345
341 346
341 347
341 349
341 353
341 354
341 355
341 356
341 357
341 358
341 359
341 362
341 363
341 364
341 365
341 367
341 370
341 371
341 373
341 377
341 428
341 446
342 343
342 346
342 347
342 350
342 367
342 373
342 377
342 380
342 381
342 382
342 430
342 446
343 346
343 347
343 373
343 382
344 346
344 348
344 350
344 353
344 359
344 364
344 365
344 369
344 372
344 375
344 381
344 410
344 413
344 416
345 346
345 349
345 352
345 353
345 354
345 355
345 356
345 357
345 358
345 360
345 362
345 363
345 440
346 347
346 349
346 350
346 354
346 357
346 373
346 377
346 380
346 381
346 446
347 354
347 357
347 364
347 365
347 367
347 370
347 371
347 373
347 374
347 376
347 377
347 379
347 380
347 381
347 382
347 429
347 430
347 434
347 446
348 350
348 359
348 366
348 368
348 369
348 375
348 410
348 411
348 413
349 352
349 353
349 354
349 356
349 358
349 363
350 413
350 416
350 440
350 446
351 352
351 358
351 360
351 361
351 362
351 363
352 356
352 358
352 360
352 361
352 362
352 363
353 354
353 355
353 356
353 357
353 358
353 359
353 363
353 364
353 367
353 369
353 371
353 373
353 377
353 380
354 355
354 356
354 357
354 358
354 359
354 362
354 363
354 364
354 367
354 371
354 373
354 374
354 377
354 380
355 356
355 357
355 358
355 359
355 362
355 363
355 369
355 373
355 374
355 380
356 357
356 358
356 362
356 363
356 367
356 371
356 373
356 374
356 377
356 380
357 358
357 359
357 364
357 365
357 367
357 368
357 369
357 370
357 371
357 372
357 373
357 376
357 377
357 380
357 428
357 429
357 430
357 431
357 434
357 440
357 441
357 446
358 360
358 362
358 363
358 367
358 371
359 364
359 367
359 368
359 369
359 370
359 371
359 372
359 373
359 375
359 413
359 429
359 441
360 361
360 362
360 363
360 378
361 363
361 414
362 363
363 367
363 371
363 373
363 377
363 380
364 365
364 366
364 367
364 368
364 369
364 370
364 371
364 372
364 373
364 376
364 377
364 427
364 428
364 429
364 434
364 439
364 441
364 444
364 588
364 596
364 598
365 366
365 367
365 368
365 369
365 370
365 371
365 372
365 373
365 374
365 376
365 377
365 380
365 427
365 429
365 430
365 431
365 434
365 439
365 446
365 588
365 593
365 596
365 598
366 368
366 369
366 372
366 473
367 368
367 369
367 370
367 371
367 372
367 373
367 374
367 375
367 376
367 377
367 380
367 429
367 434
368 369
368 370
368 371
368 372
368 373
368 375
368 376
368 413
368 429
368 439
368 441
368 596
369 370
369 371
369 372
369 373
369 375
369 376
369 413
369 428
369 429
369 441
370 371
370 372
370 373
370 375
370 376
370 377
370 426
370 427
370 428
370 429
370 430
370 434
370 439
370 441
370 596
370 598
371 372
371 373
371 375
371 376
371 377
371 378
371 380
371 428
371 429
371 434
372 373
372 375
372 376
372 377
372 378
372 380
372 419
372 426
372 427
372 429
372 430
372 434
372 596
373 374
373 375
373 376
373 377
373 378
373 380
373 381
373 382
373 425
373 429
373 430
373 434
373 446
374 377
374 378
374 379
374 380
374 425
374 434
374 436
375 376
375 377
375 380
375 381
375 413
376 377
376 380
376 422
376 426
376 427
376 428
376 429
376 430
376 431
376 434
376 446
376 596
376 598
377 378
377 379
377 380
377 381
377 419
377 425
377 429
377 430
377 434
378 380
378 381
378 414
378 419
378 430
378 436
379 380
379 381
379 425
380 381
380 382
380 425
380 429
380 430
380 434
380 436
381 382
381 405
381 413
381 419
381 430
381 436
382 425
383 384
383 385
383 386
383 467
383 487
383 503
383 540
384 385
384 388
384 389
384 393
384 394
384 396
384 398
384 409
384 487
384 489
384 493
384 495
384 503
384 504
384 511
384 580
385 386
385 388
385 389
385 393
385 394
385 395
385 396
385 398
385 401
385 409
385 410
385 411
385 487
385 489
385 493
385 495
385 503
385 504
385 540
385 580
386 387
386 473
386 503
386 506
386 540
387 539
387 540
387 579
387 596
387 599
388 389
388 390
388 393
388 395
388 398
388 411
388 413
388 489
388 495
389 390
389 393
389 394
389 398
389 411
389 489
389 495
390 391
390 393
390 394
390 395
390 396
390 397
390 398
390 401
390 411
390 464
390 489
390 495
390 579
391 392
391 395
391 397
391 462
391 529
391 530
391 533
391 549
391 553
391 579
392 397
392 530
392 533
392 549
392 553
393 394
393 395
393 396
393 398
393 399
393 401
393 409
393 411
393 417
393 467
393 489
393 493
393 495
393 503
393 504
393 534
394 395
394 396
394 398
394 399
394 407
394 409
394 411
394 489
394 493
394 495
394 496
394 503
394 504
394 505
394 534
395 396
395 397
395 398
395 399
395 401
395 411
395 417
395 445
395 467
395 489
395 495
395 579
396 398
396 400
396 401
396 409
396 410
396 411
396 456
396 489
396 493
396 495
396 496
396 503
396 504
396 505
396 516
397 411
397 530
397 533
397 553
397 579
398 401
398 409
398 410
398 411
398 489
398 493
398 495
399 400
399 401
399 445
399 467
399 493
399 498
399 511
399 534
399 542
399 581
400 493
401 411
401 412
401 417
401 445
401 467
401 489
401 495
401 540
401 579
402 480
402 509
402 594
403 404
403 405
403 406
403 412
403 418
403 421
403 422
403 423
403 435
403 448
403 461
404 406
404 422
404 423
404 424
405 406
405 422
405 435
405 461
406 422
406 429
406 435
407 408
407 409
407 456
407 492
407 493
407 496
407 502
407 503
407 504
407 505
407 521
408 492
408 493
408 494
408 496
408 505
408 513
408 516
408 521
409 410
409 411
409 493
409 495
409 503
409 504
410 411
410 495
411 413
411 489
411 495
412 417
412 418
412 445
412 449
412 466
412 579
413 416
414 419
415 466
416 417
416 446
417 418
417 442
417 443
417 445
417 467
417 579
418 442
418 445
418 448
418 449
418 529
418 579
419 430
419 436
420 421
420 422
420 554
420 589
420 599
421 422
421 423
421 461
422 428
422 429
422 434
422 435
422 437
422 448
422 461
423 424
423 448
423 449
423 461
423 466
423 515
424 450
424 451
425 436
426 427
426 429
426 434
426 435
426 598
427 434
427 499
427 547
427 588
427 591
427 593
427 594
427 598
428 429
428 434
428 435
428 461
428 530
428 598
429 430
429 434
429 435
429 439
429 596
429 598
430 431
430 434
430 435
430 446
431 446
432 434
434 435
434 598
435 437
435 448
435 461
437 442
437 448
437 449
437 461
437 462
437 529
438 447
439 441
439 596
439 597
442 462
442 466
443 445
445 467
445 540
445 579
445 584
448 449
448 461
449 466
450 510
450 554
450 599
450 600
451 452
451 453
451 460
451 490
451 508
451 510
451 512
451 513
451 514
451 515
451 528
451 544
451 552
451 561
451 564
451 570
451 573
451 574
452 453
452 454
452 458
452 460
452 515
452 527
453 454
453 490
453 557
453 561
453 574
454 463
454 556
455 456
456 502
456 503
456 504
456 505
457 473
457 565
457 572
457 588
458 516
460 474
460 491
460 501
460 524
460 527
460 573
462 464
462 529
462 579
463 464
463 465
463 535
463 556
463 558
463 563
464 535
465 466
465 515
466 535
467 498
467 534
467 579
468 574
470 480
470 481
470 482
470 522
470 523
473 499
473 500
473 580
474 508
474 524
474 527
474 573
475 476
475 478
476 538
476 554
476 588
476 591
477 526
477 528
478 558
478 560
478 587
479 502
480 509
480 523
480 580
483 488
484 486
484 530
485 511
487 493
487 503
487 511
487 540
487 582
487 583
487 586
488 568
488 589
489 495
490 491
490 508
490 510
490 512
490 513
490 514
490 515
490 519
490 521
490 527
490 528
490 544
490 552
490 561
490 564
490 567
490 570
490 573
490 574
491 492
491 501
491 521
491 573
492 493
492 494
492 496
492 501
492 504
492 505
492 508
492 516
492 521
492 524
493 496
493 502
493 503
493 504
493 505
493 509
493 511
493 534
493 542
494 496
494 505
494 508
494 513
494 514
494 516
494 521
494 524
494 528
496 502
496 503
496 505
496 513
496 516
496 521
496 534
497 520
497 545
498 511
498 520
498 581
499 500
499 503
499 568
502 503
502 504
502 505
502 517
502 576
503 504
503 505
504 505
505 509
505 516
505 542
507 508
507 509
507 513
507 521
507 567
508 509
508 512
508 513
508 514
508 516
508 521
508 522
508 524
508 527
508 528
508 542
508 544
508 564
508 567
508 570
508 573
509 513
509 520
509 522
509 523
509 541
509 542
509 565
509 577
509 594
510 512
510 513
510 514
510 538
510 541
510 554
510 564
510 565
510 566
510 567
510 570
510 574
510 589
510 600
511 520
511 534
511 540
511 542
511 545
511 580
511 581
511 583
512 513
512 514
512 518
512 528
512 538
512 541
512 543
512 544
512 552
512 564
512 567
512 570
512 573
512 574
513 514
513 516
513 519
513 521
513 527
513 528
513 538
513 541
513 542
513 544
513 545
513 552
513 564
513 567
513 570
513 573
514 519
514 521
514 527
514 528
514 538
514 543
514 544
514 561
514 564
514 567
514 570
514 573
514 574
514 577
514 589
515 552
515 561
516 528
520 542
520 545
520 581
521 527
521 544
521 573
522 523
522 577
523 526
523 562
523 577
524 527
525 526
528 544
528 564
528 570
528 573
528 574
529 530
529 549
530 533
530 549
530 553
531 532
531 552
531 600
532 541
532 554
532 600
533 549
533 553
534 542
535 536
538 541
538 554
538 560
538 564
538 565
538 567
538 570
538 588
538 589
538 590
538 592
538 593
538 600
539 541
539 545
539 588
539 593
539 595
539 597
539 599
539 600
540 547
540 579
540 581
541 542
541 545
541 554
541 564
541 565
541 568
541 588
541 593
541 594
541 595
541 597
541 600
542 545
542 551
542 581
543 544
543 551
543 570
544 545
544 552
544 564
544 570
544 573
545 551
545 568
545 581
547 583
549 553
550 563
550 575
551 552
551 555
552 570
554 588
554 590
554 599
554 600
556 558
556 560
556 561
558 560
558 561
560 561
560 570
560 589
564 567
564 570
564 589
564 593
564 594
564 600
565 566
565 572
565 588
565 590
565 593
565 594
565 600
566 567
566 571
566 574
567 570
568 588
568 593
568 594
568 595
568 597
568 598
568 600
570 573
570 589
570 593
571 574
573 577
579 584
580 581
581 584
581 586
582 583
582 586
583 584
583 586
588 590
588 591
588 592
588 593
588 597
588 600
589 590
589 591
589 593
589 596
589 598
589 599
589 600
590 591
590 592
590 593
590 595
590 596
590 597
590 599
590 600
591 593
591 598
591 600
592 593
593 594
593 595
593 596
593 597
593 598
593 599
593 600
594 595
594 597
594 598
594 600
595 596
595 597
595 599
595 600
596 597
596 598
596 599
596 600
597 599
597 600
599 600
