600 5391

1 2
1 20
1 94
1 236
1 291
1 302
1 322
1 394
1 487
1 506
1 586
2 4
2 5
2 11
2 20
2 21
2 22
2 94
2 100
2 101
2 103
2 104
2 105
2 106
2 107
2 108
2 110
2 192
2 204
2 291
2 301
2 302
2 304
2 305
2 319
2 320
2 321
2 322
2 323
2 325
2 336
2 389
2 390
2 393
2 394
2 395
2 425
2 530
2 586
3 8
3 11
3 12
3 18
4 5
4 11
4 20
4 21
4 22
4 25
4 38
4 94
4 101
4 103
4 104
4 105
4 106
4 107
4 108
4 192
4 204
4 221
4 284
4 285
4 290
4 291
4 301
4 302
4 304
4 305
4 320
4 321
4 322
4 323
4 325
4 327
4 335
4 336
4 389
4 393
4 394
4 395
4 397
4 398
4 416
4 497
4 530
4 582
4 583
4 584
4 586
5 20
5 21
5 22
5 24
5 94
5 101
5 104
5 105
5 107
5 164
5 301
5 302
5 304
5 305
5 308
5 317
5 319
5 320
5 321
5 322
5 323
5 324
5 326
5 336
5 393
5 395
5 497
6 104
7 13
7 15
7 173
7 217
7 479
7 526
7 559
8 11
8 12
8 18
8 98
8 192
9 13
9 15
9 249
9 251
9 313
9 314
9 316
10 526
11 12
11 18
11 20
11 21
11 94
11 97
11 98
11 100
11 101
11 104
11 105
11 106
11 107
11 108
11 192
11 291
11 303
11 304
11 305
11 317
11 319
11 320
11 321
11 336
11 389
11 393
11 394
11 395
12 16
12 18
12 308
12 315
12 319
13 15
13 17
13 173
13 174
13 175
13 178
13 249
13 313
13 316
13 479
13 569
13 572
14 16
14 318
15 17
15 173
15 174
15 249
15 251
15 310
15 313
15 314
15 315
15 316
15 479
15 559
15 562
16 312
16 315
17 216
17 265
17 266
17 316
17 569
18 20
18 49
18 50
18 98
18 175
18 283
18 291
18 303
18 317
18 319
18 320
18 389
18 481
18 484
19 318
20 21
20 22
20 94
20 101
20 104
20 105
20 107
20 164
20 192
20 204
20 291
20 301
20 302
20 303
20 304
20 305
20 317
20 319
20 320
20 321
20 322
20 323
20 324
20 325
20 336
20 389
20 393
20 394
20 395
20 425
20 586
21 22
21 25
21 28
21 30
21 35
21 36
21 37
21 38
21 94
21 100
21 101
21 103
21 104
21 105
21 106
21 107
21 108
21 110
21 192
21 221
21 284
21 291
21 301
21 304
21 305
21 320
21 321
21 322
21 323
21 324
21 325
21 327
21 333
21 334
21 335
21 336
21 389
21 392
21 393
21 394
21 395
21 397
21 416
21 497
21 530
21 582
21 583
21 584
21 586
22 25
22 94
22 101
22 103
22 105
22 106
22 107
22 204
22 221
22 238
22 285
22 286
22 287
22 290
22 291
22 302
22 304
22 305
22 321
22 322
22 323
22 325
22 327
22 335
22 389
22 394
22 395
22 397
22 416
22 497
22 530
22 582
22 583
22 584
22 586
23 25
23 26
23 28
23 30
23 31
23 32
23 33
23 34
23 35
23 36
23 38
23 284
23 323
23 327
23 328
23 332
23 333
23 334
23 335
23 582
24 29
24 30
24 32
24 35
24 38
24 324
24 326
24 329
24 333
25 26
25 28
25 30
25 31
25 33
25 34
25 35
25 36
25 38
25 103
25 105
25 106
25 107
25 221
25 284
25 287
25 323
25 325
25 327
25 328
25 330
25 332
25 333
25 334
25 335
25 530
25 582
25 584
26 27
26 28
26 30
26 31
26 34
26 36
26 38
26 284
26 328
26 330
26 332
26 582
28 30
28 31
28 33
28 34
28 35
28 36
28 38
28 103
28 220
28 221
28 284
28 287
28 323
28 325
28 327
28 328
28 330
28 332
28 333
28 334
28 335
28 530
28 582
28 584
29 308
29 312
29 326
30 31
30 32
30 33
30 34
30 35
30 36
30 37
30 38
30 284
30 323
30 324
30 327
30 328
30 329
30 330
30 332
30 333
30 334
30 335
30 530
30 582
31 34
31 35
31 36
31 38
31 284
31 287
31 327
31 328
31 330
31 332
31 333
31 334
31 530
31 582
32 35
32 36
32 37
32 38
32 323
32 324
32 327
32 329
32 333
32 334
33 34
33 36
33 220
33 221
33 237
33 284
33 286
33 287
33 325
33 332
33 529
33 546
33 549
33 582
33 583
33 584
34 36
34 38
34 220
34 284
34 287
34 327
34 328
34 332
34 333
34 529
34 530
34 582
35 36
35 37
35 38
35 284
35 323
35 324
35 327
35 328
35 329
35 333
35 334
35 335
35 582
36 38
36 103
36 220
36 284
36 287
36 323
36 327
36 328
36 332
36 333
36 334
36 335
36 530
36 582
37 38
37 320
37 324
37 327
37 328
37 333
37 334
37 335
37 336
37 582
38 103
38 105
38 106
38 107
38 221
38 284
38 320
38 323
38 324
38 325
38 327
38 328
38 329
38 330
38 332
38 333
38 334
38 335
38 336
38 395
38 530
38 582
39 41
39 42
39 45
39 46
39 47
39 48
39 52
39 109
39 113
39 115
39 116
39 117
39 118
39 346
39 349
39 406
39 407
39 409
39 410
40 49
40 137
40 181
40 205
40 236
40 440
40 481
40 482
40 484
40 486
40 585
41 42
41 43
41 45
41 46
41 48
41 52
41 54
41 56
41 60
41 88
41 116
41 338
41 342
41 343
41 382
41 408
42 44
42 45
42 46
42 47
42 48
42 52
42 54
42 60
42 88
42 113
42 115
42 116
42 117
42 342
42 346
42 407
42 409
42 410
43 338
44 53
44 57
44 60
44 78
44 144
44 341
44 409
45 46
45 47
45 48
45 52
45 54
45 56
45 60
45 88
45 89
45 337
45 340
45 342
45 347
45 405
45 406
45 407
45 422
46 47
46 48
46 52
46 54
46 60
46 88
46 113
46 115
46 116
46 117
46 342
46 343
46 346
46 347
46 349
46 409
47 48
47 52
47 109
47 113
47 114
47 115
47 116
47 117
47 118
47 344
47 346
47 349
47 407
47 408
47 410
48 52
48 54
48 60
48 113
48 115
48 116
48 346
48 349
48 411
49 50
49 51
49 72
49 73
49 74
49 79
49 148
49 173
49 175
49 179
49 181
49 345
49 379
49 440
49 480
49 482
49 483
49 484
49 585
51 62
51 66
51 345
52 109
52 113
52 115
52 116
52 117
52 123
52 124
52 126
52 130
53 103
53 107
53 118
53 335
53 342
53 348
53 408
53 409
53 410
53 444
54 56
54 60
54 413
55 57
55 120
55 125
55 129
55 133
55 153
55 357
55 366
55 401
55 412
55 413
55 447
55 450
55 452
56 60
56 61
56 82
56 88
56 353
56 370
56 413
56 422
56 447
57 58
57 60
57 65
57 120
57 125
57 357
57 401
57 412
57 413
57 418
58 60
58 61
58 353
58 354
58 356
58 357
58 362
58 447
59 62
59 67
60 61
60 348
60 353
60 354
60 357
60 404
60 409
60 413
60 447
61 78
61 353
61 354
61 356
61 357
61 362
61 363
61 366
61 413
61 447
62 66
62 345
62 352
62 360
62 361
63 65
63 66
63 68
63 79
63 129
63 132
63 134
63 140
63 149
63 152
63 341
63 345
63 358
63 360
63 365
63 369
63 370
63 372
63 375
63 421
63 429
63 430
63 437
63 440
63 447
64 65
65 134
65 149
65 341
65 437
65 438
65 440
66 67
66 345
66 362
66 363
67 359
68 69
68 70
68 71
68 77
68 79
68 80
68 81
68 82
68 83
68 89
68 91
68 129
68 132
68 134
68 135
68 140
68 152
68 338
68 341
68 364
68 365
68 366
68 369
68 370
68 372
68 375
68 376
68 380
68 420
68 421
68 422
68 428
68 429
68 430
68 447
68 456
69 70
69 71
69 72
69 79
69 81
69 89
69 365
69 368
69 370
69 375
69 376
70 72
70 77
70 79
70 80
70 81
70 82
70 83
70 129
70 132
70 135
70 137
70 140
70 142
70 180
70 188
70 365
70 368
70 370
70 372
70 375
71 77
71 370
71 447
72 74
72 77
72 79
72 81
72 89
72 368
72 441
73 74
73 79
73 125
73 130
73 132
73 137
73 139
73 150
73 367
73 440
73 446
74 75
74 77
74 79
74 132
74 140
75 78
75 79
75 140
75 369
75 372
76 82
76 296
77 78
77 79
77 82
77 89
77 91
77 129
77 132
77 140
77 158
77 370
77 372
77 430
77 439
78 82
78 140
78 369
78 372
78 375
79 80
79 81
79 84
79 87
79 89
79 90
79 140
79 376
79 380
79 381
80 81
80 83
80 140
80 365
80 368
80 377
80 380
80 428
81 86
81 87
81 89
81 91
81 368
81 375
81 376
81 380
81 381
81 405
82 83
82 88
82 89
82 91
82 132
82 140
82 142
82 365
82 368
82 370
82 372
82 375
82 376
82 421
82 447
83 84
83 129
83 132
83 135
83 140
83 141
83 188
83 365
83 366
83 420
83 422
83 430
83 450
83 510
83 523
83 524
84 86
84 87
84 376
84 377
84 378
84 381
85 86
85 87
85 377
85 378
86 87
86 89
86 91
86 376
86 377
86 378
86 380
86 381
86 405
86 422
87 89
87 376
87 377
87 378
87 380
87 381
87 405
87 422
88 89
88 91
88 113
88 337
88 342
88 343
88 370
88 372
88 375
88 376
88 405
88 406
88 422
89 91
89 337
89 342
89 368
89 370
89 372
89 375
89 376
89 380
89 381
89 405
89 422
91 337
91 338
91 370
91 372
91 375
91 376
91 377
91 380
91 381
91 382
91 405
92 128
92 135
92 182
92 187
92 188
92 190
92 198
92 209
92 241
92 280
92 450
92 510
92 512
92 514
92 523
92 524
93 95
93 100
93 102
93 187
93 191
93 202
93 213
93 384
93 391
93 425
93 442
93 459
93 489
93 494
93 496
93 498
93 503
93 504
94 101
94 103
94 104
94 105
94 107
94 114
94 117
94 191
94 192
94 204
94 291
94 302
94 304
94 305
94 317
94 319
94 320
94 321
94 322
94 323
94 325
94 335
94 336
94 386
94 389
94 393
94 394
94 395
94 396
94 416
94 419
94 425
94 436
94 491
94 586
95 112
95 114
95 120
95 131
95 190
95 196
95 451
95 490
96 97
96 98
96 536
96 537
97 98
98 388
98 488
98 554
99 183
99 228
99 243
99 259
99 260
99 261
99 262
99 268
99 269
99 270
99 274
99 282
99 387
99 517
99 592
99 595
100 101
100 102
100 104
100 106
100 108
100 143
100 145
100 189
100 192
100 193
100 196
100 204
100 221
100 222
100 223
100 225
100 245
100 285
100 286
100 291
100 321
100 322
100 325
100 389
100 391
100 392
100 394
100 397
100 416
100 425
100 530
100 531
100 533
100 535
100 545
100 583
100 584
101 103
101 104
101 105
101 106
101 107
101 108
101 191
101 192
101 204
101 212
101 291
101 301
101 302
101 304
101 305
101 319
101 320
101 321
101 322
101 323
101 325
101 335
101 336
101 389
101 390
101 391
101 393
101 394
101 395
101 397
101 416
101 425
101 494
101 496
101 530
102 189
102 213
102 224
102 245
102 283
102 391
102 527
103 105
103 106
103 107
103 108
103 111
103 116
103 117
103 118
103 123
103 212
103 221
103 284
103 287
103 301
103 321
103 322
103 323
103 325
103 327
103 333
103 335
103 389
103 391
103 395
103 397
103 416
103 530
103 533
103 545
103 582
103 583
104 105
104 106
104 107
104 108
104 191
104 192
104 204
104 291
104 301
104 302
104 304
104 305
104 317
104 319
104 320
104 321
104 322
104 323
104 336
104 389
104 390
104 393
104 394
104 395
104 419
104 425
104 495
104 496
104 530
105 106
105 107
105 108
105 110
105 116
105 117
105 221
105 301
105 302
105 304
105 305
105 320
105 321
105 322
105 323
105 325
105 327
105 335
105 336
105 389
105 393
105 394
105 395
105 397
105 398
105 530
106 107
106 108
106 109
106 110
106 111
106 118
106 119
106 123
106 145
106 192
106 204
106 212
106 221
106 222
106 223
106 225
106 284
106 287
106 291
106 301
106 305
106 321
106 322
106 323
106 325
106 327
106 335
106 336
106 389
106 392
106 393
106 394
106 395
106 397
106 399
106 416
106 529
106 530
106 531
106 533
106 545
106 582
106 583
106 584
107 108
107 116
107 117
107 192
107 204
107 221
107 284
107 285
107 291
107 301
107 302
107 304
107 305
107 319
107 320
107 321
107 322
107 323
107 324
107 325
107 327
107 335
107 336
107 389
107 393
107 394
107 395
107 397
107 530
107 582
107 583
107 584
107 586
108 110
108 191
108 192
108 193
108 202
108 204
108 212
108 221
108 222
108 223
108 301
108 321
108 383
108 389
108 395
108 397
108 425
108 493
108 495
108 496
108 530
108 533
108 535
109 111
109 112
109 113
109 114
109 115
109 116
109 117
109 118
109 123
109 124
109 126
109 194
109 396
109 397
109 398
109 411
109 416
110 111
110 118
110 119
110 121
110 123
110 221
110 223
110 321
110 389
110 393
110 395
110 397
110 399
110 530
110 533
111 118
111 119
111 120
111 121
111 399
111 401
111 411
112 113
112 114
112 115
112 116
112 117
112 126
112 130
112 131
112 191
112 194
112 196
112 350
112 396
112 423
112 424
112 451
112 490
112 491
112 492
112 514
112 545
113 114
113 115
113 116
113 117
113 118
113 126
113 130
113 139
113 194
113 403
114 115
114 116
114 117
114 126
114 130
114 139
114 191
114 194
114 391
114 393
114 394
114 396
114 423
114 424
114 451
114 490
114 491
115 116
115 117
115 118
115 123
115 126
115 130
115 139
115 150
115 194
115 396
116 117
116 118
116 123
116 126
116 139
116 194
116 349
116 396
116 398
116 407
116 408
116 410
116 416
117 118
117 123
117 126
117 194
117 393
117 394
117 396
117 398
117 407
117 410
117 416
117 491
118 119
118 120
118 123
118 125
118 139
118 147
118 150
118 196
118 396
118 398
118 399
118 409
118 410
118 411
118 412
118 416
118 418
118 444
118 545
119 120
119 121
119 122
119 123
119 125
119 131
119 143
119 145
119 147
119 150
119 153
119 196
119 221
119 223
119 224
119 225
119 392
119 396
119 397
119 399
119 401
119 412
119 416
119 418
119 443
119 445
119 450
119 510
119 533
119 534
119 545
120 121
120 125
120 129
120 153
120 399
120 401
120 411
120 412
120 413
120 418
120 450
120 452
121 125
121 223
121 224
121 399
121 401
121 418
121 450
121 477
121 510
121 533
122 123
122 223
123 124
123 130
123 143
123 196
123 221
123 223
123 224
123 396
123 397
123 398
123 399
123 416
123 417
123 418
123 497
123 498
123 530
123 533
123 545
124 130
124 194
125 129
125 130
125 139
125 147
125 150
125 152
125 153
125 196
125 223
125 224
125 399
125 412
125 418
125 443
125 446
125 450
125 534
125 545
126 130
126 138
126 139
126 141
126 191
126 396
127 128
127 129
127 131
127 132
127 134
127 136
127 140
127 141
127 142
127 148
127 152
127 158
127 161
127 190
127 428
127 430
127 432
127 437
127 438
127 456
127 458
127 599
127 600
128 129
128 131
128 134
128 136
128 141
128 142
128 143
128 145
128 147
128 152
128 153
128 157
128 188
128 190
128 197
128 208
128 220
128 224
128 264
128 298
128 300
128 339
128 364
128 420
128 428
128 430
128 432
128 434
128 437
128 439
128 450
128 452
128 454
128 456
128 458
128 467
128 510
128 512
128 523
128 534
128 541
128 597
128 599
128 600
129 130
129 132
129 133
129 134
129 135
129 136
129 137
129 140
129 141
129 142
129 149
129 152
129 153
129 190
129 339
129 365
129 366
129 374
129 420
129 421
129 422
129 428
129 429
129 430
129 431
129 432
129 434
129 437
129 439
129 440
129 447
129 450
129 452
129 456
129 510
129 523
129 534
129 600
130 131
130 134
130 137
130 138
130 139
130 141
130 143
130 144
130 150
130 190
130 196
130 223
130 367
130 418
130 424
130 446
130 450
130 510
130 514
130 545
131 141
131 143
131 144
131 153
131 190
131 193
131 196
131 210
131 224
131 399
131 432
131 434
131 438
131 450
131 451
131 452
131 455
131 467
131 490
131 510
131 514
131 534
131 545
131 600
132 133
132 134
132 135
132 136
132 137
132 140
132 142
132 148
132 158
132 180
132 188
132 190
132 365
132 366
132 420
132 428
132 429
132 430
132 431
132 438
132 440
132 459
132 510
133 134
133 135
133 142
133 153
133 186
133 366
133 420
133 421
133 429
133 430
133 437
134 135
134 136
134 140
134 141
134 142
134 143
134 147
134 148
134 149
134 152
134 153
134 190
134 339
134 341
134 364
134 420
134 428
134 429
134 430
134 431
134 432
134 434
134 437
134 438
134 440
134 443
134 445
134 446
134 447
134 450
134 456
134 458
134 462
134 510
134 600
135 136
135 137
135 140
135 142
135 152
135 188
135 365
135 366
135 420
135 421
135 422
135 428
135 429
135 430
135 431
135 437
135 447
135 450
135 510
136 140
136 141
136 142
136 148
136 149
136 152
136 161
136 190
136 298
136 364
136 428
136 430
136 431
136 432
136 434
136 437
136 438
136 450
136 456
136 458
136 462
136 510
136 599
136 600
137 138
137 140
137 141
137 142
137 148
137 149
137 150
137 153
137 158
137 159
137 180
137 190
137 374
137 429
137 430
137 431
137 437
137 438
137 440
137 459
137 534
138 139
138 141
138 143
138 150
139 143
139 150
139 367
139 418
140 142
140 152
140 339
140 341
140 364
140 365
140 366
140 369
140 370
140 372
140 375
140 420
140 421
140 428
140 429
140 430
140 431
140 432
140 434
140 437
140 447
140 456
140 458
140 599
141 142
141 143
141 150
141 152
141 190
141 193
141 210
141 223
141 224
141 430
141 437
141 450
141 456
141 510
141 514
141 534
142 144
142 190
142 339
142 364
142 365
142 366
142 372
142 420
142 421
142 426
142 428
142 429
142 430
142 431
142 432
142 434
142 437
142 438
142 439
142 447
142 450
142 452
142 456
142 458
142 510
142 534
142 599
142 600
143 144
143 145
143 146
143 147
143 149
143 150
143 153
143 157
143 190
143 193
143 196
143 221
143 222
143 223
143 224
143 225
143 245
143 285
143 287
143 300
143 391
143 392
143 397
143 416
143 418
143 437
143 438
143 443
143 445
143 446
143 498
143 510
143 529
143 530
143 531
143 533
143 534
143 535
143 545
143 583
143 584
144 145
144 190
144 437
144 439
144 534
144 545
144 600
145 146
145 147
145 149
145 189
145 190
145 193
145 196
145 220
145 221
145 222
145 223
145 224
145 225
145 226
145 227
145 245
145 287
145 298
145 300
145 392
145 397
145 437
145 445
145 529
145 530
145 531
145 533
145 534
145 535
145 536
145 545
145 582
145 583
146 204
146 286
146 287
146 325
146 341
146 416
146 444
146 445
146 497
146 529
146 531
146 545
146 583
146 584
147 149
147 152
147 153
147 196
147 221
147 223
147 224
147 225
147 392
147 399
147 412
147 418
147 437
147 443
147 445
147 450
147 531
147 533
147 534
147 536
147 537
147 545
148 149
148 153
148 159
148 428
148 430
148 431
148 437
148 438
148 440
148 456
149 150
149 152
149 153
149 225
149 341
149 418
149 429
149 430
149 431
149 432
149 437
149 438
149 440
149 443
149 445
149 446
149 456
149 531
149 534
150 153
150 374
150 418
150 431
150 437
150 440
150 446
150 456
151 261
151 271
151 272
151 279
151 297
152 153
152 300
152 339
152 430
152 437
152 443
152 446
152 450
152 456
152 462
152 531
153 157
153 190
153 196
153 197
153 224
153 399
153 412
153 418
153 431
153 437
153 440
153 443
153 450
153 452
153 454
153 467
153 510
153 534
153 600
154 197
154 198
154 202
154 206
154 208
154 209
154 210
154 211
154 213
154 216
154 227
154 231
154 265
154 273
154 295
154 452
154 454
154 463
154 467
154 489
154 510
154 511
154 512
154 513
154 515
154 516
154 518
154 524
154 536
154 537
154 542
154 551
154 555
155 156
155 157
155 197
155 218
155 253
155 298
155 449
155 453
155 454
155 462
155 597
156 234
156 248
156 478
156 557
157 196
157 197
157 224
157 245
157 300
157 339
157 418
157 432
157 434
157 437
157 439
157 450
157 452
157 454
157 467
157 498
157 510
157 512
157 514
157 515
157 534
157 541
157 545
157 590
157 597
157 600
158 159
158 180
158 455
158 459
158 488
159 161
159 193
159 455
160 171
161 199
161 275
161 277
161 281
161 458
161 466
162 163
162 466
163 261
163 271
163 466
164 272
164 302
164 304
164 324
164 326
165 167
165 570
166 168
166 307
166 470
166 475
167 198
168 236
168 282
168 283
168 475
168 486
168 575
168 589
169 476
170 232
170 238
170 247
170 250
170 252
170 269
170 282
170 500
170 538
170 544
170 548
170 556
170 579
170 589
171 216
172 248
172 478
172 557
172 558
172 560
172 561
173 174
173 175
173 178
173 185
173 189
173 283
173 293
173 479
173 481
173 484
173 486
173 559
174 217
174 249
174 251
174 316
174 479
174 559
175 176
175 177
175 178
175 179
175 181
175 185
175 479
175 480
175 481
175 482
175 483
175 484
175 486
175 585
176 177
176 178
176 179
176 181
176 479
176 480
176 482
176 483
176 484
176 585
177 179
177 180
177 181
177 480
177 482
177 483
177 484
177 486
177 585
178 179
178 181
178 255
178 469
178 479
178 480
178 481
178 482
178 484
178 572
179 181
179 480
179 482
179 483
179 484
179 566
179 585
180 183
180 185
180 482
180 486
181 480
181 481
181 482
181 483
181 484
181 486
181 585
182 187
182 188
182 197
182 198
182 206
182 209
182 216
182 241
182 280
182 295
182 512
182 518
182 524
182 551
183 200
183 228
183 259
183 261
183 262
183 266
183 268
183 269
183 270
183 271
183 277
183 278
183 279
183 281
184 289
184 402
184 473
185 257
185 293
185 479
185 569
187 188
187 189
187 198
187 202
187 206
187 209
187 213
187 241
187 276
187 280
187 295
187 384
187 385
187 467
187 489
187 512
187 513
187 514
187 515
187 551
188 190
188 198
188 206
188 207
188 208
188 209
188 211
188 216
188 241
188 280
188 295
188 420
188 510
188 511
188 512
188 524
188 542
188 551
189 192
189 198
189 202
189 213
189 222
189 244
189 245
189 264
189 283
189 298
189 300
189 489
189 515
189 532
189 535
189 537
189 555
190 193
190 196
190 209
190 210
190 223
190 224
190 280
190 420
190 430
190 434
190 438
190 450
190 452
190 459
190 467
190 490
190 510
190 512
190 514
190 523
190 534
190 600
191 192
191 193
191 199
191 201
191 204
191 210
191 212
191 383
191 389
191 391
191 393
191 394
191 397
191 419
191 425
191 436
191 494
191 496
191 499
191 503
192 193
192 201
192 202
192 204
192 212
192 213
192 214
192 222
192 291
192 302
192 304
192 305
192 321
192 322
192 325
192 389
192 390
192 391
192 393
192 394
192 395
192 397
192 419
192 425
192 442
192 488
192 493
192 495
192 496
192 499
192 503
192 519
192 535
192 583
193 196
193 199
193 202
193 209
193 210
193 212
193 213
193 221
193 222
193 223
193 224
193 225
193 245
193 383
193 389
193 391
193 397
193 455
193 489
193 493
193 495
193 496
193 515
193 533
193 535
193 545
195 493
195 519
196 210
196 212
196 221
196 222
196 223
196 224
196 391
196 396
196 397
196 399
196 416
196 417
196 418
196 451
196 467
196 489
196 494
196 498
196 514
196 515
196 533
196 534
196 545
196 583
197 209
197 309
197 339
197 364
197 420
197 428
197 432
197 434
197 439
197 450
197 452
197 453
197 454
197 463
197 467
197 510
197 512
197 515
197 518
197 524
197 551
197 597
197 600
198 200
198 201
198 202
198 206
198 207
198 208
198 211
198 216
198 241
198 244
198 276
198 280
198 295
198 459
198 460
198 473
198 501
198 511
198 516
198 524
198 542
198 551
199 200
199 201
199 209
199 210
199 277
199 281
199 425
199 442
199 493
199 495
199 496
199 503
199 504
199 509
200 201
200 207
200 208
200 211
200 215
200 216
200 219
200 231
200 259
200 268
200 273
200 276
200 277
200 278
200 279
200 280
200 281
200 295
200 474
200 499
200 501
200 505
200 509
200 519
200 542
201 202
201 207
201 211
201 280
201 419
201 442
201 465
201 496
201 499
201 501
201 502
201 503
201 504
201 505
201 509
201 516
201 519
201 522
201 575
201 576
202 211
202 213
202 214
202 280
202 384
202 385
202 425
202 442
202 459
202 460
202 489
202 493
202 495
202 496
202 499
202 501
202 503
202 504
202 513
202 515
202 519
203 208
203 211
203 215
203 219
203 229
203 230
203 231
203 265
203 273
203 278
203 505
204 222
204 290
204 302
204 321
204 322
204 325
204 389
204 394
204 397
204 416
204 425
204 496
204 497
204 535
206 207
206 208
206 209
206 211
206 216
206 231
206 241
206 244
206 265
206 273
206 276
206 280
206 295
206 463
206 501
206 505
206 509
206 511
206 516
206 518
206 520
206 524
206 525
206 542
206 551
206 555
206 560
206 565
206 569
207 211
207 229
207 231
207 241
207 266
207 268
207 273
207 276
207 278
207 295
207 296
207 402
207 460
207 473
207 474
207 501
207 522
207 542
207 569
207 581
208 209
208 211
208 215
208 216
208 219
208 231
208 264
208 265
208 273
208 280
208 295
208 296
208 463
208 464
208 505
208 511
208 512
208 516
208 517
208 518
208 524
208 542
209 210
209 211
209 212
209 213
209 216
209 224
209 280
209 383
209 384
209 435
209 467
209 489
209 510
209 511
209 512
209 513
209 514
209 515
209 516
209 524
210 212
210 223
210 224
210 383
210 391
210 467
210 489
210 490
210 493
210 496
210 498
210 510
210 512
210 513
210 514
210 515
210 533
210 545
211 213
211 215
211 216
211 231
211 241
211 244
211 265
211 273
211 280
211 295
211 296
211 474
211 493
211 495
211 501
211 505
211 509
211 511
211 512
211 513
211 516
211 517
211 519
211 524
211 525
211 542
212 221
212 223
212 224
212 383
212 391
212 395
212 397
212 489
212 493
212 494
212 496
212 513
212 533
213 214
213 222
213 227
213 244
213 245
213 489
213 493
213 496
213 515
213 516
213 519
213 527
213 535
213 555
214 390
214 419
214 425
214 442
214 496
214 503
214 506
214 519
214 527
214 535
215 216
215 219
215 231
215 259
215 261
215 262
215 265
215 268
215 273
215 274
215 277
215 278
215 281
215 501
215 505
215 509
215 511
215 516
215 517
215 519
215 524
215 525
215 542
215 576
216 219
216 231
216 241
216 265
216 268
216 273
216 278
216 280
216 295
216 501
216 505
216 509
216 511
216 512
216 516
216 518
216 524
216 525
216 528
216 542
217 249
217 526
218 253
219 254
219 262
219 265
219 268
219 270
219 275
219 278
219 281
219 465
219 528
220 221
220 222
220 226
220 227
220 237
220 244
220 246
220 287
220 298
220 332
220 445
220 529
220 530
220 533
220 534
220 536
220 537
220 549
220 551
220 553
220 555
220 582
220 600
221 222
221 223
221 225
221 226
221 227
221 237
221 245
221 284
221 287
221 321
221 323
221 325
221 327
221 389
221 391
221 392
221 395
221 397
221 399
221 416
221 445
221 529
221 530
221 531
221 533
221 535
221 536
221 545
221 549
221 553
221 582
221 583
221 584
222 223
222 224
222 225
222 226
222 227
222 237
222 240
222 244
222 245
222 246
222 286
222 287
222 298
222 389
222 391
222 392
222 397
222 416
222 417
222 445
222 489
222 493
222 496
222 515
222 527
222 529
222 530
222 531
222 532
222 533
222 535
222 536
222 537
222 545
222 549
222 553
222 555
222 583
222 584
223 224
223 225
223 245
223 383
223 391
223 392
223 397
223 399
223 416
223 417
223 418
223 467
223 489
223 498
223 510
223 515
223 531
223 532
223 533
223 534
223 535
223 545
224 225
224 245
224 383
224 399
224 418
224 445
224 450
224 454
224 467
224 489
224 498
224 510
224 512
224 514
224 515
224 533
224 534
224 541
224 545
224 600
225 226
225 245
225 285
225 287
225 321
225 389
225 392
225 397
225 437
225 445
225 530
225 531
225 533
225 534
225 535
225 536
225 545
225 583
226 227
226 237
226 239
226 240
226 244
226 246
226 287
226 445
226 529
226 535
226 536
226 537
226 546
226 547
226 549
226 553
226 555
227 237
227 241
227 244
227 246
227 253
227 287
227 298
227 445
227 463
227 515
227 529
227 535
227 536
227 537
227 549
227 551
227 553
227 555
228 259
228 262
228 266
228 267
228 268
228 269
228 270
228 278
228 279
228 387
228 570
228 573
228 579
229 230
229 241
229 243
229 244
229 252
229 256
229 265
229 266
229 273
229 283
229 313
229 540
229 542
229 565
229 579
230 265
230 283
230 580
230 581
231 241
231 244
231 259
231 265
231 268
231 273
231 278
231 295
231 296
231 474
231 501
231 505
231 509
231 511
231 516
231 519
231 524
231 542
231 565
231 581
232 238
232 247
232 250
232 252
232 255
232 258
232 260
232 267
232 269
232 500
232 521
232 544
232 556
232 574
233 234
233 248
233 518
233 520
233 521
233 560
234 518
234 521
234 560
235 589
236 238
236 283
236 291
236 547
236 579
236 585
236 586
237 240
237 244
237 246
237 285
237 286
237 287
237 325
237 529
237 535
237 536
237 546
237 547
237 549
237 553
237 555
237 583
237 584
238 240
238 243
238 247
238 282
238 285
238 286
238 290
238 302
238 322
238 544
238 547
238 548
238 556
238 568
239 240
239 243
239 244
239 246
239 549
239 555
240 243
240 244
240 246
240 282
240 283
240 286
240 547
240 548
240 549
240 553
240 554
240 555
241 244
241 276
241 280
241 295
241 402
241 460
241 463
241 501
241 518
241 524
241 542
241 546
241 551
241 552
241 555
242 369
242 428
242 458
242 464
242 468
242 577
242 599
243 246
243 250
243 282
243 283
243 548
243 550
243 554
243 579
243 589
243 592
243 595
244 246
244 265
244 276
244 460
244 463
244 516
244 536
244 537
244 542
244 546
244 549
244 551
244 553
244 555
245 246
245 298
245 300
245 415
245 489
245 515
245 527
245 531
245 532
245 533
245 535
245 539
245 541
245 545
245 590
246 263
246 264
246 298
246 300
246 536
246 539
246 540
246 541
246 549
246 553
246 554
246 555
247 250
247 252
247 258
247 282
247 544
247 548
247 556
247 557
247 567
248 250
248 253
248 478
248 556
248 557
248 558
248 560
248 561
249 313
249 316
249 471
249 559
249 562
250 252
250 254
250 258
250 267
250 269
250 478
250 521
250 544
250 556
250 557
250 558
250 560
250 561
250 563
250 570
250 589
251 283
251 310
251 313
251 316
251 479
252 256
252 266
252 269
252 522
252 557
252 560
252 567
252 570
252 579
253 463
253 464
253 558
253 563
254 266
254 267
254 268
254 270
254 295
254 463
254 464
254 468
254 561
254 563
254 569
254 570
254 571
255 258
255 480
255 572
256 538
256 570
257 481
258 260
258 267
258 269
258 282
258 574
259 260
259 261
259 262
259 266
259 267
259 268
259 269
259 270
259 271
259 272
259 273
259 274
259 277
259 278
259 279
259 281
259 297
259 466
259 509
259 574
260 261
260 267
260 268
260 269
260 270
261 262
261 266
261 267
261 268
261 269
261 270
261 271
261 272
261 273
261 274
261 277
261 278
261 279
261 281
261 297
261 466
261 517
261 574
262 266
262 267
262 268
262 269
262 270
262 271
262 274
262 277
262 278
262 279
262 281
262 387
262 466
262 517
262 571
262 574
262 592
263 264
263 265
263 299
263 300
263 541
264 298
264 299
264 300
264 465
264 541
265 266
265 268
265 273
265 296
265 463
265 464
265 505
265 511
265 516
265 517
265 542
266 267
266 268
266 269
266 270
266 278
266 569
266 570
266 572
267 268
267 269
267 270
267 271
267 272
267 500
267 571
267 574
268 269
268 270
268 271
268 273
268 277
268 278
268 279
268 281
268 528
268 542
268 569
268 570
268 572
269 270
269 271
269 272
269 277
269 278
269 279
269 500
269 567
269 570
269 571
269 574
269 579
270 271
270 277
270 278
270 279
270 570
270 571
270 573
270 574
271 272
271 277
271 278
271 279
271 281
271 297
271 466
271 500
271 574
272 277
272 281
272 297
273 278
273 295
273 505
273 511
273 516
273 517
273 518
273 519
273 524
273 525
273 542
273 565
274 275
274 277
274 281
274 517
274 519
274 576
275 281
276 295
276 402
276 460
276 473
276 501
276 522
276 542
276 551
276 569
277 278
277 279
277 281
277 576
278 279
278 281
278 517
279 281
280 385
280 457
280 459
280 501
280 510
280 512
280 513
280 524
280 551
281 466
282 283
282 547
282 548
282 554
282 556
282 568
282 579
282 580
282 589
282 595
283 388
283 479
283 554
283 579
283 580
284 285
284 287
284 323
284 325
284 327
284 328
284 330
284 332
284 333
284 334
284 335
284 530
284 582
284 583
284 584
285 286
285 290
285 291
285 292
285 302
285 321
285 322
285 325
285 330
285 389
285 392
285 416
285 530
285 531
285 547
285 548
285 549
285 582
285 583
285 584
285 586
286 287
286 290
286 291
286 321
286 322
286 325
286 389
286 416
286 497
286 529
286 546
286 547
286 549
286 553
286 556
286 583
286 584
286 586
287 325
287 327
287 445
287 529
287 530
287 531
287 533
287 536
287 549
287 553
287 582
287 583
287 584
288 390
289 473
289 522
290 291
290 302
290 321
290 322
290 394
290 416
290 417
290 497
290 545
290 547
290 556
290 583
290 584
290 586
291 302
291 305
291 321
291 322
291 325
291 336
291 389
291 390
291 394
291 397
291 530
291 547
291 583
291 584
291 585
291 586
294 519
295 296
295 463
295 511
295 518
295 524
295 542
295 551
295 552
295 565
296 464
297 519
298 300
298 531
298 532
298 535
298 536
298 539
298 554
299 300
299 539
300 531
300 539
300 541
300 600
301 302
301 304
301 305
301 321
301 322
301 323
301 324
301 325
301 335
301 336
301 389
301 390
301 393
301 394
301 395
301 487
301 494
301 530
302 304
302 305
302 317
302 319
302 321
302 322
302 325
302 336
302 389
302 390
302 393
302 394
302 395
302 586
303 304
303 305
303 308
303 317
303 319
303 320
303 321
303 324
303 326
303 336
303 389
303 393
303 394
303 395
304 305
304 308
304 317
304 319
304 320
304 321
304 322
304 323
304 324
304 325
304 326
304 336
304 389
304 390
304 393
304 394
304 395
305 317
305 319
305 320
305 321
305 322
305 323
305 324
305 325
305 335
305 336
305 389
305 393
305 394
305 395
305 530
305 586
306 313
306 315
308 312
308 319
308 320
308 326
310 313
310 314
310 316
311 315
313 314
313 315
313 316
314 315
314 316
315 316
316 562
317 319
317 320
317 321
317 336
317 386
317 389
318 331
319 320
319 321
319 324
319 336
319 389
319 393
319 394
319 395
320 321
320 324
320 326
320 335
320 336
320 389
320 393
320 394
320 395
321 322
321 323
321 325
321 335
321 336
321 389
321 390
321 391
321 392
321 393
321 394
321 395
321 397
321 416
321 497
321 530
321 533
321 583
321 584
321 586
322 323
322 325
322 335
322 336
322 389
322 393
322 394
322 395
322 397
322 416
322 425
322 436
322 497
322 530
322 583
322 584
322 586
323 324
323 325
323 327
323 328
323 329
323 332
323 333
323 334
323 335
323 336
323 389
323 395
323 530
323 582
323 584
324 326
324 327
324 329
324 333
324 334
324 335
324 336
324 393
325 327
325 328
325 330
325 335
325 336
325 389
325 391
325 392
325 393
325 394
325 395
325 397
325 416
325 417
325 497
325 529
325 530
325 531
325 549
325 582
325 583
325 584
325 586
326 329
326 336
327 328
327 330
327 332
327 333
327 334
327 335
327 530
327 582
327 584
328 330
328 332
328 333
328 334
328 335
328 530
328 582
329 333
329 334
330 332
330 334
330 335
330 530
330 582
330 583
330 584
332 333
332 335
332 530
332 582
332 584
333 334
333 335
333 530
333 582
334 335
334 530
334 582
335 336
335 393
335 394
335 395
335 398
335 530
335 582
335 584
336 389
336 390
336 393
336 394
336 395
336 530
336 586
337 338
337 340
337 342
337 370
337 371
337 372
337 373
337 375
337 376
337 380
337 381
337 405
337 406
338 339
338 341
338 342
338 348
338 364
338 370
338 372
338 380
339 364
339 380
339 420
339 421
339 428
339 430
339 432
339 434
339 437
339 439
339 443
339 444
339 446
339 447
339 450
339 452
339 453
339 456
339 458
339 462
339 510
339 514
339 590
339 596
339 597
339 598
339 599
339 600
340 342
340 343
340 344
340 346
340 348
340 406
340 407
340 409
340 410
341 342
341 348
341 358
341 369
341 421
341 430
341 432
341 434
341 437
341 443
341 444
341 446
341 447
342 343
342 344
342 348
342 370
342 372
342 373
342 406
342 407
342 409
342 410
342 421
342 446
342 588
343 406
343 543
344 346
344 348
344 406
344 407
344 409
344 410
345 358
345 360
345 363
345 440
346 349
347 418
347 450
347 590
348 353
348 409
348 410
348 421
348 433
348 443
348 444
348 447
350 396
350 418
351 352
351 361
352 358
352 361
353 354
353 356
353 357
353 362
353 363
353 413
353 447
354 356
354 357
354 362
354 447
355 373
356 357
356 362
356 413
356 447
357 362
357 413
357 447
358 360
358 362
358 363
358 447
359 361
359 363
360 361
360 363
361 363
362 363
362 447
363 447
364 365
364 369
364 370
364 372
364 375
364 380
364 420
364 421
364 428
364 429
364 430
364 431
364 432
364 434
364 437
364 439
364 447
364 452
364 453
364 456
364 458
364 462
364 577
364 596
364 597
364 598
364 599
364 600
365 366
365 368
365 370
365 372
365 375
365 376
365 405
365 420
365 421
365 422
365 428
365 429
365 430
365 431
365 434
365 447
365 452
365 593
366 420
366 421
366 422
366 429
366 430
366 431
366 447
366 452
367 373
367 374
367 403
367 406
367 429
367 431
367 446
368 370
368 372
368 375
369 372
369 373
369 375
369 421
369 428
369 430
369 432
369 458
370 372
370 375
370 376
370 405
370 420
370 421
370 422
370 429
370 430
370 439
370 447
370 593
371 377
372 375
372 376
372 380
372 382
372 405
372 421
372 422
372 430
372 447
372 593
373 406
374 440
375 376
375 380
375 381
375 405
375 421
375 422
375 593
376 377
376 378
376 380
376 381
376 405
376 422
377 378
377 380
377 381
377 405
377 422
378 380
378 405
378 422
378 453
379 483
380 381
380 405
380 428
380 599
381 405
381 422
382 441
383 391
383 489
383 493
383 496
383 513
383 533
384 385
384 391
384 489
384 493
384 495
384 496
384 501
384 503
384 504
384 511
384 513
384 514
385 513
387 521
387 540
387 578
387 579
387 589
387 592
387 595
388 554
388 580
389 390
389 391
389 392
389 393
389 394
389 395
389 397
389 416
389 530
389 547
389 583
389 584
389 586
390 393
390 394
390 419
390 496
390 503
391 392
391 393
391 394
391 396
391 397
391 416
391 417
391 451
391 489
391 493
391 494
391 495
391 496
391 498
391 530
391 533
391 545
391 583
391 584
391 586
392 395
392 397
392 479
392 530
392 531
392 533
392 582
392 583
393 394
393 395
393 396
393 397
393 398
393 491
393 586
394 395
394 396
394 397
394 398
394 416
394 417
394 425
394 436
394 491
394 494
394 496
394 497
394 530
394 583
394 584
394 586
395 397
395 398
395 416
395 530
395 533
396 397
396 398
396 399
396 411
396 416
396 417
396 423
396 424
396 436
396 451
396 490
396 491
396 492
396 494
396 498
396 545
397 399
397 416
397 417
397 496
397 529
397 530
397 533
397 535
397 545
397 583
397 584
398 399
398 410
398 411
398 416
398 491
399 401
399 412
399 418
399 533
399 534
399 545
400 401
400 411
400 413
401 412
401 413
401 424
402 457
402 565
402 581
403 423
404 406
404 407
404 408
404 409
404 410
404 492
405 406
405 422
406 407
406 410
407 408
407 409
407 410
407 423
407 491
407 492
408 409
408 410
408 492
409 410
409 411
409 413
409 421
409 443
409 444
410 433
410 492
411 492
412 413
412 414
412 418
412 443
412 450
412 452
412 534
413 447
415 425
415 435
415 442
415 461
415 596
415 597
415 600
416 417
416 494
416 497
416 498
416 529
416 530
416 533
416 545
416 583
416 584
417 489
417 494
417 496
417 497
417 498
417 529
417 533
417 545
417 583
417 584
418 437
418 443
418 446
418 450
418 452
418 510
418 534
418 545
419 425
419 442
419 465
419 473
419 495
419 496
419 499
419 501
419 503
419 504
419 506
419 519
419 522
420 421
420 422
420 428
420 429
420 430
420 431
420 432
420 434
420 437
420 439
420 447
420 450
420 452
420 453
420 454
420 456
420 458
420 510
420 514
420 523
420 534
420 597
420 599
420 600
421 422
421 428
421 429
421 430
421 434
421 447
421 452
421 456
422 429
422 450
423 424
423 451
423 490
423 491
423 492
424 451
424 490
424 491
424 492
424 514
425 436
425 442
425 493
425 494
425 495
425 496
425 503
425 504
425 519
426 428
426 429
426 439
427 522
427 575
428 429
428 430
428 431
428 432
428 434
428 435
428 437
428 438
428 439
428 447
428 450
428 452
428 453
428 454
428 456
428 458
428 462
428 464
428 510
428 596
428 597
428 598
428 599
428 600
429 430
429 431
429 432
429 434
429 437
429 438
429 440
429 447
429 450
429 452
429 459
429 510
430 431
430 432
430 434
430 437
430 438
430 439
430 440
430 443
430 445
430 447
430 450
430 452
430 456
430 458
430 462
430 510
430 514
430 599
430 600
431 432
431 434
431 437
431 439
431 440
431 443
431 450
431 452
431 456
431 510
431 600
432 434
432 435
432 437
432 438
432 439
432 443
432 447
432 450
432 452
432 454
432 455
432 456
432 458
432 467
432 510
432 514
432 515
432 596
432 597
432 599
432 600
433 490
433 491
433 492
434 435
434 437
434 447
434 450
434 452
434 454
434 456
434 458
434 490
434 510
434 512
434 514
434 596
434 597
434 599
434 600
435 436
435 442
435 455
435 458
435 464
435 494
435 504
435 514
435 515
435 600
436 491
436 494
437 438
437 440
437 443
437 445
437 446
437 447
437 450
437 452
437 456
437 458
437 462
437 510
437 531
437 534
437 600
438 440
439 454
439 456
439 510
439 534
439 551
439 552
439 600
442 465
442 493
442 494
442 496
442 499
442 503
442 504
442 505
442 515
442 519
443 444
443 445
443 446
443 450
443 452
443 456
443 531
443 534
443 536
445 450
445 467
445 510
445 514
445 515
445 529
445 531
445 533
445 534
445 535
445 536
445 537
445 545
447 452
448 449
449 453
449 462
450 452
450 454
450 456
450 467
450 510
450 512
450 514
450 523
450 534
450 600
451 490
451 491
451 492
451 514
452 453
452 454
452 456
452 467
452 510
452 512
452 514
452 523
452 534
452 551
452 600
453 454
453 462
453 464
453 468
453 577
453 596
453 597
453 598
453 599
453 600
454 467
454 510
454 512
454 514
454 515
454 518
454 541
454 551
454 590
454 596
454 597
454 600
455 459
455 496
456 458
456 510
456 599
456 600
457 473
457 577
458 464
458 577
458 597
458 599
458 600
459 460
459 470
459 499
460 499
460 501
460 551
461 464
461 500
461 578
461 595
462 596
462 597
462 599
463 464
463 465
463 505
463 518
463 540
463 542
463 551
463 552
463 555
463 558
463 561
464 468
464 577
464 599
465 504
465 505
465 516
465 519
465 528
466 500
466 574
467 489
467 498
467 510
467 512
467 513
467 514
467 515
467 533
467 534
467 537
467 545
467 600
468 577
472 476
473 474
473 501
473 522
474 493
474 495
474 501
474 503
474 505
474 509
474 511
474 516
474 519
474 542
476 591
478 557
478 558
478 560
479 480
479 481
479 484
479 486
479 559
479 562
480 481
480 482
480 483
480 484
480 566
480 585
481 482
481 484
481 486
481 566
481 585
482 483
482 484
482 486
482 566
482 585
483 484
483 566
483 567
483 585
484 486
484 585
485 567
486 488
486 585
488 575
488 576
489 493
489 495
489 496
489 498
489 509
489 511
489 512
489 513
489 515
489 516
489 519
489 520
489 533
489 537
489 545
490 491
490 492
490 494
490 513
490 514
491 492
493 495
493 496
493 499
493 501
493 503
493 509
493 511
493 513
493 515
493 516
493 519
494 496
494 497
494 498
494 503
494 513
494 514
494 515
494 545
495 496
495 499
495 501
495 503
495 509
495 511
495 519
496 499
496 501
496 503
496 504
496 509
496 513
496 515
496 516
496 519
496 533
497 498
497 545
497 583
497 584
498 514
498 515
498 533
498 545
498 583
499 501
499 503
499 504
499 517
499 519
499 575
499 576
500 544
500 571
500 574
500 578
501 503
501 504
501 505
501 509
501 516
501 519
501 520
501 522
501 542
502 504
502 505
502 517
502 519
503 504
503 509
503 513
503 516
503 519
504 505
504 516
504 519
504 520
505 509
505 511
505 516
505 517
505 518
505 519
505 520
505 524
505 525
505 528
505 540
505 542
507 508
508 581
509 511
509 516
509 517
509 519
509 525
509 542
510 512
510 514
510 515
510 523
510 534
510 600
511 513
511 516
511 519
511 520
511 524
511 525
511 542
511 581
512 513
512 514
512 515
512 518
512 520
512 523
512 524
512 541
512 551
512 600
513 514
513 515
513 516
513 520
513 524
514 515
514 523
514 545
514 600
515 516
515 520
515 533
515 535
515 537
515 545
516 517
516 518
516 519
516 520
516 524
516 525
516 528
516 540
516 542
516 555
516 581
517 519
517 525
517 528
517 542
517 565
517 576
518 520
518 524
518 540
518 542
518 551
518 552
518 555
518 565
519 520
519 540
519 542
519 581
520 525
521 544
521 556
521 560
521 561
521 570
521 573
521 589
522 560
522 575
523 600
524 525
524 542
524 551
525 542
526 559
527 532
527 535
527 541
528 542
528 570
529 530
529 531
529 533
529 535
529 536
529 546
529 549
529 553
529 582
529 583
529 584
530 533
530 549
530 553
530 582
530 583
530 584
531 533
531 534
531 535
531 536
531 549
531 583
532 533
532 539
532 554
533 534
533 535
533 536
533 545
533 583
534 536
534 545
534 600
535 536
535 545
535 549
535 553
535 583
536 537
536 549
536 551
536 553
536 555
537 555
538 567
538 571
538 589
539 541
539 554
539 595
539 597
539 599
539 600
540 541
540 542
540 553
540 555
540 564
540 565
540 581
540 594
540 595
541 590
541 600
542 551
542 555
542 565
542 581
544 548
544 556
544 574
545 583
546 547
546 549
546 551
546 555
546 564
547 548
547 549
547 553
547 556
547 580
547 583
547 584
547 586
547 589
548 549
548 556
548 589
549 553
549 555
549 582
549 583
549 584
551 552
551 555
551 598
552 558
552 598
552 599
553 555
553 584
553 594
554 595
556 560
556 579
556 589
557 560
558 560
558 561
558 563
559 562
560 561
560 569
560 570
560 573
561 563
561 570
562 569
564 565
564 589
564 590
564 591
564 593
565 592
565 594
566 567
566 568
566 585
567 579
569 570
569 572
570 571
570 572
570 573
570 579
571 574
575 576
577 599
578 595
579 580
579 589
582 583
582 584
583 584
583 586
584 586
585 586
586 587
589 592
589 595
590 596
590 597
590 598
590 600
592 594
592 595
596 597
596 598
596 600
597 598
597 599
597 600
598 599
598 600
599 600
