600 5393

1 2
1 4
1 5
1 11
1 22
1 93
1 95
1 98
1 101
1 104
1 105
1 109
1 184
1 189
1 282
1 290
1 291
1 302
1 321
1 384
1 389
1 390
1 393
1 400
1 586
2 4
2 5
2 24
2 92
2 93
2 95
2 101
2 109
2 117
2 118
2 184
2 187
2 188
2 189
2 301
2 302
2 305
2 384
2 390
2 411
3 18
4 5
4 11
4 20
4 21
4 22
4 23
4 30
4 93
4 94
4 95
4 98
4 100
4 101
4 102
4 104
4 105
4 109
4 118
4 189
4 290
4 302
4 304
4 305
4 321
4 322
4 323
4 324
4 336
4 386
4 389
4 390
4 391
4 393
5 11
5 12
5 20
5 21
5 22
5 23
5 24
5 27
5 30
5 93
5 95
5 98
5 100
5 101
5 102
5 104
5 304
5 305
5 321
5 323
5 324
5 327
5 336
5 386
5 389
5 391
5 400
6 265
7 308
8 328
9 13
9 314
10 447
11 22
11 93
11 94
11 95
11 98
11 100
11 101
11 102
11 104
11 118
11 305
11 321
11 322
11 336
11 386
11 389
11 390
11 391
11 392
12 16
12 20
12 21
12 27
12 30
12 98
12 100
12 317
12 319
12 320
12 321
12 323
12 324
12 336
12 389
13 314
14 17
14 29
14 229
14 265
15 349
16 19
16 24
16 306
16 315
16 319
18 48
18 94
18 102
18 389
19 318
19 319
20 21
20 23
20 24
20 27
20 28
20 30
20 31
20 32
20 33
20 100
20 102
20 103
20 304
20 305
20 319
20 320
20 321
20 323
20 324
20 326
20 328
20 335
20 336
20 391
21 23
21 24
21 27
21 28
21 30
21 31
21 32
21 33
21 37
21 100
21 101
21 102
21 103
21 304
21 305
21 319
21 320
21 321
21 323
21 324
21 326
21 327
21 328
21 329
21 335
21 336
22 23
22 26
22 27
22 30
22 31
22 33
22 34
22 93
22 97
22 98
22 101
22 104
22 105
22 106
22 107
22 108
22 109
22 110
22 118
22 189
22 322
22 323
22 327
22 384
22 386
22 389
22 390
22 391
22 393
22 396
22 398
22 400
23 24
23 26
23 27
23 28
23 30
23 31
23 32
23 33
23 34
23 36
23 38
23 100
23 102
23 103
23 106
23 109
23 189
23 287
23 304
23 305
23 321
23 322
23 323
23 324
23 325
23 327
23 328
23 329
23 330
23 332
23 335
23 336
23 391
23 392
23 397
23 400
23 529
23 530
23 549
23 582
24 27
24 30
24 100
24 102
24 304
24 305
24 319
24 324
24 326
25 28
26 27
26 28
26 30
26 31
26 33
26 34
26 36
26 38
26 103
26 136
26 148
26 237
26 287
26 323
26 324
26 327
26 328
26 329
26 330
26 332
26 335
26 336
26 398
27 28
27 30
27 31
27 32
27 33
27 34
27 36
27 100
27 102
27 103
27 237
27 287
27 323
27 324
27 327
27 328
27 329
27 330
27 332
27 335
27 336
27 391
27 392
27 530
27 549
28 30
28 31
28 32
28 33
28 34
28 36
28 103
28 237
28 284
28 287
28 323
28 324
28 327
28 328
28 329
28 330
28 332
28 335
28 336
28 398
28 530
28 549
28 582
29 308
29 312
29 326
29 363
30 31
30 32
30 33
30 34
30 36
30 100
30 102
30 103
30 106
30 237
30 305
30 320
30 323
30 324
30 325
30 327
30 328
30 329
30 330
30 332
30 335
30 336
30 400
30 549
30 582
30 584
31 32
31 33
31 34
31 36
31 100
31 102
31 103
31 105
31 106
31 136
31 237
31 287
31 305
31 323
31 324
31 327
31 328
31 329
31 330
31 332
31 335
31 336
31 391
31 395
31 400
31 529
31 530
32 33
32 34
32 36
32 103
32 106
32 220
32 221
32 237
32 284
32 285
32 312
32 323
32 324
32 327
32 328
32 329
32 330
32 332
32 335
32 336
32 530
32 549
32 582
32 584
33 34
33 36
33 38
33 100
33 102
33 103
33 106
33 237
33 284
33 287
33 323
33 324
33 327
33 328
33 329
33 330
33 332
33 333
33 335
33 336
33 400
33 405
33 530
33 549
33 582
33 584
34 36
34 103
34 106
34 237
34 286
34 287
34 323
34 324
34 325
34 327
34 328
34 329
34 330
34 332
34 335
34 406
34 529
34 549
34 582
34 584
35 36
35 38
35 220
35 221
35 237
35 285
35 331
35 333
35 549
36 38
36 103
36 106
36 220
36 221
36 226
36 237
36 284
36 287
36 323
36 327
36 328
36 329
36 330
36 332
36 333
36 335
36 336
36 397
36 529
36 530
36 533
36 549
36 582
36 584
37 102
37 320
37 334
38 103
38 106
38 220
38 221
38 237
38 287
38 323
38 327
38 329
38 331
38 332
38 333
38 335
38 530
38 549
38 582
39 42
39 47
39 115
39 116
39 404
39 407
40 59
40 60
40 64
40 65
40 67
40 78
40 82
40 83
40 112
40 113
40 129
40 134
40 137
40 138
40 140
40 141
40 143
40 149
40 157
40 161
40 332
40 333
40 341
40 358
40 364
40 375
40 414
40 422
40 425
40 428
40 430
40 431
40 434
40 441
41 84
41 337
41 338
41 340
41 346
42 45
42 47
42 115
42 116
43 61
43 90
43 338
43 342
43 382
44 58
44 60
44 61
44 66
44 78
44 82
44 84
44 341
44 345
44 353
44 354
44 359
44 441
45 54
46 48
46 54
46 342
46 343
46 346
47 56
47 113
47 115
47 116
47 124
47 348
47 362
47 404
47 407
47 410
47 413
47 492
48 54
48 346
48 347
48 349
49 68
49 81
49 134
49 140
49 142
49 149
49 151
49 152
49 161
49 242
49 337
49 338
49 374
49 382
49 430
49 432
49 434
49 437
49 446
49 448
50 78
51 62
51 352
51 360
52 57
52 106
52 110
52 116
52 117
52 122
52 124
52 125
52 134
52 141
52 148
52 150
52 154
52 155
52 157
52 159
52 192
52 193
52 194
52 196
52 198
52 199
52 200
52 201
52 203
52 204
52 211
52 223
52 281
52 344
52 350
52 357
52 394
52 395
52 396
52 398
52 399
52 400
52 401
52 407
52 408
52 410
52 416
52 417
52 418
52 430
52 434
52 435
52 437
52 446
52 492
52 515
53 344
53 409
53 410
53 484
54 346
55 56
55 57
55 60
55 63
55 64
55 65
55 83
55 112
55 113
55 114
55 115
55 117
55 120
55 121
55 124
55 125
55 129
55 137
55 138
55 140
55 141
55 143
55 149
55 150
55 152
55 155
55 157
55 341
55 348
55 357
55 358
55 375
55 398
55 401
55 407
55 410
55 412
55 413
55 414
55 430
55 440
56 57
56 60
56 65
56 113
56 137
56 341
56 344
56 348
56 353
56 358
56 413
57 60
57 63
57 65
57 97
57 110
57 112
57 113
57 114
57 117
57 119
57 120
57 121
57 122
57 124
57 125
57 129
57 130
57 131
57 134
57 136
57 137
57 140
57 141
57 143
57 148
57 149
57 150
57 152
57 154
57 155
57 157
57 161
57 199
57 201
57 207
57 282
57 344
57 348
57 350
57 357
57 394
57 396
57 398
57 400
57 401
57 407
57 408
57 410
57 412
57 413
57 416
57 423
57 430
57 434
57 446
57 515
58 60
58 63
58 65
58 66
58 182
59 60
59 64
59 67
59 78
59 112
59 143
59 145
59 146
59 341
59 351
59 358
59 359
59 412
59 413
59 414
59 441
59 443
59 445
59 447
60 64
60 65
60 67
60 78
60 82
60 83
60 112
60 113
60 117
60 120
60 121
60 129
60 140
60 143
60 145
60 146
60 207
60 341
60 344
60 345
60 348
60 353
60 355
60 358
60 359
60 372
60 375
60 412
60 413
60 414
60 440
60 441
61 67
61 84
61 345
61 353
61 354
61 355
61 359
62 352
62 360
63 64
63 65
63 66
63 113
63 120
63 124
63 125
63 137
63 139
63 341
63 348
63 357
63 358
63 362
63 407
63 410
63 413
63 414
63 430
64 65
64 67
64 82
64 83
64 112
64 119
64 120
64 121
64 129
64 140
64 143
64 145
64 146
64 341
64 348
64 351
64 358
64 359
64 375
64 412
64 413
64 414
64 441
64 443
65 83
65 112
65 113
65 117
65 120
65 121
65 124
65 125
65 130
65 136
65 137
65 140
65 141
65 143
65 149
65 150
65 152
65 155
65 157
65 161
65 341
65 344
65 348
65 357
65 358
65 375
65 401
65 410
65 412
65 413
65 430
65 446
66 67
66 362
67 75
67 341
67 345
67 351
67 353
67 358
67 359
67 361
67 414
67 441
68 79
68 337
68 338
68 376
69 71
69 72
69 74
69 77
69 82
69 83
69 135
69 140
69 142
69 355
69 364
69 365
69 368
69 370
69 372
69 382
69 421
69 428
69 439
69 451
70 72
70 77
70 368
70 596
71 72
71 74
72 74
72 77
72 135
72 368
72 372
73 137
74 77
75 341
76 127
76 175
76 261
76 297
76 420
76 592
76 594
77 297
77 368
77 370
77 565
77 592
78 82
78 143
78 333
78 341
79 81
79 84
79 140
79 373
79 374
79 376
80 81
80 85
80 138
80 140
80 374
80 382
80 431
81 83
81 84
81 91
81 138
81 140
81 337
81 338
81 365
81 371
81 374
81 376
81 381
81 382
81 428
81 431
81 448
81 460
82 83
82 112
82 129
82 133
82 135
82 143
82 341
82 345
82 353
82 358
82 364
82 372
82 375
82 421
82 422
82 428
82 429
83 112
83 120
83 121
83 122
83 129
83 130
83 132
83 133
83 134
83 135
83 137
83 138
83 140
83 141
83 143
83 152
83 154
83 161
83 197
83 341
83 348
83 358
83 364
83 365
83 372
83 374
83 375
83 376
83 382
83 413
83 414
83 422
83 425
83 428
83 429
83 430
83 431
83 434
83 441
83 460
84 89
84 91
84 337
84 345
84 359
84 374
84 377
84 380
84 381
84 382
85 517
86 87
86 89
86 91
86 377
86 380
87 89
87 91
87 377
87 380
87 381
87 405
87 483
88 405
89 91
89 337
89 374
89 377
89 380
89 381
89 405
90 338
90 382
91 337
91 374
91 377
91 380
91 381
91 382
91 405
92 93
92 107
92 108
92 109
92 111
92 114
92 117
92 184
92 187
92 189
92 191
92 192
92 193
92 194
92 200
92 201
92 211
92 212
92 301
92 310
92 384
92 393
92 394
92 396
92 408
92 492
93 95
93 98
93 101
93 104
93 105
93 107
93 108
93 109
93 117
93 118
93 184
93 187
93 188
93 189
93 191
93 282
93 301
93 302
93 304
93 305
93 321
93 322
93 323
93 384
93 386
93 389
93 390
93 391
93 393
93 396
93 398
93 400
93 411
93 442
93 504
94 95
94 98
94 100
94 101
94 321
94 322
94 386
94 389
94 390
94 391
94 392
95 96
95 98
95 101
95 104
95 105
95 107
95 109
95 118
95 184
95 188
95 189
95 302
95 304
95 305
95 321
95 322
95 386
95 389
95 390
95 391
96 99
96 101
96 188
96 390
96 504
97 99
97 104
97 105
97 107
97 108
97 118
97 123
97 136
97 282
97 290
97 386
97 393
97 398
97 400
97 402
97 495
98 100
98 101
98 102
98 104
98 203
98 290
98 302
98 305
98 317
98 321
98 322
98 339
98 386
98 389
98 390
98 391
98 393
99 101
99 105
99 107
99 109
99 110
99 117
99 118
99 125
99 135
99 150
99 152
99 188
99 192
99 201
99 394
99 396
99 398
99 401
99 402
99 446
99 504
100 102
100 304
100 305
100 312
100 319
100 320
100 321
100 323
100 324
100 328
100 329
100 334
100 335
100 336
100 386
100 389
100 391
101 104
101 105
101 107
101 109
101 118
101 184
101 188
101 189
101 282
101 290
101 301
101 302
101 304
101 305
101 321
101 322
101 323
101 339
101 386
101 389
101 390
101 391
101 393
101 398
101 411
101 415
101 442
101 504
102 305
102 319
102 320
102 321
102 322
102 323
102 324
102 334
102 335
102 336
102 389
102 391
103 105
103 106
103 220
103 221
103 237
103 287
103 305
103 323
103 324
103 327
103 328
103 329
103 330
103 332
103 333
103 335
103 336
103 397
103 529
103 530
103 582
104 105
104 107
104 109
104 118
104 189
104 290
104 302
104 305
104 321
104 322
104 386
104 390
104 391
104 393
105 106
105 107
105 109
105 110
105 117
105 118
105 123
105 130
105 136
105 159
105 189
105 201
105 282
105 290
105 301
105 302
105 305
105 321
105 322
105 323
105 339
105 384
105 386
105 389
105 390
105 391
105 393
105 395
105 398
105 411
105 456
105 504
106 109
106 110
106 119
106 148
106 154
106 155
106 159
106 189
106 192
106 193
106 194
106 199
106 200
106 201
106 207
106 211
106 212
106 220
106 221
106 222
106 223
106 224
106 226
106 237
106 282
106 287
106 323
106 327
106 329
106 332
106 335
106 384
106 390
106 392
106 395
106 396
106 397
106 399
106 456
106 501
106 504
106 529
106 530
106 533
106 535
106 582
107 108
107 109
107 113
107 114
107 117
107 118
107 123
107 126
107 188
107 189
107 191
107 194
107 201
107 211
107 323
107 327
107 384
107 386
107 393
107 394
107 396
107 398
107 400
107 402
107 408
107 410
107 495
108 109
108 113
108 114
108 116
108 117
108 191
108 192
108 193
108 194
108 199
108 201
108 211
108 350
108 393
108 394
108 396
108 398
108 400
108 401
108 407
108 408
108 410
108 495
109 110
109 117
109 118
109 148
109 159
109 184
109 187
109 188
109 189
109 191
109 192
109 193
109 194
109 201
109 211
109 212
109 282
109 301
109 323
109 327
109 384
109 390
109 393
109 394
109 395
109 396
109 397
109 398
109 399
109 400
109 402
109 408
109 442
109 504
110 112
110 117
110 118
110 119
110 120
110 121
110 125
110 130
110 131
110 133
110 136
110 141
110 148
110 150
110 154
110 155
110 157
110 158
110 159
110 161
110 165
110 187
110 189
110 192
110 193
110 194
110 196
110 199
110 200
110 201
110 207
110 211
110 212
110 223
110 225
110 281
110 282
110 287
110 301
110 327
110 384
110 394
110 395
110 396
110 397
110 398
110 399
110 400
110 401
110 408
110 437
110 446
110 456
110 504
110 515
111 112
111 114
111 116
111 117
111 119
111 120
111 121
111 131
111 154
111 180
111 187
111 190
111 191
111 193
111 194
111 199
111 201
111 207
111 210
111 211
111 212
111 223
111 224
111 384
111 401
111 408
111 413
111 423
111 491
111 492
112 113
112 114
112 117
112 119
112 120
112 121
112 125
112 129
112 130
112 131
112 132
112 133
112 134
112 135
112 141
112 143
112 145
112 148
112 150
112 152
112 154
112 155
112 157
112 161
112 187
112 199
112 201
112 207
112 211
112 301
112 348
112 358
112 364
112 372
112 375
112 384
112 394
112 399
112 401
112 412
112 413
112 421
112 422
112 423
112 425
112 428
112 430
112 437
112 445
112 446
112 451
112 491
113 114
113 115
113 116
113 117
113 120
113 121
113 124
113 125
113 130
113 137
113 141
113 199
113 201
113 211
113 357
113 375
113 385
113 394
113 398
113 401
113 404
113 407
113 410
113 412
113 413
113 423
113 440
114 116
114 117
114 120
114 121
114 124
114 125
114 130
114 131
114 133
114 135
114 137
114 141
114 154
114 180
114 191
114 192
114 193
114 194
114 196
114 199
114 201
114 207
114 210
114 211
114 368
114 394
114 396
114 398
114 401
114 404
114 407
114 408
114 410
114 412
114 413
114 423
114 492
115 116
115 124
115 404
115 407
115 410
116 120
116 124
116 193
116 194
116 199
116 211
116 357
116 404
116 407
116 408
116 409
116 410
116 423
116 492
117 118
117 119
117 120
117 121
117 123
117 124
117 125
117 130
117 133
117 135
117 136
117 137
117 141
117 148
117 150
117 157
117 180
117 191
117 194
117 199
117 201
117 207
117 211
117 282
117 350
117 357
117 384
117 393
117 394
117 396
117 398
117 400
117 401
117 408
117 409
117 410
117 413
117 446
118 126
118 130
118 188
118 282
118 301
118 321
118 339
118 372
118 384
118 386
118 390
118 391
118 394
118 398
118 411
119 120
119 121
119 125
119 129
119 131
119 133
119 141
119 143
119 145
119 147
119 148
119 149
119 150
119 152
119 153
119 154
119 155
119 156
119 157
119 159
119 161
119 162
119 196
119 198
119 199
119 201
119 207
119 211
119 212
119 223
119 224
119 225
119 233
119 267
119 281
119 282
119 395
119 399
119 401
119 412
119 413
119 423
119 437
119 443
119 445
119 462
119 515
119 534
120 121
120 124
120 125
120 129
120 130
120 131
120 133
120 135
120 137
120 141
120 143
120 145
120 148
120 149
120 150
120 152
120 154
120 155
120 157
120 161
120 180
120 196
120 199
120 201
120 207
120 211
120 225
120 348
120 357
120 358
120 375
120 394
120 399
120 401
120 404
120 408
120 412
120 413
120 414
120 422
120 423
120 440
120 445
120 515
121 125
121 129
121 131
121 133
121 135
121 141
121 143
121 145
121 147
121 154
121 155
121 157
121 180
121 187
121 199
121 207
121 211
121 212
121 225
121 375
121 384
121 399
121 401
121 412
121 413
121 422
122 129
122 131
122 132
122 134
122 137
122 140
122 141
122 154
122 155
122 165
122 190
122 197
122 198
122 281
122 296
122 344
122 348
122 365
122 401
122 413
122 422
122 425
122 434
122 451
122 460
123 125
123 196
123 204
123 282
123 298
123 350
123 393
123 400
123 401
123 416
123 418
123 495
124 125
124 134
124 137
124 139
124 141
124 148
124 149
124 150
124 152
124 154
124 157
124 199
124 201
124 348
124 350
124 357
124 398
124 400
124 401
124 404
124 407
124 410
124 413
124 416
124 429
124 430
124 434
124 446
125 131
125 134
125 136
125 137
125 141
125 143
125 145
125 147
125 148
125 149
125 150
125 152
125 153
125 154
125 155
125 157
125 159
125 161
125 196
125 199
125 201
125 205
125 207
125 211
125 225
125 267
125 282
125 357
125 394
125 395
125 398
125 399
125 400
125 401
125 404
125 408
125 412
125 413
125 418
125 423
125 437
125 445
125 446
125 515
125 534
126 391
126 398
127 297
127 338
127 370
127 373
127 592
128 183
128 215
128 219
128 259
128 261
128 300
129 130
129 131
129 132
129 133
129 134
129 135
129 137
129 140
129 141
129 143
129 149
129 152
129 154
129 155
129 157
129 161
129 165
129 197
129 198
129 207
129 267
129 281
129 296
129 341
129 348
129 358
129 364
129 365
129 370
129 372
129 375
129 376
129 412
129 413
129 414
129 421
129 422
129 424
129 425
129 428
129 429
129 430
129 431
129 434
129 451
129 460
129 491
130 132
130 135
130 137
130 141
130 364
130 372
130 375
130 422
130 425
130 428
131 132
131 133
131 134
131 135
131 141
131 143
131 145
131 147
131 148
131 149
131 154
131 155
131 157
131 161
131 187
131 190
131 196
131 198
131 199
131 201
131 207
131 210
131 211
131 212
131 267
131 281
131 364
131 384
131 399
131 401
131 412
131 421
131 423
131 424
131 437
131 443
131 445
131 451
131 454
131 461
131 490
131 491
131 506
131 515
131 534
131 535
132 133
132 134
132 135
132 137
132 140
132 141
132 150
132 154
132 165
132 190
132 364
132 365
132 368
132 375
132 422
132 428
132 429
132 434
132 451
132 491
133 134
133 135
133 141
133 143
133 145
133 154
133 161
133 165
133 199
133 201
133 207
133 212
133 364
133 375
133 421
133 422
133 428
133 429
133 451
133 491
134 136
134 137
134 140
134 141
134 142
134 143
134 148
134 149
134 150
134 151
134 152
134 154
134 155
134 157
134 159
134 161
134 197
134 198
134 199
134 201
134 207
134 242
134 267
134 281
134 344
134 348
134 357
134 358
134 364
134 365
134 375
134 395
134 404
134 413
134 421
134 422
134 423
134 425
134 428
134 429
134 430
134 431
134 432
134 434
134 435
134 437
134 446
134 448
134 451
134 454
134 460
134 491
134 492
134 501
134 535
135 141
135 143
135 201
135 207
135 364
135 368
135 375
135 394
135 421
135 422
135 428
135 429
136 141
136 148
136 149
136 150
136 152
136 153
136 155
136 157
136 158
136 159
136 161
136 282
136 290
136 357
136 394
136 395
136 398
136 399
136 400
136 401
136 418
136 432
136 437
136 442
136 446
136 454
136 458
136 464
136 515
136 543
137 138
137 140
137 141
137 149
137 150
137 152
137 154
137 199
137 332
137 341
137 348
137 357
137 367
137 375
137 398
137 400
137 401
137 404
137 406
137 407
137 413
137 429
137 430
137 431
137 434
138 140
138 141
138 143
138 149
138 341
138 358
138 371
138 431
138 441
140 141
140 143
140 149
140 152
140 157
140 161
140 197
140 341
140 344
140 348
140 358
140 364
140 365
140 372
140 374
140 375
140 376
140 414
140 428
140 430
140 431
140 432
140 434
140 441
140 448
140 460
141 143
141 148
141 149
141 150
141 152
141 154
141 155
141 157
141 161
141 165
141 196
141 197
141 198
141 199
141 201
141 207
141 211
141 267
141 281
141 282
141 328
141 348
141 357
141 358
141 364
141 365
141 375
141 394
141 395
141 396
141 398
141 399
141 401
141 404
141 407
141 412
141 413
141 422
141 423
141 425
141 428
141 429
141 430
141 431
141 434
141 437
141 446
141 451
141 491
141 492
141 515
142 143
142 144
142 161
142 162
142 242
142 421
142 432
142 435
142 437
142 439
142 448
143 145
143 146
143 148
143 149
143 150
143 152
143 155
143 157
143 161
143 162
143 207
143 267
143 341
143 348
143 358
143 364
143 365
143 372
143 375
143 412
143 413
143 414
143 421
143 422
143 424
143 428
143 429
143 430
143 431
143 434
143 437
143 441
143 443
143 445
143 451
144 439
145 146
145 147
145 149
145 153
145 157
145 161
145 162
145 207
145 225
145 233
145 267
145 399
145 412
145 414
145 440
145 441
145 443
145 445
145 462
146 355
146 359
146 412
146 441
146 443
146 445
147 149
147 153
147 399
147 412
147 443
147 445
147 534
148 149
148 150
148 152
148 153
148 154
148 155
148 156
148 157
148 158
148 159
148 161
148 162
148 163
148 196
148 198
148 199
148 201
148 207
148 223
148 225
148 267
148 281
148 282
148 287
148 357
148 394
148 395
148 396
148 398
148 399
148 400
148 401
148 402
148 404
148 408
148 416
148 418
148 423
148 430
148 437
148 440
148 442
148 446
148 454
148 456
148 458
148 464
148 466
148 515
149 150
149 152
149 153
149 154
149 155
149 157
149 161
149 162
149 205
149 242
149 267
149 358
149 401
149 412
149 418
149 430
149 431
149 432
149 434
149 437
149 438
149 443
149 445
149 446
149 506
149 515
149 534
150 152
150 153
150 154
150 155
150 156
150 157
150 158
150 159
150 161
150 162
150 196
150 199
150 201
150 205
150 242
150 282
150 357
150 394
150 395
150 398
150 399
150 400
150 401
150 416
150 418
150 430
150 432
150 434
150 437
150 440
150 442
150 446
150 456
150 466
150 506
150 515
150 534
151 430
151 432
151 434
151 437
151 448
151 460
151 466
152 153
152 155
152 156
152 157
152 161
152 162
152 198
152 207
152 228
152 242
152 267
152 281
152 282
152 296
152 418
152 430
152 431
152 432
152 434
152 437
152 446
152 534
153 155
153 156
153 157
153 161
153 162
153 163
153 196
153 225
153 232
153 233
153 267
153 399
153 412
153 418
153 437
153 443
153 445
153 515
153 543
153 545
154 155
154 157
154 161
154 165
154 190
154 192
154 193
154 194
154 196
154 197
154 198
154 199
154 200
154 201
154 207
154 211
154 212
154 223
154 226
154 267
154 281
154 348
154 357
154 364
154 365
154 395
154 396
154 397
154 399
154 401
154 404
154 407
154 408
154 413
154 422
154 423
154 428
154 430
154 434
154 435
154 437
154 446
154 451
154 454
154 460
154 491
154 492
154 501
154 515
154 535
155 156
155 157
155 158
155 159
155 161
155 162
155 163
155 196
155 197
155 198
155 199
155 201
155 207
155 223
155 233
155 267
155 281
155 282
155 357
155 395
155 397
155 399
155 401
155 408
155 412
155 413
155 418
155 423
155 430
155 431
155 437
155 442
155 446
155 454
155 515
156 157
156 158
156 161
156 162
156 233
156 267
156 430
156 437
156 446
156 454
156 462
156 545
157 161
157 162
157 196
157 199
157 201
157 207
157 225
157 233
157 267
157 281
157 282
157 357
157 399
157 401
157 412
157 413
157 418
157 423
157 430
157 434
157 437
157 443
157 445
157 446
157 454
157 462
157 515
157 534
158 159
158 161
158 162
158 163
158 282
158 399
158 437
158 446
158 454
158 462
158 464
158 515
159 163
159 189
159 192
159 193
159 194
159 196
159 198
159 199
159 200
159 201
159 223
159 281
159 282
159 384
159 394
159 395
159 396
159 399
159 400
159 401
159 408
159 418
159 435
159 437
159 442
159 446
159 454
159 456
159 458
159 464
159 504
159 515
160 224
161 162
161 197
161 198
161 207
161 242
161 267
161 281
161 358
161 364
161 399
161 421
161 428
161 430
161 431
161 432
161 434
161 437
161 441
161 443
161 445
161 446
161 448
161 454
161 460
161 462
161 515
161 534
162 437
162 446
162 462
163 174
163 267
163 437
164 200
164 279
164 281
165 190
165 198
165 277
165 281
165 535
166 542
167 276
167 473
168 172
168 229
168 235
168 236
168 239
168 252
168 265
168 475
168 478
168 513
168 542
168 551
168 556
168 557
168 560
168 561
168 569
169 173
169 240
169 479
170 172
170 178
170 229
170 236
170 238
170 239
170 243
170 247
170 248
170 250
170 252
170 258
170 263
170 265
170 268
170 270
170 488
170 538
170 540
170 542
170 548
170 556
170 567
170 570
170 573
171 212
172 229
172 231
172 236
172 238
172 239
172 243
172 247
172 248
172 250
172 252
172 258
172 265
172 478
172 511
172 542
172 547
172 556
172 557
172 560
173 477
173 479
174 249
175 176
175 261
177 179
177 486
178 183
178 215
178 238
178 247
178 255
178 258
178 260
178 263
178 268
178 270
178 294
178 566
181 255
183 215
183 257
183 260
183 293
183 294
183 300
184 187
184 188
184 189
184 291
184 301
184 302
184 390
184 393
184 415
184 489
184 586
185 469
186 297
186 426
186 427
186 592
187 194
187 207
187 211
187 212
187 301
187 311
187 384
187 395
187 397
187 399
187 411
187 454
187 490
187 496
188 301
188 390
188 402
188 504
189 191
189 192
189 193
189 194
189 200
189 201
189 203
189 211
189 282
189 301
189 302
189 323
189 327
189 384
189 390
189 393
189 394
189 395
189 396
189 397
189 398
189 400
189 415
189 442
189 456
189 489
189 504
190 191
190 193
190 210
190 211
190 259
190 280
190 451
190 490
190 491
190 492
190 535
191 192
191 193
191 194
191 199
191 200
191 201
191 210
191 211
191 212
191 384
191 393
191 394
191 396
191 408
191 492
191 501
192 193
192 194
192 200
192 201
192 211
192 212
192 384
192 390
192 393
192 394
192 395
192 396
192 397
192 408
192 415
192 442
192 456
192 492
192 501
192 504
193 194
193 196
193 199
193 200
193 201
193 202
193 207
193 210
193 211
193 212
193 222
193 223
193 224
193 226
193 384
193 395
193 396
193 397
193 408
193 410
193 491
193 492
193 501
193 535
193 582
194 196
194 199
194 200
194 201
194 207
194 211
194 212
194 223
194 224
194 384
194 393
194 394
194 395
194 396
194 398
194 401
194 402
194 408
194 410
194 492
195 215
195 218
195 260
195 274
195 278
195 300
196 199
196 201
196 207
196 211
196 212
196 223
196 224
196 225
196 233
196 282
196 327
196 357
196 399
196 401
196 404
196 408
196 417
196 418
196 423
196 442
196 515
197 198
197 223
197 267
197 281
197 348
197 364
197 365
197 376
197 422
197 430
197 431
197 434
197 460
198 199
198 200
198 201
198 207
198 223
198 261
198 267
198 281
198 296
198 364
198 365
198 422
198 424
198 425
198 434
198 437
198 446
198 451
198 456
198 459
198 460
198 491
198 501
199 200
199 201
199 207
199 211
199 212
199 223
199 225
199 350
199 357
199 394
199 396
199 399
199 401
199 404
199 407
199 408
199 410
199 423
199 434
199 491
199 492
199 515
200 201
200 202
200 211
200 212
200 223
200 224
200 280
200 281
200 384
200 395
200 396
200 397
200 408
200 456
200 491
200 492
200 501
200 535
200 582
201 205
201 207
201 211
201 212
201 223
201 225
201 282
201 327
201 350
201 357
201 384
201 393
201 394
201 395
201 396
201 398
201 399
201 400
201 401
201 402
201 404
201 408
201 410
201 415
201 416
201 417
201 422
201 423
201 429
201 435
201 437
201 442
201 446
201 456
201 491
201 492
201 501
201 504
201 515
202 212
202 214
202 216
202 219
202 222
202 223
202 395
202 397
202 535
203 204
203 339
203 393
203 395
203 415
203 456
203 504
204 323
204 395
204 400
205 399
205 401
205 417
205 456
205 506
205 534
206 259
206 490
206 514
207 211
207 212
207 223
207 224
207 225
207 226
207 267
207 282
207 348
207 364
207 375
207 384
207 394
207 399
207 401
207 408
207 412
207 413
207 421
207 422
207 423
207 437
207 445
207 451
207 454
207 462
207 491
207 492
207 501
207 515
208 209
208 231
208 255
208 256
208 263
208 264
208 265
208 270
208 274
208 512
208 542
209 229
209 231
209 256
209 265
209 271
209 273
210 211
210 212
210 219
210 384
210 451
210 490
210 491
210 492
211 212
211 223
211 350
211 357
211 384
211 393
211 394
211 395
211 396
211 397
211 398
211 399
211 400
211 401
211 404
211 407
211 408
211 410
211 423
211 491
211 492
211 501
211 535
212 223
212 224
212 384
212 396
212 397
212 399
212 408
212 423
212 490
212 491
212 492
212 496
213 230
213 234
213 245
213 273
213 285
213 286
214 218
214 273
215 218
215 257
215 260
215 264
215 268
215 270
215 272
215 274
215 278
215 279
215 300
215 589
216 219
217 251
217 271
218 230
218 251
218 273
218 274
220 221
220 222
220 223
220 226
220 237
220 287
220 329
220 330
220 332
220 333
220 392
220 397
220 529
220 530
220 533
220 535
220 549
220 553
220 582
221 222
221 223
221 226
221 237
221 287
221 329
221 331
221 332
221 333
221 335
221 529
221 530
221 533
221 549
221 553
221 582
222 223
222 226
222 237
222 240
222 285
222 286
222 287
222 397
222 530
222 533
222 535
222 549
222 553
222 584
223 224
223 225
223 226
223 281
223 287
223 329
223 395
223 397
223 399
223 492
223 535
223 580
223 582
224 225
224 230
224 233
224 246
224 266
224 285
224 583
225 233
225 246
225 267
225 399
225 423
226 287
226 395
226 397
226 501
226 529
226 530
226 533
226 535
226 553
226 582
227 536
227 551
229 230
229 231
229 234
229 236
229 238
229 239
229 243
229 245
229 247
229 248
229 250
229 252
229 258
229 263
229 265
229 268
229 274
229 511
229 542
229 547
229 560
230 234
230 245
230 266
230 285
230 286
230 547
231 236
231 238
231 239
231 248
231 252
231 255
231 256
231 263
231 265
231 273
231 274
231 542
232 267
232 272
233 267
233 423
234 235
234 236
234 239
234 243
234 245
234 247
234 248
234 250
234 252
234 266
234 271
234 547
235 236
235 239
235 547
236 238
236 239
236 241
236 243
236 245
236 247
236 248
236 250
236 252
236 258
236 263
236 265
236 268
236 542
236 547
236 557
236 560
237 240
237 284
237 285
237 286
237 287
237 328
237 329
237 330
237 331
237 332
237 333
237 335
237 405
237 529
237 530
237 549
237 582
237 584
238 239
238 240
238 243
238 245
238 247
238 248
238 252
238 258
238 263
238 265
238 268
238 542
238 547
238 550
239 241
239 243
239 245
239 247
239 248
239 250
239 252
239 258
239 265
239 268
239 511
239 540
239 542
239 547
239 557
239 560
240 245
240 264
240 286
240 294
240 549
240 553
240 584
242 295
242 432
242 437
242 438
242 446
242 448
242 466
243 245
243 247
243 248
243 250
243 252
243 254
243 258
243 268
243 270
243 547
243 550
243 570
244 266
245 547
247 248
247 250
247 252
247 258
247 268
247 270
247 479
247 481
247 556
247 566
247 567
247 570
248 250
248 252
248 254
248 258
248 265
248 268
248 478
248 542
248 547
248 548
248 556
248 557
248 560
248 567
248 570
250 252
250 254
250 478
250 542
250 547
250 556
250 557
250 560
250 570
251 266
252 258
252 263
252 265
252 268
252 269
252 270
252 478
252 538
252 540
252 542
252 548
252 556
252 557
252 560
252 567
252 569
252 570
252 573
253 254
253 463
254 463
255 256
255 258
255 263
255 265
255 268
255 269
255 270
255 274
255 512
255 541
255 542
255 566
255 567
256 258
256 265
256 513
256 517
256 542
256 567
257 260
257 293
257 294
257 300
257 588
258 263
258 265
258 268
258 270
258 294
258 478
258 488
258 538
258 540
258 541
258 542
258 548
258 556
258 564
258 566
258 567
258 570
258 573
259 261
259 262
259 280
259 297
259 592
260 263
260 278
260 279
260 293
260 294
260 300
260 590
261 279
261 281
261 296
261 297
261 300
261 420
262 294
262 476
263 264
263 265
263 268
263 269
263 270
263 274
263 512
263 540
263 541
263 542
263 566
263 567
264 294
264 300
264 512
264 541
264 554
264 564
265 268
265 270
265 273
265 274
265 542
265 548
265 557
265 567
265 573
266 271
266 285
267 281
267 399
267 412
267 423
267 430
267 431
267 437
267 445
268 269
268 270
268 274
268 278
268 538
268 540
268 542
268 548
268 556
268 566
268 567
268 570
268 573
269 270
269 274
269 573
270 274
270 566
270 567
270 573
272 277
272 279
273 274
275 543
275 575
276 288
277 279
277 281
277 589
278 279
279 280
279 281
279 420
281 296
281 399
281 424
281 437
281 454
281 459
282 301
282 384
282 389
282 390
282 395
282 398
282 399
282 400
282 401
282 418
282 437
282 442
282 446
282 454
282 456
282 515
283 489
284 285
284 286
284 329
284 332
284 333
284 549
284 582
284 583
284 584
285 286
285 329
285 533
285 546
285 549
285 582
285 583
285 584
286 329
286 533
286 549
286 582
286 583
286 584
287 328
287 329
287 330
287 332
287 333
287 335
287 395
287 397
287 529
287 530
287 535
287 549
287 553
287 582
289 291
289 489
290 302
290 305
290 322
290 389
290 458
291 489
291 586
292 587
293 294
293 300
293 564
293 588
294 300
294 476
294 554
294 564
294 588
294 590
295 298
295 457
295 459
295 594
295 595
295 596
296 297
296 364
296 365
296 421
296 422
296 424
296 426
296 429
296 451
296 459
296 565
296 592
296 594
296 598
297 299
297 365
297 370
297 426
297 565
297 592
297 593
297 594
297 598
298 456
298 595
300 568
300 588
300 589
300 590
301 302
301 384
301 390
301 394
301 396
301 411
301 454
301 469
301 496
301 501
301 504
302 305
302 321
302 322
302 389
302 390
302 393
302 411
302 504
302 576
302 586
303 304
304 305
304 321
304 324
305 320
305 321
305 322
305 323
305 324
305 335
305 336
305 389
305 390
305 391
307 599
309 507
309 517
312 334
313 561
314 411
315 319
316 592
317 319
317 336
317 385
317 386
317 388
317 389
317 400
318 334
318 477
319 320
319 324
319 326
320 321
320 324
320 328
320 336
321 322
321 323
321 324
321 335
321 336
321 339
321 386
321 389
321 390
321 391
322 323
322 339
322 389
322 390
322 391
322 415
323 324
323 325
323 327
323 328
323 329
323 330
323 332
323 335
323 336
323 386
323 389
323 391
323 393
323 400
323 549
323 584
324 326
324 327
324 328
324 329
324 330
324 332
324 335
324 336
325 327
325 415
325 582
327 328
327 329
327 330
327 332
327 335
327 398
327 400
327 549
327 582
328 329
328 330
328 332
328 335
328 336
328 582
329 330
329 332
329 333
329 335
329 336
329 529
329 530
329 549
329 582
329 584
330 332
330 335
330 336
330 529
330 530
330 549
330 582
331 333
332 333
332 335
332 336
332 529
332 530
332 549
332 582
332 584
333 335
333 365
333 428
333 530
333 549
334 336
335 336
335 386
335 391
335 530
335 549
336 389
336 391
337 338
337 374
337 376
337 377
337 381
337 382
337 434
337 448
338 339
338 374
338 376
338 382
338 448
338 592
338 593
339 386
339 389
339 390
339 391
339 411
339 448
339 504
341 345
341 348
341 351
341 353
341 358
341 359
341 364
341 375
341 413
341 414
341 422
341 430
341 431
341 434
341 441
342 343
343 497
343 587
344 348
344 375
344 376
344 410
344 413
344 422
344 429
344 430
344 434
345 353
345 354
345 355
345 358
345 359
346 347
346 349
348 357
348 358
348 364
348 375
348 407
348 410
348 413
348 414
348 422
348 429
348 430
348 434
348 492
350 357
350 393
350 394
350 396
350 398
350 400
350 401
350 407
350 408
350 410
350 416
350 417
350 418
350 492
350 495
350 515
351 352
351 358
351 359
351 361
351 412
351 414
352 360
352 363
353 354
353 355
353 358
353 359
353 441
354 355
354 359
355 359
355 372
355 447
356 411
357 394
357 396
357 398
357 400
357 401
357 404
357 407
357 408
357 410
357 413
357 416
357 418
357 423
357 430
357 446
357 492
357 515
358 359
358 364
358 375
358 412
358 413
358 414
358 422
358 430
358 431
358 434
358 441
359 361
359 414
359 441
359 447
360 363
361 414
362 410
364 365
364 372
364 375
364 376
364 413
364 421
364 422
364 424
364 425
364 428
364 429
364 430
364 431
364 434
364 451
364 460
364 491
365 368
365 370
365 372
365 374
365 375
365 376
365 421
365 422
365 425
365 426
365 428
365 429
365 430
365 431
365 434
365 451
365 460
365 491
366 598
368 369
368 370
368 372
368 429
368 593
369 370
369 433
370 372
370 373
370 376
370 422
370 426
370 593
371 374
371 381
372 374
372 375
372 421
372 422
372 425
374 376
374 380
374 381
374 382
374 431
374 434
374 448
375 376
375 413
375 414
375 422
375 425
375 428
375 429
376 422
376 428
376 434
377 380
377 381
378 379
378 403
380 381
380 405
381 405
382 448
383 433
384 390
384 393
384 394
384 395
384 396
384 397
384 398
384 400
384 401
384 408
384 411
384 504
385 386
385 394
385 402
385 410
385 419
386 389
386 391
386 393
386 398
386 400
387 480
387 570
387 595
388 389
388 580
389 390
389 391
389 392
389 393
389 400
390 391
390 392
390 393
390 395
390 411
390 415
390 442
390 456
390 489
390 504
391 393
392 397
392 489
392 494
392 496
392 514
392 529
392 530
392 533
393 394
393 395
393 396
393 398
393 400
393 415
393 416
393 442
393 495
393 504
394 396
394 398
394 400
394 401
394 402
394 407
394 408
394 409
394 410
394 416
394 419
394 423
394 435
394 446
394 492
394 495
394 504
395 396
395 397
395 398
395 399
395 400
395 401
395 408
395 415
395 417
395 435
395 437
395 442
395 454
395 456
395 458
395 501
395 504
395 515
395 529
395 535
396 398
396 400
396 401
396 402
396 407
396 408
396 409
396 410
396 411
396 416
396 419
396 435
396 442
396 491
396 492
396 501
396 504
397 399
397 442
397 456
397 489
397 494
397 496
397 501
397 529
397 530
397 533
397 535
397 553
397 582
397 584
398 400
398 401
398 407
398 408
398 410
398 416
398 419
398 446
398 495
399 401
399 412
399 417
399 418
399 437
399 442
399 443
399 445
399 454
399 456
399 506
399 515
399 534
399 535
400 401
400 406
400 407
400 408
400 410
400 416
400 419
400 442
400 495
400 515
401 404
401 407
401 408
401 410
401 412
401 413
401 416
401 417
401 418
401 423
401 445
401 446
401 454
401 492
401 515
402 408
402 416
402 418
402 419
402 446
402 504
403 407
403 410
403 436
404 406
404 407
404 408
404 410
404 413
404 423
404 430
404 440
404 492
406 407
407 408
407 410
407 413
407 416
407 423
407 430
407 492
408 409
408 410
408 416
408 419
408 423
408 435
408 491
408 492
408 496
408 501
408 515
409 410
409 416
410 413
410 416
410 419
410 423
410 492
411 435
411 454
411 461
411 504
412 413
412 414
412 443
412 445
413 414
413 422
413 429
413 430
413 491
413 492
414 441
415 442
415 456
415 501
415 504
416 417
416 418
416 419
416 446
416 515
417 418
417 442
417 456
417 515
418 437
418 442
418 446
418 454
418 456
418 458
418 515
418 534
420 457
420 466
420 468
420 502
420 505
420 577
420 590
420 596
420 599
420 600
421 422
421 424
421 425
421 451
422 423
422 425
422 428
422 429
422 430
422 434
422 451
422 491
422 492
423 428
423 491
423 492
424 451
424 459
424 461
424 490
424 565
424 594
425 434
426 592
428 429
428 431
428 434
429 434
429 491
429 492
430 431
430 432
430 434
430 437
430 440
430 446
430 448
430 454
430 460
430 491
431 432
431 434
431 437
431 441
431 460
432 434
432 437
432 446
432 448
432 454
432 460
432 466
434 435
434 437
434 446
434 448
434 451
434 460
434 491
435 437
435 446
435 451
435 454
435 456
435 461
435 490
435 491
435 492
435 501
435 504
437 440
437 446
437 448
437 454
437 456
437 458
437 462
437 464
437 466
437 515
439 444
439 565
440 446
442 456
442 458
442 464
442 489
442 504
442 515
443 445
443 462
443 506
443 534
443 545
445 506
445 534
446 448
446 454
446 456
446 466
446 504
446 515
449 466
450 453
450 465
450 503
450 505
450 510
450 527
450 571
450 600
451 454
451 460
451 461
451 490
451 491
451 492
451 501
451 535
452 458
452 465
452 467
452 497
452 503
452 505
452 516
452 527
452 555
453 458
453 526
453 543
453 544
453 545
453 571
454 458
454 461
454 490
454 496
454 501
454 515
454 526
455 456
455 464
455 466
455 531
455 576
455 578
456 459
456 464
456 466
456 499
456 500
456 501
456 504
456 515
456 576
456 578
456 599
457 459
457 468
457 499
457 502
457 539
457 577
457 595
457 596
458 464
458 466
458 515
458 576
458 578
459 499
459 500
459 501
459 565
459 578
459 594
460 535
461 490
461 491
461 496
461 501
463 563
464 466
464 515
464 576
465 467
465 494
465 497
465 503
465 505
465 510
465 513
465 514
465 516
465 517
465 518
465 519
465 520
465 527
465 528
465 531
465 536
465 551
465 552
465 555
465 561
465 562
465 576
465 600
466 599
467 489
467 498
467 516
467 518
467 520
467 555
467 600
468 502
468 505
468 539
468 540
468 541
468 554
468 574
468 577
470 514
470 536
470 552
471 473
472 473
473 476
473 499
474 501
474 514
475 557
475 560
475 561
475 569
476 488
476 554
476 556
477 479
478 486
478 521
478 538
478 540
478 542
478 548
478 556
478 557
478 560
478 561
478 567
478 569
478 570
478 572
478 573
482 528
485 511
485 542
485 557
485 567
487 586
488 538
488 539
488 540
488 541
488 554
488 564
488 566
489 494
489 496
489 531
489 533
490 491
490 494
490 496
490 501
490 514
490 524
490 526
490 565
491 492
491 501
492 501
493 494
493 496
493 503
493 509
493 513
493 514
493 516
493 519
494 496
494 501
494 503
494 509
494 514
494 519
494 531
494 533
494 535
494 537
494 578
496 501
496 509
496 514
496 537
496 578
496 579
497 503
497 505
497 510
497 511
497 513
497 514
497 516
497 517
497 519
497 520
497 527
497 528
497 531
497 536
497 537
497 551
497 555
497 561
497 600
498 520
498 521
498 532
498 555
498 574
499 500
499 502
499 503
499 505
499 578
499 596
499 599
500 502
500 503
500 565
500 578
500 596
500 599
501 504
501 535
501 565
501 578
502 503
502 505
502 539
502 554
502 577
502 590
502 595
502 596
502 599
502 600
503 505
503 510
503 514
503 516
503 519
503 520
503 527
503 528
503 531
503 532
503 551
503 554
503 578
503 599
503 600
504 578
505 510
505 516
505 527
505 528
505 531
505 539
505 554
505 564
505 576
505 577
505 578
505 590
505 599
505 600
506 534
507 508
507 512
507 513
507 517
507 519
507 521
507 562
507 569
507 571
507 572
508 510
508 511
508 512
508 513
508 528
508 540
508 541
508 542
508 564
508 567
508 569
508 573
509 514
509 519
509 537
510 511
510 512
510 513
510 514
510 516
510 519
510 520
510 527
510 528
510 541
510 564
510 571
510 600
511 512
511 513
511 516
511 519
511 520
511 521
511 532
511 540
511 542
511 551
511 555
511 557
511 560
511 569
511 581
511 585
512 513
512 516
512 517
512 520
512 521
512 527
512 528
512 540
512 541
512 542
512 551
512 554
512 560
512 562
512 564
512 566
512 567
512 569
512 572
512 573
512 574
513 516
513 517
513 518
513 519
513 520
513 521
513 523
513 527
513 528
513 540
513 541
513 542
513 551
513 557
513 560
513 561
513 562
513 569
513 571
513 572
513 573
513 574
513 585
514 516
514 517
514 519
514 524
514 527
514 537
515 534
516 519
516 520
516 527
516 528
516 531
516 532
516 551
516 554
516 555
516 600
517 518
517 519
517 521
517 523
517 551
517 561
517 562
517 569
517 571
517 572
518 519
518 520
518 521
518 545
518 551
518 555
518 561
518 562
518 571
518 572
519 520
519 521
519 523
519 528
519 537
519 551
519 561
519 562
519 569
519 571
519 572
519 581
520 521
520 527
520 528
520 532
520 540
520 541
520 542
520 551
520 554
520 555
520 557
520 560
520 562
520 569
520 572
520 574
520 581
521 539
521 540
521 541
521 542
521 548
521 551
521 556
521 557
521 560
521 561
521 562
521 567
521 569
521 570
521 571
521 572
521 573
521 574
521 581
522 528
524 526
524 565
524 571
525 526
525 527
527 528
527 564
527 600
528 551
528 564
528 569
528 572
528 600
529 530
529 533
529 535
529 549
529 553
529 584
530 533
530 535
530 549
530 553
530 582
530 584
531 536
531 576
531 578
531 599
531 600
532 539
532 550
532 553
532 554
532 555
533 535
533 546
533 549
533 553
533 582
533 584
535 553
535 582
536 551
536 552
537 551
537 561
538 539
538 540
538 541
538 542
538 548
538 550
538 554
538 556
538 566
538 567
538 569
538 570
538 574
539 540
539 541
539 542
539 554
539 569
539 570
539 574
539 577
539 595
539 597
539 600
540 541
540 542
540 548
540 554
540 556
540 557
540 560
540 567
540 569
540 570
540 572
540 573
540 574
541 542
541 548
541 554
541 564
541 566
541 567
541 569
541 572
541 573
541 574
542 548
542 551
542 554
542 556
542 557
542 560
542 566
542 567
542 569
542 570
542 572
542 573
542 574
542 581
543 544
543 559
544 552
546 553
546 583
546 584
547 581
548 556
548 567
548 569
548 570
548 572
548 573
548 574
549 553
549 582
549 584
550 554
551 554
551 555
551 557
551 560
551 561
551 562
551 569
551 572
552 571
552 600
553 584
554 564
554 590
555 561
556 557
556 560
556 567
556 569
556 570
556 573
556 581
557 560
557 561
557 562
557 567
557 569
557 572
558 560
558 561
560 561
560 562
560 567
560 569
560 572
561 562
561 569
561 572
562 569
562 571
562 572
564 566
564 590
565 578
565 592
565 594
565 596
566 567
566 573
566 574
567 569
567 570
567 572
567 573
567 574
568 588
569 570
569 571
569 572
569 573
569 574
570 573
570 574
571 572
571 574
572 573
572 574
573 574
576 577
576 578
576 600
577 595
577 596
577 599
577 600
578 596
578 599
578 600
582 584
583 584
588 589
588 590
591 592
592 594
592 596
594 596
595 596
595 597
596 599
596 600
599 600
