600 5391

1 2
1 290
1 291
1 302
2 3
2 4
2 5
2 20
2 24
2 93
2 94
2 302
2 303
2 304
2 305
2 308
3 5
3 7
3 16
3 20
3 29
3 93
3 94
3 303
3 304
3 306
3 308
3 324
4 5
4 19
4 20
4 21
4 23
4 24
4 28
4 30
4 32
4 36
4 93
4 94
4 103
4 104
4 105
4 108
4 302
4 303
4 305
4 308
4 312
4 319
4 320
4 322
4 324
4 326
5 20
5 24
5 29
5 93
5 94
5 301
5 302
5 303
5 304
5 305
5 308
5 324
6 12
7 306
8 9
8 13
8 15
8 174
8 175
8 177
8 179
8 249
8 307
8 310
8 311
8 313
8 314
8 316
8 480
8 481
8 482
8 483
8 559
9 13
9 15
9 307
9 310
9 311
9 313
9 314
9 315
9 316
10 309
11 303
11 317
12 15
12 18
12 174
12 307
12 313
12 315
12 318
12 559
13 15
13 307
13 310
13 311
13 313
13 314
13 315
13 316
13 559
14 16
14 29
14 312
15 17
15 174
15 177
15 249
15 307
15 310
15 311
15 313
15 314
15 315
15 316
15 379
15 480
15 482
15 483
15 485
15 526
15 559
16 19
16 29
16 312
16 319
16 334
18 19
18 98
18 174
18 179
18 249
18 283
18 318
18 319
18 482
18 483
18 586
19 20
19 21
19 23
19 30
19 35
19 37
19 98
19 100
19 104
19 189
19 318
19 319
19 320
19 323
19 324
19 334
20 21
20 23
20 24
20 30
20 32
20 34
20 35
20 93
20 94
20 98
20 100
20 103
20 104
20 105
20 108
20 301
20 303
20 305
20 308
20 319
20 320
20 321
20 322
20 324
20 329
20 333
21 22
21 23
21 25
21 28
21 30
21 32
21 34
21 35
21 36
21 38
21 100
21 101
21 103
21 104
21 105
21 108
21 192
21 224
21 301
21 312
21 319
21 320
21 322
21 323
21 324
21 326
21 327
21 329
21 332
21 333
21 334
21 335
21 393
21 531
22 28
22 30
22 31
22 36
22 323
22 327
22 329
23 25
23 28
23 29
23 30
23 32
23 35
23 36
23 37
23 38
23 100
23 104
23 105
23 312
23 323
23 324
23 326
23 327
23 329
23 334
24 27
24 32
24 93
24 94
24 103
24 104
24 301
24 304
24 308
24 322
24 324
24 326
24 333
25 28
25 30
25 32
25 35
25 36
25 38
25 104
25 105
25 108
25 322
25 323
25 324
25 326
25 327
25 329
25 333
26 284
26 285
26 328
26 330
28 30
28 31
28 32
28 34
28 36
28 104
28 108
28 145
28 224
28 225
28 245
28 322
28 323
28 324
28 326
28 327
28 328
28 329
28 332
28 333
28 334
28 393
28 531
28 534
29 303
29 308
29 312
29 324
30 31
30 32
30 35
30 36
30 38
30 104
30 105
30 305
30 312
30 322
30 323
30 324
30 326
30 327
30 328
30 329
30 331
30 332
30 333
30 334
31 33
31 34
31 36
31 237
31 285
31 287
31 327
31 328
31 329
31 330
31 332
31 583
32 35
32 36
32 105
32 320
32 322
32 323
32 324
32 326
32 329
32 331
32 333
32 334
33 34
33 285
33 286
33 287
33 329
33 332
33 547
34 36
34 100
34 104
34 245
34 287
34 319
34 321
34 324
34 327
34 328
34 332
34 335
34 579
34 584
35 36
35 37
35 38
35 100
35 105
35 108
35 318
35 320
35 322
35 323
35 324
35 326
35 327
35 329
35 331
35 333
35 334
36 38
36 100
36 104
36 105
36 108
36 224
36 245
36 246
36 322
36 323
36 324
36 326
36 327
36 328
36 329
36 332
36 333
36 334
36 531
37 97
37 98
37 100
37 105
37 189
37 318
37 320
37 323
37 334
38 103
38 104
38 105
38 189
38 192
38 193
38 194
38 221
38 224
38 323
39 41
39 42
39 43
39 53
39 88
39 89
39 91
39 95
39 113
39 114
39 115
39 129
39 130
40 440
41 43
41 86
41 89
41 91
41 130
41 338
41 380
41 381
41 382
42 48
42 84
42 112
42 114
42 337
43 46
43 53
43 64
43 86
43 89
43 91
43 95
43 122
43 123
43 130
43 171
43 339
43 343
43 345
43 352
43 381
43 420
43 446
43 593
44 47
44 48
44 51
44 52
44 53
44 57
44 60
44 61
44 64
44 65
44 71
44 72
44 80
44 84
44 92
44 118
44 121
44 122
44 123
44 124
44 128
44 131
44 136
44 138
44 141
44 145
44 146
44 148
44 149
44 150
44 154
44 158
44 159
44 160
44 161
44 164
44 190
44 191
44 198
44 199
44 203
44 204
44 207
44 210
44 212
44 214
44 225
44 239
44 253
44 254
44 272
44 274
44 277
44 280
44 341
44 342
44 343
44 345
44 346
44 347
44 348
44 349
44 350
44 351
44 352
44 353
44 354
44 357
44 358
44 360
44 398
44 402
44 409
44 413
44 415
44 416
44 418
44 422
44 436
44 437
44 439
44 446
44 448
44 450
44 463
44 465
44 474
44 509
44 552
44 565
44 576
44 593
44 594
45 47
45 48
45 54
46 48
46 51
46 54
46 60
46 64
46 84
46 86
46 122
46 123
46 128
46 130
46 138
46 199
46 342
46 343
46 345
46 358
46 436
47 48
47 54
47 56
47 57
47 116
47 117
47 118
47 146
47 259
47 337
47 340
47 346
47 347
47 409
48 51
48 52
48 54
48 56
48 57
48 60
48 61
48 65
48 66
48 84
48 122
48 123
48 124
48 145
48 146
48 148
48 149
48 150
48 164
48 195
48 203
48 204
48 214
48 225
48 254
48 259
48 272
48 277
48 295
48 337
48 339
48 340
48 341
48 342
48 343
48 345
48 346
48 347
48 349
48 350
48 351
48 352
48 353
48 357
48 358
48 402
48 407
48 409
48 415
48 416
48 436
48 440
48 448
48 463
48 465
48 509
48 552
48 565
48 593
48 594
49 51
49 52
49 60
49 61
49 63
49 67
49 122
49 125
49 139
49 148
49 150
49 151
49 188
49 199
49 201
49 203
49 341
49 342
49 345
49 347
49 348
49 349
49 350
49 353
49 354
49 357
49 358
49 370
49 375
49 415
49 416
49 417
49 418
49 420
49 422
49 431
49 435
49 436
49 437
49 440
49 442
49 446
49 448
49 466
49 497
49 504
49 506
49 593
50 51
50 61
50 62
50 66
50 67
50 345
50 352
50 358
50 359
50 445
50 447
50 466
50 517
50 574
51 52
51 59
51 60
51 61
51 62
51 63
51 64
51 66
51 67
51 70
51 72
51 80
51 84
51 122
51 123
51 127
51 128
51 131
51 136
51 138
51 139
51 140
51 141
51 145
51 146
51 148
51 150
51 151
51 154
51 157
51 159
51 160
51 161
51 164
51 190
51 198
51 199
51 201
51 203
51 204
51 207
51 210
51 214
51 219
51 254
51 272
51 277
51 339
51 341
51 342
51 343
51 345
51 347
51 348
51 349
51 350
51 351
51 352
51 353
51 354
51 357
51 358
51 359
51 360
51 368
51 370
51 402
51 413
51 415
51 416
51 418
51 420
51 422
51 436
51 437
51 439
51 440
51 445
51 446
51 447
51 448
51 450
51 451
51 455
51 456
51 463
51 464
51 465
51 466
51 474
51 490
51 505
51 509
51 514
51 565
51 576
51 593
51 594
52 57
52 60
52 65
52 84
52 122
52 123
52 124
52 125
52 145
52 148
52 149
52 150
52 153
52 160
52 163
52 164
52 195
52 196
52 203
52 204
52 225
52 253
52 254
52 272
52 277
52 295
52 341
52 342
52 343
52 347
52 350
52 402
52 415
52 416
52 417
52 418
52 436
52 437
52 440
52 442
52 448
52 449
52 463
52 465
52 498
52 509
52 565
52 593
52 594
53 55
53 60
53 61
53 64
53 89
53 91
53 95
53 109
53 112
53 115
53 118
53 124
53 130
53 145
53 146
53 150
53 191
53 211
53 225
53 296
53 343
53 345
53 351
53 354
53 393
53 398
53 402
53 439
53 552
53 565
53 594
54 56
54 117
54 340
54 342
54 343
54 346
55 64
55 89
55 109
55 117
55 118
55 119
55 120
55 124
55 143
55 145
55 191
55 193
55 194
55 211
55 212
55 398
55 509
55 565
56 58
56 117
56 259
57 65
57 117
57 122
57 123
57 124
57 146
57 148
57 150
57 341
57 350
57 409
57 418
57 437
57 509
57 565
59 60
59 61
59 62
59 64
59 67
59 121
59 147
59 225
59 343
59 345
59 349
59 351
59 352
59 413
59 445
59 534
59 593
60 61
60 62
60 64
60 66
60 67
60 70
60 80
60 84
60 86
60 89
60 91
60 112
60 121
60 122
60 123
60 127
60 128
60 130
60 131
60 140
60 141
60 145
60 146
60 147
60 148
60 150
60 154
60 161
60 190
60 191
60 198
60 199
60 201
60 203
60 204
60 207
60 210
60 225
60 277
60 338
60 339
60 341
60 342
60 343
60 345
60 347
60 348
60 349
60 350
60 351
60 352
60 353
60 354
60 357
60 358
60 359
60 360
60 361
60 370
60 381
60 398
60 402
60 407
60 409
60 412
60 413
60 414
60 415
60 416
60 420
60 422
60 436
60 437
60 439
60 440
60 445
60 446
60 447
60 448
60 465
60 509
60 565
60 593
60 594
61 62
61 64
61 66
61 67
61 84
61 122
61 123
61 141
61 147
61 150
61 198
61 199
61 203
61 204
61 277
61 341
61 342
61 343
61 345
61 348
61 349
61 350
61 351
61 352
61 353
61 354
61 357
61 358
61 359
61 360
61 402
61 409
61 413
61 415
61 416
61 420
61 436
61 437
61 439
61 440
61 445
61 446
61 447
61 448
61 465
61 565
61 593
61 594
62 66
62 67
62 161
62 341
62 345
62 352
62 353
62 358
62 359
62 363
62 420
62 439
62 445
62 447
62 465
62 466
63 65
63 66
63 67
63 136
63 139
63 151
63 157
63 160
63 161
63 163
63 199
63 272
63 339
63 341
63 350
63 353
63 356
63 357
63 358
63 359
63 362
63 370
63 371
63 375
63 414
63 416
63 417
63 418
63 420
63 421
63 422
63 430
63 435
63 436
63 437
63 438
63 440
63 445
63 446
63 448
63 451
63 454
63 458
63 464
63 466
63 490
63 497
63 501
63 504
63 600
64 67
64 84
64 86
64 89
64 91
64 112
64 121
64 128
64 130
64 145
64 147
64 198
64 225
64 277
64 280
64 338
64 339
64 341
64 343
64 345
64 349
64 350
64 351
64 352
64 353
64 354
64 357
64 358
64 359
64 360
64 381
64 382
64 398
64 402
64 412
64 413
64 416
64 420
64 422
64 439
64 445
64 509
64 534
64 565
64 593
64 594
65 122
65 148
65 149
65 151
65 152
65 160
65 163
65 198
65 199
65 253
65 254
65 272
65 277
65 341
65 347
65 350
65 356
65 357
65 358
65 415
65 416
65 417
65 418
65 422
65 436
65 437
65 442
65 451
65 462
65 463
65 464
65 465
65 490
65 497
66 67
66 84
66 151
66 195
66 198
66 199
66 200
66 277
66 341
66 345
66 350
66 352
66 353
66 357
66 358
66 359
66 362
66 363
66 370
66 416
66 436
66 438
66 440
66 445
66 464
66 465
66 466
66 490
66 504
67 151
67 338
67 339
67 341
67 345
67 350
67 352
67 353
67 354
67 357
67 358
67 359
67 361
67 363
67 370
67 413
67 414
67 416
67 420
67 440
67 445
67 465
67 466
67 593
67 594
68 112
68 259
68 261
68 297
69 71
69 72
69 281
70 72
70 136
70 161
70 345
70 439
70 447
71 72
71 80
71 112
71 127
71 128
71 130
71 131
71 135
71 146
71 154
71 190
71 191
71 203
71 209
71 210
71 212
71 565
72 80
72 127
72 128
72 130
72 131
72 138
72 146
72 161
72 190
72 191
72 199
72 209
73 133
74 75
74 77
74 78
74 138
74 372
74 424
76 82
76 113
77 78
77 199
78 82
78 113
79 129
80 123
80 128
80 130
80 131
80 137
80 139
80 141
80 148
80 154
80 164
80 190
80 341
80 368
80 422
80 450
80 565
80 575
81 258
82 84
82 99
82 113
82 127
82 129
82 241
83 249
84 89
84 112
84 113
84 122
84 123
84 127
84 130
84 131
84 145
84 149
84 195
84 204
84 214
84 225
84 242
84 259
84 277
84 295
84 343
84 345
84 368
84 402
84 407
84 552
84 565
84 576
84 593
84 594
85 131
86 89
86 91
86 122
86 127
86 128
86 130
86 338
86 339
86 381
86 382
86 445
86 535
87 373
87 380
89 91
89 112
89 113
89 115
89 118
89 127
89 128
89 130
89 191
89 381
90 126
90 380
91 130
91 338
91 351
91 380
91 381
91 382
92 109
92 122
92 123
92 145
92 146
92 154
92 198
92 203
92 204
92 207
92 212
92 214
92 225
92 295
92 402
92 415
92 492
92 509
92 565
93 94
93 104
93 105
93 106
93 308
93 324
94 304
94 308
94 326
94 409
94 410
94 546
95 96
95 99
95 130
95 593
97 105
97 189
98 100
98 104
98 189
98 319
98 320
99 224
99 240
99 241
99 243
100 103
100 104
100 105
100 108
100 189
100 319
100 320
100 324
100 332
101 103
101 104
101 105
101 106
101 109
101 123
101 187
101 188
101 189
101 190
101 192
101 193
101 194
101 204
101 224
101 225
101 324
101 326
101 335
101 384
101 397
101 494
101 531
101 534
102 283
103 104
103 105
103 109
103 189
103 192
103 193
103 194
103 224
103 324
103 326
103 384
103 531
104 105
104 108
104 189
104 192
104 193
104 194
104 224
104 320
104 322
104 324
104 326
104 327
104 531
105 106
105 108
105 109
105 120
105 189
105 192
105 193
105 194
105 224
105 246
105 320
105 324
105 326
105 393
105 395
105 495
105 531
106 109
106 189
106 194
106 223
106 224
106 334
106 395
106 397
106 399
106 495
107 108
107 113
107 116
107 120
107 194
107 393
108 322
108 324
108 327
108 329
108 333
108 555
109 116
109 117
109 118
109 119
109 120
109 123
109 124
109 131
109 143
109 145
109 146
109 190
109 191
109 192
109 193
109 194
109 204
109 209
109 211
109 212
109 221
109 222
109 224
109 225
109 246
109 393
109 395
109 396
109 397
109 398
109 399
109 402
109 412
109 495
109 509
109 531
109 534
109 565
110 400
111 120
112 113
112 114
112 115
112 116
112 117
112 127
112 130
112 131
112 145
112 146
112 190
112 191
112 204
112 208
112 209
112 210
112 211
112 259
112 274
112 295
112 296
112 402
112 407
112 552
112 565
112 594
113 114
113 115
113 116
113 127
113 128
113 130
113 131
113 191
113 208
113 211
113 265
113 296
114 115
114 116
114 130
114 265
115 116
115 117
115 118
115 131
115 194
115 241
115 296
116 117
116 118
116 119
116 120
116 131
116 191
116 194
116 211
116 241
116 246
116 261
116 265
116 296
117 118
117 119
117 131
117 146
117 190
117 191
117 192
117 194
117 211
117 212
117 221
117 222
117 246
117 259
117 260
117 296
117 409
117 553
117 565
118 119
118 120
118 124
118 131
118 143
118 145
118 146
118 190
118 191
118 193
118 194
118 211
118 212
118 221
118 222
118 246
118 260
118 296
118 398
118 509
118 565
119 120
119 121
119 131
119 143
119 145
119 146
119 147
119 191
119 194
119 211
119 212
119 221
119 224
119 225
119 246
119 296
119 397
119 398
119 399
119 401
119 412
119 533
119 534
120 143
120 191
120 194
120 211
120 224
120 246
120 326
120 393
120 395
120 397
120 398
120 399
120 401
121 145
121 147
121 224
121 225
121 351
121 352
121 360
121 394
121 397
121 398
121 399
121 401
121 409
121 412
121 413
121 445
121 534
121 593
122 123
122 124
122 125
122 128
122 130
122 131
122 138
122 141
122 145
122 146
122 148
122 149
122 150
122 152
122 153
122 154
122 156
122 159
122 160
122 164
122 190
122 195
122 196
122 198
122 199
122 203
122 204
122 207
122 210
122 212
122 214
122 225
122 253
122 254
122 272
122 277
122 280
122 295
122 341
122 342
122 343
122 345
122 347
122 349
122 350
122 357
122 358
122 360
122 402
122 415
122 416
122 417
122 418
122 422
122 436
122 437
122 440
122 442
122 446
122 448
122 449
122 465
122 497
122 498
122 509
122 520
122 565
122 593
122 594
123 124
123 125
123 128
123 130
123 131
123 141
123 145
123 146
123 148
123 149
123 150
123 153
123 154
123 156
123 159
123 164
123 190
123 191
123 195
123 196
123 198
123 199
123 203
123 204
123 207
123 209
123 210
123 212
123 214
123 225
123 239
123 253
123 254
123 277
123 280
123 295
123 341
123 342
123 343
123 345
123 347
123 350
123 402
123 415
123 416
123 417
123 418
123 436
123 437
123 439
123 446
123 456
123 463
123 465
123 497
123 498
123 509
123 520
123 534
123 565
123 593
123 594
124 148
124 150
124 153
124 190
124 191
124 341
124 343
124 350
124 402
124 415
124 416
124 418
124 448
124 509
124 565
124 593
125 148
125 152
125 153
125 164
125 188
125 196
125 201
125 203
125 341
125 370
125 415
125 416
125 417
125 418
125 437
125 440
125 467
125 497
125 498
125 520
127 128
127 130
127 131
127 141
127 190
127 191
127 199
127 201
127 203
127 204
127 210
127 368
127 565
128 130
128 131
128 138
128 152
128 161
128 190
128 191
128 199
128 201
128 207
128 209
128 210
128 212
128 509
128 575
130 131
130 141
130 145
130 190
130 191
130 203
130 204
130 209
130 210
130 343
130 381
130 424
130 565
130 575
130 593
130 594
131 141
131 145
131 146
131 190
131 191
131 193
131 194
131 199
131 203
131 204
131 207
131 208
131 209
131 210
131 211
131 212
131 221
131 224
131 225
131 259
131 274
131 402
131 439
131 565
131 575
132 133
132 137
134 161
134 199
134 430
134 433
136 139
136 140
136 141
136 148
136 153
136 154
136 155
136 156
136 157
136 158
136 159
136 160
136 161
136 163
136 164
136 198
136 199
136 201
136 203
136 204
136 207
136 209
136 210
136 219
136 254
136 272
136 350
136 415
136 416
136 418
136 436
136 439
136 440
136 448
136 455
136 456
136 463
136 464
136 465
136 466
136 474
136 505
136 510
136 515
136 541
137 158
137 367
137 428
138 139
138 141
138 150
138 152
138 159
138 161
138 190
138 199
138 341
138 345
138 357
138 358
138 436
138 437
138 446
138 447
139 141
139 151
139 152
139 159
139 161
139 199
139 341
139 357
139 358
139 375
139 416
139 421
139 422
139 433
139 436
139 437
139 446
139 447
139 448
139 450
139 456
139 466
140 141
140 150
140 161
140 198
140 341
140 349
140 350
140 357
140 416
140 418
140 436
140 437
140 447
140 448
140 466
141 148
141 154
141 161
141 190
141 198
141 199
141 204
141 207
141 210
141 254
141 341
141 342
141 345
141 350
141 357
141 358
141 368
141 402
141 415
141 416
141 422
141 436
141 448
141 509
141 565
141 593
141 594
142 261
143 144
143 145
143 191
143 194
143 211
143 224
143 241
143 246
143 531
144 443
145 146
145 148
145 149
145 154
145 159
145 190
145 191
145 198
145 204
145 210
145 211
145 212
145 214
145 224
145 225
145 239
145 241
145 246
145 259
145 326
145 343
145 350
145 351
145 393
145 396
145 397
145 398
145 399
145 402
145 413
145 416
145 439
145 509
145 534
145 565
145 576
145 593
145 594
146 148
146 150
146 154
146 158
146 159
146 164
146 190
146 191
146 209
146 212
146 214
146 225
146 239
146 254
146 259
146 274
146 280
146 296
146 341
146 342
146 343
146 351
146 398
146 402
146 409
146 439
146 465
146 552
146 565
147 225
147 296
147 351
147 352
147 398
147 399
147 409
147 412
148 149
148 150
148 152
148 153
148 154
148 156
148 157
148 158
148 159
148 160
148 163
148 164
148 195
148 196
148 198
148 199
148 203
148 204
148 210
148 214
148 219
148 253
148 254
148 272
148 341
148 342
148 347
148 350
148 357
148 358
148 368
148 370
148 402
148 415
148 416
148 417
148 418
148 422
148 428
148 436
148 437
148 438
148 439
148 440
148 442
148 446
148 448
148 449
148 450
148 451
148 456
148 463
148 464
148 465
148 466
148 490
148 497
148 515
148 543
148 545
148 563
148 565
148 576
148 593
148 594
149 150
149 160
149 198
149 214
149 219
149 232
149 242
149 253
149 254
149 272
149 277
149 341
149 343
149 345
149 352
149 357
149 358
149 416
149 437
149 438
149 441
149 462
149 463
149 465
149 551
149 565
149 576
149 593
149 594
150 158
150 164
150 203
150 272
150 277
150 341
150 342
150 343
150 345
150 346
150 347
150 348
150 349
150 350
150 352
150 353
150 354
150 357
150 358
150 409
150 415
150 416
150 418
150 422
150 428
150 436
150 437
150 439
150 440
150 442
150 446
150 448
150 464
150 465
150 509
150 565
150 593
151 199
151 272
151 341
151 350
151 353
151 357
151 358
151 375
151 416
151 417
151 418
151 421
151 430
151 435
151 436
151 437
151 440
151 446
151 448
151 454
151 464
151 466
151 467
151 497
151 504
152 159
152 160
152 161
152 199
152 272
152 341
152 357
152 358
152 436
152 437
152 446
152 449
153 154
153 163
153 164
153 195
153 196
153 203
153 205
153 253
153 254
153 415
153 417
153 418
153 497
153 498
153 515
153 520
154 155
154 156
154 157
154 158
154 159
154 161
154 164
154 191
154 196
154 197
154 198
154 199
154 203
154 204
154 207
154 209
154 210
154 212
154 214
154 219
154 239
154 253
154 254
154 274
154 341
154 350
154 360
154 370
154 415
154 416
154 418
154 422
154 450
154 452
154 463
154 464
154 465
154 492
154 509
154 515
154 543
154 565
154 593
155 156
155 157
155 159
155 163
155 195
155 197
155 218
155 219
155 233
155 239
155 250
155 253
155 254
155 267
155 268
155 272
155 273
155 454
155 463
155 464
155 515
155 545
156 157
156 159
156 164
156 195
156 196
156 197
156 203
156 204
156 210
156 213
156 214
156 219
156 233
156 234
156 239
156 250
156 253
156 254
156 267
156 268
156 271
156 272
156 415
156 463
156 464
156 465
156 515
156 516
156 521
156 543
156 545
156 552
156 570
156 571
157 159
157 161
157 195
157 197
157 204
157 210
157 214
157 219
157 233
157 239
157 250
157 253
157 254
157 267
157 268
157 272
157 358
157 416
157 452
157 454
157 463
157 464
157 465
157 515
157 516
157 543
157 545
157 561
157 570
157 571
158 415
158 428
158 439
158 448
158 456
159 160
159 161
159 197
159 198
159 199
159 204
159 209
159 210
159 214
159 219
159 254
159 272
159 279
159 358
159 436
159 446
159 456
159 463
159 465
159 516
159 541
159 552
159 574
159 576
160 161
160 163
160 195
160 198
160 199
160 203
160 254
160 272
160 275
160 277
160 279
160 339
160 341
160 357
160 358
160 415
160 416
160 417
160 436
160 437
160 438
160 440
160 442
160 463
160 464
160 465
160 466
160 520
160 545
160 594
161 198
161 199
161 210
161 254
161 358
161 436
161 439
161 455
161 465
161 466
162 462
163 195
163 253
163 254
163 272
163 275
163 347
163 350
163 415
163 416
163 418
163 422
163 437
163 440
163 441
163 442
163 448
163 451
163 452
163 454
163 460
163 462
163 463
163 464
163 466
163 467
163 490
163 504
163 512
163 521
163 543
163 545
163 563
163 570
164 195
164 196
164 203
164 204
164 214
164 253
164 254
164 274
164 341
164 347
164 350
164 368
164 370
164 402
164 415
164 418
164 442
164 449
164 456
164 463
164 464
164 465
164 498
164 543
164 565
165 473
166 470
166 471
167 168
168 172
168 475
168 478
168 569
169 170
169 173
169 247
169 476
169 477
169 479
169 523
169 557
170 173
170 247
170 476
170 477
170 479
170 526
170 556
170 557
172 213
172 248
172 269
172 270
172 275
172 521
172 551
172 569
173 174
173 247
173 477
173 479
173 523
173 557
173 559
174 176
174 177
174 179
174 182
174 217
174 477
174 479
174 480
174 482
174 483
174 485
174 526
174 559
175 176
175 177
175 179
175 182
175 183
175 185
175 186
175 255
175 311
175 316
175 480
175 481
175 482
175 483
175 484
175 485
175 486
176 177
176 179
176 182
176 249
176 255
176 316
176 379
176 457
176 480
176 481
176 482
176 483
176 485
176 486
177 179
177 181
177 182
177 249
177 255
177 307
177 311
177 314
177 316
177 379
177 480
177 481
177 482
177 483
177 485
177 486
178 183
178 255
179 182
179 249
179 255
179 283
179 307
179 311
179 314
179 316
179 379
179 459
179 480
179 481
179 482
179 483
179 485
179 486
180 482
181 183
181 311
181 316
181 480
181 481
181 483
181 486
182 249
182 255
182 379
182 480
182 482
182 483
182 485
182 486
183 480
183 481
183 486
184 276
187 193
188 201
188 417
188 497
189 192
189 193
189 224
189 320
189 334
190 191
190 192
190 193
190 194
190 199
190 201
190 203
190 204
190 207
190 208
190 209
190 210
190 211
190 212
190 221
190 222
190 225
190 402
190 439
190 509
190 533
190 565
191 192
191 193
191 194
191 204
191 207
191 209
191 210
191 211
191 212
191 221
191 222
191 224
191 225
191 398
191 399
191 439
191 509
191 533
191 534
191 565
192 193
192 194
192 211
192 212
192 224
192 246
192 393
192 531
193 194
193 201
193 204
193 207
193 211
193 212
193 221
193 222
193 531
194 211
194 212
194 221
194 222
194 224
194 225
194 246
194 399
195 196
195 198
195 203
195 204
195 210
195 213
195 214
195 219
195 233
195 234
195 253
195 254
195 272
195 273
195 274
195 295
195 350
195 402
195 415
195 417
195 463
195 465
195 520
195 521
195 543
195 545
195 565
195 594
196 203
196 204
196 209
196 210
196 212
196 213
196 214
196 219
196 253
196 254
196 274
196 295
196 417
196 498
196 515
196 520
196 545
197 198
197 218
197 219
197 233
197 250
197 253
197 254
197 267
197 463
198 199
198 200
198 203
198 210
198 214
198 253
198 254
198 272
198 277
198 280
198 295
198 339
198 341
198 343
198 345
198 349
198 350
198 357
198 358
198 360
198 415
198 416
198 440
198 462
198 463
198 465
198 466
198 474
198 509
198 594
199 201
199 203
199 204
199 207
199 210
199 272
199 341
199 345
199 350
199 357
199 358
199 416
199 418
199 422
199 436
199 437
199 446
199 448
199 451
199 466
200 275
200 277
200 363
200 441
200 502
200 504
201 203
201 341
201 350
201 415
201 418
201 440
201 497
201 498
201 530
202 203
202 417
202 440
202 467
202 498
202 520
203 204
203 207
203 210
203 213
203 214
203 253
203 254
203 272
203 274
203 277
203 280
203 295
203 341
203 342
203 343
203 345
203 347
203 350
203 352
203 360
203 402
203 415
203 416
203 417
203 418
203 440
203 442
203 448
203 463
203 465
203 497
203 498
203 509
203 520
203 543
203 565
203 593
203 594
204 207
204 209
204 210
204 211
204 212
204 213
204 214
204 219
204 220
204 225
204 239
204 253
204 254
204 274
204 295
204 341
204 343
204 350
204 368
204 370
204 402
204 415
204 416
204 422
204 463
204 465
204 509
204 552
204 565
204 593
204 594
206 298
207 209
207 212
207 221
207 222
207 259
207 295
207 402
207 509
207 565
208 209
208 222
208 259
208 263
208 264
208 265
208 294
208 541
208 553
209 210
209 211
209 212
209 214
209 221
209 222
209 239
209 259
209 274
209 509
209 565
210 211
210 212
210 214
210 254
210 274
210 341
210 350
210 370
210 439
210 465
210 534
211 212
211 220
211 221
211 222
211 224
211 246
211 265
211 274
211 296
211 534
212 221
212 222
212 224
212 225
212 399
212 509
212 533
212 534
213 219
213 233
213 234
213 253
213 254
213 268
213 270
213 271
213 272
213 463
213 465
213 498
213 521
213 549
213 551
213 558
213 570
214 219
214 239
214 253
214 254
214 273
214 274
214 295
214 341
214 343
214 402
214 407
214 463
214 465
214 515
214 565
214 593
214 594
215 462
216 217
218 233
218 248
218 250
218 252
218 267
218 452
218 560
218 561
219 233
219 254
219 267
219 268
219 271
219 272
219 274
219 463
219 464
219 465
219 515
219 516
219 528
219 545
219 570
219 574
219 576
220 239
220 240
220 244
220 549
221 222
221 246
221 399
221 530
221 533
222 246
222 530
222 532
222 533
222 553
223 399
224 225
224 245
224 246
224 326
224 393
224 395
224 397
224 399
224 531
224 533
224 534
225 246
225 326
225 343
225 351
225 393
225 396
225 397
225 398
225 399
225 402
225 412
225 439
225 531
225 533
225 534
225 565
225 593
225 594
226 358
226 536
226 537
227 260
228 229
228 238
228 240
228 265
228 547
229 230
229 238
229 240
229 258
229 547
231 240
231 244
231 265
231 273
232 233
232 234
232 238
232 252
232 268
232 269
232 271
232 463
232 516
232 521
232 528
232 569
232 570
232 571
233 234
233 239
233 240
233 250
233 254
233 267
233 268
233 271
233 273
233 275
233 453
233 463
233 516
233 521
233 528
233 542
233 545
233 570
233 571
234 240
234 244
234 248
234 250
234 267
234 268
234 269
234 270
234 271
234 273
234 275
234 521
234 545
234 558
234 570
235 439
236 286
236 547
238 240
238 252
238 271
238 547
239 241
239 242
239 246
239 250
239 253
239 254
239 259
239 267
239 273
239 274
239 402
239 463
239 516
239 548
239 552
239 554
239 558
239 565
239 570
239 594
240 243
240 244
240 265
240 387
240 552
240 554
241 242
241 259
241 326
241 548
241 551
241 552
241 554
242 259
242 261
242 296
242 343
242 548
242 551
242 552
242 554
242 565
242 591
243 263
243 265
243 294
243 300
243 387
243 554
243 555
244 246
244 259
244 265
244 273
244 274
244 387
244 552
244 554
244 555
245 534
246 296
246 326
246 395
246 488
246 531
246 534
246 554
247 476
247 477
247 479
247 556
247 557
248 250
248 252
248 269
248 521
248 558
249 251
249 283
249 311
249 314
249 315
249 316
249 480
249 482
249 483
249 485
249 487
249 559
249 562
250 252
250 253
250 254
250 267
250 268
250 452
250 453
250 454
250 463
250 478
250 516
250 521
250 528
250 545
250 549
250 558
250 560
250 561
250 570
250 571
252 521
252 558
252 560
252 561
252 570
252 571
253 254
253 272
253 402
253 415
253 416
253 442
253 451
253 452
253 462
253 463
253 464
253 465
253 490
253 515
253 516
253 543
253 545
253 549
253 558
253 563
253 565
253 570
253 571
253 594
254 267
254 268
254 272
254 274
254 275
254 341
254 342
254 347
254 350
254 358
254 402
254 415
254 416
254 422
254 436
254 437
254 438
254 442
254 448
254 450
254 451
254 452
254 454
254 462
254 463
254 464
254 465
254 466
254 474
254 490
254 512
254 515
254 516
254 521
254 543
254 545
254 549
254 552
254 558
254 561
254 563
254 565
254 570
254 571
254 573
254 594
255 379
255 480
255 483
255 485
256 299
257 293
258 293
259 261
259 268
259 274
259 279
259 280
259 294
259 295
259 296
259 343
259 402
259 552
259 553
259 554
259 565
260 261
260 296
261 265
261 276
261 280
261 294
261 296
261 488
261 553
261 554
262 263
262 299
263 264
263 265
263 294
264 566
265 294
265 552
265 553
265 554
266 400
266 478
266 511
266 521
266 561
267 268
267 271
267 273
267 570
267 571
268 270
268 271
268 272
268 275
268 279
268 453
268 463
268 464
268 465
268 516
268 521
268 528
268 539
268 542
268 552
268 570
268 571
268 573
268 574
269 270
269 271
269 521
270 271
270 279
270 573
271 521
271 528
271 570
272 275
272 277
272 341
272 357
272 358
272 415
272 416
272 436
272 437
272 438
272 440
272 441
272 442
272 448
272 449
272 462
272 463
272 464
272 465
272 466
272 468
272 521
272 545
272 570
273 274
274 402
274 407
274 465
274 565
275 277
275 441
275 463
275 521
277 278
277 279
277 341
277 343
277 345
277 350
277 352
277 357
277 358
277 415
277 416
277 437
277 438
277 440
277 441
277 442
277 448
277 465
277 505
277 551
277 565
277 594
278 279
279 280
279 281
280 295
280 343
280 415
280 552
282 287
282 298
283 307
283 316
283 388
283 585
285 286
285 287
285 302
285 328
285 332
285 547
285 583
285 587
286 287
286 547
286 584
287 332
287 529
287 584
288 482
289 586
291 426
292 303
294 541
294 552
295 402
295 509
295 565
295 594
296 297
296 398
296 402
296 552
296 554
296 565
301 308
301 324
302 303
302 304
302 305
302 322
302 324
302 328
302 583
303 304
303 305
303 308
303 312
303 324
304 305
304 308
304 324
305 319
305 321
305 322
305 324
305 328
305 332
305 386
306 308
307 310
307 311
307 313
307 315
307 316
307 482
308 324
308 326
309 313
310 311
310 313
310 315
311 313
311 314
311 315
311 316
311 480
311 482
311 483
312 324
312 326
313 314
313 315
313 316
313 477
313 559
314 315
314 316
314 480
314 482
314 483
314 485
314 559
315 316
315 482
315 559
316 379
316 480
316 481
316 482
316 483
316 485
316 486
316 559
317 319
317 386
318 320
318 334
319 320
319 321
319 324
319 332
319 389
319 579
320 321
320 322
320 323
320 324
320 329
320 332
320 333
320 334
320 335
321 324
321 332
321 335
321 386
321 389
321 489
321 579
321 584
322 323
322 324
322 327
322 329
322 331
322 333
323 324
323 326
323 327
323 329
323 333
323 334
323 393
324 326
324 327
324 328
324 329
324 332
324 333
324 334
324 335
325 495
326 329
326 331
326 333
326 393
326 534
327 329
327 332
327 333
327 334
328 329
328 330
328 332
329 330
329 331
329 332
329 333
329 334
330 332
331 333
332 579
332 584
332 587
333 334
335 384
335 390
335 396
335 397
335 417
335 489
335 494
335 497
335 531
335 534
335 579
336 391
337 340
337 347
337 406
337 407
337 409
338 339
338 357
338 368
338 370
338 375
338 380
338 381
338 382
338 413
338 414
338 416
338 422
338 445
338 448
338 466
338 594
339 341
339 342
339 343
339 352
339 357
339 358
339 375
339 381
339 382
339 413
339 415
339 416
339 420
339 436
339 438
339 440
339 445
339 446
339 448
339 464
339 465
339 466
339 505
339 539
339 593
339 594
340 342
340 343
340 344
340 346
340 347
340 349
340 350
340 409
340 410
341 342
341 343
341 344
341 345
341 346
341 347
341 348
341 349
341 350
341 351
341 352
341 353
341 354
341 356
341 357
341 358
341 360
341 368
341 370
341 409
341 413
341 415
341 416
341 417
341 418
341 420
341 422
341 428
341 436
341 437
341 438
341 439
341 440
341 442
341 445
341 446
341 447
341 448
341 451
341 463
341 464
341 465
341 466
341 490
341 497
341 514
341 515
341 543
341 565
341 593
341 594
342 343
342 344
342 345
342 346
342 347
342 348
342 349
342 350
342 353
342 354
342 357
342 358
342 402
342 409
342 413
342 415
342 416
342 418
342 436
342 437
342 440
342 446
342 448
342 463
342 464
342 465
342 509
342 565
342 593
343 344
343 345
343 346
343 347
343 348
343 349
343 350
343 351
343 352
343 353
343 358
343 393
343 396
343 398
343 402
343 409
343 413
343 415
343 416
343 420
343 445
343 465
343 509
343 534
343 552
343 565
343 593
343 594
344 345
344 346
344 347
344 348
344 349
344 350
344 353
344 354
344 409
344 410
345 346
345 348
345 349
345 350
345 351
345 352
345 353
345 354
345 356
345 357
345 358
345 359
345 360
345 363
345 370
345 372
345 409
345 413
345 414
345 416
345 420
345 436
345 437
345 439
345 440
345 444
345 445
345 446
345 447
345 465
345 466
345 593
345 594
346 347
346 348
346 349
346 350
346 353
346 354
346 409
346 410
347 349
347 350
347 357
347 360
347 368
347 402
347 409
347 415
347 416
347 417
347 418
347 440
347 442
347 448
347 465
347 497
347 498
347 506
347 543
347 565
347 593
348 349
348 350
348 351
348 352
348 353
348 354
348 357
348 360
348 409
348 413
349 350
349 351
349 352
349 353
349 354
349 357
349 360
349 361
349 398
349 409
349 413
349 416
349 418
349 440
349 448
349 509
349 593
350 351
350 352
350 353
350 354
350 357
350 358
350 360
350 370
350 402
350 407
350 409
350 413
350 415
350 416
350 417
350 418
350 420
350 422
350 436
350 437
350 439
350 440
350 442
350 446
350 448
350 464
350 465
350 490
350 492
350 497
350 504
350 506
350 509
350 565
350 593
350 594
351 352
351 353
351 360
351 361
351 381
351 393
351 396
351 398
351 402
351 409
351 412
351 413
351 414
351 445
351 565
351 593
351 594
352 353
352 354
352 357
352 358
352 359
352 360
352 361
352 363
352 370
352 409
352 410
352 413
352 414
352 416
352 420
352 437
352 439
352 445
352 446
352 447
352 465
352 576
352 593
352 594
353 354
353 356
353 357
353 358
353 359
353 360
353 361
353 363
353 370
353 413
353 414
353 416
353 420
353 436
353 437
353 440
353 445
353 446
353 447
353 448
353 593
354 357
354 358
354 359
354 360
354 413
354 416
354 437
354 440
354 444
354 447
354 448
354 466
355 431
356 357
356 358
356 362
356 416
356 436
356 437
356 448
357 358
357 359
357 360
357 370
357 375
357 413
357 414
357 415
357 416
357 417
357 418
357 420
357 421
357 422
357 428
357 433
357 435
357 436
357 437
357 438
357 440
357 442
357 445
357 446
357 447
357 448
357 451
357 456
357 464
357 465
357 466
357 490
357 497
357 504
357 505
357 593
357 594
358 359
358 362
358 363
358 370
358 372
358 375
358 413
358 414
358 415
358 416
358 418
358 420
358 422
358 430
358 433
358 436
358 437
358 438
358 440
358 442
358 445
358 446
358 447
358 448
358 454
358 458
358 463
358 464
358 465
358 466
358 504
358 519
358 528
358 593
358 594
359 361
359 362
359 363
359 372
359 382
359 413
359 414
359 420
359 421
359 445
359 447
359 466
360 361
360 370
360 398
360 402
360 407
360 409
360 412
360 413
360 414
360 416
360 418
360 422
360 440
360 490
360 492
360 509
360 565
360 593
361 412
361 413
361 445
361 492
362 363
362 451
362 454
362 458
362 466
362 490
362 501
362 504
362 600
363 445
364 434
365 368
365 371
365 373
365 375
365 380
365 419
365 421
366 379
366 403
366 429
366 434
367 369
367 423
367 428
368 369
368 370
368 373
368 375
368 413
368 414
368 415
368 422
368 491
368 565
368 594
370 375
370 413
370 414
370 415
370 416
370 417
370 418
370 420
370 422
370 436
370 437
370 440
370 445
370 451
370 464
370 490
370 491
370 565
370 593
370 594
371 372
371 373
371 375
371 414
371 421
371 430
371 433
371 599
372 375
372 421
372 445
373 374
373 375
373 376
373 377
373 380
373 419
373 421
373 434
374 376
374 377
374 378
374 434
374 578
375 380
375 382
375 413
375 414
375 416
375 421
375 422
375 436
375 437
375 440
375 445
375 451
375 466
375 594
375 599
375 600
376 377
376 380
377 378
378 403
379 457
379 459
379 480
379 482
379 483
379 485
379 486
379 487
380 381
380 382
380 414
380 422
381 382
381 398
381 405
381 413
381 414
381 416
381 422
381 445
381 565
381 593
381 594
382 414
382 445
383 487
384 390
384 391
384 417
384 489
384 494
385 386
386 579
386 582
386 584
387 517
387 554
387 555
387 595
389 417
389 579
389 580
389 584
389 585
390 391
390 394
390 408
390 489
390 492
390 493
390 494
390 496
390 510
390 514
391 394
391 489
391 494
391 497
392 487
393 395
393 396
393 397
393 398
393 399
393 401
393 412
393 495
393 534
394 396
394 401
394 408
394 412
394 413
394 414
394 422
394 489
394 492
394 495
395 396
395 397
395 398
395 399
395 401
395 412
395 495
395 531
395 534
396 397
396 398
396 402
396 407
396 408
396 413
396 489
396 492
396 495
396 534
396 565
396 593
396 594
397 399
397 401
397 412
397 531
397 533
397 534
398 399
398 401
398 402
398 407
398 409
398 412
398 413
398 509
398 565
398 593
398 594
399 401
399 412
399 533
399 534
401 412
402 407
402 409
402 413
402 415
402 416
402 448
402 492
402 509
402 534
402 565
402 593
402 594
404 406
405 550
406 407
407 409
407 411
407 413
407 422
407 492
407 565
407 593
407 594
408 413
408 422
408 445
408 492
409 410
409 413
409 565
412 413
412 492
412 533
412 534
413 414
413 416
413 420
413 422
413 438
413 440
413 445
413 448
413 492
413 493
413 565
413 593
413 594
414 421
414 422
414 445
414 492
414 593
414 600
415 416
415 417
415 418
415 422
415 436
415 437
415 438
415 440
415 442
415 446
415 448
415 456
415 463
415 464
415 465
415 466
415 474
415 490
415 497
415 498
415 505
415 509
415 515
415 519
415 520
415 543
415 563
415 564
415 565
415 593
415 594
416 417
416 418
416 420
416 422
416 428
416 436
416 437
416 438
416 439
416 440
416 442
416 445
416 446
416 447
416 448
416 451
416 454
416 456
416 463
416 464
416 465
416 466
416 474
416 490
416 492
416 497
416 504
416 505
416 509
416 510
416 514
416 515
416 519
416 563
416 564
416 565
416 593
416 594
417 418
417 440
417 467
417 489
417 490
417 494
417 497
417 498
417 504
417 514
417 520
417 563
418 422
418 428
418 436
418 437
418 440
418 442
418 446
418 448
418 449
418 456
418 464
418 490
418 497
418 498
418 506
418 510
418 514
418 515
418 520
418 593
419 490
419 504
419 599
419 600
420 437
420 438
420 439
420 440
420 445
420 446
420 593
420 594
421 422
421 430
421 433
421 434
421 435
421 451
421 461
421 501
421 599
421 600
422 436
422 437
422 440
422 445
422 448
422 450
422 451
422 463
422 464
422 466
422 490
422 492
422 509
422 565
422 593
422 594
423 461
425 438
425 453
425 458
425 464
425 466
425 468
425 528
425 544
425 571
425 574
425 600
427 588
428 437
428 439
428 446
428 448
428 455
428 456
428 506
429 434
430 432
430 433
430 435
430 600
431 440
432 458
433 454
434 459
434 598
435 436
435 500
435 504
436 437
436 440
436 446
436 447
436 448
436 450
436 451
436 456
436 463
436 464
436 465
436 466
436 497
436 505
436 509
436 510
436 514
436 593
437 438
437 440
437 442
437 445
437 446
437 447
437 448
437 449
437 451
437 454
437 463
437 464
437 465
437 466
437 497
437 593
438 440
438 441
438 448
438 462
438 463
438 464
438 465
438 466
438 468
438 504
438 505
438 516
438 521
438 522
438 528
438 547
438 549
438 551
438 563
438 569
438 570
438 571
438 593
438 594
439 443
439 534
439 552
439 593
440 441
440 442
440 448
440 464
440 465
440 466
440 490
440 497
440 504
440 505
440 506
440 563
440 593
440 594
441 462
441 464
441 504
441 551
441 594
442 448
442 463
442 464
442 465
442 466
442 474
442 498
442 504
442 506
442 563
445 447
445 593
445 594
446 447
446 448
446 456
446 465
446 466
446 497
446 593
447 448
447 464
447 465
447 466
447 574
448 449
448 463
448 464
448 465
448 466
448 505
448 506
448 565
449 464
450 451
450 456
450 463
450 490
450 510
450 514
451 452
451 454
451 460
451 461
451 463
451 464
451 466
451 490
451 491
451 492
451 501
451 504
451 510
451 514
451 515
451 563
451 590
451 599
451 600
452 453
452 454
452 460
452 463
452 464
452 478
452 490
452 492
452 510
452 514
452 515
452 516
452 543
452 545
452 558
452 560
452 561
452 563
452 570
452 571
453 454
453 463
453 464
453 516
453 519
453 528
453 540
453 541
453 542
453 544
453 560
453 561
453 570
453 571
453 574
454 458
454 460
454 463
454 464
454 466
454 478
454 490
454 504
454 515
454 519
454 543
454 545
454 560
454 561
454 563
454 571
454 600
455 458
455 464
455 466
455 490
455 504
455 505
456 463
456 465
456 474
456 497
456 510
456 514
456 515
456 576
458 464
458 466
458 502
458 504
458 505
458 519
458 600
459 480
459 481
459 482
459 483
459 484
459 486
460 461
460 464
460 490
460 501
460 515
461 490
461 501
462 463
462 464
463 464
463 465
463 466
463 468
463 490
463 505
463 515
463 516
463 519
463 521
463 528
463 541
463 543
463 544
463 545
463 549
463 552
463 558
463 561
463 563
463 565
463 570
463 571
463 573
463 574
463 576
463 594
464 465
464 466
464 468
464 474
464 490
464 504
464 505
464 506
464 515
464 516
464 519
464 521
464 528
464 543
464 545
464 549
464 561
464 563
464 570
464 571
464 573
464 600
465 466
465 474
465 505
465 515
465 516
465 519
465 520
465 521
465 528
465 543
465 545
465 565
465 570
465 576
465 593
465 594
466 468
466 504
466 505
466 519
466 528
466 539
466 574
466 600
467 497
467 498
467 501
467 512
467 515
467 520
467 521
467 527
467 545
467 563
468 521
468 528
468 544
468 569
468 570
468 571
468 572
468 573
468 574
469 473
471 475
472 473
473 487
474 490
474 512
476 477
476 479
476 556
476 557
477 479
477 523
477 557
477 559
478 511
478 521
478 560
478 561
478 571
479 526
479 556
479 557
479 559
480 481
480 482
480 483
480 484
480 485
480 486
480 487
481 482
481 483
481 484
481 485
481 486
481 538
482 483
482 484
482 485
482 486
482 487
482 586
483 485
483 486
483 487
484 486
485 486
485 487
485 567
487 562
488 554
489 490
489 493
489 494
489 496
490 492
490 493
490 494
490 497
490 501
490 504
490 505
490 510
490 512
490 513
490 514
490 515
490 520
490 563
490 600
492 510
492 514
492 524
492 565
493 494
493 504
493 505
493 513
493 514
493 600
494 496
494 497
494 510
494 514
494 520
494 530
497 498
497 510
497 514
497 515
497 520
498 520
498 545
498 563
499 589
499 592
501 503
501 504
501 513
501 563
501 599
501 600
502 505
504 505
504 510
504 512
504 513
504 514
504 563
504 600
505 512
505 513
505 514
505 516
505 519
505 539
505 600
506 563
507 567
508 564
509 565
509 593
510 512
510 513
510 514
510 563
511 513
511 561
511 581
512 513
512 514
512 520
512 561
512 563
513 514
513 519
513 563
514 515
514 520
514 563
514 600
515 516
515 519
515 520
515 543
515 545
515 558
515 563
516 517
516 519
516 521
516 528
516 539
516 540
516 541
516 542
516 545
516 561
516 570
516 571
516 573
516 574
517 528
517 539
517 542
518 519
518 520
519 521
519 600
520 521
520 545
520 563
521 528
521 545
521 547
521 549
521 558
521 561
521 563
521 569
521 570
521 571
521 573
522 569
522 577
522 600
523 557
525 526
526 559
528 539
528 540
528 542
528 544
528 560
528 561
528 570
528 571
528 574
529 584
529 585
530 533
531 532
531 534
532 533
533 534
534 593
538 588
539 540
539 541
539 571
539 574
539 595
540 541
540 542
540 544
540 571
540 574
541 542
541 574
542 571
542 574
543 545
543 558
543 565
543 570
543 571
544 560
544 561
544 570
544 571
544 574
545 558
545 563
545 570
547 549
547 579
548 552
548 554
549 551
549 558
549 561
549 563
549 569
549 570
549 571
549 573
551 552
551 554
551 555
551 569
551 570
551 573
551 594
552 553
552 554
552 565
552 570
552 573
552 591
552 594
553 554
554 555
556 557
556 560
557 560
558 561
558 563
558 570
558 571
560 561
560 570
560 571
561 563
561 570
561 571
564 593
565 576
565 593
565 594
568 588
569 570
570 571
570 573
570 574
570 594
571 573
571 574
576 594
579 582
585 586
586 588
590 592
590 596
593 594
597 600
599 600
