600 5391

1 2
1 4
1 5
1 21
1 22
1 23
1 32
1 35
1 94
1 290
1 301
1 305
1 324
2 3
2 4
2 5
2 12
2 16
2 20
2 21
2 24
2 29
2 32
2 33
2 35
2 37
2 38
2 93
2 94
2 95
2 101
2 103
2 108
2 110
2 184
2 290
2 301
2 304
2 305
2 308
2 321
2 322
2 324
2 333
2 391
2 392
2 393
2 395
2 399
3 5
3 6
3 12
3 16
3 21
3 93
3 94
4 5
4 11
4 12
4 19
4 20
4 21
4 22
4 23
4 26
4 27
4 30
4 32
4 35
4 37
4 94
4 108
4 184
4 290
4 291
4 320
4 328
4 333
4 334
5 16
5 19
5 20
5 21
5 22
5 23
5 24
5 28
5 29
5 30
5 31
5 32
5 33
5 34
5 35
5 36
5 37
5 75
5 76
5 93
5 94
5 95
5 103
5 108
5 110
5 142
5 290
5 302
5 304
5 321
5 322
5 324
5 327
5 328
5 329
5 330
5 332
5 333
5 335
5 391
5 393
5 395
5 399
6 16
6 21
6 68
6 73
6 94
6 338
6 380
6 382
7 10
7 306
7 312
8 9
8 11
8 12
8 98
8 546
8 588
10 309
11 12
11 19
11 37
11 93
11 94
11 96
11 97
11 184
11 317
11 391
12 16
12 19
12 37
12 93
12 94
12 98
12 184
12 310
12 317
13 309
13 313
13 579
14 29
14 312
14 326
14 331
15 17
16 21
16 93
16 94
16 95
16 343
17 19
18 20
18 98
18 100
18 313
18 315
18 317
18 388
18 389
18 579
18 580
19 20
19 35
19 37
19 93
19 184
19 291
19 317
19 319
19 320
19 328
19 332
19 333
20 93
20 97
20 98
20 100
20 101
20 103
20 104
20 106
20 110
20 184
20 188
20 290
20 291
20 304
20 308
20 317
20 321
20 322
20 388
20 389
20 390
20 391
20 395
20 580
21 23
21 32
21 33
21 35
21 37
21 75
21 93
21 94
21 95
21 101
21 103
21 107
21 108
21 142
21 320
21 321
21 324
21 332
21 333
21 335
21 336
21 391
21 393
21 395
22 23
22 28
22 30
22 31
22 33
22 35
22 36
22 37
22 291
22 328
22 332
22 333
23 24
23 27
23 28
23 30
23 31
23 32
23 33
23 35
23 36
23 37
23 108
23 110
23 324
23 327
23 328
23 329
23 332
23 333
23 334
23 335
24 27
24 29
24 30
24 32
24 33
24 35
24 290
24 329
24 333
24 334
24 335
25 102
25 223
25 266
25 284
25 285
25 286
25 478
25 582
25 583
26 31
26 32
26 37
26 328
27 29
27 30
27 32
27 35
27 37
27 136
27 328
27 329
27 333
28 29
28 30
28 31
28 32
28 33
28 34
28 35
28 36
28 37
28 38
28 302
28 327
28 328
28 329
28 330
28 332
28 333
28 335
29 30
29 32
29 290
29 312
29 321
29 322
29 326
29 327
29 328
29 329
29 330
29 331
29 333
30 31
30 32
30 33
30 35
30 36
30 37
30 108
30 290
30 326
30 327
30 328
30 329
30 333
30 334
30 335
31 32
31 33
31 34
31 35
31 36
31 37
31 38
31 95
31 107
31 108
31 110
31 302
31 324
31 327
31 328
31 329
31 330
31 332
31 333
31 335
31 339
31 395
32 35
32 37
32 75
32 108
32 320
32 324
32 328
32 329
32 330
32 332
32 333
32 334
32 335
33 34
33 35
33 36
33 37
33 38
33 93
33 95
33 108
33 110
33 287
33 327
33 328
33 329
33 330
33 332
33 333
33 335
33 336
33 395
34 36
34 98
34 110
34 184
34 286
34 287
34 302
34 317
34 322
34 327
34 328
34 329
34 330
34 332
34 333
34 335
34 391
34 395
34 397
34 582
34 584
34 586
35 36
35 37
35 38
35 94
35 95
35 108
35 290
35 328
35 329
35 332
35 333
35 334
35 335
36 37
36 38
36 94
36 95
36 220
36 287
36 305
36 327
36 329
36 332
36 333
36 335
36 336
36 339
36 395
36 529
36 530
36 550
37 94
37 95
37 184
37 291
37 320
37 328
37 332
37 333
37 334
37 335
37 336
38 95
38 220
38 221
38 287
38 335
38 336
38 392
38 529
38 530
39 41
39 42
39 43
39 45
39 46
39 47
39 48
39 53
39 54
39 55
39 56
39 60
39 72
39 73
39 74
39 77
39 78
39 79
39 82
39 83
39 86
39 88
39 89
39 91
39 113
39 115
39 116
39 117
39 118
39 142
39 242
39 337
39 338
39 340
39 342
39 343
39 344
39 346
39 348
39 349
39 353
39 367
39 371
39 372
39 373
39 374
39 375
39 380
39 381
39 382
39 396
39 405
39 406
39 407
39 408
39 409
39 410
40 44
40 50
40 55
40 58
40 66
40 80
40 83
40 130
40 341
40 350
40 371
40 396
40 422
40 438
40 440
41 42
41 43
41 45
41 46
41 47
41 48
41 53
41 54
41 55
41 56
41 68
41 73
41 74
41 77
41 79
41 82
41 83
41 86
41 88
41 89
41 91
41 113
41 115
41 116
41 117
41 118
41 140
41 142
41 337
41 338
41 340
41 342
41 343
41 344
41 346
41 348
41 353
41 367
41 371
41 373
41 374
41 375
41 380
41 381
41 382
41 396
41 405
41 406
41 407
41 408
41 409
41 410
41 434
41 439
41 491
42 43
42 45
42 46
42 47
42 48
42 54
42 56
42 78
42 89
42 91
42 113
42 115
42 116
42 117
42 118
42 337
42 338
42 340
42 342
42 343
42 344
42 346
42 353
42 382
42 405
42 406
42 407
42 408
42 409
42 410
43 44
43 46
43 47
43 48
43 54
43 55
43 58
43 68
43 72
43 73
43 74
43 75
43 76
43 77
43 79
43 82
43 83
43 91
43 95
43 115
43 117
43 118
43 120
43 130
43 140
43 142
43 297
43 337
43 338
43 339
43 340
43 342
43 343
43 344
43 350
43 357
43 367
43 370
43 371
43 373
43 375
43 376
43 380
43 382
43 393
43 396
43 406
43 410
43 421
43 422
43 434
43 439
43 443
43 446
43 461
43 534
43 598
44 48
44 50
44 51
44 53
44 55
44 58
44 60
44 61
44 64
44 66
44 67
44 74
44 77
44 80
44 82
44 83
44 87
44 113
44 117
44 118
44 129
44 130
44 134
44 140
44 142
44 144
44 149
44 341
44 345
44 347
44 348
44 349
44 350
44 354
44 355
44 356
44 357
44 367
44 371
44 372
44 375
44 396
44 398
44 422
44 430
44 434
44 436
44 438
44 439
44 440
44 444
45 46
45 47
45 48
45 54
45 56
45 78
45 113
45 115
45 116
45 117
45 118
45 337
45 338
45 340
45 342
45 343
45 344
45 346
45 348
45 349
45 353
45 405
45 406
45 407
45 409
45 410
46 47
46 48
46 54
46 56
46 89
46 91
46 113
46 115
46 116
46 117
46 118
46 142
46 175
46 337
46 338
46 340
46 342
46 343
46 344
46 346
46 349
46 353
46 382
46 396
46 405
46 406
46 407
46 408
46 409
46 410
47 48
47 53
47 54
47 55
47 56
47 72
47 78
47 82
47 88
47 89
47 91
47 113
47 115
47 116
47 117
47 118
47 142
47 337
47 338
47 340
47 342
47 343
47 344
47 346
47 347
47 348
47 349
47 353
47 354
47 371
47 373
47 382
47 396
47 405
47 406
47 407
47 408
47 409
47 410
47 411
48 53
48 54
48 55
48 56
48 58
48 60
48 68
48 72
48 73
48 74
48 75
48 77
48 79
48 82
48 83
48 88
48 89
48 91
48 95
48 113
48 115
48 116
48 117
48 118
48 130
48 142
48 337
48 338
48 340
48 342
48 343
48 344
48 346
48 347
48 348
48 349
48 353
48 354
48 356
48 367
48 371
48 372
48 373
48 374
48 375
48 380
48 381
48 382
48 396
48 405
48 406
48 407
48 408
48 409
48 410
48 411
48 438
48 439
48 444
49 63
49 90
49 127
49 128
49 130
49 136
49 149
49 150
49 151
49 160
49 161
49 341
49 440
49 446
50 51
50 58
50 59
50 60
50 61
50 62
50 63
50 64
50 66
50 67
50 80
50 82
50 83
50 130
50 134
50 144
50 145
50 147
50 149
50 341
50 345
50 372
50 438
50 439
50 440
51 58
51 59
51 60
51 61
51 62
51 63
51 64
51 66
51 67
51 80
51 82
51 83
51 134
51 144
51 145
51 146
51 147
51 149
51 341
51 345
51 372
51 375
51 430
51 438
51 439
51 440
52 111
52 120
52 123
52 157
52 194
52 379
52 416
53 54
53 55
53 56
53 58
53 60
53 61
53 68
53 71
53 72
53 77
53 82
53 88
53 117
53 118
53 297
53 337
53 338
53 340
53 344
53 346
53 347
53 348
53 349
53 353
53 354
53 356
53 365
53 368
53 372
53 373
53 375
53 382
53 396
53 405
53 407
53 409
53 410
53 413
53 438
53 439
53 444
54 56
54 60
54 73
54 79
54 88
54 89
54 91
54 113
54 115
54 116
54 117
54 118
54 142
54 337
54 338
54 340
54 342
54 343
54 344
54 346
54 347
54 348
54 349
54 353
54 373
54 382
54 396
54 405
54 406
54 407
54 408
54 409
54 410
55 56
55 58
55 60
55 64
55 74
55 77
55 82
55 83
55 88
55 91
55 113
55 115
55 116
55 117
55 118
55 120
55 130
55 225
55 337
55 342
55 343
55 344
55 348
55 356
55 368
55 371
55 372
55 373
55 375
55 382
55 396
55 398
55 401
55 405
55 406
55 407
55 408
55 409
55 410
55 411
55 413
55 438
55 439
55 440
55 444
55 534
56 60
56 73
56 78
56 79
56 86
56 88
56 89
56 91
56 113
56 115
56 116
56 117
56 118
56 337
56 338
56 340
56 342
56 344
56 346
56 348
56 349
56 353
56 368
56 369
56 373
56 382
56 396
56 405
56 407
56 409
56 410
56 413
56 444
57 65
57 124
58 60
58 61
58 64
58 66
58 68
58 74
58 80
58 82
58 83
58 116
58 117
58 129
58 130
58 134
58 140
58 144
58 149
58 341
58 345
58 350
58 356
58 357
58 364
58 367
58 372
58 375
58 396
58 422
58 430
58 436
58 438
58 439
58 440
59 62
59 64
59 66
59 67
59 145
59 147
60 61
60 64
60 68
60 71
60 77
60 79
60 80
60 82
60 83
60 84
60 87
60 88
60 91
60 117
60 118
60 130
60 140
60 144
60 297
60 340
60 341
60 344
60 345
60 348
60 349
60 353
60 354
60 356
60 365
60 368
60 369
60 372
60 373
60 374
60 375
60 376
60 382
60 396
60 409
60 410
60 413
60 429
60 430
60 434
60 438
60 439
60 444
60 445
61 64
61 66
61 67
61 82
61 146
61 341
61 345
61 362
61 372
61 438
62 63
62 64
62 66
62 67
62 145
62 147
62 345
63 64
63 65
63 66
63 121
63 127
63 128
63 134
63 143
63 145
63 147
63 149
63 161
63 225
63 341
63 345
63 350
63 357
63 358
63 436
63 439
63 440
63 445
63 446
63 506
63 534
64 66
64 80
64 82
64 83
64 121
64 144
64 145
64 147
64 345
64 348
64 372
64 375
64 398
64 401
64 413
64 439
64 444
64 445
66 67
66 145
66 146
66 147
66 149
66 341
66 345
66 362
66 438
66 440
67 345
68 70
68 71
68 73
68 77
68 79
68 80
68 83
68 84
68 85
68 87
68 88
68 89
68 91
68 117
68 118
68 130
68 140
68 142
68 337
68 338
68 340
68 342
68 343
68 344
68 348
68 364
68 365
68 367
68 370
68 372
68 373
68 374
68 375
68 376
68 380
68 382
68 396
68 403
68 405
68 406
68 407
68 409
68 410
68 421
68 422
68 423
68 429
68 434
68 436
68 438
68 439
68 461
68 491
69 365
70 73
70 77
70 79
70 80
70 83
70 84
70 91
70 118
70 242
70 380
70 382
70 430
70 434
70 438
71 72
71 77
71 140
71 144
71 297
71 364
71 365
71 370
71 372
71 373
71 382
71 396
71 434
71 438
71 439
72 77
72 82
72 297
72 365
72 370
72 372
72 373
72 409
72 438
72 439
73 77
73 79
73 84
73 85
73 88
73 89
73 91
73 118
73 140
73 242
73 337
73 338
73 340
73 342
73 344
73 346
73 348
73 367
73 373
73 374
73 380
73 382
73 405
73 409
73 429
73 434
74 77
74 82
74 83
74 117
74 118
74 142
74 145
74 149
74 225
74 242
74 357
74 367
74 369
74 375
74 396
74 439
74 440
74 445
74 534
75 91
75 94
75 142
75 343
75 382
76 95
76 127
76 139
76 142
76 149
76 297
76 461
76 590
77 79
77 80
77 82
77 83
77 117
77 118
77 139
77 142
77 145
77 297
77 338
77 370
77 372
77 373
77 375
77 376
77 382
77 396
77 434
77 438
77 439
77 534
77 598
78 113
78 115
78 369
79 80
79 82
79 83
79 84
79 85
79 86
79 87
79 88
79 89
79 91
79 118
79 130
79 140
79 142
79 242
79 337
79 338
79 340
79 342
79 344
79 348
79 367
79 371
79 372
79 373
79 374
79 375
79 376
79 377
79 380
79 382
79 405
79 430
79 434
79 438
80 83
80 84
80 85
80 87
80 118
80 130
80 134
80 137
80 138
80 140
80 149
80 205
80 242
80 341
80 348
80 372
80 374
80 375
80 376
80 380
80 382
80 396
80 422
80 429
80 430
80 434
80 435
80 436
80 438
80 439
80 440
81 85
81 86
81 373
81 374
81 381
81 434
82 83
82 117
82 118
82 130
82 142
82 144
82 145
82 147
82 149
82 225
82 297
82 341
82 348
82 371
82 372
82 375
82 376
82 396
82 413
82 421
82 422
82 430
82 434
82 438
82 439
82 445
82 534
83 84
83 87
83 91
83 118
83 130
83 134
83 140
83 142
83 145
83 149
83 242
83 341
83 348
83 357
83 367
83 371
83 372
83 373
83 374
83 375
83 376
83 380
83 396
83 421
83 422
83 430
83 434
83 435
83 436
83 438
83 439
83 440
84 85
84 86
84 87
84 88
84 130
84 140
84 344
84 348
84 366
84 367
84 374
84 377
84 380
84 403
84 422
84 429
84 430
84 434
84 436
84 484
85 86
85 88
85 89
85 118
85 140
85 337
85 338
85 340
85 344
85 348
85 372
85 373
85 374
85 376
85 377
85 380
85 381
85 405
85 434
86 88
86 89
86 91
86 118
86 337
86 338
86 340
86 344
86 348
86 353
86 368
86 373
86 374
86 377
86 381
86 405
87 130
87 134
87 140
87 149
87 367
87 380
87 422
87 429
87 430
87 435
87 436
87 440
88 89
88 91
88 113
88 115
88 117
88 118
88 337
88 338
88 340
88 342
88 344
88 346
88 348
88 353
88 356
88 365
88 368
88 372
88 373
88 374
88 375
88 376
88 377
88 380
88 381
88 382
88 396
88 405
88 406
88 407
88 408
88 409
88 410
88 413
88 434
88 444
88 491
89 91
89 113
89 115
89 117
89 118
89 337
89 338
89 340
89 342
89 344
89 346
89 348
89 353
89 373
89 374
89 377
89 380
89 381
89 382
89 396
89 405
89 406
89 407
89 409
89 410
90 127
91 113
91 115
91 117
91 118
91 130
91 142
91 337
91 338
91 340
91 342
91 343
91 344
91 346
91 347
91 348
91 353
91 371
91 373
91 374
91 377
91 380
91 381
91 382
91 396
91 405
91 406
91 407
91 409
91 410
91 491
92 93
92 187
92 392
93 94
93 95
93 101
93 103
93 106
93 110
93 184
93 187
93 301
93 302
93 303
93 304
93 317
93 321
93 322
93 386
93 390
93 391
93 392
93 395
94 95
94 103
94 301
94 302
94 305
94 324
94 336
94 343
94 391
94 392
94 395
95 103
95 142
95 297
95 302
95 335
95 336
95 395
96 595
96 597
97 98
97 184
97 287
97 290
97 291
97 317
97 554
97 579
97 582
97 584
97 597
98 100
98 102
98 106
98 184
98 223
98 286
98 290
98 291
98 302
98 317
98 321
98 322
98 388
98 389
98 391
98 554
98 579
98 580
98 582
98 583
98 584
99 166
99 168
99 170
99 213
99 226
99 228
99 229
99 234
99 235
99 236
99 238
99 239
99 240
99 247
99 252
99 255
99 256
99 258
99 262
99 263
99 264
99 269
99 270
99 282
99 283
99 298
99 387
99 475
99 476
99 479
99 535
99 539
99 540
99 547
99 556
99 567
99 572
99 579
100 101
100 102
100 104
100 105
100 106
100 188
100 189
100 222
100 223
100 283
100 317
100 388
100 389
100 390
100 391
100 489
100 497
100 580
100 581
100 583
101 103
101 104
101 105
101 106
101 110
101 187
101 188
101 189
101 191
101 280
101 304
101 308
101 321
101 326
101 384
101 389
101 390
101 391
101 392
101 393
101 395
101 489
101 586
102 106
102 189
102 196
102 222
102 223
102 282
102 283
102 285
102 289
102 317
102 388
102 391
102 579
102 580
102 581
102 583
103 104
103 106
103 108
103 110
103 187
103 189
103 304
103 308
103 321
103 391
103 392
103 393
103 395
104 105
104 106
104 110
104 112
104 123
104 187
104 188
104 189
104 191
104 192
104 193
104 194
104 199
104 200
104 221
104 304
104 389
104 390
104 395
104 397
104 489
104 495
104 580
105 106
105 110
105 112
105 114
105 123
105 126
105 187
105 188
105 189
105 191
105 193
105 194
105 199
105 200
105 202
105 204
105 221
105 325
105 379
105 389
105 390
105 395
105 397
105 419
105 489
105 533
105 580
106 110
106 119
106 187
106 188
106 189
106 191
106 221
106 222
106 223
106 304
106 317
106 388
106 389
106 390
106 391
106 392
106 395
106 397
106 489
106 533
106 580
107 108
107 110
107 116
107 120
107 324
107 332
107 335
107 343
107 395
107 481
108 110
108 120
108 324
108 329
108 332
108 333
108 335
108 339
108 350
108 393
108 395
109 123
109 191
109 194
109 202
109 212
109 221
109 503
110 301
110 304
110 324
110 332
110 333
110 335
110 388
110 390
110 391
110 392
110 393
110 395
110 397
110 399
110 532
110 580
111 123
112 114
112 126
112 129
112 131
112 141
112 187
112 188
112 191
112 194
112 199
112 221
112 379
112 390
112 397
112 403
112 404
112 417
112 419
112 489
112 490
112 496
112 500
112 533
113 115
113 116
113 117
113 118
113 130
113 337
113 340
113 342
113 344
113 346
113 347
113 348
113 349
113 353
113 354
113 355
113 356
113 371
113 373
113 375
113 396
113 405
113 406
113 407
113 408
113 409
113 410
113 411
113 444
114 126
114 141
114 187
114 191
114 194
114 199
114 201
114 202
114 379
114 404
114 417
114 419
114 490
114 492
114 494
114 500
114 503
114 585
115 116
115 117
115 118
115 142
115 337
115 338
115 340
115 342
115 343
115 344
115 346
115 347
115 348
115 349
115 353
115 367
115 371
115 373
115 375
115 382
115 396
115 405
115 406
115 407
115 408
115 409
115 410
115 411
116 117
116 118
116 337
116 340
116 342
116 343
116 344
116 346
116 348
116 349
116 353
116 367
116 396
116 405
116 406
116 407
116 408
116 409
116 410
116 411
116 492
117 118
117 130
117 142
117 337
117 338
117 340
117 342
117 343
117 344
117 346
117 347
117 348
117 349
117 353
117 354
117 356
117 367
117 371
117 372
117 373
117 375
117 382
117 396
117 398
117 405
117 406
117 407
117 408
117 409
117 410
117 411
117 413
117 439
117 444
118 130
118 140
118 142
118 337
118 338
118 340
118 342
118 343
118 344
118 346
118 347
118 348
118 349
118 353
118 356
118 367
118 368
118 371
118 372
118 373
118 374
118 375
118 377
118 380
118 381
118 382
118 396
118 398
118 405
118 406
118 407
118 408
118 409
118 410
118 411
118 413
118 434
118 438
118 439
118 444
119 120
119 121
119 223
119 225
119 399
120 121
120 225
120 350
120 393
120 398
120 399
120 534
121 145
121 147
121 225
121 399
121 401
121 506
121 534
122 150
123 157
123 193
123 194
123 379
123 416
124 233
125 153
125 196
125 201
125 218
125 232
125 267
126 129
126 130
126 131
126 141
126 157
126 191
126 193
126 194
126 199
126 379
126 397
126 403
126 404
126 416
126 417
126 419
126 436
126 494
126 496
126 500
126 533
127 128
127 149
127 160
127 161
128 136
128 143
128 149
128 151
128 155
128 160
128 161
128 162
128 164
128 277
129 130
129 134
129 138
129 140
129 141
129 149
129 341
129 350
129 357
129 421
129 422
129 435
129 440
129 496
130 134
130 140
130 141
130 142
130 144
130 149
130 341
130 342
130 348
130 350
130 355
130 357
130 367
130 371
130 372
130 374
130 375
130 376
130 377
130 379
130 380
130 382
130 396
130 403
130 406
130 421
130 422
130 423
130 430
130 434
130 435
130 436
130 438
130 439
130 440
130 491
131 171
131 198
131 199
131 281
131 404
131 423
131 424
131 435
131 451
131 500
132 135
133 135
133 242
133 253
133 418
133 420
133 424
133 428
133 432
133 448
133 461
133 462
133 466
133 552
134 140
134 141
134 149
134 157
134 161
134 162
134 341
134 350
134 357
134 367
134 403
134 416
134 418
134 420
134 421
134 422
134 423
134 424
134 430
134 431
134 434
134 435
134 436
134 437
134 439
134 440
134 443
134 446
134 448
134 461
134 462
134 515
135 242
135 370
135 552
136 148
136 149
136 150
136 155
136 156
136 160
136 161
136 162
136 277
136 281
136 296
136 418
136 424
136 431
136 435
136 437
136 446
136 448
136 462
136 466
136 506
136 515
137 430
137 438
138 149
138 341
138 430
138 431
138 440
139 297
139 370
139 380
139 382
139 434
139 598
140 141
140 149
140 337
140 338
140 340
140 341
140 342
140 344
140 348
140 350
140 357
140 364
140 367
140 371
140 372
140 373
140 374
140 375
140 376
140 380
140 382
140 396
140 403
140 404
140 406
140 410
140 421
140 422
140 423
140 429
140 430
140 431
140 434
140 435
140 436
140 438
140 439
140 440
140 461
140 491
141 157
141 162
141 194
141 199
141 251
141 341
141 350
141 357
141 379
141 403
141 404
141 416
141 417
141 422
141 430
141 435
141 436
141 437
141 440
141 494
141 496
141 515
142 242
142 338
142 340
142 342
142 343
142 344
142 347
142 357
142 370
142 371
142 373
142 376
142 380
142 382
142 396
142 409
142 410
142 422
142 438
142 439
142 461
142 534
142 598
143 145
143 225
143 244
143 445
143 531
143 534
144 341
144 439
145 147
145 149
145 225
145 372
145 375
145 439
145 445
145 534
147 225
147 345
147 534
148 150
148 163
149 151
149 156
149 157
149 161
149 162
149 341
149 350
149 357
149 358
149 375
149 421
149 422
149 430
149 431
149 434
149 435
149 436
149 439
149 440
149 446
149 462
149 515
151 152
151 160
151 161
152 160
152 272
152 277
152 296
153 181
153 196
153 207
153 209
153 212
153 215
153 217
153 230
153 232
153 269
153 467
154 195
154 197
154 202
154 203
154 204
154 207
154 209
154 210
154 212
154 214
154 215
154 216
154 230
154 231
154 501
155 156
155 160
155 164
155 252
155 268
155 277
155 448
156 162
156 163
156 233
156 253
156 418
156 420
156 437
156 446
156 448
156 462
156 515
156 543
157 194
157 251
157 350
157 379
157 416
157 436
157 515
158 428
159 203
159 209
159 214
159 215
159 279
160 161
160 272
160 277
160 448
161 162
161 277
161 357
161 358
161 420
161 424
161 431
161 440
161 446
161 448
161 462
161 506
162 163
162 357
162 418
162 437
162 440
162 448
162 454
162 462
162 515
163 253
163 254
163 437
163 462
163 543
164 448
165 180
166 168
166 255
166 256
166 288
167 276
167 594
168 170
168 226
168 228
168 236
168 247
168 252
168 255
168 256
168 258
168 262
168 270
168 387
168 475
168 476
168 479
168 528
168 547
168 556
168 573
169 197
169 216
169 525
170 213
170 226
170 228
170 229
170 234
170 239
170 247
170 255
170 270
170 282
170 387
170 475
170 476
170 479
170 556
170 572
170 579
171 198
171 201
171 280
171 312
171 459
171 500
171 504
172 291
172 478
172 560
172 568
172 583
173 272
173 278
173 477
173 594
174 534
176 311
176 486
177 325
178 256
179 249
179 384
180 566
180 588
182 567
183 257
183 258
183 488
184 289
184 317
184 320
184 322
184 332
184 333
184 487
184 529
184 554
184 584
185 510
186 293
187 189
187 191
187 199
187 201
187 204
187 221
187 304
187 308
187 325
187 379
187 390
187 392
187 395
187 419
188 189
188 191
188 193
188 194
188 221
188 223
188 280
188 388
188 389
188 390
188 397
188 489
188 533
188 580
189 191
189 196
189 197
189 201
189 202
189 204
189 207
189 212
189 221
189 223
189 280
189 389
189 390
189 459
189 489
189 497
189 502
189 504
190 203
190 207
190 209
190 210
190 212
190 215
190 217
190 231
190 499
190 505
190 512
190 513
190 542
191 194
191 197
191 199
191 201
191 202
191 204
191 207
191 212
191 221
191 280
191 379
191 390
191 417
191 419
191 459
191 489
191 490
191 492
191 497
191 500
191 502
191 503
191 504
191 514
192 304
192 393
192 395
192 495
193 194
193 199
193 221
193 397
193 416
193 495
193 533
194 199
194 221
194 379
194 390
194 397
194 416
194 417
194 419
194 494
194 514
194 533
195 197
195 202
195 207
195 209
195 211
195 212
195 214
195 215
195 216
195 230
195 509
195 567
196 201
196 232
196 234
196 269
196 283
196 497
196 581
197 201
197 202
197 204
197 207
197 210
197 211
197 212
197 214
197 215
197 216
197 230
197 280
197 459
197 493
197 501
197 504
197 509
197 525
198 199
198 201
198 280
198 281
198 451
198 499
198 500
198 504
199 200
199 201
199 404
199 417
199 419
199 500
199 504
199 533
200 204
200 280
200 312
201 202
201 204
201 207
201 212
201 280
201 419
201 459
201 490
201 497
201 500
201 502
201 504
202 204
202 207
202 210
202 211
202 212
202 214
202 215
202 216
202 280
202 419
202 459
202 490
202 497
202 502
202 504
202 514
203 209
203 210
203 214
203 215
203 216
203 219
203 230
203 231
203 259
203 265
203 271
203 279
203 501
203 505
203 509
203 517
203 522
204 207
204 212
204 214
204 280
204 379
204 504
206 209
206 210
206 216
206 230
206 231
206 271
206 501
206 509
206 512
206 513
206 516
206 525
207 209
207 210
207 211
207 212
207 214
207 215
207 216
207 230
207 280
207 459
207 490
207 504
207 509
207 514
207 525
208 209
208 219
208 231
208 263
208 264
208 265
208 273
208 274
208 298
208 564
209 210
209 212
209 214
209 215
209 216
209 217
209 219
209 230
209 231
209 232
209 265
209 271
209 273
209 295
209 501
209 509
209 512
209 519
209 525
209 542
209 571
210 212
210 214
210 215
210 216
210 230
210 231
210 271
210 467
210 474
210 490
210 499
210 501
210 505
210 509
210 512
210 513
210 514
210 516
210 525
211 212
211 214
212 214
212 215
212 216
212 467
212 490
212 497
212 503
212 513
212 514
213 226
213 228
213 229
213 233
213 234
213 238
213 239
213 240
213 243
213 245
213 282
213 283
213 387
213 581
214 215
214 216
214 230
214 231
214 241
214 501
214 509
214 516
214 525
215 216
215 217
215 219
215 230
215 231
215 232
215 271
215 501
215 509
215 512
215 525
216 230
216 231
216 271
216 280
216 402
216 415
216 459
216 501
216 509
216 516
216 525
217 232
219 227
219 230
219 231
219 259
219 262
219 263
219 265
219 270
219 271
219 272
219 273
219 274
219 276
219 278
219 279
219 298
219 501
219 509
219 522
219 573
220 221
220 237
220 287
220 529
220 530
220 584
221 222
221 223
221 287
221 389
221 390
221 392
221 397
221 489
221 526
221 529
221 530
221 533
222 223
222 237
222 240
222 283
222 489
222 497
222 520
222 553
222 581
223 286
223 287
223 388
223 392
223 397
223 580
224 245
225 375
225 399
225 445
225 531
225 534
225 555
226 228
226 229
226 234
226 235
226 236
226 238
226 240
226 247
226 255
226 262
226 266
226 269
226 282
226 387
226 476
226 535
226 546
226 547
226 556
227 230
227 231
227 270
227 271
227 460
227 509
227 540
227 573
228 229
228 234
228 235
228 236
228 238
228 239
228 240
228 247
228 252
228 255
228 256
228 258
228 262
228 263
228 264
228 269
228 270
228 282
228 387
228 475
228 476
228 479
228 539
228 540
228 547
228 556
228 567
229 230
229 234
229 235
229 238
229 239
229 240
229 255
229 262
229 263
229 264
229 270
229 282
229 283
229 387
229 472
229 540
229 556
229 567
229 572
229 579
229 581
230 231
230 262
230 265
230 269
230 270
230 271
230 460
230 498
230 501
230 509
230 525
230 567
230 573
231 259
231 265
231 271
231 273
231 279
231 460
231 501
231 505
231 509
231 512
231 517
231 519
231 522
231 542
232 269
232 467
233 563
234 235
234 236
234 238
234 240
234 247
234 262
234 266
234 269
234 282
234 387
234 556
235 236
235 237
235 238
235 239
235 240
235 247
235 266
235 282
235 285
235 475
235 546
235 547
236 238
236 240
236 247
236 252
236 266
236 282
236 300
236 475
236 478
236 479
236 546
236 547
236 560
236 568
236 569
236 588
237 240
237 266
237 286
237 287
237 549
237 584
238 239
238 240
238 247
238 252
238 255
238 262
238 263
238 264
238 266
238 282
238 300
238 539
238 546
238 547
239 240
239 255
239 256
239 258
239 262
239 263
239 264
239 270
239 274
239 282
239 298
239 299
239 300
239 387
239 479
239 539
240 247
240 263
240 264
240 266
240 282
240 283
240 285
240 286
240 540
240 553
240 581
242 368
242 370
242 372
242 374
242 376
242 380
242 382
242 422
242 429
242 430
242 432
242 434
242 435
242 438
242 461
242 552
242 598
243 245
243 264
243 282
243 300
245 246
245 538
246 300
246 531
246 554
246 555
247 255
247 266
247 282
247 475
247 476
247 478
247 479
247 546
247 547
247 556
247 560
247 561
248 250
248 275
248 478
248 556
248 558
248 560
248 561
248 569
248 575
250 254
250 275
250 538
250 558
250 560
250 561
250 569
250 570
250 575
251 267
252 255
252 258
252 268
252 298
252 300
252 476
252 479
252 528
252 539
252 547
252 569
252 570
253 254
253 428
253 462
253 463
253 466
253 543
253 552
254 538
255 256
255 258
255 262
255 263
255 270
255 298
255 387
255 475
255 476
255 479
255 567
255 572
255 573
256 258
256 262
256 263
256 264
256 265
256 270
256 298
256 314
256 567
258 263
258 264
258 268
258 270
258 298
258 299
258 300
258 528
258 539
259 265
259 278
259 279
259 501
260 261
261 277
262 263
262 265
262 269
262 270
262 274
262 298
262 387
262 476
262 535
262 540
262 567
263 264
263 265
263 270
263 274
263 298
263 299
263 300
263 540
264 270
264 274
264 282
264 298
264 299
264 300
264 539
265 270
265 271
265 273
265 274
265 298
265 501
265 509
265 512
265 541
265 542
266 285
266 286
266 582
266 583
268 272
268 276
268 277
268 298
268 528
269 270
269 282
269 283
269 567
269 572
269 573
269 581
270 271
270 274
270 282
270 283
270 298
270 387
270 476
270 498
270 540
270 556
270 557
270 567
270 572
270 573
270 579
271 460
271 498
271 509
271 512
271 519
271 542
271 557
271 567
271 571
271 573
271 574
272 274
272 276
272 277
272 278
272 279
272 298
273 295
273 298
273 517
273 541
274 298
274 299
276 278
276 298
276 465
276 517
276 522
277 296
277 456
277 458
277 466
277 577
277 578
278 279
278 465
278 477
278 522
278 576
278 577
279 522
280 312
280 389
280 390
280 459
280 489
280 490
280 502
280 504
281 424
281 435
281 462
281 578
282 283
282 285
282 286
282 387
282 475
282 556
282 579
282 581
282 583
283 313
283 556
283 579
283 581
284 285
284 286
284 582
284 583
285 286
285 291
285 478
285 579
285 581
285 582
285 583
286 287
286 291
286 582
286 583
286 584
287 290
287 302
287 529
287 584
289 317
290 291
290 302
290 321
290 322
291 320
291 322
291 328
291 336
291 582
291 583
292 587
293 294
293 386
293 591
297 370
297 382
297 590
297 596
297 598
298 299
298 528
299 300
300 539
300 597
301 302
301 303
301 324
301 391
301 392
301 395
302 322
302 332
302 391
302 392
302 395
302 533
302 580
303 304
303 321
304 308
304 321
304 395
304 399
305 323
305 324
305 336
305 395
305 587
306 307
306 309
306 313
308 312
308 321
308 326
309 313
309 573
312 321
312 326
312 331
313 579
315 317
315 388
316 518
317 321
317 322
317 386
317 388
317 391
317 392
317 580
317 583
318 319
318 334
319 320
320 334
321 322
321 326
321 391
321 393
321 395
322 323
322 327
322 328
322 329
322 330
322 332
322 333
322 336
322 391
322 395
323 328
324 395
325 330
325 335
326 329
326 331
327 328
327 329
327 330
327 332
327 333
327 335
327 395
328 329
328 330
328 332
328 333
328 335
329 330
329 332
329 333
329 335
329 339
329 350
329 393
329 395
329 446
330 332
330 333
330 335
330 395
332 333
332 335
332 336
332 395
332 529
332 584
333 334
333 335
333 336
333 339
333 395
335 336
335 339
335 357
335 395
336 391
336 392
336 395
336 587
337 338
337 340
337 342
337 343
337 344
337 346
337 348
337 349
337 353
337 354
337 356
337 367
337 371
337 372
337 373
337 374
337 375
337 380
337 381
337 382
337 396
337 405
337 406
337 407
337 408
337 409
337 410
337 411
337 491
338 340
338 342
338 343
338 344
338 346
338 348
338 353
338 367
338 370
338 371
338 373
338 374
338 376
338 380
338 381
338 382
338 396
338 405
338 406
338 407
338 409
338 410
338 429
338 434
338 491
339 350
339 357
339 358
339 370
339 393
339 395
339 420
339 421
339 424
339 432
339 435
339 439
339 443
339 446
339 448
339 461
339 462
339 515
339 534
339 598
339 599
340 342
340 343
340 344
340 346
340 348
340 349
340 353
340 354
340 356
340 367
340 368
340 371
340 372
340 373
340 374
340 375
340 380
340 381
340 382
340 396
340 405
340 406
340 407
340 408
340 409
340 410
340 429
340 434
340 491
341 345
341 350
341 357
341 358
341 371
341 372
341 376
341 396
341 403
341 420
341 421
341 422
341 430
341 431
341 434
341 435
341 436
341 438
341 439
341 440
341 441
341 443
341 445
341 446
341 461
341 515
341 534
342 343
342 344
342 346
342 347
342 348
342 349
342 353
342 354
342 367
342 373
342 375
342 380
342 381
342 382
342 396
342 405
342 406
342 407
342 408
342 409
342 410
342 434
342 491
343 344
343 346
343 347
343 349
343 353
343 373
343 382
343 396
343 406
343 407
343 408
343 409
343 410
343 491
344 346
344 348
344 349
344 353
344 354
344 356
344 367
344 368
344 371
344 372
344 373
344 374
344 375
344 380
344 381
344 382
344 396
344 405
344 406
344 407
344 408
344 409
344 410
344 413
344 429
344 434
344 469
344 486
344 491
345 351
345 352
345 358
345 360
345 361
345 362
345 363
345 372
345 412
345 413
345 430
345 439
345 445
345 447
346 347
346 348
346 349
346 353
346 354
346 356
346 367
346 373
346 374
346 381
346 382
346 396
346 405
346 406
346 407
346 408
346 409
346 410
346 411
347 349
347 353
347 354
347 356
347 396
347 406
347 407
347 409
347 410
347 411
347 444
348 349
348 353
348 354
348 355
348 356
348 359
348 364
348 367
348 368
348 369
348 371
348 372
348 373
348 374
348 375
348 376
348 377
348 380
348 381
348 382
348 396
348 398
348 405
348 406
348 407
348 408
348 409
348 410
348 411
348 413
348 422
348 429
348 434
348 438
348 439
348 444
348 491
348 492
349 353
349 354
349 355
349 356
349 373
349 396
349 405
349 406
349 407
349 408
349 409
349 410
349 411
349 444
350 357
350 358
350 379
350 394
350 396
350 399
350 403
350 416
350 420
350 421
350 422
350 423
350 430
350 431
350 434
350 435
350 436
350 437
350 439
350 440
350 443
350 446
350 461
350 515
350 534
350 545
351 352
351 359
351 360
351 361
351 362
351 363
351 412
351 414
351 447
352 360
352 361
352 362
352 363
352 412
352 414
352 447
353 354
353 356
353 359
353 368
353 371
353 372
353 373
353 374
353 381
353 382
353 396
353 405
353 406
353 407
353 408
353 409
353 410
353 444
354 356
354 368
354 372
354 396
354 406
354 407
354 408
354 409
354 410
354 438
354 444
355 356
355 375
355 396
355 398
355 436
355 440
356 364
356 368
356 372
356 375
356 396
356 398
356 405
356 406
356 407
356 408
356 409
356 410
356 411
356 438
356 444
357 358
357 367
357 394
357 396
357 403
357 416
357 418
357 420
357 421
357 422
357 423
357 424
357 430
357 431
357 432
357 434
357 435
357 436
357 437
357 439
357 440
357 443
357 446
357 448
357 454
357 461
357 462
357 506
357 515
357 534
357 552
358 370
358 401
358 420
358 421
358 422
358 431
358 432
358 434
358 435
358 436
358 439
358 445
358 446
358 461
358 506
358 534
359 361
359 363
359 368
359 410
359 413
359 414
359 444
360 361
360 363
360 412
360 414
361 363
361 412
361 413
361 414
361 445
362 363
362 412
362 444
363 412
363 414
364 373
364 396
364 434
364 491
364 492
365 368
365 370
365 372
365 373
365 374
365 376
365 382
365 438
365 444
366 429
367 371
367 373
367 375
367 380
367 396
367 406
367 407
367 408
367 410
367 422
367 423
367 436
367 439
367 440
368 370
368 371
368 372
368 373
368 374
368 375
368 376
368 381
368 382
368 396
368 398
368 405
368 409
368 410
368 413
368 434
368 438
368 444
369 372
369 375
370 372
370 376
370 382
370 420
370 421
370 422
370 433
370 434
370 438
370 439
370 461
370 534
370 596
370 598
371 372
371 373
371 374
371 375
371 376
371 377
371 380
371 382
371 396
371 398
371 405
371 406
371 410
371 422
371 434
371 438
371 439
371 440
371 441
372 373
372 374
372 375
372 376
372 382
372 396
372 398
372 405
372 409
372 410
372 413
372 422
372 430
372 434
372 438
372 439
372 440
372 444
372 445
373 374
373 375
373 376
373 377
373 380
373 381
373 382
373 396
373 398
373 405
373 406
373 407
373 408
373 409
373 410
373 413
373 429
373 434
373 438
374 375
374 376
374 377
374 378
374 380
374 381
374 382
374 396
374 398
374 405
374 406
374 410
374 413
374 429
374 430
374 434
374 438
375 376
375 396
375 398
375 401
375 405
375 406
375 410
375 411
375 413
375 422
375 430
375 434
375 438
375 439
375 440
375 444
375 534
376 378
376 380
376 382
376 396
376 413
376 421
376 422
376 430
376 434
376 435
376 438
376 439
376 461
376 534
376 598
377 378
377 381
377 405
378 380
378 403
378 423
379 403
379 419
379 436
379 492
379 500
380 382
380 405
380 422
380 423
380 429
380 430
380 434
380 435
380 461
380 491
380 552
381 382
381 405
381 406
381 407
381 409
381 410
382 396
382 405
382 406
382 407
382 409
382 410
382 413
382 429
382 434
382 438
382 439
382 491
382 598
383 496
384 385
384 390
384 392
384 483
385 386
385 392
386 391
387 476
387 479
387 498
387 528
387 535
387 539
387 540
387 547
387 548
387 556
387 572
387 573
387 579
388 389
388 391
388 397
388 489
388 580
389 390
389 391
389 397
389 489
389 497
389 533
389 580
389 586
390 391
390 392
390 395
390 397
390 419
390 489
390 490
390 497
390 504
390 533
390 580
390 586
391 392
391 395
391 580
391 582
391 583
391 586
392 395
392 397
392 489
392 530
392 533
392 586
393 395
393 461
393 495
393 534
394 403
394 422
395 397
395 399
395 495
395 533
396 398
396 401
396 403
396 405
396 406
396 407
396 408
396 409
396 410
396 411
396 413
396 422
396 430
396 434
396 436
396 438
396 439
396 440
396 444
396 491
396 492
396 534
397 399
397 416
397 417
397 489
397 529
397 530
397 532
397 533
397 580
398 401
398 408
398 410
398 411
398 413
398 422
398 434
398 438
398 439
398 440
398 441
398 534
399 532
399 533
399 534
400 401
401 412
401 413
401 414
401 439
401 441
401 445
401 534
402 490
402 497
402 499
402 513
402 514
402 524
402 525
403 404
403 408
403 422
403 423
403 430
403 434
403 435
403 436
403 439
403 491
403 492
403 494
403 500
404 417
404 419
404 422
404 423
404 424
404 434
404 435
404 451
404 461
404 491
404 492
404 494
404 500
405 406
405 407
405 408
405 409
405 410
406 407
406 408
406 409
406 410
406 411
406 491
406 492
407 408
407 409
407 410
407 444
407 491
407 492
408 409
408 410
408 411
408 444
408 491
408 492
409 410
409 411
409 413
409 444
410 411
410 413
410 444
410 491
410 492
412 413
412 414
412 445
412 447
413 414
413 434
413 438
413 439
413 441
413 444
413 445
413 534
414 445
415 442
415 493
415 499
415 501
415 511
415 513
415 516
415 519
415 521
415 524
416 417
416 435
416 437
416 446
416 494
416 515
416 532
416 533
416 545
417 419
417 451
417 453
417 467
417 489
417 490
417 494
417 496
417 497
417 500
417 503
417 513
417 514
417 520
417 533
418 420
418 424
418 428
418 431
418 432
418 435
418 437
418 443
418 446
418 448
418 450
418 453
418 454
418 462
418 515
418 543
418 545
418 552
419 459
419 489
419 490
419 500
419 502
419 503
419 504
419 514
419 533
420 421
420 422
420 424
420 428
420 431
420 432
420 433
420 435
420 439
420 443
420 446
420 448
420 450
420 461
420 462
420 466
420 515
420 552
420 578
420 598
420 599
420 600
421 422
421 423
421 424
421 430
421 431
421 434
421 435
421 439
421 440
421 443
421 446
421 461
421 515
421 534
421 552
421 598
422 423
422 424
422 430
422 431
422 434
422 435
422 436
422 438
422 439
422 440
422 443
422 446
422 461
422 491
422 496
422 515
422 534
423 424
423 434
423 435
423 436
423 440
423 443
423 461
423 491
423 500
423 545
424 425
424 431
424 432
424 435
424 446
424 448
424 453
424 461
424 462
424 466
424 506
424 515
424 552
424 578
425 451
425 453
425 461
425 510
425 577
425 578
425 599
426 428
427 550
428 432
428 433
428 449
428 450
428 462
428 466
428 510
428 544
428 552
428 599
429 430
429 434
430 431
430 434
430 435
430 436
430 438
430 439
430 440
430 552
431 434
431 435
431 437
431 440
431 461
431 462
431 506
431 515
431 552
432 435
432 446
432 448
432 450
432 456
432 458
432 461
432 462
432 466
432 510
432 515
432 544
432 552
432 577
432 578
432 598
432 599
432 600
434 435
434 436
434 438
434 439
434 440
434 461
434 491
434 534
434 598
435 436
435 437
435 439
435 440
435 443
435 446
435 453
435 454
435 461
435 462
435 500
435 506
435 515
435 545
435 552
436 439
436 440
436 515
437 446
437 448
437 453
437 454
437 462
437 496
437 515
437 543
437 545
437 552
438 439
438 440
438 444
439 440
439 441
439 443
439 445
439 446
439 461
439 534
440 443
440 446
440 506
440 515
440 534
441 445
442 455
442 504
443 446
443 448
443 454
443 461
443 515
445 531
445 534
446 448
446 461
446 462
446 506
446 515
446 531
446 534
446 598
446 599
448 450
448 454
448 456
448 461
448 462
448 466
448 506
448 515
448 543
448 552
448 590
448 599
448 600
449 450
449 463
449 464
449 543
449 544
449 565
449 600
450 453
450 456
450 458
450 466
450 510
450 515
450 544
450 565
450 578
450 599
450 600
451 453
451 474
451 490
451 496
451 499
451 500
451 503
451 513
451 514
452 518
453 454
453 496
453 510
453 515
453 544
453 545
453 550
454 462
454 515
454 518
454 543
454 545
455 456
456 458
456 465
456 466
456 510
456 544
456 576
456 577
456 578
456 594
456 599
456 600
457 578
458 465
458 466
458 510
458 517
458 544
458 576
458 577
458 578
458 594
458 600
459 502
459 504
460 493
460 498
460 501
460 509
460 516
460 522
460 540
460 542
460 557
460 573
461 462
461 515
461 534
461 552
461 598
461 599
462 466
462 506
462 515
462 543
462 545
462 552
463 464
465 466
465 468
465 505
465 510
465 517
465 519
465 522
465 544
465 576
465 577
465 578
465 594
465 600
466 544
466 552
466 576
466 577
466 578
466 592
466 594
466 596
466 599
466 600
467 474
467 490
467 499
467 503
467 512
467 513
467 514
467 521
467 527
467 542
467 571
468 505
468 510
468 512
468 517
468 519
468 523
468 541
468 544
468 565
468 571
468 574
468 576
468 577
468 594
470 514
471 475
471 556
473 535
474 490
474 499
474 503
474 512
474 513
474 514
474 524
474 571
475 546
475 547
475 556
475 560
475 579
475 588
476 479
476 528
476 535
476 547
476 556
476 572
476 573
477 576
477 577
478 547
478 560
478 561
478 583
479 528
479 547
479 556
479 559
479 569
479 572
480 490
480 591
482 483
485 493
485 509
485 521
485 524
489 490
489 497
489 502
489 504
489 520
489 533
489 580
489 586
490 493
490 497
490 499
490 500
490 503
490 504
490 513
490 514
490 521
490 524
491 492
491 500
493 501
493 502
493 509
493 511
493 513
493 514
493 516
493 521
493 524
493 525
493 540
493 542
493 553
494 496
494 503
494 513
494 514
496 530
497 502
497 503
497 520
497 521
497 580
497 581
498 509
498 511
498 519
498 521
498 540
498 557
498 567
498 572
498 573
499 503
499 505
499 510
499 512
499 513
499 514
499 516
499 524
500 504
500 533
501 505
501 509
501 512
501 516
501 519
501 525
501 542
501 573
502 504
503 513
503 514
504 514
505 510
505 512
505 513
505 516
505 517
505 519
505 522
505 541
505 542
505 571
505 576
506 534
506 552
507 509
508 564
509 512
509 516
509 521
509 525
509 542
509 557
509 567
509 573
510 512
510 517
510 519
510 523
510 536
510 544
510 565
510 571
510 576
510 577
510 578
510 600
511 513
511 521
511 524
512 513
512 514
512 516
512 517
512 519
512 524
512 525
512 527
512 541
512 542
512 571
512 574
513 514
513 516
513 519
513 521
513 524
513 525
513 527
513 542
513 571
514 525
515 543
515 545
516 524
516 525
516 542
517 519
517 522
517 523
517 527
517 541
517 542
517 565
517 571
517 574
517 576
517 577
517 594
518 543
519 522
519 541
519 542
519 565
519 571
519 574
519 576
520 581
521 524
521 542
521 571
521 573
522 576
522 577
523 577
524 525
527 541
527 571
528 539
528 547
528 548
528 569
528 570
529 530
529 584
530 533
530 550
530 584
531 534
531 555
532 533
532 555
532 580
533 580
535 556
537 542
538 597
539 540
539 547
539 548
539 569
539 570
540 573
541 542
541 565
541 571
541 574
542 571
542 573
543 545
543 550
543 600
544 565
544 576
544 577
544 578
544 599
544 600
545 550
545 552
546 547
546 560
546 569
547 560
547 568
547 569
548 551
549 553
549 584
550 600
552 598
552 599
554 555
554 584
554 597
556 557
556 560
556 561
556 572
556 573
556 579
557 561
557 572
557 573
558 560
558 561
558 575
560 561
560 569
562 600
564 570
565 571
565 594
567 572
567 573
568 579
569 570
571 574
572 573
572 579
574 576
574 594
575 576
576 577
576 578
576 594
576 600
577 578
577 594
577 599
577 600
578 592
578 594
578 599
578 600
579 581
579 583
580 581
580 586
581 583
582 583
582 584
583 584
589 598
590 592
590 598
591 593
592 596
594 595
594 600
595 597
596 597
596 598
596 599
596 600
597 600
598 599
599 600
