600 5392

1 4
1 289
1 291
1 486
2 3
2 4
2 5
2 6
2 7
2 10
2 11
2 21
2 93
2 104
2 301
2 302
2 303
2 304
2 321
2 385
2 386
2 390
2 395
2 479
2 579
3 5
3 6
3 7
3 9
3 10
3 11
3 12
3 301
3 303
3 304
3 311
3 317
3 385
3 386
4 5
4 12
4 16
4 20
4 22
4 23
4 24
4 29
4 32
4 35
4 105
4 301
4 302
4 304
4 305
4 317
4 321
4 322
4 324
4 325
4 326
4 327
4 328
4 329
4 333
4 335
4 389
5 6
5 7
5 8
5 12
5 16
5 20
5 24
5 29
5 32
5 301
5 302
5 303
5 304
5 305
5 317
5 320
5 321
5 324
5 326
5 328
5 329
5 331
5 333
5 335
6 7
6 9
6 10
6 12
6 16
6 301
6 303
6 304
6 305
6 307
6 311
6 312
6 314
6 315
6 317
6 324
6 385
6 386
7 10
7 16
7 301
7 303
7 304
7 305
7 306
7 311
7 312
7 315
7 317
7 321
7 324
7 336
7 386
8 12
8 317
9 10
9 12
9 13
9 15
9 16
9 303
9 304
9 307
9 310
9 311
9 312
9 313
9 314
9 315
9 317
10 301
10 303
10 311
10 312
10 314
10 385
11 50
11 53
11 97
11 98
11 109
11 117
11 118
11 147
11 301
11 344
11 386
11 410
11 579
12 16
12 19
12 29
12 301
12 303
12 304
12 305
12 307
12 311
12 317
12 320
12 321
12 324
12 335
12 388
12 389
13 15
13 19
13 306
13 309
13 311
13 312
13 315
13 316
13 318
13 319
14 16
14 17
14 19
14 29
14 37
14 318
14 319
14 320
14 324
14 333
14 335
14 336
15 16
15 19
15 304
15 305
15 308
15 311
15 312
15 315
15 316
15 318
15 319
15 324
16 18
16 19
16 20
16 22
16 27
16 29
16 105
16 303
16 304
16 305
16 311
16 315
16 317
16 318
16 319
16 320
16 321
16 322
16 324
16 328
16 329
16 335
16 336
16 388
16 389
16 395
17 19
17 37
17 318
17 319
17 320
17 331
17 333
17 334
18 20
18 388
18 389
18 400
18 580
19 37
19 305
19 311
19 317
19 318
19 319
19 320
19 324
19 334
19 335
19 336
20 21
20 22
20 23
20 25
20 26
20 29
20 32
20 35
20 104
20 105
20 302
20 321
20 322
20 327
20 328
20 329
20 335
20 389
20 390
20 395
20 400
20 582
20 583
21 93
21 103
21 104
21 110
21 321
21 384
21 390
21 393
21 395
21 398
21 400
21 479
21 579
22 23
22 25
22 26
22 27
22 28
22 29
22 30
22 35
22 38
22 321
22 322
22 323
22 325
22 327
22 328
22 329
22 335
22 389
22 583
23 26
23 28
23 30
23 32
23 33
23 35
23 36
23 38
23 98
23 105
23 302
23 322
23 323
23 325
23 326
23 327
23 328
23 329
23 332
23 333
23 335
23 582
23 583
24 26
24 27
24 29
24 30
24 32
24 35
24 305
24 321
24 326
24 327
24 328
24 329
24 331
24 332
24 333
24 335
24 389
25 26
25 27
25 29
25 30
25 35
25 322
25 325
25 327
25 328
25 329
25 332
25 333
25 335
25 583
26 27
26 28
26 29
26 30
26 32
26 35
26 38
26 322
26 323
26 326
26 327
26 328
26 329
26 332
26 333
26 335
26 336
26 389
26 583
27 29
27 30
27 35
27 38
27 322
27 326
27 327
27 328
27 329
27 331
27 332
27 333
27 335
27 389
27 529
27 583
28 30
28 32
28 35
28 36
28 38
28 284
28 322
28 323
28 326
28 327
28 328
29 30
29 32
29 35
29 285
29 305
29 320
29 321
29 322
29 324
29 326
29 327
29 328
29 329
29 331
29 332
29 333
29 335
29 336
29 389
29 583
30 31
30 32
30 35
30 36
30 38
30 322
30 323
30 325
30 327
30 328
30 329
30 330
30 332
30 333
30 335
30 445
30 530
30 583
31 330
31 445
32 35
32 322
32 323
32 326
32 327
32 328
32 329
32 331
32 332
32 333
32 335
32 583
33 35
33 36
33 287
34 445
35 37
35 38
35 284
35 285
35 305
35 322
35 323
35 324
35 326
35 327
35 328
35 329
35 330
35 331
35 332
35 333
35 335
35 336
35 583
36 323
36 325
36 328
36 415
36 445
36 530
37 38
37 285
37 305
37 318
37 319
37 320
37 324
37 333
37 335
37 336
38 322
38 328
38 329
38 332
38 335
38 336
38 388
38 583
39 41
39 42
39 44
39 45
39 46
39 47
39 48
39 54
39 69
39 79
39 81
39 83
39 84
39 85
39 86
39 87
39 88
39 89
39 90
39 113
39 115
39 130
39 294
39 300
39 337
39 338
39 339
39 340
39 342
39 343
39 346
39 347
39 365
39 367
39 374
39 376
39 377
39 378
39 380
39 381
39 382
39 405
40 43
40 44
40 48
40 49
40 52
40 90
40 91
40 115
40 123
40 140
40 150
40 152
40 339
40 425
40 440
40 442
40 446
40 448
41 42
41 43
41 44
41 45
41 46
41 48
41 49
41 54
41 84
41 86
41 87
41 88
41 89
41 90
41 91
41 115
41 339
41 374
41 377
41 380
41 381
41 382
41 425
41 446
42 44
42 45
42 46
42 47
42 48
42 54
42 69
42 81
42 83
42 85
42 86
42 88
42 113
42 115
42 116
42 117
42 130
42 338
42 339
42 340
42 342
42 343
42 346
42 347
42 377
42 380
42 381
42 382
42 405
43 49
43 50
43 80
43 90
43 140
43 150
43 339
43 415
43 425
43 437
43 442
43 446
43 448
43 450
43 466
44 45
44 46
44 47
44 48
44 49
44 54
44 86
44 87
44 88
44 90
44 113
44 115
44 338
44 339
44 340
44 341
44 346
44 347
44 377
44 380
44 381
44 382
44 405
44 425
44 446
45 46
45 47
45 48
45 54
45 69
45 81
45 83
45 85
45 86
45 88
45 113
45 115
45 116
45 117
45 130
45 338
45 339
45 340
45 342
45 343
45 346
45 347
45 377
45 380
45 381
45 382
45 405
46 47
46 48
46 54
46 81
46 83
46 85
46 86
46 87
46 88
46 89
46 113
46 115
46 116
46 337
46 338
46 339
46 340
46 342
46 343
46 346
46 347
46 349
46 374
46 377
46 380
46 381
46 382
46 405
47 48
47 51
47 54
47 59
47 66
47 67
47 69
47 81
47 83
47 85
47 86
47 87
47 88
47 113
47 115
47 116
47 117
47 130
47 337
47 338
47 339
47 340
47 342
47 343
47 346
47 347
47 349
47 351
47 352
47 359
47 360
47 361
47 362
47 363
47 365
47 374
47 377
47 380
47 381
47 382
47 405
48 54
48 81
48 84
48 85
48 86
48 87
48 88
48 89
48 90
48 91
48 113
48 115
48 116
48 338
48 339
48 340
48 341
48 342
48 347
48 374
48 377
48 380
48 381
48 382
48 405
49 84
49 87
49 90
49 91
49 127
49 140
49 150
49 151
49 152
49 339
49 341
49 380
49 425
49 430
49 440
49 442
49 446
49 448
50 59
50 117
50 147
50 344
50 346
50 347
50 351
50 353
50 359
50 484
51 58
51 61
51 62
51 63
51 64
51 66
51 67
51 97
51 113
51 337
51 338
51 340
51 341
51 342
51 343
51 345
51 346
51 350
51 352
51 354
51 356
51 357
51 358
51 359
51 360
51 361
51 362
51 363
51 406
51 407
51 592
52 116
52 123
52 125
52 194
53 55
53 56
53 60
53 109
53 117
53 118
53 147
53 342
53 343
53 344
53 346
53 347
53 348
53 351
53 353
53 368
53 409
53 410
53 411
53 413
53 422
54 81
54 83
54 113
54 115
54 167
54 339
54 346
54 347
54 349
54 377
54 380
54 381
54 382
55 57
55 58
55 60
55 64
55 96
55 107
55 109
55 111
55 118
55 121
55 131
55 147
55 194
55 348
55 391
55 401
55 402
55 403
55 404
55 409
55 410
55 411
55 412
55 413
55 414
55 418
55 491
56 60
56 61
56 67
56 117
56 118
56 147
56 346
56 351
56 353
56 354
56 365
56 370
56 422
57 58
57 63
57 65
57 124
57 125
57 152
57 341
57 357
57 416
57 418
58 61
58 62
58 63
58 65
58 66
58 67
58 352
58 354
58 356
58 357
58 358
58 362
58 363
58 375
58 416
59 62
59 64
59 67
59 116
59 117
59 337
59 338
59 340
59 342
59 343
59 344
59 345
59 346
59 347
59 349
59 351
59 352
59 358
59 359
59 360
59 361
59 362
59 363
59 382
59 405
59 410
59 414
60 64
60 109
60 117
60 118
60 131
60 147
60 344
60 346
60 348
60 351
60 353
60 410
60 411
60 413
60 414
60 422
61 66
61 67
61 68
61 73
61 74
61 75
61 77
61 78
61 79
61 82
61 129
61 131
61 294
61 354
61 355
61 356
61 364
61 365
61 368
61 373
61 375
61 403
61 420
61 422
61 434
62 63
62 64
62 66
62 67
62 87
62 113
62 337
62 338
62 342
62 343
62 345
62 351
62 352
62 354
62 358
62 359
62 360
62 361
62 362
62 363
62 414
63 64
63 65
63 66
63 67
63 345
63 350
63 352
63 357
63 358
63 360
63 361
63 363
63 416
64 66
64 67
64 109
64 111
64 345
64 348
64 351
64 352
64 358
64 360
64 361
64 363
64 391
64 406
64 410
64 414
65 123
65 124
65 125
65 152
65 341
65 357
65 416
65 417
65 418
66 67
66 297
66 338
66 342
66 343
66 345
66 352
66 354
66 356
66 358
66 359
66 360
66 361
66 362
66 363
66 593
67 69
67 79
67 81
67 83
67 97
67 113
67 115
67 130
67 294
67 297
67 337
67 338
67 339
67 342
67 343
67 345
67 346
67 347
67 351
67 352
67 353
67 354
67 356
67 358
67 359
67 360
67 361
67 362
67 363
67 365
67 367
67 374
67 405
67 406
67 593
68 69
68 70
68 71
68 72
68 73
68 74
68 75
68 76
68 77
68 78
68 79
68 80
68 82
68 127
68 129
68 134
68 135
68 137
68 140
68 257
68 293
68 294
68 299
68 300
68 354
68 364
68 365
68 367
68 368
68 369
68 370
68 371
68 372
68 373
68 374
68 375
68 420
68 421
68 422
68 434
68 588
68 590
68 591
69 70
69 71
69 72
69 73
69 74
69 75
69 76
69 77
69 79
69 81
69 82
69 83
69 84
69 88
69 90
69 97
69 113
69 115
69 116
69 117
69 127
69 129
69 130
69 135
69 260
69 293
69 294
69 296
69 297
69 299
69 300
69 338
69 339
69 342
69 343
69 346
69 347
69 354
69 363
69 364
69 365
69 367
69 368
69 370
69 371
69 373
69 374
69 375
69 376
69 378
69 405
69 422
69 588
69 589
69 590
69 591
69 598
69 599
70 71
70 72
70 73
70 74
70 75
70 76
70 77
70 82
70 83
70 96
70 129
70 135
70 137
70 260
70 296
70 364
70 365
70 367
70 368
70 370
70 373
70 420
70 421
70 422
70 434
70 590
70 591
70 596
71 72
71 73
71 74
71 75
71 76
71 77
71 78
71 79
71 82
71 83
71 127
71 129
71 130
71 135
71 137
71 140
71 257
71 260
71 293
71 294
71 296
71 298
71 299
71 300
71 364
71 365
71 367
71 368
71 370
71 371
71 372
71 373
71 374
71 420
71 421
71 422
71 434
71 588
71 589
71 590
71 591
71 593
71 596
71 598
71 599
72 73
72 74
72 75
72 76
72 77
72 82
72 83
72 96
72 129
72 135
72 296
72 298
72 299
72 300
72 364
72 365
72 368
72 370
72 372
72 420
72 421
72 590
72 591
72 596
73 74
73 75
73 77
73 79
73 82
73 83
73 84
73 130
73 294
73 300
73 354
73 364
73 365
73 367
73 371
73 373
73 374
73 376
73 377
73 378
73 434
73 590
73 591
73 593
73 598
73 599
74 75
74 76
74 77
74 78
74 79
74 82
74 127
74 129
74 131
74 134
74 135
74 137
74 294
74 299
74 300
74 354
74 364
74 365
74 367
74 368
74 370
74 371
74 373
74 420
74 421
74 422
74 591
74 599
75 76
75 77
75 78
75 79
75 80
75 82
75 84
75 129
75 137
75 140
75 257
75 293
75 294
75 300
75 354
75 364
75 365
75 367
75 368
75 370
75 371
75 373
75 374
75 434
75 591
76 77
76 82
76 96
76 127
76 129
76 131
76 135
76 296
76 299
76 300
76 364
76 365
76 368
76 370
76 372
76 420
76 421
76 422
76 461
76 590
76 591
76 596
77 78
77 79
77 82
77 83
77 96
77 129
77 135
77 260
77 294
77 296
77 298
77 299
77 300
77 364
77 365
77 367
77 368
77 370
77 371
77 372
77 373
77 420
77 421
77 590
77 591
77 593
77 596
77 598
77 599
78 82
78 294
78 354
78 364
78 365
78 368
78 371
78 373
78 420
78 434
79 81
79 82
79 83
79 84
79 86
79 87
79 113
79 115
79 130
79 294
79 300
79 339
79 354
79 363
79 364
79 365
79 367
79 371
79 373
79 374
79 376
79 377
79 378
79 405
79 433
79 434
79 591
80 84
80 87
80 90
80 91
80 122
80 127
80 134
80 136
80 137
80 138
80 140
80 141
80 150
80 199
80 281
80 364
80 367
80 373
80 374
80 425
80 430
80 434
80 461
80 466
81 83
81 84
81 85
81 86
81 87
81 88
81 89
81 91
81 97
81 113
81 114
81 115
81 116
81 117
81 130
81 294
81 299
81 300
81 337
81 338
81 339
81 340
81 342
81 343
81 346
81 347
81 363
81 365
81 367
81 373
81 374
81 375
81 377
81 380
81 381
81 382
81 405
82 96
82 127
82 129
82 137
82 294
82 300
82 354
82 364
82 365
82 367
82 368
82 370
82 371
82 373
82 375
82 420
82 422
82 434
83 84
83 85
83 86
83 87
83 88
83 89
83 113
83 115
83 130
83 260
83 294
83 295
83 296
83 298
83 300
83 338
83 339
83 342
83 343
83 346
83 365
83 367
83 368
83 370
83 373
83 374
83 376
83 377
83 378
83 380
83 381
83 382
83 405
83 590
83 591
83 593
83 598
83 599
84 85
84 86
84 87
84 89
84 90
84 91
84 113
84 115
84 126
84 127
84 130
84 151
84 281
84 294
84 297
84 300
84 338
84 339
84 363
84 367
84 373
84 374
84 377
84 380
84 381
84 382
84 419
84 425
84 430
84 433
84 434
84 599
85 86
85 87
85 88
85 89
85 113
85 115
85 130
85 337
85 338
85 339
85 340
85 342
85 346
85 347
85 377
85 378
85 380
85 381
85 382
85 405
86 87
86 88
86 89
86 90
86 113
86 115
86 130
86 337
86 338
86 339
86 363
86 374
86 377
86 378
86 379
86 380
86 381
86 382
86 405
87 88
87 89
87 90
87 91
87 113
87 115
87 126
87 130
87 151
87 297
87 337
87 338
87 339
87 363
87 367
87 374
87 377
87 379
87 380
87 381
87 382
87 419
87 425
87 430
87 433
87 434
87 436
87 599
88 89
88 90
88 113
88 115
88 130
88 337
88 338
88 339
88 340
88 342
88 346
88 347
88 376
88 377
88 378
88 380
88 381
88 382
88 405
89 90
89 91
89 113
89 115
89 151
89 337
89 338
89 339
89 374
89 377
89 379
89 380
89 381
89 382
90 91
90 113
90 115
90 127
90 130
90 150
90 151
90 281
90 297
90 300
90 337
90 338
90 339
90 367
90 374
90 380
90 419
90 425
90 430
90 436
90 599
91 115
91 127
91 140
91 339
91 364
91 374
91 380
91 425
91 430
91 434
91 448
91 599
92 96
92 112
92 129
92 187
92 191
92 459
92 595
93 94
93 103
93 104
93 184
93 384
93 393
93 479
93 579
94 95
94 107
94 108
94 109
94 111
94 384
94 391
94 393
94 398
94 402
94 403
94 479
95 101
95 107
95 108
95 112
95 131
95 193
95 212
95 398
95 401
95 402
95 403
95 411
95 412
95 413
95 423
95 489
95 491
95 595
96 112
96 118
96 129
96 131
96 260
96 298
96 356
96 368
96 370
96 403
96 420
96 421
96 422
96 590
96 591
96 595
97 113
97 117
97 130
97 294
97 338
97 342
97 343
97 346
97 353
97 359
97 363
97 365
97 375
97 386
97 405
97 410
98 579
99 170
99 206
99 228
99 229
99 231
99 232
99 247
99 252
99 255
99 258
99 259
99 264
99 268
99 277
99 282
99 538
99 540
99 542
99 560
99 565
99 567
99 570
99 573
99 592
100 188
100 189
100 282
100 283
100 402
100 489
100 493
100 495
100 511
100 532
100 540
100 547
100 548
100 549
100 554
100 581
100 594
101 107
101 108
101 188
101 193
101 212
101 394
101 401
101 402
101 489
101 495
101 534
102 168
102 207
102 211
102 230
102 231
102 251
102 266
102 269
102 273
102 276
102 283
102 485
102 507
103 104
103 384
103 398
103 400
103 479
104 105
104 390
104 393
104 395
104 479
104 579
105 175
105 302
105 321
105 322
105 328
105 332
105 335
105 389
105 390
105 395
105 400
105 530
106 110
106 119
106 121
106 221
106 397
106 399
106 536
107 108
107 109
107 110
107 111
107 121
107 131
107 193
107 194
107 212
107 391
107 393
107 398
107 401
107 402
107 403
107 404
107 409
107 411
107 412
107 413
107 423
107 489
107 491
108 109
108 110
108 193
108 212
108 384
108 396
108 398
108 401
108 402
108 411
108 412
108 489
108 534
109 110
109 111
109 114
109 116
109 117
109 118
109 120
109 121
109 147
109 194
109 344
109 348
109 384
109 391
109 398
109 401
109 404
109 409
109 410
109 411
109 412
109 413
109 579
110 111
110 119
110 121
110 398
110 401
110 412
111 118
111 120
111 121
111 125
111 194
111 348
111 391
111 398
111 401
111 404
111 410
111 411
111 412
111 413
111 417
112 114
112 129
112 131
112 191
112 204
112 356
112 368
112 403
112 422
112 459
112 491
113 115
113 130
113 294
113 300
113 337
113 338
113 339
113 340
113 342
113 343
113 346
113 347
113 359
113 360
113 361
113 363
113 365
113 367
113 374
113 376
113 377
113 378
113 379
113 380
113 381
113 382
113 405
113 483
114 116
114 117
114 130
114 191
114 194
114 204
114 340
114 342
114 343
114 344
114 349
114 352
114 356
114 362
114 375
114 384
114 403
114 405
114 406
114 407
114 409
114 410
114 491
115 116
115 117
115 130
115 337
115 338
115 339
115 340
115 341
115 342
115 343
115 346
115 347
115 362
115 363
115 367
115 374
115 377
115 380
115 381
115 382
115 405
116 117
116 118
116 130
116 194
116 338
116 339
116 340
116 342
116 343
116 344
116 346
116 347
116 349
116 405
116 410
117 118
117 130
117 147
117 338
117 339
117 340
117 342
117 343
117 344
117 346
117 347
117 348
117 349
117 351
117 353
117 359
117 365
117 368
117 370
117 382
117 405
117 409
117 410
118 121
118 131
118 147
118 194
118 344
118 348
118 353
118 409
118 410
118 411
118 412
118 413
118 422
119 121
119 223
119 399
119 401
119 412
120 121
120 395
120 401
120 412
121 401
121 411
121 412
121 413
122 128
122 137
122 141
122 151
122 153
122 199
122 272
122 281
122 461
122 578
123 124
123 125
123 194
123 417
123 418
123 497
123 498
124 125
124 194
124 357
124 416
124 417
124 418
125 152
125 191
125 194
125 357
125 411
125 416
125 417
125 418
125 467
125 491
126 141
126 151
126 201
126 430
126 434
126 435
126 506
127 134
127 137
127 140
127 152
127 294
127 300
127 364
127 367
127 368
127 370
127 371
127 373
127 375
127 425
127 430
127 434
127 461
127 466
127 599
128 136
128 141
128 153
128 190
128 219
128 424
128 432
128 451
128 455
128 461
128 465
128 466
128 490
128 492
128 576
129 131
129 135
129 140
129 159
129 190
129 356
129 364
129 365
129 368
129 370
129 375
129 403
129 420
129 421
129 422
129 423
129 429
129 434
129 459
129 491
129 576
129 591
130 260
130 293
130 294
130 299
130 300
130 337
130 338
130 339
130 342
130 343
130 346
130 347
130 363
130 365
130 367
130 368
130 371
130 373
130 374
130 375
130 376
130 377
130 378
130 380
130 381
130 382
130 405
130 483
130 591
130 599
131 159
131 190
131 191
131 193
131 356
131 368
131 403
131 411
131 413
131 420
131 421
131 422
131 423
131 459
131 491
131 576
131 595
132 364
132 455
133 364
133 426
134 136
134 137
134 138
134 140
134 150
134 153
134 154
134 161
134 364
134 367
134 424
134 425
134 428
134 430
134 432
134 434
134 437
134 440
134 451
134 452
134 455
134 461
134 466
135 364
135 365
135 366
135 367
135 368
135 369
135 370
135 372
135 373
135 420
135 421
135 422
135 590
135 591
135 596
136 138
136 140
136 148
136 150
136 153
136 161
136 424
136 428
136 437
136 442
136 451
136 455
136 461
136 466
137 138
137 140
137 141
137 199
137 281
137 364
137 367
137 375
137 420
137 425
137 429
137 430
137 432
137 434
137 435
137 461
137 599
138 140
138 141
138 161
138 425
138 428
138 430
138 431
138 432
138 434
138 440
138 461
138 466
138 578
139 186
140 141
140 150
140 152
140 153
140 154
140 161
140 199
140 281
140 364
140 367
140 373
140 375
140 424
140 425
140 428
140 430
140 432
140 434
140 435
140 437
140 440
140 442
140 451
140 455
140 461
140 466
141 153
141 154
141 199
141 201
141 210
141 281
141 432
141 435
141 455
141 461
141 492
142 144
142 445
142 449
143 146
143 443
145 147
145 445
146 447
147 348
147 351
147 353
147 411
147 413
148 150
148 153
148 155
148 161
148 442
148 446
148 454
149 152
149 437
150 153
150 415
150 425
150 428
150 437
150 442
150 446
150 448
150 466
151 272
151 281
151 297
151 419
151 425
151 430
151 436
151 599
152 375
152 415
152 418
152 424
152 437
152 440
152 442
152 448
152 449
152 451
152 461
152 491
153 154
153 161
153 199
153 442
153 448
153 451
153 461
153 466
154 428
154 442
154 448
154 451
154 455
154 461
155 161
155 163
155 164
155 272
155 275
155 452
155 453
155 454
155 468
156 163
156 233
156 244
156 250
156 267
156 271
157 163
157 208
157 209
157 218
157 265
157 271
157 464
157 468
157 514
157 587
158 279
158 462
159 160
159 198
159 200
159 280
159 421
159 455
159 456
159 459
159 461
159 465
159 499
159 502
159 576
161 430
161 466
161 575
161 578
162 284
163 164
163 208
163 218
163 250
163 253
163 254
163 265
163 267
163 271
163 275
163 453
163 463
163 464
163 468
163 512
163 571
163 574
164 267
164 272
164 275
164 277
164 574
164 575
165 254
166 168
166 207
166 470
166 475
168 170
168 172
168 189
168 207
168 211
168 228
168 229
168 230
168 231
168 232
168 236
168 239
168 241
168 247
168 248
168 252
168 266
168 269
168 283
168 478
168 493
168 495
168 509
168 513
168 522
168 540
168 542
168 544
168 548
168 550
168 554
168 556
168 565
168 567
168 573
169 231
169 248
169 476
169 478
169 567
170 189
170 206
170 228
170 229
170 230
170 231
170 232
170 234
170 236
170 238
170 239
170 240
170 243
170 244
170 245
170 247
170 248
170 252
170 258
170 266
170 269
170 282
170 283
170 476
170 478
170 493
170 521
170 538
170 540
170 542
170 550
170 554
170 555
170 556
170 560
170 565
170 567
170 570
170 573
170 581
171 209
171 217
171 218
171 251
171 265
171 271
171 508
171 512
172 283
172 511
173 392
174 582
176 179
176 477
177 182
177 288
178 180
178 338
178 480
179 185
179 585
181 338
182 256
183 259
183 264
183 272
184 579
185 369
186 293
187 188
187 189
187 192
187 198
187 394
187 402
187 495
187 496
187 509
187 594
187 595
188 189
188 192
188 212
188 394
188 402
188 489
188 493
188 495
188 594
188 595
189 192
189 211
189 213
189 216
189 230
189 283
189 387
189 493
189 495
189 509
189 511
189 520
189 540
189 542
189 550
189 554
189 565
189 567
189 581
190 193
190 421
190 459
190 465
190 516
190 576
190 595
190 600
191 193
191 194
191 198
191 201
191 204
191 212
191 295
191 407
191 408
191 409
191 491
191 500
191 595
192 193
192 211
192 212
192 216
192 394
192 399
192 493
192 495
192 496
192 509
192 525
192 594
193 198
193 212
193 396
193 408
193 489
193 502
193 594
193 595
194 348
194 398
194 407
194 409
194 410
194 411
194 412
194 413
194 416
194 417
194 418
194 491
195 196
195 213
195 387
195 417
195 467
195 498
195 520
196 213
196 467
196 498
197 206
197 209
197 210
197 211
197 216
197 217
197 218
197 234
197 394
197 493
197 494
197 496
197 509
197 513
197 514
197 515
197 518
197 520
197 524
197 525
197 543
197 544
197 545
198 200
198 201
198 203
198 204
198 280
198 402
198 459
198 499
198 500
198 502
198 503
198 522
198 594
198 595
199 201
199 281
199 435
199 461
200 204
200 215
200 455
200 499
200 500
200 501
200 502
200 503
200 504
200 505
200 576
201 203
201 204
201 210
201 408
201 435
201 498
201 500
201 524
202 203
202 207
202 213
202 214
203 213
203 215
203 522
204 384
204 500
204 504
205 220
206 209
206 211
206 228
206 229
206 230
206 231
206 234
206 239
206 241
206 244
206 265
206 271
206 273
206 282
206 283
206 493
206 509
206 512
206 513
206 518
206 520
206 521
206 540
206 541
206 542
206 544
206 545
206 550
206 551
206 552
206 565
206 567
206 573
206 581
207 211
207 231
207 266
207 269
207 493
207 509
207 513
207 548
208 209
208 210
208 254
208 265
208 463
208 464
208 468
208 512
208 514
208 515
208 518
208 543
208 571
209 210
209 211
209 214
209 216
209 217
209 218
209 231
209 233
209 234
209 241
209 248
209 251
209 254
209 265
209 267
209 271
209 273
209 276
209 485
209 493
209 494
209 507
209 508
209 512
209 513
209 514
209 515
209 518
209 520
209 521
209 541
209 542
209 543
209 544
209 545
209 552
209 571
209 573
210 492
210 494
210 514
210 515
210 518
210 539
210 541
210 577
211 216
211 217
211 230
211 231
211 234
211 241
211 251
211 265
211 273
211 283
211 394
211 485
211 493
211 496
211 509
211 513
211 520
211 525
211 542
211 544
211 545
211 548
211 550
211 552
211 565
211 567
211 573
212 489
212 495
212 594
212 595
213 216
213 234
213 495
213 498
213 509
213 520
213 524
214 215
214 234
214 273
214 518
215 274
215 278
215 503
215 522
215 577
216 217
216 251
216 276
216 485
216 493
216 495
216 509
216 520
216 523
216 524
216 525
216 581
217 218
217 485
217 508
217 512
217 513
217 515
217 525
217 562
218 251
218 265
218 267
218 463
218 464
218 512
218 514
218 515
218 552
218 562
218 571
219 456
219 465
219 528
219 576
220 221
220 226
220 235
220 397
220 533
220 536
221 227
221 397
221 530
221 533
221 536
222 223
222 226
222 230
222 235
222 236
222 237
222 238
222 239
222 240
222 241
222 242
222 243
222 244
222 245
222 532
222 533
222 547
222 548
222 549
222 550
222 551
222 552
222 553
222 554
222 555
223 226
223 237
223 397
223 399
223 532
223 533
223 536
223 548
223 549
223 553
224 237
224 240
224 243
224 245
224 246
224 532
224 534
224 554
224 555
224 556
224 560
225 534
226 227
226 235
226 397
226 532
226 533
226 535
226 536
226 548
226 553
227 235
227 397
227 533
227 535
227 536
228 229
228 230
228 231
228 232
228 234
228 236
228 238
228 239
228 240
228 243
228 244
228 245
228 247
228 248
228 250
228 252
228 258
228 259
228 262
228 265
228 266
228 268
228 269
228 271
228 282
228 283
228 478
228 513
228 521
228 538
228 540
228 542
228 550
228 554
228 555
228 560
228 565
228 567
228 570
228 572
228 573
228 581
229 230
229 231
229 232
229 234
229 238
229 239
229 244
229 247
229 248
229 250
229 252
229 258
229 259
229 264
229 265
229 266
229 267
229 268
229 269
229 270
229 271
229 282
229 283
229 478
229 508
229 512
229 513
229 540
229 542
229 554
229 560
229 565
229 567
229 570
229 573
230 231
230 239
230 240
230 241
230 243
230 247
230 252
230 265
230 266
230 269
230 273
230 282
230 283
230 478
230 493
230 512
230 513
230 540
230 542
230 548
230 550
230 554
230 560
230 565
230 567
230 572
230 573
231 232
231 234
231 239
231 241
231 247
231 248
231 252
231 265
231 266
231 267
231 269
231 271
231 273
231 276
231 282
231 283
231 478
231 485
231 493
231 507
231 508
231 509
231 512
231 513
231 540
231 542
231 544
231 550
231 554
231 560
231 565
231 567
231 573
231 581
232 233
232 234
232 238
232 239
232 247
232 248
232 252
232 259
232 266
232 267
232 268
232 269
232 271
232 277
232 282
232 283
232 478
232 540
232 542
232 550
232 560
232 565
232 567
232 570
232 573
233 234
233 244
233 248
233 252
233 265
233 271
233 282
233 520
233 521
233 542
233 543
233 544
233 545
233 573
234 238
234 239
234 241
234 244
234 248
234 252
234 265
234 266
234 269
234 271
234 273
234 276
234 282
234 283
234 493
234 507
234 512
234 513
234 518
234 520
234 521
234 540
234 542
234 544
234 545
234 565
234 567
234 573
234 581
235 532
235 533
235 536
235 547
235 548
235 549
235 552
235 553
236 237
236 238
236 239
236 240
236 241
236 242
236 243
236 244
236 245
236 247
236 248
236 252
236 282
236 286
236 478
236 521
236 540
236 542
236 547
236 548
236 549
236 550
236 551
236 554
236 555
236 560
236 573
237 240
237 243
237 532
237 547
237 549
237 553
238 239
238 240
238 241
238 243
238 244
238 245
238 247
238 248
238 252
238 258
238 266
238 269
238 282
238 291
238 478
238 540
238 542
238 547
238 548
238 550
238 551
238 554
238 555
238 560
238 567
238 573
239 240
239 241
239 242
239 243
239 244
239 245
239 247
239 248
239 252
239 265
239 269
239 282
239 478
239 513
239 521
239 532
239 540
239 542
239 547
239 548
239 550
239 551
239 552
239 553
239 554
239 555
239 560
239 573
240 241
240 243
240 244
240 245
240 246
240 247
240 248
240 252
240 258
240 282
240 478
240 521
240 532
240 540
240 542
240 547
240 548
240 549
240 550
240 551
240 553
240 554
240 555
240 560
240 567
240 570
240 573
241 242
241 244
241 248
241 265
241 273
241 282
241 493
241 513
241 521
241 532
241 540
241 542
241 544
241 545
241 547
241 548
241 550
241 551
241 552
241 554
241 555
241 565
241 567
241 573
242 244
242 265
242 548
242 551
242 552
243 244
243 245
243 246
243 247
243 252
243 282
243 478
243 532
243 540
243 548
243 549
243 550
243 551
243 553
243 554
243 555
243 560
243 570
244 245
244 247
244 248
244 250
244 252
244 265
244 267
244 271
244 282
244 283
244 478
244 521
244 540
244 542
244 544
244 547
244 548
244 550
244 551
244 554
244 555
244 560
244 567
244 570
244 573
245 246
245 247
245 252
245 263
245 554
245 555
245 556
245 560
245 570
246 263
246 531
246 555
247 248
247 252
247 258
247 266
247 268
247 269
247 282
247 283
247 478
247 538
247 540
247 542
247 550
247 554
247 555
247 556
247 560
247 567
247 570
247 573
248 250
248 252
248 265
248 266
248 269
248 271
248 276
248 282
248 283
248 478
248 513
248 521
248 540
248 542
248 543
248 544
248 550
248 551
248 554
248 555
248 557
248 560
248 567
248 570
248 573
249 475
249 526
249 559
250 252
250 254
250 259
250 267
250 268
250 269
250 270
250 271
250 463
250 512
250 558
250 560
250 561
250 570
250 571
250 573
250 574
251 485
252 259
252 264
252 265
252 267
252 268
252 269
252 271
252 277
252 282
252 283
252 478
252 513
252 521
252 540
252 541
252 542
252 544
252 550
252 551
252 554
252 555
252 557
252 558
252 560
252 567
252 569
252 570
252 571
252 573
253 254
253 463
254 265
254 267
254 270
254 271
254 463
254 512
254 541
254 558
254 561
254 571
254 574
255 259
255 566
257 293
257 294
257 299
257 300
257 364
257 365
257 367
257 370
257 371
257 373
257 568
257 588
258 269
258 538
258 554
259 263
259 264
259 267
259 268
259 277
259 560
259 566
259 569
259 570
259 574
260 293
260 294
260 365
260 368
260 370
260 590
260 591
261 281
262 263
262 268
263 264
263 268
263 570
264 268
264 277
264 570
265 266
265 267
265 269
265 270
265 271
265 273
265 276
265 282
265 508
265 512
265 513
265 518
265 521
265 541
265 542
265 571
265 573
266 269
266 271
266 273
266 276
267 268
267 269
267 270
267 271
267 275
267 277
267 508
267 512
267 571
267 574
268 269
268 270
268 277
268 558
268 560
268 570
268 574
269 270
269 271
269 273
269 283
269 512
269 513
269 542
269 565
269 570
269 572
269 573
270 271
270 277
271 273
271 276
271 282
271 283
271 507
271 508
271 512
271 513
271 521
271 542
271 544
271 571
271 573
271 581
272 275
272 281
273 276
273 512
273 518
273 573
274 277
274 504
275 574
275 575
276 283
276 507
277 278
277 279
277 569
277 570
277 574
278 279
278 522
278 577
280 522
281 297
281 300
281 425
281 450
281 588
281 599
282 283
282 476
282 478
282 493
282 513
282 521
282 540
282 542
282 544
282 545
282 547
282 548
282 550
282 551
282 554
282 555
282 560
282 565
282 567
282 570
282 573
282 581
283 478
283 485
283 493
283 508
283 509
283 511
283 513
283 521
283 540
283 542
283 550
283 554
283 560
283 565
283 567
283 572
283 573
283 581
284 327
285 336
286 287
286 292
286 547
286 583
286 584
287 584
288 325
288 482
290 400
291 292
293 294
293 299
293 364
293 365
293 370
293 371
293 373
294 297
294 299
294 300
294 354
294 363
294 364
294 365
294 367
294 368
294 370
294 371
294 373
294 374
294 375
294 405
294 422
294 425
294 434
294 588
294 590
294 591
294 598
294 599
295 298
295 387
295 494
295 496
295 509
295 594
295 595
296 298
296 299
296 370
296 421
296 591
296 596
296 598
297 300
297 337
297 361
297 363
297 367
297 374
297 376
297 406
297 419
297 425
297 588
297 592
297 593
297 598
297 599
298 299
298 300
298 370
298 372
298 420
298 421
298 591
298 596
298 599
299 300
299 370
299 371
299 372
299 421
299 591
299 598
299 599
300 339
300 359
300 364
300 365
300 367
300 368
300 370
300 371
300 373
300 374
300 405
300 420
300 425
300 588
300 590
300 591
300 599
301 302
301 303
301 304
301 305
301 311
301 317
301 321
301 336
301 385
301 386
301 390
301 579
301 586
302 304
302 305
302 317
302 321
302 322
302 324
302 327
302 335
302 389
302 390
302 400
303 304
303 305
303 306
303 307
303 310
303 311
303 312
303 314
303 315
303 317
303 385
303 386
304 305
304 311
304 312
304 315
304 317
304 321
304 324
304 336
305 311
305 312
305 315
305 317
305 320
305 321
305 322
305 324
305 327
305 328
305 329
305 335
305 336
305 530
306 311
306 315
307 310
307 311
307 317
308 311
308 315
308 324
310 311
310 313
310 314
311 312
311 313
311 314
311 315
311 316
311 317
311 319
311 324
311 336
311 386
312 315
312 316
312 317
312 324
312 336
313 314
313 315
313 316
315 316
315 317
315 319
315 324
315 392
317 320
317 321
317 322
317 324
317 335
317 336
317 385
317 388
317 389
318 319
318 320
319 320
319 324
319 336
320 324
320 331
320 333
320 334
320 335
320 336
321 322
321 326
321 327
321 328
321 329
321 335
321 336
321 389
321 390
321 395
321 400
322 323
322 325
322 326
322 327
322 328
322 329
322 332
322 335
322 388
322 389
322 582
322 583
323 327
323 328
323 329
323 335
324 328
324 329
324 332
324 335
324 336
324 530
325 327
325 328
325 332
325 582
325 583
326 327
326 328
326 329
326 331
326 332
326 333
326 335
327 328
327 329
327 332
327 333
327 335
327 336
327 582
327 583
328 329
328 332
328 333
328 335
328 336
328 530
328 583
329 330
329 331
329 332
329 333
329 335
329 336
329 530
329 583
330 332
331 332
331 333
331 335
332 333
332 335
332 445
332 530
332 583
333 335
333 583
334 336
335 336
335 389
335 390
335 395
335 400
335 529
335 530
335 583
336 389
337 338
337 339
337 340
337 342
337 343
337 347
337 350
337 352
337 360
337 361
337 363
337 376
337 377
337 379
337 380
337 381
337 382
337 405
337 406
337 407
337 410
337 416
337 419
337 436
338 339
338 340
338 341
338 342
338 343
338 346
338 347
338 350
338 360
338 361
338 363
338 365
338 367
338 374
338 376
338 377
338 380
338 381
338 382
338 405
338 406
338 410
338 419
338 483
339 340
339 341
339 342
339 343
339 346
339 347
339 363
339 364
339 365
339 367
339 374
339 377
339 380
339 381
339 382
339 405
339 425
339 434
339 446
340 342
340 343
340 344
340 346
340 347
340 349
340 350
340 352
340 360
340 361
340 363
340 380
340 381
340 382
340 405
340 410
341 350
341 357
341 362
341 363
341 380
341 416
341 444
342 343
342 344
342 345
342 346
342 347
342 349
342 350
342 351
342 352
342 353
342 359
342 360
342 361
342 362
342 363
342 365
342 375
342 377
342 380
342 381
342 382
342 405
342 406
342 407
342 410
343 344
343 345
343 346
343 347
343 349
343 350
343 351
343 352
343 353
343 359
343 360
343 361
343 362
343 363
343 365
343 368
343 374
343 375
343 381
343 382
343 405
343 406
343 407
343 410
344 346
344 347
344 348
344 349
344 351
344 353
344 405
344 409
344 410
345 351
345 352
345 356
345 358
345 359
345 360
345 361
345 362
345 363
345 406
345 414
346 347
346 349
346 351
346 353
346 359
346 361
346 362
346 363
346 365
346 381
346 382
346 405
347 349
347 351
347 353
347 363
347 365
347 368
347 380
347 381
347 382
347 405
347 410
348 353
348 404
348 409
348 410
348 411
348 412
348 413
348 418
348 491
349 356
349 362
350 357
350 406
350 407
350 410
350 416
351 352
351 353
351 358
351 359
351 360
351 361
351 362
351 363
351 409
351 414
352 356
352 358
352 359
352 360
352 361
352 362
352 363
352 406
352 407
352 414
353 354
353 359
353 365
353 405
353 410
353 422
354 355
354 356
354 363
354 364
354 365
354 367
354 368
354 371
354 373
354 374
354 375
354 422
354 434
354 593
354 599
355 356
355 403
355 434
356 362
356 363
356 368
356 375
356 403
356 434
356 593
357 358
357 416
357 418
358 359
358 360
358 361
358 362
358 363
358 414
359 360
359 361
359 362
359 363
359 405
359 414
360 361
360 362
360 363
360 406
360 407
360 414
361 362
361 363
361 405
361 406
361 407
361 414
362 363
363 365
363 367
363 373
363 374
363 377
363 380
363 405
363 406
363 419
364 365
364 367
364 368
364 370
364 371
364 373
364 374
364 375
364 415
364 420
364 421
364 422
364 425
364 428
364 429
364 430
364 432
364 434
364 455
364 461
364 591
364 599
365 367
365 368
365 370
365 371
365 373
365 374
365 375
365 376
365 405
365 422
365 434
365 588
365 589
365 590
365 591
365 599
366 370
366 421
367 368
367 370
367 371
367 373
367 374
367 375
367 376
367 377
367 378
367 405
367 425
367 430
367 434
367 450
367 588
367 591
367 599
368 370
368 371
368 373
368 375
368 403
368 420
368 421
368 422
368 434
368 590
368 591
368 596
368 598
369 370
369 372
369 421
369 441
369 596
370 371
370 372
370 373
370 375
370 420
370 421
370 422
370 588
370 590
370 591
370 596
370 599
371 372
371 373
371 374
371 434
371 591
371 599
372 421
372 591
372 596
373 374
373 375
373 405
373 434
373 599
374 376
374 377
374 380
374 382
374 405
374 419
374 425
374 430
374 433
374 434
374 483
374 592
374 599
375 403
375 405
375 407
375 409
375 410
375 422
375 425
375 429
375 434
375 435
375 491
375 500
376 377
376 378
376 405
376 589
376 599
377 378
377 379
377 380
377 381
377 382
377 405
377 433
378 405
379 380
379 381
379 419
380 381
380 382
380 405
380 425
381 382
381 405
382 405
383 409
384 385
384 391
384 393
384 398
384 402
384 406
384 407
384 479
384 495
384 579
385 386
385 390
385 400
385 479
386 410
387 493
387 495
387 509
387 517
387 520
387 540
387 594
388 389
389 390
389 395
389 400
390 393
390 395
390 400
391 393
391 398
391 401
391 402
391 404
391 479
391 489
393 395
393 398
393 401
393 402
393 479
393 489
393 495
394 472
394 489
394 493
394 494
394 495
394 496
394 503
394 509
394 520
394 525
394 544
394 545
394 594
395 400
395 529
396 491
397 399
397 533
397 535
397 536
397 553
398 401
398 402
398 404
398 406
398 407
398 409
398 411
398 412
399 532
399 533
399 534
399 549
399 553
400 479
400 580
401 402
401 411
401 412
401 413
401 489
401 534
402 403
402 413
402 474
402 489
402 495
402 594
403 404
403 422
403 423
403 491
404 406
404 409
404 411
404 413
404 423
404 491
405 406
405 410
405 419
405 590
406 407
406 409
406 410
406 416
406 419
406 436
406 592
407 409
407 410
407 416
407 419
407 487
407 491
407 495
407 500
408 465
408 467
408 492
408 496
408 500
408 502
408 503
408 519
408 595
409 410
409 411
409 412
409 413
409 491
410 411
410 413
410 414
410 416
411 412
411 413
411 418
411 491
412 413
412 417
412 489
413 414
413 418
413 423
413 491
415 437
415 442
415 446
415 448
415 449
415 451
415 461
416 417
416 418
416 419
416 435
417 418
417 467
417 497
417 498
418 437
418 491
419 425
419 435
419 436
419 592
420 421
420 422
420 505
420 588
420 590
420 591
420 596
420 599
421 422
421 432
421 451
421 455
421 459
421 461
421 502
421 505
421 576
421 590
421 591
421 595
421 596
421 600
422 423
422 429
422 488
422 591
423 424
423 451
423 461
423 491
423 500
424 428
424 432
424 437
424 448
424 449
424 451
424 452
424 461
424 466
424 490
425 430
425 434
425 435
425 436
425 440
425 442
425 446
425 448
425 450
425 461
425 466
425 599
427 455
428 432
428 437
428 440
428 446
428 448
428 449
428 451
428 452
428 455
428 461
428 466
428 490
429 434
430 431
430 434
430 435
430 436
430 440
431 434
432 434
432 451
432 452
432 455
432 461
432 466
432 490
432 492
432 596
434 435
434 460
435 436
435 461
435 500
435 504
437 442
437 445
437 446
437 448
437 449
437 451
437 461
438 470
439 444
440 446
440 448
440 466
442 446
442 448
442 461
442 466
445 449
446 448
446 466
447 449
448 449
448 451
448 461
449 451
449 490
450 466
451 455
451 461
451 465
451 466
451 490
451 576
452 454
453 463
453 464
453 468
453 510
453 527
454 464
454 468
454 527
455 456
455 461
455 465
455 490
455 501
455 576
456 458
456 576
457 578
459 465
459 499
459 502
459 528
459 576
461 466
461 490
461 500
461 505
461 519
461 576
461 596
463 464
463 468
463 512
463 514
463 515
463 518
463 543
463 552
463 558
463 561
463 562
463 571
464 468
464 514
464 515
464 527
465 490
465 492
465 499
465 502
465 503
465 519
465 528
465 576
466 578
467 489
467 498
467 500
467 520
467 524
468 510
469 473
471 475
472 544
472 545
472 559
473 590
474 502
474 503
475 559
476 478
476 495
476 521
476 540
476 554
476 556
476 565
476 567
478 493
478 513
478 521
478 532
478 540
478 542
478 544
478 548
478 550
478 551
478 554
478 555
478 556
478 557
478 560
478 565
478 567
478 570
478 573
478 581
479 579
479 580
481 483
483 485
485 507
485 508
485 509
485 513
489 495
489 500
489 503
489 520
490 492
490 519
490 527
491 500
492 494
492 514
492 519
492 527
492 597
493 494
493 495
493 496
493 509
493 511
493 513
493 518
493 520
493 521
493 525
493 532
493 540
493 542
493 544
493 545
493 548
493 550
493 552
493 554
493 565
493 567
493 573
493 581
493 594
494 496
494 513
494 514
494 515
494 518
494 520
494 541
494 543
494 545
494 552
494 594
494 597
495 509
495 511
495 520
495 522
495 524
495 525
495 540
495 542
495 544
495 565
495 581
495 594
496 503
496 509
496 520
496 545
496 594
497 504
498 520
498 524
499 500
499 501
499 502
499 503
499 505
499 519
499 528
499 576
499 596
500 501
500 502
500 503
500 504
500 505
500 517
501 502
501 503
501 519
501 576
502 503
502 505
502 516
502 517
502 519
502 528
502 576
502 594
502 595
502 596
502 600
503 505
503 519
503 522
503 528
503 576
504 505
505 517
505 519
505 596
505 600
507 508
507 524
508 512
508 513
509 511
509 513
509 520
509 524
509 525
509 542
509 565
509 567
509 581
509 594
511 542
511 565
511 567
511 581
512 513
512 541
512 552
512 562
512 571
512 573
513 518
513 520
513 521
513 532
513 540
513 541
513 542
513 544
513 545
513 548
513 550
513 551
513 552
513 554
513 555
513 557
513 560
513 565
513 567
513 571
513 573
514 515
514 518
514 527
515 518
515 520
515 521
515 525
515 527
515 541
515 543
515 544
515 545
515 562
515 571
516 517
516 519
516 528
516 577
516 600
517 519
517 596
518 520
518 521
518 541
518 542
518 543
518 544
518 545
518 551
518 552
518 573
519 596
520 521
520 524
520 525
520 540
520 542
520 543
520 544
520 545
520 565
520 573
520 581
520 594
521 532
521 540
521 541
521 542
521 543
521 544
521 545
521 547
521 550
521 551
521 552
521 554
521 555
521 557
521 560
521 565
521 567
521 570
521 573
522 524
524 525
525 544
525 545
526 559
528 576
529 584
531 534
532 533
532 540
532 542
532 545
532 547
532 548
532 549
532 550
532 551
532 552
532 553
532 554
532 555
532 556
532 560
532 565
532 573
533 535
533 536
533 553
534 553
535 536
535 546
536 537
536 553
538 540
538 542
538 554
538 560
538 567
539 541
539 573
539 574
540 541
540 542
540 544
540 545
540 547
540 548
540 550
540 551
540 552
540 554
540 555
540 556
540 557
540 560
540 565
540 567
540 570
540 573
540 581
541 542
541 545
541 550
541 551
541 552
541 557
541 560
541 570
541 571
541 573
541 574
542 544
542 545
542 548
542 550
542 551
542 554
542 555
542 557
542 560
542 565
542 567
542 570
542 573
542 581
543 544
543 545
543 558
543 571
543 573
544 545
544 547
544 550
544 551
544 552
544 555
544 556
544 557
544 559
544 560
544 565
544 567
544 573
545 547
545 550
545 551
545 552
545 555
545 573
547 548
547 549
547 551
547 552
547 553
547 554
547 555
548 549
548 550
548 551
548 552
548 553
548 554
548 555
548 573
549 551
549 553
549 554
550 551
550 552
550 554
550 555
550 556
550 557
550 560
550 565
550 567
550 570
550 573
551 552
551 553
551 554
551 555
551 560
551 573
552 553
552 555
552 571
552 573
553 555
554 555
554 556
554 560
554 565
554 567
554 570
554 573
555 556
555 557
555 558
555 560
555 567
555 570
555 573
556 557
556 560
557 558
557 560
557 563
557 567
557 570
557 573
558 560
558 561
558 570
558 571
559 567
560 565
560 567
560 569
560 570
560 571
560 573
561 571
564 593
565 567
565 573
565 581
565 592
565 594
567 573
567 581
568 588
569 570
570 571
570 573
570 574
571 573
571 574
572 573
573 581
576 577
583 584
588 589
588 599
589 590
589 596
589 599
590 591
590 593
590 599
591 593
591 596
591 598
591 599
592 593
593 598
593 599
594 595
595 596
595 597
595 600
596 598
596 600
597 600
598 599
